# Time (ps)      real(F_0)      im(F_0)
0.000e+00 1.000e+00 0.000e+00
1.000e-01 9.512e-01 0.000e+00
2.000e-01 8.556e-01 0.000e+00
3.000e-01 8.605e-01 0.000e+00
4.000e-01 8.329e-01 0.000e+00
5.000e-01 8.350e-01 0.000e+00
6.000e-01 8.253e-01 0.000e+00
7.000e-01 8.301e-01 0.000e+00
8.000e-01 8.289e-01 0.000e+00
9.000e-01 8.061e-01 0.000e+00
1.000e+00 7.835e-01 0.000e+00
1.100e+00 7.909e-01 0.000e+00
1.200e+00 8.051e-01 0.000e+00
1.300e+00 8.085e-01 0.000e+00
1.400e+00 7.878e-01 0.000e+00
1.500e+00 7.863e-01 0.000e+00
1.600e+00 7.790e-01 0.000e+00
1.700e+00 7.528e-01 0.000e+00
1.800e+00 7.637e-01 0.000e+00
1.900e+00 7.452e-01 0.000e+00
2.000e+00 7.516e-01 0.000e+00
2.100e+00 7.459e-01 0.000e+00
2.200e+00 7.659e-01 0.000e+00
2.300e+00 7.545e-01 0.000e+00
2.400e+00 7.241e-01 0.000e+00
2.500e+00 7.129e-01 0.000e+00
2.600e+00 7.109e-01 0.000e+00
2.700e+00 7.154e-01 0.000e+00
2.800e+00 6.894e-01 0.000e+00
2.900e+00 6.964e-01 0.000e+00
3.000e+00 6.671e-01 0.000e+00
3.100e+00 7.128e-01 0.000e+00
3.200e+00 7.313e-01 0.000e+00
3.300e+00 6.805e-01 0.000e+00
3.400e+00 6.717e-01 0.000e+00
3.500e+00 6.718e-01 0.000e+00
3.600e+00 6.693e-01 0.000e+00
3.700e+00 6.763e-01 0.000e+00
3.800e+00 6.673e-01 0.000e+00
3.900e+00 6.326e-01 0.000e+00
4.000e+00 6.757e-01 0.000e+00
4.100e+00 6.331e-01 0.000e+00
4.200e+00 6.521e-01 0.000e+00
4.300e+00 6.323e-01 0.000e+00
4.400e+00 6.251e-01 0.000e+00
4.500e+00 6.458e-01 0.000e+00
4.600e+00 6.409e-01 0.000e+00
4.700e+00 6.520e-01 0.000e+00
4.800e+00 6.390e-01 0.000e+00
4.900e+00 6.295e-01 0.000e+00
5.000e+00 6.108e-01 0.000e+00
5.100e+00 5.693e-01 0.000e+00
5.200e+00 6.020e-01 0.000e+00
5.300e+00 6.104e-01 0.000e+00
5.400e+00 6.275e-01 0.000e+00
5.500e+00 5.975e-01 0.000e+00
5.600e+00 5.901e-01 0.000e+00
5.700e+00 5.787e-01 0.000e+00
5.800e+00 5.779e-01 0.000e+00
5.900e+00 5.850e-01 0.000e+00
6.000e+00 5.852e-01 0.000e+00
6.100e+00 5.579e-01 0.000e+00
6.200e+00 5.764e-01 0.000e+00
6.300e+00 5.732e-01 0.000e+00
6.400e+00 5.548e-01 0.000e+00
6.500e+00 5.584e-01 0.000e+00
6.600e+00 5.302e-01 0.000e+00
6.700e+00 5.223e-01 0.000e+00
6.800e+00 5.395e-01 0.000e+00
6.900e+00 5.405e-01 0.000e+00
7.000e+00 5.195e-01 0.000e+00
7.100e+00 5.681e-01 0.000e+00
7.200e+00 5.410e-01 0.000e+00
7.300e+00 5.466e-01 0.000e+00
7.400e+00 5.237e-01 0.000e+00
7.500e+00 5.488e-01 0.000e+00
7.600e+00 5.275e-01 0.000e+00
7.700e+00 5.195e-01 0.000e+00
7.800e+00 5.272e-01 0.000e+00
7.900e+00 5.158e-01 0.000e+00
8.000e+00 5.006e-01 0.000e+00
8.100e+00 4.950e-01 0.000e+00
8.200e+00 5.009e-01 0.000e+00
8.300e+00 4.892e-01 0.000e+00
8.400e+00 4.907e-01 0.000e+00
8.500e+00 4.770e-01 0.000e+00
8.600e+00 4.972e-01 0.000e+00
8.700e+00 4.761e-01 0.000e+00
8.800e+00 4.829e-01 0.000e+00
8.900e+00 4.706e-01 0.000e+00
9.000e+00 5.113e-01 0.000e+00
9.100e+00 5.029e-01 0.000e+00
9.200e+00 4.839e-01 0.000e+00
9.300e+00 4.826e-01 0.000e+00
9.400e+00 4.824e-01 0.000e+00
9.500e+00 4.882e-01 0.000e+00
9.600e+00 4.791e-01 0.000e+00
9.700e+00 4.712e-01 0.000e+00
9.800e+00 4.688e-01 0.000e+00
9.900e+00 5.094e-01 0.000e+00
1.000e+01 4.784e-01 0.000e+00
1.010e+01 4.832e-01 0.000e+00
1.020e+01 4.539e-01 0.000e+00
1.030e+01 4.849e-01 0.000e+00
1.040e+01 4.809e-01 0.000e+00
1.050e+01 4.940e-01 0.000e+00
1.060e+01 4.941e-01 0.000e+00
1.070e+01 4.787e-01 0.000e+00
1.080e+01 4.772e-01 0.000e+00
1.090e+01 4.698e-01 0.000e+00
1.100e+01 4.489e-01 0.000e+00
1.110e+01 4.655e-01 0.000e+00
1.120e+01 4.904e-01 0.000e+00
1.130e+01 4.910e-01 0.000e+00
1.140e+01 4.766e-01 0.000e+00
1.150e+01 4.813e-01 0.000e+00
1.160e+01 4.818e-01 0.000e+00
1.170e+01 4.609e-01 0.000e+00
1.180e+01 4.631e-01 0.000e+00
1.190e+01 4.342e-01 0.000e+00
1.200e+01 4.585e-01 0.000e+00
1.210e+01 4.139e-01 0.000e+00
1.220e+01 4.245e-01 0.000e+00
1.230e+01 4.367e-01 0.000e+00
1.240e+01 4.340e-01 0.000e+00
1.250e+01 4.272e-01 0.000e+00
1.260e+01 4.344e-01 0.000e+00
1.270e+01 4.204e-01 0.000e+00
1.280e+01 4.160e-01 0.000e+00
1.290e+01 4.298e-01 0.000e+00
1.300e+01 4.334e-01 0.000e+00
1.310e+01 4.329e-01 0.000e+00
1.320e+01 4.646e-01 0.000e+00
1.330e+01 4.235e-01 0.000e+00
1.340e+01 4.094e-01 0.000e+00
1.350e+01 4.078e-01 0.000e+00
1.360e+01 4.086e-01 0.000e+00
1.370e+01 4.125e-01 0.000e+00
1.380e+01 3.991e-01 0.000e+00
1.390e+01 3.766e-01 0.000e+00
1.400e+01 3.985e-01 0.000e+00
1.410e+01 3.553e-01 0.000e+00
1.420e+01 3.869e-01 0.000e+00
1.430e+01 3.840e-01 0.000e+00
1.440e+01 3.951e-01 0.000e+00
1.450e+01 3.888e-01 0.000e+00
1.460e+01 3.769e-01 0.000e+00
1.470e+01 3.924e-01 0.000e+00
1.480e+01 3.711e-01 0.000e+00
1.490e+01 3.713e-01 0.000e+00
1.500e+01 3.774e-01 0.000e+00
1.510e+01 3.433e-01 0.000e+00
1.520e+01 3.698e-01 0.000e+00
1.530e+01 3.706e-01 0.000e+00
1.540e+01 3.740e-01 0.000e+00
1.550e+01 3.513e-01 0.000e+00
1.560e+01 3.423e-01 0.000e+00
1.570e+01 3.464e-01 0.000e+00
1.580e+01 3.471e-01 0.000e+00
1.590e+01 3.579e-01 0.000e+00
1.600e+01 3.602e-01 0.000e+00
1.610e+01 3.410e-01 0.000e+00
1.620e+01 3.598e-01 0.000e+00
1.630e+01 3.583e-01 0.000e+00
1.640e+01 3.557e-01 0.000e+00
1.650e+01 3.602e-01 0.000e+00
1.660e+01 3.370e-01 0.000e+00
1.670e+01 3.386e-01 0.000e+00
1.680e+01 3.337e-01 0.000e+00
1.690e+01 3.569e-01 0.000e+00
1.700e+01 3.528e-01 0.000e+00
1.710e+01 3.567e-01 0.000e+00
1.720e+01 3.420e-01 0.000e+00
1.730e+01 3.403e-01 0.000e+00
1.740e+01 3.390e-01 0.000e+00
1.750e+01 3.584e-01 0.000e+00
1.760e+01 3.266e-01 0.000e+00
1.770e+01 3.317e-01 0.000e+00
1.780e+01 3.291e-01 0.000e+00
1.790e+01 3.304e-01 0.000e+00
1.800e+01 3.294e-01 0.000e+00
1.810e+01 3.308e-01 0.000e+00
1.820e+01 3.273e-01 0.000e+00
1.830e+01 3.227e-01 0.000e+00
1.840e+01 3.147e-01 0.000e+00
1.850e+01 3.198e-01 0.000e+00
1.860e+01 3.215e-01 0.000e+00
1.870e+01 3.190e-01 0.000e+00
1.880e+01 3.119e-01 0.000e+00
1.890e+01 2.954e-01 0.000e+00
1.900e+01 3.069e-01 0.000e+00
1.910e+01 3.102e-01 0.000e+00
1.920e+01 3.006e-01 0.000e+00
1.930e+01 3.119e-01 0.000e+00
1.940e+01 3.149e-01 0.000e+00
1.950e+01 3.134e-01 0.000e+00
1.960e+01 3.013e-01 0.000e+00
1.970e+01 2.900e-01 0.000e+00
1.980e+01 2.901e-01 0.000e+00
1.990e+01 3.171e-01 0.000e+00
2.000e+01 2.973e-01 0.000e+00
2.010e+01 3.013e-01 0.000e+00
2.020e+01 2.722e-01 0.000e+00
2.030e+01 2.697e-01 0.000e+00
2.040e+01 2.854e-01 0.000e+00
2.050e+01 2.840e-01 0.000e+00
2.060e+01 3.013e-01 0.000e+00
2.070e+01 3.009e-01 0.000e+00
2.080e+01 3.095e-01 0.000e+00
2.090e+01 2.921e-01 0.000e+00
2.100e+01 2.871e-01 0.000e+00
2.110e+01 2.876e-01 0.000e+00
2.120e+01 2.926e-01 0.000e+00
2.130e+01 2.868e-01 0.000e+00
2.140e+01 2.779e-01 0.000e+00
2.150e+01 2.955e-01 0.000e+00
2.160e+01 2.855e-01 0.000e+00
2.170e+01 2.697e-01 0.000e+00
2.180e+01 2.811e-01 0.000e+00
2.190e+01 2.600e-01 0.000e+00
2.200e+01 2.622e-01 0.000e+00
2.210e+01 2.439e-01 0.000e+00
2.220e+01 2.509e-01 0.000e+00
2.230e+01 2.698e-01 0.000e+00
2.240e+01 2.705e-01 0.000e+00
2.250e+01 2.580e-01 0.000e+00
2.260e+01 2.584e-01 0.000e+00
2.270e+01 2.500e-01 0.000e+00
2.280e+01 2.538e-01 0.000e+00
2.290e+01 2.646e-01 0.000e+00
2.300e+01 2.657e-01 0.000e+00
2.310e+01 2.686e-01 0.000e+00
2.320e+01 2.855e-01 0.000e+00
2.330e+01 2.758e-01 0.000e+00
2.340e+01 2.556e-01 0.000e+00
2.350e+01 2.657e-01 0.000e+00
2.360e+01 2.709e-01 0.000e+00
2.370e+01 2.708e-01 0.000e+00
2.380e+01 2.703e-01 0.000e+00
2.390e+01 2.577e-01 0.000e+00
2.400e+01 2.750e-01 0.000e+00
2.410e+01 2.569e-01 0.000e+00
2.420e+01 2.619e-01 0.000e+00
2.430e+01 2.419e-01 0.000e+00
2.440e+01 2.483e-01 0.000e+00
2.450e+01 2.607e-01 0.000e+00
2.460e+01 2.669e-01 0.000e+00
2.470e+01 2.435e-01 0.000e+00
2.480e+01 2.471e-01 0.000e+00
2.490e+01 2.393e-01 0.000e+00
2.500e+01 2.332e-01 0.000e+00
2.510e+01 2.226e-01 0.000e+00
2.520e+01 2.257e-01 0.000e+00
2.530e+01 2.284e-01 0.000e+00
2.540e+01 2.341e-01 0.000e+00
2.550e+01 2.146e-01 0.000e+00
2.560e+01 2.185e-01 0.000e+00
2.570e+01 2.218e-01 0.000e+00
2.580e+01 2.230e-01 0.000e+00
2.590e+01 2.403e-01 0.000e+00
2.600e+01 2.373e-01 0.000e+00
2.610e+01 2.208e-01 0.000e+00
2.620e+01 2.226e-01 0.000e+00
2.630e+01 2.270e-01 0.000e+00
2.640e+01 2.332e-01 0.000e+00
2.650e+01 2.341e-01 0.000e+00
2.660e+01 2.142e-01 0.000e+00
2.670e+01 2.165e-01 0.000e+00
2.680e+01 2.143e-01 0.000e+00
2.690e+01 2.222e-01 0.000e+00
2.700e+01 2.100e-01 0.000e+00
2.710e+01 2.158e-01 0.000e+00
2.720e+01 2.070e-01 0.000e+00
2.730e+01 2.140e-01 0.000e+00
2.740e+01 2.051e-01 0.000e+00
2.750e+01 2.093e-01 0.000e+00
2.760e+01 1.998e-01 0.000e+00
2.770e+01 1.941e-01 0.000e+00
2.780e+01 2.050e-01 0.000e+00
2.790e+01 2.097e-01 0.000e+00
2.800e+01 1.944e-01 0.000e+00
2.810e+01 1.956e-01 0.000e+00
2.820e+01 1.910e-01 0.000e+00
2.830e+01 1.963e-01 0.000e+00
2.840e+01 2.010e-01 0.000e+00
2.850e+01 1.994e-01 0.000e+00
2.860e+01 2.005e-01 0.000e+00
2.870e+01 2.146e-01 0.000e+00
2.880e+01 2.056e-01 0.000e+00
2.890e+01 1.983e-01 0.000e+00
2.900e+01 2.152e-01 0.000e+00
2.910e+01 2.129e-01 0.000e+00
2.920e+01 2.066e-01 0.000e+00
2.930e+01 2.240e-01 0.000e+00
2.940e+01 2.246e-01 0.000e+00
2.950e+01 2.089e-01 0.000e+00
2.960e+01 2.092e-01 0.000e+00
2.970e+01 1.962e-01 0.000e+00
2.980e+01 1.977e-01 0.000e+00
2.990e+01 2.031e-01 0.000e+00
3.000e+01 1.909e-01 0.000e+00
3.010e+01 1.907e-01 0.000e+00
3.020e+01 1.811e-01 0.000e+00
3.030e+01 1.928e-01 0.000e+00
3.040e+01 1.971e-01 0.000e+00
3.050e+01 2.019e-01 0.000e+00
3.060e+01 2.004e-01 0.000e+00
3.070e+01 2.156e-01 0.000e+00
3.080e+01 2.045e-01 0.000e+00
3.090e+01 1.858e-01 0.000e+00
3.100e+01 1.865e-01 0.000e+00
3.110e+01 1.869e-01 0.000e+00
3.120e+01 1.839e-01 0.000e+00
3.130e+01 1.792e-01 0.000e+00
3.140e+01 1.699e-01 0.000e+00
3.150e+01 1.751e-01 0.000e+00
3.160e+01 1.653e-01 0.000e+00
3.170e+01 1.551e-01 0.000e+00
3.180e+01 1.670e-01 0.000e+00
3.190e+01 1.477e-01 0.000e+00
3.200e+01 1.587e-01 0.000e+00
3.210e+01 1.492e-01 0.000e+00
3.220e+01 1.504e-01 0.000e+00
3.230e+01 1.597e-01 0.000e+00
3.240e+01 1.683e-01 0.000e+00
3.250e+01 1.505e-01 0.000e+00
3.260e+01 1.706e-01 0.000e+00
3.270e+01 1.456e-01 0.000e+00
3.280e+01 1.586e-01 0.000e+00
3.290e+01 1.559e-01 0.000e+00
3.300e+01 1.669e-01 0.000e+00
3.310e+01 1.648e-01 0.000e+00
3.320e+01 1.704e-01 0.000e+00
3.330e+01 1.620e-01 0.000e+00
3.340e+01 1.670e-01 0.000e+00
3.350e+01 1.756e-01 0.000e+00
3.360e+01 1.682e-01 0.000e+00
3.370e+01 1.617e-01 0.000e+00
3.380e+01 1.679e-01 0.000e+00
3.390e+01 1.496e-01 0.000e+00
3.400e+01 1.490e-01 0.000e+00
3.410e+01 1.282e-01 0.000e+00
3.420e+01 1.379e-01 0.000e+00
3.430e+01 1.471e-01 0.000e+00
3.440e+01 1.565e-01 0.000e+00
3.450e+01 1.649e-01 0.000e+00
3.460e+01 1.693e-01 0.000e+00
3.470e+01 1.646e-01 0.000e+00
3.480e+01 1.586e-01 0.000e+00
3.490e+01 1.590e-01 0.000e+00
3.500e+01 1.632e-01 0.000e+00
3.510e+01 1.567e-01 0.000e+00
3.520e+01 1.674e-01 0.000e+00
3.530e+01 1.595e-01 0.000e+00
3.540e+01 1.494e-01 0.000e+00
3.550e+01 1.549e-01 0.000e+00
3.560e+01 1.475e-01 0.000e+00
3.570e+01 1.576e-01 0.000e+00
3.580e+01 1.540e-01 0.000e+00
3.590e+01 1.542e-01 0.000e+00
3.600e+01 1.466e-01 0.000e+00
3.610e+01 1.513e-01 0.000e+00
3.620e+01 1.512e-01 0.000e+00
3.630e+01 1.581e-01 0.000e+00
3.640e+01 1.479e-01 0.000e+00
3.650e+01 1.614e-01 0.000e+00
3.660e+01 1.552e-01 0.000e+00
3.670e+01 1.466e-01 0.000e+00
3.680e+01 1.472e-01 0.000e+00
3.690e+01 1.606e-01 0.000e+00
3.700e+01 1.502e-01 0.000e+00
3.710e+01 1.564e-01 0.000e+00
3.720e+01 1.471e-01 0.000e+00
3.730e+01 1.469e-01 0.000e+00
3.740e+01 1.409e-01 0.000e+00
3.750e+01 1.504e-01 0.000e+00
3.760e+01 1.511e-01 0.000e+00
3.770e+01 1.399e-01 0.000e+00
3.780e+01 1.436e-01 0.000e+00
3.790e+01 1.409e-01 0.000e+00
3.800e+01 1.332e-01 0.000e+00
3.810e+01 1.405e-01 0.000e+00
3.820e+01 1.397e-01 0.000e+00
3.830e+01 1.470e-01 0.000e+00
3.840e+01 1.455e-01 0.000e+00
3.850e+01 1.436e-01 0.000e+00
3.860e+01 1.340e-01 0.000e+00
3.870e+01 1.390e-01 0.000e+00
3.880e+01 1.392e-01 0.000e+00
3.890e+01 1.337e-01 0.000e+00
3.900e+01 1.288e-01 0.000e+00
3.910e+01 1.283e-01 0.000e+00
3.920e+01 1.383e-01 0.000e+00
3.930e+01 1.416e-01 0.000e+00
3.940e+01 1.361e-01 0.000e+00
3.950e+01 1.297e-01 0.000e+00
3.960e+01 1.263e-01 0.000e+00
3.970e+01 1.299e-01 0.000e+00
3.980e+01 1.395e-01 0.000e+00
3.990e+01 1.465e-01 0.000e+00
4.000e+01 1.314e-01 0.000e+00
4.010e+01 1.312e-01 0.000e+00
4.020e+01 1.222e-01 0.000e+00
4.030e+01 1.153e-01 0.000e+00
4.040e+01 1.309e-01 0.000e+00
4.050e+01 1.281e-01 0.000e+00
4.060e+01 1.185e-01 0.000e+00
4.070e+01 1.278e-01 0.000e+00
4.080e+01 1.144e-01 0.000e+00
4.090e+01 9.782e-02 0.000e+00
4.100e+01 1.015e-01 0.000e+00
4.110e+01 1.099e-01 0.000e+00
4.120e+01 1.175e-01 0.000e+00
4.130e+01 1.158e-01 0.000e+00
4.140e+01 1.140e-01 0.000e+00
4.150e+01 1.161e-01 0.000e+00
4.160e+01 8.641e-02 0.000e+00
4.170e+01 8.664e-02 0.000e+00
4.180e+01 1.053e-01 0.000e+00
4.190e+01 9.620e-02 0.000e+00
4.200e+01 1.010e-01 0.000e+00
4.210e+01 9.980e-02 0.000e+00
4.220e+01 9.531e-02 0.000e+00
4.230e+01 1.066e-01 0.000e+00
4.240e+01 1.104e-01 0.000e+00
4.250e+01 9.758e-02 0.000e+00
4.260e+01 1.035e-01 0.000e+00
4.270e+01 9.844e-02 0.000e+00
4.280e+01 9.888e-02 0.000e+00
4.290e+01 1.042e-01 0.000e+00
4.300e+01 1.068e-01 0.000e+00
4.310e+01 1.047e-01 0.000e+00
4.320e+01 1.067e-01 0.000e+00
4.330e+01 1.065e-01 0.000e+00
4.340e+01 9.979e-02 0.000e+00
4.350e+01 1.073e-01 0.000e+00
4.360e+01 1.036e-01 0.000e+00
4.370e+01 1.043e-01 0.000e+00
4.380e+01 1.023e-01 0.000e+00
4.390e+01 1.033e-01 0.000e+00
4.400e+01 9.619e-02 0.000e+00
4.410e+01 9.762e-02 0.000e+00
4.420e+01 9.560e-02 0.000e+00
4.430e+01 8.471e-02 0.000e+00
4.440e+01 9.807e-02 0.000e+00
4.450e+01 1.078e-01 0.000e+00
4.460e+01 1.054e-01 0.000e+00
4.470e+01 9.033e-02 0.000e+00
4.480e+01 9.460e-02 0.000e+00
4.490e+01 9.431e-02 0.000e+00
4.500e+01 9.321e-02 0.000e+00
4.510e+01 9.567e-02 0.000e+00
4.520e+01 9.895e-02 0.000e+00
4.530e+01 9.093e-02 0.000e+00
4.540e+01 9.802e-02 0.000e+00
4.550e+01 1.012e-01 0.000e+00
4.560e+01 9.843e-02 0.000e+00
4.570e+01 9.742e-02 0.000e+00
4.580e+01 9.910e-02 0.000e+00
4.590e+01 1.010e-01 0.000e+00
4.600e+01 1.082e-01 0.000e+00
4.610e+01 1.095e-01 0.000e+00
4.620e+01 1.025e-01 0.000e+00
4.630e+01 9.653e-02 0.000e+00
4.640e+01 9.831e-02 0.000e+00
4.650e+01 8.975e-02 0.000e+00
4.660e+01 9.274e-02 0.000e+00
4.670e+01 9.911e-02 0.000e+00
4.680e+01 9.818e-02 0.000e+00
4.690e+01 1.026e-01 0.000e+00
4.700e+01 1.016e-01 0.000e+00
4.710e+01 1.051e-01 0.000e+00
4.720e+01 9.693e-02 0.000e+00
4.730e+01 1.092e-01 0.000e+00
4.740e+01 9.680e-02 0.000e+00
4.750e+01 9.400e-02 0.000e+00
4.760e+01 9.659e-02 0.000e+00
4.770e+01 9.774e-02 0.000e+00
4.780e+01 1.057e-01 0.000e+00
4.790e+01 1.012e-01 0.000e+00
4.800e+01 9.266e-02 0.000e+00
4.810e+01 8.391e-02 0.000e+00
4.820e+01 7.770e-02 0.000e+00
4.830e+01 8.624e-02 0.000e+00
4.840e+01 9.257e-02 0.000e+00
4.850e+01 7.765e-02 0.000e+00
4.860e+01 7.921e-02 0.000e+00
4.870e+01 8.429e-02 0.000e+00
4.880e+01 7.970e-02 0.000e+00
4.890e+01 7.383e-02 0.000e+00
4.900e+01 7.234e-02 0.000e+00
4.910e+01 7.207e-02 0.000e+00
4.920e+01 7.213e-02 0.000e+00
4.930e+01 6.339e-02 0.000e+00
4.940e+01 6.456e-02 0.000e+00
4.950e+01 7.565e-02 0.000e+00
4.960e+01 5.896e-02 0.000e+00
4.970e+01 6.060e-02 0.000e+00
4.980e+01 6.132e-02 0.000e+00
4.990e+01 6.753e-02 0.000e+00
5.000e+01 7.441e-02 0.000e+00
5.010e+01 6.712e-02 0.000e+00
5.020e+01 8.560e-02 0.000e+00
5.030e+01 6.921e-02 0.000e+00
5.040e+01 8.104e-02 0.000e+00
5.050e+01 6.627e-02 0.000e+00
5.060e+01 5.230e-02 0.000e+00
5.070e+01 6.206e-02 0.000e+00
5.080e+01 6.531e-02 0.000e+00
5.090e+01 6.315e-02 0.000e+00
5.100e+01 6.001e-02 0.000e+00
5.110e+01 6.667e-02 0.000e+00
5.120e+01 5.437e-02 0.000e+00
5.130e+01 4.694e-02 0.000e+00
5.140e+01 6.263e-02 0.000e+00
5.150e+01 6.840e-02 0.000e+00
5.160e+01 6.469e-02 0.000e+00
5.170e+01 5.891e-02 0.000e+00
5.180e+01 5.636e-02 0.000e+00
5.190e+01 5.651e-02 0.000e+00
5.200e+01 6.231e-02 0.000e+00
5.210e+01 4.318e-02 0.000e+00
5.220e+01 4.632e-02 0.000e+00
5.230e+01 5.725e-02 0.000e+00
5.240e+01 5.260e-02 0.000e+00
5.250e+01 5.214e-02 0.000e+00
5.260e+01 5.033e-02 0.000e+00
5.270e+01 4.266e-02 0.000e+00
5.280e+01 5.486e-02 0.000e+00
5.290e+01 4.693e-02 0.000e+00
5.300e+01 4.840e-02 0.000e+00
5.310e+01 4.545e-02 0.000e+00
5.320e+01 3.637e-02 0.000e+00
5.330e+01 4.836e-02 0.000e+00
5.340e+01 5.171e-02 0.000e+00
5.350e+01 5.659e-02 0.000e+00
5.360e+01 6.180e-02 0.000e+00
5.370e+01 5.096e-02 0.000e+00
5.380e+01 5.911e-02 0.000e+00
5.390e+01 5.858e-02 0.000e+00
5.400e+01 4.464e-02 0.000e+00
5.410e+01 5.371e-02 0.000e+00
5.420e+01 5.110e-02 0.000e+00
5.430e+01 4.578e-02 0.000e+00
5.440e+01 5.233e-02 0.000e+00
5.450e+01 5.243e-02 0.000e+00
5.460e+01 4.786e-02 0.000e+00
5.470e+01 5.730e-02 0.000e+00
5.480e+01 6.289e-02 0.000e+00
5.490e+01 5.878e-02 0.000e+00
5.500e+01 6.359e-02 0.000e+00
5.510e+01 6.114e-02 0.000e+00
5.520e+01 5.533e-02 0.000e+00
5.530e+01 6.137e-02 0.000e+00
5.540e+01 5.663e-02 0.000e+00
5.550e+01 5.112e-02 0.000e+00
5.560e+01 6.218e-02 0.000e+00
5.570e+01 6.050e-02 0.000e+00
5.580e+01 5.782e-02 0.000e+00
5.590e+01 5.595e-02 0.000e+00
5.600e+01 6.225e-02 0.000e+00
5.610e+01 7.158e-02 0.000e+00
5.620e+01 6.468e-02 0.000e+00
5.630e+01 6.275e-02 0.000e+00
5.640e+01 5.855e-02 0.000e+00
5.650e+01 5.909e-02 0.000e+00
5.660e+01 6.414e-02 0.000e+00
5.670e+01 6.082e-02 0.000e+00
5.680e+01 5.390e-02 0.000e+00
5.690e+01 5.662e-02 0.000e+00
5.700e+01 5.252e-02 0.000e+00
5.710e+01 5.954e-02 0.000e+00
5.720e+01 5.679e-02 0.000e+00
5.730e+01 6.118e-02 0.000e+00
5.740e+01 5.680e-02 0.000e+00
5.750e+01 5.461e-02 0.000e+00
5.760e+01 6.138e-02 0.000e+00
5.770e+01 6.286e-02 0.000e+00
5.780e+01 6.524e-02 0.000e+00
5.790e+01 6.104e-02 0.000e+00
5.800e+01 5.177e-02 0.000e+00
5.810e+01 4.739e-02 0.000e+00
5.820e+01 4.669e-02 0.000e+00
5.830e+01 5.590e-02 0.000e+00
5.840e+01 5.596e-02 0.000e+00
5.850e+01 5.742e-02 0.000e+00
5.860e+01 5.633e-02 0.000e+00
5.870e+01 5.292e-02 0.000e+00
5.880e+01 4.312e-02 0.000e+00
5.890e+01 4.965e-02 0.000e+00
5.900e+01 4.576e-02 0.000e+00
5.910e+01 5.097e-02 0.000e+00
5.920e+01 5.891e-02 0.000e+00
5.930e+01 6.273e-02 0.000e+00
5.940e+01 5.413e-02 0.000e+00
5.950e+01 5.288e-02 0.000e+00
5.960e+01 4.659e-02 0.000e+00
5.970e+01 4.396e-02 0.000e+00
5.980e+01 4.559e-02 0.000e+00
5.990e+01 5.324e-02 0.000e+00
6.000e+01 5.536e-02 0.000e+00
6.010e+01 6.328e-02 0.000e+00
6.020e+01 5.676e-02 0.000e+00
6.030e+01 5.071e-02 0.000e+00
6.040e+01 5.057e-02 0.000e+00
6.050e+01 4.330e-02 0.000e+00
6.060e+01 4.362e-02 0.000e+00
6.070e+01 5.031e-02 0.000e+00
6.080e+01 5.271e-02 0.000e+00
6.090e+01 4.848e-02 0.000e+00
6.100e+01 4.509e-02 0.000e+00
6.110e+01 5.184e-02 0.000e+00
6.120e+01 4.564e-02 0.000e+00
6.130e+01 4.155e-02 0.000e+00
6.140e+01 5.086e-02 0.000e+00
6.150e+01 5.682e-02 0.000e+00
6.160e+01 4.720e-02 0.000e+00
6.170e+01 3.990e-02 0.000e+00
6.180e+01 4.121e-02 0.000e+00
6.190e+01 4.183e-02 0.000e+00
6.200e+01 4.019e-02 0.000e+00
6.210e+01 3.778e-02 0.000e+00
6.220e+01 4.035e-02 0.000e+00
6.230e+01 4.488e-02 0.000e+00
6.240e+01 4.837e-02 0.000e+00
6.250e+01 4.031e-02 0.000e+00
6.260e+01 3.850e-02 0.000e+00
6.270e+01 3.418e-02 0.000e+00
6.280e+01 4.079e-02 0.000e+00
6.290e+01 3.613e-02 0.000e+00
6.300e+01 3.528e-02 0.000e+00
6.310e+01 3.251e-02 0.000e+00
6.320e+01 3.252e-02 0.000e+00
6.330e+01 3.096e-02 0.000e+00
6.340e+01 2.612e-02 0.000e+00
6.350e+01 3.754e-02 0.000e+00
6.360e+01 3.294e-02 0.000e+00
6.370e+01 3.496e-02 0.000e+00
6.380e+01 2.934e-02 0.000e+00
6.390e+01 3.148e-02 0.000e+00
6.400e+01 2.350e-02 0.000e+00
6.410e+01 3.245e-02 0.000e+00
6.420e+01 3.169e-02 0.000e+00
6.430e+01 3.517e-02 0.000e+00
6.440e+01 4.129e-02 0.000e+00
6.450e+01 3.133e-02 0.000e+00
6.460e+01 3.163e-02 0.000e+00
6.470e+01 2.893e-02 0.000e+00
6.480e+01 3.122e-02 0.000e+00
6.490e+01 1.980e-02 0.000e+00
6.500e+01 2.676e-02 0.000e+00
6.510e+01 2.482e-02 0.000e+00
6.520e+01 1.927e-02 0.000e+00
6.530e+01 2.836e-02 0.000e+00
6.540e+01 3.488e-02 0.000e+00
6.550e+01 2.749e-02 0.000e+00
6.560e+01 2.017e-02 0.000e+00
6.570e+01 2.130e-02 0.000e+00
6.580e+01 2.837e-02 0.000e+00
6.590e+01 2.808e-02 0.000e+00
6.600e+01 3.330e-02 0.000e+00
6.610e+01 4.133e-02 0.000e+00
6.620e+01 3.861e-02 0.000e+00
6.630e+01 3.541e-02 0.000e+00
6.640e+01 3.167e-02 0.000e+00
6.650e+01 2.587e-02 0.000e+00
6.660e+01 3.198e-02 0.000e+00
6.670e+01 2.392e-02 0.000e+00
6.680e+01 2.873e-02 0.000e+00
6.690e+01 3.085e-02 0.000e+00
6.700e+01 2.072e-02 0.000e+00
6.710e+01 3.573e-02 0.000e+00
6.720e+01 2.207e-02 0.000e+00
6.730e+01 3.465e-02 0.000e+00
6.740e+01 2.975e-02 0.000e+00
6.750e+01 3.172e-02 0.000e+00
6.760e+01 3.834e-02 0.000e+00
6.770e+01 3.690e-02 0.000e+00
6.780e+01 3.926e-02 0.000e+00
6.790e+01 3.498e-02 0.000e+00
6.800e+01 3.020e-02 0.000e+00
6.810e+01 2.323e-02 0.000e+00
6.820e+01 3.037e-02 0.000e+00
6.830e+01 3.245e-02 0.000e+00
6.840e+01 3.600e-02 0.000e+00
6.850e+01 2.866e-02 0.000e+00
6.860e+01 2.435e-02 0.000e+00
6.870e+01 2.861e-02 0.000e+00
6.880e+01 2.415e-02 0.000e+00
6.890e+01 2.460e-02 0.000e+00
6.900e+01 2.696e-02 0.000e+00
6.910e+01 2.473e-02 0.000e+00
6.920e+01 2.977e-02 0.000e+00
6.930e+01 2.432e-02 0.000e+00
6.940e+01 3.249e-02 0.000e+00
6.950e+01 3.893e-02 0.000e+00
6.960e+01 3.207e-02 0.000e+00
6.970e+01 3.244e-02 0.000e+00
6.980e+01 2.399e-02 0.000e+00
6.990e+01 3.325e-02 0.000e+00
7.000e+01 3.046e-02 0.000e+00
7.010e+01 2.675e-02 0.000e+00
7.020e+01 4.039e-02 0.000e+00
7.030e+01 3.480e-02 0.000e+00
7.040e+01 3.583e-02 0.000e+00
7.050e+01 2.575e-02 0.000e+00
7.060e+01 2.348e-02 0.000e+00
7.070e+01 2.670e-02 0.000e+00
7.080e+01 3.225e-02 0.000e+00
7.090e+01 3.224e-02 0.000e+00
7.100e+01 2.515e-02 0.000e+00
7.110e+01 2.360e-02 0.000e+00
7.120e+01 2.128e-02 0.000e+00
7.130e+01 1.631e-02 0.000e+00
7.140e+01 2.596e-02 0.000e+00
7.150e+01 3.162e-02 0.000e+00
7.160e+01 2.018e-02 0.000e+00
7.170e+01 2.330e-02 0.000e+00
7.180e+01 1.922e-02 0.000e+00
7.190e+01 2.710e-02 0.000e+00
7.200e+01 2.266e-02 0.000e+00
7.210e+01 2.395e-02 0.000e+00
7.220e+01 1.925e-02 0.000e+00
7.230e+01 2.319e-02 0.000e+00
7.240e+01 2.725e-02 0.000e+00
7.250e+01 2.440e-02 0.000e+00
7.260e+01 3.103e-02 0.000e+00
7.270e+01 2.604e-02 0.000e+00
7.280e+01 2.883e-02 0.000e+00
7.290e+01 2.462e-02 0.000e+00
7.300e+01 2.351e-02 0.000e+00
7.310e+01 1.897e-02 0.000e+00
7.320e+01 2.217e-02 0.000e+00
7.330e+01 2.203e-02 0.000e+00
7.340e+01 1.900e-02 0.000e+00
7.350e+01 2.106e-02 0.000e+00
7.360e+01 1.847e-02 0.000e+00
7.370e+01 3.003e-02 0.000e+00
7.380e+01 2.916e-02 0.000e+00
7.390e+01 3.139e-02 0.000e+00
7.400e+01 1.671e-02 0.000e+00
7.410e+01 2.076e-02 0.000e+00
7.420e+01 2.143e-02 0.000e+00
7.430e+01 2.663e-02 0.000e+00
7.440e+01 2.571e-02 0.000e+00
7.450e+01 2.348e-02 0.000e+00
7.460e+01 1.519e-02 0.000e+00
7.470e+01 1.956e-02 0.000e+00
7.480e+01 2.128e-02 0.000e+00
7.490e+01 2.577e-02 0.000e+00
7.500e+01 2.248e-02 0.000e+00
7.510e+01 1.543e-02 0.000e+00
7.520e+01 1.169e-02 0.000e+00
7.530e+01 2.017e-02 0.000e+00
7.540e+01 2.003e-02 0.000e+00
7.550e+01 1.471e-02 0.000e+00
7.560e+01 1.697e-02 0.000e+00
7.570e+01 1.281e-02 0.000e+00
7.580e+01 1.741e-02 0.000e+00
7.590e+01 1.339e-02 0.000e+00
7.600e+01 1.595e-02 0.000e+00
7.610e+01 2.660e-02 0.000e+00
7.620e+01 2.081e-02 0.000e+00
7.630e+01 2.010e-02 0.000e+00
7.640e+01 1.410e-02 0.000e+00
7.650e+01 1.952e-02 0.000e+00
7.660e+01 2.071e-02 0.000e+00
7.670e+01 7.812e-03 0.000e+00
7.680e+01 1.054e-02 0.000e+00
7.690e+01 1.971e-02 0.000e+00
7.700e+01 1.583e-02 0.000e+00
7.710e+01 1.302e-02 0.000e+00
7.720e+01 2.116e-03 0.000e+00
7.730e+01 1.374e-02 0.000e+00
7.740e+01 1.615e-02 0.000e+00
7.750e+01 2.002e-02 0.000e+00
7.760e+01 1.520e-02 0.000e+00
7.770e+01 1.584e-02 0.000e+00
7.780e+01 2.164e-02 0.000e+00
7.790e+01 1.503e-02 0.000e+00
7.800e+01 4.256e-03 0.000e+00
7.810e+01 4.907e-03 0.000e+00
7.820e+01 1.371e-02 0.000e+00
7.830e+01 1.622e-02 0.000e+00
7.840e+01 1.173e-02 0.000e+00
7.850e+01 1.355e-02 0.000e+00
7.860e+01 7.563e-03 0.000e+00
7.870e+01 1.087e-02 0.000e+00
7.880e+01 5.536e-03 0.000e+00
7.890e+01 7.096e-03 0.000e+00
7.900e+01 1.359e-02 0.000e+00
7.910e+01 7.383e-03 0.000e+00
7.920e+01 1.526e-02 0.000e+00
7.930e+01 1.952e-02 0.000e+00
7.940e+01 1.860e-02 0.000e+00
7.950e+01 1.845e-02 0.000e+00
7.960e+01 1.057e-02 0.000e+00
7.970e+01 1.335e-02 0.000e+00
7.980e+01 9.253e-03 0.000e+00
7.990e+01 1.426e-02 0.000e+00
8.000e+01 8.790e-03 0.000e+00
8.010e+01 1.395e-02 0.000e+00
8.020e+01 1.006e-02 0.000e+00
8.030e+01 1.406e-02 0.000e+00
8.040e+01 4.416e-03 0.000e+00
8.050e+01 6.769e-03 0.000e+00
8.060e+01 8.958e-03 0.000e+00
8.070e+01 1.366e-02 0.000e+00
8.080e+01 7.398e-03 0.000e+00
8.090e+01 1.315e-02 0.000e+00
8.100e+01 7.438e-03 0.000e+00
8.110e+01 3.351e-03 0.000e+00
8.120e+01 8.470e-03 0.000e+00
8.130e+01 5.025e-03 0.000e+00
8.140e+01 1.100e-02 0.000e+00
8.150e+01 1.295e-02 0.000e+00
8.160e+01 8.168e-03 0.000e+00
8.170e+01 1.856e-02 0.000e+00
8.180e+01 1.103e-02 0.000e+00
8.190e+01 2.165e-02 0.000e+00
8.200e+01 2.181e-02 0.000e+00
8.210e+01 2.128e-02 0.000e+00
8.220e+01 1.175e-02 0.000e+00
8.230e+01 1.263e-02 0.000e+00
8.240e+01 1.485e-02 0.000e+00
8.250e+01 2.104e-02 0.000e+00
8.260e+01 2.309e-02 0.000e+00
8.270e+01 1.646e-02 0.000e+00
8.280e+01 1.508e-02 0.000e+00
8.290e+01 1.448e-02 0.000e+00
8.300e+01 1.897e-02 0.000e+00
8.310e+01 8.634e-03 0.000e+00
8.320e+01 1.750e-02 0.000e+00
8.330e+01 2.163e-02 0.000e+00
8.340e+01 1.349e-02 0.000e+00
8.350e+01 1.365e-02 0.000e+00
8.360e+01 1.082e-02 0.000e+00
8.370e+01 1.758e-02 0.000e+00
8.380e+01 1.667e-02 0.000e+00
8.390e+01 1.964e-02 0.000e+00
8.400e+01 1.568e-02 0.000e+00
8.410e+01 1.071e-02 0.000e+00
8.420e+01 1.315e-02 0.000e+00
8.430e+01 2.055e-02 0.000e+00
8.440e+01 1.859e-02 0.000e+00
8.450e+01 2.008e-02 0.000e+00
8.460e+01 1.437e-02 0.000e+00
8.470e+01 1.451e-02 0.000e+00
8.480e+01 1.529e-02 0.000e+00
8.490e+01 1.227e-02 0.000e+00
8.500e+01 1.341e-02 0.000e+00
8.510e+01 1.588e-02 0.000e+00
8.520e+01 1.027e-02 0.000e+00
8.530e+01 1.027e-02 0.000e+00
8.540e+01 1.145e-02 0.000e+00
8.550e+01 4.668e-03 0.000e+00
8.560e+01 8.774e-03 0.000e+00
8.570e+01 8.104e-03 0.000e+00
8.580e+01 1.555e-02 0.000e+00
8.590e+01 1.504e-02 0.000e+00
8.600e+01 7.164e-03 0.000e+00
8.610e+01 8.386e-03 0.000e+00
8.620e+01 8.449e-03 0.000e+00
8.630e+01 6.479e-03 0.000e+00
8.640e+01 4.939e-03 0.000e+00
8.650e+01 6.169e-03 0.000e+00
8.660e+01 9.199e-03 0.000e+00
8.670e+01 1.029e-02 0.000e+00
8.680e+01 1.390e-02 0.000e+00
8.690e+01 1.887e-02 0.000e+00
8.700e+01 1.571e-02 0.000e+00
8.710e+01 1.684e-02 0.000e+00
8.720e+01 1.494e-02 0.000e+00
8.730e+01 9.385e-03 0.000e+00
8.740e+01 1.496e-02 0.000e+00
8.750e+01 1.559e-02 0.000e+00
8.760e+01 1.961e-02 0.000e+00
8.770e+01 1.403e-02 0.000e+00
8.780e+01 1.415e-02 0.000e+00
8.790e+01 1.057e-02 0.000e+00
8.800e+01 5.107e-03 0.000e+00
8.810e+01 1.266e-02 0.000e+00
8.820e+01 2.766e-02 0.000e+00
8.830e+01 2.172e-02 0.000e+00
8.840e+01 1.818e-02 0.000e+00
8.850e+01 1.363e-02 0.000e+00
8.860e+01 1.877e-02 0.000e+00
8.870e+01 2.248e-02 0.000e+00
8.880e+01 2.861e-02 0.000e+00
8.890e+01 2.400e-02 0.000e+00
8.900e+01 1.687e-02 0.000e+00
8.910e+01 1.101e-02 0.000e+00
8.920e+01 1.578e-02 0.000e+00
8.930e+01 1.126e-02 0.000e+00
8.940e+01 1.609e-02 0.000e+00
8.950e+01 1.518e-02 0.000e+00
8.960e+01 9.164e-03 0.000e+00
8.970e+01 1.845e-02 0.000e+00
8.980e+01 1.463e-02 0.000e+00
8.990e+01 1.597e-02 0.000e+00
9.000e+01 2.158e-02 0.000e+00
9.010e+01 1.814e-02 0.000e+00
9.020e+01 1.858e-02 0.000e+00
9.030e+01 1.877e-02 0.000e+00
9.040e+01 1.358e-02 0.000e+00
9.050e+01 1.265e-02 0.000e+00
9.060e+01 1.192e-02 0.000e+00
9.070e+01 1.611e-02 0.000e+00
9.080e+01 1.270e-02 0.000e+00
9.090e+01 1.757e-02 0.000e+00
9.100e+01 8.907e-03 0.000e+00
9.110e+01 5.171e-03 0.000e+00
9.120e+01 7.815e-03 0.000e+00
9.130e+01 3.717e-03 0.000e+00
9.140e+01 6.238e-03 0.000e+00
9.150e+01 6.764e-03 0.000e+00
9.160e+01 6.393e-03 0.000e+00
9.170e+01 1.252e-02 0.000e+00
9.180e+01 9.031e-03 0.000e+00
9.190e+01 1.403e-02 0.000e+00
9.200e+01 1.392e-02 0.000e+00
9.210e+01 1.817e-02 0.000e+00
9.220e+01 1.495e-02 0.000e+00
9.230e+01 1.430e-02 0.000e+00
9.240e+01 1.544e-02 0.000e+00
9.250e+01 1.430e-02 0.000e+00
9.260e+01 1.516e-02 0.000e+00
9.270e+01 1.710e-02 0.000e+00
9.280e+01 1.732e-02 0.000e+00
9.290e+01 2.046e-02 0.000e+00
9.300e+01 1.822e-02 0.000e+00
9.310e+01 1.522e-02 0.000e+00
9.320e+01 1.812e-02 0.000e+00
9.330e+01 2.014e-02 0.000e+00
9.340e+01 2.039e-02 0.000e+00
9.350e+01 1.884e-02 0.000e+00
9.360e+01 1.749e-02 0.000e+00
9.370e+01 1.307e-02 0.000e+00
9.380e+01 1.281e-02 0.000e+00
9.390e+01 1.392e-02 0.000e+00
9.400e+01 1.483e-02 0.000e+00
9.410e+01 9.046e-03 0.000e+00
9.420e+01 8.732e-03 0.000e+00
9.430e+01 1.311e-02 0.000e+00
9.440e+01 8.644e-03 0.000e+00
9.450e+01 1.582e-02 0.000e+00
9.460e+01 1.604e-02 0.000e+00
9.470e+01 2.465e-02 0.000e+00
9.480e+01 1.775e-02 0.000e+00
9.490e+01 1.280e-02 0.000e+00
9.500e+01 2.016e-02 0.000e+00
9.510e+01 2.387e-02 0.000e+00
9.520e+01 2.029e-02 0.000e+00
9.530e+01 1.781e-02 0.000e+00
9.540e+01 1.244e-02 0.000e+00
9.550e+01 1.508e-02 0.000e+00
9.560e+01 2.300e-02 0.000e+00
9.570e+01 1.487e-02 0.000e+00
9.580e+01 1.460e-02 0.000e+00
9.590e+01 1.922e-02 0.000e+00
9.600e+01 1.662e-02 0.000e+00
9.610e+01 1.329e-02 0.000e+00
9.620e+01 1.546e-02 0.000e+00
9.630e+01 1.385e-02 0.000e+00
9.640e+01 1.193e-02 0.000e+00
9.650e+01 7.656e-03 0.000e+00
9.660e+01 1.544e-02 0.000e+00
9.670e+01 1.699e-02 0.000e+00
9.680e+01 2.295e-02 0.000e+00
9.690e+01 2.215e-02 0.000e+00
9.700e+01 2.107e-02 0.000e+00
9.710e+01 1.580e-02 0.000e+00
9.720e+01 1.806e-02 0.000e+00
9.730e+01 1.730e-02 0.000e+00
9.740e+01 1.897e-02 0.000e+00
9.750e+01 1.814e-02 0.000e+00
9.760e+01 2.629e-02 0.000e+00
9.770e+01 1.526e-02 0.000e+00
9.780e+01 1.160e-02 0.000e+00
9.790e+01 1.377e-02 0.000e+00
9.800e+01 9.002e-03 0.000e+00
9.810e+01 1.584e-02 0.000e+00
9.820e+01 1.949e-02 0.000e+00
9.830e+01 1.756e-02 0.000e+00
9.840e+01 1.450e-02 0.000e+00
9.850e+01 1.092e-02 0.000e+00
9.860e+01 2.098e-02 0.000e+00
9.870e+01 1.996e-02 0.000e+00
9.880e+01 2.121e-02 0.000e+00
9.890e+01 1.865e-02 0.000e+00
9.900e+01 1.469e-02 0.000e+00
9.910e+01 1.345e-02 0.000e+00
9.920e+01 1.707e-02 0.000e+00
9.930e+01 1.121e-02 0.000e+00
9.940e+01 1.419e-02 0.000e+00
9.950e+01 1.709e-02 0.000e+00
9.960e+01 1.514e-02 0.000e+00
9.970e+01 1.441e-02 0.000e+00
9.980e+01 1.049e-02 0.000e+00
9.990e+01 7.159e-03 0.000e+00
