# Time (ps)      real(F_0)      im(F_0)
0.000e+00 9.439e-01 0.000e+00
1.000e-01 9.669e-01 0.000e+00
2.000e-01 1.000e+00 0.000e+00
3.000e-01 8.594e-01 0.000e+00
4.000e-01 9.150e-01 0.000e+00
5.000e-01 9.032e-01 0.000e+00
6.000e-01 8.842e-01 0.000e+00
7.000e-01 8.200e-01 0.000e+00
8.000e-01 8.136e-01 0.000e+00
9.000e-01 8.561e-01 0.000e+00
1.000e+00 8.683e-01 0.000e+00
1.100e+00 8.103e-01 0.000e+00
1.200e+00 7.909e-01 0.000e+00
1.300e+00 7.240e-01 0.000e+00
1.400e+00 8.040e-01 0.000e+00
1.500e+00 7.435e-01 0.000e+00
1.600e+00 7.956e-01 0.000e+00
1.700e+00 7.242e-01 0.000e+00
1.800e+00 7.769e-01 0.000e+00
1.900e+00 7.295e-01 0.000e+00
2.000e+00 6.718e-01 0.000e+00
2.100e+00 6.631e-01 0.000e+00
2.200e+00 6.604e-01 0.000e+00
2.300e+00 6.756e-01 0.000e+00
2.400e+00 6.953e-01 0.000e+00
2.500e+00 7.026e-01 0.000e+00
2.600e+00 6.590e-01 0.000e+00
2.700e+00 7.063e-01 0.000e+00
2.800e+00 6.337e-01 0.000e+00
2.900e+00 6.635e-01 0.000e+00
3.000e+00 6.754e-01 0.000e+00
3.100e+00 6.564e-01 0.000e+00
3.200e+00 6.825e-01 0.000e+00
3.300e+00 7.072e-01 0.000e+00
3.400e+00 6.576e-01 0.000e+00
3.500e+00 6.552e-01 0.000e+00
3.600e+00 6.878e-01 0.000e+00
3.700e+00 7.068e-01 0.000e+00
3.800e+00 6.396e-01 0.000e+00
3.900e+00 7.107e-01 0.000e+00
4.000e+00 6.801e-01 0.000e+00
4.100e+00 6.312e-01 0.000e+00
4.200e+00 7.094e-01 0.000e+00
4.300e+00 6.120e-01 0.000e+00
4.400e+00 6.458e-01 0.000e+00
4.500e+00 6.774e-01 0.000e+00
4.600e+00 5.945e-01 0.000e+00
4.700e+00 6.101e-01 0.000e+00
4.800e+00 5.456e-01 0.000e+00
4.900e+00 5.420e-01 0.000e+00
5.000e+00 5.214e-01 0.000e+00
5.100e+00 5.533e-01 0.000e+00
5.200e+00 5.423e-01 0.000e+00
5.300e+00 5.019e-01 0.000e+00
5.400e+00 5.412e-01 0.000e+00
5.500e+00 5.449e-01 0.000e+00
5.600e+00 5.141e-01 0.000e+00
5.700e+00 5.252e-01 0.000e+00
5.800e+00 5.369e-01 0.000e+00
5.900e+00 5.442e-01 0.000e+00
6.000e+00 4.941e-01 0.000e+00
6.100e+00 4.998e-01 0.000e+00
6.200e+00 4.435e-01 0.000e+00
6.300e+00 4.875e-01 0.000e+00
6.400e+00 4.642e-01 0.000e+00
6.500e+00 4.696e-01 0.000e+00
6.600e+00 4.748e-01 0.000e+00
6.700e+00 5.143e-01 0.000e+00
6.800e+00 4.597e-01 0.000e+00
6.900e+00 4.760e-01 0.000e+00
7.000e+00 4.214e-01 0.000e+00
7.100e+00 4.349e-01 0.000e+00
7.200e+00 4.437e-01 0.000e+00
7.300e+00 4.660e-01 0.000e+00
7.400e+00 4.778e-01 0.000e+00
7.500e+00 4.346e-01 0.000e+00
7.600e+00 4.301e-01 0.000e+00
7.700e+00 4.131e-01 0.000e+00
7.800e+00 4.206e-01 0.000e+00
7.900e+00 4.275e-01 0.000e+00
8.000e+00 4.179e-01 0.000e+00
8.100e+00 4.075e-01 0.000e+00
8.200e+00 4.269e-01 0.000e+00
8.300e+00 4.065e-01 0.000e+00
8.400e+00 4.345e-01 0.000e+00
8.500e+00 3.917e-01 0.000e+00
8.600e+00 4.232e-01 0.000e+00
8.700e+00 4.441e-01 0.000e+00
8.800e+00 4.245e-01 0.000e+00
8.900e+00 3.922e-01 0.000e+00
9.000e+00 4.070e-01 0.000e+00
9.100e+00 4.068e-01 0.000e+00
9.200e+00 3.701e-01 0.000e+00
9.300e+00 3.965e-01 0.000e+00
9.400e+00 3.898e-01 0.000e+00
9.500e+00 4.002e-01 0.000e+00
9.600e+00 4.029e-01 0.000e+00
9.700e+00 3.421e-01 0.000e+00
9.800e+00 3.713e-01 0.000e+00
9.900e+00 3.847e-01 0.000e+00
1.000e+01 3.676e-01 0.000e+00
1.010e+01 3.720e-01 0.000e+00
1.020e+01 3.631e-01 0.000e+00
1.030e+01 3.496e-01 0.000e+00
1.040e+01 3.437e-01 0.000e+00
1.050e+01 3.964e-01 0.000e+00
1.060e+01 3.674e-01 0.000e+00
1.070e+01 3.764e-01 0.000e+00
1.080e+01 3.591e-01 0.000e+00
1.090e+01 3.054e-01 0.000e+00
1.100e+01 3.190e-01 0.000e+00
1.110e+01 3.290e-01 0.000e+00
1.120e+01 3.576e-01 0.000e+00
1.130e+01 3.617e-01 0.000e+00
1.140e+01 3.461e-01 0.000e+00
1.150e+01 3.242e-01 0.000e+00
1.160e+01 3.460e-01 0.000e+00
1.170e+01 2.826e-01 0.000e+00
1.180e+01 3.037e-01 0.000e+00
1.190e+01 3.258e-01 0.000e+00
1.200e+01 3.538e-01 0.000e+00
1.210e+01 2.880e-01 0.000e+00
1.220e+01 3.128e-01 0.000e+00
1.230e+01 2.805e-01 0.000e+00
1.240e+01 2.906e-01 0.000e+00
1.250e+01 3.414e-01 0.000e+00
1.260e+01 2.957e-01 0.000e+00
1.270e+01 2.810e-01 0.000e+00
1.280e+01 3.010e-01 0.000e+00
1.290e+01 2.914e-01 0.000e+00
1.300e+01 3.394e-01 0.000e+00
1.310e+01 2.955e-01 0.000e+00
1.320e+01 3.430e-01 0.000e+00
1.330e+01 3.217e-01 0.000e+00
1.340e+01 3.251e-01 0.000e+00
1.350e+01 3.069e-01 0.000e+00
1.360e+01 3.201e-01 0.000e+00
1.370e+01 3.619e-01 0.000e+00
1.380e+01 3.436e-01 0.000e+00
1.390e+01 3.529e-01 0.000e+00
1.400e+01 3.313e-01 0.000e+00
1.410e+01 2.910e-01 0.000e+00
1.420e+01 3.028e-01 0.000e+00
1.430e+01 2.715e-01 0.000e+00
1.440e+01 3.032e-01 0.000e+00
1.450e+01 2.969e-01 0.000e+00
1.460e+01 3.253e-01 0.000e+00
1.470e+01 3.044e-01 0.000e+00
1.480e+01 3.123e-01 0.000e+00
1.490e+01 3.151e-01 0.000e+00
1.500e+01 3.285e-01 0.000e+00
1.510e+01 3.149e-01 0.000e+00
1.520e+01 3.480e-01 0.000e+00
1.530e+01 2.997e-01 0.000e+00
1.540e+01 2.982e-01 0.000e+00
1.550e+01 2.473e-01 0.000e+00
1.560e+01 2.543e-01 0.000e+00
1.570e+01 2.434e-01 0.000e+00
1.580e+01 2.456e-01 0.000e+00
1.590e+01 2.510e-01 0.000e+00
1.600e+01 2.555e-01 0.000e+00
1.610e+01 2.455e-01 0.000e+00
1.620e+01 2.550e-01 0.000e+00
1.630e+01 2.479e-01 0.000e+00
1.640e+01 2.610e-01 0.000e+00
1.650e+01 2.813e-01 0.000e+00
1.660e+01 2.677e-01 0.000e+00
1.670e+01 2.442e-01 0.000e+00
1.680e+01 2.440e-01 0.000e+00
1.690e+01 2.680e-01 0.000e+00
1.700e+01 2.597e-01 0.000e+00
1.710e+01 2.253e-01 0.000e+00
1.720e+01 2.545e-01 0.000e+00
1.730e+01 2.959e-01 0.000e+00
1.740e+01 3.417e-01 0.000e+00
1.750e+01 3.262e-01 0.000e+00
1.760e+01 2.842e-01 0.000e+00
1.770e+01 3.124e-01 0.000e+00
1.780e+01 2.923e-01 0.000e+00
1.790e+01 2.619e-01 0.000e+00
1.800e+01 2.352e-01 0.000e+00
1.810e+01 2.822e-01 0.000e+00
1.820e+01 2.565e-01 0.000e+00
1.830e+01 2.849e-01 0.000e+00
1.840e+01 2.716e-01 0.000e+00
1.850e+01 2.574e-01 0.000e+00
1.860e+01 2.787e-01 0.000e+00
1.870e+01 2.549e-01 0.000e+00
1.880e+01 2.426e-01 0.000e+00
1.890e+01 2.628e-01 0.000e+00
1.900e+01 2.501e-01 0.000e+00
1.910e+01 2.633e-01 0.000e+00
1.920e+01 2.635e-01 0.000e+00
1.930e+01 3.128e-01 0.000e+00
1.940e+01 2.620e-01 0.000e+00
1.950e+01 2.200e-01 0.000e+00
1.960e+01 2.223e-01 0.000e+00
1.970e+01 2.272e-01 0.000e+00
1.980e+01 2.492e-01 0.000e+00
1.990e+01 2.671e-01 0.000e+00
2.000e+01 2.832e-01 0.000e+00
2.010e+01 2.929e-01 0.000e+00
2.020e+01 2.394e-01 0.000e+00
2.030e+01 2.452e-01 0.000e+00
2.040e+01 2.181e-01 0.000e+00
2.050e+01 2.383e-01 0.000e+00
2.060e+01 2.228e-01 0.000e+00
2.070e+01 2.672e-01 0.000e+00
2.080e+01 2.147e-01 0.000e+00
2.090e+01 1.917e-01 0.000e+00
2.100e+01 2.211e-01 0.000e+00
2.110e+01 2.948e-01 0.000e+00
2.120e+01 2.672e-01 0.000e+00
2.130e+01 2.420e-01 0.000e+00
2.140e+01 2.098e-01 0.000e+00
2.150e+01 2.475e-01 0.000e+00
2.160e+01 2.618e-01 0.000e+00
2.170e+01 2.436e-01 0.000e+00
2.180e+01 2.211e-01 0.000e+00
2.190e+01 2.025e-01 0.000e+00
2.200e+01 1.488e-01 0.000e+00
2.210e+01 2.031e-01 0.000e+00
2.220e+01 2.154e-01 0.000e+00
2.230e+01 2.136e-01 0.000e+00
2.240e+01 1.734e-01 0.000e+00
2.250e+01 2.098e-01 0.000e+00
2.260e+01 2.095e-01 0.000e+00
2.270e+01 2.305e-01 0.000e+00
2.280e+01 1.952e-01 0.000e+00
2.290e+01 1.872e-01 0.000e+00
2.300e+01 2.099e-01 0.000e+00
2.310e+01 2.269e-01 0.000e+00
2.320e+01 2.194e-01 0.000e+00
2.330e+01 2.213e-01 0.000e+00
2.340e+01 2.057e-01 0.000e+00
2.350e+01 2.201e-01 0.000e+00
2.360e+01 1.999e-01 0.000e+00
2.370e+01 1.735e-01 0.000e+00
2.380e+01 1.717e-01 0.000e+00
2.390e+01 1.769e-01 0.000e+00
2.400e+01 1.669e-01 0.000e+00
2.410e+01 2.070e-01 0.000e+00
2.420e+01 1.958e-01 0.000e+00
2.430e+01 1.931e-01 0.000e+00
2.440e+01 2.242e-01 0.000e+00
2.450e+01 1.788e-01 0.000e+00
2.460e+01 1.793e-01 0.000e+00
2.470e+01 2.099e-01 0.000e+00
2.480e+01 2.128e-01 0.000e+00
2.490e+01 2.165e-01 0.000e+00
2.500e+01 2.312e-01 0.000e+00
2.510e+01 2.093e-01 0.000e+00
2.520e+01 1.960e-01 0.000e+00
2.530e+01 2.128e-01 0.000e+00
2.540e+01 2.067e-01 0.000e+00
2.550e+01 1.931e-01 0.000e+00
2.560e+01 2.167e-01 0.000e+00
2.570e+01 2.075e-01 0.000e+00
2.580e+01 1.805e-01 0.000e+00
2.590e+01 2.273e-01 0.000e+00
2.600e+01 1.931e-01 0.000e+00
2.610e+01 2.209e-01 0.000e+00
2.620e+01 1.921e-01 0.000e+00
2.630e+01 2.113e-01 0.000e+00
2.640e+01 2.310e-01 0.000e+00
2.650e+01 2.180e-01 0.000e+00
2.660e+01 1.851e-01 0.000e+00
2.670e+01 1.876e-01 0.000e+00
2.680e+01 2.085e-01 0.000e+00
2.690e+01 1.522e-01 0.000e+00
2.700e+01 1.709e-01 0.000e+00
2.710e+01 1.841e-01 0.000e+00
2.720e+01 1.812e-01 0.000e+00
2.730e+01 1.860e-01 0.000e+00
2.740e+01 1.924e-01 0.000e+00
2.750e+01 1.855e-01 0.000e+00
2.760e+01 1.988e-01 0.000e+00
2.770e+01 1.979e-01 0.000e+00
2.780e+01 1.913e-01 0.000e+00
2.790e+01 2.002e-01 0.000e+00
2.800e+01 2.068e-01 0.000e+00
2.810e+01 1.877e-01 0.000e+00
2.820e+01 1.489e-01 0.000e+00
2.830e+01 1.930e-01 0.000e+00
2.840e+01 2.045e-01 0.000e+00
2.850e+01 1.859e-01 0.000e+00
2.860e+01 1.659e-01 0.000e+00
2.870e+01 1.521e-01 0.000e+00
2.880e+01 1.938e-01 0.000e+00
2.890e+01 1.883e-01 0.000e+00
2.900e+01 1.789e-01 0.000e+00
2.910e+01 1.618e-01 0.000e+00
2.920e+01 1.708e-01 0.000e+00
2.930e+01 1.280e-01 0.000e+00
2.940e+01 1.447e-01 0.000e+00
2.950e+01 1.271e-01 0.000e+00
2.960e+01 1.474e-01 0.000e+00
2.970e+01 1.477e-01 0.000e+00
2.980e+01 1.295e-01 0.000e+00
2.990e+01 1.471e-01 0.000e+00
3.000e+01 1.368e-01 0.000e+00
3.010e+01 1.507e-01 0.000e+00
3.020e+01 1.669e-01 0.000e+00
3.030e+01 1.155e-01 0.000e+00
3.040e+01 1.141e-01 0.000e+00
3.050e+01 1.445e-01 0.000e+00
3.060e+01 1.467e-01 0.000e+00
3.070e+01 1.587e-01 0.000e+00
3.080e+01 1.246e-01 0.000e+00
3.090e+01 1.536e-01 0.000e+00
3.100e+01 1.306e-01 0.000e+00
3.110e+01 1.389e-01 0.000e+00
3.120e+01 1.488e-01 0.000e+00
3.130e+01 1.552e-01 0.000e+00
3.140e+01 1.542e-01 0.000e+00
3.150e+01 1.358e-01 0.000e+00
3.160e+01 1.222e-01 0.000e+00
3.170e+01 9.050e-02 0.000e+00
3.180e+01 1.212e-01 0.000e+00
3.190e+01 1.127e-01 0.000e+00
3.200e+01 9.555e-02 0.000e+00
3.210e+01 7.959e-02 0.000e+00
3.220e+01 7.009e-02 0.000e+00
3.230e+01 9.811e-02 0.000e+00
3.240e+01 9.286e-02 0.000e+00
3.250e+01 6.386e-02 0.000e+00
3.260e+01 6.782e-02 0.000e+00
3.270e+01 7.071e-02 0.000e+00
3.280e+01 8.726e-02 0.000e+00
3.290e+01 8.402e-02 0.000e+00
3.300e+01 8.809e-02 0.000e+00
3.310e+01 1.050e-01 0.000e+00
3.320e+01 9.146e-02 0.000e+00
3.330e+01 8.612e-02 0.000e+00
3.340e+01 6.648e-02 0.000e+00
3.350e+01 8.820e-02 0.000e+00
3.360e+01 8.589e-02 0.000e+00
3.370e+01 8.202e-02 0.000e+00
3.380e+01 6.683e-02 0.000e+00
3.390e+01 7.720e-02 0.000e+00
3.400e+01 7.483e-02 0.000e+00
3.410e+01 5.765e-02 0.000e+00
3.420e+01 6.423e-02 0.000e+00
3.430e+01 6.969e-02 0.000e+00
3.440e+01 7.509e-02 0.000e+00
3.450e+01 7.109e-02 0.000e+00
3.460e+01 7.185e-02 0.000e+00
3.470e+01 8.715e-02 0.000e+00
3.480e+01 7.871e-02 0.000e+00
3.490e+01 6.443e-02 0.000e+00
3.500e+01 6.627e-02 0.000e+00
3.510e+01 6.643e-02 0.000e+00
3.520e+01 7.724e-02 0.000e+00
3.530e+01 7.703e-02 0.000e+00
3.540e+01 7.571e-02 0.000e+00
3.550e+01 7.115e-02 0.000e+00
3.560e+01 7.338e-02 0.000e+00
3.570e+01 7.750e-02 0.000e+00
3.580e+01 6.809e-02 0.000e+00
3.590e+01 6.832e-02 0.000e+00
3.600e+01 6.413e-02 0.000e+00
3.610e+01 6.130e-02 0.000e+00
3.620e+01 6.933e-02 0.000e+00
3.630e+01 6.735e-02 0.000e+00
3.640e+01 6.243e-02 0.000e+00
3.650e+01 5.209e-02 0.000e+00
3.660e+01 5.305e-02 0.000e+00
3.670e+01 5.962e-02 0.000e+00
3.680e+01 6.247e-02 0.000e+00
3.690e+01 5.606e-02 0.000e+00
3.700e+01 5.905e-02 0.000e+00
3.710e+01 7.131e-02 0.000e+00
3.720e+01 5.997e-02 0.000e+00
3.730e+01 8.633e-02 0.000e+00
3.740e+01 9.470e-02 0.000e+00
3.750e+01 7.227e-02 0.000e+00
3.760e+01 6.684e-02 0.000e+00
3.770e+01 6.702e-02 0.000e+00
3.780e+01 6.561e-02 0.000e+00
3.790e+01 6.972e-02 0.000e+00
3.800e+01 7.346e-02 0.000e+00
3.810e+01 6.713e-02 0.000e+00
3.820e+01 7.569e-02 0.000e+00
3.830e+01 6.806e-02 0.000e+00
3.840e+01 6.250e-02 0.000e+00
3.850e+01 6.708e-02 0.000e+00
3.860e+01 7.008e-02 0.000e+00
3.870e+01 6.599e-02 0.000e+00
3.880e+01 7.093e-02 0.000e+00
3.890e+01 7.584e-02 0.000e+00
3.900e+01 7.138e-02 0.000e+00
3.910e+01 7.123e-02 0.000e+00
3.920e+01 7.122e-02 0.000e+00
3.930e+01 7.255e-02 0.000e+00
3.940e+01 7.395e-02 0.000e+00
3.950e+01 4.823e-02 0.000e+00
3.960e+01 6.873e-02 0.000e+00
3.970e+01 8.764e-02 0.000e+00
3.980e+01 7.198e-02 0.000e+00
3.990e+01 7.041e-02 0.000e+00
4.000e+01 7.047e-02 0.000e+00
4.010e+01 7.996e-02 0.000e+00
4.020e+01 9.503e-02 0.000e+00
4.030e+01 8.078e-02 0.000e+00
4.040e+01 8.015e-02 0.000e+00
4.050e+01 6.213e-02 0.000e+00
4.060e+01 5.478e-02 0.000e+00
4.070e+01 6.336e-02 0.000e+00
4.080e+01 6.682e-02 0.000e+00
4.090e+01 5.918e-02 0.000e+00
4.100e+01 8.068e-02 0.000e+00
4.110e+01 7.886e-02 0.000e+00
4.120e+01 6.190e-02 0.000e+00
4.130e+01 4.584e-02 0.000e+00
4.140e+01 4.881e-02 0.000e+00
4.150e+01 4.143e-02 0.000e+00
4.160e+01 5.620e-02 0.000e+00
4.170e+01 5.637e-02 0.000e+00
4.180e+01 3.638e-02 0.000e+00
4.190e+01 5.275e-02 0.000e+00
4.200e+01 6.079e-02 0.000e+00
4.210e+01 7.698e-02 0.000e+00
4.220e+01 7.940e-02 0.000e+00
4.230e+01 7.735e-02 0.000e+00
4.240e+01 7.846e-02 0.000e+00
4.250e+01 7.541e-02 0.000e+00
4.260e+01 7.773e-02 0.000e+00
4.270e+01 6.062e-02 0.000e+00
4.280e+01 7.992e-02 0.000e+00
4.290e+01 7.612e-02 0.000e+00
4.300e+01 7.249e-02 0.000e+00
4.310e+01 8.140e-02 0.000e+00
4.320e+01 6.788e-02 0.000e+00
4.330e+01 6.157e-02 0.000e+00
4.340e+01 6.629e-02 0.000e+00
4.350e+01 6.438e-02 0.000e+00
4.360e+01 5.799e-02 0.000e+00
4.370e+01 6.262e-02 0.000e+00
4.380e+01 5.591e-02 0.000e+00
4.390e+01 6.017e-02 0.000e+00
4.400e+01 6.254e-02 0.000e+00
4.410e+01 5.276e-02 0.000e+00
4.420e+01 5.600e-02 0.000e+00
4.430e+01 5.538e-02 0.000e+00
4.440e+01 7.579e-02 0.000e+00
4.450e+01 6.509e-02 0.000e+00
4.460e+01 7.511e-02 0.000e+00
4.470e+01 6.687e-02 0.000e+00
4.480e+01 8.007e-02 0.000e+00
4.490e+01 7.488e-02 0.000e+00
4.500e+01 7.477e-02 0.000e+00
4.510e+01 6.648e-02 0.000e+00
4.520e+01 5.821e-02 0.000e+00
4.530e+01 6.396e-02 0.000e+00
4.540e+01 6.877e-02 0.000e+00
4.550e+01 5.623e-02 0.000e+00
4.560e+01 5.381e-02 0.000e+00
4.570e+01 6.581e-02 0.000e+00
4.580e+01 5.872e-02 0.000e+00
4.590e+01 5.833e-02 0.000e+00
4.600e+01 5.358e-02 0.000e+00
4.610e+01 6.432e-02 0.000e+00
4.620e+01 6.028e-02 0.000e+00
4.630e+01 6.231e-02 0.000e+00
4.640e+01 6.727e-02 0.000e+00
4.650e+01 6.699e-02 0.000e+00
4.660e+01 6.960e-02 0.000e+00
4.670e+01 6.883e-02 0.000e+00
4.680e+01 7.296e-02 0.000e+00
4.690e+01 5.834e-02 0.000e+00
4.700e+01 5.617e-02 0.000e+00
4.710e+01 5.338e-02 0.000e+00
4.720e+01 5.771e-02 0.000e+00
4.730e+01 4.335e-02 0.000e+00
4.740e+01 5.545e-02 0.000e+00
4.750e+01 5.653e-02 0.000e+00
4.760e+01 5.684e-02 0.000e+00
4.770e+01 5.714e-02 0.000e+00
4.780e+01 6.031e-02 0.000e+00
4.790e+01 4.672e-02 0.000e+00
4.800e+01 5.471e-02 0.000e+00
4.810e+01 5.454e-02 0.000e+00
4.820e+01 5.987e-02 0.000e+00
4.830e+01 6.299e-02 0.000e+00
4.840e+01 6.223e-02 0.000e+00
4.850e+01 5.817e-02 0.000e+00
4.860e+01 6.257e-02 0.000e+00
4.870e+01 5.729e-02 0.000e+00
4.880e+01 5.388e-02 0.000e+00
4.890e+01 5.375e-02 0.000e+00
4.900e+01 5.224e-02 0.000e+00
4.910e+01 5.209e-02 0.000e+00
4.920e+01 5.596e-02 0.000e+00
4.930e+01 5.818e-02 0.000e+00
4.940e+01 5.482e-02 0.000e+00
4.950e+01 4.673e-02 0.000e+00
4.960e+01 4.230e-02 0.000e+00
4.970e+01 4.211e-02 0.000e+00
4.980e+01 5.050e-02 0.000e+00
4.990e+01 5.218e-02 0.000e+00
5.000e+01 5.201e-02 0.000e+00
5.010e+01 5.557e-02 0.000e+00
5.020e+01 4.742e-02 0.000e+00
5.030e+01 5.171e-02 0.000e+00
5.040e+01 5.494e-02 0.000e+00
5.050e+01 5.083e-02 0.000e+00
5.060e+01 4.696e-02 0.000e+00
5.070e+01 4.731e-02 0.000e+00
5.080e+01 3.922e-02 0.000e+00
5.090e+01 4.154e-02 0.000e+00
5.100e+01 4.474e-02 0.000e+00
5.110e+01 4.156e-02 0.000e+00
5.120e+01 4.557e-02 0.000e+00
5.130e+01 4.830e-02 0.000e+00
5.140e+01 4.786e-02 0.000e+00
5.150e+01 4.415e-02 0.000e+00
5.160e+01 4.515e-02 0.000e+00
5.170e+01 4.471e-02 0.000e+00
5.180e+01 4.303e-02 0.000e+00
5.190e+01 5.118e-02 0.000e+00
5.200e+01 4.728e-02 0.000e+00
5.210e+01 5.041e-02 0.000e+00
5.220e+01 4.718e-02 0.000e+00
5.230e+01 4.414e-02 0.000e+00
5.240e+01 4.498e-02 0.000e+00
5.250e+01 4.875e-02 0.000e+00
5.260e+01 4.672e-02 0.000e+00
5.270e+01 5.504e-02 0.000e+00
5.280e+01 3.962e-02 0.000e+00
5.290e+01 3.394e-02 0.000e+00
5.300e+01 4.223e-02 0.000e+00
5.310e+01 4.214e-02 0.000e+00
5.320e+01 4.956e-02 0.000e+00
5.330e+01 4.834e-02 0.000e+00
5.340e+01 4.984e-02 0.000e+00
5.350e+01 4.035e-02 0.000e+00
5.360e+01 5.201e-02 0.000e+00
5.370e+01 5.437e-02 0.000e+00
5.380e+01 4.688e-02 0.000e+00
5.390e+01 3.886e-02 0.000e+00
5.400e+01 4.071e-02 0.000e+00
5.410e+01 5.104e-02 0.000e+00
5.420e+01 7.000e-02 0.000e+00
5.430e+01 7.349e-02 0.000e+00
5.440e+01 6.867e-02 0.000e+00
5.450e+01 7.333e-02 0.000e+00
5.460e+01 5.580e-02 0.000e+00
5.470e+01 6.622e-02 0.000e+00
5.480e+01 6.924e-02 0.000e+00
5.490e+01 5.346e-02 0.000e+00
5.500e+01 4.189e-02 0.000e+00
5.510e+01 5.708e-02 0.000e+00
5.520e+01 7.441e-02 0.000e+00
5.530e+01 7.009e-02 0.000e+00
5.540e+01 6.528e-02 0.000e+00
5.550e+01 8.184e-02 0.000e+00
5.560e+01 8.022e-02 0.000e+00
5.570e+01 7.916e-02 0.000e+00
5.580e+01 7.440e-02 0.000e+00
5.590e+01 7.879e-02 0.000e+00
5.600e+01 6.983e-02 0.000e+00
5.610e+01 4.537e-02 0.000e+00
5.620e+01 4.003e-02 0.000e+00
5.630e+01 5.651e-02 0.000e+00
5.640e+01 4.462e-02 0.000e+00
5.650e+01 5.332e-02 0.000e+00
5.660e+01 5.099e-02 0.000e+00
5.670e+01 4.904e-02 0.000e+00
5.680e+01 4.857e-02 0.000e+00
5.690e+01 4.905e-02 0.000e+00
5.700e+01 4.276e-02 0.000e+00
5.710e+01 4.456e-02 0.000e+00
5.720e+01 4.124e-02 0.000e+00
5.730e+01 4.023e-02 0.000e+00
5.740e+01 4.972e-02 0.000e+00
5.750e+01 4.753e-02 0.000e+00
5.760e+01 4.558e-02 0.000e+00
5.770e+01 4.669e-02 0.000e+00
5.780e+01 4.881e-02 0.000e+00
5.790e+01 5.343e-02 0.000e+00
5.800e+01 5.532e-02 0.000e+00
5.810e+01 5.899e-02 0.000e+00
5.820e+01 5.944e-02 0.000e+00
5.830e+01 5.543e-02 0.000e+00
5.840e+01 5.722e-02 0.000e+00
5.850e+01 5.819e-02 0.000e+00
5.860e+01 5.924e-02 0.000e+00
5.870e+01 5.723e-02 0.000e+00
5.880e+01 5.437e-02 0.000e+00
5.890e+01 5.172e-02 0.000e+00
5.900e+01 4.933e-02 0.000e+00
5.910e+01 4.401e-02 0.000e+00
5.920e+01 4.138e-02 0.000e+00
5.930e+01 3.866e-02 0.000e+00
5.940e+01 5.028e-02 0.000e+00
5.950e+01 5.050e-02 0.000e+00
5.960e+01 4.350e-02 0.000e+00
5.970e+01 3.870e-02 0.000e+00
5.980e+01 3.450e-02 0.000e+00
5.990e+01 3.429e-02 0.000e+00
6.000e+01 4.199e-02 0.000e+00
6.010e+01 4.614e-02 0.000e+00
6.020e+01 4.472e-02 0.000e+00
6.030e+01 4.496e-02 0.000e+00
6.040e+01 4.150e-02 0.000e+00
6.050e+01 4.017e-02 0.000e+00
6.060e+01 4.227e-02 0.000e+00
6.070e+01 3.536e-02 0.000e+00
6.080e+01 3.295e-02 0.000e+00
6.090e+01 3.317e-02 0.000e+00
6.100e+01 3.635e-02 0.000e+00
6.110e+01 3.708e-02 0.000e+00
6.120e+01 4.893e-02 0.000e+00
6.130e+01 4.093e-02 0.000e+00
6.140e+01 4.275e-02 0.000e+00
6.150e+01 4.215e-02 0.000e+00
6.160e+01 4.507e-02 0.000e+00
6.170e+01 4.769e-02 0.000e+00
6.180e+01 4.717e-02 0.000e+00
6.190e+01 5.065e-02 0.000e+00
6.200e+01 4.202e-02 0.000e+00
6.210e+01 3.908e-02 0.000e+00
6.220e+01 4.078e-02 0.000e+00
6.230e+01 3.497e-02 0.000e+00
6.240e+01 3.413e-02 0.000e+00
6.250e+01 3.654e-02 0.000e+00
6.260e+01 3.154e-02 0.000e+00
6.270e+01 3.694e-02 0.000e+00
6.280e+01 4.155e-02 0.000e+00
6.290e+01 3.953e-02 0.000e+00
6.300e+01 3.995e-02 0.000e+00
6.310e+01 4.123e-02 0.000e+00
6.320e+01 3.930e-02 0.000e+00
6.330e+01 3.842e-02 0.000e+00
6.340e+01 3.336e-02 0.000e+00
6.350e+01 3.412e-02 0.000e+00
6.360e+01 3.134e-02 0.000e+00
6.370e+01 4.183e-02 0.000e+00
6.380e+01 4.420e-02 0.000e+00
6.390e+01 5.436e-02 0.000e+00
6.400e+01 5.462e-02 0.000e+00
6.410e+01 4.980e-02 0.000e+00
6.420e+01 4.859e-02 0.000e+00
6.430e+01 5.163e-02 0.000e+00
6.440e+01 4.267e-02 0.000e+00
6.450e+01 5.462e-02 0.000e+00
6.460e+01 5.209e-02 0.000e+00
6.470e+01 5.838e-02 0.000e+00
6.480e+01 5.373e-02 0.000e+00
6.490e+01 5.098e-02 0.000e+00
6.500e+01 4.542e-02 0.000e+00
6.510e+01 4.880e-02 0.000e+00
6.520e+01 5.145e-02 0.000e+00
6.530e+01 4.988e-02 0.000e+00
6.540e+01 5.732e-02 0.000e+00
6.550e+01 6.222e-02 0.000e+00
6.560e+01 5.351e-02 0.000e+00
6.570e+01 5.554e-02 0.000e+00
6.580e+01 5.629e-02 0.000e+00
6.590e+01 6.012e-02 0.000e+00
6.600e+01 5.585e-02 0.000e+00
6.610e+01 4.771e-02 0.000e+00
6.620e+01 4.790e-02 0.000e+00
6.630e+01 3.890e-02 0.000e+00
6.640e+01 3.395e-02 0.000e+00
6.650e+01 4.536e-02 0.000e+00
6.660e+01 4.538e-02 0.000e+00
6.670e+01 4.531e-02 0.000e+00
6.680e+01 3.974e-02 0.000e+00
6.690e+01 4.930e-02 0.000e+00
6.700e+01 4.266e-02 0.000e+00
6.710e+01 5.117e-02 0.000e+00
6.720e+01 5.138e-02 0.000e+00
6.730e+01 5.697e-02 0.000e+00
6.740e+01 5.800e-02 0.000e+00
6.750e+01 5.297e-02 0.000e+00
6.760e+01 5.668e-02 0.000e+00
6.770e+01 5.603e-02 0.000e+00
6.780e+01 5.329e-02 0.000e+00
6.790e+01 4.469e-02 0.000e+00
6.800e+01 5.426e-02 0.000e+00
6.810e+01 5.320e-02 0.000e+00
6.820e+01 5.752e-02 0.000e+00
6.830e+01 5.364e-02 0.000e+00
6.840e+01 5.485e-02 0.000e+00
6.850e+01 5.244e-02 0.000e+00
6.860e+01 5.529e-02 0.000e+00
6.870e+01 5.058e-02 0.000e+00
6.880e+01 5.270e-02 0.000e+00
6.890e+01 4.444e-02 0.000e+00
6.900e+01 4.109e-02 0.000e+00
6.910e+01 3.862e-02 0.000e+00
6.920e+01 4.753e-02 0.000e+00
6.930e+01 4.956e-02 0.000e+00
6.940e+01 5.096e-02 0.000e+00
6.950e+01 5.235e-02 0.000e+00
6.960e+01 4.750e-02 0.000e+00
6.970e+01 5.723e-02 0.000e+00
6.980e+01 5.250e-02 0.000e+00
6.990e+01 5.464e-02 0.000e+00
7.000e+01 5.579e-02 0.000e+00
7.010e+01 4.959e-02 0.000e+00
7.020e+01 4.877e-02 0.000e+00
7.030e+01 4.682e-02 0.000e+00
7.040e+01 4.701e-02 0.000e+00
7.050e+01 4.602e-02 0.000e+00
7.060e+01 3.373e-02 0.000e+00
7.070e+01 3.534e-02 0.000e+00
7.080e+01 4.087e-02 0.000e+00
7.090e+01 4.638e-02 0.000e+00
7.100e+01 4.802e-02 0.000e+00
7.110e+01 4.418e-02 0.000e+00
7.120e+01 4.285e-02 0.000e+00
7.130e+01 3.916e-02 0.000e+00
7.140e+01 3.560e-02 0.000e+00
7.150e+01 3.270e-02 0.000e+00
7.160e+01 3.032e-02 0.000e+00
7.170e+01 2.894e-02 0.000e+00
7.180e+01 3.974e-02 0.000e+00
7.190e+01 3.585e-02 0.000e+00
7.200e+01 4.466e-02 0.000e+00
7.210e+01 3.705e-02 0.000e+00
7.220e+01 3.777e-02 0.000e+00
7.230e+01 3.443e-02 0.000e+00
7.240e+01 3.700e-02 0.000e+00
7.250e+01 3.924e-02 0.000e+00
7.260e+01 3.749e-02 0.000e+00
7.270e+01 3.604e-02 0.000e+00
7.280e+01 4.126e-02 0.000e+00
7.290e+01 3.587e-02 0.000e+00
7.300e+01 3.791e-02 0.000e+00
7.310e+01 4.694e-02 0.000e+00
7.320e+01 5.021e-02 0.000e+00
7.330e+01 4.120e-02 0.000e+00
7.340e+01 4.222e-02 0.000e+00
7.350e+01 4.197e-02 0.000e+00
7.360e+01 4.119e-02 0.000e+00
7.370e+01 4.608e-02 0.000e+00
7.380e+01 3.910e-02 0.000e+00
7.390e+01 3.664e-02 0.000e+00
7.400e+01 3.702e-02 0.000e+00
7.410e+01 3.951e-02 0.000e+00
7.420e+01 3.649e-02 0.000e+00
7.430e+01 3.788e-02 0.000e+00
7.440e+01 4.220e-02 0.000e+00
7.450e+01 4.594e-02 0.000e+00
7.460e+01 5.040e-02 0.000e+00
7.470e+01 5.692e-02 0.000e+00
7.480e+01 5.775e-02 0.000e+00
7.490e+01 6.112e-02 0.000e+00
7.500e+01 6.447e-02 0.000e+00
7.510e+01 4.866e-02 0.000e+00
7.520e+01 4.417e-02 0.000e+00
7.530e+01 4.073e-02 0.000e+00
7.540e+01 4.433e-02 0.000e+00
7.550e+01 3.900e-02 0.000e+00
7.560e+01 4.478e-02 0.000e+00
7.570e+01 4.090e-02 0.000e+00
7.580e+01 3.801e-02 0.000e+00
7.590e+01 3.321e-02 0.000e+00
7.600e+01 3.613e-02 0.000e+00
7.610e+01 3.703e-02 0.000e+00
7.620e+01 3.996e-02 0.000e+00
7.630e+01 3.875e-02 0.000e+00
7.640e+01 4.364e-02 0.000e+00
7.650e+01 4.461e-02 0.000e+00
7.660e+01 6.773e-02 0.000e+00
7.670e+01 7.987e-02 0.000e+00
7.680e+01 5.627e-02 0.000e+00
7.690e+01 6.049e-02 0.000e+00
7.700e+01 5.399e-02 0.000e+00
7.710e+01 6.073e-02 0.000e+00
7.720e+01 6.235e-02 0.000e+00
7.730e+01 5.966e-02 0.000e+00
7.740e+01 5.758e-02 0.000e+00
7.750e+01 5.505e-02 0.000e+00
7.760e+01 6.620e-02 0.000e+00
7.770e+01 4.309e-02 0.000e+00
7.780e+01 4.390e-02 0.000e+00
7.790e+01 3.666e-02 0.000e+00
7.800e+01 3.246e-02 0.000e+00
7.810e+01 2.731e-02 0.000e+00
7.820e+01 3.068e-02 0.000e+00
7.830e+01 2.688e-02 0.000e+00
7.840e+01 2.929e-02 0.000e+00
7.850e+01 2.622e-02 0.000e+00
7.860e+01 3.012e-02 0.000e+00
7.870e+01 3.127e-02 0.000e+00
7.880e+01 3.097e-02 0.000e+00
7.890e+01 3.596e-02 0.000e+00
7.900e+01 3.592e-02 0.000e+00
7.910e+01 3.442e-02 0.000e+00
7.920e+01 3.599e-02 0.000e+00
7.930e+01 3.035e-02 0.000e+00
7.940e+01 3.166e-02 0.000e+00
7.950e+01 3.459e-02 0.000e+00
7.960e+01 4.401e-02 0.000e+00
7.970e+01 4.987e-02 0.000e+00
7.980e+01 4.434e-02 0.000e+00
7.990e+01 4.045e-02 0.000e+00
8.000e+01 3.885e-02 0.000e+00
8.010e+01 4.720e-02 0.000e+00
8.020e+01 4.029e-02 0.000e+00
8.030e+01 3.780e-02 0.000e+00
8.040e+01 3.391e-02 0.000e+00
8.050e+01 3.659e-02 0.000e+00
8.060e+01 2.884e-02 0.000e+00
8.070e+01 3.156e-02 0.000e+00
8.080e+01 3.071e-02 0.000e+00
8.090e+01 2.652e-02 0.000e+00
8.100e+01 2.031e-02 0.000e+00
8.110e+01 2.220e-02 0.000e+00
8.120e+01 2.918e-02 0.000e+00
8.130e+01 2.969e-02 0.000e+00
8.140e+01 3.487e-02 0.000e+00
8.150e+01 3.250e-02 0.000e+00
8.160e+01 3.317e-02 0.000e+00
8.170e+01 3.256e-02 0.000e+00
8.180e+01 3.535e-02 0.000e+00
8.190e+01 3.344e-02 0.000e+00
8.200e+01 3.159e-02 0.000e+00
8.210e+01 3.745e-02 0.000e+00
8.220e+01 4.278e-02 0.000e+00
8.230e+01 4.216e-02 0.000e+00
8.240e+01 3.932e-02 0.000e+00
8.250e+01 3.280e-02 0.000e+00
8.260e+01 2.861e-02 0.000e+00
8.270e+01 3.590e-02 0.000e+00
8.280e+01 2.749e-02 0.000e+00
8.290e+01 2.759e-02 0.000e+00
8.300e+01 2.959e-02 0.000e+00
8.310e+01 3.149e-02 0.000e+00
8.320e+01 2.729e-02 0.000e+00
8.330e+01 2.141e-02 0.000e+00
8.340e+01 2.095e-02 0.000e+00
8.350e+01 2.799e-02 0.000e+00
8.360e+01 2.760e-02 0.000e+00
8.370e+01 2.627e-02 0.000e+00
8.380e+01 1.756e-02 0.000e+00
8.390e+01 2.195e-02 0.000e+00
8.400e+01 2.961e-02 0.000e+00
8.410e+01 3.216e-02 0.000e+00
8.420e+01 3.225e-02 0.000e+00
8.430e+01 2.551e-02 0.000e+00
8.440e+01 2.933e-02 0.000e+00
8.450e+01 3.292e-02 0.000e+00
8.460e+01 3.151e-02 0.000e+00
8.470e+01 2.693e-02 0.000e+00
8.480e+01 2.752e-02 0.000e+00
8.490e+01 2.864e-02 0.000e+00
8.500e+01 2.623e-02 0.000e+00
8.510e+01 2.969e-02 0.000e+00
8.520e+01 3.152e-02 0.000e+00
8.530e+01 3.065e-02 0.000e+00
8.540e+01 2.838e-02 0.000e+00
8.550e+01 2.900e-02 0.000e+00
8.560e+01 2.842e-02 0.000e+00
8.570e+01 2.967e-02 0.000e+00
8.580e+01 3.932e-02 0.000e+00
8.590e+01 3.729e-02 0.000e+00
8.600e+01 3.526e-02 0.000e+00
8.610e+01 2.881e-02 0.000e+00
8.620e+01 2.628e-02 0.000e+00
8.630e+01 2.302e-02 0.000e+00
8.640e+01 2.451e-02 0.000e+00
8.650e+01 2.240e-02 0.000e+00
8.660e+01 2.594e-02 0.000e+00
8.670e+01 2.936e-02 0.000e+00
8.680e+01 2.760e-02 0.000e+00
8.690e+01 2.514e-02 0.000e+00
8.700e+01 2.456e-02 0.000e+00
8.710e+01 2.538e-02 0.000e+00
8.720e+01 2.981e-02 0.000e+00
8.730e+01 2.702e-02 0.000e+00
8.740e+01 3.035e-02 0.000e+00
8.750e+01 3.684e-02 0.000e+00
8.760e+01 3.091e-02 0.000e+00
8.770e+01 3.124e-02 0.000e+00
8.780e+01 3.265e-02 0.000e+00
8.790e+01 3.149e-02 0.000e+00
8.800e+01 3.237e-02 0.000e+00
8.810e+01 3.073e-02 0.000e+00
8.820e+01 3.259e-02 0.000e+00
8.830e+01 2.957e-02 0.000e+00
8.840e+01 2.599e-02 0.000e+00
8.850e+01 2.215e-02 0.000e+00
8.860e+01 2.275e-02 0.000e+00
8.870e+01 2.785e-02 0.000e+00
8.880e+01 3.462e-02 0.000e+00
8.890e+01 2.600e-02 0.000e+00
8.900e+01 2.291e-02 0.000e+00
8.910e+01 2.412e-02 0.000e+00
8.920e+01 2.278e-02 0.000e+00
8.930e+01 2.672e-02 0.000e+00
8.940e+01 2.885e-02 0.000e+00
8.950e+01 2.783e-02 0.000e+00
8.960e+01 2.473e-02 0.000e+00
8.970e+01 2.220e-02 0.000e+00
8.980e+01 2.574e-02 0.000e+00
8.990e+01 2.937e-02 0.000e+00
9.000e+01 2.565e-02 0.000e+00
9.010e+01 1.997e-02 0.000e+00
9.020e+01 2.159e-02 0.000e+00
9.030e+01 2.409e-02 0.000e+00
9.040e+01 2.347e-02 0.000e+00
9.050e+01 3.077e-02 0.000e+00
9.060e+01 2.641e-02 0.000e+00
9.070e+01 2.137e-02 0.000e+00
9.080e+01 1.658e-02 0.000e+00
9.090e+01 2.254e-02 0.000e+00
9.100e+01 2.705e-02 0.000e+00
9.110e+01 2.647e-02 0.000e+00
9.120e+01 3.203e-02 0.000e+00
9.130e+01 3.418e-02 0.000e+00
9.140e+01 3.166e-02 0.000e+00
9.150e+01 2.888e-02 0.000e+00
9.160e+01 2.583e-02 0.000e+00
9.170e+01 2.453e-02 0.000e+00
9.180e+01 2.511e-02 0.000e+00
9.190e+01 2.939e-02 0.000e+00
9.200e+01 3.122e-02 0.000e+00
9.210e+01 3.229e-02 0.000e+00
9.220e+01 3.607e-02 0.000e+00
9.230e+01 3.622e-02 0.000e+00
9.240e+01 3.142e-02 0.000e+00
9.250e+01 2.899e-02 0.000e+00
9.260e+01 2.730e-02 0.000e+00
9.270e+01 2.847e-02 0.000e+00
9.280e+01 3.196e-02 0.000e+00
9.290e+01 3.145e-02 0.000e+00
9.300e+01 2.506e-02 0.000e+00
9.310e+01 2.989e-02 0.000e+00
9.320e+01 2.967e-02 0.000e+00
9.330e+01 2.708e-02 0.000e+00
9.340e+01 2.457e-02 0.000e+00
9.350e+01 2.721e-02 0.000e+00
9.360e+01 2.685e-02 0.000e+00
9.370e+01 3.293e-02 0.000e+00
9.380e+01 3.510e-02 0.000e+00
9.390e+01 3.624e-02 0.000e+00
9.400e+01 4.606e-02 0.000e+00
9.410e+01 3.325e-02 0.000e+00
9.420e+01 3.314e-02 0.000e+00
9.430e+01 3.232e-02 0.000e+00
9.440e+01 3.252e-02 0.000e+00
9.450e+01 3.464e-02 0.000e+00
9.460e+01 3.621e-02 0.000e+00
9.470e+01 3.654e-02 0.000e+00
9.480e+01 3.533e-02 0.000e+00
9.490e+01 3.260e-02 0.000e+00
9.500e+01 2.839e-02 0.000e+00
9.510e+01 3.023e-02 0.000e+00
9.520e+01 3.284e-02 0.000e+00
9.530e+01 3.137e-02 0.000e+00
9.540e+01 3.590e-02 0.000e+00
9.550e+01 3.436e-02 0.000e+00
9.560e+01 3.499e-02 0.000e+00
9.570e+01 3.670e-02 0.000e+00
9.580e+01 3.834e-02 0.000e+00
9.590e+01 3.319e-02 0.000e+00
9.600e+01 2.850e-02 0.000e+00
9.610e+01 2.768e-02 0.000e+00
9.620e+01 2.461e-02 0.000e+00
9.630e+01 2.796e-02 0.000e+00
9.640e+01 3.055e-02 0.000e+00
9.650e+01 3.545e-02 0.000e+00
9.660e+01 3.781e-02 0.000e+00
9.670e+01 3.293e-02 0.000e+00
9.680e+01 2.772e-02 0.000e+00
9.690e+01 2.957e-02 0.000e+00
9.700e+01 2.106e-02 0.000e+00
9.710e+01 2.319e-02 0.000e+00
9.720e+01 2.593e-02 0.000e+00
9.730e+01 2.791e-02 0.000e+00
9.740e+01 2.722e-02 0.000e+00
9.750e+01 2.753e-02 0.000e+00
9.760e+01 3.032e-02 0.000e+00
9.770e+01 2.846e-02 0.000e+00
9.780e+01 3.714e-02 0.000e+00
9.790e+01 3.664e-02 0.000e+00
9.800e+01 3.763e-02 0.000e+00
9.810e+01 3.559e-02 0.000e+00
9.820e+01 3.702e-02 0.000e+00
9.830e+01 3.905e-02 0.000e+00
9.840e+01 3.788e-02 0.000e+00
9.850e+01 3.688e-02 0.000e+00
9.860e+01 3.274e-02 0.000e+00
9.870e+01 3.308e-02 0.000e+00
9.880e+01 3.563e-02 0.000e+00
9.890e+01 3.331e-02 0.000e+00
9.900e+01 3.131e-02 0.000e+00
9.910e+01 3.231e-02 0.000e+00
9.920e+01 2.826e-02 0.000e+00
9.930e+01 2.336e-02 0.000e+00
9.940e+01 2.306e-02 0.000e+00
9.950e+01 2.034e-02 0.000e+00
9.960e+01 2.248e-02 0.000e+00
9.970e+01 2.392e-02 0.000e+00
9.980e+01 2.198e-02 0.000e+00
9.990e+01 2.117e-02 0.000e+00
