# Frequency (1.0/ps)      real(fft(F_2))
0.000e+00 1.306e+02
1.000e-02 4.231e+01
2.000e-02 2.205e+01
3.000e-02 1.608e+01
4.000e-02 1.145e+01
5.000e-02 9.432e+00
6.000e-02 8.342e+00
7.000e-02 7.025e+00
8.000e-02 4.560e+00
9.000e-02 4.653e+00
1.000e-01 4.449e+00
1.100e-01 3.592e+00
1.200e-01 1.907e+00
1.300e-01 2.190e+00
1.400e-01 2.125e+00
1.500e-01 2.188e+00
1.600e-01 2.969e+00
1.700e-01 2.940e+00
1.800e-01 2.037e+00
1.900e-01 2.571e+00
2.000e-01 2.700e+00
2.100e-01 2.505e+00
2.200e-01 1.526e+00
2.300e-01 1.911e+00
2.400e-01 2.374e+00
2.500e-01 1.347e+00
2.600e-01 1.540e+00
2.700e-01 1.370e+00
2.800e-01 5.662e-01
2.900e-01 9.702e-01
3.000e-01 5.082e-01
3.100e-01 8.753e-01
3.200e-01 7.493e-01
3.300e-01 9.343e-01
3.400e-01 -2.335e-01
3.500e-01 -1.362e-01
3.600e-01 4.786e-01
3.700e-01 1.298e+00
3.800e-01 1.366e+00
3.900e-01 3.579e-01
4.000e-01 5.031e-01
4.100e-01 5.601e-01
4.200e-01 6.120e-01
4.300e-01 4.667e-01
4.400e-01 9.473e-01
4.500e-01 9.441e-01
4.600e-01 4.033e-01
4.700e-01 9.056e-01
4.800e-01 8.280e-01
4.900e-01 9.759e-01
5.000e-01 9.105e-01
5.100e-01 6.004e-01
5.200e-01 2.263e-01
5.300e-01 -4.654e-02
5.400e-01 5.300e-01
5.500e-01 2.243e-01
5.600e-01 1.585e-01
5.700e-01 -1.092e-02
5.800e-01 3.764e-01
5.900e-01 7.269e-01
6.000e-01 3.390e-01
6.100e-01 7.137e-01
6.200e-01 9.812e-01
6.300e-01 5.679e-01
6.400e-01 1.240e+00
6.500e-01 1.463e+00
6.600e-01 1.171e+00
6.700e-01 1.273e+00
6.800e-01 1.298e+00
6.900e-01 1.073e+00
7.000e-01 7.406e-01
7.100e-01 5.055e-01
7.200e-01 7.762e-01
7.300e-01 8.380e-01
7.400e-01 7.743e-01
7.500e-01 1.426e-01
7.600e-01 7.212e-02
7.700e-01 3.212e-01
7.800e-01 -4.366e-02
7.900e-01 1.199e-01
8.000e-01 -1.052e-01
8.100e-01 6.489e-01
8.200e-01 9.312e-01
8.300e-01 8.466e-01
8.400e-01 8.223e-01
8.500e-01 6.322e-01
8.600e-01 9.189e-01
8.700e-01 6.433e-01
8.800e-01 1.113e+00
8.900e-01 5.759e-01
9.000e-01 7.334e-01
9.100e-01 7.728e-01
9.200e-01 4.389e-01
9.300e-01 3.961e-01
9.400e-01 3.832e-01
9.500e-01 8.689e-01
9.600e-01 7.106e-01
9.700e-01 8.436e-01
9.800e-01 7.303e-01
9.900e-01 7.723e-01
1.000e+00 4.633e-01
1.010e+00 5.511e-01
1.020e+00 5.502e-01
1.030e+00 3.529e-01
1.040e+00 2.297e-01
1.050e+00 1.085e-01
1.060e+00 4.075e-01
1.070e+00 4.757e-01
1.080e+00 4.138e-01
1.090e+00 2.571e-01
1.100e+00 5.665e-01
1.110e+00 4.692e-01
1.120e+00 1.367e-01
1.130e+00 1.831e-01
1.140e+00 9.848e-01
1.150e+00 5.525e-01
1.160e+00 6.375e-01
1.170e+00 6.413e-01
1.180e+00 9.054e-01
1.190e+00 9.353e-01
1.200e+00 9.714e-01
1.210e+00 5.159e-01
1.220e+00 5.643e-01
1.230e+00 9.908e-01
1.240e+00 1.112e+00
1.250e+00 7.258e-01
1.260e+00 4.197e-01
1.270e+00 4.255e-01
1.280e+00 3.647e-01
1.290e+00 6.426e-01
1.300e+00 4.997e-01
1.310e+00 5.227e-01
1.320e+00 6.759e-01
1.330e+00 5.100e-01
1.340e+00 5.487e-01
1.350e+00 7.360e-01
1.360e+00 5.802e-01
1.370e+00 4.915e-01
1.380e+00 3.814e-01
1.390e+00 4.681e-01
1.400e+00 5.582e-01
1.410e+00 7.358e-01
1.420e+00 7.526e-01
1.430e+00 8.967e-01
1.440e+00 8.870e-01
1.450e+00 1.302e+00
1.460e+00 1.049e+00
1.470e+00 9.189e-01
1.480e+00 1.341e+00
1.490e+00 1.196e+00
1.500e+00 4.346e-01
1.510e+00 8.099e-01
1.520e+00 4.044e-01
1.530e+00 6.248e-02
1.540e+00 3.305e-01
1.550e+00 5.045e-01
1.560e+00 1.584e-01
1.570e+00 4.443e-01
1.580e+00 3.406e-02
1.590e+00 -1.242e-01
1.600e+00 -9.494e-02
1.610e+00 1.457e-01
1.620e+00 1.523e-01
1.630e+00 2.304e-01
1.640e+00 1.886e-01
1.650e+00 6.399e-01
1.660e+00 4.753e-01
1.670e+00 3.140e-01
1.680e+00 3.902e-01
1.690e+00 3.928e-01
1.700e+00 4.919e-01
1.710e+00 5.789e-01
1.720e+00 5.429e-01
1.730e+00 5.952e-01
1.740e+00 2.483e-01
1.750e+00 1.818e-01
1.760e+00 4.704e-01
1.770e+00 4.666e-01
1.780e+00 4.683e-01
1.790e+00 8.194e-01
1.800e+00 4.984e-01
1.810e+00 5.933e-01
1.820e+00 9.702e-01
1.830e+00 8.629e-01
1.840e+00 9.218e-01
1.850e+00 5.394e-01
1.860e+00 4.509e-01
1.870e+00 6.793e-01
1.880e+00 3.618e-01
1.890e+00 2.988e-01
1.900e+00 4.814e-01
1.910e+00 5.092e-01
1.920e+00 5.475e-01
1.930e+00 5.235e-01
1.940e+00 3.946e-01
1.950e+00 5.358e-01
1.960e+00 3.022e-01
1.970e+00 4.465e-01
1.980e+00 4.005e-01
1.990e+00 6.198e-01
2.000e+00 6.755e-01
2.010e+00 5.362e-01
2.020e+00 7.081e-01
2.030e+00 7.225e-01
2.040e+00 7.669e-01
2.050e+00 4.947e-01
2.060e+00 7.678e-01
2.070e+00 8.506e-01
2.080e+00 9.910e-01
2.090e+00 7.669e-01
2.100e+00 6.291e-01
2.110e+00 3.967e-01
2.120e+00 4.886e-01
2.130e+00 4.028e-01
2.140e+00 4.533e-01
2.150e+00 4.219e-01
2.160e+00 6.186e-01
2.170e+00 5.160e-01
2.180e+00 7.920e-01
2.190e+00 4.408e-01
2.200e+00 9.452e-01
2.210e+00 6.293e-01
2.220e+00 7.333e-01
2.230e+00 8.741e-01
2.240e+00 7.747e-01
2.250e+00 5.685e-01
2.260e+00 6.505e-01
2.270e+00 5.338e-01
2.280e+00 6.501e-01
2.290e+00 6.542e-01
2.300e+00 6.212e-01
2.310e+00 4.756e-01
2.320e+00 8.297e-01
2.330e+00 8.654e-01
2.340e+00 6.798e-01
2.350e+00 7.557e-01
2.360e+00 7.199e-01
2.370e+00 5.680e-01
2.380e+00 4.736e-01
2.390e+00 7.021e-01
2.400e+00 6.123e-01
2.410e+00 6.726e-01
2.420e+00 6.971e-01
2.430e+00 8.213e-01
2.440e+00 5.207e-01
2.450e+00 3.970e-01
2.460e+00 3.327e-01
2.470e+00 3.648e-01
2.480e+00 5.122e-01
2.490e+00 6.754e-01
2.500e+00 5.064e-01
2.510e+00 3.483e-01
2.520e+00 4.990e-01
2.530e+00 5.061e-01
2.540e+00 4.795e-01
2.550e+00 3.823e-01
2.560e+00 5.062e-01
2.570e+00 5.535e-01
2.580e+00 3.354e-01
2.590e+00 4.357e-01
2.600e+00 5.459e-01
2.610e+00 5.898e-01
2.620e+00 6.921e-01
2.630e+00 5.623e-01
2.640e+00 5.321e-01
2.650e+00 5.991e-01
2.660e+00 7.736e-01
2.670e+00 8.794e-01
2.680e+00 9.345e-01
2.690e+00 8.570e-01
2.700e+00 9.066e-01
2.710e+00 5.526e-01
2.720e+00 6.533e-01
2.730e+00 7.150e-01
2.740e+00 6.874e-01
2.750e+00 5.672e-01
2.760e+00 5.862e-01
2.770e+00 6.476e-01
2.780e+00 6.425e-01
2.790e+00 6.767e-01
2.800e+00 6.116e-01
2.810e+00 2.724e-01
2.820e+00 2.807e-01
2.830e+00 4.344e-01
2.840e+00 3.710e-01
2.850e+00 4.698e-01
2.860e+00 5.479e-01
2.870e+00 5.914e-01
2.880e+00 4.135e-01
2.890e+00 4.823e-01
2.900e+00 6.366e-01
2.910e+00 6.720e-01
2.920e+00 8.823e-01
2.930e+00 7.227e-01
2.940e+00 6.892e-01
2.950e+00 6.702e-01
2.960e+00 7.377e-01
2.970e+00 8.354e-01
2.980e+00 7.419e-01
2.990e+00 5.099e-01
3.000e+00 3.806e-01
3.010e+00 5.439e-01
3.020e+00 5.192e-01
3.030e+00 4.652e-01
3.040e+00 4.203e-01
3.050e+00 3.302e-01
3.060e+00 3.788e-01
3.070e+00 4.773e-01
3.080e+00 4.648e-01
3.090e+00 5.682e-01
3.100e+00 4.690e-01
3.110e+00 5.878e-01
3.120e+00 6.153e-01
3.130e+00 5.415e-01
3.140e+00 4.977e-01
3.150e+00 7.398e-01
3.160e+00 6.228e-01
3.170e+00 7.904e-01
3.180e+00 7.360e-01
3.190e+00 8.216e-01
3.200e+00 9.083e-01
3.210e+00 8.486e-01
3.220e+00 8.097e-01
3.230e+00 6.632e-01
3.240e+00 6.473e-01
3.250e+00 4.371e-01
3.260e+00 4.899e-01
3.270e+00 4.745e-01
3.280e+00 6.256e-01
3.290e+00 6.670e-01
3.300e+00 5.648e-01
3.310e+00 4.186e-01
3.320e+00 5.219e-01
3.330e+00 4.742e-01
3.340e+00 2.949e-01
3.350e+00 3.756e-01
3.360e+00 4.467e-01
3.370e+00 7.302e-01
3.380e+00 6.667e-01
3.390e+00 6.312e-01
3.400e+00 3.647e-01
3.410e+00 5.130e-01
3.420e+00 5.464e-01
3.430e+00 5.312e-01
3.440e+00 4.266e-01
3.450e+00 6.206e-01
3.460e+00 4.739e-01
3.470e+00 4.426e-01
3.480e+00 4.911e-01
3.490e+00 3.663e-01
3.500e+00 1.590e-01
3.510e+00 1.429e-01
3.520e+00 3.404e-01
3.530e+00 3.311e-01
3.540e+00 3.248e-01
3.550e+00 3.250e-01
3.560e+00 2.080e-01
3.570e+00 2.733e-01
3.580e+00 4.427e-01
3.590e+00 4.828e-01
3.600e+00 3.107e-01
3.610e+00 3.552e-01
3.620e+00 5.935e-01
3.630e+00 6.161e-01
3.640e+00 6.347e-01
3.650e+00 6.262e-01
3.660e+00 3.232e-01
3.670e+00 4.512e-01
3.680e+00 4.798e-01
3.690e+00 5.259e-01
3.700e+00 5.688e-01
3.710e+00 6.131e-01
3.720e+00 4.499e-01
3.730e+00 4.409e-01
3.740e+00 2.156e-01
3.750e+00 1.305e-01
3.760e+00 2.945e-01
3.770e+00 5.784e-01
3.780e+00 5.026e-01
3.790e+00 4.395e-01
3.800e+00 4.615e-01
3.810e+00 3.603e-01
3.820e+00 2.295e-01
3.830e+00 4.977e-01
3.840e+00 4.153e-01
3.850e+00 4.600e-01
3.860e+00 6.922e-01
3.870e+00 5.941e-01
3.880e+00 6.256e-01
3.890e+00 7.240e-01
3.900e+00 4.877e-01
3.910e+00 6.359e-01
3.920e+00 3.146e-01
3.930e+00 2.678e-01
3.940e+00 4.820e-01
3.950e+00 3.217e-01
3.960e+00 3.268e-01
3.970e+00 3.331e-01
3.980e+00 3.053e-01
3.990e+00 5.155e-01
4.000e+00 4.457e-01
4.010e+00 4.921e-01
4.020e+00 3.046e-01
4.030e+00 3.259e-01
4.040e+00 3.667e-01
4.050e+00 4.395e-01
4.060e+00 4.013e-01
4.070e+00 3.276e-01
4.080e+00 4.976e-01
4.090e+00 5.275e-01
4.100e+00 5.695e-01
4.110e+00 4.752e-01
4.120e+00 5.897e-01
4.130e+00 5.692e-01
4.140e+00 5.560e-01
4.150e+00 5.922e-01
4.160e+00 5.840e-01
4.170e+00 4.124e-01
4.180e+00 4.602e-01
4.190e+00 5.239e-01
4.200e+00 4.184e-01
4.210e+00 5.778e-01
4.220e+00 4.869e-01
4.230e+00 3.968e-01
4.240e+00 3.923e-01
4.250e+00 1.856e-01
4.260e+00 5.101e-01
4.270e+00 4.374e-01
4.280e+00 3.804e-01
4.290e+00 6.130e-01
4.300e+00 3.543e-01
4.310e+00 3.086e-01
4.320e+00 4.084e-01
4.330e+00 3.810e-01
4.340e+00 6.436e-01
4.350e+00 5.583e-01
4.360e+00 5.636e-01
4.370e+00 6.499e-01
4.380e+00 5.234e-01
4.390e+00 6.078e-01
4.400e+00 4.278e-01
4.410e+00 3.976e-01
4.420e+00 7.828e-01
4.430e+00 6.617e-01
4.440e+00 5.277e-01
4.450e+00 4.008e-01
4.460e+00 5.290e-01
4.470e+00 6.248e-01
4.480e+00 3.932e-01
4.490e+00 6.474e-01
4.500e+00 6.030e-01
4.510e+00 5.857e-01
4.520e+00 6.774e-01
4.530e+00 5.575e-01
4.540e+00 3.982e-01
4.550e+00 7.075e-01
4.560e+00 5.217e-01
4.570e+00 4.585e-01
4.580e+00 4.313e-01
4.590e+00 5.532e-01
4.600e+00 5.231e-01
4.610e+00 7.111e-01
4.620e+00 7.508e-01
4.630e+00 7.922e-01
4.640e+00 5.339e-01
4.650e+00 6.122e-01
4.660e+00 8.085e-01
4.670e+00 6.444e-01
4.680e+00 5.066e-01
4.690e+00 3.459e-01
4.700e+00 3.636e-01
4.710e+00 4.039e-01
4.720e+00 4.419e-01
4.730e+00 4.321e-01
4.740e+00 4.472e-01
4.750e+00 4.426e-01
4.760e+00 4.951e-01
4.770e+00 5.504e-01
4.780e+00 3.916e-01
4.790e+00 3.595e-01
4.800e+00 3.163e-01
4.810e+00 4.687e-01
4.820e+00 5.329e-01
4.830e+00 4.822e-01
4.840e+00 4.691e-01
4.850e+00 3.985e-01
4.860e+00 5.738e-01
4.870e+00 7.823e-01
4.880e+00 6.056e-01
4.890e+00 7.417e-01
4.900e+00 5.103e-01
4.910e+00 6.956e-01
4.920e+00 8.043e-01
4.930e+00 5.998e-01
4.940e+00 7.852e-01
4.950e+00 6.146e-01
4.960e+00 6.465e-01
4.970e+00 5.547e-01
4.980e+00 4.958e-01
4.990e+00 4.722e-01
-5.000e+00 3.396e-01
-4.990e+00 3.594e-01
-4.980e+00 2.962e-01
-4.970e+00 1.429e-01
-4.960e+00 3.343e-01
-4.950e+00 6.215e-01
-4.940e+00 7.311e-01
-4.930e+00 5.241e-01
-4.920e+00 6.594e-01
-4.910e+00 5.302e-01
-4.900e+00 4.591e-01
-4.890e+00 5.598e-01
-4.880e+00 6.755e-01
-4.870e+00 6.051e-01
-4.860e+00 6.052e-01
-4.850e+00 6.268e-01
-4.840e+00 5.009e-01
-4.830e+00 4.584e-01
-4.820e+00 3.865e-01
-4.810e+00 5.618e-01
-4.800e+00 5.989e-01
-4.790e+00 7.203e-01
-4.780e+00 8.435e-01
-4.770e+00 7.257e-01
-4.760e+00 7.365e-01
-4.750e+00 7.906e-01
-4.740e+00 6.367e-01
-4.730e+00 6.251e-01
-4.720e+00 7.942e-01
-4.710e+00 8.931e-01
-4.700e+00 8.593e-01
-4.690e+00 6.761e-01
-4.680e+00 7.592e-01
-4.670e+00 6.415e-01
-4.660e+00 6.483e-01
-4.650e+00 6.304e-01
-4.640e+00 5.878e-01
-4.630e+00 5.937e-01
-4.620e+00 5.612e-01
-4.610e+00 5.659e-01
-4.600e+00 4.846e-01
-4.590e+00 6.346e-01
-4.580e+00 6.420e-01
-4.570e+00 7.763e-01
-4.560e+00 6.817e-01
-4.550e+00 6.516e-01
-4.540e+00 5.664e-01
-4.530e+00 4.759e-01
-4.520e+00 3.819e-01
-4.510e+00 4.981e-01
-4.500e+00 4.944e-01
-4.490e+00 5.170e-01
-4.480e+00 6.011e-01
-4.470e+00 6.228e-01
-4.460e+00 4.778e-01
-4.450e+00 4.177e-01
-4.440e+00 3.844e-01
-4.430e+00 4.998e-01
-4.420e+00 6.033e-01
-4.410e+00 4.507e-01
-4.400e+00 4.508e-01
-4.390e+00 3.470e-01
-4.380e+00 4.138e-01
-4.370e+00 6.915e-01
-4.360e+00 5.395e-01
-4.350e+00 3.950e-01
-4.340e+00 3.885e-01
-4.330e+00 4.415e-01
-4.320e+00 5.599e-01
-4.310e+00 4.777e-01
-4.300e+00 7.006e-01
-4.290e+00 5.565e-01
-4.280e+00 4.550e-01
-4.270e+00 5.089e-01
-4.260e+00 6.283e-01
-4.250e+00 2.712e-01
-4.240e+00 5.199e-01
-4.230e+00 5.567e-01
-4.220e+00 4.014e-01
-4.210e+00 3.128e-01
-4.200e+00 5.268e-01
-4.190e+00 5.358e-01
-4.180e+00 5.138e-01
-4.170e+00 5.297e-01
-4.160e+00 6.056e-01
-4.150e+00 4.277e-01
-4.140e+00 5.362e-01
-4.130e+00 5.932e-01
-4.120e+00 5.248e-01
-4.110e+00 4.322e-01
-4.100e+00 4.705e-01
-4.090e+00 4.965e-01
-4.080e+00 6.408e-01
-4.070e+00 6.169e-01
-4.060e+00 6.512e-01
-4.050e+00 6.232e-01
-4.040e+00 7.021e-01
-4.030e+00 5.662e-01
-4.020e+00 5.282e-01
-4.010e+00 5.614e-01
-4.000e+00 6.405e-01
-3.990e+00 3.924e-01
-3.980e+00 4.245e-01
-3.970e+00 4.583e-01
-3.960e+00 4.335e-01
-3.950e+00 5.024e-01
-3.940e+00 6.880e-01
-3.930e+00 6.465e-01
-3.920e+00 6.088e-01
-3.910e+00 7.561e-01
-3.900e+00 7.513e-01
-3.890e+00 7.283e-01
-3.880e+00 6.535e-01
-3.870e+00 6.674e-01
-3.860e+00 8.409e-01
-3.850e+00 7.548e-01
-3.840e+00 7.476e-01
-3.830e+00 7.159e-01
-3.820e+00 5.052e-01
-3.810e+00 6.308e-01
-3.800e+00 8.421e-01
-3.790e+00 8.713e-01
-3.780e+00 7.062e-01
-3.770e+00 4.697e-01
-3.760e+00 3.837e-01
-3.750e+00 5.000e-01
-3.740e+00 6.322e-01
-3.730e+00 6.983e-01
-3.720e+00 5.525e-01
-3.710e+00 5.024e-01
-3.700e+00 5.142e-01
-3.690e+00 5.950e-01
-3.680e+00 5.730e-01
-3.670e+00 4.670e-01
-3.660e+00 4.060e-01
-3.650e+00 7.205e-01
-3.640e+00 8.353e-01
-3.630e+00 8.083e-01
-3.620e+00 6.696e-01
-3.610e+00 6.273e-01
-3.600e+00 9.271e-01
-3.590e+00 1.036e+00
-3.580e+00 8.017e-01
-3.570e+00 7.415e-01
-3.560e+00 6.714e-01
-3.550e+00 6.178e-01
-3.540e+00 7.805e-01
-3.530e+00 6.350e-01
-3.520e+00 4.015e-01
-3.510e+00 2.790e-01
-3.500e+00 2.550e-01
-3.490e+00 2.721e-01
-3.480e+00 5.037e-01
-3.470e+00 4.632e-01
-3.460e+00 5.185e-01
-3.450e+00 6.138e-01
-3.440e+00 6.791e-01
-3.430e+00 7.430e-01
-3.420e+00 6.745e-01
-3.410e+00 6.766e-01
-3.400e+00 6.406e-01
-3.390e+00 8.125e-01
-3.380e+00 7.984e-01
-3.370e+00 6.229e-01
-3.360e+00 6.533e-01
-3.350e+00 5.515e-01
-3.340e+00 5.539e-01
-3.330e+00 4.853e-01
-3.320e+00 4.393e-01
-3.310e+00 3.358e-01
-3.300e+00 5.467e-01
-3.290e+00 4.648e-01
-3.280e+00 4.867e-01
-3.270e+00 6.910e-01
-3.260e+00 9.138e-01
-3.250e+00 6.798e-01
-3.240e+00 5.587e-01
-3.230e+00 7.150e-01
-3.220e+00 8.543e-01
-3.210e+00 8.110e-01
-3.200e+00 6.763e-01
-3.190e+00 6.371e-01
-3.180e+00 5.908e-01
-3.170e+00 6.613e-01
-3.160e+00 7.420e-01
-3.150e+00 6.731e-01
-3.140e+00 5.154e-01
-3.130e+00 5.469e-01
-3.120e+00 5.451e-01
-3.110e+00 6.071e-01
-3.100e+00 6.693e-01
-3.090e+00 6.978e-01
-3.080e+00 5.562e-01
-3.070e+00 5.162e-01
-3.060e+00 4.717e-01
-3.050e+00 4.845e-01
-3.040e+00 6.318e-01
-3.030e+00 8.378e-01
-3.020e+00 6.772e-01
-3.010e+00 8.225e-01
-3.000e+00 7.137e-01
-2.990e+00 6.930e-01
-2.980e+00 5.890e-01
-2.970e+00 7.413e-01
-2.960e+00 5.883e-01
-2.950e+00 6.176e-01
-2.940e+00 6.169e-01
-2.930e+00 6.407e-01
-2.920e+00 5.814e-01
-2.910e+00 6.559e-01
-2.900e+00 5.262e-01
-2.890e+00 4.495e-01
-2.880e+00 4.523e-01
-2.870e+00 3.006e-01
-2.860e+00 4.787e-01
-2.850e+00 4.581e-01
-2.840e+00 3.236e-01
-2.830e+00 5.904e-01
-2.820e+00 5.974e-01
-2.810e+00 6.856e-01
-2.800e+00 4.773e-01
-2.790e+00 5.134e-01
-2.780e+00 5.671e-01
-2.770e+00 4.739e-01
-2.760e+00 5.066e-01
-2.750e+00 5.710e-01
-2.740e+00 3.571e-01
-2.730e+00 2.668e-01
-2.720e+00 3.594e-01
-2.710e+00 4.521e-01
-2.700e+00 5.598e-01
-2.690e+00 7.336e-01
-2.680e+00 7.927e-01
-2.670e+00 6.781e-01
-2.660e+00 7.359e-01
-2.650e+00 6.657e-01
-2.640e+00 6.101e-01
-2.630e+00 5.124e-01
-2.620e+00 6.117e-01
-2.610e+00 6.198e-01
-2.600e+00 4.135e-01
-2.590e+00 1.400e-01
-2.580e+00 6.784e-02
-2.570e+00 3.128e-01
-2.560e+00 3.717e-01
-2.550e+00 5.732e-01
-2.540e+00 6.349e-01
-2.530e+00 3.667e-01
-2.520e+00 3.992e-01
-2.510e+00 3.173e-01
-2.500e+00 1.589e-01
-2.490e+00 4.601e-01
-2.480e+00 6.209e-01
-2.470e+00 8.443e-01
-2.460e+00 7.707e-01
-2.450e+00 5.273e-01
-2.440e+00 4.160e-01
-2.430e+00 4.121e-01
-2.420e+00 3.770e-01
-2.410e+00 6.448e-01
-2.400e+00 3.456e-01
-2.390e+00 4.807e-01
-2.380e+00 5.262e-01
-2.370e+00 3.934e-01
-2.360e+00 5.290e-01
-2.350e+00 7.196e-01
-2.340e+00 5.655e-01
-2.330e+00 3.321e-01
-2.320e+00 1.376e-01
-2.310e+00 2.425e-01
-2.300e+00 8.051e-02
-2.290e+00 4.734e-01
-2.280e+00 6.738e-01
-2.270e+00 3.209e-01
-2.260e+00 1.948e-01
-2.250e+00 4.936e-01
-2.240e+00 6.441e-01
-2.230e+00 3.173e-01
-2.220e+00 3.967e-01
-2.210e+00 5.425e-01
-2.200e+00 8.600e-01
-2.190e+00 7.065e-01
-2.180e+00 8.554e-01
-2.170e+00 4.591e-01
-2.160e+00 5.832e-01
-2.150e+00 6.812e-01
-2.140e+00 6.883e-01
-2.130e+00 7.209e-01
-2.120e+00 7.431e-01
-2.110e+00 7.500e-01
-2.100e+00 5.220e-01
-2.090e+00 3.166e-01
-2.080e+00 5.601e-01
-2.070e+00 8.757e-01
-2.060e+00 7.371e-01
-2.050e+00 3.625e-01
-2.040e+00 5.205e-01
-2.030e+00 5.761e-01
-2.020e+00 7.557e-01
-2.010e+00 3.888e-01
-2.000e+00 6.170e-01
-1.990e+00 4.219e-01
-1.980e+00 5.455e-01
-1.970e+00 3.992e-01
-1.960e+00 6.944e-01
-1.950e+00 6.603e-01
-1.940e+00 6.624e-01
-1.930e+00 8.308e-01
-1.920e+00 8.670e-01
-1.910e+00 1.008e+00
-1.900e+00 6.566e-01
-1.890e+00 7.207e-01
-1.880e+00 5.809e-01
-1.870e+00 5.284e-01
-1.860e+00 1.676e-01
-1.850e+00 4.115e-01
-1.840e+00 2.162e-01
-1.830e+00 7.168e-01
-1.820e+00 7.175e-01
-1.810e+00 8.962e-01
-1.800e+00 7.958e-01
-1.790e+00 5.762e-01
-1.780e+00 8.012e-01
-1.770e+00 6.952e-01
-1.760e+00 5.617e-01
-1.750e+00 5.003e-01
-1.740e+00 2.689e-01
-1.730e+00 6.969e-02
-1.720e+00 2.891e-01
-1.710e+00 3.506e-01
-1.700e+00 5.990e-01
-1.690e+00 3.992e-01
-1.680e+00 4.462e-01
-1.670e+00 8.622e-01
-1.660e+00 5.438e-01
-1.650e+00 8.180e-01
-1.640e+00 6.527e-01
-1.630e+00 4.654e-01
-1.620e+00 4.498e-01
-1.610e+00 3.197e-01
-1.600e+00 1.850e-01
-1.590e+00 4.972e-01
-1.580e+00 6.771e-01
-1.570e+00 5.778e-01
-1.560e+00 7.600e-01
-1.550e+00 4.300e-01
-1.540e+00 6.427e-01
-1.530e+00 5.227e-01
-1.520e+00 5.869e-01
-1.510e+00 7.592e-01
-1.500e+00 8.173e-01
-1.490e+00 6.801e-01
-1.480e+00 7.007e-01
-1.470e+00 8.348e-01
-1.460e+00 7.305e-01
-1.450e+00 6.598e-01
-1.440e+00 5.516e-01
-1.430e+00 3.209e-01
-1.420e+00 4.701e-01
-1.410e+00 2.278e-01
-1.400e+00 5.483e-01
-1.390e+00 4.287e-01
-1.380e+00 2.898e-01
-1.370e+00 5.637e-01
-1.360e+00 7.110e-01
-1.350e+00 8.627e-01
-1.340e+00 6.851e-01
-1.330e+00 3.090e-01
-1.320e+00 1.409e-03
-1.310e+00 1.220e-01
-1.300e+00 2.787e-01
-1.290e+00 6.072e-01
-1.280e+00 4.276e-01
-1.270e+00 -2.248e-02
-1.260e+00 2.189e-01
-1.250e+00 6.037e-02
-1.240e+00 4.153e-01
-1.230e+00 3.246e-01
-1.220e+00 8.626e-01
-1.210e+00 5.207e-01
-1.200e+00 1.473e-01
-1.190e+00 1.849e-01
-1.180e+00 7.983e-02
-1.170e+00 -1.643e-01
-1.160e+00 -5.083e-02
-1.150e+00 3.633e-01
-1.140e+00 4.935e-01
-1.130e+00 3.215e-01
-1.120e+00 2.335e-01
-1.110e+00 1.416e-01
-1.100e+00 -3.496e-01
-1.090e+00 4.297e-01
-1.080e+00 6.470e-01
-1.070e+00 6.098e-01
-1.060e+00 7.453e-01
-1.050e+00 4.705e-01
-1.040e+00 3.153e-01
-1.030e+00 4.914e-01
-1.020e+00 6.405e-01
-1.010e+00 3.665e-01
-1.000e+00 7.823e-02
-9.900e-01 1.478e-01
-9.800e-01 4.102e-01
-9.700e-01 3.818e-01
-9.600e-01 8.149e-01
-9.500e-01 6.844e-01
-9.400e-01 8.479e-01
-9.300e-01 6.304e-01
-9.200e-01 4.860e-01
-9.100e-01 6.513e-01
-9.000e-01 4.412e-01
-8.900e-01 4.637e-01
-8.800e-01 7.191e-01
-8.700e-01 1.083e+00
-8.600e-01 7.315e-01
-8.500e-01 6.860e-01
-8.400e-01 2.210e-01
-8.300e-01 4.832e-01
-8.200e-01 7.852e-01
-8.100e-01 9.926e-01
-8.000e-01 3.528e-01
-7.900e-01 1.646e-01
-7.800e-01 5.842e-01
-7.700e-01 1.041e+00
-7.600e-01 7.353e-01
-7.500e-01 1.359e+00
-7.400e-01 1.259e+00
-7.300e-01 5.302e-01
-7.200e-01 8.294e-01
-7.100e-01 1.196e+00
-7.000e-01 1.828e+00
-6.900e-01 9.784e-01
-6.800e-01 4.937e-01
-6.700e-01 6.368e-01
-6.600e-01 2.474e-01
-6.500e-01 6.513e-01
-6.400e-01 7.173e-01
-6.300e-01 4.520e-01
-6.200e-01 1.834e-01
-6.100e-01 3.475e-01
-6.000e-01 2.768e-01
-5.900e-01 6.705e-01
-5.800e-01 1.439e+00
-5.700e-01 1.336e+00
-5.600e-01 1.712e+00
-5.500e-01 5.049e-01
-5.400e-01 3.993e-01
-5.300e-01 9.221e-01
-5.200e-01 8.940e-01
-5.100e-01 9.833e-01
-5.000e-01 1.531e+00
-4.900e-01 1.187e+00
-4.800e-01 4.528e-01
-4.700e-01 8.708e-01
-4.600e-01 3.733e-01
-4.500e-01 9.776e-01
-4.400e-01 1.260e+00
-4.300e-01 6.446e-01
-4.200e-01 1.071e+00
-4.100e-01 2.746e-01
-4.000e-01 7.431e-01
-3.900e-01 5.876e-01
-3.800e-01 -1.382e-01
-3.700e-01 7.027e-01
-3.600e-01 7.409e-01
-3.500e-01 6.944e-01
-3.400e-01 1.023e+00
-3.300e-01 8.887e-01
-3.200e-01 7.441e-01
-3.100e-01 8.872e-01
-3.000e-01 6.867e-01
-2.900e-01 1.070e+00
-2.800e-01 1.661e+00
-2.700e-01 1.311e+00
-2.600e-01 2.266e+00
-2.500e-01 5.055e-01
-2.400e-01 4.190e-01
-2.300e-01 7.393e-01
-2.200e-01 8.963e-01
-2.100e-01 7.508e-01
-2.000e-01 1.825e+00
-1.900e-01 2.015e+00
-1.800e-01 2.162e+00
-1.700e-01 1.938e+00
-1.600e-01 1.377e+00
-1.500e-01 3.170e+00
-1.400e-01 2.015e+00
-1.300e-01 1.575e+00
-1.200e-01 2.595e+00
-1.100e-01 2.695e+00
-1.000e-01 4.203e+00
-9.000e-02 5.984e+00
-8.000e-02 4.820e+00
-7.000e-02 8.241e+00
-6.000e-02 9.156e+00
-5.000e-02 1.221e+01
-4.000e-02 1.215e+01
-3.000e-02 1.444e+01
-2.000e-02 2.221e+01
-1.000e-02 4.441e+01
