# Frequency (1.0/ps)      real(fft(F_0))
0.000e+00 1.522e+01
1.000e-02 1.433e+01
2.000e-02 1.423e+01
3.000e-02 1.081e+01
4.000e-02 1.213e+01
5.000e-02 1.222e+01
6.000e-02 1.045e+01
7.000e-02 8.881e+00
8.000e-02 9.010e+00
9.000e-02 8.963e+00
1.000e-01 9.569e+00
1.100e-01 7.908e+00
1.200e-01 5.382e+00
1.300e-01 5.395e+00
1.400e-01 4.805e+00
1.500e-01 4.372e+00
1.600e-01 2.290e+00
1.700e-01 2.409e+00
1.800e-01 2.946e+00
1.900e-01 2.681e+00
2.000e-01 2.351e+00
2.100e-01 2.682e+00
2.200e-01 3.133e+00
2.300e-01 2.417e+00
2.400e-01 2.000e+00
2.500e-01 2.602e+00
2.600e-01 2.955e+00
2.700e-01 3.296e+00
2.800e-01 2.570e+00
2.900e-01 1.711e+00
3.000e-01 1.860e+00
3.100e-01 1.495e+00
3.200e-01 1.272e+00
3.300e-01 1.349e+00
3.400e-01 1.314e+00
3.500e-01 1.372e+00
3.600e-01 1.654e+00
3.700e-01 1.736e+00
3.800e-01 1.872e+00
3.900e-01 2.378e+00
4.000e-01 1.933e+00
4.100e-01 1.933e+00
4.200e-01 2.022e+00
4.300e-01 1.992e+00
4.400e-01 1.794e+00
4.500e-01 1.136e+00
4.600e-01 1.045e+00
4.700e-01 1.248e+00
4.800e-01 1.342e+00
4.900e-01 5.411e-01
5.000e-01 1.124e+00
5.100e-01 1.770e+00
5.200e-01 1.293e+00
5.300e-01 1.263e+00
5.400e-01 1.511e+00
5.500e-01 1.380e+00
5.600e-01 1.412e+00
5.700e-01 1.340e+00
5.800e-01 9.192e-01
5.900e-01 1.194e+00
6.000e-01 1.227e+00
6.100e-01 1.187e+00
6.200e-01 1.350e+00
6.300e-01 1.308e+00
6.400e-01 1.317e+00
6.500e-01 1.384e+00
6.600e-01 1.488e+00
6.700e-01 1.278e+00
6.800e-01 1.551e+00
6.900e-01 1.451e+00
7.000e-01 1.352e+00
7.100e-01 1.134e+00
7.200e-01 8.202e-01
7.300e-01 9.345e-01
7.400e-01 1.133e+00
7.500e-01 9.561e-01
7.600e-01 7.993e-01
7.700e-01 6.742e-01
7.800e-01 9.178e-01
7.900e-01 7.973e-01
8.000e-01 5.277e-01
8.100e-01 1.922e-01
8.200e-01 6.525e-01
8.300e-01 7.070e-01
8.400e-01 7.209e-01
8.500e-01 8.739e-01
8.600e-01 6.636e-01
8.700e-01 5.774e-01
8.800e-01 9.764e-01
8.900e-01 1.198e+00
9.000e-01 9.053e-01
9.100e-01 1.122e+00
9.200e-01 9.949e-01
9.300e-01 1.065e+00
9.400e-01 1.125e+00
9.500e-01 8.112e-01
9.600e-01 7.097e-01
9.700e-01 4.754e-01
9.800e-01 5.328e-01
9.900e-01 5.529e-01
1.000e+00 6.211e-01
1.010e+00 4.459e-01
1.020e+00 5.372e-01
1.030e+00 8.532e-01
1.040e+00 4.518e-01
1.050e+00 3.705e-01
1.060e+00 4.100e-01
1.070e+00 8.393e-01
1.080e+00 8.474e-01
1.090e+00 7.701e-01
1.100e+00 3.823e-01
1.110e+00 6.771e-01
1.120e+00 8.874e-01
1.130e+00 1.049e+00
1.140e+00 8.325e-01
1.150e+00 7.498e-01
1.160e+00 8.647e-01
1.170e+00 8.405e-01
1.180e+00 8.856e-01
1.190e+00 5.617e-01
1.200e+00 5.337e-01
1.210e+00 7.638e-01
1.220e+00 9.624e-01
1.230e+00 6.671e-01
1.240e+00 7.228e-01
1.250e+00 7.202e-01
1.260e+00 8.391e-01
1.270e+00 8.419e-01
1.280e+00 7.979e-01
1.290e+00 8.434e-01
1.300e+00 1.244e+00
1.310e+00 1.300e+00
1.320e+00 1.047e+00
1.330e+00 7.829e-01
1.340e+00 1.019e+00
1.350e+00 1.018e+00
1.360e+00 7.213e-01
1.370e+00 3.095e-01
1.380e+00 4.099e-01
1.390e+00 5.559e-01
1.400e+00 6.530e-01
1.410e+00 5.863e-01
1.420e+00 8.453e-01
1.430e+00 9.887e-01
1.440e+00 1.140e+00
1.450e+00 9.645e-01
1.460e+00 9.248e-01
1.470e+00 9.777e-01
1.480e+00 9.411e-01
1.490e+00 7.395e-01
1.500e+00 6.238e-01
1.510e+00 6.728e-01
1.520e+00 8.480e-01
1.530e+00 8.328e-01
1.540e+00 7.383e-01
1.550e+00 6.729e-01
1.560e+00 9.082e-01
1.570e+00 8.829e-01
1.580e+00 7.548e-01
1.590e+00 8.195e-01
1.600e+00 7.094e-01
1.610e+00 7.977e-01
1.620e+00 6.380e-01
1.630e+00 6.017e-01
1.640e+00 6.041e-01
1.650e+00 5.553e-01
1.660e+00 6.737e-01
1.670e+00 7.585e-01
1.680e+00 5.887e-01
1.690e+00 7.152e-01
1.700e+00 6.858e-01
1.710e+00 8.101e-01
1.720e+00 6.300e-01
1.730e+00 7.302e-01
1.740e+00 6.697e-01
1.750e+00 6.494e-01
1.760e+00 6.458e-01
1.770e+00 6.011e-01
1.780e+00 4.570e-01
1.790e+00 5.102e-01
1.800e+00 5.880e-01
1.810e+00 6.884e-01
1.820e+00 7.389e-01
1.830e+00 7.903e-01
1.840e+00 9.237e-01
1.850e+00 9.118e-01
1.860e+00 9.734e-01
1.870e+00 9.129e-01
1.880e+00 7.914e-01
1.890e+00 5.736e-01
1.900e+00 5.599e-01
1.910e+00 5.846e-01
1.920e+00 5.765e-01
1.930e+00 3.424e-01
1.940e+00 2.194e-01
1.950e+00 2.518e-01
1.960e+00 3.784e-01
1.970e+00 4.951e-01
1.980e+00 5.526e-01
1.990e+00 5.800e-01
2.000e+00 9.125e-01
2.010e+00 9.437e-01
2.020e+00 6.461e-01
2.030e+00 4.019e-01
2.040e+00 6.969e-01
2.050e+00 7.823e-01
2.060e+00 4.626e-01
2.070e+00 1.061e-01
2.080e+00 2.669e-01
2.090e+00 4.616e-01
2.100e+00 3.899e-01
2.110e+00 3.095e-01
2.120e+00 2.637e-01
2.130e+00 5.007e-01
2.140e+00 7.301e-01
2.150e+00 5.361e-01
2.160e+00 4.238e-01
2.170e+00 6.057e-01
2.180e+00 8.096e-01
2.190e+00 6.350e-01
2.200e+00 3.818e-01
2.210e+00 3.600e-01
2.220e+00 5.106e-01
2.230e+00 7.090e-01
2.240e+00 5.189e-01
2.250e+00 3.694e-01
2.260e+00 6.148e-01
2.270e+00 8.007e-01
2.280e+00 6.414e-01
2.290e+00 5.982e-01
2.300e+00 5.742e-01
2.310e+00 7.650e-01
2.320e+00 7.793e-01
2.330e+00 7.034e-01
2.340e+00 5.551e-01
2.350e+00 5.845e-01
2.360e+00 5.547e-01
2.370e+00 5.391e-01
2.380e+00 4.073e-01
2.390e+00 4.427e-01
2.400e+00 4.146e-01
2.410e+00 4.749e-01
2.420e+00 4.874e-01
2.430e+00 4.647e-01
2.440e+00 4.850e-01
2.450e+00 7.081e-01
2.460e+00 6.298e-01
2.470e+00 5.271e-01
2.480e+00 5.135e-01
2.490e+00 5.693e-01
2.500e+00 4.333e-01
2.510e+00 3.712e-01
2.520e+00 4.114e-01
2.530e+00 3.798e-01
2.540e+00 6.007e-01
2.550e+00 7.030e-01
2.560e+00 7.072e-01
2.570e+00 6.091e-01
2.580e+00 6.983e-01
2.590e+00 7.374e-01
2.600e+00 6.550e-01
2.610e+00 5.011e-01
2.620e+00 5.524e-01
2.630e+00 5.846e-01
2.640e+00 7.290e-01
2.650e+00 7.431e-01
2.660e+00 6.719e-01
2.670e+00 6.691e-01
2.680e+00 8.628e-01
2.690e+00 8.244e-01
2.700e+00 7.082e-01
2.710e+00 7.175e-01
2.720e+00 7.488e-01
2.730e+00 7.640e-01
2.740e+00 6.764e-01
2.750e+00 6.422e-01
2.760e+00 6.277e-01
2.770e+00 6.322e-01
2.780e+00 4.222e-01
2.790e+00 4.223e-01
2.800e+00 4.942e-01
2.810e+00 4.771e-01
2.820e+00 4.249e-01
2.830e+00 4.697e-01
2.840e+00 5.527e-01
2.850e+00 6.819e-01
2.860e+00 6.090e-01
2.870e+00 5.260e-01
2.880e+00 6.046e-01
2.890e+00 5.182e-01
2.900e+00 4.171e-01
2.910e+00 3.978e-01
2.920e+00 4.787e-01
2.930e+00 6.333e-01
2.940e+00 8.014e-01
2.950e+00 7.509e-01
2.960e+00 8.259e-01
2.970e+00 8.813e-01
2.980e+00 8.453e-01
2.990e+00 7.051e-01
3.000e+00 6.567e-01
3.010e+00 5.568e-01
3.020e+00 4.757e-01
3.030e+00 3.714e-01
3.040e+00 2.172e-01
3.050e+00 2.824e-01
3.060e+00 3.562e-01
3.070e+00 3.000e-01
3.080e+00 4.661e-01
3.090e+00 5.348e-01
3.100e+00 6.492e-01
3.110e+00 7.254e-01
3.120e+00 7.867e-01
3.130e+00 8.441e-01
3.140e+00 7.940e-01
3.150e+00 7.640e-01
3.160e+00 5.740e-01
3.170e+00 5.681e-01
3.180e+00 5.466e-01
3.190e+00 4.071e-01
3.200e+00 2.205e-01
3.210e+00 1.584e-01
3.220e+00 3.935e-01
3.230e+00 6.466e-01
3.240e+00 5.914e-01
3.250e+00 5.779e-01
3.260e+00 6.960e-01
3.270e+00 1.015e+00
3.280e+00 9.947e-01
3.290e+00 7.602e-01
3.300e+00 4.814e-01
3.310e+00 4.736e-01
3.320e+00 5.618e-01
3.330e+00 4.772e-01
3.340e+00 3.762e-01
3.350e+00 3.622e-01
3.360e+00 5.427e-01
3.370e+00 5.943e-01
3.380e+00 5.038e-01
3.390e+00 4.838e-01
3.400e+00 5.956e-01
3.410e+00 5.783e-01
3.420e+00 4.960e-01
3.430e+00 3.741e-01
3.440e+00 5.709e-01
3.450e+00 5.916e-01
3.460e+00 5.497e-01
3.470e+00 5.033e-01
3.480e+00 5.746e-01
3.490e+00 6.550e-01
3.500e+00 6.006e-01
3.510e+00 4.635e-01
3.520e+00 5.059e-01
3.530e+00 6.525e-01
3.540e+00 7.215e-01
3.550e+00 5.611e-01
3.560e+00 6.337e-01
3.570e+00 7.615e-01
3.580e+00 7.276e-01
3.590e+00 5.833e-01
3.600e+00 5.341e-01
3.610e+00 6.557e-01
3.620e+00 6.056e-01
3.630e+00 5.443e-01
3.640e+00 4.641e-01
3.650e+00 6.786e-01
3.660e+00 7.202e-01
3.670e+00 6.658e-01
3.680e+00 6.871e-01
3.690e+00 6.097e-01
3.700e+00 6.777e-01
3.710e+00 6.376e-01
3.720e+00 5.489e-01
3.730e+00 5.465e-01
3.740e+00 8.182e-01
3.750e+00 8.400e-01
3.760e+00 8.174e-01
3.770e+00 8.319e-01
3.780e+00 7.476e-01
3.790e+00 6.394e-01
3.800e+00 7.312e-01
3.810e+00 6.653e-01
3.820e+00 6.012e-01
3.830e+00 4.880e-01
3.840e+00 5.407e-01
3.850e+00 5.150e-01
3.860e+00 5.104e-01
3.870e+00 4.850e-01
3.880e+00 4.249e-01
3.890e+00 4.252e-01
3.900e+00 5.183e-01
3.910e+00 5.485e-01
3.920e+00 4.768e-01
3.930e+00 4.032e-01
3.940e+00 4.571e-01
3.950e+00 4.753e-01
3.960e+00 3.921e-01
3.970e+00 2.930e-01
3.980e+00 2.337e-01
3.990e+00 2.571e-01
4.000e+00 3.979e-01
4.010e+00 4.374e-01
4.020e+00 4.662e-01
4.030e+00 5.350e-01
4.040e+00 5.845e-01
4.050e+00 5.736e-01
4.060e+00 5.451e-01
4.070e+00 5.320e-01
4.080e+00 5.265e-01
4.090e+00 4.923e-01
4.100e+00 4.285e-01
4.110e+00 3.431e-01
4.120e+00 4.409e-01
4.130e+00 4.607e-01
4.140e+00 5.154e-01
4.150e+00 5.152e-01
4.160e+00 5.495e-01
4.170e+00 6.964e-01
4.180e+00 7.063e-01
4.190e+00 5.278e-01
4.200e+00 4.991e-01
4.210e+00 4.572e-01
4.220e+00 5.061e-01
4.230e+00 4.530e-01
4.240e+00 3.715e-01
4.250e+00 3.593e-01
4.260e+00 4.463e-01
4.270e+00 3.998e-01
4.280e+00 4.071e-01
4.290e+00 4.365e-01
4.300e+00 3.550e-01
4.310e+00 2.660e-01
4.320e+00 3.281e-01
4.330e+00 2.967e-01
4.340e+00 3.391e-01
4.350e+00 4.645e-01
4.360e+00 5.574e-01
4.370e+00 5.004e-01
4.380e+00 4.840e-01
4.390e+00 4.122e-01
4.400e+00 4.536e-01
4.410e+00 4.546e-01
4.420e+00 4.078e-01
4.430e+00 2.938e-01
4.440e+00 3.788e-01
4.450e+00 4.605e-01
4.460e+00 4.654e-01
4.470e+00 4.510e-01
4.480e+00 3.721e-01
4.490e+00 5.245e-01
4.500e+00 6.534e-01
4.510e+00 5.925e-01
4.520e+00 5.792e-01
4.530e+00 6.034e-01
4.540e+00 6.393e-01
4.550e+00 6.606e-01
4.560e+00 5.639e-01
4.570e+00 4.797e-01
4.580e+00 3.684e-01
4.590e+00 3.272e-01
4.600e+00 3.027e-01
4.610e+00 1.918e-01
4.620e+00 1.900e-01
4.630e+00 3.755e-01
4.640e+00 3.642e-01
4.650e+00 3.522e-01
4.660e+00 4.261e-01
4.670e+00 5.485e-01
4.680e+00 5.253e-01
4.690e+00 5.981e-01
4.700e+00 6.336e-01
4.710e+00 5.587e-01
4.720e+00 6.024e-01
4.730e+00 4.746e-01
4.740e+00 4.535e-01
4.750e+00 5.325e-01
4.760e+00 5.385e-01
4.770e+00 4.607e-01
4.780e+00 5.121e-01
4.790e+00 5.561e-01
4.800e+00 5.580e-01
4.810e+00 5.338e-01
4.820e+00 5.170e-01
4.830e+00 5.665e-01
4.840e+00 6.039e-01
4.850e+00 4.934e-01
4.860e+00 5.310e-01
4.870e+00 5.600e-01
4.880e+00 5.745e-01
4.890e+00 4.836e-01
4.900e+00 5.324e-01
4.910e+00 4.819e-01
4.920e+00 5.719e-01
4.930e+00 5.767e-01
4.940e+00 5.384e-01
4.950e+00 5.238e-01
4.960e+00 5.261e-01
4.970e+00 4.933e-01
4.980e+00 4.944e-01
4.990e+00 4.476e-01
-5.000e+00 3.496e-01
-4.990e+00 4.476e-01
-4.980e+00 4.944e-01
-4.970e+00 4.933e-01
-4.960e+00 5.261e-01
-4.950e+00 5.238e-01
-4.940e+00 5.384e-01
-4.930e+00 5.767e-01
-4.920e+00 5.719e-01
-4.910e+00 4.819e-01
-4.900e+00 5.324e-01
-4.890e+00 4.836e-01
-4.880e+00 5.745e-01
-4.870e+00 5.600e-01
-4.860e+00 5.310e-01
-4.850e+00 4.934e-01
-4.840e+00 6.039e-01
-4.830e+00 5.665e-01
-4.820e+00 5.170e-01
-4.810e+00 5.338e-01
-4.800e+00 5.580e-01
-4.790e+00 5.561e-01
-4.780e+00 5.121e-01
-4.770e+00 4.607e-01
-4.760e+00 5.385e-01
-4.750e+00 5.325e-01
-4.740e+00 4.535e-01
-4.730e+00 4.746e-01
-4.720e+00 6.024e-01
-4.710e+00 5.587e-01
-4.700e+00 6.336e-01
-4.690e+00 5.981e-01
-4.680e+00 5.253e-01
-4.670e+00 5.485e-01
-4.660e+00 4.261e-01
-4.650e+00 3.522e-01
-4.640e+00 3.642e-01
-4.630e+00 3.755e-01
-4.620e+00 1.900e-01
-4.610e+00 1.918e-01
-4.600e+00 3.027e-01
-4.590e+00 3.272e-01
-4.580e+00 3.684e-01
-4.570e+00 4.797e-01
-4.560e+00 5.639e-01
-4.550e+00 6.606e-01
-4.540e+00 6.393e-01
-4.530e+00 6.034e-01
-4.520e+00 5.792e-01
-4.510e+00 5.925e-01
-4.500e+00 6.534e-01
-4.490e+00 5.245e-01
-4.480e+00 3.721e-01
-4.470e+00 4.510e-01
-4.460e+00 4.654e-01
-4.450e+00 4.605e-01
-4.440e+00 3.788e-01
-4.430e+00 2.938e-01
-4.420e+00 4.078e-01
-4.410e+00 4.546e-01
-4.400e+00 4.536e-01
-4.390e+00 4.122e-01
-4.380e+00 4.840e-01
-4.370e+00 5.004e-01
-4.360e+00 5.574e-01
-4.350e+00 4.645e-01
-4.340e+00 3.391e-01
-4.330e+00 2.967e-01
-4.320e+00 3.281e-01
-4.310e+00 2.660e-01
-4.300e+00 3.550e-01
-4.290e+00 4.365e-01
-4.280e+00 4.071e-01
-4.270e+00 3.998e-01
-4.260e+00 4.463e-01
-4.250e+00 3.593e-01
-4.240e+00 3.715e-01
-4.230e+00 4.530e-01
-4.220e+00 5.061e-01
-4.210e+00 4.572e-01
-4.200e+00 4.991e-01
-4.190e+00 5.278e-01
-4.180e+00 7.063e-01
-4.170e+00 6.964e-01
-4.160e+00 5.495e-01
-4.150e+00 5.152e-01
-4.140e+00 5.154e-01
-4.130e+00 4.607e-01
-4.120e+00 4.409e-01
-4.110e+00 3.431e-01
-4.100e+00 4.285e-01
-4.090e+00 4.923e-01
-4.080e+00 5.265e-01
-4.070e+00 5.320e-01
-4.060e+00 5.451e-01
-4.050e+00 5.736e-01
-4.040e+00 5.845e-01
-4.030e+00 5.350e-01
-4.020e+00 4.662e-01
-4.010e+00 4.374e-01
-4.000e+00 3.979e-01
-3.990e+00 2.571e-01
-3.980e+00 2.337e-01
-3.970e+00 2.930e-01
-3.960e+00 3.921e-01
-3.950e+00 4.753e-01
-3.940e+00 4.571e-01
-3.930e+00 4.032e-01
-3.920e+00 4.768e-01
-3.910e+00 5.485e-01
-3.900e+00 5.183e-01
-3.890e+00 4.252e-01
-3.880e+00 4.249e-01
-3.870e+00 4.850e-01
-3.860e+00 5.104e-01
-3.850e+00 5.150e-01
-3.840e+00 5.407e-01
-3.830e+00 4.880e-01
-3.820e+00 6.012e-01
-3.810e+00 6.653e-01
-3.800e+00 7.312e-01
-3.790e+00 6.394e-01
-3.780e+00 7.476e-01
-3.770e+00 8.319e-01
-3.760e+00 8.174e-01
-3.750e+00 8.400e-01
-3.740e+00 8.182e-01
-3.730e+00 5.465e-01
-3.720e+00 5.489e-01
-3.710e+00 6.376e-01
-3.700e+00 6.777e-01
-3.690e+00 6.097e-01
-3.680e+00 6.871e-01
-3.670e+00 6.658e-01
-3.660e+00 7.202e-01
-3.650e+00 6.786e-01
-3.640e+00 4.641e-01
-3.630e+00 5.443e-01
-3.620e+00 6.056e-01
-3.610e+00 6.557e-01
-3.600e+00 5.341e-01
-3.590e+00 5.833e-01
-3.580e+00 7.276e-01
-3.570e+00 7.615e-01
-3.560e+00 6.337e-01
-3.550e+00 5.611e-01
-3.540e+00 7.215e-01
-3.530e+00 6.525e-01
-3.520e+00 5.059e-01
-3.510e+00 4.635e-01
-3.500e+00 6.006e-01
-3.490e+00 6.550e-01
-3.480e+00 5.746e-01
-3.470e+00 5.033e-01
-3.460e+00 5.497e-01
-3.450e+00 5.916e-01
-3.440e+00 5.709e-01
-3.430e+00 3.741e-01
-3.420e+00 4.960e-01
-3.410e+00 5.783e-01
-3.400e+00 5.956e-01
-3.390e+00 4.838e-01
-3.380e+00 5.038e-01
-3.370e+00 5.943e-01
-3.360e+00 5.427e-01
-3.350e+00 3.622e-01
-3.340e+00 3.762e-01
-3.330e+00 4.772e-01
-3.320e+00 5.618e-01
-3.310e+00 4.736e-01
-3.300e+00 4.814e-01
-3.290e+00 7.602e-01
-3.280e+00 9.947e-01
-3.270e+00 1.015e+00
-3.260e+00 6.960e-01
-3.250e+00 5.779e-01
-3.240e+00 5.914e-01
-3.230e+00 6.466e-01
-3.220e+00 3.935e-01
-3.210e+00 1.584e-01
-3.200e+00 2.205e-01
-3.190e+00 4.071e-01
-3.180e+00 5.466e-01
-3.170e+00 5.681e-01
-3.160e+00 5.740e-01
-3.150e+00 7.640e-01
-3.140e+00 7.940e-01
-3.130e+00 8.441e-01
-3.120e+00 7.867e-01
-3.110e+00 7.254e-01
-3.100e+00 6.492e-01
-3.090e+00 5.348e-01
-3.080e+00 4.661e-01
-3.070e+00 3.000e-01
-3.060e+00 3.562e-01
-3.050e+00 2.824e-01
-3.040e+00 2.172e-01
-3.030e+00 3.714e-01
-3.020e+00 4.757e-01
-3.010e+00 5.568e-01
-3.000e+00 6.567e-01
-2.990e+00 7.051e-01
-2.980e+00 8.453e-01
-2.970e+00 8.813e-01
-2.960e+00 8.259e-01
-2.950e+00 7.509e-01
-2.940e+00 8.014e-01
-2.930e+00 6.333e-01
-2.920e+00 4.787e-01
-2.910e+00 3.978e-01
-2.900e+00 4.171e-01
-2.890e+00 5.182e-01
-2.880e+00 6.046e-01
-2.870e+00 5.260e-01
-2.860e+00 6.090e-01
-2.850e+00 6.819e-01
-2.840e+00 5.527e-01
-2.830e+00 4.697e-01
-2.820e+00 4.249e-01
-2.810e+00 4.771e-01
-2.800e+00 4.942e-01
-2.790e+00 4.223e-01
-2.780e+00 4.222e-01
-2.770e+00 6.322e-01
-2.760e+00 6.277e-01
-2.750e+00 6.422e-01
-2.740e+00 6.764e-01
-2.730e+00 7.640e-01
-2.720e+00 7.488e-01
-2.710e+00 7.175e-01
-2.700e+00 7.082e-01
-2.690e+00 8.244e-01
-2.680e+00 8.628e-01
-2.670e+00 6.691e-01
-2.660e+00 6.719e-01
-2.650e+00 7.431e-01
-2.640e+00 7.290e-01
-2.630e+00 5.846e-01
-2.620e+00 5.524e-01
-2.610e+00 5.011e-01
-2.600e+00 6.550e-01
-2.590e+00 7.374e-01
-2.580e+00 6.983e-01
-2.570e+00 6.091e-01
-2.560e+00 7.072e-01
-2.550e+00 7.030e-01
-2.540e+00 6.007e-01
-2.530e+00 3.798e-01
-2.520e+00 4.114e-01
-2.510e+00 3.712e-01
-2.500e+00 4.333e-01
-2.490e+00 5.693e-01
-2.480e+00 5.135e-01
-2.470e+00 5.271e-01
-2.460e+00 6.298e-01
-2.450e+00 7.081e-01
-2.440e+00 4.850e-01
-2.430e+00 4.647e-01
-2.420e+00 4.874e-01
-2.410e+00 4.749e-01
-2.400e+00 4.146e-01
-2.390e+00 4.427e-01
-2.380e+00 4.073e-01
-2.370e+00 5.391e-01
-2.360e+00 5.547e-01
-2.350e+00 5.845e-01
-2.340e+00 5.551e-01
-2.330e+00 7.034e-01
-2.320e+00 7.793e-01
-2.310e+00 7.650e-01
-2.300e+00 5.742e-01
-2.290e+00 5.982e-01
-2.280e+00 6.414e-01
-2.270e+00 8.007e-01
-2.260e+00 6.148e-01
-2.250e+00 3.694e-01
-2.240e+00 5.189e-01
-2.230e+00 7.090e-01
-2.220e+00 5.106e-01
-2.210e+00 3.600e-01
-2.200e+00 3.818e-01
-2.190e+00 6.350e-01
-2.180e+00 8.096e-01
-2.170e+00 6.057e-01
-2.160e+00 4.238e-01
-2.150e+00 5.361e-01
-2.140e+00 7.301e-01
-2.130e+00 5.007e-01
-2.120e+00 2.637e-01
-2.110e+00 3.095e-01
-2.100e+00 3.899e-01
-2.090e+00 4.616e-01
-2.080e+00 2.669e-01
-2.070e+00 1.061e-01
-2.060e+00 4.626e-01
-2.050e+00 7.823e-01
-2.040e+00 6.969e-01
-2.030e+00 4.019e-01
-2.020e+00 6.461e-01
-2.010e+00 9.437e-01
-2.000e+00 9.125e-01
-1.990e+00 5.800e-01
-1.980e+00 5.526e-01
-1.970e+00 4.951e-01
-1.960e+00 3.784e-01
-1.950e+00 2.518e-01
-1.940e+00 2.194e-01
-1.930e+00 3.424e-01
-1.920e+00 5.765e-01
-1.910e+00 5.846e-01
-1.900e+00 5.599e-01
-1.890e+00 5.736e-01
-1.880e+00 7.914e-01
-1.870e+00 9.129e-01
-1.860e+00 9.734e-01
-1.850e+00 9.118e-01
-1.840e+00 9.237e-01
-1.830e+00 7.903e-01
-1.820e+00 7.389e-01
-1.810e+00 6.884e-01
-1.800e+00 5.880e-01
-1.790e+00 5.102e-01
-1.780e+00 4.570e-01
-1.770e+00 6.011e-01
-1.760e+00 6.458e-01
-1.750e+00 6.494e-01
-1.740e+00 6.697e-01
-1.730e+00 7.302e-01
-1.720e+00 6.300e-01
-1.710e+00 8.101e-01
-1.700e+00 6.858e-01
-1.690e+00 7.152e-01
-1.680e+00 5.887e-01
-1.670e+00 7.585e-01
-1.660e+00 6.737e-01
-1.650e+00 5.553e-01
-1.640e+00 6.041e-01
-1.630e+00 6.017e-01
-1.620e+00 6.380e-01
-1.610e+00 7.977e-01
-1.600e+00 7.094e-01
-1.590e+00 8.195e-01
-1.580e+00 7.548e-01
-1.570e+00 8.829e-01
-1.560e+00 9.082e-01
-1.550e+00 6.729e-01
-1.540e+00 7.383e-01
-1.530e+00 8.328e-01
-1.520e+00 8.480e-01
-1.510e+00 6.728e-01
-1.500e+00 6.238e-01
-1.490e+00 7.395e-01
-1.480e+00 9.411e-01
-1.470e+00 9.777e-01
-1.460e+00 9.248e-01
-1.450e+00 9.645e-01
-1.440e+00 1.140e+00
-1.430e+00 9.887e-01
-1.420e+00 8.453e-01
-1.410e+00 5.863e-01
-1.400e+00 6.530e-01
-1.390e+00 5.559e-01
-1.380e+00 4.099e-01
-1.370e+00 3.095e-01
-1.360e+00 7.213e-01
-1.350e+00 1.018e+00
-1.340e+00 1.019e+00
-1.330e+00 7.829e-01
-1.320e+00 1.047e+00
-1.310e+00 1.300e+00
-1.300e+00 1.244e+00
-1.290e+00 8.434e-01
-1.280e+00 7.979e-01
-1.270e+00 8.419e-01
-1.260e+00 8.391e-01
-1.250e+00 7.202e-01
-1.240e+00 7.228e-01
-1.230e+00 6.671e-01
-1.220e+00 9.624e-01
-1.210e+00 7.638e-01
-1.200e+00 5.337e-01
-1.190e+00 5.617e-01
-1.180e+00 8.856e-01
-1.170e+00 8.405e-01
-1.160e+00 8.647e-01
-1.150e+00 7.498e-01
-1.140e+00 8.325e-01
-1.130e+00 1.049e+00
-1.120e+00 8.874e-01
-1.110e+00 6.771e-01
-1.100e+00 3.823e-01
-1.090e+00 7.701e-01
-1.080e+00 8.474e-01
-1.070e+00 8.393e-01
-1.060e+00 4.100e-01
-1.050e+00 3.705e-01
-1.040e+00 4.518e-01
-1.030e+00 8.532e-01
-1.020e+00 5.372e-01
-1.010e+00 4.459e-01
-1.000e+00 6.211e-01
-9.900e-01 5.529e-01
-9.800e-01 5.328e-01
-9.700e-01 4.754e-01
-9.600e-01 7.097e-01
-9.500e-01 8.112e-01
-9.400e-01 1.125e+00
-9.300e-01 1.065e+00
-9.200e-01 9.949e-01
-9.100e-01 1.122e+00
-9.000e-01 9.053e-01
-8.900e-01 1.198e+00
-8.800e-01 9.764e-01
-8.700e-01 5.774e-01
-8.600e-01 6.636e-01
-8.500e-01 8.739e-01
-8.400e-01 7.209e-01
-8.300e-01 7.070e-01
-8.200e-01 6.525e-01
-8.100e-01 1.922e-01
-8.000e-01 5.277e-01
-7.900e-01 7.973e-01
-7.800e-01 9.178e-01
-7.700e-01 6.742e-01
-7.600e-01 7.993e-01
-7.500e-01 9.561e-01
-7.400e-01 1.133e+00
-7.300e-01 9.345e-01
-7.200e-01 8.202e-01
-7.100e-01 1.134e+00
-7.000e-01 1.352e+00
-6.900e-01 1.451e+00
-6.800e-01 1.551e+00
-6.700e-01 1.278e+00
-6.600e-01 1.488e+00
-6.500e-01 1.384e+00
-6.400e-01 1.317e+00
-6.300e-01 1.308e+00
-6.200e-01 1.350e+00
-6.100e-01 1.187e+00
-6.000e-01 1.227e+00
-5.900e-01 1.194e+00
-5.800e-01 9.192e-01
-5.700e-01 1.340e+00
-5.600e-01 1.412e+00
-5.500e-01 1.380e+00
-5.400e-01 1.511e+00
-5.300e-01 1.263e+00
-5.200e-01 1.293e+00
-5.100e-01 1.770e+00
-5.000e-01 1.124e+00
-4.900e-01 5.411e-01
-4.800e-01 1.342e+00
-4.700e-01 1.248e+00
-4.600e-01 1.045e+00
-4.500e-01 1.136e+00
-4.400e-01 1.794e+00
-4.300e-01 1.992e+00
-4.200e-01 2.022e+00
-4.100e-01 1.933e+00
-4.000e-01 1.933e+00
-3.900e-01 2.378e+00
-3.800e-01 1.872e+00
-3.700e-01 1.736e+00
-3.600e-01 1.654e+00
-3.500e-01 1.372e+00
-3.400e-01 1.314e+00
-3.300e-01 1.349e+00
-3.200e-01 1.272e+00
-3.100e-01 1.495e+00
-3.000e-01 1.860e+00
-2.900e-01 1.711e+00
-2.800e-01 2.570e+00
-2.700e-01 3.296e+00
-2.600e-01 2.955e+00
-2.500e-01 2.602e+00
-2.400e-01 2.000e+00
-2.300e-01 2.417e+00
-2.200e-01 3.133e+00
-2.100e-01 2.682e+00
-2.000e-01 2.351e+00
-1.900e-01 2.681e+00
-1.800e-01 2.946e+00
-1.700e-01 2.409e+00
-1.600e-01 2.290e+00
-1.500e-01 4.372e+00
-1.400e-01 4.805e+00
-1.300e-01 5.395e+00
-1.200e-01 5.382e+00
-1.100e-01 7.908e+00
-1.000e-01 9.569e+00
-9.000e-02 8.963e+00
-8.000e-02 9.010e+00
-7.000e-02 8.881e+00
-6.000e-02 1.045e+01
-5.000e-02 1.222e+01
-4.000e-02 1.213e+01
-3.000e-02 1.081e+01
-2.000e-02 1.423e+01
-1.000e-02 1.433e+01
