# Time (ps)      real(F_2)      im(F_2)
0.000e+00 1.000e+00 0.000e+00
1.000e-01 9.197e-01 -3.858e-02
2.000e-01 7.759e-01 -1.246e-02
3.000e-01 7.788e-01 -3.903e-02
4.000e-01 7.061e-01 -3.859e-03
5.000e-01 7.095e-01 -4.734e-02
6.000e-01 6.807e-01 -2.273e-02
7.000e-01 6.656e-01 -5.021e-02
8.000e-01 6.311e-01 -8.992e-03
9.000e-01 6.075e-01 1.865e-02
1.000e+00 5.544e-01 4.955e-02
1.100e+00 5.209e-01 6.698e-02
1.200e+00 5.150e-01 3.195e-02
1.300e+00 5.146e-01 3.417e-02
1.400e+00 4.694e-01 5.992e-02
1.500e+00 4.700e-01 3.554e-02
1.600e+00 4.345e-01 6.138e-02
1.700e+00 4.036e-01 4.751e-02
1.800e+00 3.917e-01 4.838e-02
1.900e+00 4.370e-01 2.530e-02
2.000e+00 4.360e-01 4.989e-02
2.100e+00 4.325e-01 1.995e-02
2.200e+00 4.075e-01 4.232e-02
2.300e+00 3.716e-01 5.519e-02
2.400e+00 3.677e-01 4.349e-02
2.500e+00 3.897e-01 2.018e-02
2.600e+00 3.698e-01 3.893e-02
2.700e+00 3.844e-01 2.888e-02
2.800e+00 4.020e-01 2.546e-02
2.900e+00 3.791e-01 4.092e-02
3.000e+00 3.618e-01 3.765e-02
3.100e+00 3.563e-01 9.978e-03
3.200e+00 3.604e-01 -1.891e-02
3.300e+00 3.437e-01 4.992e-03
3.400e+00 3.402e-01 1.050e-02
3.500e+00 3.503e-01 -8.390e-03
3.600e+00 3.232e-01 -1.157e-02
3.700e+00 2.811e-01 -4.830e-02
3.800e+00 3.134e-01 -5.380e-02
3.900e+00 2.970e-01 -7.608e-02
4.000e+00 2.900e-01 -2.221e-02
4.100e+00 2.344e-01 -6.950e-03
4.200e+00 2.255e-01 8.503e-03
4.300e+00 2.528e-01 -5.476e-03
4.400e+00 2.781e-01 -4.203e-02
4.500e+00 3.102e-01 2.067e-02
4.600e+00 2.679e-01 -2.299e-02
4.700e+00 2.631e-01 7.480e-04
4.800e+00 2.725e-01 1.691e-02
4.900e+00 2.637e-01 3.640e-02
5.000e+00 2.078e-01 6.526e-03
5.100e+00 2.065e-01 3.380e-02
5.200e+00 2.068e-01 8.615e-03
5.300e+00 1.979e-01 1.550e-02
5.400e+00 2.099e-01 1.698e-02
5.500e+00 2.330e-01 -1.577e-03
5.600e+00 2.338e-01 -1.522e-02
5.700e+00 2.354e-01 -1.987e-02
5.800e+00 2.112e-01 -2.604e-02
5.900e+00 2.102e-01 -2.857e-02
6.000e+00 1.782e-01 -1.570e-02
6.100e+00 2.122e-01 1.554e-02
6.200e+00 2.189e-01 5.754e-03
6.300e+00 1.894e-01 -5.450e-04
6.400e+00 1.873e-01 3.117e-02
6.500e+00 1.612e-01 1.146e-02
6.600e+00 1.873e-01 -7.055e-03
6.700e+00 1.752e-01 -9.347e-03
6.800e+00 2.058e-01 -3.364e-02
6.900e+00 1.582e-01 1.039e-02
7.000e+00 1.685e-01 -1.599e-02
7.100e+00 1.787e-01 2.210e-02
7.200e+00 1.529e-01 4.245e-02
7.300e+00 1.695e-01 3.876e-02
7.400e+00 1.496e-01 2.653e-02
7.500e+00 1.461e-01 -1.806e-03
7.600e+00 1.550e-01 -7.210e-03
7.700e+00 1.774e-01 2.107e-02
7.800e+00 1.637e-01 2.233e-02
7.900e+00 1.427e-01 3.393e-03
8.000e+00 1.503e-01 1.006e-02
8.100e+00 1.538e-01 1.073e-02
8.200e+00 1.394e-01 2.344e-02
8.300e+00 1.573e-01 1.807e-02
8.400e+00 1.470e-01 2.945e-02
8.500e+00 1.769e-01 2.221e-02
8.600e+00 1.427e-01 1.705e-02
8.700e+00 1.247e-01 1.068e-02
8.800e+00 1.228e-01 2.797e-02
8.900e+00 1.363e-01 2.356e-03
9.000e+00 1.285e-01 4.628e-02
9.100e+00 1.446e-01 4.064e-02
9.200e+00 1.441e-01 3.583e-02
9.300e+00 1.722e-01 7.145e-02
9.400e+00 1.540e-01 7.668e-02
9.500e+00 1.301e-01 5.156e-02
9.600e+00 1.308e-01 6.913e-02
9.700e+00 1.304e-01 4.070e-02
9.800e+00 1.684e-01 3.957e-02
9.900e+00 1.315e-01 3.104e-02
1.000e+01 1.200e-01 -1.497e-02
1.010e+01 9.381e-02 2.472e-02
1.020e+01 8.529e-02 1.463e-02
1.030e+01 1.016e-01 1.428e-02
1.040e+01 1.094e-01 1.598e-02
1.050e+01 1.174e-01 1.934e-02
1.060e+01 1.148e-01 8.738e-03
1.070e+01 1.013e-01 1.880e-02
1.080e+01 9.871e-02 2.558e-02
1.090e+01 9.758e-02 9.337e-03
1.100e+01 1.199e-01 2.520e-02
1.110e+01 9.862e-02 2.331e-02
1.120e+01 7.786e-02 1.245e-02
1.130e+01 8.570e-02 -9.035e-03
1.140e+01 8.121e-02 -2.428e-03
1.150e+01 6.071e-02 7.130e-03
1.160e+01 5.110e-02 -8.167e-03
1.170e+01 5.502e-02 8.819e-03
1.180e+01 6.237e-02 2.434e-02
1.190e+01 5.530e-02 5.132e-03
1.200e+01 5.956e-02 1.680e-03
1.210e+01 7.579e-02 8.045e-03
1.220e+01 6.619e-02 2.666e-02
1.230e+01 6.251e-02 6.075e-03
1.240e+01 6.927e-02 6.165e-03
1.250e+01 5.130e-02 5.984e-03
1.260e+01 6.146e-02 9.870e-03
1.270e+01 6.773e-02 -1.120e-03
1.280e+01 6.402e-02 -7.545e-03
1.290e+01 6.107e-02 -8.332e-04
1.300e+01 4.249e-02 -5.827e-04
1.310e+01 5.773e-02 2.080e-03
1.320e+01 4.334e-02 -7.622e-03
1.330e+01 3.660e-02 -8.076e-03
1.340e+01 2.718e-02 -8.894e-03
1.350e+01 2.782e-02 7.065e-03
1.360e+01 1.891e-02 -3.446e-03
1.370e+01 3.105e-02 -6.683e-03
1.380e+01 3.567e-02 3.549e-04
1.390e+01 4.141e-02 9.955e-03
1.400e+01 3.945e-02 -1.687e-03
1.410e+01 4.047e-02 -8.898e-03
1.420e+01 3.673e-02 -1.160e-03
1.430e+01 3.546e-02 -4.578e-03
1.440e+01 4.050e-02 -8.564e-03
1.450e+01 3.677e-02 -2.065e-02
1.460e+01 3.571e-02 -2.071e-02
1.470e+01 3.651e-02 -3.765e-02
1.480e+01 5.476e-02 -3.425e-02
1.490e+01 6.514e-02 -1.435e-02
1.500e+01 4.937e-02 -3.468e-02
1.510e+01 3.841e-02 -2.504e-02
1.520e+01 2.259e-02 4.954e-03
1.530e+01 3.987e-02 7.344e-03
1.540e+01 3.872e-02 1.614e-02
1.550e+01 4.762e-02 2.829e-03
1.560e+01 4.339e-02 -2.421e-02
1.570e+01 2.072e-02 -2.485e-03
1.580e+01 5.425e-02 5.737e-03
1.590e+01 4.918e-02 1.922e-02
1.600e+01 4.803e-02 6.240e-05
1.610e+01 4.779e-02 1.657e-03
1.620e+01 5.847e-02 5.728e-03
1.630e+01 3.805e-02 6.830e-03
1.640e+01 5.100e-02 -9.187e-03
1.650e+01 3.029e-02 -4.362e-03
1.660e+01 6.854e-02 2.217e-03
1.670e+01 5.263e-02 -7.660e-03
1.680e+01 5.769e-02 -1.497e-02
1.690e+01 5.075e-02 -5.810e-03
1.700e+01 5.828e-02 -5.141e-03
1.710e+01 7.007e-02 7.216e-03
1.720e+01 5.975e-02 5.687e-03
1.730e+01 7.098e-02 2.051e-02
1.740e+01 6.661e-02 2.862e-02
1.750e+01 6.135e-02 2.267e-02
1.760e+01 6.543e-02 1.944e-02
1.770e+01 6.353e-02 1.327e-02
1.780e+01 6.874e-02 2.734e-02
1.790e+01 6.259e-02 6.879e-03
1.800e+01 5.119e-02 4.135e-03
1.810e+01 6.869e-02 6.929e-03
1.820e+01 6.111e-02 3.728e-02
1.830e+01 7.154e-02 3.286e-02
1.840e+01 5.227e-02 1.834e-02
1.850e+01 3.694e-02 1.503e-02
1.860e+01 3.222e-02 1.556e-02
1.870e+01 4.395e-02 1.557e-02
1.880e+01 5.234e-02 1.448e-02
1.890e+01 4.961e-02 1.878e-02
1.900e+01 3.386e-02 9.039e-03
1.910e+01 5.495e-02 1.362e-02
1.920e+01 5.434e-02 9.735e-03
1.930e+01 4.418e-02 -6.113e-03
1.940e+01 5.396e-02 9.617e-03
1.950e+01 3.737e-02 8.310e-03
1.960e+01 4.704e-02 1.907e-02
1.970e+01 4.274e-02 2.134e-02
1.980e+01 3.717e-02 2.359e-02
1.990e+01 4.295e-02 3.005e-02
2.000e+01 4.768e-02 4.286e-02
2.010e+01 6.097e-02 2.264e-02
2.020e+01 3.664e-02 2.252e-02
2.030e+01 2.614e-02 1.799e-02
2.040e+01 2.006e-02 1.954e-02
2.050e+01 2.495e-02 1.511e-02
2.060e+01 2.357e-02 2.676e-02
2.070e+01 1.782e-02 1.582e-02
2.080e+01 2.023e-02 -8.153e-03
2.090e+01 3.383e-02 2.723e-03
2.100e+01 3.885e-02 6.081e-03
2.110e+01 3.136e-02 3.734e-03
2.120e+01 3.877e-02 -2.945e-03
2.130e+01 4.690e-02 3.371e-03
2.140e+01 3.774e-02 -7.932e-03
2.150e+01 3.508e-02 -4.164e-04
2.160e+01 2.910e-02 -8.090e-04
2.170e+01 3.545e-02 -5.247e-03
2.180e+01 3.565e-02 5.506e-03
2.190e+01 2.857e-02 -3.182e-03
2.200e+01 3.571e-02 -3.749e-03
2.210e+01 3.589e-02 6.226e-03
2.220e+01 3.522e-02 6.957e-03
2.230e+01 3.978e-02 3.049e-03
2.240e+01 4.506e-02 6.651e-03
2.250e+01 3.881e-02 4.126e-03
2.260e+01 2.784e-02 -5.881e-03
2.270e+01 2.408e-02 -4.251e-03
2.280e+01 3.288e-02 6.076e-03
2.290e+01 3.032e-02 7.477e-03
2.300e+01 3.185e-02 7.947e-03
2.310e+01 2.122e-02 4.276e-03
2.320e+01 1.209e-02 -2.172e-03
2.330e+01 1.549e-02 -1.053e-02
2.340e+01 1.308e-02 -8.059e-03
2.350e+01 1.742e-02 -1.180e-02
2.360e+01 1.787e-02 1.654e-03
2.370e+01 1.067e-02 6.949e-03
2.380e+01 2.520e-02 9.213e-03
2.390e+01 2.669e-02 8.145e-04
2.400e+01 2.454e-02 -6.532e-03
2.410e+01 2.223e-02 -1.644e-02
2.420e+01 2.696e-02 -1.798e-02
2.430e+01 2.935e-02 -9.092e-03
2.440e+01 1.811e-02 -7.964e-03
2.450e+01 1.632e-02 5.880e-04
2.460e+01 1.708e-02 -2.762e-03
2.470e+01 1.959e-02 -8.401e-03
2.480e+01 7.480e-03 6.080e-03
2.490e+01 1.612e-02 -8.009e-04
2.500e+01 1.311e-02 -1.171e-03
2.510e+01 7.399e-03 -5.264e-03
2.520e+01 6.487e-03 -3.706e-03
2.530e+01 4.811e-03 2.880e-03
2.540e+01 -4.310e-03 1.105e-02
2.550e+01 -3.289e-03 -1.596e-02
2.560e+01 -3.248e-04 -2.308e-02
2.570e+01 -5.895e-03 -4.339e-03
2.580e+01 1.197e-02 -1.174e-02
2.590e+01 -6.186e-03 -1.555e-02
2.600e+01 1.210e-02 -3.553e-02
2.610e+01 -4.786e-03 -3.168e-02
2.620e+01 -8.817e-03 -3.403e-02
2.630e+01 -2.063e-04 -3.727e-02
2.640e+01 4.215e-03 -2.741e-02
2.650e+01 8.122e-04 -2.402e-02
2.660e+01 -2.187e-03 -2.092e-02
2.670e+01 -8.000e-03 -2.667e-02
2.680e+01 7.130e-03 -3.385e-02
2.690e+01 1.719e-03 -3.425e-02
2.700e+01 3.789e-03 -3.165e-02
2.710e+01 8.414e-03 -2.878e-02
2.720e+01 7.502e-03 -1.095e-02
2.730e+01 -1.892e-02 -1.314e-02
2.740e+01 -6.283e-03 -1.997e-02
2.750e+01 -1.992e-03 -9.889e-03
2.760e+01 -3.762e-03 -3.904e-03
2.770e+01 -2.527e-02 -1.653e-02
2.780e+01 -6.752e-03 -2.683e-03
2.790e+01 -1.672e-02 6.794e-03
2.800e+01 -2.852e-03 -6.648e-03
2.810e+01 -1.050e-02 1.549e-03
2.820e+01 -5.868e-03 -1.933e-02
2.830e+01 -4.205e-03 -1.946e-02
2.840e+01 -8.811e-03 -1.667e-03
2.850e+01 -1.564e-02 5.395e-03
2.860e+01 -2.074e-03 5.119e-03
2.870e+01 -2.640e-02 6.888e-03
2.880e+01 7.077e-03 -7.016e-03
2.890e+01 2.085e-03 -1.022e-02
2.900e+01 1.275e-03 -8.698e-03
2.910e+01 -8.632e-05 -8.498e-03
2.920e+01 5.752e-03 -8.223e-03
2.930e+01 4.136e-04 -8.644e-03
2.940e+01 6.659e-03 -1.397e-02
2.950e+01 8.587e-03 -1.656e-02
2.960e+01 4.889e-03 -1.706e-02
2.970e+01 4.696e-03 -1.586e-02
2.980e+01 1.663e-02 -2.026e-02
2.990e+01 7.455e-03 -1.646e-02
3.000e+01 1.322e-02 -1.931e-02
3.010e+01 1.086e-02 -1.311e-02
3.020e+01 5.606e-03 -1.417e-02
3.030e+01 7.604e-03 -1.326e-02
3.040e+01 9.683e-03 -1.531e-02
3.050e+01 2.671e-03 -7.076e-03
3.060e+01 -6.986e-03 -1.409e-02
3.070e+01 -1.249e-02 -1.141e-02
3.080e+01 -1.969e-02 -1.063e-02
3.090e+01 -4.931e-04 -1.829e-02
3.100e+01 -6.200e-03 -1.390e-02
3.110e+01 -8.846e-03 -2.519e-02
3.120e+01 -5.040e-03 -2.622e-02
3.130e+01 -5.734e-03 -1.607e-02
3.140e+01 -5.153e-03 -1.235e-02
3.150e+01 -1.622e-02 -9.466e-03
3.160e+01 -1.211e-02 -1.179e-02
3.170e+01 -1.561e-02 -1.502e-02
3.180e+01 -1.414e-02 -1.603e-02
3.190e+01 1.377e-03 -2.549e-02
3.200e+01 -5.057e-03 -2.674e-02
3.210e+01 -6.741e-03 -2.081e-02
3.220e+01 -1.564e-03 -1.424e-02
3.230e+01 -5.165e-05 4.060e-03
3.240e+01 3.608e-03 1.128e-03
3.250e+01 5.911e-03 -3.703e-03
3.260e+01 6.773e-03 -2.072e-03
3.270e+01 6.337e-03 -9.608e-03
3.280e+01 1.430e-02 -1.126e-02
3.290e+01 6.212e-03 -1.267e-02
3.300e+01 1.093e-02 -1.204e-02
3.310e+01 1.288e-02 -8.194e-03
3.320e+01 1.341e-02 -6.943e-03
3.330e+01 1.042e-02 -9.483e-03
3.340e+01 9.103e-03 -1.652e-02
3.350e+01 3.687e-03 -1.540e-02
3.360e+01 -7.139e-03 -2.268e-02
3.370e+01 3.057e-03 -1.251e-02
3.380e+01 4.363e-03 -9.370e-03
3.390e+01 -7.144e-03 -1.516e-02
3.400e+01 -4.918e-03 -2.978e-03
3.410e+01 -5.304e-03 -7.163e-03
3.420e+01 1.308e-03 -7.742e-03
3.430e+01 1.220e-02 -5.030e-03
3.440e+01 9.503e-03 -8.426e-03
3.450e+01 4.343e-04 -1.014e-02
3.460e+01 1.268e-03 -1.112e-02
3.470e+01 -5.731e-03 -9.448e-03
3.480e+01 -9.264e-03 -1.145e-02
3.490e+01 -6.902e-03 8.039e-03
3.500e+01 -1.080e-02 1.806e-02
3.510e+01 -2.861e-02 -3.725e-03
3.520e+01 -7.389e-03 -8.867e-03
3.530e+01 -1.333e-02 -9.947e-03
3.540e+01 -6.164e-03 -1.156e-02
3.550e+01 -1.327e-02 -7.564e-03
3.560e+01 -3.199e-02 -5.767e-03
3.570e+01 -1.539e-02 1.047e-02
3.580e+01 -2.379e-02 8.367e-03
3.590e+01 -1.898e-02 -1.168e-02
3.600e+01 -1.338e-02 -5.977e-03
3.610e+01 -2.260e-02 -2.400e-02
3.620e+01 -1.769e-02 -1.592e-02
3.630e+01 -2.057e-02 -1.296e-02
3.640e+01 -9.687e-03 2.519e-03
3.650e+01 1.077e-03 -2.940e-03
3.660e+01 1.085e-02 -1.263e-02
3.670e+01 1.252e-02 1.501e-03
3.680e+01 -2.644e-03 1.041e-02
3.690e+01 -9.410e-03 4.780e-03
3.700e+01 -1.032e-02 6.488e-03
3.710e+01 -1.131e-02 1.449e-02
3.720e+01 -2.166e-02 3.851e-03
3.730e+01 -2.844e-02 1.294e-04
3.740e+01 -1.427e-02 3.636e-03
3.750e+01 -1.042e-02 1.115e-02
3.760e+01 -1.542e-02 1.730e-03
3.770e+01 -1.926e-02 -6.186e-03
3.780e+01 -1.834e-02 -3.948e-04
3.790e+01 -1.448e-02 8.135e-04
3.800e+01 -6.996e-03 1.487e-03
3.810e+01 4.547e-03 1.729e-03
3.820e+01 -4.314e-03 -1.098e-02
3.830e+01 -6.677e-03 -3.310e-03
3.840e+01 -1.017e-02 1.280e-02
3.850e+01 -8.403e-03 -8.652e-03
3.860e+01 -1.042e-02 -1.899e-02
3.870e+01 -8.254e-03 -1.571e-02
3.880e+01 -3.142e-04 -1.667e-02
3.890e+01 6.447e-03 -8.451e-03
3.900e+01 7.880e-03 -3.461e-03
3.910e+01 1.367e-02 -1.666e-02
3.920e+01 1.218e-03 -7.379e-03
3.930e+01 -1.109e-02 -1.148e-02
3.940e+01 -1.076e-02 -1.310e-02
3.950e+01 -4.477e-03 -1.104e-02
3.960e+01 3.388e-03 -1.169e-02
3.970e+01 2.147e-03 -6.769e-04
3.980e+01 -5.052e-04 -4.724e-03
3.990e+01 6.960e-03 9.798e-03
4.000e+01 -3.548e-03 5.516e-03
4.010e+01 4.367e-03 -2.522e-03
4.020e+01 -1.061e-02 -1.412e-02
4.030e+01 3.965e-03 -1.257e-02
4.040e+01 4.427e-03 -1.544e-02
4.050e+01 9.722e-04 -1.094e-02
4.060e+01 4.795e-03 -6.654e-03
4.070e+01 -4.175e-03 -2.354e-03
4.080e+01 1.342e-02 3.254e-04
4.090e+01 1.519e-02 -1.394e-03
4.100e+01 4.289e-03 4.192e-03
4.110e+01 2.407e-03 -8.114e-03
4.120e+01 5.259e-03 -5.787e-03
4.130e+01 -4.022e-03 2.700e-03
4.140e+01 -1.873e-03 7.206e-03
4.150e+01 -1.867e-03 1.138e-02
4.160e+01 7.907e-03 1.230e-02
4.170e+01 -4.595e-03 9.489e-03
4.180e+01 5.997e-03 8.277e-03
4.190e+01 -2.182e-04 1.209e-02
4.200e+01 6.235e-03 1.006e-03
4.210e+01 9.033e-03 1.103e-02
4.220e+01 2.360e-02 7.550e-03
4.230e+01 2.463e-02 1.529e-02
4.240e+01 2.374e-02 1.394e-02
4.250e+01 1.355e-02 1.240e-02
4.260e+01 1.309e-02 1.795e-02
4.270e+01 7.001e-03 2.240e-02
4.280e+01 -4.319e-03 2.647e-02
4.290e+01 1.774e-02 2.075e-02
4.300e+01 1.381e-02 5.191e-03
4.310e+01 1.467e-02 1.104e-02
4.320e+01 1.575e-02 1.475e-02
4.330e+01 2.138e-02 5.566e-03
4.340e+01 1.284e-02 4.279e-03
4.350e+01 -1.276e-03 1.365e-02
4.360e+01 -7.315e-05 6.724e-03
4.370e+01 2.135e-02 6.328e-03
4.380e+01 5.316e-03 1.033e-02
4.390e+01 1.185e-02 8.007e-03
4.400e+01 6.636e-03 -7.668e-04
4.410e+01 6.358e-03 1.184e-02
4.420e+01 -1.863e-03 -2.481e-03
4.430e+01 6.836e-03 6.598e-03
4.440e+01 3.077e-03 8.664e-03
4.450e+01 -6.609e-03 1.720e-02
4.460e+01 -7.512e-04 1.537e-02
4.470e+01 -3.808e-03 6.733e-03
4.480e+01 -4.810e-03 -5.791e-04
4.490e+01 -7.488e-03 3.142e-03
4.500e+01 2.722e-03 8.492e-03
4.510e+01 -8.000e-03 8.160e-03
4.520e+01 2.701e-03 9.371e-03
4.530e+01 7.696e-04 6.136e-03
4.540e+01 -5.828e-04 4.609e-03
4.550e+01 -2.040e-03 -3.842e-03
4.560e+01 -2.345e-03 -4.906e-04
4.570e+01 -5.468e-03 -2.178e-02
4.580e+01 6.716e-03 -9.050e-03
4.590e+01 1.825e-02 -6.110e-03
4.600e+01 2.343e-02 -1.971e-03
4.610e+01 1.267e-02 4.759e-03
4.620e+01 2.337e-02 -7.142e-03
4.630e+01 2.217e-02 -1.051e-02
4.640e+01 1.338e-02 3.151e-03
4.650e+01 1.878e-02 6.202e-03
4.660e+01 1.980e-02 1.013e-02
4.670e+01 1.737e-02 7.827e-03
4.680e+01 2.219e-02 3.417e-03
4.690e+01 1.793e-02 9.119e-03
4.700e+01 7.848e-03 5.790e-03
4.710e+01 6.480e-03 -1.181e-03
4.720e+01 5.453e-03 4.479e-03
4.730e+01 2.046e-03 -6.451e-04
4.740e+01 3.847e-03 -2.892e-03
4.750e+01 1.794e-03 -6.081e-03
4.760e+01 -2.368e-04 -3.120e-03
4.770e+01 7.855e-03 -7.844e-03
4.780e+01 4.061e-03 -5.598e-03
4.790e+01 8.325e-03 -4.802e-03
4.800e+01 1.336e-02 -7.025e-03
4.810e+01 1.128e-02 -4.969e-03
4.820e+01 1.182e-02 -7.622e-03
4.830e+01 9.428e-03 -8.881e-03
4.840e+01 1.529e-02 -5.680e-03
4.850e+01 1.851e-02 -8.469e-03
4.860e+01 1.540e-02 -6.967e-03
4.870e+01 1.394e-02 -4.957e-03
4.880e+01 1.131e-02 -2.399e-03
4.890e+01 1.116e-02 -4.356e-03
4.900e+01 1.079e-02 -3.557e-03
4.910e+01 1.150e-02 -2.920e-03
4.920e+01 1.572e-02 -1.061e-02
4.930e+01 2.548e-02 -4.016e-03
4.940e+01 1.573e-02 -3.526e-03
4.950e+01 2.024e-02 -2.723e-03
4.960e+01 1.899e-02 -4.541e-03
4.970e+01 2.087e-02 4.198e-03
4.980e+01 2.180e-02 1.516e-03
4.990e+01 2.085e-02 -1.639e-02
5.000e+01 1.567e-02 -9.386e-03
5.010e+01 1.837e-02 -8.210e-03
5.020e+01 2.476e-02 -5.359e-04
5.030e+01 2.369e-02 8.678e-04
5.040e+01 3.300e-02 -6.042e-03
5.050e+01 3.120e-02 -6.466e-04
5.060e+01 3.067e-02 6.041e-03
5.070e+01 2.400e-02 1.263e-02
5.080e+01 1.015e-02 1.827e-02
5.090e+01 3.490e-03 9.714e-03
5.100e+01 1.078e-02 1.621e-03
5.110e+01 1.711e-02 -5.199e-03
5.120e+01 1.224e-02 -2.914e-04
5.130e+01 1.227e-02 7.129e-03
5.140e+01 1.434e-02 2.101e-03
5.150e+01 2.177e-02 1.505e-03
5.160e+01 2.321e-02 -2.070e-03
5.170e+01 2.956e-02 9.425e-04
5.180e+01 1.829e-02 3.857e-03
5.190e+01 1.810e-02 4.133e-03
5.200e+01 2.019e-02 6.677e-03
5.210e+01 2.202e-02 5.655e-03
5.220e+01 3.043e-02 6.128e-03
5.230e+01 2.194e-02 1.494e-02
5.240e+01 3.366e-02 8.533e-03
5.250e+01 2.625e-02 1.450e-02
5.260e+01 1.609e-02 2.138e-02
5.270e+01 2.479e-02 1.541e-02
5.280e+01 1.542e-02 1.630e-02
5.290e+01 9.059e-03 1.024e-02
5.300e+01 9.195e-03 9.934e-03
5.310e+01 4.210e-03 1.351e-02
5.320e+01 3.690e-03 8.717e-03
5.330e+01 5.980e-03 5.856e-03
5.340e+01 1.165e-03 4.870e-03
5.350e+01 7.448e-03 7.359e-04
5.360e+01 2.091e-02 8.012e-03
5.370e+01 1.761e-02 4.523e-03
5.380e+01 1.473e-02 6.662e-03
5.390e+01 2.777e-02 9.613e-03
5.400e+01 2.701e-02 2.599e-03
5.410e+01 2.288e-02 9.867e-03
5.420e+01 2.726e-02 6.054e-03
5.430e+01 2.233e-02 7.061e-03
5.440e+01 2.424e-02 7.953e-03
5.450e+01 2.677e-02 1.098e-02
5.460e+01 3.019e-02 6.607e-03
5.470e+01 2.992e-02 4.109e-03
5.480e+01 2.087e-02 7.976e-03
5.490e+01 2.478e-02 9.970e-04
5.500e+01 2.669e-02 1.525e-03
5.510e+01 1.940e-02 4.513e-03
5.520e+01 1.377e-02 9.593e-03
5.530e+01 2.055e-02 1.032e-02
5.540e+01 2.334e-02 1.647e-02
5.550e+01 2.095e-02 1.849e-02
5.560e+01 3.086e-02 1.543e-02
5.570e+01 2.953e-02 1.777e-02
5.580e+01 7.711e-03 2.069e-02
5.590e+01 2.699e-02 3.896e-02
5.600e+01 1.422e-02 2.426e-02
5.610e+01 1.522e-02 1.389e-02
5.620e+01 1.094e-02 2.312e-02
5.630e+01 2.165e-02 1.766e-02
5.640e+01 1.666e-02 2.334e-02
5.650e+01 1.824e-02 1.571e-02
5.660e+01 9.728e-03 1.331e-02
5.670e+01 6.785e-03 2.286e-03
5.680e+01 1.075e-02 -7.816e-03
5.690e+01 9.947e-03 -3.453e-04
5.700e+01 5.712e-03 3.703e-03
5.710e+01 4.106e-03 9.146e-03
5.720e+01 5.165e-04 1.071e-02
5.730e+01 -8.868e-05 7.942e-03
5.740e+01 1.613e-03 8.290e-03
5.750e+01 1.099e-03 7.521e-03
5.760e+01 1.529e-03 7.599e-03
5.770e+01 7.656e-04 1.514e-02
5.780e+01 -4.712e-03 6.268e-03
5.790e+01 -4.069e-03 8.440e-03
5.800e+01 -8.678e-03 1.586e-02
5.810e+01 -9.402e-03 1.826e-02
5.820e+01 -7.134e-03 1.975e-02
5.830e+01 -6.819e-03 1.843e-02
5.840e+01 -3.334e-03 1.804e-02
5.850e+01 -4.070e-03 1.685e-02
5.860e+01 7.609e-03 1.515e-02
5.870e+01 1.022e-02 2.515e-02
5.880e+01 -6.062e-04 1.379e-02
5.890e+01 6.098e-03 1.382e-02
5.900e+01 8.880e-03 1.254e-02
5.910e+01 8.319e-03 1.340e-02
5.920e+01 1.047e-02 9.588e-03
5.930e+01 9.360e-03 1.563e-02
5.940e+01 6.418e-03 1.749e-02
5.950e+01 4.114e-03 2.325e-02
5.960e+01 8.624e-04 1.296e-02
5.970e+01 -1.402e-03 2.103e-02
5.980e+01 9.043e-04 1.352e-02
5.990e+01 1.701e-03 1.325e-02
6.000e+01 1.176e-02 1.266e-02
6.010e+01 1.518e-02 1.895e-02
6.020e+01 8.593e-03 1.545e-02
6.030e+01 2.063e-02 1.878e-02
6.040e+01 1.108e-02 1.269e-02
6.050e+01 1.012e-02 1.765e-02
6.060e+01 3.811e-03 2.419e-02
6.070e+01 5.849e-04 2.543e-02
6.080e+01 1.371e-02 2.764e-02
6.090e+01 1.614e-02 3.202e-02
6.100e+01 2.478e-02 2.696e-02
6.110e+01 2.173e-02 2.960e-02
6.120e+01 1.661e-02 3.289e-02
6.130e+01 2.457e-02 3.949e-02
6.140e+01 1.570e-02 3.996e-02
6.150e+01 1.175e-02 2.877e-02
6.160e+01 9.735e-03 2.961e-02
6.170e+01 8.016e-03 3.835e-02
6.180e+01 8.015e-03 2.868e-02
6.190e+01 1.178e-02 3.330e-02
6.200e+01 9.891e-03 2.754e-02
6.210e+01 1.414e-02 2.884e-02
6.220e+01 9.215e-03 2.645e-02
6.230e+01 1.223e-02 2.815e-02
6.240e+01 1.849e-02 3.287e-02
6.250e+01 1.592e-02 3.252e-02
6.260e+01 1.098e-02 3.476e-02
6.270e+01 1.099e-02 2.854e-02
6.280e+01 4.461e-03 2.862e-02
6.290e+01 -3.183e-03 2.729e-02
6.300e+01 1.080e-02 1.895e-02
6.310e+01 1.702e-02 2.090e-02
6.320e+01 7.933e-03 1.968e-02
6.330e+01 1.331e-02 2.960e-02
6.340e+01 8.981e-03 2.583e-02
6.350e+01 2.395e-04 1.814e-02
6.360e+01 5.704e-03 2.644e-02
6.370e+01 5.031e-03 2.699e-02
6.380e+01 1.178e-02 2.434e-02
6.390e+01 6.136e-03 2.182e-02
6.400e+01 1.153e-02 1.762e-02
6.410e+01 7.131e-03 1.347e-02
6.420e+01 5.580e-03 1.951e-02
6.430e+01 1.590e-02 1.768e-02
6.440e+01 4.852e-03 1.905e-02
6.450e+01 1.500e-02 2.061e-02
6.460e+01 6.538e-03 1.990e-02
6.470e+01 1.348e-02 1.824e-02
6.480e+01 1.024e-02 2.219e-02
6.490e+01 1.215e-02 2.146e-02
6.500e+01 7.514e-03 2.656e-02
6.510e+01 1.267e-02 2.290e-02
6.520e+01 4.121e-03 1.500e-02
6.530e+01 7.145e-03 1.087e-02
6.540e+01 1.038e-02 9.703e-03
6.550e+01 1.033e-02 8.788e-03
6.560e+01 -1.465e-03 1.898e-02
6.570e+01 9.040e-03 1.299e-02
6.580e+01 -2.347e-03 1.809e-02
6.590e+01 8.095e-03 1.020e-02
6.600e+01 5.932e-03 8.697e-03
6.610e+01 3.250e-03 1.109e-02
6.620e+01 1.940e-03 1.145e-02
6.630e+01 7.707e-03 1.284e-02
6.640e+01 7.196e-03 1.682e-02
6.650e+01 1.161e-02 1.235e-02
6.660e+01 1.286e-02 8.087e-03
6.670e+01 8.394e-03 5.350e-03
6.680e+01 8.240e-03 8.468e-03
6.690e+01 7.802e-03 4.104e-03
6.700e+01 1.059e-02 4.225e-03
6.710e+01 6.639e-03 7.877e-03
6.720e+01 8.449e-03 3.894e-03
6.730e+01 1.250e-02 1.474e-03
6.740e+01 9.385e-03 2.074e-03
6.750e+01 7.044e-03 4.018e-03
6.760e+01 9.200e-03 6.199e-03
6.770e+01 1.070e-02 9.723e-03
6.780e+01 9.224e-03 1.208e-02
6.790e+01 5.507e-03 7.402e-03
6.800e+01 9.620e-03 3.039e-03
6.810e+01 6.025e-03 4.436e-03
6.820e+01 8.467e-03 3.789e-03
6.830e+01 1.118e-02 6.124e-03
6.840e+01 1.236e-02 2.203e-03
6.850e+01 3.416e-03 -3.162e-03
6.860e+01 1.067e-02 1.308e-03
6.870e+01 6.988e-03 2.662e-03
6.880e+01 8.033e-03 1.307e-03
6.890e+01 1.017e-02 3.419e-03
6.900e+01 1.018e-02 2.414e-03
6.910e+01 1.167e-02 5.591e-03
6.920e+01 1.015e-02 5.142e-03
6.930e+01 9.477e-03 1.736e-04
6.940e+01 1.137e-02 4.435e-03
6.950e+01 7.815e-03 1.962e-03
6.960e+01 9.363e-03 7.725e-03
6.970e+01 9.247e-03 5.933e-03
6.980e+01 7.468e-03 6.334e-03
6.990e+01 7.740e-03 3.217e-03
7.000e+01 9.952e-03 3.813e-03
7.010e+01 1.186e-02 3.231e-03
7.020e+01 6.827e-03 3.725e-03
7.030e+01 2.373e-03 4.534e-03
7.040e+01 3.398e-03 9.144e-03
7.050e+01 6.994e-03 1.346e-02
7.060e+01 6.779e-03 1.465e-02
7.070e+01 6.290e-03 1.685e-02
7.080e+01 8.310e-03 1.590e-02
7.090e+01 8.974e-03 1.624e-02
7.100e+01 1.196e-02 1.866e-02
7.110e+01 1.165e-02 1.543e-02
7.120e+01 9.047e-03 1.408e-02
7.130e+01 8.959e-03 1.433e-02
7.140e+01 8.089e-03 1.550e-02
7.150e+01 8.068e-03 1.654e-02
7.160e+01 7.933e-03 1.367e-02
7.170e+01 1.180e-02 1.092e-02
7.180e+01 1.026e-02 8.191e-03
7.190e+01 9.856e-03 8.098e-03
7.200e+01 8.198e-03 5.212e-03
7.210e+01 5.086e-03 1.075e-02
7.220e+01 7.954e-03 2.690e-03
7.230e+01 6.191e-03 6.141e-03
7.240e+01 9.784e-03 4.773e-03
7.250e+01 1.246e-02 1.158e-03
7.260e+01 1.246e-02 1.275e-03
7.270e+01 1.217e-02 2.971e-03
7.280e+01 1.242e-02 6.223e-03
7.290e+01 1.300e-02 8.172e-03
7.300e+01 1.385e-02 6.904e-03
7.310e+01 1.198e-02 6.502e-03
7.320e+01 1.258e-02 8.334e-03
7.330e+01 1.353e-02 2.954e-03
7.340e+01 1.366e-02 5.818e-03
7.350e+01 1.345e-02 4.433e-03
7.360e+01 1.552e-02 5.757e-03
7.370e+01 9.374e-03 4.277e-03
7.380e+01 8.956e-03 5.351e-03
7.390e+01 6.232e-03 5.495e-03
7.400e+01 9.707e-03 7.251e-03
7.410e+01 1.301e-02 4.466e-03
7.420e+01 9.786e-03 -1.319e-04
7.430e+01 7.324e-03 3.670e-03
7.440e+01 1.456e-02 1.349e-03
7.450e+01 1.511e-02 -4.455e-04
7.460e+01 1.187e-02 5.422e-04
7.470e+01 1.668e-02 4.623e-04
7.480e+01 1.538e-02 -2.468e-03
7.490e+01 1.061e-02 -5.494e-04
7.500e+01 1.624e-02 -4.172e-03
7.510e+01 1.297e-02 -8.811e-03
7.520e+01 1.247e-02 -7.911e-03
7.530e+01 9.643e-03 -4.164e-04
7.540e+01 8.328e-03 -8.621e-04
7.550e+01 8.717e-03 8.452e-04
7.560e+01 9.130e-03 1.563e-03
7.570e+01 1.649e-02 -2.358e-03
7.580e+01 1.055e-02 1.882e-03
7.590e+01 9.267e-03 -6.533e-04
7.600e+01 1.132e-02 -6.674e-03
7.610e+01 1.177e-02 -5.534e-03
7.620e+01 1.026e-02 -8.056e-03
7.630e+01 1.328e-02 -4.262e-03
7.640e+01 1.319e-02 -7.979e-04
7.650e+01 8.130e-03 -4.380e-03
7.660e+01 1.143e-02 -1.975e-03
7.670e+01 1.359e-02 -2.453e-04
7.680e+01 1.129e-02 -1.897e-03
7.690e+01 1.448e-02 -8.759e-04
7.700e+01 1.964e-02 2.217e-03
7.710e+01 1.906e-02 5.055e-03
7.720e+01 1.679e-02 5.402e-03
7.730e+01 9.726e-03 4.448e-03
7.740e+01 1.098e-02 1.532e-03
7.750e+01 1.144e-02 5.109e-03
7.760e+01 1.078e-02 1.953e-03
7.770e+01 6.627e-03 1.716e-04
7.780e+01 8.394e-03 3.983e-03
7.790e+01 1.084e-02 8.547e-04
7.800e+01 9.494e-03 -3.361e-04
7.810e+01 6.940e-03 -6.743e-03
7.820e+01 8.523e-03 -8.548e-03
7.830e+01 6.136e-03 -5.506e-03
7.840e+01 8.048e-03 -7.324e-03
7.850e+01 7.899e-03 -7.390e-03
7.860e+01 1.025e-02 -3.504e-03
7.870e+01 9.548e-03 -8.438e-04
7.880e+01 8.690e-03 1.507e-03
7.890e+01 8.188e-03 7.261e-04
7.900e+01 7.307e-03 -6.686e-03
7.910e+01 9.903e-03 -7.436e-03
7.920e+01 4.904e-03 -9.001e-03
7.930e+01 1.157e-02 -1.944e-02
7.940e+01 7.840e-03 -1.034e-02
7.950e+01 6.919e-03 -8.679e-03
7.960e+01 1.005e-02 -8.541e-03
7.970e+01 1.254e-02 -1.070e-02
7.980e+01 8.759e-03 -1.031e-02
7.990e+01 6.336e-03 -1.083e-02
8.000e+01 6.540e-03 -4.031e-03
8.010e+01 6.958e-03 -6.887e-03
8.020e+01 -1.026e-03 -4.312e-03
8.030e+01 1.975e-03 -1.760e-03
8.040e+01 3.389e-03 -3.386e-03
8.050e+01 4.683e-03 -2.924e-03
8.060e+01 3.758e-03 -7.068e-03
8.070e+01 9.592e-03 -3.762e-03
8.080e+01 5.344e-03 -9.718e-03
8.090e+01 8.739e-03 -5.992e-03
8.100e+01 8.821e-03 -8.533e-03
8.110e+01 1.336e-02 -5.231e-03
8.120e+01 1.631e-02 -3.872e-03
8.130e+01 8.176e-03 -3.224e-03
8.140e+01 1.132e-02 -4.345e-03
8.150e+01 8.291e-03 -1.468e-03
8.160e+01 8.916e-03 -1.776e-03
8.170e+01 1.233e-02 -5.125e-03
8.180e+01 1.118e-02 -1.942e-03
8.190e+01 1.149e-02 -2.524e-03
8.200e+01 1.410e-02 -6.574e-04
8.210e+01 1.262e-02 -1.217e-03
8.220e+01 1.180e-02 -1.898e-03
8.230e+01 1.069e-02 -3.529e-03
8.240e+01 1.404e-02 -3.409e-03
8.250e+01 1.053e-02 -1.880e-03
8.260e+01 8.886e-03 -3.507e-03
8.270e+01 9.260e-03 -3.767e-03
8.280e+01 9.650e-03 -3.648e-03
8.290e+01 1.054e-02 -6.109e-03
8.300e+01 9.499e-03 -1.934e-03
8.310e+01 9.849e-03 -2.587e-03
8.320e+01 6.806e-03 -2.797e-03
8.330e+01 6.402e-03 -2.555e-03
8.340e+01 2.025e-03 -6.296e-03
8.350e+01 1.696e-03 -4.255e-03
8.360e+01 4.016e-03 -1.191e-03
8.370e+01 5.806e-03 -2.340e-03
8.380e+01 4.929e-03 -9.378e-04
8.390e+01 1.093e-03 -4.450e-03
8.400e+01 4.437e-03 -4.252e-03
8.410e+01 1.790e-03 -5.465e-03
8.420e+01 3.491e-03 -6.188e-03
8.430e+01 7.989e-03 -6.131e-03
8.440e+01 9.057e-03 -4.069e-03
8.450e+01 7.326e-03 -3.426e-03
8.460e+01 1.037e-02 -5.824e-03
8.470e+01 4.659e-03 -8.010e-03
8.480e+01 6.386e-03 -4.887e-03
8.490e+01 2.538e-03 -5.236e-03
8.500e+01 2.810e-03 -6.686e-03
8.510e+01 1.489e-03 -5.100e-03
8.520e+01 6.250e-03 -5.280e-03
8.530e+01 6.007e-03 -6.822e-03
8.540e+01 5.924e-03 -8.431e-03
8.550e+01 6.600e-03 -7.019e-03
8.560e+01 1.596e-03 -6.248e-03
8.570e+01 5.266e-03 -6.072e-03
8.580e+01 5.563e-03 -5.555e-03
8.590e+01 1.031e-02 -4.534e-03
8.600e+01 7.317e-03 -4.812e-03
8.610e+01 3.725e-03 -2.831e-03
8.620e+01 2.698e-03 -5.392e-03
8.630e+01 4.240e-03 -2.237e-03
8.640e+01 5.135e-03 -1.076e-03
8.650e+01 4.652e-03 -1.440e-03
8.660e+01 1.142e-03 -2.405e-03
8.670e+01 2.862e-03 -1.785e-03
8.680e+01 4.573e-03 -4.970e-03
8.690e+01 2.771e-03 -6.105e-03
8.700e+01 2.412e-03 -5.533e-03
8.710e+01 2.993e-03 -6.380e-03
8.720e+01 3.817e-03 -7.151e-03
8.730e+01 9.714e-03 -6.095e-03
8.740e+01 5.851e-03 -3.701e-03
8.750e+01 7.072e-03 -5.824e-03
8.760e+01 8.367e-03 -5.718e-03
8.770e+01 8.963e-03 -4.275e-03
8.780e+01 9.447e-03 -7.040e-03
8.790e+01 1.437e-02 -4.694e-03
8.800e+01 1.238e-02 -3.126e-03
8.810e+01 1.413e-02 -5.457e-03
8.820e+01 1.557e-02 -6.696e-03
8.830e+01 1.117e-02 -5.362e-03
8.840e+01 9.283e-03 -4.734e-04
8.850e+01 8.067e-03 6.106e-04
8.860e+01 7.581e-03 -2.105e-04
8.870e+01 1.136e-02 -2.804e-03
8.880e+01 7.960e-03 -2.369e-03
8.890e+01 5.719e-03 -1.922e-03
8.900e+01 4.829e-03 -1.183e-03
8.910e+01 4.058e-03 -3.423e-03
8.920e+01 8.104e-03 -4.508e-03
8.930e+01 8.949e-03 -2.378e-03
8.940e+01 1.012e-02 6.941e-05
8.950e+01 1.095e-02 1.751e-04
8.960e+01 7.512e-03 2.649e-03
8.970e+01 7.036e-03 5.412e-03
8.980e+01 1.064e-02 3.498e-03
8.990e+01 8.773e-03 7.705e-05
9.000e+01 3.961e-03 -2.087e-03
9.010e+01 5.100e-03 -8.102e-04
9.020e+01 4.932e-03 4.199e-04
9.030e+01 4.845e-03 -1.611e-03
9.040e+01 2.281e-03 5.682e-04
9.050e+01 3.761e-03 4.702e-04
9.060e+01 3.454e-03 3.280e-03
9.070e+01 3.758e-03 2.925e-03
9.080e+01 2.654e-03 -8.077e-04
9.090e+01 4.274e-03 2.367e-03
9.100e+01 5.560e-03 -3.844e-03
9.110e+01 3.393e-03 -3.000e-03
9.120e+01 6.351e-03 5.230e-05
9.130e+01 7.721e-03 -2.113e-03
9.140e+01 7.892e-03 4.232e-04
9.150e+01 5.086e-03 9.492e-04
9.160e+01 6.105e-03 3.654e-03
9.170e+01 6.461e-03 7.204e-03
9.180e+01 4.662e-03 5.536e-03
9.190e+01 5.385e-03 5.232e-03
9.200e+01 4.870e-03 2.975e-03
9.210e+01 8.724e-03 2.401e-03
9.220e+01 8.016e-03 2.362e-03
9.230e+01 6.459e-03 -7.491e-04
9.240e+01 5.087e-03 -8.868e-04
9.250e+01 2.829e-03 1.775e-03
9.260e+01 3.614e-04 4.523e-03
9.270e+01 3.263e-03 4.218e-03
9.280e+01 3.636e-03 2.018e-03
9.290e+01 4.689e-03 -7.013e-04
9.300e+01 3.051e-03 -2.482e-03
9.310e+01 3.744e-03 -3.321e-03
9.320e+01 5.037e-03 -3.833e-03
9.330e+01 3.992e-03 -1.933e-03
9.340e+01 3.772e-03 -3.634e-03
9.350e+01 2.979e-03 -4.567e-03
9.360e+01 3.427e-03 -2.589e-03
9.370e+01 4.409e-03 -5.709e-03
9.380e+01 3.518e-03 -5.000e-03
9.390e+01 1.232e-03 -1.640e-03
9.400e+01 1.482e-03 -1.941e-03
9.410e+01 1.672e-03 5.422e-04
9.420e+01 3.016e-03 -3.880e-04
9.430e+01 1.741e-03 -2.867e-03
9.440e+01 -3.772e-04 -6.484e-04
9.450e+01 -4.274e-04 -5.327e-03
9.460e+01 -1.524e-03 -3.299e-03
9.470e+01 1.214e-03 -4.733e-03
9.480e+01 6.701e-04 -5.610e-03
9.490e+01 -2.570e-03 -3.127e-03
9.500e+01 2.612e-04 -2.749e-03
9.510e+01 -2.645e-03 -4.184e-03
9.520e+01 -2.136e-03 -2.465e-03
9.530e+01 -2.339e-03 -3.248e-03
9.540e+01 -2.688e-03 -7.382e-03
9.550e+01 -2.618e-03 -3.327e-03
9.560e+01 -3.429e-03 -1.952e-03
9.570e+01 -1.507e-04 -3.354e-03
9.580e+01 -5.438e-03 -3.454e-03
9.590e+01 -7.605e-03 1.032e-03
9.600e+01 -4.478e-03 8.235e-04
9.610e+01 -8.297e-03 1.052e-03
9.620e+01 -1.042e-02 -3.302e-04
9.630e+01 -9.026e-03 -1.238e-03
9.640e+01 -9.224e-03 -4.741e-04
9.650e+01 -7.285e-03 -9.492e-04
9.660e+01 -4.263e-03 1.961e-03
9.670e+01 -3.909e-03 4.357e-03
9.680e+01 -2.614e-03 -2.647e-04
9.690e+01 -1.686e-03 -2.541e-03
9.700e+01 -1.922e-03 -1.131e-03
9.710e+01 -3.629e-04 -4.826e-03
9.720e+01 -2.882e-04 -1.731e-03
9.730e+01 -3.938e-03 -1.287e-03
9.740e+01 -4.697e-03 3.525e-04
9.750e+01 -3.466e-03 1.204e-03
9.760e+01 -1.298e-03 1.193e-03
9.770e+01 -1.370e-03 8.277e-04
9.780e+01 -1.782e-03 9.892e-04
9.790e+01 -1.983e-03 8.934e-04
9.800e+01 -3.181e-03 -1.571e-03
9.810e+01 -3.344e-03 6.096e-04
9.820e+01 -2.087e-04 2.394e-03
9.830e+01 -2.057e-04 2.252e-03
9.840e+01 2.849e-04 -1.737e-04
9.850e+01 2.187e-03 -2.994e-03
9.860e+01 -4.380e-03 -2.207e-03
9.870e+01 -3.669e-03 3.848e-03
9.880e+01 -5.932e-04 6.415e-03
9.890e+01 1.255e-03 -3.622e-04
9.900e+01 1.702e-03 -2.107e-03
9.910e+01 8.563e-05 -6.442e-03
9.920e+01 -1.052e-03 -4.613e-03
9.930e+01 -2.118e-03 -2.142e-03
9.940e+01 -5.363e-03 -2.755e-05
9.950e+01 -2.377e-03 -2.416e-03
9.960e+01 4.898e-04 -3.989e-03
9.970e+01 9.802e-06 -3.372e-03
9.980e+01 -3.759e-05 -4.547e-03
9.990e+01 5.894e-04 -3.715e-03
