# Frequency (1.0/ps)      real(fft(F_1))
0.000e+00 4.384e+02
1.000e-02 2.790e+01
2.000e-02 1.137e+01
3.000e-02 1.443e+01
4.000e-02 2.787e+00
5.000e-02 -1.664e+00
6.000e-02 2.710e+00
7.000e-02 1.630e+00
8.000e-02 2.216e+00
9.000e-02 1.490e+00
1.000e-01 4.411e+00
1.100e-01 2.608e+00
1.200e-01 2.607e+00
1.300e-01 1.439e+00
1.400e-01 2.669e+00
1.500e-01 2.566e+00
1.600e-01 2.054e+00
1.700e-01 1.642e+00
1.800e-01 4.638e-01
1.900e-01 5.520e-01
2.000e-01 -1.118e+00
2.100e-01 -6.064e-01
2.200e-01 1.909e+00
2.300e-01 1.880e+00
2.400e-01 5.436e-01
2.500e-01 1.449e+00
2.600e-01 -5.366e-01
2.700e-01 7.203e-01
2.800e-01 -1.136e-01
2.900e-01 1.013e+00
3.000e-01 -1.279e+00
3.100e-01 1.485e+00
3.200e-01 5.619e-01
3.300e-01 -6.843e-01
3.400e-01 5.293e-01
3.500e-01 4.458e-01
3.600e-01 -1.637e-01
3.700e-01 8.548e-01
3.800e-01 1.400e+00
3.900e-01 2.231e+00
4.000e-01 1.124e+00
4.100e-01 5.511e-01
4.200e-01 3.250e-01
4.300e-01 1.869e+00
4.400e-01 4.323e-01
4.500e-01 -1.866e+00
4.600e-01 1.029e-01
4.700e-01 2.781e-01
4.800e-01 1.620e+00
4.900e-01 9.365e-01
5.000e-01 9.755e-01
5.100e-01 1.600e+00
5.200e-01 9.051e-01
5.300e-01 1.839e+00
5.400e-01 1.486e+00
5.500e-01 1.242e-01
5.600e-01 8.480e-01
5.700e-01 8.269e-02
5.800e-01 8.251e-01
5.900e-01 1.993e-01
6.000e-01 -2.145e+00
6.100e-01 1.379e+00
6.200e-01 1.419e+00
6.300e-01 1.243e+00
6.400e-01 1.710e+00
6.500e-01 2.376e+00
6.600e-01 1.076e+00
6.700e-01 -6.297e-01
6.800e-01 2.673e-01
6.900e-01 4.848e-01
7.000e-01 -1.805e+00
7.100e-01 4.368e-01
7.200e-01 9.563e-02
7.300e-01 -8.133e-01
7.400e-01 -3.324e-01
7.500e-01 1.611e-01
7.600e-01 -6.023e-02
7.700e-01 1.097e-01
7.800e-01 1.359e-01
7.900e-01 1.421e-01
8.000e-01 8.588e-01
8.100e-01 1.899e+00
8.200e-01 1.019e+00
8.300e-01 1.031e-01
8.400e-01 1.552e+00
8.500e-01 1.392e+00
8.600e-01 7.536e-01
8.700e-01 1.424e+00
8.800e-01 4.740e-01
8.900e-01 -2.384e-01
9.000e-01 -1.115e+00
9.100e-01 9.244e-01
9.200e-01 4.636e-01
9.300e-01 4.084e-01
9.400e-01 -1.340e+00
9.500e-01 -1.226e+00
9.600e-01 9.757e-01
9.700e-01 7.968e-02
9.800e-01 1.315e+00
9.900e-01 9.610e-01
1.000e+00 1.941e+00
1.010e+00 2.453e+00
1.020e+00 1.275e+00
1.030e+00 1.623e+00
1.040e+00 1.883e+00
1.050e+00 1.142e+00
1.060e+00 1.837e-01
1.070e+00 -3.454e-01
1.080e+00 2.760e-01
1.090e+00 1.489e+00
1.100e+00 2.773e-01
1.110e+00 -5.329e-01
1.120e+00 1.762e-01
1.130e+00 1.251e-01
1.140e+00 3.811e-01
1.150e+00 1.369e+00
1.160e+00 -3.716e-01
1.170e+00 -4.494e-01
1.180e+00 1.248e+00
1.190e+00 -4.625e-01
1.200e+00 1.126e-01
1.210e+00 4.839e-01
1.220e+00 1.953e-01
1.230e+00 4.748e-01
1.240e+00 -4.375e-01
1.250e+00 -7.679e-01
1.260e+00 3.337e-01
1.270e+00 4.404e-02
1.280e+00 7.135e-02
1.290e+00 2.226e-01
1.300e+00 -1.160e+00
1.310e+00 1.838e+00
1.320e+00 6.160e-01
1.330e+00 1.050e+00
1.340e+00 4.426e-01
1.350e+00 -6.758e-01
1.360e+00 8.083e-01
1.370e+00 8.278e-01
1.380e+00 4.138e-01
1.390e+00 2.708e-01
1.400e+00 7.280e-01
1.410e+00 1.519e+00
1.420e+00 1.896e+00
1.430e+00 1.544e+00
1.440e+00 1.593e+00
1.450e+00 9.009e-03
1.460e+00 3.446e-01
1.470e+00 4.117e-01
1.480e+00 2.673e-01
1.490e+00 2.389e-02
1.500e+00 1.272e+00
1.510e+00 -7.334e-01
1.520e+00 5.873e-01
1.530e+00 2.687e-01
1.540e+00 1.153e+00
1.550e+00 -7.627e-01
1.560e+00 -2.550e-01
1.570e+00 4.592e-01
1.580e+00 -2.965e-02
1.590e+00 8.287e-01
1.600e+00 1.155e+00
1.610e+00 -1.716e-01
1.620e+00 5.649e-01
1.630e+00 3.058e-01
1.640e+00 1.149e+00
1.650e+00 1.779e+00
1.660e+00 8.070e-01
1.670e+00 2.333e-01
1.680e+00 8.719e-01
1.690e+00 9.713e-01
1.700e+00 -4.290e-01
1.710e+00 -8.063e-01
1.720e+00 3.627e-01
1.730e+00 7.478e-01
1.740e+00 7.313e-01
1.750e+00 4.117e-01
1.760e+00 1.142e+00
1.770e+00 -8.546e-02
1.780e+00 2.455e-01
1.790e+00 2.059e-01
1.800e+00 1.221e+00
1.810e+00 1.063e+00
1.820e+00 1.927e-01
1.830e+00 4.927e-01
1.840e+00 5.208e-01
1.850e+00 -5.158e-01
1.860e+00 -2.866e-01
1.870e+00 8.809e-02
1.880e+00 6.943e-02
1.890e+00 -1.444e-01
1.900e+00 -7.903e-01
1.910e+00 1.103e+00
1.920e+00 2.256e-01
1.930e+00 4.010e-01
1.940e+00 1.150e-01
1.950e+00 -8.034e-01
1.960e+00 1.091e+00
1.970e+00 6.560e-01
1.980e+00 1.920e-01
1.990e+00 5.684e-01
2.000e+00 1.944e+00
2.010e+00 6.331e-01
2.020e+00 4.489e-01
2.030e+00 3.140e-01
2.040e+00 5.100e-01
2.050e+00 1.660e+00
2.060e+00 8.092e-01
2.070e+00 1.283e-01
2.080e+00 2.360e-01
2.090e+00 9.793e-01
2.100e+00 -5.145e-01
2.110e+00 1.429e+00
2.120e+00 9.360e-01
2.130e+00 1.147e+00
2.140e+00 8.081e-01
2.150e+00 9.940e-01
2.160e+00 1.097e-01
2.170e+00 -3.777e-01
2.180e+00 1.995e-01
2.190e+00 -1.138e-02
2.200e+00 -1.135e-01
2.210e+00 1.054e+00
2.220e+00 6.184e-01
2.230e+00 1.284e+00
2.240e+00 -7.631e-02
2.250e+00 1.092e+00
2.260e+00 7.803e-01
2.270e+00 4.761e-01
2.280e+00 9.028e-01
2.290e+00 3.483e-01
2.300e+00 2.859e-01
2.310e+00 -2.118e-01
2.320e+00 3.733e-01
2.330e+00 5.094e-02
2.340e+00 4.812e-01
2.350e+00 2.705e-01
2.360e+00 7.483e-01
2.370e+00 3.901e-01
2.380e+00 6.582e-02
2.390e+00 4.035e-01
2.400e+00 3.164e-01
2.410e+00 3.155e-01
2.420e+00 9.350e-01
2.430e+00 4.940e-01
2.440e+00 -3.498e-01
2.450e+00 -2.654e-01
2.460e+00 -2.394e-01
2.470e+00 4.357e-01
2.480e+00 1.754e-01
2.490e+00 2.097e-01
2.500e+00 6.189e-01
2.510e+00 -3.522e-01
2.520e+00 1.622e-01
2.530e+00 3.401e-02
2.540e+00 1.722e-01
2.550e+00 -7.416e-01
2.560e+00 9.402e-01
2.570e+00 4.484e-01
2.580e+00 4.822e-01
2.590e+00 5.663e-01
2.600e+00 6.130e-01
2.610e+00 3.661e-01
2.620e+00 1.995e-01
2.630e+00 -1.851e-01
2.640e+00 -3.267e-01
2.650e+00 1.246e+00
2.660e+00 3.809e-01
2.670e+00 6.602e-01
2.680e+00 1.431e-01
2.690e+00 9.043e-01
2.700e+00 3.081e-04
2.710e+00 -2.235e-01
2.720e+00 6.405e-01
2.730e+00 2.072e-01
2.740e+00 9.044e-02
2.750e+00 1.939e+00
2.760e+00 4.163e-01
2.770e+00 1.537e-01
2.780e+00 4.862e-01
2.790e+00 -3.701e-01
2.800e+00 1.954e-01
2.810e+00 9.790e-01
2.820e+00 6.108e-01
2.830e+00 9.879e-01
2.840e+00 6.445e-01
2.850e+00 5.940e-01
2.860e+00 3.573e-01
2.870e+00 5.745e-01
2.880e+00 7.832e-01
2.890e+00 3.926e-01
2.900e+00 9.283e-01
2.910e+00 9.058e-02
2.920e+00 1.094e-01
2.930e+00 1.543e-01
2.940e+00 9.912e-02
2.950e+00 2.588e-01
2.960e+00 5.995e-01
2.970e+00 7.671e-01
2.980e+00 7.587e-01
2.990e+00 7.511e-01
3.000e+00 1.208e-01
3.010e+00 6.409e-01
3.020e+00 5.462e-01
3.030e+00 9.211e-01
3.040e+00 4.791e-02
3.050e+00 1.660e+00
3.060e+00 4.521e-01
3.070e+00 7.119e-01
3.080e+00 5.182e-01
3.090e+00 2.835e-01
3.100e+00 7.529e-01
3.110e+00 -2.828e-02
3.120e+00 3.720e-01
3.130e+00 4.947e-01
3.140e+00 6.839e-01
3.150e+00 1.022e+00
3.160e+00 2.185e-02
3.170e+00 -1.234e-01
3.180e+00 2.997e-01
3.190e+00 5.918e-02
3.200e+00 -6.819e-01
3.210e+00 6.570e-01
3.220e+00 4.247e-01
3.230e+00 3.400e-01
3.240e+00 1.014e+00
3.250e+00 4.215e-01
3.260e+00 2.561e-01
3.270e+00 8.359e-02
3.280e+00 5.964e-02
3.290e+00 5.610e-01
3.300e+00 6.288e-01
3.310e+00 -2.650e-01
3.320e+00 1.291e-01
3.330e+00 1.985e-01
3.340e+00 3.150e-01
3.350e+00 -1.151e+00
3.360e+00 2.949e-02
3.370e+00 -3.412e-02
3.380e+00 1.849e-01
3.390e+00 -1.519e-01
3.400e+00 1.409e+00
3.410e+00 4.479e-01
3.420e+00 2.302e-01
3.430e+00 4.765e-01
3.440e+00 8.999e-01
3.450e+00 6.079e-01
3.460e+00 1.631e-01
3.470e+00 5.229e-02
3.480e+00 3.606e-01
3.490e+00 6.994e-01
3.500e+00 6.047e-01
3.510e+00 4.739e-01
3.520e+00 4.033e-01
3.530e+00 5.674e-01
3.540e+00 7.796e-01
3.550e+00 2.478e-01
3.560e+00 -6.495e-02
3.570e+00 2.340e-01
3.580e+00 3.483e-01
3.590e+00 3.539e-01
3.600e+00 -4.631e-01
3.610e+00 7.299e-01
3.620e+00 3.029e-01
3.630e+00 1.270e-01
3.640e+00 3.995e-01
3.650e+00 -3.252e-01
3.660e+00 7.580e-01
3.670e+00 2.408e-01
3.680e+00 2.423e-01
3.690e+00 3.250e-01
3.700e+00 9.123e-01
3.710e+00 5.233e-01
3.720e+00 3.055e-01
3.730e+00 2.676e-01
3.740e+00 6.464e-01
3.750e+00 1.431e+00
3.760e+00 3.209e-01
3.770e+00 7.727e-01
3.780e+00 9.828e-01
3.790e+00 4.239e-01
3.800e+00 6.970e-01
3.810e+00 8.097e-01
3.820e+00 4.819e-01
3.830e+00 4.678e-01
3.840e+00 4.006e-01
3.850e+00 1.419e+00
3.860e+00 8.905e-01
3.870e+00 7.509e-01
3.880e+00 6.735e-01
3.890e+00 5.719e-01
3.900e+00 1.504e+00
3.910e+00 4.630e-01
3.920e+00 6.873e-01
3.930e+00 7.756e-01
3.940e+00 8.065e-01
3.950e+00 1.443e+00
3.960e+00 1.979e-01
3.970e+00 9.494e-02
3.980e+00 3.662e-01
3.990e+00 6.407e-01
4.000e+00 7.406e-01
4.010e+00 2.460e-01
4.020e+00 3.487e-02
4.030e+00 5.605e-01
4.040e+00 2.222e-01
4.050e+00 -5.112e-01
4.060e+00 5.121e-01
4.070e+00 2.694e-01
4.080e+00 4.847e-01
4.090e+00 9.481e-01
4.100e+00 4.898e-01
4.110e+00 2.835e-01
4.120e+00 7.021e-02
4.130e+00 2.993e-01
4.140e+00 3.526e-01
4.150e+00 9.752e-01
4.160e+00 5.367e-01
4.170e+00 4.252e-01
4.180e+00 4.222e-01
4.190e+00 2.744e-01
4.200e+00 -1.856e-01
4.210e+00 -1.093e-01
4.220e+00 2.336e-01
4.230e+00 2.603e-01
4.240e+00 2.002e-02
4.250e+00 5.703e-01
4.260e+00 5.154e-01
4.270e+00 5.901e-01
4.280e+00 1.843e-01
4.290e+00 2.636e-01
4.300e+00 -3.464e-01
4.310e+00 4.406e-01
4.320e+00 4.480e-01
4.330e+00 6.164e-01
4.340e+00 8.273e-01
4.350e+00 1.094e+00
4.360e+00 1.064e-01
4.370e+00 1.336e-01
4.380e+00 2.649e-01
4.390e+00 1.211e-01
4.400e+00 -2.358e-01
4.410e+00 7.530e-01
4.420e+00 5.503e-01
4.430e+00 2.873e-01
4.440e+00 3.374e-01
4.450e+00 -1.112e-01
4.460e+00 -1.590e-01
4.470e+00 3.364e-01
4.480e+00 2.755e-01
4.490e+00 3.281e-01
4.500e+00 -5.728e-02
4.510e+00 4.893e-01
4.520e+00 3.286e-01
4.530e+00 8.129e-01
4.540e+00 9.467e-01
4.550e+00 2.534e-02
4.560e+00 4.430e-01
4.570e+00 4.266e-01
4.580e+00 1.859e-01
4.590e+00 7.464e-01
4.600e+00 -6.842e-01
4.610e+00 6.448e-01
4.620e+00 6.724e-01
4.630e+00 6.609e-01
4.640e+00 -1.128e-01
4.650e+00 -3.461e-01
4.660e+00 -3.488e-01
4.670e+00 4.392e-01
4.680e+00 1.759e-01
4.690e+00 -9.623e-02
4.700e+00 8.979e-01
4.710e+00 4.604e-01
4.720e+00 2.060e-01
4.730e+00 1.189e-01
4.740e+00 3.078e-01
4.750e+00 7.748e-01
4.760e+00 4.634e-01
4.770e+00 7.854e-01
4.780e+00 2.773e-01
4.790e+00 5.558e-01
4.800e+00 9.245e-01
4.810e+00 3.775e-01
4.820e+00 4.757e-01
4.830e+00 2.439e-01
4.840e+00 3.894e-01
4.850e+00 4.571e-01
4.860e+00 8.564e-01
4.870e+00 1.688e-01
4.880e+00 2.394e-01
4.890e+00 2.679e-02
4.900e+00 5.002e-01
4.910e+00 -1.290e-01
4.920e+00 5.271e-01
4.930e+00 1.112e+00
4.940e+00 6.486e-01
4.950e+00 -3.151e-01
4.960e+00 8.090e-01
4.970e+00 5.613e-01
4.980e+00 7.894e-01
4.990e+00 4.793e-01
-5.000e+00 2.276e-01
-4.990e+00 5.891e-01
-4.980e+00 7.584e-01
-4.970e+00 6.471e-01
-4.960e+00 1.177e+00
-4.950e+00 -5.168e-01
-4.940e+00 3.108e-01
-4.930e+00 6.862e-01
-4.920e+00 3.395e-01
-4.910e+00 6.551e-02
-4.900e+00 6.081e-01
-4.890e+00 -2.194e-01
-4.880e+00 2.629e-01
-4.870e+00 1.695e-01
-4.860e+00 8.333e-01
-4.850e+00 1.085e+00
-4.840e+00 3.731e-01
-4.830e+00 3.752e-01
-4.820e+00 4.100e-01
-4.810e+00 -2.413e-02
-4.800e+00 1.062e+00
-4.790e+00 6.130e-01
-4.780e+00 2.298e-01
-4.770e+00 4.347e-01
-4.760e+00 1.711e-01
-4.750e+00 3.708e-01
-4.740e+00 5.772e-01
-4.730e+00 5.811e-01
-4.720e+00 6.283e-01
-4.710e+00 3.957e-01
-4.700e+00 9.571e-01
-4.690e+00 9.734e-02
-4.680e+00 2.589e-01
-4.670e+00 4.119e-01
-4.660e+00 -1.822e-01
-4.650e+00 3.532e-01
-4.640e+00 -2.499e-01
-4.630e+00 3.658e-01
-4.620e+00 3.558e-01
-4.610e+00 1.684e-01
-4.600e+00 -6.342e-01
-4.590e+00 6.966e-01
-4.580e+00 4.591e-01
-4.570e+00 4.317e-01
-4.560e+00 2.514e-01
-4.550e+00 3.032e-01
-4.540e+00 5.521e-01
-4.530e+00 4.292e-01
-4.520e+00 4.211e-01
-4.510e+00 6.912e-01
-4.500e+00 2.746e-01
-4.490e+00 -2.730e-02
-4.480e+00 5.989e-01
-4.470e+00 4.122e-01
-4.460e+00 3.478e-02
-4.450e+00 5.880e-01
-4.440e+00 2.142e-01
-4.430e+00 1.634e-01
-4.420e+00 6.229e-01
-4.410e+00 5.714e-01
-4.400e+00 -2.630e-01
-4.390e+00 4.598e-01
-4.380e+00 5.650e-01
-4.370e+00 4.367e-01
-4.360e+00 3.488e-01
-4.350e+00 1.043e+00
-4.340e+00 1.620e-01
-4.330e+00 4.812e-01
-4.320e+00 4.401e-01
-4.310e+00 4.200e-01
-4.300e+00 2.802e-01
-4.290e+00 4.315e-01
-4.280e+00 2.397e-01
-4.270e+00 6.891e-01
-4.260e+00 2.759e-01
-4.250e+00 3.411e-01
-4.240e+00 2.838e-01
-4.230e+00 4.973e-01
-4.220e+00 4.454e-01
-4.210e+00 -2.973e-01
-4.200e+00 3.998e-01
-4.190e+00 2.813e-01
-4.180e+00 4.733e-01
-4.170e+00 4.767e-01
-4.160e+00 7.337e-01
-4.150e+00 -3.056e-02
-4.140e+00 -9.161e-03
-4.130e+00 1.363e-01
-4.120e+00 -7.119e-02
-4.110e+00 1.220e-01
-4.100e+00 1.463e+00
-4.090e+00 6.900e-01
-4.080e+00 9.561e-02
-4.070e+00 3.321e-01
-4.060e+00 5.641e-01
-4.050e+00 -7.202e-01
-4.040e+00 2.619e-01
-4.030e+00 5.495e-01
-4.020e+00 2.862e-01
-4.010e+00 8.510e-01
-4.000e+00 6.347e-01
-3.990e+00 4.491e-01
-3.980e+00 3.619e-01
-3.970e+00 3.084e-01
-3.960e+00 1.395e-01
-3.950e+00 1.413e+00
-3.940e+00 8.386e-01
-3.930e+00 5.196e-01
-3.920e+00 5.408e-01
-3.910e+00 7.391e-01
-3.900e+00 8.996e-01
-3.890e+00 4.429e-01
-3.880e+00 8.687e-01
-3.870e+00 6.192e-01
-3.860e+00 8.032e-01
-3.850e+00 9.967e-01
-3.840e+00 5.414e-01
-3.830e+00 3.364e-01
-3.820e+00 3.070e-01
-3.810e+00 6.168e-01
-3.800e+00 1.270e+00
-3.790e+00 2.503e-01
-3.780e+00 5.930e-01
-3.770e+00 7.735e-01
-3.760e+00 5.145e-01
-3.750e+00 1.202e+00
-3.740e+00 4.177e-01
-3.730e+00 1.694e-01
-3.720e+00 4.356e-01
-3.710e+00 6.703e-01
-3.700e+00 1.383e+00
-3.690e+00 -7.101e-02
-3.680e+00 2.806e-02
-3.670e+00 -6.066e-02
-3.660e+00 6.960e-01
-3.650e+00 -7.950e-01
-3.640e+00 -4.037e-02
-3.630e+00 1.131e-01
-3.620e+00 4.483e-01
-3.610e+00 6.234e-01
-3.600e+00 -3.760e-01
-3.590e+00 1.634e-01
-3.580e+00 4.549e-01
-3.570e+00 2.496e-01
-3.560e+00 1.913e-01
-3.550e+00 -3.884e-01
-3.540e+00 2.415e-01
-3.530e+00 5.668e-01
-3.520e+00 5.823e-01
-3.510e+00 2.852e-01
-3.500e+00 -2.202e-03
-3.490e+00 5.842e-01
-3.480e+00 3.858e-01
-3.470e+00 -1.596e-01
-3.460e+00 4.317e-01
-3.450e+00 -4.544e-01
-3.440e+00 7.385e-01
-3.430e+00 4.370e-01
-3.420e+00 1.590e-01
-3.410e+00 7.012e-01
-3.400e+00 9.165e-01
-3.390e+00 7.743e-02
-3.380e+00 9.151e-02
-3.370e+00 1.746e-01
-3.360e+00 -7.980e-02
-3.350e+00 -1.408e+00
-3.340e+00 6.851e-01
-3.330e+00 5.278e-01
-3.320e+00 3.920e-01
-3.310e+00 -4.705e-01
-3.300e+00 -4.337e-01
-3.290e+00 7.037e-01
-3.280e+00 3.147e-01
-3.270e+00 4.258e-01
-3.260e+00 3.925e-01
-3.250e+00 8.290e-01
-3.240e+00 6.211e-01
-3.230e+00 2.312e-01
-3.220e+00 5.036e-01
-3.210e+00 5.816e-01
-3.200e+00 -2.857e-01
-3.190e+00 -7.734e-02
-3.180e+00 -6.037e-02
-3.170e+00 -5.230e-02
-3.160e+00 -2.711e-02
-3.150e+00 1.318e+00
-3.140e+00 2.016e-02
-3.130e+00 2.386e-01
-3.120e+00 5.193e-02
-3.110e+00 2.739e-01
-3.100e+00 -1.762e-01
-3.090e+00 2.535e-01
-3.080e+00 2.981e-01
-3.070e+00 4.084e-01
-3.060e+00 3.683e-02
-3.050e+00 1.653e+00
-3.040e+00 1.706e-01
-3.030e+00 7.504e-01
-3.020e+00 4.219e-01
-3.010e+00 4.955e-01
-3.000e+00 -4.886e-01
-2.990e+00 7.649e-01
-2.980e+00 5.091e-01
-2.970e+00 6.653e-01
-2.960e+00 8.834e-01
-2.950e+00 -4.441e-02
-2.940e+00 1.843e-01
-2.930e+00 1.857e-01
-2.920e+00 -6.614e-02
-2.910e+00 5.902e-01
-2.900e+00 4.448e-01
-2.890e+00 3.702e-02
-2.880e+00 8.727e-01
-2.870e+00 2.112e-01
-2.860e+00 4.507e-01
-2.850e+00 3.421e-01
-2.840e+00 2.623e-01
-2.830e+00 6.997e-01
-2.820e+00 1.590e-01
-2.810e+00 3.514e-01
-2.800e+00 1.898e+00
-2.790e+00 -2.756e-01
-2.780e+00 5.362e-01
-2.770e+00 5.459e-01
-2.760e+00 9.028e-01
-2.750e+00 2.542e+00
-2.740e+00 3.735e-01
-2.730e+00 7.591e-01
-2.720e+00 7.465e-01
-2.710e+00 -1.159e-01
-2.700e+00 3.993e-01
-2.690e+00 -1.245e-02
-2.680e+00 1.821e-01
-2.670e+00 4.553e-01
-2.660e+00 6.365e-01
-2.650e+00 2.418e-01
-2.640e+00 -3.577e-01
-2.630e+00 4.010e-01
-2.620e+00 4.821e-01
-2.610e+00 3.930e-01
-2.600e+00 1.101e+00
-2.590e+00 6.073e-01
-2.580e+00 6.849e-01
-2.570e+00 7.189e-01
-2.560e+00 1.135e+00
-2.550e+00 5.385e-01
-2.540e+00 2.783e-01
-2.530e+00 9.097e-02
-2.520e+00 2.307e-01
-2.510e+00 1.540e-01
-2.500e+00 1.511e+00
-2.490e+00 8.526e-02
-2.480e+00 1.676e-01
-2.470e+00 2.433e-01
-2.460e+00 4.679e-02
-2.450e+00 -2.223e-01
-2.440e+00 -3.869e-01
-2.430e+00 2.250e-01
-2.420e+00 7.751e-01
-2.410e+00 2.151e-01
-2.400e+00 4.149e-01
-2.390e+00 -3.934e-01
-2.380e+00 -9.761e-02
-2.370e+00 -6.030e-02
-2.360e+00 2.184e-01
-2.350e+00 7.809e-01
-2.340e+00 7.492e-01
-2.330e+00 4.165e-01
-2.320e+00 7.400e-01
-2.310e+00 2.257e-02
-2.300e+00 -5.006e-01
-2.290e+00 2.053e-01
-2.280e+00 6.885e-01
-2.270e+00 8.255e-01
-2.260e+00 8.412e-01
-2.250e+00 1.288e+00
-2.240e+00 2.543e-01
-2.230e+00 1.020e+00
-2.220e+00 5.316e-01
-2.210e+00 9.419e-01
-2.200e+00 -4.421e-01
-2.190e+00 1.269e-02
-2.180e+00 1.334e-01
-2.170e+00 -9.315e-01
-2.160e+00 3.262e-01
-2.150e+00 1.005e+00
-2.140e+00 9.542e-01
-2.130e+00 5.343e-01
-2.120e+00 9.708e-01
-2.110e+00 1.175e+00
-2.100e+00 -5.632e-01
-2.090e+00 5.406e-01
-2.080e+00 5.418e-01
-2.070e+00 -2.621e-02
-2.060e+00 9.673e-01
-2.050e+00 1.067e+00
-2.040e+00 2.293e-01
-2.030e+00 3.153e-01
-2.020e+00 4.451e-01
-2.010e+00 5.094e-01
-2.000e+00 2.397e+00
-1.990e+00 4.334e-01
-1.980e+00 2.867e-01
-1.970e+00 5.854e-01
-1.960e+00 9.467e-01
-1.950e+00 1.485e-01
-1.940e+00 1.338e-01
-1.930e+00 -1.206e-01
-1.920e+00 -1.620e-01
-1.910e+00 1.137e+00
-1.900e+00 -1.340e+00
-1.890e+00 3.546e-01
-1.880e+00 -1.691e-02
-1.870e+00 1.439e-01
-1.860e+00 -6.654e-02
-1.850e+00 -1.807e-01
-1.840e+00 1.937e-01
-1.830e+00 5.201e-01
-1.820e+00 -3.231e-02
-1.810e+00 -7.836e-02
-1.800e+00 1.846e+00
-1.790e+00 2.771e-01
-1.780e+00 6.533e-01
-1.770e+00 4.531e-01
-1.760e+00 1.289e+00
-1.750e+00 -8.515e-01
-1.740e+00 6.221e-01
-1.730e+00 7.188e-01
-1.720e+00 3.777e-01
-1.710e+00 -7.864e-01
-1.700e+00 -1.581e+00
-1.690e+00 8.942e-01
-1.680e+00 8.646e-01
-1.670e+00 -1.882e-01
-1.660e+00 1.071e+00
-1.650e+00 1.499e+00
-1.640e+00 9.928e-01
-1.630e+00 5.118e-01
-1.620e+00 1.415e+00
-1.610e+00 -1.887e-01
-1.600e+00 1.115e+00
-1.590e+00 1.930e-01
-1.580e+00 -1.655e-01
-1.570e+00 5.842e-01
-1.560e+00 3.369e-01
-1.550e+00 4.218e-01
-1.540e+00 1.312e+00
-1.530e+00 4.479e-01
-1.520e+00 5.508e-01
-1.510e+00 -1.000e+00
-1.500e+00 2.726e-01
-1.490e+00 9.091e-01
-1.480e+00 5.083e-01
-1.470e+00 1.120e+00
-1.460e+00 2.926e-01
-1.450e+00 1.479e-01
-1.440e+00 1.808e+00
-1.430e+00 9.857e-01
-1.420e+00 1.400e+00
-1.410e+00 1.925e+00
-1.400e+00 8.457e-01
-1.390e+00 6.039e-01
-1.380e+00 8.871e-01
-1.370e+00 5.863e-01
-1.360e+00 5.666e-01
-1.350e+00 -6.120e-02
-1.340e+00 -2.592e-02
-1.330e+00 3.290e-01
-1.320e+00 7.954e-02
-1.310e+00 1.394e+00
-1.300e+00 2.931e-01
-1.290e+00 3.024e-01
-1.280e+00 -6.597e-02
-1.270e+00 -3.443e-01
-1.260e+00 -2.649e-01
-1.250e+00 1.459e+00
-1.240e+00 -5.306e-02
-1.230e+00 4.503e-01
-1.220e+00 1.767e-02
-1.210e+00 3.957e-01
-1.200e+00 -1.330e-01
-1.190e+00 -1.233e-01
-1.180e+00 6.220e-01
-1.170e+00 -5.713e-01
-1.160e+00 -4.563e-01
-1.150e+00 8.503e-01
-1.140e+00 3.164e-01
-1.130e+00 2.430e-01
-1.120e+00 4.087e-01
-1.110e+00 5.143e-01
-1.100e+00 -2.556e-01
-1.090e+00 5.434e-01
-1.080e+00 2.555e-01
-1.070e+00 -7.207e-01
-1.060e+00 5.994e-01
-1.050e+00 8.235e-01
-1.040e+00 1.479e-01
-1.030e+00 1.374e-01
-1.020e+00 1.251e-01
-1.010e+00 9.083e-01
-1.000e+00 -3.057e-01
-9.900e-01 4.558e-01
-9.800e-01 9.183e-01
-9.700e-01 1.223e-01
-9.600e-01 1.491e+00
-9.500e-01 8.448e-01
-9.400e-01 -3.336e-01
-9.300e-01 9.365e-01
-9.200e-01 3.664e-01
-9.100e-01 1.460e+00
-9.000e-01 -5.584e-01
-8.900e-01 2.909e-01
-8.800e-01 2.497e-01
-8.700e-01 6.158e-01
-8.600e-01 8.756e-01
-8.500e-01 1.230e+00
-8.400e-01 1.298e+00
-8.300e-01 1.375e-01
-8.200e-01 7.482e-01
-8.100e-01 4.318e-01
-8.000e-01 -2.921e-01
-7.900e-01 7.415e-01
-7.800e-01 4.544e-01
-7.700e-01 -4.574e-01
-7.600e-01 1.360e-01
-7.500e-01 9.745e-01
-7.400e-01 1.801e+00
-7.300e-01 3.730e-01
-7.200e-01 6.054e-01
-7.100e-01 5.893e-01
-7.000e-01 -3.265e+00
-6.900e-01 -5.593e-01
-6.800e-01 -2.204e-01
-6.700e-01 -1.368e+00
-6.600e-01 1.568e+00
-6.500e-01 2.261e+00
-6.400e-01 -6.740e-01
-6.300e-01 9.996e-02
-6.200e-01 8.787e-01
-6.100e-01 -3.557e-02
-6.000e-01 -2.886e+00
-5.900e-01 5.442e-01
-5.800e-01 1.080e+00
-5.700e-01 3.583e-01
-5.600e-01 3.304e-01
-5.500e-01 2.418e+00
-5.400e-01 1.161e+00
-5.300e-01 2.268e+00
-5.200e-01 1.694e+00
-5.100e-01 1.412e+00
-5.000e-01 -7.426e-01
-4.900e-01 9.876e-01
-4.800e-01 7.500e-01
-4.700e-01 9.797e-01
-4.600e-01 2.119e+00
-4.500e-01 2.643e+00
-4.400e-01 -3.368e-01
-4.300e-01 1.274e+00
-4.200e-01 -2.889e-02
-4.100e-01 4.828e-02
-4.000e-01 8.150e-01
-3.900e-01 2.171e+00
-3.800e-01 1.138e+00
-3.700e-01 1.888e+00
-3.600e-01 1.068e+00
-3.500e-01 -3.015e-01
-3.400e-01 -1.261e+00
-3.300e-01 -1.544e+00
-3.200e-01 3.462e-02
-3.100e-01 2.240e+00
-3.000e-01 -4.375e+00
-2.900e-01 1.343e+00
-2.800e-01 -7.717e-01
-2.700e-01 1.134e+00
-2.600e-01 -7.627e-01
-2.500e-01 -9.517e-01
-2.400e-01 1.093e+00
-2.300e-01 6.183e-01
-2.200e-01 1.218e+00
-2.100e-01 -8.059e-01
-2.000e-01 -7.758e-01
-1.900e-01 1.114e+00
-1.800e-01 2.184e-01
-1.700e-01 1.672e+00
-1.600e-01 1.357e+00
-1.500e-01 2.867e+00
-1.400e-01 2.528e+00
-1.300e-01 1.300e+00
-1.200e-01 1.657e+00
-1.100e-01 1.123e+00
-1.000e-01 8.660e+00
-9.000e-02 7.128e-01
-8.000e-02 2.663e+00
-7.000e-02 -4.541e-01
-6.000e-02 3.904e+00
-5.000e-02 -6.693e+00
-4.000e-02 2.166e+00
-3.000e-02 9.933e+00
-2.000e-02 1.037e+01
-1.000e-02 3.180e+01
