# Time (ps)      real(F_0)      im(F_0)
0.000e+00 1.000e+00 0.000e+00
1.000e-01 9.262e-01 0.000e+00
2.000e-01 8.757e-01 0.000e+00
3.000e-01 8.630e-01 0.000e+00
4.000e-01 8.221e-01 0.000e+00
5.000e-01 8.098e-01 0.000e+00
6.000e-01 7.907e-01 0.000e+00
7.000e-01 8.432e-01 0.000e+00
8.000e-01 8.453e-01 0.000e+00
9.000e-01 8.237e-01 0.000e+00
1.000e+00 7.826e-01 0.000e+00
1.100e+00 7.856e-01 0.000e+00
1.200e+00 7.780e-01 0.000e+00
1.300e+00 7.849e-01 0.000e+00
1.400e+00 7.513e-01 0.000e+00
1.500e+00 8.050e-01 0.000e+00
1.600e+00 7.924e-01 0.000e+00
1.700e+00 7.727e-01 0.000e+00
1.800e+00 7.500e-01 0.000e+00
1.900e+00 7.201e-01 0.000e+00
2.000e+00 7.715e-01 0.000e+00
2.100e+00 7.129e-01 0.000e+00
2.200e+00 7.250e-01 0.000e+00
2.300e+00 7.141e-01 0.000e+00
2.400e+00 7.387e-01 0.000e+00
2.500e+00 7.320e-01 0.000e+00
2.600e+00 6.866e-01 0.000e+00
2.700e+00 6.860e-01 0.000e+00
2.800e+00 6.988e-01 0.000e+00
2.900e+00 6.972e-01 0.000e+00
3.000e+00 6.664e-01 0.000e+00
3.100e+00 6.755e-01 0.000e+00
3.200e+00 6.569e-01 0.000e+00
3.300e+00 6.838e-01 0.000e+00
3.400e+00 7.029e-01 0.000e+00
3.500e+00 6.625e-01 0.000e+00
3.600e+00 6.693e-01 0.000e+00
3.700e+00 6.392e-01 0.000e+00
3.800e+00 6.527e-01 0.000e+00
3.900e+00 6.326e-01 0.000e+00
4.000e+00 6.366e-01 0.000e+00
4.100e+00 6.273e-01 0.000e+00
4.200e+00 6.241e-01 0.000e+00
4.300e+00 6.138e-01 0.000e+00
4.400e+00 6.321e-01 0.000e+00
4.500e+00 6.211e-01 0.000e+00
4.600e+00 5.781e-01 0.000e+00
4.700e+00 5.716e-01 0.000e+00
4.800e+00 5.502e-01 0.000e+00
4.900e+00 5.459e-01 0.000e+00
5.000e+00 5.413e-01 0.000e+00
5.100e+00 5.392e-01 0.000e+00
5.200e+00 5.367e-01 0.000e+00
5.300e+00 5.189e-01 0.000e+00
5.400e+00 5.330e-01 0.000e+00
5.500e+00 5.258e-01 0.000e+00
5.600e+00 5.283e-01 0.000e+00
5.700e+00 5.526e-01 0.000e+00
5.800e+00 5.003e-01 0.000e+00
5.900e+00 5.045e-01 0.000e+00
6.000e+00 5.384e-01 0.000e+00
6.100e+00 5.196e-01 0.000e+00
6.200e+00 4.838e-01 0.000e+00
6.300e+00 4.737e-01 0.000e+00
6.400e+00 4.945e-01 0.000e+00
6.500e+00 4.834e-01 0.000e+00
6.600e+00 4.847e-01 0.000e+00
6.700e+00 4.738e-01 0.000e+00
6.800e+00 4.636e-01 0.000e+00
6.900e+00 4.548e-01 0.000e+00
7.000e+00 4.585e-01 0.000e+00
7.100e+00 4.773e-01 0.000e+00
7.200e+00 4.771e-01 0.000e+00
7.300e+00 4.655e-01 0.000e+00
7.400e+00 4.729e-01 0.000e+00
7.500e+00 4.624e-01 0.000e+00
7.600e+00 4.220e-01 0.000e+00
7.700e+00 4.262e-01 0.000e+00
7.800e+00 4.272e-01 0.000e+00
7.900e+00 4.308e-01 0.000e+00
8.000e+00 4.307e-01 0.000e+00
8.100e+00 4.286e-01 0.000e+00
8.200e+00 4.305e-01 0.000e+00
8.300e+00 4.228e-01 0.000e+00
8.400e+00 4.171e-01 0.000e+00
8.500e+00 4.069e-01 0.000e+00
8.600e+00 4.060e-01 0.000e+00
8.700e+00 4.056e-01 0.000e+00
8.800e+00 4.189e-01 0.000e+00
8.900e+00 4.396e-01 0.000e+00
9.000e+00 4.583e-01 0.000e+00
9.100e+00 4.642e-01 0.000e+00
9.200e+00 4.267e-01 0.000e+00
9.300e+00 4.039e-01 0.000e+00
9.400e+00 4.303e-01 0.000e+00
9.500e+00 4.146e-01 0.000e+00
9.600e+00 4.107e-01 0.000e+00
9.700e+00 4.027e-01 0.000e+00
9.800e+00 4.144e-01 0.000e+00
9.900e+00 4.287e-01 0.000e+00
1.000e+01 4.073e-01 0.000e+00
1.010e+01 3.996e-01 0.000e+00
1.020e+01 3.797e-01 0.000e+00
1.030e+01 4.011e-01 0.000e+00
1.040e+01 3.941e-01 0.000e+00
1.050e+01 3.854e-01 0.000e+00
1.060e+01 3.854e-01 0.000e+00
1.070e+01 3.964e-01 0.000e+00
1.080e+01 4.107e-01 0.000e+00
1.090e+01 4.102e-01 0.000e+00
1.100e+01 3.849e-01 0.000e+00
1.110e+01 3.886e-01 0.000e+00
1.120e+01 3.889e-01 0.000e+00
1.130e+01 4.004e-01 0.000e+00
1.140e+01 3.719e-01 0.000e+00
1.150e+01 3.892e-01 0.000e+00
1.160e+01 3.938e-01 0.000e+00
1.170e+01 3.759e-01 0.000e+00
1.180e+01 3.742e-01 0.000e+00
1.190e+01 3.648e-01 0.000e+00
1.200e+01 4.016e-01 0.000e+00
1.210e+01 3.811e-01 0.000e+00
1.220e+01 3.670e-01 0.000e+00
1.230e+01 3.787e-01 0.000e+00
1.240e+01 3.850e-01 0.000e+00
1.250e+01 3.743e-01 0.000e+00
1.260e+01 3.387e-01 0.000e+00
1.270e+01 3.648e-01 0.000e+00
1.280e+01 3.659e-01 0.000e+00
1.290e+01 3.601e-01 0.000e+00
1.300e+01 3.417e-01 0.000e+00
1.310e+01 3.613e-01 0.000e+00
1.320e+01 3.545e-01 0.000e+00
1.330e+01 3.669e-01 0.000e+00
1.340e+01 3.345e-01 0.000e+00
1.350e+01 3.224e-01 0.000e+00
1.360e+01 3.226e-01 0.000e+00
1.370e+01 3.238e-01 0.000e+00
1.380e+01 3.324e-01 0.000e+00
1.390e+01 3.217e-01 0.000e+00
1.400e+01 3.031e-01 0.000e+00
1.410e+01 3.097e-01 0.000e+00
1.420e+01 3.105e-01 0.000e+00
1.430e+01 3.096e-01 0.000e+00
1.440e+01 3.208e-01 0.000e+00
1.450e+01 3.177e-01 0.000e+00
1.460e+01 3.065e-01 0.000e+00
1.470e+01 3.126e-01 0.000e+00
1.480e+01 2.850e-01 0.000e+00
1.490e+01 2.945e-01 0.000e+00
1.500e+01 2.794e-01 0.000e+00
1.510e+01 2.737e-01 0.000e+00
1.520e+01 2.791e-01 0.000e+00
1.530e+01 2.697e-01 0.000e+00
1.540e+01 2.658e-01 0.000e+00
1.550e+01 2.594e-01 0.000e+00
1.560e+01 2.685e-01 0.000e+00
1.570e+01 2.767e-01 0.000e+00
1.580e+01 2.641e-01 0.000e+00
1.590e+01 2.683e-01 0.000e+00
1.600e+01 2.642e-01 0.000e+00
1.610e+01 2.767e-01 0.000e+00
1.620e+01 2.681e-01 0.000e+00
1.630e+01 2.627e-01 0.000e+00
1.640e+01 2.519e-01 0.000e+00
1.650e+01 2.575e-01 0.000e+00
1.660e+01 2.537e-01 0.000e+00
1.670e+01 2.599e-01 0.000e+00
1.680e+01 2.468e-01 0.000e+00
1.690e+01 2.507e-01 0.000e+00
1.700e+01 2.371e-01 0.000e+00
1.710e+01 2.501e-01 0.000e+00
1.720e+01 2.652e-01 0.000e+00
1.730e+01 2.542e-01 0.000e+00
1.740e+01 2.746e-01 0.000e+00
1.750e+01 2.598e-01 0.000e+00
1.760e+01 2.386e-01 0.000e+00
1.770e+01 2.512e-01 0.000e+00
1.780e+01 2.527e-01 0.000e+00
1.790e+01 2.566e-01 0.000e+00
1.800e+01 2.505e-01 0.000e+00
1.810e+01 2.240e-01 0.000e+00
1.820e+01 2.318e-01 0.000e+00
1.830e+01 2.273e-01 0.000e+00
1.840e+01 2.235e-01 0.000e+00
1.850e+01 2.288e-01 0.000e+00
1.860e+01 2.265e-01 0.000e+00
1.870e+01 2.268e-01 0.000e+00
1.880e+01 2.238e-01 0.000e+00
1.890e+01 2.382e-01 0.000e+00
1.900e+01 2.381e-01 0.000e+00
1.910e+01 2.350e-01 0.000e+00
1.920e+01 2.177e-01 0.000e+00
1.930e+01 2.031e-01 0.000e+00
1.940e+01 2.157e-01 0.000e+00
1.950e+01 1.940e-01 0.000e+00
1.960e+01 2.043e-01 0.000e+00
1.970e+01 1.898e-01 0.000e+00
1.980e+01 2.096e-01 0.000e+00
1.990e+01 2.116e-01 0.000e+00
2.000e+01 2.000e-01 0.000e+00
2.010e+01 1.997e-01 0.000e+00
2.020e+01 1.943e-01 0.000e+00
2.030e+01 2.023e-01 0.000e+00
2.040e+01 1.920e-01 0.000e+00
2.050e+01 1.906e-01 0.000e+00
2.060e+01 1.817e-01 0.000e+00
2.070e+01 1.957e-01 0.000e+00
2.080e+01 1.964e-01 0.000e+00
2.090e+01 1.913e-01 0.000e+00
2.100e+01 1.901e-01 0.000e+00
2.110e+01 1.859e-01 0.000e+00
2.120e+01 1.915e-01 0.000e+00
2.130e+01 2.026e-01 0.000e+00
2.140e+01 1.897e-01 0.000e+00
2.150e+01 1.887e-01 0.000e+00
2.160e+01 1.904e-01 0.000e+00
2.170e+01 1.915e-01 0.000e+00
2.180e+01 1.857e-01 0.000e+00
2.190e+01 1.994e-01 0.000e+00
2.200e+01 2.216e-01 0.000e+00
2.210e+01 2.048e-01 0.000e+00
2.220e+01 1.896e-01 0.000e+00
2.230e+01 1.929e-01 0.000e+00
2.240e+01 1.937e-01 0.000e+00
2.250e+01 1.983e-01 0.000e+00
2.260e+01 1.763e-01 0.000e+00
2.270e+01 1.930e-01 0.000e+00
2.280e+01 1.944e-01 0.000e+00
2.290e+01 2.028e-01 0.000e+00
2.300e+01 1.971e-01 0.000e+00
2.310e+01 1.930e-01 0.000e+00
2.320e+01 1.947e-01 0.000e+00
2.330e+01 1.954e-01 0.000e+00
2.340e+01 1.784e-01 0.000e+00
2.350e+01 1.750e-01 0.000e+00
2.360e+01 1.864e-01 0.000e+00
2.370e+01 1.794e-01 0.000e+00
2.380e+01 1.633e-01 0.000e+00
2.390e+01 1.515e-01 0.000e+00
2.400e+01 1.470e-01 0.000e+00
2.410e+01 1.451e-01 0.000e+00
2.420e+01 1.494e-01 0.000e+00
2.430e+01 1.482e-01 0.000e+00
2.440e+01 1.678e-01 0.000e+00
2.450e+01 1.810e-01 0.000e+00
2.460e+01 1.758e-01 0.000e+00
2.470e+01 1.794e-01 0.000e+00
2.480e+01 1.572e-01 0.000e+00
2.490e+01 1.535e-01 0.000e+00
2.500e+01 1.464e-01 0.000e+00
2.510e+01 1.618e-01 0.000e+00
2.520e+01 1.607e-01 0.000e+00
2.530e+01 1.605e-01 0.000e+00
2.540e+01 1.653e-01 0.000e+00
2.550e+01 1.544e-01 0.000e+00
2.560e+01 1.715e-01 0.000e+00
2.570e+01 1.800e-01 0.000e+00
2.580e+01 1.701e-01 0.000e+00
2.590e+01 1.849e-01 0.000e+00
2.600e+01 1.746e-01 0.000e+00
2.610e+01 1.710e-01 0.000e+00
2.620e+01 1.613e-01 0.000e+00
2.630e+01 1.633e-01 0.000e+00
2.640e+01 1.707e-01 0.000e+00
2.650e+01 1.718e-01 0.000e+00
2.660e+01 1.615e-01 0.000e+00
2.670e+01 1.650e-01 0.000e+00
2.680e+01 1.445e-01 0.000e+00
2.690e+01 1.353e-01 0.000e+00
2.700e+01 1.305e-01 0.000e+00
2.710e+01 1.485e-01 0.000e+00
2.720e+01 1.455e-01 0.000e+00
2.730e+01 1.538e-01 0.000e+00
2.740e+01 1.505e-01 0.000e+00
2.750e+01 1.360e-01 0.000e+00
2.760e+01 1.431e-01 0.000e+00
2.770e+01 1.536e-01 0.000e+00
2.780e+01 1.577e-01 0.000e+00
2.790e+01 1.533e-01 0.000e+00
2.800e+01 1.429e-01 0.000e+00
2.810e+01 1.276e-01 0.000e+00
2.820e+01 1.339e-01 0.000e+00
2.830e+01 1.312e-01 0.000e+00
2.840e+01 1.303e-01 0.000e+00
2.850e+01 1.238e-01 0.000e+00
2.860e+01 1.389e-01 0.000e+00
2.870e+01 1.442e-01 0.000e+00
2.880e+01 1.324e-01 0.000e+00
2.890e+01 1.693e-01 0.000e+00
2.900e+01 1.705e-01 0.000e+00
2.910e+01 1.589e-01 0.000e+00
2.920e+01 1.554e-01 0.000e+00
2.930e+01 1.503e-01 0.000e+00
2.940e+01 1.520e-01 0.000e+00
2.950e+01 1.386e-01 0.000e+00
2.960e+01 1.448e-01 0.000e+00
2.970e+01 1.478e-01 0.000e+00
2.980e+01 1.575e-01 0.000e+00
2.990e+01 1.582e-01 0.000e+00
3.000e+01 1.512e-01 0.000e+00
3.010e+01 1.433e-01 0.000e+00
3.020e+01 1.349e-01 0.000e+00
3.030e+01 1.448e-01 0.000e+00
3.040e+01 1.415e-01 0.000e+00
3.050e+01 1.538e-01 0.000e+00
3.060e+01 1.341e-01 0.000e+00
3.070e+01 1.477e-01 0.000e+00
3.080e+01 1.597e-01 0.000e+00
3.090e+01 1.589e-01 0.000e+00
3.100e+01 1.518e-01 0.000e+00
3.110e+01 1.690e-01 0.000e+00
3.120e+01 1.638e-01 0.000e+00
3.130e+01 1.555e-01 0.000e+00
3.140e+01 1.476e-01 0.000e+00
3.150e+01 1.459e-01 0.000e+00
3.160e+01 1.411e-01 0.000e+00
3.170e+01 1.381e-01 0.000e+00
3.180e+01 1.401e-01 0.000e+00
3.190e+01 1.270e-01 0.000e+00
3.200e+01 1.274e-01 0.000e+00
3.210e+01 1.343e-01 0.000e+00
3.220e+01 1.337e-01 0.000e+00
3.230e+01 1.225e-01 0.000e+00
3.240e+01 1.226e-01 0.000e+00
3.250e+01 1.178e-01 0.000e+00
3.260e+01 9.779e-02 0.000e+00
3.270e+01 9.846e-02 0.000e+00
3.280e+01 1.003e-01 0.000e+00
3.290e+01 9.823e-02 0.000e+00
3.300e+01 9.965e-02 0.000e+00
3.310e+01 1.011e-01 0.000e+00
3.320e+01 9.639e-02 0.000e+00
3.330e+01 9.849e-02 0.000e+00
3.340e+01 1.024e-01 0.000e+00
3.350e+01 9.945e-02 0.000e+00
3.360e+01 9.988e-02 0.000e+00
3.370e+01 9.674e-02 0.000e+00
3.380e+01 1.030e-01 0.000e+00
3.390e+01 1.039e-01 0.000e+00
3.400e+01 9.711e-02 0.000e+00
3.410e+01 1.091e-01 0.000e+00
3.420e+01 1.002e-01 0.000e+00
3.430e+01 1.043e-01 0.000e+00
3.440e+01 1.041e-01 0.000e+00
3.450e+01 1.046e-01 0.000e+00
3.460e+01 1.053e-01 0.000e+00
3.470e+01 1.087e-01 0.000e+00
3.480e+01 1.032e-01 0.000e+00
3.490e+01 1.022e-01 0.000e+00
3.500e+01 1.025e-01 0.000e+00
3.510e+01 1.046e-01 0.000e+00
3.520e+01 1.033e-01 0.000e+00
3.530e+01 1.079e-01 0.000e+00
3.540e+01 1.055e-01 0.000e+00
3.550e+01 9.501e-02 0.000e+00
3.560e+01 1.084e-01 0.000e+00
3.570e+01 1.120e-01 0.000e+00
3.580e+01 1.010e-01 0.000e+00
3.590e+01 1.068e-01 0.000e+00
3.600e+01 1.106e-01 0.000e+00
3.610e+01 1.116e-01 0.000e+00
3.620e+01 1.076e-01 0.000e+00
3.630e+01 9.927e-02 0.000e+00
3.640e+01 1.079e-01 0.000e+00
3.650e+01 1.040e-01 0.000e+00
3.660e+01 1.032e-01 0.000e+00
3.670e+01 1.082e-01 0.000e+00
3.680e+01 1.039e-01 0.000e+00
3.690e+01 8.468e-02 0.000e+00
3.700e+01 9.626e-02 0.000e+00
3.710e+01 8.959e-02 0.000e+00
3.720e+01 1.002e-01 0.000e+00
3.730e+01 1.043e-01 0.000e+00
3.740e+01 9.815e-02 0.000e+00
3.750e+01 1.036e-01 0.000e+00
3.760e+01 1.028e-01 0.000e+00
3.770e+01 9.961e-02 0.000e+00
3.780e+01 9.582e-02 0.000e+00
3.790e+01 8.830e-02 0.000e+00
3.800e+01 8.717e-02 0.000e+00
3.810e+01 8.357e-02 0.000e+00
3.820e+01 9.734e-02 0.000e+00
3.830e+01 7.628e-02 0.000e+00
3.840e+01 8.651e-02 0.000e+00
3.850e+01 8.315e-02 0.000e+00
3.860e+01 9.992e-02 0.000e+00
3.870e+01 9.557e-02 0.000e+00
3.880e+01 9.729e-02 0.000e+00
3.890e+01 1.211e-01 0.000e+00
3.900e+01 1.262e-01 0.000e+00
3.910e+01 1.071e-01 0.000e+00
3.920e+01 1.018e-01 0.000e+00
3.930e+01 1.094e-01 0.000e+00
3.940e+01 1.148e-01 0.000e+00
3.950e+01 1.042e-01 0.000e+00
3.960e+01 1.069e-01 0.000e+00
3.970e+01 1.011e-01 0.000e+00
3.980e+01 1.027e-01 0.000e+00
3.990e+01 1.007e-01 0.000e+00
4.000e+01 1.051e-01 0.000e+00
4.010e+01 1.023e-01 0.000e+00
4.020e+01 9.488e-02 0.000e+00
4.030e+01 1.040e-01 0.000e+00
4.040e+01 9.154e-02 0.000e+00
4.050e+01 1.053e-01 0.000e+00
4.060e+01 9.958e-02 0.000e+00
4.070e+01 1.060e-01 0.000e+00
4.080e+01 1.160e-01 0.000e+00
4.090e+01 1.036e-01 0.000e+00
4.100e+01 1.041e-01 0.000e+00
4.110e+01 1.146e-01 0.000e+00
4.120e+01 1.145e-01 0.000e+00
4.130e+01 1.000e-01 0.000e+00
4.140e+01 1.085e-01 0.000e+00
4.150e+01 1.182e-01 0.000e+00
4.160e+01 1.058e-01 0.000e+00
4.170e+01 9.849e-02 0.000e+00
4.180e+01 1.056e-01 0.000e+00
4.190e+01 9.288e-02 0.000e+00
4.200e+01 8.754e-02 0.000e+00
4.210e+01 9.678e-02 0.000e+00
4.220e+01 1.042e-01 0.000e+00
4.230e+01 1.068e-01 0.000e+00
4.240e+01 1.110e-01 0.000e+00
4.250e+01 1.087e-01 0.000e+00
4.260e+01 9.005e-02 0.000e+00
4.270e+01 8.074e-02 0.000e+00
4.280e+01 7.815e-02 0.000e+00
4.290e+01 7.892e-02 0.000e+00
4.300e+01 8.065e-02 0.000e+00
4.310e+01 7.544e-02 0.000e+00
4.320e+01 7.374e-02 0.000e+00
4.330e+01 6.368e-02 0.000e+00
4.340e+01 6.402e-02 0.000e+00
4.350e+01 7.045e-02 0.000e+00
4.360e+01 6.678e-02 0.000e+00
4.370e+01 6.515e-02 0.000e+00
4.380e+01 7.070e-02 0.000e+00
4.390e+01 8.292e-02 0.000e+00
4.400e+01 8.314e-02 0.000e+00
4.410e+01 8.439e-02 0.000e+00
4.420e+01 8.544e-02 0.000e+00
4.430e+01 8.775e-02 0.000e+00
4.440e+01 8.182e-02 0.000e+00
4.450e+01 7.732e-02 0.000e+00
4.460e+01 7.939e-02 0.000e+00
4.470e+01 7.516e-02 0.000e+00
4.480e+01 7.752e-02 0.000e+00
4.490e+01 7.293e-02 0.000e+00
4.500e+01 7.486e-02 0.000e+00
4.510e+01 8.116e-02 0.000e+00
4.520e+01 8.384e-02 0.000e+00
4.530e+01 8.214e-02 0.000e+00
4.540e+01 8.983e-02 0.000e+00
4.550e+01 8.285e-02 0.000e+00
4.560e+01 8.118e-02 0.000e+00
4.570e+01 8.887e-02 0.000e+00
4.580e+01 8.671e-02 0.000e+00
4.590e+01 9.012e-02 0.000e+00
4.600e+01 9.440e-02 0.000e+00
4.610e+01 8.179e-02 0.000e+00
4.620e+01 8.246e-02 0.000e+00
4.630e+01 8.247e-02 0.000e+00
4.640e+01 8.368e-02 0.000e+00
4.650e+01 7.963e-02 0.000e+00
4.660e+01 7.677e-02 0.000e+00
4.670e+01 8.045e-02 0.000e+00
4.680e+01 8.198e-02 0.000e+00
4.690e+01 7.509e-02 0.000e+00
4.700e+01 7.290e-02 0.000e+00
4.710e+01 6.976e-02 0.000e+00
4.720e+01 7.108e-02 0.000e+00
4.730e+01 7.210e-02 0.000e+00
4.740e+01 6.995e-02 0.000e+00
4.750e+01 6.308e-02 0.000e+00
4.760e+01 6.014e-02 0.000e+00
4.770e+01 6.746e-02 0.000e+00
4.780e+01 6.787e-02 0.000e+00
4.790e+01 6.624e-02 0.000e+00
4.800e+01 6.435e-02 0.000e+00
4.810e+01 6.505e-02 0.000e+00
4.820e+01 6.235e-02 0.000e+00
4.830e+01 5.799e-02 0.000e+00
4.840e+01 5.804e-02 0.000e+00
4.850e+01 5.468e-02 0.000e+00
4.860e+01 6.339e-02 0.000e+00
4.870e+01 6.045e-02 0.000e+00
4.880e+01 5.663e-02 0.000e+00
4.890e+01 7.012e-02 0.000e+00
4.900e+01 7.396e-02 0.000e+00
4.910e+01 5.941e-02 0.000e+00
4.920e+01 6.264e-02 0.000e+00
4.930e+01 7.322e-02 0.000e+00
4.940e+01 7.639e-02 0.000e+00
4.950e+01 7.135e-02 0.000e+00
4.960e+01 7.734e-02 0.000e+00
4.970e+01 6.360e-02 0.000e+00
4.980e+01 6.600e-02 0.000e+00
4.990e+01 6.839e-02 0.000e+00
5.000e+01 7.736e-02 0.000e+00
5.010e+01 7.456e-02 0.000e+00
5.020e+01 6.973e-02 0.000e+00
5.030e+01 7.378e-02 0.000e+00
5.040e+01 6.584e-02 0.000e+00
5.050e+01 7.602e-02 0.000e+00
5.060e+01 7.282e-02 0.000e+00
5.070e+01 7.766e-02 0.000e+00
5.080e+01 8.837e-02 0.000e+00
5.090e+01 7.651e-02 0.000e+00
5.100e+01 7.421e-02 0.000e+00
5.110e+01 8.194e-02 0.000e+00
5.120e+01 7.943e-02 0.000e+00
5.130e+01 7.518e-02 0.000e+00
5.140e+01 8.025e-02 0.000e+00
5.150e+01 8.249e-02 0.000e+00
5.160e+01 7.692e-02 0.000e+00
5.170e+01 6.995e-02 0.000e+00
5.180e+01 6.723e-02 0.000e+00
5.190e+01 6.555e-02 0.000e+00
5.200e+01 6.150e-02 0.000e+00
5.210e+01 6.600e-02 0.000e+00
5.220e+01 6.989e-02 0.000e+00
5.230e+01 6.561e-02 0.000e+00
5.240e+01 7.151e-02 0.000e+00
5.250e+01 5.778e-02 0.000e+00
5.260e+01 5.653e-02 0.000e+00
5.270e+01 5.473e-02 0.000e+00
5.280e+01 5.285e-02 0.000e+00
5.290e+01 6.128e-02 0.000e+00
5.300e+01 5.790e-02 0.000e+00
5.310e+01 5.676e-02 0.000e+00
5.320e+01 5.386e-02 0.000e+00
5.330e+01 5.570e-02 0.000e+00
5.340e+01 5.591e-02 0.000e+00
5.350e+01 5.980e-02 0.000e+00
5.360e+01 5.723e-02 0.000e+00
5.370e+01 5.624e-02 0.000e+00
5.380e+01 5.433e-02 0.000e+00
5.390e+01 5.494e-02 0.000e+00
5.400e+01 5.325e-02 0.000e+00
5.410e+01 6.212e-02 0.000e+00
5.420e+01 5.332e-02 0.000e+00
5.430e+01 5.285e-02 0.000e+00
5.440e+01 5.571e-02 0.000e+00
5.450e+01 5.805e-02 0.000e+00
5.460e+01 5.430e-02 0.000e+00
5.470e+01 5.677e-02 0.000e+00
5.480e+01 5.594e-02 0.000e+00
5.490e+01 4.798e-02 0.000e+00
5.500e+01 4.739e-02 0.000e+00
5.510e+01 5.173e-02 0.000e+00
5.520e+01 5.182e-02 0.000e+00
5.530e+01 6.103e-02 0.000e+00
5.540e+01 6.157e-02 0.000e+00
5.550e+01 6.095e-02 0.000e+00
5.560e+01 6.809e-02 0.000e+00
5.570e+01 7.383e-02 0.000e+00
5.580e+01 6.661e-02 0.000e+00
5.590e+01 6.609e-02 0.000e+00
5.600e+01 6.654e-02 0.000e+00
5.610e+01 6.474e-02 0.000e+00
5.620e+01 6.040e-02 0.000e+00
5.630e+01 6.021e-02 0.000e+00
5.640e+01 6.541e-02 0.000e+00
5.650e+01 6.691e-02 0.000e+00
5.660e+01 6.405e-02 0.000e+00
5.670e+01 6.408e-02 0.000e+00
5.680e+01 6.034e-02 0.000e+00
5.690e+01 5.670e-02 0.000e+00
5.700e+01 5.880e-02 0.000e+00
5.710e+01 5.900e-02 0.000e+00
5.720e+01 5.909e-02 0.000e+00
5.730e+01 5.870e-02 0.000e+00
5.740e+01 5.593e-02 0.000e+00
5.750e+01 5.597e-02 0.000e+00
5.760e+01 5.045e-02 0.000e+00
5.770e+01 5.872e-02 0.000e+00
5.780e+01 5.825e-02 0.000e+00
5.790e+01 5.671e-02 0.000e+00
5.800e+01 5.451e-02 0.000e+00
5.810e+01 5.054e-02 0.000e+00
5.820e+01 5.567e-02 0.000e+00
5.830e+01 5.250e-02 0.000e+00
5.840e+01 5.584e-02 0.000e+00
5.850e+01 5.125e-02 0.000e+00
5.860e+01 5.315e-02 0.000e+00
5.870e+01 5.364e-02 0.000e+00
5.880e+01 5.334e-02 0.000e+00
5.890e+01 6.215e-02 0.000e+00
5.900e+01 5.973e-02 0.000e+00
5.910e+01 5.001e-02 0.000e+00
5.920e+01 5.272e-02 0.000e+00
5.930e+01 5.470e-02 0.000e+00
5.940e+01 5.380e-02 0.000e+00
5.950e+01 5.913e-02 0.000e+00
5.960e+01 5.510e-02 0.000e+00
5.970e+01 5.056e-02 0.000e+00
5.980e+01 5.302e-02 0.000e+00
5.990e+01 5.687e-02 0.000e+00
6.000e+01 5.406e-02 0.000e+00
6.010e+01 5.469e-02 0.000e+00
6.020e+01 5.454e-02 0.000e+00
6.030e+01 5.686e-02 0.000e+00
6.040e+01 5.407e-02 0.000e+00
6.050e+01 6.649e-02 0.000e+00
6.060e+01 5.939e-02 0.000e+00
6.070e+01 6.158e-02 0.000e+00
6.080e+01 6.203e-02 0.000e+00
6.090e+01 5.194e-02 0.000e+00
6.100e+01 6.029e-02 0.000e+00
6.110e+01 6.421e-02 0.000e+00
6.120e+01 5.901e-02 0.000e+00
6.130e+01 4.972e-02 0.000e+00
6.140e+01 5.501e-02 0.000e+00
6.150e+01 6.179e-02 0.000e+00
6.160e+01 5.405e-02 0.000e+00
6.170e+01 5.469e-02 0.000e+00
6.180e+01 5.369e-02 0.000e+00
6.190e+01 5.403e-02 0.000e+00
6.200e+01 5.185e-02 0.000e+00
6.210e+01 5.542e-02 0.000e+00
6.220e+01 6.001e-02 0.000e+00
6.230e+01 5.559e-02 0.000e+00
6.240e+01 5.131e-02 0.000e+00
6.250e+01 5.280e-02 0.000e+00
6.260e+01 4.551e-02 0.000e+00
6.270e+01 4.983e-02 0.000e+00
6.280e+01 5.520e-02 0.000e+00
6.290e+01 5.146e-02 0.000e+00
6.300e+01 5.298e-02 0.000e+00
6.310e+01 4.958e-02 0.000e+00
6.320e+01 4.621e-02 0.000e+00
6.330e+01 4.441e-02 0.000e+00
6.340e+01 4.238e-02 0.000e+00
6.350e+01 5.431e-02 0.000e+00
6.360e+01 5.699e-02 0.000e+00
6.370e+01 5.707e-02 0.000e+00
6.380e+01 5.051e-02 0.000e+00
6.390e+01 4.395e-02 0.000e+00
6.400e+01 4.393e-02 0.000e+00
6.410e+01 5.199e-02 0.000e+00
6.420e+01 4.013e-02 0.000e+00
6.430e+01 3.557e-02 0.000e+00
6.440e+01 3.818e-02 0.000e+00
6.450e+01 3.945e-02 0.000e+00
6.460e+01 3.511e-02 0.000e+00
6.470e+01 3.551e-02 0.000e+00
6.480e+01 4.815e-02 0.000e+00
6.490e+01 4.761e-02 0.000e+00
6.500e+01 4.369e-02 0.000e+00
6.510e+01 4.443e-02 0.000e+00
6.520e+01 4.165e-02 0.000e+00
6.530e+01 5.288e-02 0.000e+00
6.540e+01 5.332e-02 0.000e+00
6.550e+01 5.134e-02 0.000e+00
6.560e+01 5.933e-02 0.000e+00
6.570e+01 5.634e-02 0.000e+00
6.580e+01 5.439e-02 0.000e+00
6.590e+01 5.453e-02 0.000e+00
6.600e+01 5.142e-02 0.000e+00
6.610e+01 5.766e-02 0.000e+00
6.620e+01 4.191e-02 0.000e+00
6.630e+01 5.051e-02 0.000e+00
6.640e+01 4.605e-02 0.000e+00
6.650e+01 4.577e-02 0.000e+00
6.660e+01 5.235e-02 0.000e+00
6.670e+01 4.957e-02 0.000e+00
6.680e+01 4.591e-02 0.000e+00
6.690e+01 4.484e-02 0.000e+00
6.700e+01 5.269e-02 0.000e+00
6.710e+01 4.214e-02 0.000e+00
6.720e+01 3.995e-02 0.000e+00
6.730e+01 4.599e-02 0.000e+00
6.740e+01 4.734e-02 0.000e+00
6.750e+01 4.543e-02 0.000e+00
6.760e+01 4.343e-02 0.000e+00
6.770e+01 5.134e-02 0.000e+00
6.780e+01 5.497e-02 0.000e+00
6.790e+01 5.562e-02 0.000e+00
6.800e+01 5.371e-02 0.000e+00
6.810e+01 4.598e-02 0.000e+00
6.820e+01 4.825e-02 0.000e+00
6.830e+01 4.818e-02 0.000e+00
6.840e+01 5.071e-02 0.000e+00
6.850e+01 4.878e-02 0.000e+00
6.860e+01 4.401e-02 0.000e+00
6.870e+01 3.824e-02 0.000e+00
6.880e+01 3.921e-02 0.000e+00
6.890e+01 5.644e-02 0.000e+00
6.900e+01 4.970e-02 0.000e+00
6.910e+01 4.343e-02 0.000e+00
6.920e+01 4.057e-02 0.000e+00
6.930e+01 4.066e-02 0.000e+00
6.940e+01 4.159e-02 0.000e+00
6.950e+01 4.825e-02 0.000e+00
6.960e+01 4.347e-02 0.000e+00
6.970e+01 4.614e-02 0.000e+00
6.980e+01 5.154e-02 0.000e+00
6.990e+01 5.670e-02 0.000e+00
7.000e+01 5.454e-02 0.000e+00
7.010e+01 5.258e-02 0.000e+00
7.020e+01 5.146e-02 0.000e+00
7.030e+01 5.239e-02 0.000e+00
7.040e+01 5.136e-02 0.000e+00
7.050e+01 6.035e-02 0.000e+00
7.060e+01 4.998e-02 0.000e+00
7.070e+01 4.907e-02 0.000e+00
7.080e+01 4.910e-02 0.000e+00
7.090e+01 4.607e-02 0.000e+00
7.100e+01 5.408e-02 0.000e+00
7.110e+01 5.683e-02 0.000e+00
7.120e+01 6.002e-02 0.000e+00
7.130e+01 4.832e-02 0.000e+00
7.140e+01 5.663e-02 0.000e+00
7.150e+01 5.691e-02 0.000e+00
7.160e+01 4.974e-02 0.000e+00
7.170e+01 4.951e-02 0.000e+00
7.180e+01 5.132e-02 0.000e+00
7.190e+01 4.781e-02 0.000e+00
7.200e+01 4.764e-02 0.000e+00
7.210e+01 5.096e-02 0.000e+00
7.220e+01 5.306e-02 0.000e+00
7.230e+01 5.501e-02 0.000e+00
7.240e+01 5.276e-02 0.000e+00
7.250e+01 5.561e-02 0.000e+00
7.260e+01 5.143e-02 0.000e+00
7.270e+01 6.038e-02 0.000e+00
7.280e+01 6.191e-02 0.000e+00
7.290e+01 6.490e-02 0.000e+00
7.300e+01 5.848e-02 0.000e+00
7.310e+01 5.954e-02 0.000e+00
7.320e+01 6.041e-02 0.000e+00
7.330e+01 5.775e-02 0.000e+00
7.340e+01 5.470e-02 0.000e+00
7.350e+01 6.193e-02 0.000e+00
7.360e+01 6.446e-02 0.000e+00
7.370e+01 6.277e-02 0.000e+00
7.380e+01 5.858e-02 0.000e+00
7.390e+01 6.068e-02 0.000e+00
7.400e+01 5.023e-02 0.000e+00
7.410e+01 5.654e-02 0.000e+00
7.420e+01 4.872e-02 0.000e+00
7.430e+01 4.406e-02 0.000e+00
7.440e+01 4.575e-02 0.000e+00
7.450e+01 4.283e-02 0.000e+00
7.460e+01 5.386e-02 0.000e+00
7.470e+01 4.559e-02 0.000e+00
7.480e+01 5.314e-02 0.000e+00
7.490e+01 5.444e-02 0.000e+00
7.500e+01 5.414e-02 0.000e+00
7.510e+01 5.413e-02 0.000e+00
7.520e+01 5.568e-02 0.000e+00
7.530e+01 5.431e-02 0.000e+00
7.540e+01 5.747e-02 0.000e+00
7.550e+01 6.259e-02 0.000e+00
7.560e+01 5.567e-02 0.000e+00
7.570e+01 5.771e-02 0.000e+00
7.580e+01 5.818e-02 0.000e+00
7.590e+01 5.674e-02 0.000e+00
7.600e+01 4.603e-02 0.000e+00
7.610e+01 5.138e-02 0.000e+00
7.620e+01 4.789e-02 0.000e+00
7.630e+01 5.426e-02 0.000e+00
7.640e+01 4.987e-02 0.000e+00
7.650e+01 5.726e-02 0.000e+00
7.660e+01 6.357e-02 0.000e+00
7.670e+01 5.568e-02 0.000e+00
7.680e+01 4.812e-02 0.000e+00
7.690e+01 5.206e-02 0.000e+00
7.700e+01 5.980e-02 0.000e+00
7.710e+01 4.720e-02 0.000e+00
7.720e+01 4.550e-02 0.000e+00
7.730e+01 4.674e-02 0.000e+00
7.740e+01 4.633e-02 0.000e+00
7.750e+01 4.289e-02 0.000e+00
7.760e+01 4.366e-02 0.000e+00
7.770e+01 4.594e-02 0.000e+00
7.780e+01 5.138e-02 0.000e+00
7.790e+01 4.895e-02 0.000e+00
7.800e+01 4.974e-02 0.000e+00
7.810e+01 4.423e-02 0.000e+00
7.820e+01 4.346e-02 0.000e+00
7.830e+01 5.414e-02 0.000e+00
7.840e+01 4.681e-02 0.000e+00
7.850e+01 4.721e-02 0.000e+00
7.860e+01 4.086e-02 0.000e+00
7.870e+01 4.135e-02 0.000e+00
7.880e+01 4.409e-02 0.000e+00
7.890e+01 4.862e-02 0.000e+00
7.900e+01 4.433e-02 0.000e+00
7.910e+01 4.061e-02 0.000e+00
7.920e+01 4.566e-02 0.000e+00
7.930e+01 4.927e-02 0.000e+00
7.940e+01 4.813e-02 0.000e+00
7.950e+01 5.310e-02 0.000e+00
7.960e+01 4.648e-02 0.000e+00
7.970e+01 5.233e-02 0.000e+00
7.980e+01 5.379e-02 0.000e+00
7.990e+01 5.582e-02 0.000e+00
8.000e+01 5.642e-02 0.000e+00
8.010e+01 5.244e-02 0.000e+00
8.020e+01 4.456e-02 0.000e+00
8.030e+01 4.393e-02 0.000e+00
8.040e+01 4.838e-02 0.000e+00
8.050e+01 5.483e-02 0.000e+00
8.060e+01 4.968e-02 0.000e+00
8.070e+01 4.965e-02 0.000e+00
8.080e+01 4.374e-02 0.000e+00
8.090e+01 5.226e-02 0.000e+00
8.100e+01 4.418e-02 0.000e+00
8.110e+01 4.785e-02 0.000e+00
8.120e+01 5.416e-02 0.000e+00
8.130e+01 5.272e-02 0.000e+00
8.140e+01 5.123e-02 0.000e+00
8.150e+01 4.904e-02 0.000e+00
8.160e+01 4.792e-02 0.000e+00
8.170e+01 5.160e-02 0.000e+00
8.180e+01 4.251e-02 0.000e+00
8.190e+01 4.083e-02 0.000e+00
8.200e+01 5.038e-02 0.000e+00
8.210e+01 4.027e-02 0.000e+00
8.220e+01 4.032e-02 0.000e+00
8.230e+01 3.931e-02 0.000e+00
8.240e+01 4.105e-02 0.000e+00
8.250e+01 3.739e-02 0.000e+00
8.260e+01 3.569e-02 0.000e+00
8.270e+01 3.691e-02 0.000e+00
8.280e+01 4.364e-02 0.000e+00
8.290e+01 5.430e-02 0.000e+00
8.300e+01 4.995e-02 0.000e+00
8.310e+01 5.366e-02 0.000e+00
8.320e+01 4.369e-02 0.000e+00
8.330e+01 4.701e-02 0.000e+00
8.340e+01 4.625e-02 0.000e+00
8.350e+01 4.654e-02 0.000e+00
8.360e+01 5.554e-02 0.000e+00
8.370e+01 4.734e-02 0.000e+00
8.380e+01 4.906e-02 0.000e+00
8.390e+01 4.721e-02 0.000e+00
8.400e+01 4.440e-02 0.000e+00
8.410e+01 4.875e-02 0.000e+00
8.420e+01 4.536e-02 0.000e+00
8.430e+01 4.203e-02 0.000e+00
8.440e+01 4.352e-02 0.000e+00
8.450e+01 4.788e-02 0.000e+00
8.460e+01 4.751e-02 0.000e+00
8.470e+01 4.063e-02 0.000e+00
8.480e+01 4.048e-02 0.000e+00
8.490e+01 3.689e-02 0.000e+00
8.500e+01 3.701e-02 0.000e+00
8.510e+01 4.082e-02 0.000e+00
8.520e+01 4.267e-02 0.000e+00
8.530e+01 4.560e-02 0.000e+00
8.540e+01 4.322e-02 0.000e+00
8.550e+01 3.985e-02 0.000e+00
8.560e+01 3.723e-02 0.000e+00
8.570e+01 3.471e-02 0.000e+00
8.580e+01 3.057e-02 0.000e+00
8.590e+01 2.778e-02 0.000e+00
8.600e+01 2.582e-02 0.000e+00
8.610e+01 3.118e-02 0.000e+00
8.620e+01 3.317e-02 0.000e+00
8.630e+01 3.291e-02 0.000e+00
8.640e+01 3.530e-02 0.000e+00
8.650e+01 3.721e-02 0.000e+00
8.660e+01 3.847e-02 0.000e+00
8.670e+01 3.243e-02 0.000e+00
8.680e+01 3.377e-02 0.000e+00
8.690e+01 3.171e-02 0.000e+00
8.700e+01 2.896e-02 0.000e+00
8.710e+01 2.631e-02 0.000e+00
8.720e+01 2.609e-02 0.000e+00
8.730e+01 2.925e-02 0.000e+00
8.740e+01 2.688e-02 0.000e+00
8.750e+01 3.043e-02 0.000e+00
8.760e+01 3.217e-02 0.000e+00
8.770e+01 3.407e-02 0.000e+00
8.780e+01 3.369e-02 0.000e+00
8.790e+01 3.326e-02 0.000e+00
8.800e+01 3.267e-02 0.000e+00
8.810e+01 3.064e-02 0.000e+00
8.820e+01 3.091e-02 0.000e+00
8.830e+01 3.381e-02 0.000e+00
8.840e+01 3.061e-02 0.000e+00
8.850e+01 3.198e-02 0.000e+00
8.860e+01 3.047e-02 0.000e+00
8.870e+01 2.907e-02 0.000e+00
8.880e+01 2.712e-02 0.000e+00
8.890e+01 3.131e-02 0.000e+00
8.900e+01 2.954e-02 0.000e+00
8.910e+01 2.804e-02 0.000e+00
8.920e+01 2.905e-02 0.000e+00
8.930e+01 2.972e-02 0.000e+00
8.940e+01 3.186e-02 0.000e+00
8.950e+01 3.257e-02 0.000e+00
8.960e+01 3.334e-02 0.000e+00
8.970e+01 3.270e-02 0.000e+00
8.980e+01 3.430e-02 0.000e+00
8.990e+01 3.251e-02 0.000e+00
9.000e+01 2.973e-02 0.000e+00
9.010e+01 3.068e-02 0.000e+00
9.020e+01 2.772e-02 0.000e+00
9.030e+01 2.813e-02 0.000e+00
9.040e+01 2.736e-02 0.000e+00
9.050e+01 3.321e-02 0.000e+00
9.060e+01 3.053e-02 0.000e+00
9.070e+01 3.123e-02 0.000e+00
9.080e+01 3.281e-02 0.000e+00
9.090e+01 3.263e-02 0.000e+00
9.100e+01 2.983e-02 0.000e+00
9.110e+01 3.096e-02 0.000e+00
9.120e+01 3.015e-02 0.000e+00
9.130e+01 2.783e-02 0.000e+00
9.140e+01 2.609e-02 0.000e+00
9.150e+01 2.538e-02 0.000e+00
9.160e+01 2.384e-02 0.000e+00
9.170e+01 2.088e-02 0.000e+00
9.180e+01 2.131e-02 0.000e+00
9.190e+01 2.185e-02 0.000e+00
9.200e+01 2.556e-02 0.000e+00
9.210e+01 2.514e-02 0.000e+00
9.220e+01 2.434e-02 0.000e+00
9.230e+01 2.210e-02 0.000e+00
9.240e+01 2.171e-02 0.000e+00
9.250e+01 2.187e-02 0.000e+00
9.260e+01 2.223e-02 0.000e+00
9.270e+01 2.568e-02 0.000e+00
9.280e+01 2.750e-02 0.000e+00
9.290e+01 2.526e-02 0.000e+00
9.300e+01 2.799e-02 0.000e+00
9.310e+01 2.590e-02 0.000e+00
9.320e+01 2.298e-02 0.000e+00
9.330e+01 2.364e-02 0.000e+00
9.340e+01 2.306e-02 0.000e+00
9.350e+01 2.570e-02 0.000e+00
9.360e+01 2.726e-02 0.000e+00
9.370e+01 2.491e-02 0.000e+00
9.380e+01 2.566e-02 0.000e+00
9.390e+01 2.683e-02 0.000e+00
9.400e+01 2.572e-02 0.000e+00
9.410e+01 2.378e-02 0.000e+00
9.420e+01 2.113e-02 0.000e+00
9.430e+01 1.921e-02 0.000e+00
9.440e+01 1.743e-02 0.000e+00
9.450e+01 1.990e-02 0.000e+00
9.460e+01 2.014e-02 0.000e+00
9.470e+01 1.982e-02 0.000e+00
9.480e+01 2.047e-02 0.000e+00
9.490e+01 1.862e-02 0.000e+00
9.500e+01 1.929e-02 0.000e+00
9.510e+01 2.102e-02 0.000e+00
9.520e+01 2.003e-02 0.000e+00
9.530e+01 2.376e-02 0.000e+00
9.540e+01 2.256e-02 0.000e+00
9.550e+01 2.319e-02 0.000e+00
9.560e+01 2.350e-02 0.000e+00
9.570e+01 2.092e-02 0.000e+00
9.580e+01 1.982e-02 0.000e+00
9.590e+01 2.046e-02 0.000e+00
9.600e+01 2.059e-02 0.000e+00
9.610e+01 2.168e-02 0.000e+00
9.620e+01 2.301e-02 0.000e+00
9.630e+01 2.355e-02 0.000e+00
9.640e+01 2.178e-02 0.000e+00
9.650e+01 2.264e-02 0.000e+00
9.660e+01 2.210e-02 0.000e+00
9.670e+01 2.239e-02 0.000e+00
9.680e+01 2.203e-02 0.000e+00
9.690e+01 2.253e-02 0.000e+00
9.700e+01 2.191e-02 0.000e+00
9.710e+01 2.161e-02 0.000e+00
9.720e+01 2.167e-02 0.000e+00
9.730e+01 2.228e-02 0.000e+00
9.740e+01 2.080e-02 0.000e+00
9.750e+01 2.158e-02 0.000e+00
9.760e+01 2.110e-02 0.000e+00
9.770e+01 2.159e-02 0.000e+00
9.780e+01 2.193e-02 0.000e+00
9.790e+01 2.169e-02 0.000e+00
9.800e+01 2.123e-02 0.000e+00
9.810e+01 1.917e-02 0.000e+00
9.820e+01 1.962e-02 0.000e+00
9.830e+01 1.988e-02 0.000e+00
9.840e+01 2.057e-02 0.000e+00
9.850e+01 2.112e-02 0.000e+00
9.860e+01 2.199e-02 0.000e+00
9.870e+01 2.149e-02 0.000e+00
9.880e+01 2.079e-02 0.000e+00
9.890e+01 2.020e-02 0.000e+00
9.900e+01 2.052e-02 0.000e+00
9.910e+01 2.219e-02 0.000e+00
9.920e+01 2.316e-02 0.000e+00
9.930e+01 2.611e-02 0.000e+00
9.940e+01 2.483e-02 0.000e+00
9.950e+01 2.424e-02 0.000e+00
9.960e+01 2.322e-02 0.000e+00
9.970e+01 2.353e-02 0.000e+00
9.980e+01 2.524e-02 0.000e+00
9.990e+01 2.433e-02 0.000e+00
