# Time (ps)      real(F_0)      im(F_0)
0.000e+00 1.000e+00 0.000e+00
1.000e-01 9.303e-01 0.000e+00
2.000e-01 8.819e-01 0.000e+00
3.000e-01 8.604e-01 0.000e+00
4.000e-01 8.478e-01 0.000e+00
5.000e-01 8.560e-01 0.000e+00
6.000e-01 7.963e-01 0.000e+00
7.000e-01 8.121e-01 0.000e+00
8.000e-01 7.956e-01 0.000e+00
9.000e-01 7.771e-01 0.000e+00
1.000e+00 7.763e-01 0.000e+00
1.100e+00 7.683e-01 0.000e+00
1.200e+00 7.559e-01 0.000e+00
1.300e+00 7.757e-01 0.000e+00
1.400e+00 7.488e-01 0.000e+00
1.500e+00 7.599e-01 0.000e+00
1.600e+00 7.631e-01 0.000e+00
1.700e+00 7.276e-01 0.000e+00
1.800e+00 7.519e-01 0.000e+00
1.900e+00 7.024e-01 0.000e+00
2.000e+00 7.141e-01 0.000e+00
2.100e+00 7.209e-01 0.000e+00
2.200e+00 7.292e-01 0.000e+00
2.300e+00 6.891e-01 0.000e+00
2.400e+00 6.963e-01 0.000e+00
2.500e+00 6.921e-01 0.000e+00
2.600e+00 6.915e-01 0.000e+00
2.700e+00 6.567e-01 0.000e+00
2.800e+00 6.174e-01 0.000e+00
2.900e+00 5.997e-01 0.000e+00
3.000e+00 5.879e-01 0.000e+00
3.100e+00 6.127e-01 0.000e+00
3.200e+00 6.203e-01 0.000e+00
3.300e+00 6.404e-01 0.000e+00
3.400e+00 5.741e-01 0.000e+00
3.500e+00 5.799e-01 0.000e+00
3.600e+00 5.716e-01 0.000e+00
3.700e+00 5.611e-01 0.000e+00
3.800e+00 5.814e-01 0.000e+00
3.900e+00 5.422e-01 0.000e+00
4.000e+00 5.549e-01 0.000e+00
4.100e+00 5.415e-01 0.000e+00
4.200e+00 5.379e-01 0.000e+00
4.300e+00 5.429e-01 0.000e+00
4.400e+00 5.346e-01 0.000e+00
4.500e+00 5.225e-01 0.000e+00
4.600e+00 4.984e-01 0.000e+00
4.700e+00 4.941e-01 0.000e+00
4.800e+00 5.095e-01 0.000e+00
4.900e+00 4.923e-01 0.000e+00
5.000e+00 5.118e-01 0.000e+00
5.100e+00 5.018e-01 0.000e+00
5.200e+00 4.940e-01 0.000e+00
5.300e+00 4.892e-01 0.000e+00
5.400e+00 4.665e-01 0.000e+00
5.500e+00 4.556e-01 0.000e+00
5.600e+00 4.841e-01 0.000e+00
5.700e+00 4.807e-01 0.000e+00
5.800e+00 4.723e-01 0.000e+00
5.900e+00 4.720e-01 0.000e+00
6.000e+00 4.749e-01 0.000e+00
6.100e+00 4.775e-01 0.000e+00
6.200e+00 4.770e-01 0.000e+00
6.300e+00 4.545e-01 0.000e+00
6.400e+00 4.478e-01 0.000e+00
6.500e+00 4.378e-01 0.000e+00
6.600e+00 4.513e-01 0.000e+00
6.700e+00 4.591e-01 0.000e+00
6.800e+00 4.509e-01 0.000e+00
6.900e+00 4.414e-01 0.000e+00
7.000e+00 4.296e-01 0.000e+00
7.100e+00 4.133e-01 0.000e+00
7.200e+00 4.289e-01 0.000e+00
7.300e+00 4.269e-01 0.000e+00
7.400e+00 4.051e-01 0.000e+00
7.500e+00 4.153e-01 0.000e+00
7.600e+00 4.344e-01 0.000e+00
7.700e+00 4.101e-01 0.000e+00
7.800e+00 4.272e-01 0.000e+00
7.900e+00 4.177e-01 0.000e+00
8.000e+00 4.286e-01 0.000e+00
8.100e+00 4.173e-01 0.000e+00
8.200e+00 4.228e-01 0.000e+00
8.300e+00 4.097e-01 0.000e+00
8.400e+00 4.240e-01 0.000e+00
8.500e+00 4.101e-01 0.000e+00
8.600e+00 4.161e-01 0.000e+00
8.700e+00 4.229e-01 0.000e+00
8.800e+00 4.222e-01 0.000e+00
8.900e+00 4.073e-01 0.000e+00
9.000e+00 3.947e-01 0.000e+00
9.100e+00 4.034e-01 0.000e+00
9.200e+00 4.040e-01 0.000e+00
9.300e+00 4.118e-01 0.000e+00
9.400e+00 3.947e-01 0.000e+00
9.500e+00 3.944e-01 0.000e+00
9.600e+00 3.933e-01 0.000e+00
9.700e+00 3.766e-01 0.000e+00
9.800e+00 4.235e-01 0.000e+00
9.900e+00 3.902e-01 0.000e+00
1.000e+01 3.705e-01 0.000e+00
1.010e+01 3.625e-01 0.000e+00
1.020e+01 3.527e-01 0.000e+00
1.030e+01 3.690e-01 0.000e+00
1.040e+01 3.831e-01 0.000e+00
1.050e+01 3.822e-01 0.000e+00
1.060e+01 3.587e-01 0.000e+00
1.070e+01 3.620e-01 0.000e+00
1.080e+01 3.558e-01 0.000e+00
1.090e+01 3.525e-01 0.000e+00
1.100e+01 3.409e-01 0.000e+00
1.110e+01 3.352e-01 0.000e+00
1.120e+01 3.483e-01 0.000e+00
1.130e+01 3.538e-01 0.000e+00
1.140e+01 3.410e-01 0.000e+00
1.150e+01 3.394e-01 0.000e+00
1.160e+01 3.672e-01 0.000e+00
1.170e+01 3.619e-01 0.000e+00
1.180e+01 3.845e-01 0.000e+00
1.190e+01 3.613e-01 0.000e+00
1.200e+01 3.434e-01 0.000e+00
1.210e+01 3.487e-01 0.000e+00
1.220e+01 3.413e-01 0.000e+00
1.230e+01 3.516e-01 0.000e+00
1.240e+01 3.261e-01 0.000e+00
1.250e+01 3.248e-01 0.000e+00
1.260e+01 3.220e-01 0.000e+00
1.270e+01 3.180e-01 0.000e+00
1.280e+01 3.054e-01 0.000e+00
1.290e+01 3.140e-01 0.000e+00
1.300e+01 2.911e-01 0.000e+00
1.310e+01 3.032e-01 0.000e+00
1.320e+01 2.945e-01 0.000e+00
1.330e+01 3.317e-01 0.000e+00
1.340e+01 2.907e-01 0.000e+00
1.350e+01 2.949e-01 0.000e+00
1.360e+01 2.957e-01 0.000e+00
1.370e+01 2.886e-01 0.000e+00
1.380e+01 3.234e-01 0.000e+00
1.390e+01 2.986e-01 0.000e+00
1.400e+01 3.128e-01 0.000e+00
1.410e+01 2.956e-01 0.000e+00
1.420e+01 2.950e-01 0.000e+00
1.430e+01 2.915e-01 0.000e+00
1.440e+01 2.963e-01 0.000e+00
1.450e+01 2.897e-01 0.000e+00
1.460e+01 2.744e-01 0.000e+00
1.470e+01 2.822e-01 0.000e+00
1.480e+01 2.876e-01 0.000e+00
1.490e+01 2.540e-01 0.000e+00
1.500e+01 2.659e-01 0.000e+00
1.510e+01 2.912e-01 0.000e+00
1.520e+01 2.791e-01 0.000e+00
1.530e+01 2.751e-01 0.000e+00
1.540e+01 2.554e-01 0.000e+00
1.550e+01 2.548e-01 0.000e+00
1.560e+01 2.632e-01 0.000e+00
1.570e+01 2.567e-01 0.000e+00
1.580e+01 2.553e-01 0.000e+00
1.590e+01 2.608e-01 0.000e+00
1.600e+01 2.588e-01 0.000e+00
1.610e+01 2.559e-01 0.000e+00
1.620e+01 2.580e-01 0.000e+00
1.630e+01 2.327e-01 0.000e+00
1.640e+01 2.272e-01 0.000e+00
1.650e+01 2.317e-01 0.000e+00
1.660e+01 2.357e-01 0.000e+00
1.670e+01 2.401e-01 0.000e+00
1.680e+01 2.281e-01 0.000e+00
1.690e+01 2.260e-01 0.000e+00
1.700e+01 2.329e-01 0.000e+00
1.710e+01 2.336e-01 0.000e+00
1.720e+01 2.396e-01 0.000e+00
1.730e+01 2.239e-01 0.000e+00
1.740e+01 2.338e-01 0.000e+00
1.750e+01 2.356e-01 0.000e+00
1.760e+01 2.370e-01 0.000e+00
1.770e+01 2.274e-01 0.000e+00
1.780e+01 2.368e-01 0.000e+00
1.790e+01 2.284e-01 0.000e+00
1.800e+01 2.317e-01 0.000e+00
1.810e+01 2.298e-01 0.000e+00
1.820e+01 2.178e-01 0.000e+00
1.830e+01 2.165e-01 0.000e+00
1.840e+01 2.242e-01 0.000e+00
1.850e+01 2.162e-01 0.000e+00
1.860e+01 2.189e-01 0.000e+00
1.870e+01 2.100e-01 0.000e+00
1.880e+01 2.132e-01 0.000e+00
1.890e+01 2.141e-01 0.000e+00
1.900e+01 2.192e-01 0.000e+00
1.910e+01 2.281e-01 0.000e+00
1.920e+01 2.339e-01 0.000e+00
1.930e+01 2.137e-01 0.000e+00
1.940e+01 1.974e-01 0.000e+00
1.950e+01 2.087e-01 0.000e+00
1.960e+01 2.035e-01 0.000e+00
1.970e+01 2.190e-01 0.000e+00
1.980e+01 2.118e-01 0.000e+00
1.990e+01 2.095e-01 0.000e+00
2.000e+01 1.984e-01 0.000e+00
2.010e+01 1.983e-01 0.000e+00
2.020e+01 1.938e-01 0.000e+00
2.030e+01 2.050e-01 0.000e+00
2.040e+01 1.980e-01 0.000e+00
2.050e+01 1.884e-01 0.000e+00
2.060e+01 1.976e-01 0.000e+00
2.070e+01 1.952e-01 0.000e+00
2.080e+01 1.937e-01 0.000e+00
2.090e+01 1.815e-01 0.000e+00
2.100e+01 1.761e-01 0.000e+00
2.110e+01 1.793e-01 0.000e+00
2.120e+01 1.834e-01 0.000e+00
2.130e+01 1.963e-01 0.000e+00
2.140e+01 1.785e-01 0.000e+00
2.150e+01 1.795e-01 0.000e+00
2.160e+01 1.853e-01 0.000e+00
2.170e+01 1.846e-01 0.000e+00
2.180e+01 1.893e-01 0.000e+00
2.190e+01 1.846e-01 0.000e+00
2.200e+01 1.878e-01 0.000e+00
2.210e+01 1.824e-01 0.000e+00
2.220e+01 1.728e-01 0.000e+00
2.230e+01 1.945e-01 0.000e+00
2.240e+01 1.786e-01 0.000e+00
2.250e+01 1.715e-01 0.000e+00
2.260e+01 1.779e-01 0.000e+00
2.270e+01 1.843e-01 0.000e+00
2.280e+01 1.777e-01 0.000e+00
2.290e+01 1.803e-01 0.000e+00
2.300e+01 1.824e-01 0.000e+00
2.310e+01 1.752e-01 0.000e+00
2.320e+01 1.702e-01 0.000e+00
2.330e+01 1.961e-01 0.000e+00
2.340e+01 1.726e-01 0.000e+00
2.350e+01 1.767e-01 0.000e+00
2.360e+01 1.770e-01 0.000e+00
2.370e+01 1.622e-01 0.000e+00
2.380e+01 1.890e-01 0.000e+00
2.390e+01 1.783e-01 0.000e+00
2.400e+01 1.737e-01 0.000e+00
2.410e+01 1.769e-01 0.000e+00
2.420e+01 1.779e-01 0.000e+00
2.430e+01 1.658e-01 0.000e+00
2.440e+01 1.738e-01 0.000e+00
2.450e+01 1.827e-01 0.000e+00
2.460e+01 1.800e-01 0.000e+00
2.470e+01 1.782e-01 0.000e+00
2.480e+01 1.754e-01 0.000e+00
2.490e+01 1.623e-01 0.000e+00
2.500e+01 1.684e-01 0.000e+00
2.510e+01 1.709e-01 0.000e+00
2.520e+01 1.717e-01 0.000e+00
2.530e+01 1.698e-01 0.000e+00
2.540e+01 1.634e-01 0.000e+00
2.550e+01 1.711e-01 0.000e+00
2.560e+01 1.720e-01 0.000e+00
2.570e+01 1.666e-01 0.000e+00
2.580e+01 1.600e-01 0.000e+00
2.590e+01 1.522e-01 0.000e+00
2.600e+01 1.512e-01 0.000e+00
2.610e+01 1.537e-01 0.000e+00
2.620e+01 1.547e-01 0.000e+00
2.630e+01 1.527e-01 0.000e+00
2.640e+01 1.366e-01 0.000e+00
2.650e+01 1.433e-01 0.000e+00
2.660e+01 1.381e-01 0.000e+00
2.670e+01 1.452e-01 0.000e+00
2.680e+01 1.388e-01 0.000e+00
2.690e+01 1.375e-01 0.000e+00
2.700e+01 1.359e-01 0.000e+00
2.710e+01 1.298e-01 0.000e+00
2.720e+01 1.535e-01 0.000e+00
2.730e+01 1.483e-01 0.000e+00
2.740e+01 1.545e-01 0.000e+00
2.750e+01 1.533e-01 0.000e+00
2.760e+01 1.524e-01 0.000e+00
2.770e+01 1.561e-01 0.000e+00
2.780e+01 1.635e-01 0.000e+00
2.790e+01 1.618e-01 0.000e+00
2.800e+01 1.541e-01 0.000e+00
2.810e+01 1.514e-01 0.000e+00
2.820e+01 1.478e-01 0.000e+00
2.830e+01 1.413e-01 0.000e+00
2.840e+01 1.478e-01 0.000e+00
2.850e+01 1.413e-01 0.000e+00
2.860e+01 1.302e-01 0.000e+00
2.870e+01 1.286e-01 0.000e+00
2.880e+01 1.260e-01 0.000e+00
2.890e+01 1.339e-01 0.000e+00
2.900e+01 1.421e-01 0.000e+00
2.910e+01 1.502e-01 0.000e+00
2.920e+01 1.488e-01 0.000e+00
2.930e+01 1.311e-01 0.000e+00
2.940e+01 1.230e-01 0.000e+00
2.950e+01 1.299e-01 0.000e+00
2.960e+01 1.264e-01 0.000e+00
2.970e+01 1.443e-01 0.000e+00
2.980e+01 1.283e-01 0.000e+00
2.990e+01 1.312e-01 0.000e+00
3.000e+01 1.254e-01 0.000e+00
3.010e+01 1.264e-01 0.000e+00
3.020e+01 1.208e-01 0.000e+00
3.030e+01 1.226e-01 0.000e+00
3.040e+01 1.198e-01 0.000e+00
3.050e+01 1.085e-01 0.000e+00
3.060e+01 1.180e-01 0.000e+00
3.070e+01 1.217e-01 0.000e+00
3.080e+01 1.211e-01 0.000e+00
3.090e+01 1.255e-01 0.000e+00
3.100e+01 1.262e-01 0.000e+00
3.110e+01 1.263e-01 0.000e+00
3.120e+01 1.224e-01 0.000e+00
3.130e+01 1.428e-01 0.000e+00
3.140e+01 1.260e-01 0.000e+00
3.150e+01 1.244e-01 0.000e+00
3.160e+01 1.341e-01 0.000e+00
3.170e+01 1.276e-01 0.000e+00
3.180e+01 1.267e-01 0.000e+00
3.190e+01 1.188e-01 0.000e+00
3.200e+01 1.206e-01 0.000e+00
3.210e+01 1.204e-01 0.000e+00
3.220e+01 1.194e-01 0.000e+00
3.230e+01 1.318e-01 0.000e+00
3.240e+01 1.205e-01 0.000e+00
3.250e+01 1.225e-01 0.000e+00
3.260e+01 1.266e-01 0.000e+00
3.270e+01 1.386e-01 0.000e+00
3.280e+01 1.276e-01 0.000e+00
3.290e+01 1.212e-01 0.000e+00
3.300e+01 1.328e-01 0.000e+00
3.310e+01 1.266e-01 0.000e+00
3.320e+01 1.239e-01 0.000e+00
3.330e+01 1.255e-01 0.000e+00
3.340e+01 1.132e-01 0.000e+00
3.350e+01 1.181e-01 0.000e+00
3.360e+01 1.120e-01 0.000e+00
3.370e+01 1.063e-01 0.000e+00
3.380e+01 1.163e-01 0.000e+00
3.390e+01 1.266e-01 0.000e+00
3.400e+01 1.284e-01 0.000e+00
3.410e+01 1.287e-01 0.000e+00
3.420e+01 1.330e-01 0.000e+00
3.430e+01 1.107e-01 0.000e+00
3.440e+01 1.062e-01 0.000e+00
3.450e+01 1.206e-01 0.000e+00
3.460e+01 1.247e-01 0.000e+00
3.470e+01 1.346e-01 0.000e+00
3.480e+01 1.035e-01 0.000e+00
3.490e+01 1.069e-01 0.000e+00
3.500e+01 1.226e-01 0.000e+00
3.510e+01 1.377e-01 0.000e+00
3.520e+01 1.367e-01 0.000e+00
3.530e+01 1.224e-01 0.000e+00
3.540e+01 1.145e-01 0.000e+00
3.550e+01 1.214e-01 0.000e+00
3.560e+01 1.205e-01 0.000e+00
3.570e+01 1.205e-01 0.000e+00
3.580e+01 1.176e-01 0.000e+00
3.590e+01 1.101e-01 0.000e+00
3.600e+01 1.126e-01 0.000e+00
3.610e+01 1.142e-01 0.000e+00
3.620e+01 1.161e-01 0.000e+00
3.630e+01 1.183e-01 0.000e+00
3.640e+01 1.073e-01 0.000e+00
3.650e+01 9.513e-02 0.000e+00
3.660e+01 1.016e-01 0.000e+00
3.670e+01 1.174e-01 0.000e+00
3.680e+01 1.014e-01 0.000e+00
3.690e+01 1.060e-01 0.000e+00
3.700e+01 9.697e-02 0.000e+00
3.710e+01 1.068e-01 0.000e+00
3.720e+01 1.124e-01 0.000e+00
3.730e+01 1.059e-01 0.000e+00
3.740e+01 1.083e-01 0.000e+00
3.750e+01 1.009e-01 0.000e+00
3.760e+01 1.010e-01 0.000e+00
3.770e+01 1.181e-01 0.000e+00
3.780e+01 1.122e-01 0.000e+00
3.790e+01 1.149e-01 0.000e+00
3.800e+01 1.140e-01 0.000e+00
3.810e+01 1.091e-01 0.000e+00
3.820e+01 1.055e-01 0.000e+00
3.830e+01 1.087e-01 0.000e+00
3.840e+01 1.052e-01 0.000e+00
3.850e+01 1.002e-01 0.000e+00
3.860e+01 9.766e-02 0.000e+00
3.870e+01 8.994e-02 0.000e+00
3.880e+01 8.540e-02 0.000e+00
3.890e+01 8.694e-02 0.000e+00
3.900e+01 9.396e-02 0.000e+00
3.910e+01 1.065e-01 0.000e+00
3.920e+01 1.069e-01 0.000e+00
3.930e+01 1.008e-01 0.000e+00
3.940e+01 8.649e-02 0.000e+00
3.950e+01 9.650e-02 0.000e+00
3.960e+01 8.316e-02 0.000e+00
3.970e+01 8.303e-02 0.000e+00
3.980e+01 8.014e-02 0.000e+00
3.990e+01 7.880e-02 0.000e+00
4.000e+01 8.385e-02 0.000e+00
4.010e+01 7.768e-02 0.000e+00
4.020e+01 7.452e-02 0.000e+00
4.030e+01 7.929e-02 0.000e+00
4.040e+01 7.614e-02 0.000e+00
4.050e+01 7.664e-02 0.000e+00
4.060e+01 7.625e-02 0.000e+00
4.070e+01 7.401e-02 0.000e+00
4.080e+01 7.768e-02 0.000e+00
4.090e+01 7.453e-02 0.000e+00
4.100e+01 7.075e-02 0.000e+00
4.110e+01 6.755e-02 0.000e+00
4.120e+01 6.816e-02 0.000e+00
4.130e+01 7.448e-02 0.000e+00
4.140e+01 6.996e-02 0.000e+00
4.150e+01 6.966e-02 0.000e+00
4.160e+01 6.805e-02 0.000e+00
4.170e+01 6.755e-02 0.000e+00
4.180e+01 7.440e-02 0.000e+00
4.190e+01 7.414e-02 0.000e+00
4.200e+01 7.987e-02 0.000e+00
4.210e+01 7.964e-02 0.000e+00
4.220e+01 7.851e-02 0.000e+00
4.230e+01 8.315e-02 0.000e+00
4.240e+01 7.802e-02 0.000e+00
4.250e+01 7.681e-02 0.000e+00
4.260e+01 7.829e-02 0.000e+00
4.270e+01 8.446e-02 0.000e+00
4.280e+01 8.731e-02 0.000e+00
4.290e+01 8.305e-02 0.000e+00
4.300e+01 9.170e-02 0.000e+00
4.310e+01 9.810e-02 0.000e+00
4.320e+01 9.842e-02 0.000e+00
4.330e+01 9.231e-02 0.000e+00
4.340e+01 8.497e-02 0.000e+00
4.350e+01 8.792e-02 0.000e+00
4.360e+01 8.360e-02 0.000e+00
4.370e+01 7.836e-02 0.000e+00
4.380e+01 8.228e-02 0.000e+00
4.390e+01 7.461e-02 0.000e+00
4.400e+01 7.942e-02 0.000e+00
4.410e+01 8.010e-02 0.000e+00
4.420e+01 8.547e-02 0.000e+00
4.430e+01 8.704e-02 0.000e+00
4.440e+01 8.824e-02 0.000e+00
4.450e+01 8.999e-02 0.000e+00
4.460e+01 8.397e-02 0.000e+00
4.470e+01 8.839e-02 0.000e+00
4.480e+01 8.449e-02 0.000e+00
4.490e+01 8.013e-02 0.000e+00
4.500e+01 8.258e-02 0.000e+00
4.510e+01 9.070e-02 0.000e+00
4.520e+01 9.830e-02 0.000e+00
4.530e+01 7.948e-02 0.000e+00
4.540e+01 8.331e-02 0.000e+00
4.550e+01 8.652e-02 0.000e+00
4.560e+01 8.755e-02 0.000e+00
4.570e+01 8.776e-02 0.000e+00
4.580e+01 8.930e-02 0.000e+00
4.590e+01 8.077e-02 0.000e+00
4.600e+01 7.972e-02 0.000e+00
4.610e+01 7.964e-02 0.000e+00
4.620e+01 8.636e-02 0.000e+00
4.630e+01 8.502e-02 0.000e+00
4.640e+01 7.940e-02 0.000e+00
4.650e+01 7.661e-02 0.000e+00
4.660e+01 7.421e-02 0.000e+00
4.670e+01 7.674e-02 0.000e+00
4.680e+01 7.748e-02 0.000e+00
4.690e+01 7.920e-02 0.000e+00
4.700e+01 8.191e-02 0.000e+00
4.710e+01 7.835e-02 0.000e+00
4.720e+01 8.222e-02 0.000e+00
4.730e+01 7.652e-02 0.000e+00
4.740e+01 7.864e-02 0.000e+00
4.750e+01 7.779e-02 0.000e+00
4.760e+01 7.317e-02 0.000e+00
4.770e+01 7.341e-02 0.000e+00
4.780e+01 7.743e-02 0.000e+00
4.790e+01 8.116e-02 0.000e+00
4.800e+01 8.454e-02 0.000e+00
4.810e+01 7.814e-02 0.000e+00
4.820e+01 6.961e-02 0.000e+00
4.830e+01 6.872e-02 0.000e+00
4.840e+01 6.897e-02 0.000e+00
4.850e+01 7.053e-02 0.000e+00
4.860e+01 6.694e-02 0.000e+00
4.870e+01 7.168e-02 0.000e+00
4.880e+01 6.815e-02 0.000e+00
4.890e+01 6.526e-02 0.000e+00
4.900e+01 7.024e-02 0.000e+00
4.910e+01 7.517e-02 0.000e+00
4.920e+01 7.531e-02 0.000e+00
4.930e+01 7.883e-02 0.000e+00
4.940e+01 6.920e-02 0.000e+00
4.950e+01 7.761e-02 0.000e+00
4.960e+01 6.600e-02 0.000e+00
4.970e+01 6.253e-02 0.000e+00
4.980e+01 6.422e-02 0.000e+00
4.990e+01 6.589e-02 0.000e+00
5.000e+01 6.359e-02 0.000e+00
5.010e+01 6.027e-02 0.000e+00
5.020e+01 6.513e-02 0.000e+00
5.030e+01 6.420e-02 0.000e+00
5.040e+01 6.041e-02 0.000e+00
5.050e+01 6.257e-02 0.000e+00
5.060e+01 6.616e-02 0.000e+00
5.070e+01 6.254e-02 0.000e+00
5.080e+01 6.420e-02 0.000e+00
5.090e+01 6.152e-02 0.000e+00
5.100e+01 5.965e-02 0.000e+00
5.110e+01 5.474e-02 0.000e+00
5.120e+01 5.518e-02 0.000e+00
5.130e+01 5.500e-02 0.000e+00
5.140e+01 5.577e-02 0.000e+00
5.150e+01 5.850e-02 0.000e+00
5.160e+01 5.671e-02 0.000e+00
5.170e+01 6.286e-02 0.000e+00
5.180e+01 6.518e-02 0.000e+00
5.190e+01 5.891e-02 0.000e+00
5.200e+01 6.288e-02 0.000e+00
5.210e+01 5.778e-02 0.000e+00
5.220e+01 5.802e-02 0.000e+00
5.230e+01 6.534e-02 0.000e+00
5.240e+01 5.979e-02 0.000e+00
5.250e+01 5.920e-02 0.000e+00
5.260e+01 6.323e-02 0.000e+00
5.270e+01 6.298e-02 0.000e+00
5.280e+01 6.354e-02 0.000e+00
5.290e+01 6.087e-02 0.000e+00
5.300e+01 6.494e-02 0.000e+00
5.310e+01 6.441e-02 0.000e+00
5.320e+01 5.987e-02 0.000e+00
5.330e+01 5.967e-02 0.000e+00
5.340e+01 5.929e-02 0.000e+00
5.350e+01 5.984e-02 0.000e+00
5.360e+01 5.690e-02 0.000e+00
5.370e+01 5.668e-02 0.000e+00
5.380e+01 5.714e-02 0.000e+00
5.390e+01 5.259e-02 0.000e+00
5.400e+01 5.818e-02 0.000e+00
5.410e+01 6.260e-02 0.000e+00
5.420e+01 6.435e-02 0.000e+00
5.430e+01 6.185e-02 0.000e+00
5.440e+01 6.317e-02 0.000e+00
5.450e+01 6.428e-02 0.000e+00
5.460e+01 5.970e-02 0.000e+00
5.470e+01 5.998e-02 0.000e+00
5.480e+01 5.526e-02 0.000e+00
5.490e+01 6.006e-02 0.000e+00
5.500e+01 5.979e-02 0.000e+00
5.510e+01 6.546e-02 0.000e+00
5.520e+01 6.858e-02 0.000e+00
5.530e+01 5.965e-02 0.000e+00
5.540e+01 5.899e-02 0.000e+00
5.550e+01 6.329e-02 0.000e+00
5.560e+01 6.049e-02 0.000e+00
5.570e+01 6.658e-02 0.000e+00
5.580e+01 6.404e-02 0.000e+00
5.590e+01 5.853e-02 0.000e+00
5.600e+01 5.713e-02 0.000e+00
5.610e+01 6.007e-02 0.000e+00
5.620e+01 6.532e-02 0.000e+00
5.630e+01 5.855e-02 0.000e+00
5.640e+01 5.673e-02 0.000e+00
5.650e+01 5.429e-02 0.000e+00
5.660e+01 5.195e-02 0.000e+00
5.670e+01 5.214e-02 0.000e+00
5.680e+01 5.575e-02 0.000e+00
5.690e+01 5.528e-02 0.000e+00
5.700e+01 5.821e-02 0.000e+00
5.710e+01 5.593e-02 0.000e+00
5.720e+01 5.981e-02 0.000e+00
5.730e+01 6.137e-02 0.000e+00
5.740e+01 5.825e-02 0.000e+00
5.750e+01 6.043e-02 0.000e+00
5.760e+01 5.475e-02 0.000e+00
5.770e+01 5.629e-02 0.000e+00
5.780e+01 5.355e-02 0.000e+00
5.790e+01 5.453e-02 0.000e+00
5.800e+01 5.628e-02 0.000e+00
5.810e+01 5.815e-02 0.000e+00
5.820e+01 5.475e-02 0.000e+00
5.830e+01 5.132e-02 0.000e+00
5.840e+01 5.259e-02 0.000e+00
5.850e+01 5.326e-02 0.000e+00
5.860e+01 5.881e-02 0.000e+00
5.870e+01 6.477e-02 0.000e+00
5.880e+01 5.651e-02 0.000e+00
5.890e+01 5.125e-02 0.000e+00
5.900e+01 4.607e-02 0.000e+00
5.910e+01 5.220e-02 0.000e+00
5.920e+01 5.049e-02 0.000e+00
5.930e+01 4.694e-02 0.000e+00
5.940e+01 4.115e-02 0.000e+00
5.950e+01 4.587e-02 0.000e+00
5.960e+01 4.118e-02 0.000e+00
5.970e+01 4.224e-02 0.000e+00
5.980e+01 4.087e-02 0.000e+00
5.990e+01 4.305e-02 0.000e+00
6.000e+01 4.672e-02 0.000e+00
6.010e+01 4.225e-02 0.000e+00
6.020e+01 4.856e-02 0.000e+00
6.030e+01 4.930e-02 0.000e+00
6.040e+01 4.436e-02 0.000e+00
6.050e+01 4.080e-02 0.000e+00
6.060e+01 4.940e-02 0.000e+00
6.070e+01 4.388e-02 0.000e+00
6.080e+01 4.195e-02 0.000e+00
6.090e+01 4.141e-02 0.000e+00
6.100e+01 3.836e-02 0.000e+00
6.110e+01 4.391e-02 0.000e+00
6.120e+01 4.664e-02 0.000e+00
6.130e+01 4.596e-02 0.000e+00
6.140e+01 4.306e-02 0.000e+00
6.150e+01 4.430e-02 0.000e+00
6.160e+01 4.526e-02 0.000e+00
6.170e+01 4.688e-02 0.000e+00
6.180e+01 4.664e-02 0.000e+00
6.190e+01 4.552e-02 0.000e+00
6.200e+01 4.561e-02 0.000e+00
6.210e+01 4.028e-02 0.000e+00
6.220e+01 3.790e-02 0.000e+00
6.230e+01 3.902e-02 0.000e+00
6.240e+01 4.145e-02 0.000e+00
6.250e+01 4.157e-02 0.000e+00
6.260e+01 4.132e-02 0.000e+00
6.270e+01 4.354e-02 0.000e+00
6.280e+01 4.310e-02 0.000e+00
6.290e+01 4.167e-02 0.000e+00
6.300e+01 4.391e-02 0.000e+00
6.310e+01 4.450e-02 0.000e+00
6.320e+01 4.131e-02 0.000e+00
6.330e+01 3.957e-02 0.000e+00
6.340e+01 3.661e-02 0.000e+00
6.350e+01 3.528e-02 0.000e+00
6.360e+01 3.433e-02 0.000e+00
6.370e+01 3.284e-02 0.000e+00
6.380e+01 3.947e-02 0.000e+00
6.390e+01 3.676e-02 0.000e+00
6.400e+01 3.994e-02 0.000e+00
6.410e+01 4.668e-02 0.000e+00
6.420e+01 5.039e-02 0.000e+00
6.430e+01 4.396e-02 0.000e+00
6.440e+01 4.616e-02 0.000e+00
6.450e+01 4.375e-02 0.000e+00
6.460e+01 4.538e-02 0.000e+00
6.470e+01 3.861e-02 0.000e+00
6.480e+01 3.487e-02 0.000e+00
6.490e+01 3.823e-02 0.000e+00
6.500e+01 3.692e-02 0.000e+00
6.510e+01 3.795e-02 0.000e+00
6.520e+01 3.945e-02 0.000e+00
6.530e+01 3.907e-02 0.000e+00
6.540e+01 3.729e-02 0.000e+00
6.550e+01 3.766e-02 0.000e+00
6.560e+01 3.515e-02 0.000e+00
6.570e+01 3.886e-02 0.000e+00
6.580e+01 3.715e-02 0.000e+00
6.590e+01 3.729e-02 0.000e+00
6.600e+01 3.608e-02 0.000e+00
6.610e+01 3.763e-02 0.000e+00
6.620e+01 3.950e-02 0.000e+00
6.630e+01 3.936e-02 0.000e+00
6.640e+01 3.541e-02 0.000e+00
6.650e+01 3.080e-02 0.000e+00
6.660e+01 3.251e-02 0.000e+00
6.670e+01 3.473e-02 0.000e+00
6.680e+01 3.367e-02 0.000e+00
6.690e+01 3.320e-02 0.000e+00
6.700e+01 3.529e-02 0.000e+00
6.710e+01 3.599e-02 0.000e+00
6.720e+01 3.727e-02 0.000e+00
6.730e+01 4.082e-02 0.000e+00
6.740e+01 3.819e-02 0.000e+00
6.750e+01 3.563e-02 0.000e+00
6.760e+01 3.453e-02 0.000e+00
6.770e+01 3.526e-02 0.000e+00
6.780e+01 3.477e-02 0.000e+00
6.790e+01 3.582e-02 0.000e+00
6.800e+01 3.448e-02 0.000e+00
6.810e+01 3.420e-02 0.000e+00
6.820e+01 4.023e-02 0.000e+00
6.830e+01 3.177e-02 0.000e+00
6.840e+01 3.452e-02 0.000e+00
6.850e+01 3.721e-02 0.000e+00
6.860e+01 4.203e-02 0.000e+00
6.870e+01 4.422e-02 0.000e+00
6.880e+01 3.699e-02 0.000e+00
6.890e+01 3.164e-02 0.000e+00
6.900e+01 3.620e-02 0.000e+00
6.910e+01 3.556e-02 0.000e+00
6.920e+01 3.795e-02 0.000e+00
6.930e+01 3.392e-02 0.000e+00
6.940e+01 2.864e-02 0.000e+00
6.950e+01 2.446e-02 0.000e+00
6.960e+01 2.615e-02 0.000e+00
6.970e+01 2.978e-02 0.000e+00
6.980e+01 2.978e-02 0.000e+00
6.990e+01 2.599e-02 0.000e+00
7.000e+01 2.810e-02 0.000e+00
7.010e+01 2.700e-02 0.000e+00
7.020e+01 3.083e-02 0.000e+00
7.030e+01 2.826e-02 0.000e+00
7.040e+01 2.478e-02 0.000e+00
7.050e+01 2.561e-02 0.000e+00
7.060e+01 3.222e-02 0.000e+00
7.070e+01 3.381e-02 0.000e+00
7.080e+01 2.902e-02 0.000e+00
7.090e+01 2.766e-02 0.000e+00
7.100e+01 2.687e-02 0.000e+00
7.110e+01 2.760e-02 0.000e+00
7.120e+01 2.801e-02 0.000e+00
7.130e+01 2.857e-02 0.000e+00
7.140e+01 2.710e-02 0.000e+00
7.150e+01 3.277e-02 0.000e+00
7.160e+01 3.186e-02 0.000e+00
7.170e+01 3.249e-02 0.000e+00
7.180e+01 3.320e-02 0.000e+00
7.190e+01 3.633e-02 0.000e+00
7.200e+01 3.642e-02 0.000e+00
7.210e+01 2.987e-02 0.000e+00
7.220e+01 2.749e-02 0.000e+00
7.230e+01 2.728e-02 0.000e+00
7.240e+01 3.424e-02 0.000e+00
7.250e+01 2.729e-02 0.000e+00
7.260e+01 2.863e-02 0.000e+00
7.270e+01 2.816e-02 0.000e+00
7.280e+01 3.261e-02 0.000e+00
7.290e+01 2.914e-02 0.000e+00
7.300e+01 3.235e-02 0.000e+00
7.310e+01 3.252e-02 0.000e+00
7.320e+01 3.141e-02 0.000e+00
7.330e+01 2.858e-02 0.000e+00
7.340e+01 2.678e-02 0.000e+00
7.350e+01 2.623e-02 0.000e+00
7.360e+01 2.618e-02 0.000e+00
7.370e+01 2.376e-02 0.000e+00
7.380e+01 2.690e-02 0.000e+00
7.390e+01 2.512e-02 0.000e+00
7.400e+01 2.527e-02 0.000e+00
7.410e+01 2.883e-02 0.000e+00
7.420e+01 3.248e-02 0.000e+00
7.430e+01 2.703e-02 0.000e+00
7.440e+01 3.082e-02 0.000e+00
7.450e+01 2.758e-02 0.000e+00
7.460e+01 3.203e-02 0.000e+00
7.470e+01 2.617e-02 0.000e+00
7.480e+01 2.077e-02 0.000e+00
7.490e+01 1.980e-02 0.000e+00
7.500e+01 1.287e-02 0.000e+00
7.510e+01 1.473e-02 0.000e+00
7.520e+01 1.879e-02 0.000e+00
7.530e+01 2.338e-02 0.000e+00
7.540e+01 1.899e-02 0.000e+00
7.550e+01 1.327e-02 0.000e+00
7.560e+01 1.105e-02 0.000e+00
7.570e+01 1.760e-02 0.000e+00
7.580e+01 2.448e-02 0.000e+00
7.590e+01 2.548e-02 0.000e+00
7.600e+01 2.113e-02 0.000e+00
7.610e+01 2.108e-02 0.000e+00
7.620e+01 2.092e-02 0.000e+00
7.630e+01 1.783e-02 0.000e+00
7.640e+01 1.751e-02 0.000e+00
7.650e+01 1.528e-02 0.000e+00
7.660e+01 1.803e-02 0.000e+00
7.670e+01 1.674e-02 0.000e+00
7.680e+01 1.341e-02 0.000e+00
7.690e+01 1.808e-02 0.000e+00
7.700e+01 1.747e-02 0.000e+00
7.710e+01 1.166e-02 0.000e+00
7.720e+01 1.294e-02 0.000e+00
7.730e+01 1.722e-02 0.000e+00
7.740e+01 1.745e-02 0.000e+00
7.750e+01 1.682e-02 0.000e+00
7.760e+01 1.663e-02 0.000e+00
7.770e+01 1.724e-02 0.000e+00
7.780e+01 1.826e-02 0.000e+00
7.790e+01 2.167e-02 0.000e+00
7.800e+01 2.045e-02 0.000e+00
7.810e+01 2.013e-02 0.000e+00
7.820e+01 1.871e-02 0.000e+00
7.830e+01 1.465e-02 0.000e+00
7.840e+01 1.135e-02 0.000e+00
7.850e+01 1.459e-02 0.000e+00
7.860e+01 1.916e-02 0.000e+00
7.870e+01 2.199e-02 0.000e+00
7.880e+01 1.938e-02 0.000e+00
7.890e+01 1.242e-02 0.000e+00
7.900e+01 1.372e-02 0.000e+00
7.910e+01 1.262e-02 0.000e+00
7.920e+01 1.900e-02 0.000e+00
7.930e+01 1.533e-02 0.000e+00
7.940e+01 1.590e-02 0.000e+00
7.950e+01 1.158e-02 0.000e+00
7.960e+01 1.375e-02 0.000e+00
7.970e+01 1.819e-02 0.000e+00
7.980e+01 2.246e-02 0.000e+00
7.990e+01 2.200e-02 0.000e+00
8.000e+01 1.944e-02 0.000e+00
8.010e+01 1.869e-02 0.000e+00
8.020e+01 2.037e-02 0.000e+00
8.030e+01 1.997e-02 0.000e+00
8.040e+01 1.424e-02 0.000e+00
8.050e+01 1.921e-02 0.000e+00
8.060e+01 2.047e-02 0.000e+00
8.070e+01 1.923e-02 0.000e+00
8.080e+01 1.542e-02 0.000e+00
8.090e+01 1.376e-02 0.000e+00
8.100e+01 1.226e-02 0.000e+00
8.110e+01 1.373e-02 0.000e+00
8.120e+01 1.905e-02 0.000e+00
8.130e+01 2.054e-02 0.000e+00
8.140e+01 2.167e-02 0.000e+00
8.150e+01 2.098e-02 0.000e+00
8.160e+01 1.786e-02 0.000e+00
8.170e+01 1.773e-02 0.000e+00
8.180e+01 1.706e-02 0.000e+00
8.190e+01 1.819e-02 0.000e+00
8.200e+01 1.937e-02 0.000e+00
8.210e+01 1.743e-02 0.000e+00
8.220e+01 1.575e-02 0.000e+00
8.230e+01 1.419e-02 0.000e+00
8.240e+01 1.874e-02 0.000e+00
8.250e+01 1.852e-02 0.000e+00
8.260e+01 1.569e-02 0.000e+00
8.270e+01 1.552e-02 0.000e+00
8.280e+01 1.610e-02 0.000e+00
8.290e+01 1.283e-02 0.000e+00
8.300e+01 1.479e-02 0.000e+00
8.310e+01 1.565e-02 0.000e+00
8.320e+01 1.552e-02 0.000e+00
8.330e+01 1.518e-02 0.000e+00
8.340e+01 1.170e-02 0.000e+00
8.350e+01 1.076e-02 0.000e+00
8.360e+01 1.013e-02 0.000e+00
8.370e+01 1.645e-02 0.000e+00
8.380e+01 1.571e-02 0.000e+00
8.390e+01 1.567e-02 0.000e+00
8.400e+01 1.587e-02 0.000e+00
8.410e+01 1.505e-02 0.000e+00
8.420e+01 1.772e-02 0.000e+00
8.430e+01 1.347e-02 0.000e+00
8.440e+01 1.912e-02 0.000e+00
8.450e+01 1.525e-02 0.000e+00
8.460e+01 1.797e-02 0.000e+00
8.470e+01 1.517e-02 0.000e+00
8.480e+01 1.497e-02 0.000e+00
8.490e+01 1.477e-02 0.000e+00
8.500e+01 1.088e-02 0.000e+00
8.510e+01 1.144e-02 0.000e+00
8.520e+01 1.351e-02 0.000e+00
8.530e+01 1.198e-02 0.000e+00
8.540e+01 1.221e-02 0.000e+00
8.550e+01 6.597e-03 0.000e+00
8.560e+01 3.893e-03 0.000e+00
8.570e+01 6.935e-03 0.000e+00
8.580e+01 1.043e-02 0.000e+00
8.590e+01 1.463e-02 0.000e+00
8.600e+01 1.207e-02 0.000e+00
8.610e+01 1.011e-02 0.000e+00
8.620e+01 9.945e-03 0.000e+00
8.630e+01 1.175e-02 0.000e+00
8.640e+01 1.071e-02 0.000e+00
8.650e+01 7.498e-03 0.000e+00
8.660e+01 9.060e-03 0.000e+00
8.670e+01 8.788e-03 0.000e+00
8.680e+01 8.041e-03 0.000e+00
8.690e+01 9.020e-03 0.000e+00
8.700e+01 9.031e-03 0.000e+00
8.710e+01 5.656e-03 0.000e+00
8.720e+01 9.323e-03 0.000e+00
8.730e+01 1.236e-02 0.000e+00
8.740e+01 1.048e-02 0.000e+00
8.750e+01 1.090e-02 0.000e+00
8.760e+01 1.060e-02 0.000e+00
8.770e+01 1.048e-02 0.000e+00
8.780e+01 1.286e-02 0.000e+00
8.790e+01 1.258e-02 0.000e+00
8.800e+01 1.059e-02 0.000e+00
8.810e+01 9.491e-03 0.000e+00
8.820e+01 7.861e-03 0.000e+00
8.830e+01 8.515e-03 0.000e+00
8.840e+01 1.193e-02 0.000e+00
8.850e+01 1.097e-02 0.000e+00
8.860e+01 1.250e-02 0.000e+00
8.870e+01 1.094e-02 0.000e+00
8.880e+01 1.161e-02 0.000e+00
8.890e+01 8.275e-03 0.000e+00
8.900e+01 1.171e-02 0.000e+00
8.910e+01 8.329e-03 0.000e+00
8.920e+01 7.517e-03 0.000e+00
8.930e+01 6.272e-03 0.000e+00
8.940e+01 6.065e-03 0.000e+00
8.950e+01 3.905e-03 0.000e+00
8.960e+01 4.395e-03 0.000e+00
8.970e+01 4.896e-03 0.000e+00
8.980e+01 9.705e-03 0.000e+00
8.990e+01 1.010e-02 0.000e+00
9.000e+01 1.042e-02 0.000e+00
9.010e+01 7.955e-03 0.000e+00
9.020e+01 8.490e-03 0.000e+00
9.030e+01 5.885e-03 0.000e+00
9.040e+01 9.040e-03 0.000e+00
9.050e+01 5.940e-03 0.000e+00
9.060e+01 1.218e-02 0.000e+00
9.070e+01 1.383e-02 0.000e+00
9.080e+01 1.292e-02 0.000e+00
9.090e+01 1.011e-02 0.000e+00
9.100e+01 6.864e-03 0.000e+00
9.110e+01 1.012e-02 0.000e+00
9.120e+01 1.065e-02 0.000e+00
9.130e+01 1.213e-02 0.000e+00
9.140e+01 1.050e-02 0.000e+00
9.150e+01 1.030e-02 0.000e+00
9.160e+01 7.810e-03 0.000e+00
9.170e+01 9.842e-03 0.000e+00
9.180e+01 1.000e-02 0.000e+00
9.190e+01 1.078e-02 0.000e+00
9.200e+01 8.978e-03 0.000e+00
9.210e+01 1.045e-02 0.000e+00
9.220e+01 1.248e-02 0.000e+00
9.230e+01 1.038e-02 0.000e+00
9.240e+01 1.090e-02 0.000e+00
9.250e+01 4.524e-03 0.000e+00
9.260e+01 8.738e-03 0.000e+00
9.270e+01 9.140e-03 0.000e+00
9.280e+01 1.062e-02 0.000e+00
9.290e+01 9.980e-03 0.000e+00
9.300e+01 1.147e-02 0.000e+00
9.310e+01 8.697e-03 0.000e+00
9.320e+01 7.929e-03 0.000e+00
9.330e+01 7.793e-03 0.000e+00
9.340e+01 6.659e-03 0.000e+00
9.350e+01 7.359e-03 0.000e+00
9.360e+01 7.119e-03 0.000e+00
9.370e+01 8.761e-03 0.000e+00
9.380e+01 1.047e-02 0.000e+00
9.390e+01 9.754e-03 0.000e+00
9.400e+01 1.121e-02 0.000e+00
9.410e+01 1.173e-02 0.000e+00
9.420e+01 1.074e-02 0.000e+00
9.430e+01 6.726e-03 0.000e+00
9.440e+01 1.001e-02 0.000e+00
9.450e+01 8.273e-03 0.000e+00
9.460e+01 8.263e-03 0.000e+00
9.470e+01 8.157e-03 0.000e+00
9.480e+01 8.318e-03 0.000e+00
9.490e+01 5.571e-03 0.000e+00
9.500e+01 7.372e-03 0.000e+00
9.510e+01 9.339e-03 0.000e+00
9.520e+01 9.035e-03 0.000e+00
9.530e+01 7.299e-03 0.000e+00
9.540e+01 7.597e-03 0.000e+00
9.550e+01 3.862e-03 0.000e+00
9.560e+01 6.005e-03 0.000e+00
9.570e+01 7.015e-03 0.000e+00
9.580e+01 6.402e-03 0.000e+00
9.590e+01 5.931e-03 0.000e+00
9.600e+01 8.278e-03 0.000e+00
9.610e+01 8.023e-03 0.000e+00
9.620e+01 8.996e-03 0.000e+00
9.630e+01 1.160e-02 0.000e+00
9.640e+01 1.200e-02 0.000e+00
9.650e+01 9.832e-03 0.000e+00
9.660e+01 1.123e-02 0.000e+00
9.670e+01 1.072e-02 0.000e+00
9.680e+01 1.041e-02 0.000e+00
9.690e+01 7.818e-03 0.000e+00
9.700e+01 6.382e-03 0.000e+00
9.710e+01 2.933e-03 0.000e+00
9.720e+01 7.491e-03 0.000e+00
9.730e+01 8.548e-03 0.000e+00
9.740e+01 8.106e-03 0.000e+00
9.750e+01 6.351e-03 0.000e+00
9.760e+01 7.314e-03 0.000e+00
9.770e+01 8.734e-03 0.000e+00
9.780e+01 1.115e-02 0.000e+00
9.790e+01 1.042e-02 0.000e+00
9.800e+01 7.840e-03 0.000e+00
9.810e+01 8.145e-03 0.000e+00
9.820e+01 8.095e-03 0.000e+00
9.830e+01 8.121e-03 0.000e+00
9.840e+01 9.406e-03 0.000e+00
9.850e+01 9.054e-03 0.000e+00
9.860e+01 9.517e-03 0.000e+00
9.870e+01 9.768e-03 0.000e+00
9.880e+01 1.030e-02 0.000e+00
9.890e+01 9.407e-03 0.000e+00
9.900e+01 1.336e-02 0.000e+00
9.910e+01 1.049e-02 0.000e+00
9.920e+01 8.949e-03 0.000e+00
9.930e+01 7.948e-03 0.000e+00
9.940e+01 6.928e-03 0.000e+00
9.950e+01 4.055e-03 0.000e+00
9.960e+01 3.520e-03 0.000e+00
9.970e+01 5.010e-03 0.000e+00
9.980e+01 7.302e-03 0.000e+00
9.990e+01 6.341e-03 0.000e+00
