# Time (ps)      real(F_1)      im(F_1)
0.000e+00 1.000e+00 0.000e+00
1.000e-02 9.999e-01 -4.938e-05
2.000e-02 9.988e-01 -1.001e-04
3.000e-02 9.969e-01 -1.495e-04
4.000e-02 9.941e-01 -1.946e-04
5.000e-02 9.904e-01 -2.342e-04
6.000e-02 9.857e-01 -2.693e-04
7.000e-02 9.799e-01 -3.028e-04
8.000e-02 9.731e-01 -3.383e-04
9.000e-02 9.654e-01 -3.800e-04
1.000e-01 9.568e-01 -4.339e-04
1.100e-01 9.475e-01 -5.056e-04
1.200e-01 9.377e-01 -5.973e-04
1.300e-01 9.276e-01 -7.060e-04
1.400e-01 9.173e-01 -8.249e-04
1.500e-01 9.070e-01 -9.486e-04
1.600e-01 8.969e-01 -1.074e-03
1.700e-01 8.869e-01 -1.196e-03
1.800e-01 8.774e-01 -1.307e-03
1.900e-01 8.681e-01 -1.390e-03
2.000e-01 8.593e-01 -1.424e-03
2.100e-01 8.508e-01 -1.389e-03
2.200e-01 8.427e-01 -1.276e-03
2.300e-01 8.350e-01 -1.089e-03
2.400e-01 8.275e-01 -8.484e-04
2.500e-01 8.204e-01 -5.864e-04
2.600e-01 8.134e-01 -3.365e-04
2.700e-01 8.067e-01 -1.245e-04
2.800e-01 8.002e-01 3.585e-05
2.900e-01 7.940e-01 1.415e-04
3.000e-01 7.879e-01 1.941e-04
3.100e-01 7.821e-01 1.969e-04
3.200e-01 7.765e-01 1.551e-04
3.300e-01 7.711e-01 7.760e-05
3.400e-01 7.659e-01 -2.480e-05
3.500e-01 7.608e-01 -1.422e-04
3.600e-01 7.558e-01 -2.690e-04
3.700e-01 7.509e-01 -4.050e-04
3.800e-01 7.460e-01 -5.553e-04
3.900e-01 7.410e-01 -7.294e-04
4.000e-01 7.360e-01 -9.409e-04
4.100e-01 7.309e-01 -1.204e-03
4.200e-01 7.257e-01 -1.528e-03
4.300e-01 7.204e-01 -1.911e-03
4.400e-01 7.152e-01 -2.341e-03
4.500e-01 7.100e-01 -2.798e-03
4.600e-01 7.049e-01 -3.264e-03
4.700e-01 6.999e-01 -3.732e-03
4.800e-01 6.951e-01 -4.201e-03
4.900e-01 6.905e-01 -4.680e-03
5.000e-01 6.860e-01 -5.176e-03
5.100e-01 6.817e-01 -5.695e-03
5.200e-01 6.776e-01 -6.239e-03
5.300e-01 6.736e-01 -6.803e-03
5.400e-01 6.698e-01 -7.377e-03
5.500e-01 6.660e-01 -7.947e-03
5.600e-01 6.622e-01 -8.495e-03
5.700e-01 6.585e-01 -9.005e-03
5.800e-01 6.548e-01 -9.460e-03
5.900e-01 6.511e-01 -9.849e-03
6.000e-01 6.475e-01 -1.017e-02
6.100e-01 6.438e-01 -1.042e-02
6.200e-01 6.402e-01 -1.061e-02
6.300e-01 6.366e-01 -1.074e-02
6.400e-01 6.329e-01 -1.083e-02
6.500e-01 6.291e-01 -1.087e-02
6.600e-01 6.252e-01 -1.088e-02
6.700e-01 6.210e-01 -1.085e-02
6.800e-01 6.167e-01 -1.078e-02
6.900e-01 6.121e-01 -1.066e-02
7.000e-01 6.074e-01 -1.048e-02
7.100e-01 6.025e-01 -1.024e-02
7.200e-01 5.974e-01 -9.951e-03
7.300e-01 5.923e-01 -9.637e-03
7.400e-01 5.871e-01 -9.318e-03
7.500e-01 5.819e-01 -9.008e-03
7.600e-01 5.767e-01 -8.714e-03
7.700e-01 5.715e-01 -8.436e-03
7.800e-01 5.665e-01 -8.172e-03
7.900e-01 5.615e-01 -7.923e-03
8.000e-01 5.567e-01 -7.693e-03
8.100e-01 5.520e-01 -7.492e-03
8.200e-01 5.475e-01 -7.335e-03
8.300e-01 5.430e-01 -7.234e-03
8.400e-01 5.387e-01 -7.196e-03
8.500e-01 5.345e-01 -7.223e-03
8.600e-01 5.304e-01 -7.315e-03
8.700e-01 5.263e-01 -7.475e-03
8.800e-01 5.221e-01 -7.703e-03
8.900e-01 5.180e-01 -7.996e-03
9.000e-01 5.139e-01 -8.343e-03
9.100e-01 5.100e-01 -8.728e-03
9.200e-01 5.061e-01 -9.133e-03
9.300e-01 5.024e-01 -9.537e-03
9.400e-01 4.989e-01 -9.923e-03
9.500e-01 4.955e-01 -1.028e-02
9.600e-01 4.924e-01 -1.058e-02
9.700e-01 4.893e-01 -1.084e-02
9.800e-01 4.864e-01 -1.102e-02
9.900e-01 4.837e-01 -1.111e-02
1.000e+00 4.810e-01 -1.110e-02
1.010e+00 4.784e-01 -1.098e-02
1.020e+00 4.759e-01 -1.074e-02
1.030e+00 4.736e-01 -1.037e-02
1.040e+00 4.714e-01 -9.865e-03
1.050e+00 4.692e-01 -9.231e-03
1.060e+00 4.672e-01 -8.481e-03
1.070e+00 4.652e-01 -7.636e-03
1.080e+00 4.633e-01 -6.717e-03
1.090e+00 4.614e-01 -5.737e-03
1.100e+00 4.597e-01 -4.710e-03
1.110e+00 4.581e-01 -3.645e-03
1.120e+00 4.566e-01 -2.558e-03
1.130e+00 4.552e-01 -1.467e-03
1.140e+00 4.539e-01 -3.917e-04
1.150e+00 4.527e-01 6.517e-04
1.160e+00 4.516e-01 1.648e-03
1.170e+00 4.505e-01 2.586e-03
1.180e+00 4.494e-01 3.450e-03
1.190e+00 4.483e-01 4.227e-03
1.200e+00 4.471e-01 4.899e-03
1.210e+00 4.458e-01 5.449e-03
1.220e+00 4.444e-01 5.868e-03
1.230e+00 4.429e-01 6.150e-03
1.240e+00 4.412e-01 6.287e-03
1.250e+00 4.394e-01 6.277e-03
1.260e+00 4.375e-01 6.124e-03
1.270e+00 4.355e-01 5.843e-03
1.280e+00 4.334e-01 5.465e-03
1.290e+00 4.311e-01 5.025e-03
1.300e+00 4.287e-01 4.556e-03
1.310e+00 4.261e-01 4.089e-03
1.320e+00 4.235e-01 3.645e-03
1.330e+00 4.208e-01 3.243e-03
1.340e+00 4.181e-01 2.898e-03
1.350e+00 4.153e-01 2.621e-03
1.360e+00 4.125e-01 2.419e-03
1.370e+00 4.097e-01 2.294e-03
1.380e+00 4.070e-01 2.241e-03
1.390e+00 4.044e-01 2.244e-03
1.400e+00 4.019e-01 2.279e-03
1.410e+00 3.996e-01 2.323e-03
1.420e+00 3.974e-01 2.359e-03
1.430e+00 3.953e-01 2.379e-03
1.440e+00 3.934e-01 2.381e-03
1.450e+00 3.916e-01 2.365e-03
1.460e+00 3.898e-01 2.329e-03
1.470e+00 3.882e-01 2.272e-03
1.480e+00 3.866e-01 2.197e-03
1.490e+00 3.850e-01 2.112e-03
1.500e+00 3.835e-01 2.031e-03
1.510e+00 3.819e-01 1.966e-03
1.520e+00 3.804e-01 1.926e-03
1.530e+00 3.787e-01 1.912e-03
1.540e+00 3.771e-01 1.922e-03
1.550e+00 3.753e-01 1.945e-03
1.560e+00 3.735e-01 1.970e-03
1.570e+00 3.716e-01 1.986e-03
1.580e+00 3.695e-01 1.984e-03
1.590e+00 3.673e-01 1.958e-03
1.600e+00 3.649e-01 1.899e-03
1.610e+00 3.623e-01 1.788e-03
1.620e+00 3.597e-01 1.609e-03
1.630e+00 3.570e-01 1.351e-03
1.640e+00 3.543e-01 1.014e-03
1.650e+00 3.517e-01 6.114e-04
1.660e+00 3.492e-01 1.622e-04
1.670e+00 3.469e-01 -3.133e-04
1.680e+00 3.447e-01 -8.027e-04
1.690e+00 3.427e-01 -1.305e-03
1.700e+00 3.409e-01 -1.827e-03
1.710e+00 3.392e-01 -2.382e-03
1.720e+00 3.375e-01 -2.978e-03
1.730e+00 3.359e-01 -3.619e-03
1.740e+00 3.342e-01 -4.292e-03
1.750e+00 3.326e-01 -4.976e-03
1.760e+00 3.309e-01 -5.639e-03
1.770e+00 3.292e-01 -6.244e-03
1.780e+00 3.275e-01 -6.753e-03
1.790e+00 3.258e-01 -7.127e-03
1.800e+00 3.240e-01 -7.344e-03
1.810e+00 3.223e-01 -7.399e-03
1.820e+00 3.206e-01 -7.297e-03
1.830e+00 3.189e-01 -7.053e-03
1.840e+00 3.172e-01 -6.689e-03
1.850e+00 3.154e-01 -6.230e-03
1.860e+00 3.137e-01 -5.706e-03
1.870e+00 3.119e-01 -5.143e-03
1.880e+00 3.101e-01 -4.569e-03
1.890e+00 3.083e-01 -4.007e-03
1.900e+00 3.064e-01 -3.482e-03
1.910e+00 3.046e-01 -3.016e-03
1.920e+00 3.027e-01 -2.629e-03
1.930e+00 3.009e-01 -2.332e-03
1.940e+00 2.992e-01 -2.131e-03
1.950e+00 2.975e-01 -2.023e-03
1.960e+00 2.958e-01 -2.002e-03
1.970e+00 2.941e-01 -2.065e-03
1.980e+00 2.924e-01 -2.210e-03
1.990e+00 2.907e-01 -2.433e-03
2.000e+00 2.889e-01 -2.721e-03
2.010e+00 2.870e-01 -3.059e-03
2.020e+00 2.850e-01 -3.431e-03
2.030e+00 2.830e-01 -3.820e-03
2.040e+00 2.809e-01 -4.212e-03
2.050e+00 2.789e-01 -4.600e-03
2.060e+00 2.768e-01 -4.978e-03
2.070e+00 2.748e-01 -5.344e-03
2.080e+00 2.729e-01 -5.695e-03
2.090e+00 2.710e-01 -6.023e-03
2.100e+00 2.691e-01 -6.326e-03
2.110e+00 2.672e-01 -6.599e-03
2.120e+00 2.652e-01 -6.843e-03
2.130e+00 2.634e-01 -7.060e-03
2.140e+00 2.615e-01 -7.261e-03
2.150e+00 2.597e-01 -7.457e-03
2.160e+00 2.579e-01 -7.660e-03
2.170e+00 2.562e-01 -7.876e-03
2.180e+00 2.545e-01 -8.106e-03
2.190e+00 2.528e-01 -8.342e-03
2.200e+00 2.512e-01 -8.580e-03
2.210e+00 2.495e-01 -8.815e-03
2.220e+00 2.478e-01 -9.041e-03
2.230e+00 2.461e-01 -9.257e-03
2.240e+00 2.445e-01 -9.462e-03
2.250e+00 2.429e-01 -9.650e-03
2.260e+00 2.415e-01 -9.816e-03
2.270e+00 2.401e-01 -9.947e-03
2.280e+00 2.388e-01 -1.003e-02
2.290e+00 2.376e-01 -1.005e-02
2.300e+00 2.366e-01 -1.000e-02
2.310e+00 2.358e-01 -9.889e-03
2.320e+00 2.351e-01 -9.728e-03
2.330e+00 2.345e-01 -9.548e-03
2.340e+00 2.339e-01 -9.381e-03
2.350e+00 2.334e-01 -9.248e-03
2.360e+00 2.330e-01 -9.154e-03
2.370e+00 2.325e-01 -9.089e-03
2.380e+00 2.321e-01 -9.033e-03
2.390e+00 2.315e-01 -8.959e-03
2.400e+00 2.309e-01 -8.844e-03
2.410e+00 2.302e-01 -8.665e-03
2.420e+00 2.294e-01 -8.410e-03
2.430e+00 2.284e-01 -8.075e-03
2.440e+00 2.274e-01 -7.663e-03
2.450e+00 2.262e-01 -7.190e-03
2.460e+00 2.250e-01 -6.679e-03
2.470e+00 2.237e-01 -6.160e-03
2.480e+00 2.223e-01 -5.666e-03
2.490e+00 2.209e-01 -5.225e-03
2.500e+00 2.196e-01 -4.851e-03
2.510e+00 2.182e-01 -4.546e-03
2.520e+00 2.169e-01 -4.301e-03
2.530e+00 2.156e-01 -4.105e-03
2.540e+00 2.144e-01 -3.950e-03
2.550e+00 2.133e-01 -3.832e-03
2.560e+00 2.122e-01 -3.751e-03
2.570e+00 2.112e-01 -3.709e-03
2.580e+00 2.102e-01 -3.705e-03
2.590e+00 2.092e-01 -3.737e-03
2.600e+00 2.083e-01 -3.800e-03
2.610e+00 2.073e-01 -3.892e-03
2.620e+00 2.063e-01 -4.014e-03
2.630e+00 2.054e-01 -4.170e-03
2.640e+00 2.044e-01 -4.365e-03
2.650e+00 2.035e-01 -4.606e-03
2.660e+00 2.025e-01 -4.895e-03
2.670e+00 2.016e-01 -5.231e-03
2.680e+00 2.005e-01 -5.603e-03
2.690e+00 1.995e-01 -5.999e-03
2.700e+00 1.984e-01 -6.409e-03
2.710e+00 1.973e-01 -6.831e-03
2.720e+00 1.962e-01 -7.264e-03
2.730e+00 1.951e-01 -7.700e-03
2.740e+00 1.940e-01 -8.124e-03
2.750e+00 1.930e-01 -8.513e-03
2.760e+00 1.920e-01 -8.854e-03
2.770e+00 1.911e-01 -9.142e-03
2.780e+00 1.903e-01 -9.381e-03
2.790e+00 1.895e-01 -9.572e-03
2.800e+00 1.887e-01 -9.721e-03
2.810e+00 1.880e-01 -9.830e-03
2.820e+00 1.873e-01 -9.911e-03
2.830e+00 1.865e-01 -9.977e-03
2.840e+00 1.858e-01 -1.004e-02
2.850e+00 1.851e-01 -1.013e-02
2.860e+00 1.845e-01 -1.025e-02
2.870e+00 1.839e-01 -1.039e-02
2.880e+00 1.834e-01 -1.057e-02
2.890e+00 1.829e-01 -1.078e-02
2.900e+00 1.824e-01 -1.100e-02
2.910e+00 1.819e-01 -1.122e-02
2.920e+00 1.814e-01 -1.144e-02
2.930e+00 1.809e-01 -1.165e-02
2.940e+00 1.804e-01 -1.183e-02
2.950e+00 1.798e-01 -1.200e-02
2.960e+00 1.792e-01 -1.215e-02
2.970e+00 1.785e-01 -1.229e-02
2.980e+00 1.778e-01 -1.245e-02
2.990e+00 1.771e-01 -1.263e-02
3.000e+00 1.764e-01 -1.285e-02
3.010e+00 1.757e-01 -1.310e-02
3.020e+00 1.750e-01 -1.336e-02
3.030e+00 1.744e-01 -1.362e-02
3.040e+00 1.738e-01 -1.383e-02
3.050e+00 1.733e-01 -1.397e-02
3.060e+00 1.728e-01 -1.402e-02
3.070e+00 1.723e-01 -1.396e-02
3.080e+00 1.718e-01 -1.382e-02
3.090e+00 1.713e-01 -1.361e-02
3.100e+00 1.707e-01 -1.339e-02
3.110e+00 1.702e-01 -1.316e-02
3.120e+00 1.696e-01 -1.296e-02
3.130e+00 1.692e-01 -1.276e-02
3.140e+00 1.687e-01 -1.257e-02
3.150e+00 1.684e-01 -1.237e-02
3.160e+00 1.680e-01 -1.215e-02
3.170e+00 1.677e-01 -1.190e-02
3.180e+00 1.673e-01 -1.163e-02
3.190e+00 1.669e-01 -1.131e-02
3.200e+00 1.664e-01 -1.096e-02
3.210e+00 1.659e-01 -1.058e-02
3.220e+00 1.654e-01 -1.019e-02
3.230e+00 1.648e-01 -9.813e-03
3.240e+00 1.643e-01 -9.472e-03
3.250e+00 1.637e-01 -9.179e-03
3.260e+00 1.630e-01 -8.928e-03
3.270e+00 1.623e-01 -8.698e-03
3.280e+00 1.615e-01 -8.460e-03
3.290e+00 1.607e-01 -8.194e-03
3.300e+00 1.598e-01 -7.889e-03
3.310e+00 1.588e-01 -7.549e-03
3.320e+00 1.579e-01 -7.189e-03
3.330e+00 1.570e-01 -6.841e-03
3.340e+00 1.562e-01 -6.543e-03
3.350e+00 1.554e-01 -6.334e-03
3.360e+00 1.546e-01 -6.239e-03
3.370e+00 1.540e-01 -6.266e-03
3.380e+00 1.533e-01 -6.411e-03
3.390e+00 1.528e-01 -6.661e-03
3.400e+00 1.522e-01 -6.999e-03
3.410e+00 1.517e-01 -7.402e-03
3.420e+00 1.512e-01 -7.847e-03
3.430e+00 1.507e-01 -8.303e-03
3.440e+00 1.502e-01 -8.740e-03
3.450e+00 1.497e-01 -9.132e-03
3.460e+00 1.491e-01 -9.463e-03
3.470e+00 1.485e-01 -9.724e-03
3.480e+00 1.479e-01 -9.915e-03
3.490e+00 1.472e-01 -1.005e-02
3.500e+00 1.465e-01 -1.015e-02
3.510e+00 1.458e-01 -1.024e-02
3.520e+00 1.451e-01 -1.035e-02
3.530e+00 1.444e-01 -1.050e-02
3.540e+00 1.436e-01 -1.069e-02
3.550e+00 1.428e-01 -1.091e-02
3.560e+00 1.420e-01 -1.112e-02
3.570e+00 1.411e-01 -1.132e-02
3.580e+00 1.402e-01 -1.148e-02
3.590e+00 1.393e-01 -1.160e-02
3.600e+00 1.385e-01 -1.169e-02
3.610e+00 1.377e-01 -1.175e-02
3.620e+00 1.370e-01 -1.180e-02
3.630e+00 1.364e-01 -1.184e-02
3.640e+00 1.359e-01 -1.189e-02
3.650e+00 1.354e-01 -1.194e-02
3.660e+00 1.350e-01 -1.201e-02
3.670e+00 1.346e-01 -1.208e-02
3.680e+00 1.342e-01 -1.213e-02
3.690e+00 1.337e-01 -1.214e-02
3.700e+00 1.332e-01 -1.209e-02
3.710e+00 1.326e-01 -1.196e-02
3.720e+00 1.320e-01 -1.172e-02
3.730e+00 1.314e-01 -1.138e-02
3.740e+00 1.307e-01 -1.094e-02
3.750e+00 1.300e-01 -1.043e-02
3.760e+00 1.292e-01 -9.866e-03
3.770e+00 1.285e-01 -9.273e-03
3.780e+00 1.278e-01 -8.667e-03
3.790e+00 1.270e-01 -8.061e-03
3.800e+00 1.263e-01 -7.461e-03
3.810e+00 1.255e-01 -6.871e-03
3.820e+00 1.248e-01 -6.289e-03
3.830e+00 1.240e-01 -5.717e-03
3.840e+00 1.232e-01 -5.155e-03
3.850e+00 1.225e-01 -4.608e-03
3.860e+00 1.217e-01 -4.084e-03
3.870e+00 1.210e-01 -3.592e-03
3.880e+00 1.203e-01 -3.143e-03
3.890e+00 1.196e-01 -2.748e-03
3.900e+00 1.190e-01 -2.413e-03
3.910e+00 1.184e-01 -2.147e-03
3.920e+00 1.178e-01 -1.964e-03
3.930e+00 1.173e-01 -1.878e-03
3.940e+00 1.169e-01 -1.900e-03
3.950e+00 1.165e-01 -2.023e-03
3.960e+00 1.162e-01 -2.219e-03
3.970e+00 1.159e-01 -2.448e-03
3.980e+00 1.157e-01 -2.663e-03
3.990e+00 1.155e-01 -2.822e-03
4.000e+00 1.154e-01 -2.899e-03
4.010e+00 1.153e-01 -2.885e-03
4.020e+00 1.152e-01 -2.787e-03
4.030e+00 1.151e-01 -2.621e-03
4.040e+00 1.151e-01 -2.399e-03
4.050e+00 1.149e-01 -2.134e-03
4.060e+00 1.148e-01 -1.842e-03
4.070e+00 1.147e-01 -1.542e-03
4.080e+00 1.145e-01 -1.251e-03
4.090e+00 1.143e-01 -9.815e-04
4.100e+00 1.141e-01 -7.368e-04
4.110e+00 1.140e-01 -5.130e-04
4.120e+00 1.139e-01 -3.019e-04
4.130e+00 1.138e-01 -9.493e-05
4.140e+00 1.137e-01 1.133e-04
4.150e+00 1.136e-01 3.233e-04
4.160e+00 1.135e-01 5.305e-04
4.170e+00 1.133e-01 7.261e-04
4.180e+00 1.132e-01 8.985e-04
4.190e+00 1.130e-01 1.036e-03
4.200e+00 1.128e-01 1.127e-03
4.210e+00 1.126e-01 1.167e-03
4.220e+00 1.124e-01 1.158e-03
4.230e+00 1.121e-01 1.106e-03
4.240e+00 1.118e-01 1.021e-03
4.250e+00 1.115e-01 9.106e-04
4.260e+00 1.111e-01 7.857e-04
4.270e+00 1.107e-01 6.546e-04
4.280e+00 1.103e-01 5.261e-04
4.290e+00 1.099e-01 4.063e-04
4.300e+00 1.094e-01 2.968e-04
4.310e+00 1.090e-01 1.939e-04
4.320e+00 1.086e-01 9.102e-05
4.330e+00 1.082e-01 -1.612e-05
4.340e+00 1.077e-01 -1.258e-04
4.350e+00 1.073e-01 -2.285e-04
4.360e+00 1.068e-01 -3.099e-04
4.370e+00 1.063e-01 -3.560e-04
4.380e+00 1.057e-01 -3.611e-04
4.390e+00 1.051e-01 -3.312e-04
4.400e+00 1.045e-01 -2.824e-04
4.410e+00 1.039e-01 -2.336e-04
4.420e+00 1.034e-01 -2.003e-04
4.430e+00 1.029e-01 -1.908e-04
4.440e+00 1.026e-01 -2.077e-04
4.450e+00 1.024e-01 -2.514e-04
4.460e+00 1.023e-01 -3.238e-04
4.470e+00 1.023e-01 -4.262e-04
4.480e+00 1.025e-01 -5.541e-04
4.490e+00 1.027e-01 -6.935e-04
4.500e+00 1.030e-01 -8.233e-04
4.510e+00 1.034e-01 -9.218e-04
4.520e+00 1.038e-01 -9.751e-04
4.530e+00 1.041e-01 -9.821e-04
4.540e+00 1.045e-01 -9.553e-04
4.550e+00 1.048e-01 -9.148e-04
4.560e+00 1.051e-01 -8.802e-04
4.570e+00 1.054e-01 -8.636e-04
4.580e+00 1.056e-01 -8.668e-04
4.590e+00 1.057e-01 -8.829e-04
4.600e+00 1.057e-01 -9.011e-04
4.610e+00 1.056e-01 -9.108e-04
4.620e+00 1.054e-01 -9.032e-04
4.630e+00 1.052e-01 -8.710e-04
4.640e+00 1.049e-01 -8.104e-04
4.650e+00 1.045e-01 -7.226e-04
4.660e+00 1.041e-01 -6.159e-04
4.670e+00 1.036e-01 -5.032e-04
4.680e+00 1.031e-01 -3.987e-04
4.690e+00 1.026e-01 -3.156e-04
4.700e+00 1.021e-01 -2.662e-04
4.710e+00 1.016e-01 -2.615e-04
4.720e+00 1.012e-01 -3.109e-04
4.730e+00 1.008e-01 -4.218e-04
4.740e+00 1.005e-01 -5.991e-04
4.750e+00 1.002e-01 -8.436e-04
4.760e+00 9.986e-02 -1.151e-03
4.770e+00 9.957e-02 -1.511e-03
4.780e+00 9.929e-02 -1.905e-03
4.790e+00 9.900e-02 -2.310e-03
4.800e+00 9.869e-02 -2.700e-03
4.810e+00 9.835e-02 -3.056e-03
4.820e+00 9.798e-02 -3.363e-03
4.830e+00 9.759e-02 -3.621e-03
4.840e+00 9.721e-02 -3.829e-03
4.850e+00 9.684e-02 -3.991e-03
4.860e+00 9.652e-02 -4.109e-03
4.870e+00 9.624e-02 -4.178e-03
4.880e+00 9.600e-02 -4.195e-03
4.890e+00 9.577e-02 -4.155e-03
4.900e+00 9.554e-02 -4.062e-03
4.910e+00 9.530e-02 -3.918e-03
4.920e+00 9.502e-02 -3.731e-03
4.930e+00 9.470e-02 -3.511e-03
4.940e+00 9.434e-02 -3.266e-03
4.950e+00 9.396e-02 -3.001e-03
4.960e+00 9.354e-02 -2.718e-03
4.970e+00 9.311e-02 -2.417e-03
4.980e+00 9.265e-02 -2.098e-03
4.990e+00 9.217e-02 -1.759e-03
5.000e+00 9.165e-02 -1.397e-03
5.010e+00 9.111e-02 -1.008e-03
5.020e+00 9.054e-02 -5.871e-04
5.030e+00 8.996e-02 -1.274e-04
5.040e+00 8.938e-02 3.748e-04
5.050e+00 8.884e-02 9.185e-04
5.060e+00 8.835e-02 1.498e-03
5.070e+00 8.792e-02 2.105e-03
5.080e+00 8.757e-02 2.732e-03
5.090e+00 8.728e-02 3.373e-03
5.100e+00 8.703e-02 4.022e-03
5.110e+00 8.680e-02 4.668e-03
5.120e+00 8.657e-02 5.293e-03
5.130e+00 8.630e-02 5.874e-03
5.140e+00 8.597e-02 6.384e-03
5.150e+00 8.558e-02 6.803e-03
5.160e+00 8.514e-02 7.119e-03
5.170e+00 8.465e-02 7.331e-03
5.180e+00 8.413e-02 7.447e-03
5.190e+00 8.361e-02 7.479e-03
5.200e+00 8.308e-02 7.439e-03
5.210e+00 8.255e-02 7.341e-03
5.220e+00 8.201e-02 7.197e-03
5.230e+00 8.148e-02 7.028e-03
5.240e+00 8.095e-02 6.856e-03
5.250e+00 8.041e-02 6.700e-03
5.260e+00 7.988e-02 6.575e-03
5.270e+00 7.937e-02 6.486e-03
5.280e+00 7.887e-02 6.432e-03
5.290e+00 7.840e-02 6.406e-03
5.300e+00 7.795e-02 6.399e-03
5.310e+00 7.755e-02 6.397e-03
5.320e+00 7.719e-02 6.385e-03
5.330e+00 7.689e-02 6.348e-03
5.340e+00 7.665e-02 6.280e-03
5.350e+00 7.646e-02 6.185e-03
5.360e+00 7.630e-02 6.074e-03
5.370e+00 7.616e-02 5.961e-03
5.380e+00 7.603e-02 5.855e-03
5.390e+00 7.590e-02 5.766e-03
5.400e+00 7.576e-02 5.701e-03
5.410e+00 7.562e-02 5.667e-03
5.420e+00 7.546e-02 5.673e-03
5.430e+00 7.530e-02 5.728e-03
5.440e+00 7.511e-02 5.835e-03
5.450e+00 7.490e-02 5.991e-03
5.460e+00 7.464e-02 6.179e-03
5.470e+00 7.436e-02 6.376e-03
5.480e+00 7.403e-02 6.560e-03
5.490e+00 7.365e-02 6.712e-03
5.500e+00 7.320e-02 6.827e-03
5.510e+00 7.267e-02 6.902e-03
5.520e+00 7.207e-02 6.945e-03
5.530e+00 7.141e-02 6.965e-03
5.540e+00 7.070e-02 6.976e-03
5.550e+00 6.997e-02 6.994e-03
5.560e+00 6.925e-02 7.029e-03
5.570e+00 6.855e-02 7.087e-03
5.580e+00 6.789e-02 7.162e-03
5.590e+00 6.728e-02 7.242e-03
5.600e+00 6.672e-02 7.302e-03
5.610e+00 6.622e-02 7.312e-03
5.620e+00 6.575e-02 7.247e-03
5.630e+00 6.532e-02 7.086e-03
5.640e+00 6.492e-02 6.828e-03
5.650e+00 6.455e-02 6.485e-03
5.660e+00 6.420e-02 6.072e-03
5.670e+00 6.386e-02 5.606e-03
5.680e+00 6.356e-02 5.098e-03
5.690e+00 6.328e-02 4.557e-03
5.700e+00 6.304e-02 3.997e-03
5.710e+00 6.284e-02 3.428e-03
5.720e+00 6.267e-02 2.861e-03
5.730e+00 6.252e-02 2.295e-03
5.740e+00 6.237e-02 1.726e-03
5.750e+00 6.223e-02 1.150e-03
5.760e+00 6.207e-02 5.677e-04
5.770e+00 6.190e-02 -1.286e-05
5.780e+00 6.173e-02 -5.798e-04
5.790e+00 6.155e-02 -1.121e-03
5.800e+00 6.138e-02 -1.628e-03
5.810e+00 6.122e-02 -2.097e-03
5.820e+00 6.107e-02 -2.522e-03
5.830e+00 6.094e-02 -2.898e-03
5.840e+00 6.084e-02 -3.214e-03
5.850e+00 6.075e-02 -3.460e-03
5.860e+00 6.066e-02 -3.630e-03
5.870e+00 6.058e-02 -3.727e-03
5.880e+00 6.050e-02 -3.761e-03
5.890e+00 6.040e-02 -3.751e-03
5.900e+00 6.030e-02 -3.716e-03
5.910e+00 6.019e-02 -3.676e-03
5.920e+00 6.006e-02 -3.648e-03
5.930e+00 5.992e-02 -3.643e-03
5.940e+00 5.977e-02 -3.662e-03
5.950e+00 5.961e-02 -3.701e-03
5.960e+00 5.943e-02 -3.755e-03
5.970e+00 5.923e-02 -3.823e-03
5.980e+00 5.901e-02 -3.912e-03
5.990e+00 5.878e-02 -4.029e-03
6.000e+00 5.855e-02 -4.180e-03
6.010e+00 5.831e-02 -4.365e-03
6.020e+00 5.808e-02 -4.583e-03
6.030e+00 5.784e-02 -4.832e-03
6.040e+00 5.761e-02 -5.112e-03
6.050e+00 5.739e-02 -5.421e-03
6.060e+00 5.717e-02 -5.751e-03
6.070e+00 5.694e-02 -6.093e-03
6.080e+00 5.671e-02 -6.430e-03
6.090e+00 5.647e-02 -6.746e-03
6.100e+00 5.624e-02 -7.020e-03
6.110e+00 5.601e-02 -7.231e-03
6.120e+00 5.580e-02 -7.368e-03
6.130e+00 5.562e-02 -7.425e-03
6.140e+00 5.546e-02 -7.414e-03
6.150e+00 5.530e-02 -7.348e-03
6.160e+00 5.514e-02 -7.243e-03
6.170e+00 5.497e-02 -7.104e-03
6.180e+00 5.478e-02 -6.925e-03
6.190e+00 5.456e-02 -6.703e-03
6.200e+00 5.433e-02 -6.435e-03
6.210e+00 5.410e-02 -6.125e-03
6.220e+00 5.385e-02 -5.786e-03
6.230e+00 5.358e-02 -5.430e-03
6.240e+00 5.327e-02 -5.072e-03
6.250e+00 5.287e-02 -4.722e-03
6.260e+00 5.239e-02 -4.389e-03
6.270e+00 5.179e-02 -4.076e-03
6.280e+00 5.108e-02 -3.782e-03
6.290e+00 5.027e-02 -3.502e-03
6.300e+00 4.937e-02 -3.223e-03
6.310e+00 4.842e-02 -2.932e-03
6.320e+00 4.747e-02 -2.614e-03
6.330e+00 4.657e-02 -2.264e-03
6.340e+00 4.579e-02 -1.892e-03
6.350e+00 4.516e-02 -1.524e-03
6.360e+00 4.468e-02 -1.191e-03
6.370e+00 4.433e-02 -9.261e-04
6.380e+00 4.407e-02 -7.505e-04
6.390e+00 4.388e-02 -6.756e-04
6.400e+00 4.373e-02 -7.038e-04
6.410e+00 4.362e-02 -8.308e-04
6.420e+00 4.355e-02 -1.047e-03
6.430e+00 4.352e-02 -1.335e-03
6.440e+00 4.352e-02 -1.674e-03
6.450e+00 4.355e-02 -2.032e-03
6.460e+00 4.360e-02 -2.375e-03
6.470e+00 4.368e-02 -2.665e-03
6.480e+00 4.379e-02 -2.877e-03
6.490e+00 4.392e-02 -2.999e-03
6.500e+00 4.408e-02 -3.031e-03
6.510e+00 4.426e-02 -2.983e-03
6.520e+00 4.446e-02 -2.870e-03
6.530e+00 4.465e-02 -2.709e-03
6.540e+00 4.484e-02 -2.518e-03
6.550e+00 4.498e-02 -2.312e-03
6.560e+00 4.508e-02 -2.104e-03
6.570e+00 4.510e-02 -1.907e-03
6.580e+00 4.505e-02 -1.731e-03
6.590e+00 4.492e-02 -1.593e-03
6.600e+00 4.473e-02 -1.511e-03
6.610e+00 4.449e-02 -1.502e-03
6.620e+00 4.422e-02 -1.569e-03
6.630e+00 4.394e-02 -1.700e-03
6.640e+00 4.367e-02 -1.878e-03
6.650e+00 4.344e-02 -2.083e-03
6.660e+00 4.325e-02 -2.302e-03
6.670e+00 4.310e-02 -2.523e-03
6.680e+00 4.298e-02 -2.740e-03
6.690e+00 4.290e-02 -2.949e-03
6.700e+00 4.284e-02 -3.147e-03
6.710e+00 4.279e-02 -3.332e-03
6.720e+00 4.277e-02 -3.500e-03
6.730e+00 4.277e-02 -3.644e-03
6.740e+00 4.278e-02 -3.757e-03
6.750e+00 4.283e-02 -3.828e-03
6.760e+00 4.290e-02 -3.849e-03
6.770e+00 4.301e-02 -3.811e-03
6.780e+00 4.313e-02 -3.707e-03
6.790e+00 4.327e-02 -3.532e-03
6.800e+00 4.341e-02 -3.286e-03
6.810e+00 4.354e-02 -2.974e-03
6.820e+00 4.368e-02 -2.613e-03
6.830e+00 4.383e-02 -2.228e-03
6.840e+00 4.399e-02 -1.845e-03
6.850e+00 4.417e-02 -1.495e-03
6.860e+00 4.437e-02 -1.206e-03
6.870e+00 4.459e-02 -1.001e-03
6.880e+00 4.483e-02 -8.958e-04
6.890e+00 4.509e-02 -8.989e-04
6.900e+00 4.538e-02 -1.005e-03
6.910e+00 4.568e-02 -1.200e-03
6.920e+00 4.599e-02 -1.462e-03
6.930e+00 4.629e-02 -1.766e-03
6.940e+00 4.658e-02 -2.093e-03
6.950e+00 4.684e-02 -2.425e-03
6.960e+00 4.706e-02 -2.748e-03
6.970e+00 4.723e-02 -3.054e-03
6.980e+00 4.735e-02 -3.340e-03
6.990e+00 4.742e-02 -3.608e-03
7.000e+00 4.746e-02 -3.862e-03
7.010e+00 4.746e-02 -4.105e-03
7.020e+00 4.744e-02 -4.333e-03
7.030e+00 4.739e-02 -4.542e-03
7.040e+00 4.731e-02 -4.728e-03
7.050e+00 4.720e-02 -4.891e-03
7.060e+00 4.707e-02 -5.037e-03
7.070e+00 4.689e-02 -5.174e-03
7.080e+00 4.670e-02 -5.307e-03
7.090e+00 4.650e-02 -5.446e-03
7.100e+00 4.632e-02 -5.595e-03
7.110e+00 4.618e-02 -5.757e-03
7.120e+00 4.610e-02 -5.928e-03
7.130e+00 4.608e-02 -6.098e-03
7.140e+00 4.611e-02 -6.259e-03
7.150e+00 4.619e-02 -6.400e-03
7.160e+00 4.630e-02 -6.518e-03
7.170e+00 4.645e-02 -6.609e-03
7.180e+00 4.663e-02 -6.673e-03
7.190e+00 4.684e-02 -6.707e-03
7.200e+00 4.706e-02 -6.709e-03
7.210e+00 4.728e-02 -6.673e-03
7.220e+00 4.750e-02 -6.594e-03
7.230e+00 4.768e-02 -6.468e-03
7.240e+00 4.783e-02 -6.292e-03
7.250e+00 4.791e-02 -6.063e-03
7.260e+00 4.794e-02 -5.779e-03
7.270e+00 4.790e-02 -5.438e-03
7.280e+00 4.780e-02 -5.041e-03
7.290e+00 4.765e-02 -4.594e-03
7.300e+00 4.747e-02 -4.112e-03
7.310e+00 4.725e-02 -3.617e-03
7.320e+00 4.700e-02 -3.136e-03
7.330e+00 4.673e-02 -2.697e-03
7.340e+00 4.643e-02 -2.326e-03
7.350e+00 4.611e-02 -2.047e-03
7.360e+00 4.576e-02 -1.875e-03
7.370e+00 4.539e-02 -1.821e-03
7.380e+00 4.499e-02 -1.889e-03
7.390e+00 4.459e-02 -2.079e-03
7.400e+00 4.418e-02 -2.381e-03
7.410e+00 4.379e-02 -2.781e-03
7.420e+00 4.344e-02 -3.254e-03
7.430e+00 4.316e-02 -3.771e-03
7.440e+00 4.296e-02 -4.301e-03
7.450e+00 4.287e-02 -4.811e-03
7.460e+00 4.290e-02 -5.277e-03
7.470e+00 4.305e-02 -5.686e-03
7.480e+00 4.332e-02 -6.048e-03
7.490e+00 4.369e-02 -6.384e-03
7.500e+00 4.413e-02 -6.708e-03
7.510e+00 4.463e-02 -7.027e-03
7.520e+00 4.517e-02 -7.333e-03
7.530e+00 4.574e-02 -7.616e-03
7.540e+00 4.632e-02 -7.865e-03
7.550e+00 4.689e-02 -8.074e-03
7.560e+00 4.745e-02 -8.236e-03
7.570e+00 4.796e-02 -8.342e-03
7.580e+00 4.840e-02 -8.383e-03
7.590e+00 4.877e-02 -8.347e-03
7.600e+00 4.906e-02 -8.229e-03
7.610e+00 4.926e-02 -8.028e-03
7.620e+00 4.938e-02 -7.753e-03
7.630e+00 4.944e-02 -7.419e-03
7.640e+00 4.944e-02 -7.043e-03
7.650e+00 4.939e-02 -6.642e-03
7.660e+00 4.928e-02 -6.232e-03
7.670e+00 4.911e-02 -5.826e-03
7.680e+00 4.886e-02 -5.440e-03
7.690e+00 4.852e-02 -5.088e-03
7.700e+00 4.809e-02 -4.788e-03
7.710e+00 4.757e-02 -4.546e-03
7.720e+00 4.697e-02 -4.361e-03
7.730e+00 4.633e-02 -4.223e-03
7.740e+00 4.569e-02 -4.124e-03
7.750e+00 4.506e-02 -4.060e-03
7.760e+00 4.448e-02 -4.034e-03
7.770e+00 4.394e-02 -4.048e-03
7.780e+00 4.347e-02 -4.105e-03
7.790e+00 4.305e-02 -4.202e-03
7.800e+00 4.270e-02 -4.330e-03
7.810e+00 4.240e-02 -4.479e-03
7.820e+00 4.214e-02 -4.645e-03
7.830e+00 4.189e-02 -4.824e-03
7.840e+00 4.163e-02 -5.021e-03
7.850e+00 4.135e-02 -5.246e-03
7.860e+00 4.103e-02 -5.509e-03
7.870e+00 4.066e-02 -5.816e-03
7.880e+00 4.027e-02 -6.169e-03
7.890e+00 3.985e-02 -6.560e-03
7.900e+00 3.943e-02 -6.972e-03
7.910e+00 3.902e-02 -7.390e-03
7.920e+00 3.863e-02 -7.800e-03
7.930e+00 3.828e-02 -8.191e-03
7.940e+00 3.797e-02 -8.559e-03
7.950e+00 3.770e-02 -8.901e-03
7.960e+00 3.748e-02 -9.210e-03
7.970e+00 3.732e-02 -9.475e-03
7.980e+00 3.721e-02 -9.684e-03
7.990e+00 3.716e-02 -9.828e-03
8.000e+00 3.717e-02 -9.899e-03
8.010e+00 3.722e-02 -9.898e-03
8.020e+00 3.732e-02 -9.832e-03
8.030e+00 3.743e-02 -9.717e-03
8.040e+00 3.754e-02 -9.569e-03
8.050e+00 3.765e-02 -9.409e-03
8.060e+00 3.774e-02 -9.252e-03
8.070e+00 3.779e-02 -9.109e-03
8.080e+00 3.782e-02 -8.979e-03
8.090e+00 3.781e-02 -8.857e-03
8.100e+00 3.777e-02 -8.730e-03
8.110e+00 3.770e-02 -8.583e-03
8.120e+00 3.760e-02 -8.403e-03
8.130e+00 3.748e-02 -8.177e-03
8.140e+00 3.735e-02 -7.901e-03
8.150e+00 3.721e-02 -7.577e-03
8.160e+00 3.707e-02 -7.212e-03
8.170e+00 3.692e-02 -6.815e-03
8.180e+00 3.680e-02 -6.403e-03
8.190e+00 3.669e-02 -5.988e-03
8.200e+00 3.663e-02 -5.588e-03
8.210e+00 3.660e-02 -5.216e-03
8.220e+00 3.663e-02 -4.882e-03
8.230e+00 3.671e-02 -4.592e-03
8.240e+00 3.685e-02 -4.346e-03
8.250e+00 3.704e-02 -4.141e-03
8.260e+00 3.728e-02 -3.968e-03
8.270e+00 3.755e-02 -3.821e-03
8.280e+00 3.785e-02 -3.700e-03
8.290e+00 3.817e-02 -3.607e-03
8.300e+00 3.851e-02 -3.552e-03
8.310e+00 3.886e-02 -3.551e-03
8.320e+00 3.922e-02 -3.617e-03
8.330e+00 3.955e-02 -3.765e-03
8.340e+00 3.984e-02 -4.006e-03
8.350e+00 4.007e-02 -4.338e-03
8.360e+00 4.023e-02 -4.750e-03
8.370e+00 4.032e-02 -5.220e-03
8.380e+00 4.033e-02 -5.718e-03
8.390e+00 4.029e-02 -6.212e-03
8.400e+00 4.019e-02 -6.672e-03
8.410e+00 4.004e-02 -7.072e-03
8.420e+00 3.986e-02 -7.389e-03
8.430e+00 3.965e-02 -7.602e-03
8.440e+00 3.941e-02 -7.702e-03
8.450e+00 3.914e-02 -7.685e-03
8.460e+00 3.885e-02 -7.562e-03
8.470e+00 3.852e-02 -7.354e-03
8.480e+00 3.816e-02 -7.090e-03
8.490e+00 3.775e-02 -6.808e-03
8.500e+00 3.732e-02 -6.542e-03
8.510e+00 3.685e-02 -6.322e-03
8.520e+00 3.636e-02 -6.161e-03
8.530e+00 3.586e-02 -6.059e-03
8.540e+00 3.536e-02 -6.001e-03
8.550e+00 3.487e-02 -5.960e-03
8.560e+00 3.440e-02 -5.908e-03
8.570e+00 3.396e-02 -5.816e-03
8.580e+00 3.356e-02 -5.664e-03
8.590e+00 3.319e-02 -5.442e-03
8.600e+00 3.287e-02 -5.145e-03
8.610e+00 3.259e-02 -4.778e-03
8.620e+00 3.236e-02 -4.348e-03
8.630e+00 3.217e-02 -3.870e-03
8.640e+00 3.202e-02 -3.360e-03
8.650e+00 3.187e-02 -2.837e-03
8.660e+00 3.173e-02 -2.322e-03
8.670e+00 3.159e-02 -1.836e-03
8.680e+00 3.145e-02 -1.394e-03
8.690e+00 3.131e-02 -1.009e-03
8.700e+00 3.120e-02 -6.850e-04
8.710e+00 3.111e-02 -4.256e-04
8.720e+00 3.105e-02 -2.299e-04
8.730e+00 3.103e-02 -9.239e-05
8.740e+00 3.102e-02 -1.471e-06
8.750e+00 3.103e-02 6.236e-05
8.760e+00 3.106e-02 1.270e-04
8.770e+00 3.111e-02 2.233e-04
8.780e+00 3.121e-02 3.741e-04
8.790e+00 3.136e-02 5.861e-04
8.800e+00 3.157e-02 8.517e-04
8.810e+00 3.184e-02 1.157e-03
8.820e+00 3.216e-02 1.490e-03
8.830e+00 3.251e-02 1.838e-03
8.840e+00 3.289e-02 2.193e-03
8.850e+00 3.329e-02 2.550e-03
8.860e+00 3.368e-02 2.902e-03
8.870e+00 3.405e-02 3.249e-03
8.880e+00 3.440e-02 3.586e-03
8.890e+00 3.469e-02 3.915e-03
8.900e+00 3.493e-02 4.232e-03
8.910e+00 3.509e-02 4.536e-03
8.920e+00 3.516e-02 4.822e-03
8.930e+00 3.514e-02 5.091e-03
8.940e+00 3.501e-02 5.341e-03
8.950e+00 3.479e-02 5.572e-03
8.960e+00 3.449e-02 5.779e-03
8.970e+00 3.413e-02 5.960e-03
8.980e+00 3.373e-02 6.111e-03
8.990e+00 3.331e-02 6.231e-03
9.000e+00 3.288e-02 6.321e-03
9.010e+00 3.246e-02 6.386e-03
9.020e+00 3.203e-02 6.431e-03
9.030e+00 3.162e-02 6.456e-03
9.040e+00 3.121e-02 6.461e-03
9.050e+00 3.081e-02 6.440e-03
9.060e+00 3.042e-02 6.385e-03
9.070e+00 3.005e-02 6.296e-03
9.080e+00 2.969e-02 6.173e-03
9.090e+00 2.934e-02 6.026e-03
9.100e+00 2.898e-02 5.872e-03
9.110e+00 2.863e-02 5.729e-03
9.120e+00 2.829e-02 5.615e-03
9.130e+00 2.796e-02 5.546e-03
9.140e+00 2.764e-02 5.529e-03
9.150e+00 2.734e-02 5.566e-03
9.160e+00 2.704e-02 5.654e-03
9.170e+00 2.675e-02 5.794e-03
9.180e+00 2.646e-02 5.988e-03
9.190e+00 2.616e-02 6.239e-03
9.200e+00 2.587e-02 6.549e-03
9.210e+00 2.556e-02 6.920e-03
9.220e+00 2.526e-02 7.350e-03
9.230e+00 2.495e-02 7.835e-03
9.240e+00 2.464e-02 8.366e-03
9.250e+00 2.432e-02 8.930e-03
9.260e+00 2.400e-02 9.508e-03
9.270e+00 2.368e-02 1.008e-02
9.280e+00 2.335e-02 1.062e-02
9.290e+00 2.302e-02 1.112e-02
9.300e+00 2.268e-02 1.157e-02
9.310e+00 2.235e-02 1.196e-02
9.320e+00 2.204e-02 1.229e-02
9.330e+00 2.177e-02 1.256e-02
9.340e+00 2.154e-02 1.275e-02
9.350e+00 2.136e-02 1.285e-02
9.360e+00 2.123e-02 1.287e-02
9.370e+00 2.114e-02 1.280e-02
9.380e+00 2.109e-02 1.264e-02
9.390e+00 2.108e-02 1.240e-02
9.400e+00 2.111e-02 1.209e-02
9.410e+00 2.118e-02 1.171e-02
9.420e+00 2.129e-02 1.130e-02
9.430e+00 2.143e-02 1.088e-02
9.440e+00 2.161e-02 1.046e-02
9.450e+00 2.180e-02 1.007e-02
9.460e+00 2.201e-02 9.727e-03
9.470e+00 2.222e-02 9.427e-03
9.480e+00 2.246e-02 9.175e-03
9.490e+00 2.270e-02 8.968e-03
9.500e+00 2.296e-02 8.796e-03
9.510e+00 2.324e-02 8.654e-03
9.520e+00 2.352e-02 8.533e-03
9.530e+00 2.379e-02 8.430e-03
9.540e+00 2.403e-02 8.344e-03
9.550e+00 2.424e-02 8.276e-03
9.560e+00 2.441e-02 8.222e-03
9.570e+00 2.453e-02 8.179e-03
9.580e+00 2.459e-02 8.139e-03
9.590e+00 2.461e-02 8.097e-03
9.600e+00 2.458e-02 8.049e-03
9.610e+00 2.450e-02 7.995e-03
9.620e+00 2.440e-02 7.943e-03
9.630e+00 2.428e-02 7.901e-03
9.640e+00 2.416e-02 7.877e-03
9.650e+00 2.406e-02 7.876e-03
9.660e+00 2.400e-02 7.896e-03
9.670e+00 2.396e-02 7.931e-03
9.680e+00 2.395e-02 7.973e-03
9.690e+00 2.396e-02 8.014e-03
9.700e+00 2.399e-02 8.051e-03
9.710e+00 2.403e-02 8.083e-03
9.720e+00 2.407e-02 8.113e-03
9.730e+00 2.410e-02 8.142e-03
9.740e+00 2.410e-02 8.173e-03
9.750e+00 2.408e-02 8.209e-03
9.760e+00 2.402e-02 8.251e-03
9.770e+00 2.392e-02 8.298e-03
9.780e+00 2.378e-02 8.345e-03
9.790e+00 2.360e-02 8.390e-03
9.800e+00 2.340e-02 8.427e-03
9.810e+00 2.317e-02 8.455e-03
9.820e+00 2.294e-02 8.472e-03
9.830e+00 2.270e-02 8.475e-03
9.840e+00 2.247e-02 8.451e-03
9.850e+00 2.226e-02 8.385e-03
9.860e+00 2.208e-02 8.256e-03
9.870e+00 2.193e-02 8.050e-03
9.880e+00 2.181e-02 7.755e-03
9.890e+00 2.173e-02 7.374e-03
9.900e+00 2.170e-02 6.916e-03
9.910e+00 2.171e-02 6.400e-03
9.920e+00 2.176e-02 5.846e-03
9.930e+00 2.186e-02 5.277e-03
9.940e+00 2.200e-02 4.715e-03
9.950e+00 2.216e-02 4.181e-03
9.960e+00 2.234e-02 3.693e-03
9.970e+00 2.254e-02 3.269e-03
9.980e+00 2.274e-02 2.922e-03
9.990e+00 2.295e-02 2.658e-03
