# Time (ps)      real(F_1)      im(F_1)
0.000e+00 1.000e+00 0.000e+00
1.000e-01 8.812e-01 2.445e-02
2.000e-01 8.346e-01 3.151e-02
3.000e-01 7.928e-01 1.120e-02
4.000e-01 7.665e-01 1.257e-02
5.000e-01 7.588e-01 6.553e-03
6.000e-01 7.134e-01 2.954e-02
7.000e-01 7.317e-01 -3.715e-02
8.000e-01 7.231e-01 -4.377e-02
9.000e-01 7.030e-01 -4.176e-02
1.000e+00 7.750e-01 -1.112e-02
1.100e+00 7.455e-01 -5.087e-02
1.200e+00 7.398e-01 6.546e-03
1.300e+00 7.300e-01 -2.597e-03
1.400e+00 7.418e-01 1.674e-02
1.500e+00 7.091e-01 9.510e-03
1.600e+00 6.838e-01 8.154e-03
1.700e+00 6.818e-01 8.024e-03
1.800e+00 7.289e-01 -1.480e-02
1.900e+00 7.775e-01 -6.276e-03
2.000e+00 6.909e-01 -1.263e-02
2.100e+00 6.313e-01 -7.218e-02
2.200e+00 6.230e-01 -5.781e-03
2.300e+00 6.308e-01 2.873e-02
2.400e+00 6.250e-01 3.172e-02
2.500e+00 6.263e-01 2.123e-02
2.600e+00 5.219e-01 2.292e-03
2.700e+00 5.465e-01 -1.323e-02
2.800e+00 5.523e-01 1.976e-04
2.900e+00 5.691e-01 3.220e-02
3.000e+00 5.249e-01 5.850e-02
3.100e+00 5.658e-01 3.033e-02
3.200e+00 5.872e-01 4.055e-02
3.300e+00 5.509e-01 7.225e-02
3.400e+00 5.832e-01 4.331e-02
3.500e+00 5.438e-01 2.438e-02
3.600e+00 4.695e-01 -1.103e-02
3.700e+00 4.756e-01 2.357e-02
3.800e+00 5.087e-01 2.612e-02
3.900e+00 5.086e-01 2.577e-02
4.000e+00 5.398e-01 1.961e-02
4.100e+00 5.259e-01 -7.723e-03
4.200e+00 5.007e-01 -5.744e-02
4.300e+00 5.118e-01 -1.573e-02
4.400e+00 5.217e-01 6.792e-03
4.500e+00 4.908e-01 -3.095e-02
4.600e+00 5.009e-01 -5.904e-02
4.700e+00 5.568e-01 -4.169e-02
4.800e+00 5.312e-01 5.552e-04
4.900e+00 5.285e-01 8.606e-03
5.000e+00 5.191e-01 3.495e-03
5.100e+00 5.205e-01 9.679e-03
5.200e+00 5.076e-01 -4.884e-03
5.300e+00 4.886e-01 -7.495e-03
5.400e+00 5.124e-01 -2.732e-02
5.500e+00 5.144e-01 -1.826e-02
5.600e+00 5.206e-01 -6.155e-02
5.700e+00 5.293e-01 -1.549e-02
5.800e+00 5.247e-01 3.242e-02
5.900e+00 5.028e-01 6.507e-03
6.000e+00 5.050e-01 -8.777e-03
6.100e+00 4.940e-01 -2.330e-02
6.200e+00 5.299e-01 -1.284e-02
6.300e+00 5.127e-01 -2.654e-02
6.400e+00 5.364e-01 -8.917e-03
6.500e+00 5.011e-01 -3.383e-02
6.600e+00 5.020e-01 -5.953e-02
6.700e+00 4.757e-01 -3.134e-02
6.800e+00 4.402e-01 -6.628e-02
6.900e+00 4.609e-01 -6.734e-02
7.000e+00 4.520e-01 -3.750e-02
7.100e+00 4.340e-01 -3.585e-02
7.200e+00 4.246e-01 -1.353e-02
7.300e+00 4.699e-01 -8.470e-03
7.400e+00 4.832e-01 -6.555e-03
7.500e+00 4.800e-01 -2.780e-02
7.600e+00 4.414e-01 -9.612e-03
7.700e+00 3.986e-01 -2.614e-02
7.800e+00 4.363e-01 -1.713e-02
7.900e+00 4.694e-01 -3.566e-02
8.000e+00 4.377e-01 -4.791e-02
8.100e+00 4.345e-01 -4.119e-02
8.200e+00 4.347e-01 -2.959e-02
8.300e+00 3.983e-01 -1.290e-02
8.400e+00 4.118e-01 -8.387e-02
8.500e+00 3.843e-01 -5.312e-02
8.600e+00 4.124e-01 -7.215e-02
8.700e+00 4.016e-01 -3.031e-02
8.800e+00 4.318e-01 -4.468e-02
8.900e+00 4.154e-01 -3.540e-02
9.000e+00 4.244e-01 -7.348e-02
9.100e+00 3.652e-01 -5.197e-02
9.200e+00 3.741e-01 -4.876e-02
9.300e+00 3.510e-01 -4.113e-02
9.400e+00 3.661e-01 -5.581e-02
9.500e+00 3.926e-01 -5.431e-02
9.600e+00 3.685e-01 -4.636e-02
9.700e+00 3.821e-01 -5.721e-02
9.800e+00 3.416e-01 -5.002e-02
9.900e+00 3.649e-01 -3.247e-02
1.000e+01 3.486e-01 -4.597e-02
1.010e+01 3.758e-01 -7.271e-02
1.020e+01 3.748e-01 -5.379e-02
1.030e+01 3.619e-01 -5.761e-02
1.040e+01 3.768e-01 -8.320e-02
1.050e+01 3.533e-01 -6.443e-02
1.060e+01 3.639e-01 -8.022e-02
1.070e+01 3.989e-01 -8.405e-02
1.080e+01 3.973e-01 -7.503e-02
1.090e+01 4.127e-01 -5.059e-02
1.100e+01 4.046e-01 -3.802e-02
1.110e+01 4.011e-01 -5.333e-02
1.120e+01 3.549e-01 -7.038e-02
1.130e+01 3.826e-01 -9.430e-02
1.140e+01 3.368e-01 -7.190e-02
1.150e+01 3.622e-01 -7.792e-02
1.160e+01 3.685e-01 -6.892e-02
1.170e+01 3.710e-01 -7.036e-02
1.180e+01 3.577e-01 -7.375e-02
1.190e+01 3.570e-01 -5.296e-02
1.200e+01 3.666e-01 -3.935e-02
1.210e+01 3.779e-01 -5.243e-02
1.220e+01 3.538e-01 -4.563e-02
1.230e+01 3.974e-01 -5.394e-02
1.240e+01 4.013e-01 -5.482e-02
1.250e+01 3.945e-01 -6.259e-02
1.260e+01 3.505e-01 -6.462e-02
1.270e+01 3.272e-01 -5.977e-02
1.280e+01 3.210e-01 -8.640e-02
1.290e+01 3.587e-01 -7.501e-02
1.300e+01 3.512e-01 -8.456e-02
1.310e+01 3.285e-01 -5.909e-02
1.320e+01 3.078e-01 -7.446e-02
1.330e+01 3.043e-01 -7.068e-02
1.340e+01 3.015e-01 -7.030e-02
1.350e+01 3.211e-01 -5.809e-02
1.360e+01 3.120e-01 -6.271e-02
1.370e+01 2.725e-01 -6.107e-02
1.380e+01 3.009e-01 -8.275e-02
1.390e+01 3.235e-01 -7.557e-02
1.400e+01 3.495e-01 -7.752e-02
1.410e+01 3.404e-01 -7.919e-02
1.420e+01 3.233e-01 -9.389e-02
1.430e+01 3.472e-01 -1.006e-01
1.440e+01 3.161e-01 -7.936e-02
1.450e+01 3.180e-01 -8.313e-02
1.460e+01 3.298e-01 -1.036e-01
1.470e+01 3.126e-01 -1.024e-01
1.480e+01 3.449e-01 -1.071e-01
1.490e+01 3.497e-01 -1.112e-01
1.500e+01 3.704e-01 -8.886e-02
1.510e+01 3.780e-01 -8.001e-02
1.520e+01 3.571e-01 -6.383e-02
1.530e+01 3.922e-01 -6.652e-02
1.540e+01 3.693e-01 -7.617e-02
1.550e+01 3.468e-01 -6.764e-02
1.560e+01 3.456e-01 -6.359e-02
1.570e+01 3.563e-01 -6.508e-02
1.580e+01 3.575e-01 -7.665e-02
1.590e+01 3.229e-01 -6.595e-02
1.600e+01 3.189e-01 -6.477e-02
1.610e+01 3.223e-01 -6.946e-02
1.620e+01 3.233e-01 -6.999e-02
1.630e+01 2.968e-01 -6.268e-02
1.640e+01 3.131e-01 -5.610e-02
1.650e+01 2.776e-01 -4.619e-02
1.660e+01 3.014e-01 -3.646e-02
1.670e+01 3.542e-01 -5.506e-02
1.680e+01 3.090e-01 -3.891e-02
1.690e+01 2.990e-01 -6.488e-02
1.700e+01 3.161e-01 -7.514e-02
1.710e+01 3.384e-01 -8.869e-02
1.720e+01 3.087e-01 -6.078e-02
1.730e+01 3.305e-01 -6.641e-02
1.740e+01 3.028e-01 -8.484e-02
1.750e+01 2.725e-01 -7.785e-02
1.760e+01 2.774e-01 -6.878e-02
1.770e+01 3.162e-01 -6.847e-02
1.780e+01 3.014e-01 -6.779e-02
1.790e+01 3.160e-01 -9.830e-02
1.800e+01 2.908e-01 -8.114e-02
1.810e+01 2.886e-01 -9.925e-02
1.820e+01 2.851e-01 -1.035e-01
1.830e+01 2.569e-01 -9.264e-02
1.840e+01 2.494e-01 -7.959e-02
1.850e+01 2.850e-01 -1.044e-01
1.860e+01 2.775e-01 -7.566e-02
1.870e+01 2.708e-01 -8.912e-02
1.880e+01 2.866e-01 -8.563e-02
1.890e+01 2.915e-01 -8.299e-02
1.900e+01 2.891e-01 -1.008e-01
1.910e+01 2.775e-01 -8.702e-02
1.920e+01 2.662e-01 -9.094e-02
1.930e+01 2.770e-01 -1.063e-01
1.940e+01 2.834e-01 -9.248e-02
1.950e+01 2.676e-01 -8.439e-02
1.960e+01 2.439e-01 -7.876e-02
1.970e+01 2.418e-01 -7.263e-02
1.980e+01 2.717e-01 -7.283e-02
1.990e+01 2.710e-01 -7.633e-02
2.000e+01 2.991e-01 -8.561e-02
2.010e+01 2.678e-01 -8.318e-02
2.020e+01 2.594e-01 -9.387e-02
2.030e+01 2.506e-01 -9.031e-02
2.040e+01 2.584e-01 -7.515e-02
2.050e+01 2.587e-01 -7.307e-02
2.060e+01 2.617e-01 -6.988e-02
2.070e+01 2.659e-01 -8.019e-02
2.080e+01 2.487e-01 -9.109e-02
2.090e+01 2.609e-01 -9.936e-02
2.100e+01 2.703e-01 -8.627e-02
2.110e+01 2.645e-01 -6.390e-02
2.120e+01 2.423e-01 -4.282e-02
2.130e+01 2.550e-01 -4.514e-02
2.140e+01 2.544e-01 -5.292e-02
2.150e+01 2.433e-01 -7.184e-02
2.160e+01 2.445e-01 -7.667e-02
2.170e+01 2.495e-01 -7.173e-02
2.180e+01 2.397e-01 -6.612e-02
2.190e+01 2.279e-01 -7.683e-02
2.200e+01 2.325e-01 -7.981e-02
2.210e+01 2.438e-01 -6.003e-02
2.220e+01 2.254e-01 -4.786e-02
2.230e+01 2.111e-01 -5.349e-02
2.240e+01 2.046e-01 -6.261e-02
2.250e+01 1.948e-01 -8.023e-02
2.260e+01 1.774e-01 -6.442e-02
2.270e+01 1.889e-01 -5.549e-02
2.280e+01 1.712e-01 -5.099e-02
2.290e+01 1.721e-01 -4.932e-02
2.300e+01 1.783e-01 -4.586e-02
2.310e+01 1.946e-01 -5.456e-02
2.320e+01 1.814e-01 -3.360e-02
2.330e+01 1.727e-01 -5.226e-02
2.340e+01 1.556e-01 -3.785e-02
2.350e+01 1.746e-01 -4.593e-02
2.360e+01 1.850e-01 -3.535e-02
2.370e+01 1.712e-01 -4.517e-02
2.380e+01 1.590e-01 -4.414e-02
2.390e+01 1.633e-01 -4.534e-02
2.400e+01 1.828e-01 -6.863e-02
2.410e+01 1.755e-01 -4.808e-02
2.420e+01 1.787e-01 -5.123e-02
2.430e+01 1.683e-01 -3.763e-02
2.440e+01 1.824e-01 -3.779e-02
2.450e+01 1.689e-01 -6.784e-02
2.460e+01 1.620e-01 -4.534e-02
2.470e+01 1.641e-01 -3.901e-02
2.480e+01 1.613e-01 -3.213e-02
2.490e+01 1.660e-01 -3.664e-02
2.500e+01 1.691e-01 -4.359e-02
2.510e+01 1.736e-01 -4.942e-02
2.520e+01 1.718e-01 -5.350e-02
2.530e+01 1.758e-01 -5.645e-02
2.540e+01 1.650e-01 -3.043e-02
2.550e+01 1.750e-01 -2.407e-02
2.560e+01 1.715e-01 -3.950e-02
2.570e+01 1.794e-01 -2.126e-02
2.580e+01 1.766e-01 -3.233e-02
2.590e+01 1.666e-01 -1.333e-02
2.600e+01 1.813e-01 -2.563e-02
2.610e+01 1.930e-01 -4.485e-02
2.620e+01 1.754e-01 -3.436e-02
2.630e+01 1.747e-01 -4.687e-02
2.640e+01 1.449e-01 -2.726e-02
2.650e+01 1.636e-01 -4.829e-02
2.660e+01 1.473e-01 -5.482e-02
2.670e+01 1.484e-01 -4.731e-02
2.680e+01 1.563e-01 -4.744e-02
2.690e+01 1.327e-01 -2.521e-02
2.700e+01 1.412e-01 -2.200e-02
2.710e+01 1.511e-01 -4.090e-02
2.720e+01 1.513e-01 -4.398e-02
2.730e+01 1.573e-01 -4.371e-02
2.740e+01 1.489e-01 -3.103e-02
2.750e+01 1.279e-01 -7.398e-03
2.760e+01 1.340e-01 -1.674e-02
2.770e+01 1.341e-01 -2.365e-02
2.780e+01 1.406e-01 -2.446e-02
2.790e+01 1.356e-01 -1.979e-02
2.800e+01 1.426e-01 -3.266e-02
2.810e+01 1.403e-01 -2.548e-02
2.820e+01 1.383e-01 -1.997e-02
2.830e+01 1.366e-01 -6.325e-03
2.840e+01 1.366e-01 -3.379e-03
2.850e+01 1.408e-01 -1.121e-02
2.860e+01 1.316e-01 -4.201e-03
2.870e+01 1.237e-01 2.627e-03
2.880e+01 1.306e-01 3.522e-03
2.890e+01 1.324e-01 -7.662e-03
2.900e+01 1.345e-01 -9.296e-03
2.910e+01 1.259e-01 -4.389e-04
2.920e+01 1.372e-01 7.107e-04
2.930e+01 1.322e-01 -4.160e-04
2.940e+01 1.362e-01 -6.800e-03
2.950e+01 1.502e-01 -9.890e-03
2.960e+01 1.400e-01 -2.969e-03
2.970e+01 1.384e-01 -1.926e-03
2.980e+01 1.365e-01 -8.325e-03
2.990e+01 1.419e-01 -9.589e-03
3.000e+01 1.260e-01 -1.899e-02
3.010e+01 1.275e-01 -1.730e-02
3.020e+01 1.327e-01 -1.295e-02
3.030e+01 1.330e-01 -1.436e-02
3.040e+01 1.185e-01 -1.031e-02
3.050e+01 1.072e-01 -1.020e-02
3.060e+01 1.046e-01 -6.575e-03
3.070e+01 1.110e-01 -4.132e-03
3.080e+01 1.035e-01 -2.108e-03
3.090e+01 1.029e-01 -1.047e-03
3.100e+01 1.071e-01 -1.032e-02
3.110e+01 1.057e-01 -9.578e-03
3.120e+01 1.141e-01 -1.606e-02
3.130e+01 1.111e-01 -1.186e-02
3.140e+01 1.030e-01 -1.153e-02
3.150e+01 1.083e-01 -2.128e-02
3.160e+01 9.889e-02 -1.706e-02
3.170e+01 9.083e-02 -1.978e-02
3.180e+01 1.224e-01 -2.255e-02
3.190e+01 1.057e-01 -2.536e-02
3.200e+01 1.005e-01 -8.902e-03
3.210e+01 9.956e-02 -1.606e-02
3.220e+01 1.039e-01 -2.022e-02
3.230e+01 8.573e-02 -2.235e-02
3.240e+01 9.800e-02 -3.376e-02
3.250e+01 9.164e-02 -3.676e-02
3.260e+01 9.799e-02 -2.768e-02
3.270e+01 9.299e-02 -1.810e-02
3.280e+01 1.006e-01 -1.846e-02
3.290e+01 9.682e-02 -1.449e-02
3.300e+01 9.309e-02 -6.251e-03
3.310e+01 1.059e-01 -1.990e-02
3.320e+01 1.082e-01 -2.009e-02
3.330e+01 9.889e-02 -5.525e-03
3.340e+01 1.030e-01 2.411e-04
3.350e+01 9.438e-02 4.637e-03
3.360e+01 8.319e-02 7.504e-03
3.370e+01 8.625e-02 2.051e-03
3.380e+01 8.772e-02 3.189e-03
3.390e+01 8.859e-02 7.020e-03
3.400e+01 9.120e-02 8.193e-03
3.410e+01 9.039e-02 1.177e-02
3.420e+01 9.112e-02 7.466e-04
3.430e+01 9.446e-02 -4.520e-03
3.440e+01 9.741e-02 2.606e-03
3.450e+01 1.069e-01 -9.170e-03
3.460e+01 9.729e-02 -5.880e-03
3.470e+01 9.532e-02 1.468e-03
3.480e+01 9.483e-02 1.224e-02
3.490e+01 1.034e-01 -3.905e-03
3.500e+01 9.953e-02 -6.776e-03
3.510e+01 9.778e-02 -6.765e-03
3.520e+01 9.357e-02 1.862e-02
3.530e+01 9.522e-02 4.703e-03
3.540e+01 9.212e-02 -9.056e-03
3.550e+01 1.007e-01 -1.947e-02
3.560e+01 8.007e-02 -1.512e-02
3.570e+01 8.243e-02 -1.444e-02
3.580e+01 9.383e-02 7.799e-03
3.590e+01 1.124e-01 4.427e-03
3.600e+01 1.105e-01 -9.663e-06
3.610e+01 1.154e-01 -1.558e-02
3.620e+01 1.217e-01 -2.369e-02
3.630e+01 1.098e-01 -7.651e-03
3.640e+01 1.103e-01 -6.280e-03
3.650e+01 9.035e-02 -9.007e-03
3.660e+01 1.139e-01 1.104e-02
3.670e+01 1.196e-01 6.998e-03
3.680e+01 1.041e-01 -5.079e-03
3.690e+01 1.088e-01 -1.304e-02
3.700e+01 1.082e-01 -1.607e-02
3.710e+01 1.029e-01 -1.753e-02
3.720e+01 1.076e-01 -1.449e-02
3.730e+01 9.262e-02 -2.075e-02
3.740e+01 9.859e-02 -2.016e-02
3.750e+01 1.197e-01 -2.244e-03
3.760e+01 1.073e-01 -4.215e-03
3.770e+01 1.135e-01 9.831e-04
3.780e+01 1.233e-01 -5.447e-03
3.790e+01 1.144e-01 2.650e-03
3.800e+01 1.115e-01 1.200e-03
3.810e+01 1.041e-01 -8.145e-04
3.820e+01 1.128e-01 -3.404e-03
3.830e+01 9.717e-02 -1.406e-03
3.840e+01 1.154e-01 -3.700e-03
3.850e+01 1.108e-01 -3.030e-03
3.860e+01 1.114e-01 -2.148e-02
3.870e+01 9.917e-02 -2.678e-02
3.880e+01 1.077e-01 -3.806e-03
3.890e+01 9.235e-02 -1.578e-02
3.900e+01 1.066e-01 -2.882e-02
3.910e+01 9.177e-02 -3.725e-02
3.920e+01 9.161e-02 -5.138e-02
3.930e+01 8.371e-02 -4.902e-02
3.940e+01 1.018e-01 -3.210e-02
3.950e+01 1.017e-01 -3.460e-02
3.960e+01 7.211e-02 -4.304e-02
3.970e+01 8.852e-02 -4.709e-02
3.980e+01 7.378e-02 -3.378e-02
3.990e+01 7.989e-02 -2.495e-02
4.000e+01 5.332e-02 -4.644e-02
4.010e+01 6.925e-02 -6.549e-02
4.020e+01 5.438e-02 -7.357e-02
4.030e+01 7.828e-02 -4.770e-02
4.040e+01 6.885e-02 -2.977e-02
4.050e+01 6.560e-02 -3.813e-02
4.060e+01 7.112e-02 -5.839e-02
4.070e+01 8.332e-02 -4.539e-02
4.080e+01 7.182e-02 -3.450e-02
4.090e+01 9.805e-02 -3.870e-02
4.100e+01 8.678e-02 -2.486e-02
4.110e+01 8.537e-02 -4.727e-02
4.120e+01 6.825e-02 -3.904e-02
4.130e+01 8.253e-02 -3.553e-02
4.140e+01 7.523e-02 -4.529e-02
4.150e+01 7.009e-02 -4.778e-02
4.160e+01 6.633e-02 -5.676e-02
4.170e+01 6.847e-02 -4.956e-02
4.180e+01 7.275e-02 -4.334e-02
4.190e+01 7.066e-02 -3.516e-02
4.200e+01 6.842e-02 -4.977e-02
4.210e+01 9.138e-02 -2.174e-02
4.220e+01 6.092e-02 -4.427e-02
4.230e+01 8.487e-02 -4.787e-02
4.240e+01 7.851e-02 -4.051e-02
4.250e+01 7.690e-02 -2.708e-02
4.260e+01 7.923e-02 -1.829e-02
4.270e+01 7.586e-02 -1.991e-02
4.280e+01 6.537e-02 -2.178e-02
4.290e+01 8.635e-02 -1.299e-02
4.300e+01 8.876e-02 -2.055e-02
4.310e+01 8.538e-02 -1.908e-02
4.320e+01 8.110e-02 -1.816e-02
4.330e+01 7.011e-02 -2.618e-02
4.340e+01 7.182e-02 -2.865e-02
4.350e+01 6.866e-02 -3.803e-02
4.360e+01 6.790e-02 -3.474e-02
4.370e+01 6.970e-02 -3.437e-02
4.380e+01 8.808e-02 -2.441e-02
4.390e+01 7.938e-02 -2.084e-02
4.400e+01 8.079e-02 -2.824e-02
4.410e+01 8.147e-02 -2.654e-02
4.420e+01 7.691e-02 -3.941e-02
4.430e+01 8.776e-02 -3.382e-02
4.440e+01 8.118e-02 -3.307e-02
4.450e+01 8.667e-02 -2.535e-02
4.460e+01 8.322e-02 -2.628e-02
4.470e+01 7.887e-02 -1.719e-02
4.480e+01 7.825e-02 -3.179e-02
4.490e+01 6.964e-02 -4.932e-02
4.500e+01 6.080e-02 -4.538e-02
4.510e+01 6.465e-02 -4.077e-02
4.520e+01 6.627e-02 -4.279e-02
4.530e+01 7.874e-02 -3.329e-02
4.540e+01 6.228e-02 -3.397e-02
4.550e+01 4.453e-02 -4.302e-02
4.560e+01 6.465e-02 -2.849e-02
4.570e+01 7.172e-02 -2.567e-02
4.580e+01 7.128e-02 -2.159e-02
4.590e+01 6.441e-02 -3.013e-02
4.600e+01 7.792e-02 -3.427e-02
4.610e+01 7.873e-02 -3.026e-02
4.620e+01 7.283e-02 -3.269e-02
4.630e+01 7.460e-02 -2.521e-02
4.640e+01 8.030e-02 -2.631e-02
4.650e+01 7.761e-02 -4.481e-02
4.660e+01 7.163e-02 -4.730e-02
4.670e+01 8.191e-02 -3.950e-02
4.680e+01 7.571e-02 -2.746e-02
4.690e+01 8.086e-02 -2.585e-02
4.700e+01 6.768e-02 -3.021e-02
4.710e+01 7.589e-02 -2.970e-02
4.720e+01 8.185e-02 -3.018e-02
4.730e+01 9.430e-02 -4.131e-02
4.740e+01 8.517e-02 -2.467e-02
4.750e+01 7.516e-02 -1.773e-02
4.760e+01 8.248e-02 -9.910e-03
4.770e+01 8.377e-02 -1.109e-02
4.780e+01 9.177e-02 -1.055e-02
4.790e+01 9.672e-02 -9.639e-03
4.800e+01 8.535e-02 -1.057e-02
4.810e+01 7.504e-02 -8.685e-03
4.820e+01 8.878e-02 -4.949e-03
4.830e+01 8.150e-02 -1.220e-02
4.840e+01 8.159e-02 -9.981e-03
4.850e+01 8.606e-02 -1.127e-02
4.860e+01 7.702e-02 -1.845e-02
4.870e+01 8.938e-02 -1.649e-02
4.880e+01 8.539e-02 -1.828e-02
4.890e+01 9.400e-02 -1.518e-02
4.900e+01 9.313e-02 -1.806e-02
4.910e+01 9.336e-02 -2.155e-02
4.920e+01 7.189e-02 -2.057e-02
4.930e+01 8.104e-02 -3.149e-02
4.940e+01 7.155e-02 -3.802e-02
4.950e+01 8.276e-02 -3.800e-02
4.960e+01 8.171e-02 -3.372e-02
4.970e+01 7.770e-02 -3.679e-02
4.980e+01 7.139e-02 -4.629e-02
4.990e+01 8.169e-02 -4.107e-02
5.000e+01 7.854e-02 -3.188e-02
5.010e+01 6.751e-02 -1.772e-02
5.020e+01 6.629e-02 -2.612e-02
5.030e+01 6.532e-02 -2.248e-02
5.040e+01 6.227e-02 -2.818e-02
5.050e+01 5.564e-02 -3.583e-02
5.060e+01 5.332e-02 -3.158e-02
5.070e+01 4.802e-02 -2.473e-02
5.080e+01 4.920e-02 -2.587e-02
5.090e+01 5.360e-02 -2.484e-02
5.100e+01 4.759e-02 -2.800e-02
5.110e+01 5.130e-02 -2.680e-02
5.120e+01 5.322e-02 -2.728e-02
5.130e+01 4.989e-02 -2.458e-02
5.140e+01 4.287e-02 -2.564e-02
5.150e+01 4.555e-02 -3.645e-02
5.160e+01 4.780e-02 -3.781e-02
5.170e+01 4.232e-02 -3.320e-02
5.180e+01 4.075e-02 -4.015e-02
5.190e+01 2.747e-02 -5.231e-02
5.200e+01 3.360e-02 -4.503e-02
5.210e+01 3.984e-02 -3.887e-02
5.220e+01 5.020e-02 -3.860e-02
5.230e+01 4.762e-02 -2.994e-02
5.240e+01 4.964e-02 -3.728e-02
5.250e+01 4.244e-02 -4.176e-02
5.260e+01 4.439e-02 -4.233e-02
5.270e+01 4.509e-02 -4.203e-02
5.280e+01 6.052e-02 -3.825e-02
5.290e+01 5.179e-02 -3.602e-02
5.300e+01 4.498e-02 -4.568e-02
5.310e+01 3.537e-02 -3.478e-02
5.320e+01 3.637e-02 -4.548e-02
5.330e+01 3.861e-02 -4.180e-02
5.340e+01 4.654e-02 -3.431e-02
5.350e+01 2.946e-02 -2.745e-02
5.360e+01 3.809e-02 -3.217e-02
5.370e+01 5.057e-02 -3.570e-02
5.380e+01 5.184e-02 -3.662e-02
5.390e+01 3.834e-02 -3.594e-02
5.400e+01 4.767e-02 -2.979e-02
5.410e+01 4.802e-02 -3.351e-02
5.420e+01 5.289e-02 -3.205e-02
5.430e+01 4.980e-02 -3.656e-02
5.440e+01 3.358e-02 -3.225e-02
5.450e+01 2.998e-02 -3.773e-02
5.460e+01 4.342e-02 -3.529e-02
5.470e+01 3.169e-02 -3.053e-02
5.480e+01 4.045e-02 -4.453e-02
5.490e+01 4.528e-02 -5.148e-02
5.500e+01 3.821e-02 -3.276e-02
5.510e+01 4.424e-02 -3.794e-02
5.520e+01 4.680e-02 -3.790e-02
5.530e+01 4.018e-02 -4.385e-02
5.540e+01 3.856e-02 -3.413e-02
5.550e+01 3.506e-02 -4.457e-02
5.560e+01 2.954e-02 -4.273e-02
5.570e+01 2.198e-02 -4.973e-02
5.580e+01 2.181e-02 -4.401e-02
5.590e+01 3.177e-02 -4.694e-02
5.600e+01 2.817e-02 -4.263e-02
5.610e+01 3.295e-02 -4.181e-02
5.620e+01 2.918e-02 -4.676e-02
5.630e+01 4.158e-02 -4.156e-02
5.640e+01 3.285e-02 -4.368e-02
5.650e+01 3.718e-02 -3.001e-02
5.660e+01 2.604e-02 -2.793e-02
5.670e+01 2.388e-02 -4.036e-02
5.680e+01 4.041e-02 -4.918e-02
5.690e+01 4.180e-02 -5.925e-02
5.700e+01 4.821e-02 -5.695e-02
5.710e+01 3.441e-02 -4.218e-02
5.720e+01 2.987e-02 -4.500e-02
5.730e+01 2.717e-02 -5.233e-02
5.740e+01 1.279e-02 -5.654e-02
5.750e+01 1.311e-02 -4.284e-02
5.760e+01 1.611e-02 -4.264e-02
5.770e+01 1.399e-02 -2.805e-02
5.780e+01 2.966e-02 -3.050e-02
5.790e+01 3.586e-02 -2.117e-02
5.800e+01 2.971e-02 -2.210e-02
5.810e+01 4.162e-02 -1.670e-02
5.820e+01 3.096e-02 -9.761e-03
5.830e+01 2.911e-02 -2.594e-02
5.840e+01 2.553e-02 -2.508e-02
5.850e+01 3.032e-02 -2.903e-02
5.860e+01 2.326e-02 -2.959e-02
5.870e+01 3.124e-02 -2.446e-02
5.880e+01 2.793e-02 -3.583e-02
5.890e+01 3.125e-02 -2.574e-02
5.900e+01 3.424e-02 -2.869e-02
5.910e+01 3.141e-02 -2.571e-02
5.920e+01 3.811e-02 -3.594e-02
5.930e+01 3.700e-02 -4.660e-02
5.940e+01 3.708e-02 -3.784e-02
5.950e+01 5.047e-02 -4.124e-02
5.960e+01 3.063e-02 -4.578e-02
5.970e+01 2.640e-02 -4.909e-02
5.980e+01 2.455e-02 -4.410e-02
5.990e+01 3.747e-02 -4.732e-02
6.000e+01 3.086e-02 -5.648e-02
6.010e+01 2.130e-02 -5.047e-02
6.020e+01 3.247e-02 -4.401e-02
6.030e+01 4.059e-02 -4.486e-02
6.040e+01 4.291e-02 -5.288e-02
6.050e+01 3.107e-02 -5.273e-02
6.060e+01 2.995e-02 -4.387e-02
6.070e+01 3.694e-02 -2.344e-02
6.080e+01 2.193e-02 -4.386e-02
6.090e+01 2.946e-02 -3.626e-02
6.100e+01 3.763e-02 -3.523e-02
6.110e+01 4.010e-02 -3.821e-02
6.120e+01 4.533e-02 -4.794e-02
6.130e+01 3.385e-02 -3.840e-02
6.140e+01 3.436e-02 -4.606e-02
6.150e+01 3.895e-02 -3.618e-02
6.160e+01 4.195e-02 -3.256e-02
6.170e+01 4.850e-02 -3.397e-02
6.180e+01 4.968e-02 -4.282e-02
6.190e+01 4.751e-02 -4.179e-02
6.200e+01 5.187e-02 -3.941e-02
6.210e+01 5.652e-02 -4.514e-02
6.220e+01 4.920e-02 -3.249e-02
6.230e+01 5.204e-02 -3.912e-02
6.240e+01 6.523e-02 -4.129e-02
6.250e+01 6.204e-02 -3.247e-02
6.260e+01 4.725e-02 -4.033e-02
6.270e+01 5.292e-02 -3.723e-02
6.280e+01 5.103e-02 -3.686e-02
6.290e+01 4.912e-02 -3.298e-02
6.300e+01 5.675e-02 -1.706e-02
6.310e+01 5.802e-02 -1.862e-02
6.320e+01 5.230e-02 -2.292e-02
6.330e+01 5.423e-02 -2.316e-02
6.340e+01 5.440e-02 -3.123e-02
6.350e+01 5.586e-02 -3.414e-02
6.360e+01 4.406e-02 -3.551e-02
6.370e+01 4.207e-02 -4.297e-02
6.380e+01 4.993e-02 -2.975e-02
6.390e+01 4.490e-02 -3.482e-02
6.400e+01 5.355e-02 -3.973e-02
6.410e+01 4.430e-02 -3.281e-02
6.420e+01 3.923e-02 -2.586e-02
6.430e+01 4.730e-02 -3.484e-02
6.440e+01 4.451e-02 -3.739e-02
6.450e+01 3.788e-02 -3.348e-02
6.460e+01 3.576e-02 -3.784e-02
6.470e+01 3.384e-02 -2.779e-02
6.480e+01 3.616e-02 -3.043e-02
6.490e+01 3.698e-02 -2.767e-02
6.500e+01 3.498e-02 -3.161e-02
6.510e+01 3.411e-02 -4.545e-02
6.520e+01 3.409e-02 -2.889e-02
6.530e+01 3.127e-02 -3.108e-02
6.540e+01 3.194e-02 -2.808e-02
6.550e+01 3.246e-02 -2.969e-02
6.560e+01 2.616e-02 -2.495e-02
6.570e+01 3.148e-02 -2.875e-02
6.580e+01 3.277e-02 -2.295e-02
6.590e+01 3.550e-02 -2.732e-02
6.600e+01 3.965e-02 -3.406e-02
6.610e+01 4.367e-02 -3.472e-02
6.620e+01 3.161e-02 -3.626e-02
6.630e+01 3.653e-02 -5.268e-02
6.640e+01 2.509e-02 -3.233e-02
6.650e+01 1.704e-02 -4.471e-02
6.660e+01 1.990e-02 -4.243e-02
6.670e+01 2.577e-02 -4.656e-02
6.680e+01 1.627e-02 -4.664e-02
6.690e+01 1.046e-02 -4.290e-02
6.700e+01 1.943e-02 -4.140e-02
6.710e+01 1.661e-02 -4.042e-02
6.720e+01 2.697e-02 -3.608e-02
6.730e+01 2.172e-02 -4.823e-02
6.740e+01 3.151e-02 -3.663e-02
6.750e+01 2.580e-02 -4.104e-02
6.760e+01 3.419e-02 -2.695e-02
6.770e+01 3.070e-02 -3.389e-02
6.780e+01 2.854e-02 -3.211e-02
6.790e+01 2.422e-02 -3.009e-02
6.800e+01 2.118e-02 -3.184e-02
6.810e+01 2.183e-02 -2.037e-02
6.820e+01 2.352e-02 -2.309e-02
6.830e+01 2.741e-02 -2.234e-02
6.840e+01 2.704e-02 -2.339e-02
6.850e+01 2.253e-02 -3.257e-02
6.860e+01 2.488e-02 -4.123e-02
6.870e+01 2.335e-02 -3.480e-02
6.880e+01 2.353e-02 -3.956e-02
6.890e+01 2.396e-02 -4.681e-02
6.900e+01 2.400e-02 -4.116e-02
6.910e+01 2.525e-02 -3.596e-02
6.920e+01 1.864e-02 -3.547e-02
6.930e+01 1.845e-02 -4.818e-02
6.940e+01 2.065e-02 -4.733e-02
6.950e+01 2.414e-02 -4.723e-02
6.960e+01 2.015e-02 -5.356e-02
6.970e+01 3.057e-02 -4.162e-02
6.980e+01 1.971e-02 -3.701e-02
6.990e+01 2.555e-02 -4.757e-02
7.000e+01 3.017e-02 -4.833e-02
7.010e+01 2.326e-02 -4.990e-02
7.020e+01 2.307e-02 -3.545e-02
7.030e+01 1.516e-02 -3.684e-02
7.040e+01 1.456e-02 -3.942e-02
7.050e+01 2.015e-02 -4.167e-02
7.060e+01 2.490e-02 -4.988e-02
7.070e+01 2.456e-02 -3.403e-02
7.080e+01 2.195e-02 -3.982e-02
7.090e+01 2.052e-02 -4.479e-02
7.100e+01 2.226e-02 -4.391e-02
7.110e+01 2.029e-02 -4.428e-02
7.120e+01 2.620e-02 -4.658e-02
7.130e+01 2.591e-02 -5.202e-02
7.140e+01 4.142e-02 -5.674e-02
7.150e+01 3.276e-02 -6.251e-02
7.160e+01 2.916e-02 -7.881e-02
7.170e+01 2.355e-02 -7.194e-02
7.180e+01 1.755e-02 -5.606e-02
7.190e+01 6.952e-03 -8.692e-02
7.200e+01 1.174e-02 -6.955e-02
7.210e+01 2.503e-02 -6.868e-02
7.220e+01 1.781e-02 -6.657e-02
7.230e+01 2.122e-02 -7.049e-02
7.240e+01 1.751e-02 -4.971e-02
7.250e+01 2.771e-02 -6.504e-02
7.260e+01 4.250e-02 -6.828e-02
7.270e+01 3.479e-02 -6.643e-02
7.280e+01 2.962e-02 -7.336e-02
7.290e+01 2.614e-02 -7.296e-02
7.300e+01 2.700e-02 -7.646e-02
7.310e+01 2.391e-02 -5.310e-02
7.320e+01 1.821e-02 -4.615e-02
7.330e+01 2.034e-02 -6.069e-02
7.340e+01 2.118e-02 -3.821e-02
7.350e+01 3.865e-02 -5.910e-02
7.360e+01 4.280e-02 -5.616e-02
7.370e+01 3.474e-02 -5.662e-02
7.380e+01 3.328e-02 -4.495e-02
7.390e+01 1.985e-02 -4.609e-02
7.400e+01 1.280e-02 -5.736e-02
7.410e+01 9.064e-03 -4.850e-02
7.420e+01 1.980e-02 -5.012e-02
7.430e+01 1.637e-02 -4.998e-02
7.440e+01 1.786e-02 -4.007e-02
7.450e+01 1.418e-02 -4.604e-02
7.460e+01 1.419e-02 -4.116e-02
7.470e+01 1.453e-02 -2.711e-02
7.480e+01 9.199e-03 -3.298e-02
7.490e+01 5.057e-03 -3.066e-02
7.500e+01 1.236e-03 -5.281e-02
7.510e+01 1.251e-02 -4.953e-02
7.520e+01 1.880e-02 -5.283e-02
7.530e+01 1.831e-02 -4.714e-02
7.540e+01 1.715e-02 -3.591e-02
7.550e+01 7.302e-03 -4.733e-02
7.560e+01 1.220e-02 -3.917e-02
7.570e+01 1.961e-02 -2.680e-02
7.580e+01 1.887e-02 -2.788e-02
7.590e+01 1.707e-02 -2.797e-02
7.600e+01 1.983e-02 -2.637e-02
7.610e+01 1.722e-02 -2.430e-02
7.620e+01 2.212e-02 -2.953e-02
7.630e+01 1.793e-02 -3.325e-02
7.640e+01 1.933e-02 -2.637e-02
7.650e+01 2.277e-02 -2.431e-02
7.660e+01 2.487e-02 -2.836e-02
7.670e+01 2.182e-02 -2.726e-02
7.680e+01 2.914e-02 -2.271e-02
7.690e+01 2.126e-02 -2.608e-02
7.700e+01 1.325e-02 -2.532e-02
7.710e+01 8.335e-03 -2.550e-02
7.720e+01 2.025e-02 -1.619e-02
7.730e+01 2.370e-02 -8.620e-03
7.740e+01 2.084e-02 -7.791e-03
7.750e+01 1.720e-02 -6.630e-03
7.760e+01 1.246e-02 -1.390e-02
7.770e+01 1.082e-02 -3.921e-03
7.780e+01 4.132e-03 4.716e-04
7.790e+01 7.649e-04 -4.510e-03
7.800e+01 1.238e-02 -4.623e-03
7.810e+01 1.535e-02 -1.388e-02
7.820e+01 1.544e-02 -1.303e-02
7.830e+01 1.211e-02 -8.967e-03
7.840e+01 1.248e-02 -9.639e-03
7.850e+01 1.543e-02 -1.734e-02
7.860e+01 1.394e-02 -7.517e-03
7.870e+01 1.464e-02 -5.421e-03
7.880e+01 1.456e-02 -1.146e-02
7.890e+01 2.074e-02 -1.078e-02
7.900e+01 1.711e-02 -1.671e-02
7.910e+01 1.340e-02 -1.751e-02
7.920e+01 2.011e-02 -1.668e-02
7.930e+01 2.712e-02 -2.088e-02
7.940e+01 2.744e-02 -2.618e-02
7.950e+01 2.387e-02 -2.822e-02
7.960e+01 2.363e-02 -3.028e-02
7.970e+01 2.681e-02 -2.298e-02
7.980e+01 2.447e-02 -2.841e-02
7.990e+01 2.159e-02 -2.820e-02
8.000e+01 2.759e-02 -3.661e-02
8.010e+01 2.087e-02 -2.525e-02
8.020e+01 2.657e-02 -3.101e-02
8.030e+01 2.316e-02 -2.235e-02
8.040e+01 1.822e-02 -3.527e-02
8.050e+01 1.750e-02 -3.443e-02
8.060e+01 1.076e-02 -3.172e-02
8.070e+01 1.073e-02 -2.891e-02
8.080e+01 1.119e-02 -2.805e-02
8.090e+01 1.082e-02 -2.604e-02
8.100e+01 1.693e-02 -1.526e-02
8.110e+01 1.550e-02 -2.664e-02
8.120e+01 1.680e-02 -2.646e-02
8.130e+01 1.778e-02 -3.322e-02
8.140e+01 2.341e-02 -2.082e-02
8.150e+01 2.524e-02 -2.810e-02
8.160e+01 2.573e-02 -3.203e-02
8.170e+01 2.476e-02 -2.507e-02
8.180e+01 2.199e-02 -1.880e-02
8.190e+01 2.050e-02 -2.303e-02
8.200e+01 1.865e-02 -1.819e-02
8.210e+01 1.856e-02 -1.387e-02
8.220e+01 1.546e-02 -1.322e-02
8.230e+01 1.591e-02 -1.278e-02
8.240e+01 1.869e-02 -1.746e-02
8.250e+01 1.659e-02 -9.886e-03
8.260e+01 2.255e-02 -1.441e-02
8.270e+01 1.657e-02 -1.903e-02
8.280e+01 1.951e-02 -1.352e-02
8.290e+01 1.773e-02 -1.581e-02
8.300e+01 1.111e-02 -1.217e-02
8.310e+01 6.056e-03 -1.601e-02
8.320e+01 6.588e-03 -2.073e-02
8.330e+01 1.174e-02 -1.045e-02
8.340e+01 1.351e-02 -2.666e-03
8.350e+01 1.764e-02 -1.766e-02
8.360e+01 1.831e-02 -1.848e-02
8.370e+01 2.313e-02 -1.927e-02
8.380e+01 2.028e-02 -1.346e-02
8.390e+01 1.590e-02 -2.201e-02
8.400e+01 1.541e-02 -1.605e-02
8.410e+01 2.055e-02 -2.000e-02
8.420e+01 1.928e-02 -1.631e-02
8.430e+01 2.125e-02 -1.362e-02
8.440e+01 1.754e-02 -1.206e-02
8.450e+01 1.727e-02 -1.688e-02
8.460e+01 2.034e-02 -1.206e-02
8.470e+01 2.055e-02 -1.187e-02
8.480e+01 1.560e-02 -1.749e-02
8.490e+01 1.698e-02 -1.470e-02
8.500e+01 1.818e-02 -1.613e-02
8.510e+01 1.581e-02 -1.834e-02
8.520e+01 1.689e-02 -1.765e-02
8.530e+01 1.959e-02 -1.734e-02
8.540e+01 2.100e-02 -1.606e-02
8.550e+01 1.740e-02 -1.875e-02
8.560e+01 1.118e-02 -1.449e-02
8.570e+01 1.111e-02 -2.029e-02
8.580e+01 1.268e-02 -1.563e-02
8.590e+01 1.923e-02 -1.423e-02
8.600e+01 2.344e-02 -8.791e-03
8.610e+01 2.390e-02 -1.356e-02
8.620e+01 2.811e-02 -1.837e-02
8.630e+01 2.650e-02 -1.741e-02
8.640e+01 2.995e-02 -1.747e-02
8.650e+01 2.288e-02 -1.919e-02
8.660e+01 1.325e-02 -1.887e-02
8.670e+01 1.790e-02 -1.790e-02
8.680e+01 2.235e-02 -1.586e-02
8.690e+01 2.034e-02 -1.150e-02
8.700e+01 2.344e-02 -1.401e-02
8.710e+01 2.429e-02 -1.437e-02
8.720e+01 2.357e-02 -1.902e-02
8.730e+01 2.234e-02 -1.796e-02
8.740e+01 2.105e-02 -2.109e-02
8.750e+01 1.796e-02 -1.716e-02
8.760e+01 1.348e-02 -1.163e-02
8.770e+01 1.455e-02 -1.206e-02
8.780e+01 1.939e-02 -2.378e-02
8.790e+01 2.020e-02 -1.488e-02
8.800e+01 2.031e-02 -1.176e-02
8.810e+01 1.944e-02 -1.372e-02
8.820e+01 1.914e-02 -1.423e-02
8.830e+01 1.810e-02 -1.399e-02
8.840e+01 1.821e-02 -1.379e-02
8.850e+01 1.910e-02 -1.313e-02
8.860e+01 1.650e-02 -1.856e-02
8.870e+01 1.699e-02 -1.702e-02
8.880e+01 2.090e-02 -1.941e-02
8.890e+01 1.738e-02 -1.510e-02
8.900e+01 1.729e-02 -1.627e-02
8.910e+01 1.505e-02 -1.516e-02
8.920e+01 1.584e-02 -1.755e-02
8.930e+01 1.940e-02 -1.726e-02
8.940e+01 1.944e-02 -1.828e-02
8.950e+01 1.840e-02 -1.724e-02
8.960e+01 1.729e-02 -2.765e-02
8.970e+01 1.535e-02 -2.289e-02
8.980e+01 1.792e-02 -2.422e-02
8.990e+01 1.831e-02 -2.309e-02
9.000e+01 1.752e-02 -2.586e-02
9.010e+01 1.615e-02 -2.568e-02
9.020e+01 1.662e-02 -2.426e-02
9.030e+01 1.767e-02 -2.158e-02
9.040e+01 2.288e-02 -2.162e-02
9.050e+01 2.401e-02 -1.234e-02
9.060e+01 2.288e-02 -2.248e-02
9.070e+01 2.266e-02 -1.379e-02
9.080e+01 2.345e-02 -1.409e-02
9.090e+01 2.450e-02 -1.103e-02
9.100e+01 2.649e-02 -1.742e-02
9.110e+01 2.779e-02 -1.535e-02
9.120e+01 2.973e-02 -2.176e-02
9.130e+01 2.369e-02 -2.278e-02
9.140e+01 2.354e-02 -2.405e-02
9.150e+01 2.242e-02 -1.909e-02
9.160e+01 2.364e-02 -1.678e-02
9.170e+01 2.792e-02 -1.739e-02
9.180e+01 2.850e-02 -1.708e-02
9.190e+01 2.743e-02 -1.809e-02
9.200e+01 3.155e-02 -2.034e-02
9.210e+01 3.676e-02 -1.787e-02
9.220e+01 2.821e-02 -1.615e-02
9.230e+01 3.234e-02 -2.077e-02
9.240e+01 3.380e-02 -1.611e-02
9.250e+01 2.673e-02 -9.254e-03
9.260e+01 1.974e-02 -1.609e-02
9.270e+01 2.566e-02 -1.482e-02
9.280e+01 2.301e-02 -2.128e-02
9.290e+01 1.610e-02 -1.323e-02
9.300e+01 2.433e-02 -2.634e-03
9.310e+01 2.554e-02 2.529e-04
9.320e+01 2.542e-02 8.056e-05
9.330e+01 2.921e-02 -5.596e-03
9.340e+01 2.782e-02 -1.084e-02
9.350e+01 3.380e-02 -9.358e-03
9.360e+01 2.925e-02 -9.496e-03
9.370e+01 2.893e-02 -1.575e-02
9.380e+01 2.810e-02 -4.664e-03
9.390e+01 2.426e-02 -8.212e-03
9.400e+01 3.066e-02 -1.566e-02
9.410e+01 2.172e-02 -1.038e-02
9.420e+01 1.962e-02 -5.749e-03
9.430e+01 2.292e-02 -6.556e-03
9.440e+01 3.187e-02 -1.438e-02
9.450e+01 2.681e-02 -1.114e-02
9.460e+01 2.156e-02 -1.343e-02
9.470e+01 2.113e-02 -1.106e-02
9.480e+01 1.557e-02 -1.189e-02
9.490e+01 1.504e-02 -1.496e-02
9.500e+01 2.077e-02 -1.338e-02
9.510e+01 2.300e-02 -2.130e-02
9.520e+01 2.058e-02 -1.256e-02
9.530e+01 1.911e-02 -1.313e-02
9.540e+01 1.663e-02 -1.698e-02
9.550e+01 1.511e-02 -1.761e-02
9.560e+01 1.708e-02 -1.861e-02
9.570e+01 1.925e-02 -1.756e-02
9.580e+01 2.500e-02 -2.065e-02
9.590e+01 2.231e-02 -1.360e-02
9.600e+01 2.537e-02 -1.901e-02
9.610e+01 2.239e-02 -1.385e-02
9.620e+01 2.146e-02 -1.634e-02
9.630e+01 2.196e-02 -1.592e-02
9.640e+01 2.149e-02 -1.725e-02
9.650e+01 2.429e-02 -2.452e-02
9.660e+01 2.443e-02 -2.110e-02
9.670e+01 2.266e-02 -1.932e-02
9.680e+01 2.276e-02 -1.781e-02
9.690e+01 2.677e-02 -2.418e-02
9.700e+01 2.482e-02 -1.918e-02
9.710e+01 2.591e-02 -1.985e-02
9.720e+01 2.279e-02 -1.276e-02
9.730e+01 2.149e-02 -2.109e-02
9.740e+01 2.272e-02 -1.475e-02
9.750e+01 2.154e-02 -1.584e-02
9.760e+01 2.477e-02 -1.380e-02
9.770e+01 2.292e-02 -1.444e-02
9.780e+01 2.321e-02 -1.830e-02
9.790e+01 2.541e-02 -2.063e-02
9.800e+01 2.515e-02 -2.308e-02
9.810e+01 2.070e-02 -1.569e-02
9.820e+01 1.953e-02 -1.282e-02
9.830e+01 1.897e-02 -1.103e-02
9.840e+01 2.000e-02 -1.404e-02
9.850e+01 1.789e-02 -1.669e-02
9.860e+01 2.262e-02 -1.859e-02
9.870e+01 1.976e-02 -2.140e-02
9.880e+01 1.941e-02 -1.872e-02
9.890e+01 2.250e-02 -2.403e-02
9.900e+01 1.983e-02 -2.003e-02
9.910e+01 2.035e-02 -2.564e-02
9.920e+01 2.015e-02 -1.676e-02
9.930e+01 1.807e-02 -2.242e-02
9.940e+01 1.681e-02 -1.977e-02
9.950e+01 1.833e-02 -2.021e-02
9.960e+01 2.354e-02 -2.186e-02
9.970e+01 2.331e-02 -1.759e-02
9.980e+01 2.239e-02 -1.765e-02
9.990e+01 2.157e-02 -2.518e-02
