# Frequency (1.0/ps)      real(fft(F_0))
0.000e+00 2.648e+02
1.000e-02 5.227e+01
2.000e-02 2.510e+01
3.000e-02 9.337e+00
4.000e-02 -2.855e+00
5.000e-02 4.262e+00
6.000e-02 6.540e+00
7.000e-02 1.689e+00
8.000e-02 4.306e+00
9.000e-02 2.715e+00
1.000e-01 3.808e-03
1.100e-01 1.924e+00
1.200e-01 -3.633e-01
1.300e-01 -8.063e-01
1.400e-01 9.053e-01
1.500e-01 3.103e-01
1.600e-01 2.651e+00
1.700e-01 1.634e+00
1.800e-01 1.656e+00
1.900e-01 9.157e-01
2.000e-01 2.149e+00
2.100e-01 1.881e+00
2.200e-01 1.824e+00
2.300e-01 8.992e-01
2.400e-01 3.780e-01
2.500e-01 8.646e-01
2.600e-01 3.020e-01
2.700e-01 1.325e+00
2.800e-01 1.960e-01
2.900e-01 5.202e-01
3.000e-01 -3.631e-01
3.100e-01 -3.402e-01
3.200e-01 2.368e-01
3.300e-01 -3.469e-01
3.400e-01 1.107e+00
3.500e-01 -6.050e-02
3.600e-01 1.774e+00
3.700e-01 1.926e+00
3.800e-01 1.725e+00
3.900e-01 7.374e-01
4.000e-01 8.472e-01
4.100e-01 1.905e-01
4.200e-01 1.115e-01
4.300e-01 1.737e+00
4.400e-01 8.145e-01
4.500e-01 1.024e+00
4.600e-01 -2.713e-01
4.700e-01 -1.858e-01
4.800e-01 1.174e+00
4.900e-01 1.082e+00
5.000e-01 3.023e-01
5.100e-01 5.322e-01
5.200e-01 9.929e-01
5.300e-01 3.294e-01
5.400e-01 1.545e+00
5.500e-01 3.708e-01
5.600e-01 1.334e+00
5.700e-01 -3.555e-01
5.800e-01 4.455e-01
5.900e-01 8.742e-01
6.000e-01 4.578e-01
6.100e-01 5.373e-01
6.200e-01 3.977e-01
6.300e-01 3.242e-01
6.400e-01 -5.559e-01
6.500e-01 1.534e-01
6.600e-01 5.863e-01
6.700e-01 6.028e-01
6.800e-01 1.003e-01
6.900e-01 7.903e-01
7.000e-01 6.807e-01
7.100e-01 3.862e-01
7.200e-01 1.061e+00
7.300e-01 3.474e-01
7.400e-01 3.196e-01
7.500e-01 5.074e-03
7.600e-01 -3.238e-01
7.700e-01 -1.764e-02
7.800e-01 5.238e-01
7.900e-01 3.135e-01
8.000e-01 -4.189e-02
8.100e-01 1.862e-01
8.200e-01 -1.090e-01
8.300e-01 -2.235e-01
8.400e-01 3.377e-01
8.500e-01 7.582e-01
8.600e-01 9.320e-01
8.700e-01 8.801e-01
8.800e-01 8.758e-01
8.900e-01 5.899e-01
9.000e-01 5.440e-01
9.100e-01 1.070e-01
9.200e-01 5.606e-02
9.300e-01 2.297e-02
9.400e-01 2.216e-01
9.500e-01 5.833e-01
9.600e-01 3.917e-01
9.700e-01 6.611e-01
9.800e-01 1.210e+00
9.900e-01 1.462e+00
1.000e+00 9.523e-01
1.010e+00 6.911e-01
1.020e+00 9.888e-01
1.030e+00 1.143e+00
1.040e+00 5.549e-01
1.050e+00 4.879e-01
1.060e+00 8.615e-01
1.070e+00 -1.328e-01
1.080e+00 5.466e-01
1.090e+00 8.390e-01
1.100e+00 3.005e-01
1.110e+00 5.044e-01
1.120e+00 3.635e-01
1.130e+00 6.098e-01
1.140e+00 5.688e-01
1.150e+00 9.725e-02
1.160e+00 6.077e-01
1.170e+00 7.881e-02
1.180e+00 6.806e-01
1.190e+00 7.644e-01
1.200e+00 1.228e+00
1.210e+00 1.322e+00
1.220e+00 1.203e+00
1.230e+00 6.359e-01
1.240e+00 -2.812e-01
1.250e+00 5.275e-01
1.260e+00 3.121e-01
1.270e+00 6.462e-01
1.280e+00 8.088e-01
1.290e+00 5.062e-01
1.300e+00 1.067e+00
1.310e+00 8.749e-01
1.320e+00 8.990e-01
1.330e+00 6.947e-01
1.340e+00 9.274e-01
1.350e+00 6.708e-01
1.360e+00 -1.506e-01
1.370e+00 4.181e-01
1.380e+00 2.312e-01
1.390e+00 1.058e+00
1.400e+00 1.175e+00
1.410e+00 1.066e+00
1.420e+00 9.310e-01
1.430e+00 3.546e-01
1.440e+00 6.326e-01
1.450e+00 4.129e-01
1.460e+00 -1.665e-02
1.470e+00 -2.580e-01
1.480e+00 -7.640e-01
1.490e+00 -5.556e-02
1.500e+00 5.639e-01
1.510e+00 1.561e+00
1.520e+00 9.202e-01
1.530e+00 1.395e+00
1.540e+00 2.287e-01
1.550e+00 2.040e-01
1.560e+00 4.994e-01
1.570e+00 1.984e-01
1.580e+00 4.302e-01
1.590e+00 -3.564e-03
1.600e+00 8.261e-01
1.610e+00 5.468e-01
1.620e+00 1.007e+00
1.630e+00 6.405e-01
1.640e+00 -3.047e-01
1.650e+00 2.862e-01
1.660e+00 6.771e-01
1.670e+00 7.372e-01
1.680e+00 8.584e-01
1.690e+00 6.293e-01
1.700e+00 -2.585e-01
1.710e+00 7.835e-01
1.720e+00 9.811e-01
1.730e+00 7.198e-01
1.740e+00 1.157e+00
1.750e+00 9.131e-01
1.760e+00 8.713e-01
1.770e+00 5.783e-01
1.780e+00 1.037e-01
1.790e+00 -2.029e-01
1.800e+00 1.524e-03
1.810e+00 -2.076e-01
1.820e+00 -1.598e-01
1.830e+00 -1.871e-01
1.840e+00 2.637e-01
1.850e+00 8.666e-01
1.860e+00 1.020e+00
1.870e+00 1.394e+00
1.880e+00 8.680e-01
1.890e+00 6.433e-01
1.900e+00 3.236e-01
1.910e+00 3.979e-01
1.920e+00 8.451e-01
1.930e+00 7.447e-01
1.940e+00 1.162e+00
1.950e+00 9.016e-01
1.960e+00 9.697e-01
1.970e+00 9.538e-02
1.980e+00 1.330e+00
1.990e+00 8.366e-01
2.000e+00 7.369e-01
2.010e+00 6.271e-01
2.020e+00 1.036e+00
2.030e+00 2.398e-02
2.040e+00 6.338e-01
2.050e+00 1.458e-01
2.060e+00 4.647e-01
2.070e+00 -1.330e-01
2.080e+00 1.288e-01
2.090e+00 6.017e-01
2.100e+00 1.834e-01
2.110e+00 8.921e-01
2.120e+00 4.807e-01
2.130e+00 6.570e-01
2.140e+00 3.259e-01
2.150e+00 9.025e-02
2.160e+00 1.562e-01
2.170e+00 3.308e-01
2.180e+00 9.862e-01
2.190e+00 5.367e-01
2.200e+00 3.477e-02
2.210e+00 5.915e-01
2.220e+00 6.448e-01
2.230e+00 1.523e-01
2.240e+00 1.356e-01
2.250e+00 3.423e-01
2.260e+00 9.554e-01
2.270e+00 4.497e-01
2.280e+00 2.316e-01
2.290e+00 3.582e-01
2.300e+00 7.941e-01
2.310e+00 9.742e-02
2.320e+00 5.870e-01
2.330e+00 1.175e+00
2.340e+00 6.992e-01
2.350e+00 6.575e-01
2.360e+00 5.274e-01
2.370e+00 1.154e+00
2.380e+00 9.393e-01
2.390e+00 1.997e-01
2.400e+00 9.124e-01
2.410e+00 8.323e-01
2.420e+00 7.456e-01
2.430e+00 9.087e-01
2.440e+00 5.708e-01
2.450e+00 8.893e-01
2.460e+00 4.585e-01
2.470e+00 3.367e-01
2.480e+00 9.530e-01
2.490e+00 7.719e-01
2.500e+00 6.761e-01
2.510e+00 4.791e-01
2.520e+00 6.323e-01
2.530e+00 8.759e-02
2.540e+00 5.306e-01
2.550e+00 5.592e-01
2.560e+00 2.660e-01
2.570e+00 9.124e-02
2.580e+00 1.505e-01
2.590e+00 2.756e-01
2.600e+00 4.461e-01
2.610e+00 3.152e-01
2.620e+00 4.426e-01
2.630e+00 3.406e-01
2.640e+00 3.802e-01
2.650e+00 7.043e-01
2.660e+00 7.405e-01
2.670e+00 4.673e-02
2.680e+00 4.750e-01
2.690e+00 4.677e-01
2.700e+00 4.275e-01
2.710e+00 5.499e-01
2.720e+00 5.996e-01
2.730e+00 3.819e-01
2.740e+00 5.339e-01
2.750e+00 3.354e-01
2.760e+00 2.078e-01
2.770e+00 3.871e-01
2.780e+00 3.977e-01
2.790e+00 3.737e-01
2.800e+00 3.596e-01
2.810e+00 6.496e-01
2.820e+00 2.984e-01
2.830e+00 1.515e-01
2.840e+00 3.040e-01
2.850e+00 5.483e-01
2.860e+00 4.598e-02
2.870e+00 2.956e-01
2.880e+00 5.718e-01
2.890e+00 9.049e-01
2.900e+00 7.245e-01
2.910e+00 9.661e-01
2.920e+00 7.466e-01
2.930e+00 5.645e-01
2.940e+00 6.189e-01
2.950e+00 5.776e-01
2.960e+00 4.580e-01
2.970e+00 -3.160e-01
2.980e+00 2.958e-01
2.990e+00 2.593e-01
3.000e+00 3.902e-01
3.010e+00 6.684e-01
3.020e+00 3.393e-01
3.030e+00 4.791e-01
3.040e+00 3.787e-01
3.050e+00 4.447e-01
3.060e+00 3.016e-01
3.070e+00 3.805e-01
3.080e+00 5.598e-01
3.090e+00 5.407e-01
3.100e+00 6.976e-01
3.110e+00 4.473e-01
3.120e+00 4.766e-01
3.130e+00 1.487e-01
3.140e+00 4.315e-01
3.150e+00 7.845e-01
3.160e+00 1.184e+00
3.170e+00 8.930e-01
3.180e+00 9.394e-01
3.190e+00 9.385e-01
3.200e+00 -1.283e-01
3.210e+00 2.824e-01
3.220e+00 3.278e-01
3.230e+00 4.478e-01
3.240e+00 8.061e-01
3.250e+00 5.047e-01
3.260e+00 5.634e-01
3.270e+00 2.158e-01
3.280e+00 5.105e-01
3.290e+00 5.268e-01
3.300e+00 1.732e-01
3.310e+00 -1.623e-01
3.320e+00 4.970e-01
3.330e+00 6.370e-01
3.340e+00 5.784e-01
3.350e+00 6.141e-01
3.360e+00 6.605e-01
3.370e+00 1.758e-01
3.380e+00 5.495e-01
3.390e+00 3.148e-01
3.400e+00 8.065e-01
3.410e+00 2.880e-01
3.420e+00 5.240e-01
3.430e+00 4.827e-01
3.440e+00 5.144e-01
3.450e+00 5.014e-01
3.460e+00 5.621e-01
3.470e+00 3.099e-01
3.480e+00 4.718e-01
3.490e+00 4.826e-01
3.500e+00 3.945e-01
3.510e+00 7.761e-01
3.520e+00 6.121e-01
3.530e+00 7.356e-01
3.540e+00 3.542e-01
3.550e+00 6.338e-01
3.560e+00 7.477e-01
3.570e+00 6.306e-01
3.580e+00 9.793e-02
3.590e+00 2.451e-01
3.600e+00 2.262e-01
3.610e+00 3.822e-01
3.620e+00 1.626e-01
3.630e+00 3.411e-01
3.640e+00 8.496e-01
3.650e+00 3.069e-01
3.660e+00 3.271e-01
3.670e+00 2.468e-01
3.680e+00 5.465e-01
3.690e+00 3.117e-01
3.700e+00 4.710e-01
3.710e+00 4.876e-01
3.720e+00 8.468e-01
3.730e+00 5.759e-01
3.740e+00 7.199e-01
3.750e+00 5.792e-01
3.760e+00 5.557e-01
3.770e+00 9.096e-01
3.780e+00 6.576e-01
3.790e+00 8.877e-01
3.800e+00 8.474e-01
3.810e+00 7.199e-01
3.820e+00 7.033e-01
3.830e+00 4.254e-01
3.840e+00 3.444e-01
3.850e+00 3.696e-01
3.860e+00 6.096e-01
3.870e+00 2.683e-01
3.880e+00 5.847e-01
3.890e+00 3.364e-01
3.900e+00 3.326e-01
3.910e+00 2.351e-01
3.920e+00 4.139e-01
3.930e+00 3.019e-01
3.940e+00 3.843e-01
3.950e+00 5.586e-01
3.960e+00 9.524e-01
3.970e+00 3.335e-01
3.980e+00 3.243e-01
3.990e+00 7.764e-01
4.000e+00 5.903e-01
4.010e+00 4.849e-01
4.020e+00 3.688e-01
4.030e+00 3.023e-01
4.040e+00 3.930e-01
4.050e+00 3.358e-01
4.060e+00 8.975e-01
4.070e+00 -7.456e-02
4.080e+00 3.186e-01
4.090e+00 7.904e-01
4.100e+00 4.625e-01
4.110e+00 1.143e+00
4.120e+00 7.805e-01
4.130e+00 9.102e-01
4.140e+00 5.768e-01
4.150e+00 3.634e-01
4.160e+00 3.683e-01
4.170e+00 4.497e-01
4.180e+00 3.755e-01
4.190e+00 4.959e-01
4.200e+00 3.984e-01
4.210e+00 3.438e-01
4.220e+00 6.511e-01
4.230e+00 1.774e-01
4.240e+00 5.483e-01
4.250e+00 4.532e-01
4.260e+00 3.078e-01
4.270e+00 1.561e-01
4.280e+00 4.464e-01
4.290e+00 4.460e-01
4.300e+00 7.961e-01
4.310e+00 3.101e-01
4.320e+00 4.614e-01
4.330e+00 1.020e+00
4.340e+00 7.661e-01
4.350e+00 8.022e-01
4.360e+00 7.335e-01
4.370e+00 7.728e-01
4.380e+00 9.931e-01
4.390e+00 8.864e-01
4.400e+00 7.902e-01
4.410e+00 8.767e-01
4.420e+00 8.068e-01
4.430e+00 8.482e-01
4.440e+00 3.060e-01
4.450e+00 3.904e-01
4.460e+00 5.199e-01
4.470e+00 -1.343e-02
4.480e+00 6.409e-01
4.490e+00 3.956e-01
4.500e+00 1.064e+00
4.510e+00 5.771e-01
4.520e+00 5.607e-01
4.530e+00 4.474e-01
4.540e+00 2.283e-01
4.550e+00 4.387e-01
4.560e+00 6.095e-02
4.570e+00 4.120e-01
4.580e+00 3.845e-01
4.590e+00 4.036e-01
4.600e+00 4.498e-01
4.610e+00 5.129e-01
4.620e+00 5.212e-01
4.630e+00 3.879e-01
4.640e+00 8.013e-01
4.650e+00 5.172e-01
4.660e+00 6.282e-01
4.670e+00 4.685e-01
4.680e+00 4.785e-01
4.690e+00 1.231e-01
4.700e+00 4.790e-01
4.710e+00 7.306e-01
4.720e+00 8.470e-01
4.730e+00 4.723e-01
4.740e+00 5.170e-01
4.750e+00 3.523e-01
4.760e+00 5.342e-01
4.770e+00 1.003e+00
4.780e+00 6.238e-01
4.790e+00 2.371e-01
4.800e+00 1.122e+00
4.810e+00 3.418e-01
4.820e+00 4.592e-01
4.830e+00 2.698e-03
4.840e+00 1.483e-01
4.850e+00 1.157e-02
4.860e+00 4.857e-02
4.870e+00 3.769e-01
4.880e+00 4.159e-01
4.890e+00 8.230e-01
4.900e+00 7.015e-01
4.910e+00 7.931e-01
4.920e+00 7.404e-01
4.930e+00 2.236e-01
4.940e+00 7.638e-01
4.950e+00 6.082e-01
4.960e+00 4.922e-01
4.970e+00 4.307e-01
4.980e+00 8.808e-01
4.990e+00 7.399e-01
-5.000e+00 8.665e-01
-4.990e+00 7.399e-01
-4.980e+00 8.808e-01
-4.970e+00 4.307e-01
-4.960e+00 4.922e-01
-4.950e+00 6.082e-01
-4.940e+00 7.638e-01
-4.930e+00 2.236e-01
-4.920e+00 7.404e-01
-4.910e+00 7.931e-01
-4.900e+00 7.015e-01
-4.890e+00 8.230e-01
-4.880e+00 4.159e-01
-4.870e+00 3.769e-01
-4.860e+00 4.857e-02
-4.850e+00 1.157e-02
-4.840e+00 1.483e-01
-4.830e+00 2.698e-03
-4.820e+00 4.592e-01
-4.810e+00 3.418e-01
-4.800e+00 1.122e+00
-4.790e+00 2.371e-01
-4.780e+00 6.238e-01
-4.770e+00 1.003e+00
-4.760e+00 5.342e-01
-4.750e+00 3.523e-01
-4.740e+00 5.170e-01
-4.730e+00 4.723e-01
-4.720e+00 8.470e-01
-4.710e+00 7.306e-01
-4.700e+00 4.790e-01
-4.690e+00 1.231e-01
-4.680e+00 4.785e-01
-4.670e+00 4.685e-01
-4.660e+00 6.282e-01
-4.650e+00 5.172e-01
-4.640e+00 8.013e-01
-4.630e+00 3.879e-01
-4.620e+00 5.212e-01
-4.610e+00 5.129e-01
-4.600e+00 4.498e-01
-4.590e+00 4.036e-01
-4.580e+00 3.845e-01
-4.570e+00 4.120e-01
-4.560e+00 6.095e-02
-4.550e+00 4.387e-01
-4.540e+00 2.283e-01
-4.530e+00 4.474e-01
-4.520e+00 5.607e-01
-4.510e+00 5.771e-01
-4.500e+00 1.064e+00
-4.490e+00 3.956e-01
-4.480e+00 6.409e-01
-4.470e+00 -1.343e-02
-4.460e+00 5.199e-01
-4.450e+00 3.904e-01
-4.440e+00 3.060e-01
-4.430e+00 8.482e-01
-4.420e+00 8.068e-01
-4.410e+00 8.767e-01
-4.400e+00 7.902e-01
-4.390e+00 8.864e-01
-4.380e+00 9.931e-01
-4.370e+00 7.728e-01
-4.360e+00 7.335e-01
-4.350e+00 8.022e-01
-4.340e+00 7.661e-01
-4.330e+00 1.020e+00
-4.320e+00 4.614e-01
-4.310e+00 3.101e-01
-4.300e+00 7.961e-01
-4.290e+00 4.460e-01
-4.280e+00 4.464e-01
-4.270e+00 1.561e-01
-4.260e+00 3.078e-01
-4.250e+00 4.532e-01
-4.240e+00 5.483e-01
-4.230e+00 1.774e-01
-4.220e+00 6.511e-01
-4.210e+00 3.438e-01
-4.200e+00 3.984e-01
-4.190e+00 4.959e-01
-4.180e+00 3.755e-01
-4.170e+00 4.497e-01
-4.160e+00 3.683e-01
-4.150e+00 3.634e-01
-4.140e+00 5.768e-01
-4.130e+00 9.102e-01
-4.120e+00 7.805e-01
-4.110e+00 1.143e+00
-4.100e+00 4.625e-01
-4.090e+00 7.904e-01
-4.080e+00 3.186e-01
-4.070e+00 -7.456e-02
-4.060e+00 8.975e-01
-4.050e+00 3.358e-01
-4.040e+00 3.930e-01
-4.030e+00 3.023e-01
-4.020e+00 3.688e-01
-4.010e+00 4.849e-01
-4.000e+00 5.903e-01
-3.990e+00 7.764e-01
-3.980e+00 3.243e-01
-3.970e+00 3.335e-01
-3.960e+00 9.524e-01
-3.950e+00 5.586e-01
-3.940e+00 3.843e-01
-3.930e+00 3.019e-01
-3.920e+00 4.139e-01
-3.910e+00 2.351e-01
-3.900e+00 3.326e-01
-3.890e+00 3.364e-01
-3.880e+00 5.847e-01
-3.870e+00 2.683e-01
-3.860e+00 6.096e-01
-3.850e+00 3.696e-01
-3.840e+00 3.444e-01
-3.830e+00 4.254e-01
-3.820e+00 7.033e-01
-3.810e+00 7.199e-01
-3.800e+00 8.474e-01
-3.790e+00 8.877e-01
-3.780e+00 6.576e-01
-3.770e+00 9.096e-01
-3.760e+00 5.557e-01
-3.750e+00 5.792e-01
-3.740e+00 7.199e-01
-3.730e+00 5.759e-01
-3.720e+00 8.468e-01
-3.710e+00 4.876e-01
-3.700e+00 4.710e-01
-3.690e+00 3.117e-01
-3.680e+00 5.465e-01
-3.670e+00 2.468e-01
-3.660e+00 3.271e-01
-3.650e+00 3.069e-01
-3.640e+00 8.496e-01
-3.630e+00 3.411e-01
-3.620e+00 1.626e-01
-3.610e+00 3.822e-01
-3.600e+00 2.262e-01
-3.590e+00 2.451e-01
-3.580e+00 9.793e-02
-3.570e+00 6.306e-01
-3.560e+00 7.477e-01
-3.550e+00 6.338e-01
-3.540e+00 3.542e-01
-3.530e+00 7.356e-01
-3.520e+00 6.121e-01
-3.510e+00 7.761e-01
-3.500e+00 3.945e-01
-3.490e+00 4.826e-01
-3.480e+00 4.718e-01
-3.470e+00 3.099e-01
-3.460e+00 5.621e-01
-3.450e+00 5.014e-01
-3.440e+00 5.144e-01
-3.430e+00 4.827e-01
-3.420e+00 5.240e-01
-3.410e+00 2.880e-01
-3.400e+00 8.065e-01
-3.390e+00 3.148e-01
-3.380e+00 5.495e-01
-3.370e+00 1.758e-01
-3.360e+00 6.605e-01
-3.350e+00 6.141e-01
-3.340e+00 5.784e-01
-3.330e+00 6.370e-01
-3.320e+00 4.970e-01
-3.310e+00 -1.623e-01
-3.300e+00 1.732e-01
-3.290e+00 5.268e-01
-3.280e+00 5.105e-01
-3.270e+00 2.158e-01
-3.260e+00 5.634e-01
-3.250e+00 5.047e-01
-3.240e+00 8.061e-01
-3.230e+00 4.478e-01
-3.220e+00 3.278e-01
-3.210e+00 2.824e-01
-3.200e+00 -1.283e-01
-3.190e+00 9.385e-01
-3.180e+00 9.394e-01
-3.170e+00 8.930e-01
-3.160e+00 1.184e+00
-3.150e+00 7.845e-01
-3.140e+00 4.315e-01
-3.130e+00 1.487e-01
-3.120e+00 4.766e-01
-3.110e+00 4.473e-01
-3.100e+00 6.976e-01
-3.090e+00 5.407e-01
-3.080e+00 5.598e-01
-3.070e+00 3.805e-01
-3.060e+00 3.016e-01
-3.050e+00 4.447e-01
-3.040e+00 3.787e-01
-3.030e+00 4.791e-01
-3.020e+00 3.393e-01
-3.010e+00 6.684e-01
-3.000e+00 3.902e-01
-2.990e+00 2.593e-01
-2.980e+00 2.958e-01
-2.970e+00 -3.160e-01
-2.960e+00 4.580e-01
-2.950e+00 5.776e-01
-2.940e+00 6.189e-01
-2.930e+00 5.645e-01
-2.920e+00 7.466e-01
-2.910e+00 9.661e-01
-2.900e+00 7.245e-01
-2.890e+00 9.049e-01
-2.880e+00 5.718e-01
-2.870e+00 2.956e-01
-2.860e+00 4.598e-02
-2.850e+00 5.483e-01
-2.840e+00 3.040e-01
-2.830e+00 1.515e-01
-2.820e+00 2.984e-01
-2.810e+00 6.496e-01
-2.800e+00 3.596e-01
-2.790e+00 3.737e-01
-2.780e+00 3.977e-01
-2.770e+00 3.871e-01
-2.760e+00 2.078e-01
-2.750e+00 3.354e-01
-2.740e+00 5.339e-01
-2.730e+00 3.819e-01
-2.720e+00 5.996e-01
-2.710e+00 5.499e-01
-2.700e+00 4.275e-01
-2.690e+00 4.677e-01
-2.680e+00 4.750e-01
-2.670e+00 4.673e-02
-2.660e+00 7.405e-01
-2.650e+00 7.043e-01
-2.640e+00 3.802e-01
-2.630e+00 3.406e-01
-2.620e+00 4.426e-01
-2.610e+00 3.152e-01
-2.600e+00 4.461e-01
-2.590e+00 2.756e-01
-2.580e+00 1.505e-01
-2.570e+00 9.124e-02
-2.560e+00 2.660e-01
-2.550e+00 5.592e-01
-2.540e+00 5.306e-01
-2.530e+00 8.759e-02
-2.520e+00 6.323e-01
-2.510e+00 4.791e-01
-2.500e+00 6.761e-01
-2.490e+00 7.719e-01
-2.480e+00 9.530e-01
-2.470e+00 3.367e-01
-2.460e+00 4.585e-01
-2.450e+00 8.893e-01
-2.440e+00 5.708e-01
-2.430e+00 9.087e-01
-2.420e+00 7.456e-01
-2.410e+00 8.323e-01
-2.400e+00 9.124e-01
-2.390e+00 1.997e-01
-2.380e+00 9.393e-01
-2.370e+00 1.154e+00
-2.360e+00 5.274e-01
-2.350e+00 6.575e-01
-2.340e+00 6.992e-01
-2.330e+00 1.175e+00
-2.320e+00 5.870e-01
-2.310e+00 9.742e-02
-2.300e+00 7.941e-01
-2.290e+00 3.582e-01
-2.280e+00 2.316e-01
-2.270e+00 4.497e-01
-2.260e+00 9.554e-01
-2.250e+00 3.423e-01
-2.240e+00 1.356e-01
-2.230e+00 1.523e-01
-2.220e+00 6.448e-01
-2.210e+00 5.915e-01
-2.200e+00 3.477e-02
-2.190e+00 5.367e-01
-2.180e+00 9.862e-01
-2.170e+00 3.308e-01
-2.160e+00 1.562e-01
-2.150e+00 9.025e-02
-2.140e+00 3.259e-01
-2.130e+00 6.570e-01
-2.120e+00 4.807e-01
-2.110e+00 8.921e-01
-2.100e+00 1.834e-01
-2.090e+00 6.017e-01
-2.080e+00 1.288e-01
-2.070e+00 -1.330e-01
-2.060e+00 4.647e-01
-2.050e+00 1.458e-01
-2.040e+00 6.338e-01
-2.030e+00 2.398e-02
-2.020e+00 1.036e+00
-2.010e+00 6.271e-01
-2.000e+00 7.369e-01
-1.990e+00 8.366e-01
-1.980e+00 1.330e+00
-1.970e+00 9.538e-02
-1.960e+00 9.697e-01
-1.950e+00 9.016e-01
-1.940e+00 1.162e+00
-1.930e+00 7.447e-01
-1.920e+00 8.451e-01
-1.910e+00 3.979e-01
-1.900e+00 3.236e-01
-1.890e+00 6.433e-01
-1.880e+00 8.680e-01
-1.870e+00 1.394e+00
-1.860e+00 1.020e+00
-1.850e+00 8.666e-01
-1.840e+00 2.637e-01
-1.830e+00 -1.871e-01
-1.820e+00 -1.598e-01
-1.810e+00 -2.076e-01
-1.800e+00 1.524e-03
-1.790e+00 -2.029e-01
-1.780e+00 1.037e-01
-1.770e+00 5.783e-01
-1.760e+00 8.713e-01
-1.750e+00 9.131e-01
-1.740e+00 1.157e+00
-1.730e+00 7.198e-01
-1.720e+00 9.811e-01
-1.710e+00 7.835e-01
-1.700e+00 -2.585e-01
-1.690e+00 6.293e-01
-1.680e+00 8.584e-01
-1.670e+00 7.372e-01
-1.660e+00 6.771e-01
-1.650e+00 2.862e-01
-1.640e+00 -3.047e-01
-1.630e+00 6.405e-01
-1.620e+00 1.007e+00
-1.610e+00 5.468e-01
-1.600e+00 8.261e-01
-1.590e+00 -3.564e-03
-1.580e+00 4.302e-01
-1.570e+00 1.984e-01
-1.560e+00 4.994e-01
-1.550e+00 2.040e-01
-1.540e+00 2.287e-01
-1.530e+00 1.395e+00
-1.520e+00 9.202e-01
-1.510e+00 1.561e+00
-1.500e+00 5.639e-01
-1.490e+00 -5.556e-02
-1.480e+00 -7.640e-01
-1.470e+00 -2.580e-01
-1.460e+00 -1.665e-02
-1.450e+00 4.129e-01
-1.440e+00 6.326e-01
-1.430e+00 3.546e-01
-1.420e+00 9.310e-01
-1.410e+00 1.066e+00
-1.400e+00 1.175e+00
-1.390e+00 1.058e+00
-1.380e+00 2.312e-01
-1.370e+00 4.181e-01
-1.360e+00 -1.506e-01
-1.350e+00 6.708e-01
-1.340e+00 9.274e-01
-1.330e+00 6.947e-01
-1.320e+00 8.990e-01
-1.310e+00 8.749e-01
-1.300e+00 1.067e+00
-1.290e+00 5.062e-01
-1.280e+00 8.088e-01
-1.270e+00 6.462e-01
-1.260e+00 3.121e-01
-1.250e+00 5.275e-01
-1.240e+00 -2.812e-01
-1.230e+00 6.359e-01
-1.220e+00 1.203e+00
-1.210e+00 1.322e+00
-1.200e+00 1.228e+00
-1.190e+00 7.644e-01
-1.180e+00 6.806e-01
-1.170e+00 7.881e-02
-1.160e+00 6.077e-01
-1.150e+00 9.725e-02
-1.140e+00 5.688e-01
-1.130e+00 6.098e-01
-1.120e+00 3.635e-01
-1.110e+00 5.044e-01
-1.100e+00 3.005e-01
-1.090e+00 8.390e-01
-1.080e+00 5.466e-01
-1.070e+00 -1.328e-01
-1.060e+00 8.615e-01
-1.050e+00 4.879e-01
-1.040e+00 5.549e-01
-1.030e+00 1.143e+00
-1.020e+00 9.888e-01
-1.010e+00 6.911e-01
-1.000e+00 9.523e-01
-9.900e-01 1.462e+00
-9.800e-01 1.210e+00
-9.700e-01 6.611e-01
-9.600e-01 3.917e-01
-9.500e-01 5.833e-01
-9.400e-01 2.216e-01
-9.300e-01 2.297e-02
-9.200e-01 5.606e-02
-9.100e-01 1.070e-01
-9.000e-01 5.440e-01
-8.900e-01 5.899e-01
-8.800e-01 8.758e-01
-8.700e-01 8.801e-01
-8.600e-01 9.320e-01
-8.500e-01 7.582e-01
-8.400e-01 3.377e-01
-8.300e-01 -2.235e-01
-8.200e-01 -1.090e-01
-8.100e-01 1.862e-01
-8.000e-01 -4.189e-02
-7.900e-01 3.135e-01
-7.800e-01 5.238e-01
-7.700e-01 -1.764e-02
-7.600e-01 -3.238e-01
-7.500e-01 5.074e-03
-7.400e-01 3.196e-01
-7.300e-01 3.474e-01
-7.200e-01 1.061e+00
-7.100e-01 3.862e-01
-7.000e-01 6.807e-01
-6.900e-01 7.903e-01
-6.800e-01 1.003e-01
-6.700e-01 6.028e-01
-6.600e-01 5.863e-01
-6.500e-01 1.534e-01
-6.400e-01 -5.559e-01
-6.300e-01 3.242e-01
-6.200e-01 3.977e-01
-6.100e-01 5.373e-01
-6.000e-01 4.578e-01
-5.900e-01 8.742e-01
-5.800e-01 4.455e-01
-5.700e-01 -3.555e-01
-5.600e-01 1.334e+00
-5.500e-01 3.708e-01
-5.400e-01 1.545e+00
-5.300e-01 3.294e-01
-5.200e-01 9.929e-01
-5.100e-01 5.322e-01
-5.000e-01 3.023e-01
-4.900e-01 1.082e+00
-4.800e-01 1.174e+00
-4.700e-01 -1.858e-01
-4.600e-01 -2.713e-01
-4.500e-01 1.024e+00
-4.400e-01 8.145e-01
-4.300e-01 1.737e+00
-4.200e-01 1.115e-01
-4.100e-01 1.905e-01
-4.000e-01 8.472e-01
-3.900e-01 7.374e-01
-3.800e-01 1.725e+00
-3.700e-01 1.926e+00
-3.600e-01 1.774e+00
-3.500e-01 -6.050e-02
-3.400e-01 1.107e+00
-3.300e-01 -3.469e-01
-3.200e-01 2.368e-01
-3.100e-01 -3.402e-01
-3.000e-01 -3.631e-01
-2.900e-01 5.202e-01
-2.800e-01 1.960e-01
-2.700e-01 1.325e+00
-2.600e-01 3.020e-01
-2.500e-01 8.646e-01
-2.400e-01 3.780e-01
-2.300e-01 8.992e-01
-2.200e-01 1.824e+00
-2.100e-01 1.881e+00
-2.000e-01 2.149e+00
-1.900e-01 9.157e-01
-1.800e-01 1.656e+00
-1.700e-01 1.634e+00
-1.600e-01 2.651e+00
-1.500e-01 3.103e-01
-1.400e-01 9.053e-01
-1.300e-01 -8.063e-01
-1.200e-01 -3.633e-01
-1.100e-01 1.924e+00
-1.000e-01 3.808e-03
-9.000e-02 2.715e+00
-8.000e-02 4.306e+00
-7.000e-02 1.689e+00
-6.000e-02 6.540e+00
-5.000e-02 4.262e+00
-4.000e-02 -2.855e+00
-3.000e-02 9.337e+00
-2.000e-02 2.510e+01
-1.000e-02 5.227e+01
