# Frequency (1.0/ps)      real(fft(F_0))
0.000e+00 2.383e+02
1.000e-02 4.832e+01
2.000e-02 1.048e+01
3.000e-02 7.371e+00
4.000e-02 3.790e+00
5.000e-02 1.124e+00
6.000e-02 8.857e-01
7.000e-02 3.005e+00
8.000e-02 3.808e+00
9.000e-02 2.214e+00
1.000e-01 2.294e+00
1.100e-01 2.245e+00
1.200e-01 2.403e+00
1.300e-01 1.015e+00
1.400e-01 2.936e+00
1.500e-01 1.219e+00
1.600e-01 8.239e-01
1.700e-01 1.769e+00
1.800e-01 1.395e+00
1.900e-01 9.410e-01
2.000e-01 2.877e+00
2.100e-01 1.386e+00
2.200e-01 1.190e+00
2.300e-01 2.493e+00
2.400e-01 2.962e+00
2.500e-01 1.826e+00
2.600e-01 2.457e+00
2.700e-01 -3.395e-01
2.800e-01 7.500e-01
2.900e-01 3.845e-01
3.000e-01 5.760e-01
3.100e-01 1.857e+00
3.200e-01 1.784e+00
3.300e-01 1.832e+00
3.400e-01 1.366e+00
3.500e-01 9.000e-01
3.600e-01 1.094e+00
3.700e-01 7.895e-01
3.800e-01 1.001e+00
3.900e-01 2.180e-01
4.000e-01 5.937e-01
4.100e-01 3.834e-01
4.200e-01 8.889e-01
4.300e-01 7.220e-01
4.400e-01 1.170e+00
4.500e-01 8.825e-01
4.600e-01 8.141e-01
4.700e-01 9.709e-01
4.800e-01 1.597e+00
4.900e-01 7.671e-01
5.000e-01 6.786e-01
5.100e-01 9.471e-01
5.200e-01 1.533e+00
5.300e-01 1.761e+00
5.400e-01 8.745e-01
5.500e-01 5.488e-01
5.600e-01 4.336e-01
5.700e-01 2.689e-01
5.800e-01 5.399e-01
5.900e-01 5.143e-01
6.000e-01 1.424e+00
6.100e-01 9.106e-01
6.200e-01 1.225e+00
6.300e-01 7.343e-01
6.400e-01 1.483e-01
6.500e-01 5.927e-01
6.600e-01 7.458e-01
6.700e-01 6.454e-01
6.800e-01 1.773e-01
6.900e-01 7.880e-01
7.000e-01 5.232e-01
7.100e-01 1.382e+00
7.200e-01 1.347e+00
7.300e-01 6.592e-01
7.400e-01 5.439e-01
7.500e-01 2.317e-01
7.600e-01 6.372e-01
7.700e-01 1.351e+00
7.800e-01 1.835e-01
7.900e-01 8.079e-02
8.000e-01 7.212e-02
8.100e-01 1.184e+00
8.200e-01 3.397e-01
8.300e-01 1.711e+00
8.400e-01 3.075e-01
8.500e-01 -2.229e-01
8.600e-01 -4.615e-01
8.700e-01 6.628e-01
8.800e-01 2.252e-01
8.900e-01 8.575e-01
9.000e-01 5.886e-01
9.100e-01 1.181e-01
9.200e-01 3.368e-01
9.300e-01 -3.829e-01
9.400e-01 1.075e-01
9.500e-01 1.029e+00
9.600e-01 6.118e-01
9.700e-01 4.936e-03
9.800e-01 6.270e-03
9.900e-01 5.772e-01
1.000e+00 4.564e-01
1.010e+00 1.109e+00
1.020e+00 1.305e+00
1.030e+00 7.564e-01
1.040e+00 5.165e-01
1.050e+00 5.042e-02
1.060e+00 5.301e-01
1.070e+00 -1.234e-01
1.080e+00 2.297e-01
1.090e+00 1.063e+00
1.100e+00 9.372e-01
1.110e+00 4.841e-01
1.120e+00 8.497e-01
1.130e+00 2.711e-01
1.140e+00 7.582e-01
1.150e+00 6.965e-01
1.160e+00 9.856e-01
1.170e+00 1.166e+00
1.180e+00 8.512e-01
1.190e+00 1.818e-01
1.200e+00 1.169e-01
1.210e+00 4.221e-01
1.220e+00 1.011e+00
1.230e+00 1.463e+00
1.240e+00 1.075e+00
1.250e+00 1.266e+00
1.260e+00 5.265e-01
1.270e+00 4.645e-01
1.280e+00 5.702e-01
1.290e+00 2.742e-01
1.300e+00 2.221e-01
1.310e+00 7.155e-01
1.320e+00 7.593e-01
1.330e+00 1.041e+00
1.340e+00 9.213e-02
1.350e+00 6.991e-01
1.360e+00 1.076e+00
1.370e+00 6.802e-01
1.380e+00 3.116e-01
1.390e+00 3.989e-01
1.400e+00 4.506e-01
1.410e+00 1.056e+00
1.420e+00 8.327e-01
1.430e+00 6.535e-01
1.440e+00 6.085e-01
1.450e+00 1.901e-01
1.460e+00 1.129e-01
1.470e+00 3.428e-01
1.480e+00 5.689e-01
1.490e+00 7.787e-01
1.500e+00 8.025e-01
1.510e+00 1.100e+00
1.520e+00 9.553e-01
1.530e+00 1.461e+00
1.540e+00 9.859e-01
1.550e+00 7.812e-01
1.560e+00 1.212e+00
1.570e+00 1.231e+00
1.580e+00 5.480e-01
1.590e+00 6.608e-01
1.600e+00 6.249e-01
1.610e+00 5.829e-01
1.620e+00 8.150e-01
1.630e+00 1.055e+00
1.640e+00 9.218e-01
1.650e+00 2.291e-01
1.660e+00 -2.316e-01
1.670e+00 1.974e-01
1.680e+00 3.402e-01
1.690e+00 4.535e-01
1.700e+00 6.439e-01
1.710e+00 7.362e-01
1.720e+00 7.245e-01
1.730e+00 6.413e-01
1.740e+00 5.043e-01
1.750e+00 1.450e-01
1.760e+00 1.086e-01
1.770e+00 2.852e-01
1.780e+00 8.639e-01
1.790e+00 5.952e-01
1.800e+00 3.003e-01
1.810e+00 2.105e-01
1.820e+00 8.122e-01
1.830e+00 6.616e-01
1.840e+00 6.984e-01
1.850e+00 6.840e-01
1.860e+00 4.880e-03
1.870e+00 8.650e-02
1.880e+00 9.401e-02
1.890e+00 5.396e-02
1.900e+00 8.541e-01
1.910e+00 4.138e-01
1.920e+00 8.942e-01
1.930e+00 6.360e-01
1.940e+00 3.448e-01
1.950e+00 6.948e-01
1.960e+00 6.024e-01
1.970e+00 4.840e-01
1.980e+00 7.796e-01
1.990e+00 5.776e-01
2.000e+00 7.444e-01
2.010e+00 3.480e-01
2.020e+00 3.449e-01
2.030e+00 9.712e-01
2.040e+00 6.324e-01
2.050e+00 8.451e-01
2.060e+00 8.504e-01
2.070e+00 4.797e-01
2.080e+00 2.563e-01
2.090e+00 4.204e-01
2.100e+00 6.798e-01
2.110e+00 8.306e-01
2.120e+00 6.515e-01
2.130e+00 7.887e-01
2.140e+00 1.002e+00
2.150e+00 1.123e+00
2.160e+00 6.104e-01
2.170e+00 4.773e-01
2.180e+00 5.672e-01
2.190e+00 6.580e-01
2.200e+00 7.595e-01
2.210e+00 3.186e-01
2.220e+00 3.115e-01
2.230e+00 -1.177e-01
2.240e+00 6.335e-01
2.250e+00 6.175e-01
2.260e+00 6.070e-01
2.270e+00 8.502e-01
2.280e+00 4.075e-01
2.290e+00 9.448e-01
2.300e+00 3.536e-01
2.310e+00 1.003e-01
2.320e+00 6.951e-01
2.330e+00 4.766e-01
2.340e+00 5.548e-01
2.350e+00 6.757e-01
2.360e+00 5.772e-01
2.370e+00 6.485e-01
2.380e+00 4.575e-01
2.390e+00 1.312e-01
2.400e+00 1.126e-01
2.410e+00 1.440e-01
2.420e+00 4.538e-01
2.430e+00 7.143e-01
2.440e+00 5.935e-01
2.450e+00 2.368e-01
2.460e+00 2.362e-01
2.470e+00 3.263e-01
2.480e+00 4.191e-01
2.490e+00 8.008e-01
2.500e+00 3.450e-01
2.510e+00 2.317e-01
2.520e+00 1.221e-01
2.530e+00 3.237e-01
2.540e+00 2.347e-01
2.550e+00 5.338e-01
2.560e+00 4.747e-01
2.570e+00 6.756e-01
2.580e+00 5.677e-01
2.590e+00 3.565e-01
2.600e+00 3.837e-01
2.610e+00 2.025e-01
2.620e+00 3.699e-01
2.630e+00 7.645e-01
2.640e+00 8.687e-01
2.650e+00 4.601e-01
2.660e+00 4.579e-01
2.670e+00 5.323e-01
2.680e+00 2.777e-01
2.690e+00 4.663e-01
2.700e+00 6.220e-01
2.710e+00 7.134e-01
2.720e+00 5.275e-01
2.730e+00 5.838e-03
2.740e+00 3.280e-01
2.750e+00 4.029e-01
2.760e+00 4.760e-01
2.770e+00 6.076e-01
2.780e+00 3.457e-01
2.790e+00 6.698e-01
2.800e+00 1.118e-01
2.810e+00 1.315e-01
2.820e+00 3.167e-01
2.830e+00 3.250e-01
2.840e+00 5.742e-01
2.850e+00 5.463e-01
2.860e+00 6.910e-01
2.870e+00 4.737e-01
2.880e+00 4.373e-01
2.890e+00 3.961e-01
2.900e+00 3.868e-01
2.910e+00 9.564e-01
2.920e+00 9.430e-01
2.930e+00 8.928e-01
2.940e+00 6.009e-01
2.950e+00 5.087e-01
2.960e+00 6.411e-01
2.970e+00 4.478e-01
2.980e+00 4.186e-01
2.990e+00 5.868e-01
3.000e+00 6.483e-01
3.010e+00 1.140e+00
3.020e+00 4.670e-01
3.030e+00 9.319e-01
3.040e+00 7.025e-01
3.050e+00 3.920e-01
3.060e+00 4.207e-01
3.070e+00 8.247e-01
3.080e+00 3.227e-01
3.090e+00 4.823e-01
3.100e+00 3.067e-01
3.110e+00 7.108e-01
3.120e+00 3.669e-01
3.130e+00 5.642e-01
3.140e+00 6.850e-01
3.150e+00 5.938e-01
3.160e+00 6.339e-01
3.170e+00 7.483e-01
3.180e+00 7.835e-01
3.190e+00 3.882e-01
3.200e+00 6.579e-01
3.210e+00 4.270e-01
3.220e+00 8.160e-01
3.230e+00 8.060e-01
3.240e+00 7.801e-01
3.250e+00 7.038e-01
3.260e+00 6.623e-01
3.270e+00 3.355e-01
3.280e+00 5.120e-01
3.290e+00 4.473e-01
3.300e+00 5.574e-01
3.310e+00 3.665e-01
3.320e+00 5.987e-01
3.330e+00 3.464e-01
3.340e+00 2.305e-01
3.350e+00 6.005e-01
3.360e+00 4.745e-01
3.370e+00 7.603e-01
3.380e+00 6.061e-01
3.390e+00 9.094e-01
3.400e+00 6.954e-01
3.410e+00 3.699e-01
3.420e+00 3.912e-01
3.430e+00 5.291e-01
3.440e+00 5.997e-01
3.450e+00 4.247e-01
3.460e+00 6.639e-01
3.470e+00 7.140e-01
3.480e+00 6.091e-01
3.490e+00 5.835e-01
3.500e+00 5.931e-01
3.510e+00 6.337e-01
3.520e+00 5.191e-01
3.530e+00 5.598e-01
3.540e+00 7.136e-01
3.550e+00 5.580e-01
3.560e+00 5.768e-01
3.570e+00 5.614e-01
3.580e+00 6.540e-01
3.590e+00 8.036e-01
3.600e+00 9.010e-01
3.610e+00 2.307e-01
3.620e+00 1.483e-01
3.630e+00 5.263e-01
3.640e+00 4.172e-01
3.650e+00 3.437e-01
3.660e+00 3.475e-01
3.670e+00 4.427e-01
3.680e+00 2.844e-01
3.690e+00 4.647e-01
3.700e+00 5.565e-01
3.710e+00 4.461e-01
3.720e+00 4.593e-01
3.730e+00 3.988e-01
3.740e+00 4.146e-01
3.750e+00 5.467e-01
3.760e+00 8.329e-01
3.770e+00 6.147e-01
3.780e+00 6.618e-01
3.790e+00 3.132e-01
3.800e+00 2.515e-01
3.810e+00 3.228e-01
3.820e+00 3.911e-01
3.830e+00 3.518e-01
3.840e+00 6.831e-01
3.850e+00 8.930e-01
3.860e+00 9.999e-01
3.870e+00 7.068e-01
3.880e+00 5.486e-01
3.890e+00 7.659e-01
3.900e+00 3.481e-01
3.910e+00 9.234e-02
3.920e+00 4.397e-01
3.930e+00 3.993e-01
3.940e+00 5.593e-01
3.950e+00 5.390e-01
3.960e+00 5.091e-01
3.970e+00 3.071e-01
3.980e+00 3.145e-01
3.990e+00 3.892e-01
4.000e+00 5.090e-01
4.010e+00 5.955e-01
4.020e+00 5.183e-01
4.030e+00 3.358e-01
4.040e+00 5.350e-01
4.050e+00 5.833e-01
4.060e+00 4.376e-01
4.070e+00 4.957e-01
4.080e+00 4.390e-01
4.090e+00 4.256e-01
4.100e+00 4.755e-01
4.110e+00 6.861e-01
4.120e+00 5.872e-01
4.130e+00 9.339e-01
4.140e+00 3.894e-01
4.150e+00 4.882e-01
4.160e+00 8.289e-01
4.170e+00 5.920e-01
4.180e+00 7.613e-01
4.190e+00 7.541e-01
4.200e+00 -1.635e-02
4.210e+00 2.399e-01
4.220e+00 1.311e-01
4.230e+00 4.365e-01
4.240e+00 4.544e-01
4.250e+00 5.914e-01
4.260e+00 6.005e-01
4.270e+00 1.818e-01
4.280e+00 -2.781e-02
4.290e+00 2.882e-01
4.300e+00 1.050e-01
4.310e+00 2.894e-01
4.320e+00 2.144e-01
4.330e+00 2.360e-01
4.340e+00 3.003e-01
4.350e+00 3.016e-02
4.360e+00 1.283e-01
4.370e+00 4.180e-01
4.380e+00 5.612e-01
4.390e+00 7.398e-01
4.400e+00 7.570e-01
4.410e+00 6.329e-01
4.420e+00 4.598e-01
4.430e+00 4.860e-01
4.440e+00 6.758e-01
4.450e+00 6.104e-01
4.460e+00 5.677e-01
4.470e+00 6.148e-01
4.480e+00 5.319e-01
4.490e+00 4.821e-01
4.500e+00 6.018e-01
4.510e+00 6.341e-01
4.520e+00 5.884e-01
4.530e+00 6.389e-01
4.540e+00 2.261e-01
4.550e+00 6.643e-02
4.560e+00 4.009e-01
4.570e+00 7.924e-01
4.580e+00 6.682e-01
4.590e+00 5.837e-01
4.600e+00 4.479e-01
4.610e+00 3.214e-01
4.620e+00 4.741e-01
4.630e+00 7.348e-01
4.640e+00 2.941e-01
4.650e+00 5.197e-01
4.660e+00 2.734e-01
4.670e+00 3.533e-01
4.680e+00 6.337e-01
4.690e+00 7.490e-01
4.700e+00 1.018e+00
4.710e+00 5.586e-01
4.720e+00 4.675e-01
4.730e+00 4.297e-01
4.740e+00 4.186e-01
4.750e+00 7.713e-01
4.760e+00 4.059e-01
4.770e+00 5.608e-01
4.780e+00 7.380e-01
4.790e+00 6.161e-01
4.800e+00 8.182e-01
4.810e+00 6.733e-01
4.820e+00 5.872e-01
4.830e+00 6.158e-01
4.840e+00 2.146e-01
4.850e+00 1.943e-01
4.860e+00 -1.558e-02
4.870e+00 1.943e-01
4.880e+00 1.004e+00
4.890e+00 9.092e-01
4.900e+00 6.286e-01
4.910e+00 7.429e-01
4.920e+00 8.106e-01
4.930e+00 9.330e-01
4.940e+00 4.487e-01
4.950e+00 2.687e-01
4.960e+00 3.149e-01
4.970e+00 2.896e-03
4.980e+00 2.441e-01
4.990e+00 1.645e-01
-5.000e+00 5.325e-01
-4.990e+00 1.645e-01
-4.980e+00 2.441e-01
-4.970e+00 2.896e-03
-4.960e+00 3.149e-01
-4.950e+00 2.687e-01
-4.940e+00 4.487e-01
-4.930e+00 9.330e-01
-4.920e+00 8.106e-01
-4.910e+00 7.429e-01
-4.900e+00 6.286e-01
-4.890e+00 9.092e-01
-4.880e+00 1.004e+00
-4.870e+00 1.943e-01
-4.860e+00 -1.558e-02
-4.850e+00 1.943e-01
-4.840e+00 2.146e-01
-4.830e+00 6.158e-01
-4.820e+00 5.872e-01
-4.810e+00 6.733e-01
-4.800e+00 8.182e-01
-4.790e+00 6.161e-01
-4.780e+00 7.380e-01
-4.770e+00 5.608e-01
-4.760e+00 4.059e-01
-4.750e+00 7.713e-01
-4.740e+00 4.186e-01
-4.730e+00 4.297e-01
-4.720e+00 4.675e-01
-4.710e+00 5.586e-01
-4.700e+00 1.018e+00
-4.690e+00 7.490e-01
-4.680e+00 6.337e-01
-4.670e+00 3.533e-01
-4.660e+00 2.734e-01
-4.650e+00 5.197e-01
-4.640e+00 2.941e-01
-4.630e+00 7.348e-01
-4.620e+00 4.741e-01
-4.610e+00 3.214e-01
-4.600e+00 4.479e-01
-4.590e+00 5.837e-01
-4.580e+00 6.682e-01
-4.570e+00 7.924e-01
-4.560e+00 4.009e-01
-4.550e+00 6.643e-02
-4.540e+00 2.261e-01
-4.530e+00 6.389e-01
-4.520e+00 5.884e-01
-4.510e+00 6.341e-01
-4.500e+00 6.018e-01
-4.490e+00 4.821e-01
-4.480e+00 5.319e-01
-4.470e+00 6.148e-01
-4.460e+00 5.677e-01
-4.450e+00 6.104e-01
-4.440e+00 6.758e-01
-4.430e+00 4.860e-01
-4.420e+00 4.598e-01
-4.410e+00 6.329e-01
-4.400e+00 7.570e-01
-4.390e+00 7.398e-01
-4.380e+00 5.612e-01
-4.370e+00 4.180e-01
-4.360e+00 1.283e-01
-4.350e+00 3.016e-02
-4.340e+00 3.003e-01
-4.330e+00 2.360e-01
-4.320e+00 2.144e-01
-4.310e+00 2.894e-01
-4.300e+00 1.050e-01
-4.290e+00 2.882e-01
-4.280e+00 -2.781e-02
-4.270e+00 1.818e-01
-4.260e+00 6.005e-01
-4.250e+00 5.914e-01
-4.240e+00 4.544e-01
-4.230e+00 4.365e-01
-4.220e+00 1.311e-01
-4.210e+00 2.399e-01
-4.200e+00 -1.635e-02
-4.190e+00 7.541e-01
-4.180e+00 7.613e-01
-4.170e+00 5.920e-01
-4.160e+00 8.289e-01
-4.150e+00 4.882e-01
-4.140e+00 3.894e-01
-4.130e+00 9.339e-01
-4.120e+00 5.872e-01
-4.110e+00 6.861e-01
-4.100e+00 4.755e-01
-4.090e+00 4.256e-01
-4.080e+00 4.390e-01
-4.070e+00 4.957e-01
-4.060e+00 4.376e-01
-4.050e+00 5.833e-01
-4.040e+00 5.350e-01
-4.030e+00 3.358e-01
-4.020e+00 5.183e-01
-4.010e+00 5.955e-01
-4.000e+00 5.090e-01
-3.990e+00 3.892e-01
-3.980e+00 3.145e-01
-3.970e+00 3.071e-01
-3.960e+00 5.091e-01
-3.950e+00 5.390e-01
-3.940e+00 5.593e-01
-3.930e+00 3.993e-01
-3.920e+00 4.397e-01
-3.910e+00 9.234e-02
-3.900e+00 3.481e-01
-3.890e+00 7.659e-01
-3.880e+00 5.486e-01
-3.870e+00 7.068e-01
-3.860e+00 9.999e-01
-3.850e+00 8.930e-01
-3.840e+00 6.831e-01
-3.830e+00 3.518e-01
-3.820e+00 3.911e-01
-3.810e+00 3.228e-01
-3.800e+00 2.515e-01
-3.790e+00 3.132e-01
-3.780e+00 6.618e-01
-3.770e+00 6.147e-01
-3.760e+00 8.329e-01
-3.750e+00 5.467e-01
-3.740e+00 4.146e-01
-3.730e+00 3.988e-01
-3.720e+00 4.593e-01
-3.710e+00 4.461e-01
-3.700e+00 5.565e-01
-3.690e+00 4.647e-01
-3.680e+00 2.844e-01
-3.670e+00 4.427e-01
-3.660e+00 3.475e-01
-3.650e+00 3.437e-01
-3.640e+00 4.172e-01
-3.630e+00 5.263e-01
-3.620e+00 1.483e-01
-3.610e+00 2.307e-01
-3.600e+00 9.010e-01
-3.590e+00 8.036e-01
-3.580e+00 6.540e-01
-3.570e+00 5.614e-01
-3.560e+00 5.768e-01
-3.550e+00 5.580e-01
-3.540e+00 7.136e-01
-3.530e+00 5.598e-01
-3.520e+00 5.191e-01
-3.510e+00 6.337e-01
-3.500e+00 5.931e-01
-3.490e+00 5.835e-01
-3.480e+00 6.091e-01
-3.470e+00 7.140e-01
-3.460e+00 6.639e-01
-3.450e+00 4.247e-01
-3.440e+00 5.997e-01
-3.430e+00 5.291e-01
-3.420e+00 3.912e-01
-3.410e+00 3.699e-01
-3.400e+00 6.954e-01
-3.390e+00 9.094e-01
-3.380e+00 6.061e-01
-3.370e+00 7.603e-01
-3.360e+00 4.745e-01
-3.350e+00 6.005e-01
-3.340e+00 2.305e-01
-3.330e+00 3.464e-01
-3.320e+00 5.987e-01
-3.310e+00 3.665e-01
-3.300e+00 5.574e-01
-3.290e+00 4.473e-01
-3.280e+00 5.120e-01
-3.270e+00 3.355e-01
-3.260e+00 6.623e-01
-3.250e+00 7.038e-01
-3.240e+00 7.801e-01
-3.230e+00 8.060e-01
-3.220e+00 8.160e-01
-3.210e+00 4.270e-01
-3.200e+00 6.579e-01
-3.190e+00 3.882e-01
-3.180e+00 7.835e-01
-3.170e+00 7.483e-01
-3.160e+00 6.339e-01
-3.150e+00 5.938e-01
-3.140e+00 6.850e-01
-3.130e+00 5.642e-01
-3.120e+00 3.669e-01
-3.110e+00 7.108e-01
-3.100e+00 3.067e-01
-3.090e+00 4.823e-01
-3.080e+00 3.227e-01
-3.070e+00 8.247e-01
-3.060e+00 4.207e-01
-3.050e+00 3.920e-01
-3.040e+00 7.025e-01
-3.030e+00 9.319e-01
-3.020e+00 4.670e-01
-3.010e+00 1.140e+00
-3.000e+00 6.483e-01
-2.990e+00 5.868e-01
-2.980e+00 4.186e-01
-2.970e+00 4.478e-01
-2.960e+00 6.411e-01
-2.950e+00 5.087e-01
-2.940e+00 6.009e-01
-2.930e+00 8.928e-01
-2.920e+00 9.430e-01
-2.910e+00 9.564e-01
-2.900e+00 3.868e-01
-2.890e+00 3.961e-01
-2.880e+00 4.373e-01
-2.870e+00 4.737e-01
-2.860e+00 6.910e-01
-2.850e+00 5.463e-01
-2.840e+00 5.742e-01
-2.830e+00 3.250e-01
-2.820e+00 3.167e-01
-2.810e+00 1.315e-01
-2.800e+00 1.118e-01
-2.790e+00 6.698e-01
-2.780e+00 3.457e-01
-2.770e+00 6.076e-01
-2.760e+00 4.760e-01
-2.750e+00 4.029e-01
-2.740e+00 3.280e-01
-2.730e+00 5.838e-03
-2.720e+00 5.275e-01
-2.710e+00 7.134e-01
-2.700e+00 6.220e-01
-2.690e+00 4.663e-01
-2.680e+00 2.777e-01
-2.670e+00 5.323e-01
-2.660e+00 4.579e-01
-2.650e+00 4.601e-01
-2.640e+00 8.687e-01
-2.630e+00 7.645e-01
-2.620e+00 3.699e-01
-2.610e+00 2.025e-01
-2.600e+00 3.837e-01
-2.590e+00 3.565e-01
-2.580e+00 5.677e-01
-2.570e+00 6.756e-01
-2.560e+00 4.747e-01
-2.550e+00 5.338e-01
-2.540e+00 2.347e-01
-2.530e+00 3.237e-01
-2.520e+00 1.221e-01
-2.510e+00 2.317e-01
-2.500e+00 3.450e-01
-2.490e+00 8.008e-01
-2.480e+00 4.191e-01
-2.470e+00 3.263e-01
-2.460e+00 2.362e-01
-2.450e+00 2.368e-01
-2.440e+00 5.935e-01
-2.430e+00 7.143e-01
-2.420e+00 4.538e-01
-2.410e+00 1.440e-01
-2.400e+00 1.126e-01
-2.390e+00 1.312e-01
-2.380e+00 4.575e-01
-2.370e+00 6.485e-01
-2.360e+00 5.772e-01
-2.350e+00 6.757e-01
-2.340e+00 5.548e-01
-2.330e+00 4.766e-01
-2.320e+00 6.951e-01
-2.310e+00 1.003e-01
-2.300e+00 3.536e-01
-2.290e+00 9.448e-01
-2.280e+00 4.075e-01
-2.270e+00 8.502e-01
-2.260e+00 6.070e-01
-2.250e+00 6.175e-01
-2.240e+00 6.335e-01
-2.230e+00 -1.177e-01
-2.220e+00 3.115e-01
-2.210e+00 3.186e-01
-2.200e+00 7.595e-01
-2.190e+00 6.580e-01
-2.180e+00 5.672e-01
-2.170e+00 4.773e-01
-2.160e+00 6.104e-01
-2.150e+00 1.123e+00
-2.140e+00 1.002e+00
-2.130e+00 7.887e-01
-2.120e+00 6.515e-01
-2.110e+00 8.306e-01
-2.100e+00 6.798e-01
-2.090e+00 4.204e-01
-2.080e+00 2.563e-01
-2.070e+00 4.797e-01
-2.060e+00 8.504e-01
-2.050e+00 8.451e-01
-2.040e+00 6.324e-01
-2.030e+00 9.712e-01
-2.020e+00 3.449e-01
-2.010e+00 3.480e-01
-2.000e+00 7.444e-01
-1.990e+00 5.776e-01
-1.980e+00 7.796e-01
-1.970e+00 4.840e-01
-1.960e+00 6.024e-01
-1.950e+00 6.948e-01
-1.940e+00 3.448e-01
-1.930e+00 6.360e-01
-1.920e+00 8.942e-01
-1.910e+00 4.138e-01
-1.900e+00 8.541e-01
-1.890e+00 5.396e-02
-1.880e+00 9.401e-02
-1.870e+00 8.650e-02
-1.860e+00 4.880e-03
-1.850e+00 6.840e-01
-1.840e+00 6.984e-01
-1.830e+00 6.616e-01
-1.820e+00 8.122e-01
-1.810e+00 2.105e-01
-1.800e+00 3.003e-01
-1.790e+00 5.952e-01
-1.780e+00 8.639e-01
-1.770e+00 2.852e-01
-1.760e+00 1.086e-01
-1.750e+00 1.450e-01
-1.740e+00 5.043e-01
-1.730e+00 6.413e-01
-1.720e+00 7.245e-01
-1.710e+00 7.362e-01
-1.700e+00 6.439e-01
-1.690e+00 4.535e-01
-1.680e+00 3.402e-01
-1.670e+00 1.974e-01
-1.660e+00 -2.316e-01
-1.650e+00 2.291e-01
-1.640e+00 9.218e-01
-1.630e+00 1.055e+00
-1.620e+00 8.150e-01
-1.610e+00 5.829e-01
-1.600e+00 6.249e-01
-1.590e+00 6.608e-01
-1.580e+00 5.480e-01
-1.570e+00 1.231e+00
-1.560e+00 1.212e+00
-1.550e+00 7.812e-01
-1.540e+00 9.859e-01
-1.530e+00 1.461e+00
-1.520e+00 9.553e-01
-1.510e+00 1.100e+00
-1.500e+00 8.025e-01
-1.490e+00 7.787e-01
-1.480e+00 5.689e-01
-1.470e+00 3.428e-01
-1.460e+00 1.129e-01
-1.450e+00 1.901e-01
-1.440e+00 6.085e-01
-1.430e+00 6.535e-01
-1.420e+00 8.327e-01
-1.410e+00 1.056e+00
-1.400e+00 4.506e-01
-1.390e+00 3.989e-01
-1.380e+00 3.116e-01
-1.370e+00 6.802e-01
-1.360e+00 1.076e+00
-1.350e+00 6.991e-01
-1.340e+00 9.213e-02
-1.330e+00 1.041e+00
-1.320e+00 7.593e-01
-1.310e+00 7.155e-01
-1.300e+00 2.221e-01
-1.290e+00 2.742e-01
-1.280e+00 5.702e-01
-1.270e+00 4.645e-01
-1.260e+00 5.265e-01
-1.250e+00 1.266e+00
-1.240e+00 1.075e+00
-1.230e+00 1.463e+00
-1.220e+00 1.011e+00
-1.210e+00 4.221e-01
-1.200e+00 1.169e-01
-1.190e+00 1.818e-01
-1.180e+00 8.512e-01
-1.170e+00 1.166e+00
-1.160e+00 9.856e-01
-1.150e+00 6.965e-01
-1.140e+00 7.582e-01
-1.130e+00 2.711e-01
-1.120e+00 8.497e-01
-1.110e+00 4.841e-01
-1.100e+00 9.372e-01
-1.090e+00 1.063e+00
-1.080e+00 2.297e-01
-1.070e+00 -1.234e-01
-1.060e+00 5.301e-01
-1.050e+00 5.042e-02
-1.040e+00 5.165e-01
-1.030e+00 7.564e-01
-1.020e+00 1.305e+00
-1.010e+00 1.109e+00
-1.000e+00 4.564e-01
-9.900e-01 5.772e-01
-9.800e-01 6.270e-03
-9.700e-01 4.936e-03
-9.600e-01 6.118e-01
-9.500e-01 1.029e+00
-9.400e-01 1.075e-01
-9.300e-01 -3.829e-01
-9.200e-01 3.368e-01
-9.100e-01 1.181e-01
-9.000e-01 5.886e-01
-8.900e-01 8.575e-01
-8.800e-01 2.252e-01
-8.700e-01 6.628e-01
-8.600e-01 -4.615e-01
-8.500e-01 -2.229e-01
-8.400e-01 3.075e-01
-8.300e-01 1.711e+00
-8.200e-01 3.397e-01
-8.100e-01 1.184e+00
-8.000e-01 7.212e-02
-7.900e-01 8.079e-02
-7.800e-01 1.835e-01
-7.700e-01 1.351e+00
-7.600e-01 6.372e-01
-7.500e-01 2.317e-01
-7.400e-01 5.439e-01
-7.300e-01 6.592e-01
-7.200e-01 1.347e+00
-7.100e-01 1.382e+00
-7.000e-01 5.232e-01
-6.900e-01 7.880e-01
-6.800e-01 1.773e-01
-6.700e-01 6.454e-01
-6.600e-01 7.458e-01
-6.500e-01 5.927e-01
-6.400e-01 1.483e-01
-6.300e-01 7.343e-01
-6.200e-01 1.225e+00
-6.100e-01 9.106e-01
-6.000e-01 1.424e+00
-5.900e-01 5.143e-01
-5.800e-01 5.399e-01
-5.700e-01 2.689e-01
-5.600e-01 4.336e-01
-5.500e-01 5.488e-01
-5.400e-01 8.745e-01
-5.300e-01 1.761e+00
-5.200e-01 1.533e+00
-5.100e-01 9.471e-01
-5.000e-01 6.786e-01
-4.900e-01 7.671e-01
-4.800e-01 1.597e+00
-4.700e-01 9.709e-01
-4.600e-01 8.141e-01
-4.500e-01 8.825e-01
-4.400e-01 1.170e+00
-4.300e-01 7.220e-01
-4.200e-01 8.889e-01
-4.100e-01 3.834e-01
-4.000e-01 5.937e-01
-3.900e-01 2.180e-01
-3.800e-01 1.001e+00
-3.700e-01 7.895e-01
-3.600e-01 1.094e+00
-3.500e-01 9.000e-01
-3.400e-01 1.366e+00
-3.300e-01 1.832e+00
-3.200e-01 1.784e+00
-3.100e-01 1.857e+00
-3.000e-01 5.760e-01
-2.900e-01 3.845e-01
-2.800e-01 7.500e-01
-2.700e-01 -3.395e-01
-2.600e-01 2.457e+00
-2.500e-01 1.826e+00
-2.400e-01 2.962e+00
-2.300e-01 2.493e+00
-2.200e-01 1.190e+00
-2.100e-01 1.386e+00
-2.000e-01 2.877e+00
-1.900e-01 9.410e-01
-1.800e-01 1.395e+00
-1.700e-01 1.769e+00
-1.600e-01 8.239e-01
-1.500e-01 1.219e+00
-1.400e-01 2.936e+00
-1.300e-01 1.015e+00
-1.200e-01 2.403e+00
-1.100e-01 2.245e+00
-1.000e-01 2.294e+00
-9.000e-02 2.214e+00
-8.000e-02 3.808e+00
-7.000e-02 3.005e+00
-6.000e-02 8.857e-01
-5.000e-02 1.124e+00
-4.000e-02 3.790e+00
-3.000e-02 7.371e+00
-2.000e-02 1.048e+01
-1.000e-02 4.832e+01
