# Frequency (1.0/ps)      real(fft(F_1))
0.000e+00 2.733e+02
1.000e-02 5.466e+01
2.000e-02 1.390e+01
3.000e-02 1.567e+01
4.000e-02 5.106e+00
5.000e-02 4.442e+00
6.000e-02 3.288e+00
7.000e-02 3.962e+00
8.000e-02 3.750e+00
9.000e-02 2.414e+00
1.000e-01 1.747e+00
1.100e-01 1.211e+00
1.200e-01 6.191e-01
1.300e-01 3.259e+00
1.400e-01 2.592e+00
1.500e-01 2.776e+00
1.600e-01 3.110e+00
1.700e-01 1.696e+00
1.800e-01 1.727e+00
1.900e-01 2.454e+00
2.000e-01 2.692e+00
2.100e-01 1.239e+00
2.200e-01 1.192e+00
2.300e-01 1.329e+00
2.400e-01 -2.218e-01
2.500e-01 8.450e-01
2.600e-01 1.980e+00
2.700e-01 2.313e-01
2.800e-01 2.615e-01
2.900e-01 1.486e-01
3.000e-01 -6.657e-01
3.100e-01 -1.727e-01
3.200e-01 8.308e-01
3.300e-01 7.407e-02
3.400e-01 5.592e-01
3.500e-01 -2.114e-01
3.600e-01 3.877e-01
3.700e-01 7.853e-01
3.800e-01 1.086e+00
3.900e-01 1.170e-01
4.000e-01 -4.991e-01
4.100e-01 5.990e-01
4.200e-01 4.228e-01
4.300e-01 1.954e+00
4.400e-01 1.380e+00
4.500e-01 9.916e-01
4.600e-01 1.048e-01
4.700e-01 1.179e+00
4.800e-01 8.010e-01
4.900e-01 1.378e+00
5.000e-01 1.649e+00
5.100e-01 7.378e-01
5.200e-01 8.803e-01
5.300e-01 5.373e-01
5.400e-01 7.730e-01
5.500e-01 1.211e+00
5.600e-01 6.706e-01
5.700e-01 5.328e-01
5.800e-01 6.734e-01
5.900e-01 7.353e-01
6.000e-01 7.029e-01
6.100e-01 1.811e-01
6.200e-01 1.048e+00
6.300e-01 1.995e+00
6.400e-01 1.309e+00
6.500e-01 7.347e-01
6.600e-01 4.941e-01
6.700e-01 2.375e-01
6.800e-01 -6.026e-01
6.900e-01 4.425e-01
7.000e-01 1.764e-01
7.100e-01 6.055e-01
7.200e-01 1.581e+00
7.300e-01 1.683e+00
7.400e-01 1.056e+00
7.500e-01 5.791e-02
7.600e-01 6.314e-01
7.700e-01 -9.907e-02
7.800e-01 4.407e-01
7.900e-01 2.905e-01
8.000e-01 -5.735e-02
8.100e-01 2.796e-01
8.200e-01 8.834e-01
8.300e-01 2.286e-01
8.400e-01 -4.542e-01
8.500e-01 3.758e-02
8.600e-01 -6.342e-01
8.700e-01 7.953e-01
8.800e-01 7.614e-01
8.900e-01 8.427e-01
9.000e-01 -2.922e-01
9.100e-01 5.804e-01
9.200e-01 1.065e+00
9.300e-01 3.839e-01
9.400e-01 1.322e-01
9.500e-01 -1.378e-01
9.600e-01 5.509e-02
9.700e-01 -5.141e-01
9.800e-01 -2.702e-01
9.900e-01 3.584e-01
1.000e+00 1.306e+00
1.010e+00 3.415e-01
1.020e+00 3.225e-01
1.030e+00 5.537e-01
1.040e+00 7.118e-01
1.050e+00 7.452e-01
1.060e+00 2.316e-01
1.070e+00 -3.611e-01
1.080e+00 5.585e-01
1.090e+00 1.093e+00
1.100e+00 8.845e-01
1.110e+00 5.633e-01
1.120e+00 3.790e-01
1.130e+00 4.150e-01
1.140e+00 -1.030e-01
1.150e+00 4.451e-01
1.160e+00 8.031e-01
1.170e+00 1.308e+00
1.180e+00 4.319e-01
1.190e+00 2.559e-01
1.200e+00 5.057e-01
1.210e+00 1.097e+00
1.220e+00 2.127e-01
1.230e+00 1.398e+00
1.240e+00 2.800e-01
1.250e+00 4.428e-01
1.260e+00 -1.846e-01
1.270e+00 6.262e-01
1.280e+00 8.895e-01
1.290e+00 4.501e-01
1.300e+00 2.345e-01
1.310e+00 5.065e-01
1.320e+00 -3.699e-02
1.330e+00 1.466e-01
1.340e+00 9.702e-01
1.350e+00 7.530e-01
1.360e+00 1.173e+00
1.370e+00 3.278e-01
1.380e+00 4.940e-01
1.390e+00 7.105e-01
1.400e+00 9.504e-02
1.410e+00 3.109e-01
1.420e+00 6.989e-01
1.430e+00 9.141e-01
1.440e+00 9.421e-02
1.450e+00 8.527e-02
1.460e+00 -7.719e-02
1.470e+00 1.224e+00
1.480e+00 1.314e+00
1.490e+00 1.463e+00
1.500e+00 5.836e-01
1.510e+00 9.760e-01
1.520e+00 7.579e-01
1.530e+00 7.949e-01
1.540e+00 1.081e+00
1.550e+00 8.906e-01
1.560e+00 9.441e-01
1.570e+00 8.043e-01
1.580e+00 3.645e-01
1.590e+00 7.539e-01
1.600e+00 6.131e-01
1.610e+00 5.016e-01
1.620e+00 2.112e-01
1.630e+00 -3.987e-02
1.640e+00 2.163e-01
1.650e+00 1.141e+00
1.660e+00 5.249e-01
1.670e+00 1.129e+00
1.680e+00 5.330e-01
1.690e+00 -4.734e-01
1.700e+00 4.662e-01
1.710e+00 -2.351e-02
1.720e+00 8.022e-02
1.730e+00 -2.188e-02
1.740e+00 7.975e-01
1.750e+00 3.367e-01
1.760e+00 -5.039e-02
1.770e+00 1.198e-01
1.780e+00 4.085e-01
1.790e+00 5.267e-01
1.800e+00 1.110e-01
1.810e+00 5.513e-01
1.820e+00 2.843e-01
1.830e+00 -2.525e-02
1.840e+00 7.754e-01
1.850e+00 2.994e-01
1.860e+00 7.190e-01
1.870e+00 4.913e-01
1.880e+00 3.365e-01
1.890e+00 5.251e-01
1.900e+00 4.819e-01
1.910e+00 5.498e-01
1.920e+00 1.144e+00
1.930e+00 1.101e+00
1.940e+00 5.219e-01
1.950e+00 4.087e-01
1.960e+00 3.654e-01
1.970e+00 1.182e+00
1.980e+00 5.967e-01
1.990e+00 8.474e-01
2.000e+00 6.489e-01
2.010e+00 4.951e-01
2.020e+00 2.950e-01
2.030e+00 4.273e-01
2.040e+00 6.441e-01
2.050e+00 2.792e-01
2.060e+00 2.142e-01
2.070e+00 8.269e-02
2.080e+00 6.354e-01
2.090e+00 4.183e-01
2.100e+00 8.684e-01
2.110e+00 8.005e-01
2.120e+00 5.757e-01
2.130e+00 4.051e-01
2.140e+00 -1.477e-01
2.150e+00 2.161e-02
2.160e+00 -8.346e-02
2.170e+00 6.375e-01
2.180e+00 2.724e-01
2.190e+00 2.566e-01
2.200e+00 1.303e-01
2.210e+00 2.798e-01
2.220e+00 1.470e-01
2.230e+00 4.203e-01
2.240e+00 5.843e-01
2.250e+00 2.756e-01
2.260e+00 3.236e-01
2.270e+00 1.545e-01
2.280e+00 2.859e-01
2.290e+00 6.489e-01
2.300e+00 6.549e-01
2.310e+00 6.871e-01
2.320e+00 3.574e-01
2.330e+00 4.264e-01
2.340e+00 6.074e-01
2.350e+00 4.113e-01
2.360e+00 2.470e-01
2.370e+00 8.355e-01
2.380e+00 4.871e-01
2.390e+00 -7.337e-02
2.400e+00 -5.231e-01
2.410e+00 2.707e-02
2.420e+00 4.049e-02
2.430e+00 -3.278e-02
2.440e+00 2.371e-01
2.450e+00 5.371e-01
2.460e+00 4.871e-01
2.470e+00 4.644e-01
2.480e+00 6.322e-01
2.490e+00 3.265e-01
2.500e+00 7.073e-02
2.510e+00 2.840e-01
2.520e+00 5.041e-01
2.530e+00 4.951e-01
2.540e+00 2.381e-01
2.550e+00 2.372e-01
2.560e+00 2.058e-01
2.570e+00 1.344e-01
2.580e+00 3.671e-01
2.590e+00 3.314e-01
2.600e+00 5.394e-01
2.610e+00 3.597e-01
2.620e+00 2.562e-01
2.630e+00 7.088e-01
2.640e+00 6.655e-01
2.650e+00 3.093e-01
2.660e+00 5.432e-01
2.670e+00 6.843e-01
2.680e+00 6.520e-01
2.690e+00 3.528e-01
2.700e+00 3.960e-01
2.710e+00 4.304e-01
2.720e+00 4.478e-01
2.730e+00 2.578e-01
2.740e+00 8.278e-01
2.750e+00 5.577e-01
2.760e+00 -8.594e-02
2.770e+00 4.399e-01
2.780e+00 4.436e-01
2.790e+00 6.776e-01
2.800e+00 9.488e-01
2.810e+00 7.802e-01
2.820e+00 4.137e-01
2.830e+00 6.598e-01
2.840e+00 1.599e-01
2.850e+00 3.214e-01
2.860e+00 5.923e-01
2.870e+00 7.939e-01
2.880e+00 4.452e-01
2.890e+00 2.525e-01
2.900e+00 2.078e-01
2.910e+00 1.287e-01
2.920e+00 5.310e-01
2.930e+00 9.360e-01
2.940e+00 2.787e-01
2.950e+00 2.761e-01
2.960e+00 4.708e-01
2.970e+00 2.478e-01
2.980e+00 6.081e-01
2.990e+00 6.068e-01
3.000e+00 7.298e-01
3.010e+00 6.990e-01
3.020e+00 7.502e-01
3.030e+00 5.407e-01
3.040e+00 2.656e-01
3.050e+00 2.575e-01
3.060e+00 3.254e-01
3.070e+00 3.884e-01
3.080e+00 5.138e-01
3.090e+00 2.217e-01
3.100e+00 5.842e-01
3.110e+00 6.957e-01
3.120e+00 4.647e-01
3.130e+00 5.751e-01
3.140e+00 1.091e+00
3.150e+00 8.593e-01
3.160e+00 7.919e-01
3.170e+00 4.567e-01
3.180e+00 5.344e-01
3.190e+00 6.071e-01
3.200e+00 1.308e-01
3.210e+00 5.277e-01
3.220e+00 8.107e-01
3.230e+00 2.825e-01
3.240e+00 -3.442e-02
3.250e+00 -1.737e-02
3.260e+00 2.096e-01
3.270e+00 1.859e-01
3.280e+00 6.684e-01
3.290e+00 8.444e-01
3.300e+00 5.557e-01
3.310e+00 4.932e-01
3.320e+00 3.621e-01
3.330e+00 5.751e-01
3.340e+00 1.096e+00
3.350e+00 5.863e-01
3.360e+00 1.303e-01
3.370e+00 4.110e-01
3.380e+00 4.307e-01
3.390e+00 4.066e-01
3.400e+00 3.009e-01
3.410e+00 4.803e-01
3.420e+00 7.445e-01
3.430e+00 2.947e-01
3.440e+00 9.159e-01
3.450e+00 6.201e-01
3.460e+00 5.724e-01
3.470e+00 9.073e-01
3.480e+00 6.935e-01
3.490e+00 2.438e-01
3.500e+00 5.023e-01
3.510e+00 4.304e-01
3.520e+00 5.033e-01
3.530e+00 5.300e-01
3.540e+00 5.530e-01
3.550e+00 6.073e-01
3.560e+00 2.534e-01
3.570e+00 8.961e-02
3.580e+00 -1.484e-01
3.590e+00 2.063e-01
3.600e+00 7.110e-01
3.610e+00 6.591e-01
3.620e+00 7.187e-01
3.630e+00 6.614e-01
3.640e+00 4.686e-01
3.650e+00 4.928e-01
3.660e+00 3.060e-01
3.670e+00 5.256e-01
3.680e+00 6.085e-01
3.690e+00 4.832e-01
3.700e+00 6.054e-01
3.710e+00 6.156e-01
3.720e+00 7.227e-01
3.730e+00 5.114e-01
3.740e+00 -2.360e-01
3.750e+00 9.936e-02
3.760e+00 -2.816e-01
3.770e+00 4.874e-01
3.780e+00 4.925e-01
3.790e+00 4.943e-01
3.800e+00 2.617e-01
3.810e+00 4.218e-01
3.820e+00 8.860e-01
3.830e+00 8.318e-01
3.840e+00 5.433e-01
3.850e+00 4.485e-01
3.860e+00 3.978e-01
3.870e+00 1.512e-01
3.880e+00 4.968e-02
3.890e+00 2.063e-01
3.900e+00 8.158e-01
3.910e+00 8.839e-01
3.920e+00 6.837e-01
3.930e+00 8.852e-01
3.940e+00 9.923e-01
3.950e+00 1.147e+00
3.960e+00 7.019e-01
3.970e+00 3.472e-01
3.980e+00 3.601e-01
3.990e+00 5.825e-01
4.000e+00 6.068e-01
4.010e+00 6.190e-01
4.020e+00 7.979e-01
4.030e+00 9.469e-01
4.040e+00 3.888e-01
4.050e+00 5.954e-01
4.060e+00 9.457e-01
4.070e+00 5.151e-01
4.080e+00 4.604e-01
4.090e+00 4.539e-01
4.100e+00 1.540e-01
4.110e+00 2.350e-01
4.120e+00 2.355e-01
4.130e+00 1.696e-01
4.140e+00 3.659e-01
4.150e+00 1.002e-01
4.160e+00 8.791e-01
4.170e+00 5.315e-01
4.180e+00 7.176e-01
4.190e+00 6.668e-01
4.200e+00 3.753e-01
4.210e+00 4.338e-01
4.220e+00 6.431e-01
4.230e+00 5.176e-01
4.240e+00 4.777e-01
4.250e+00 2.718e-01
4.260e+00 2.991e-02
4.270e+00 1.479e-01
4.280e+00 3.831e-01
4.290e+00 6.161e-01
4.300e+00 2.773e-01
4.310e+00 9.680e-02
4.320e+00 1.869e-01
4.330e+00 3.221e-01
4.340e+00 6.570e-01
4.350e+00 3.297e-01
4.360e+00 1.059e-01
4.370e+00 -1.833e-01
4.380e+00 3.237e-02
4.390e+00 2.380e-01
4.400e+00 3.511e-01
4.410e+00 3.663e-01
4.420e+00 2.303e-01
4.430e+00 5.147e-01
4.440e+00 2.815e-01
4.450e+00 4.448e-01
4.460e+00 7.024e-01
4.470e+00 7.636e-01
4.480e+00 5.343e-01
4.490e+00 7.457e-01
4.500e+00 1.475e-01
4.510e+00 1.147e-03
4.520e+00 -2.822e-01
4.530e+00 1.846e-01
4.540e+00 5.361e-01
4.550e+00 3.076e-01
4.560e+00 1.140e-01
4.570e+00 5.640e-01
4.580e+00 7.528e-01
4.590e+00 5.904e-01
4.600e+00 1.268e+00
4.610e+00 8.385e-01
4.620e+00 8.391e-01
4.630e+00 1.136e+00
4.640e+00 7.263e-01
4.650e+00 3.799e-01
4.660e+00 2.447e-01
4.670e+00 5.883e-01
4.680e+00 7.494e-01
4.690e+00 8.172e-01
4.700e+00 7.753e-01
4.710e+00 1.887e-01
4.720e+00 7.495e-01
4.730e+00 1.933e-01
4.740e+00 3.553e-01
4.750e+00 2.510e-01
4.760e+00 2.787e-01
4.770e+00 6.892e-01
4.780e+00 7.003e-01
4.790e+00 4.655e-01
4.800e+00 8.079e-01
4.810e+00 6.536e-01
4.820e+00 7.960e-01
4.830e+00 6.345e-01
4.840e+00 3.884e-01
4.850e+00 4.315e-01
4.860e+00 7.119e-01
4.870e+00 5.061e-01
4.880e+00 2.783e-01
4.890e+00 4.389e-01
4.900e+00 -2.686e-01
4.910e+00 -2.120e-01
4.920e+00 -3.836e-02
4.930e+00 5.569e-01
4.940e+00 4.960e-01
4.950e+00 4.507e-01
4.960e+00 6.290e-01
4.970e+00 3.643e-01
4.980e+00 4.800e-01
4.990e+00 7.342e-01
-5.000e+00 6.108e-01
-4.990e+00 6.183e-01
-4.980e+00 7.084e-01
-4.970e+00 7.178e-01
-4.960e+00 5.320e-01
-4.950e+00 6.153e-01
-4.940e+00 4.006e-01
-4.930e+00 4.415e-01
-4.920e+00 8.472e-01
-4.910e+00 4.517e-01
-4.900e+00 1.262e-01
-4.890e+00 3.014e-01
-4.880e+00 1.846e-01
-4.870e+00 6.292e-01
-4.860e+00 5.555e-01
-4.850e+00 4.259e-01
-4.840e+00 5.886e-01
-4.830e+00 4.747e-01
-4.820e+00 5.449e-01
-4.810e+00 3.925e-01
-4.800e+00 5.185e-01
-4.790e+00 8.960e-01
-4.780e+00 4.126e-01
-4.770e+00 4.980e-01
-4.760e+00 4.332e-01
-4.750e+00 3.492e-01
-4.740e+00 -1.521e-01
-4.730e+00 3.381e-01
-4.720e+00 2.202e-01
-4.710e+00 1.491e-01
-4.700e+00 2.490e-01
-4.690e+00 9.096e-01
-4.680e+00 8.236e-01
-4.670e+00 6.766e-01
-4.660e+00 3.485e-01
-4.650e+00 2.540e-01
-4.640e+00 5.930e-01
-4.630e+00 1.187e+00
-4.620e+00 8.200e-01
-4.610e+00 8.845e-01
-4.600e+00 1.287e+00
-4.590e+00 1.273e+00
-4.580e+00 1.052e+00
-4.570e+00 1.019e+00
-4.560e+00 2.910e-01
-4.550e+00 1.094e-01
-4.540e+00 6.311e-01
-4.530e+00 4.416e-01
-4.520e+00 1.702e-01
-4.510e+00 2.344e-01
-4.500e+00 6.383e-01
-4.490e+00 6.195e-01
-4.480e+00 3.622e-01
-4.470e+00 9.522e-01
-4.460e+00 4.185e-01
-4.450e+00 2.099e-01
-4.440e+00 1.617e-01
-4.430e+00 3.445e-01
-4.420e+00 1.691e-01
-4.410e+00 2.602e-01
-4.400e+00 4.997e-01
-4.390e+00 8.028e-01
-4.380e+00 5.959e-02
-4.370e+00 -1.368e-01
-4.360e+00 3.594e-01
-4.350e+00 4.904e-01
-4.340e+00 4.621e-01
-4.330e+00 8.261e-01
-4.320e+00 6.134e-01
-4.310e+00 6.146e-01
-4.300e+00 3.420e-01
-4.290e+00 6.886e-01
-4.280e+00 6.828e-01
-4.270e+00 1.478e-01
-4.260e+00 2.774e-01
-4.250e+00 2.281e-01
-4.240e+00 2.276e-01
-4.230e+00 6.999e-01
-4.220e+00 5.032e-01
-4.210e+00 3.727e-01
-4.200e+00 6.261e-01
-4.190e+00 6.589e-01
-4.180e+00 3.496e-01
-4.170e+00 9.699e-01
-4.160e+00 5.500e-01
-4.150e+00 5.099e-01
-4.140e+00 4.655e-01
-4.130e+00 6.761e-01
-4.120e+00 4.234e-01
-4.110e+00 2.299e-01
-4.100e+00 2.555e-01
-4.090e+00 4.536e-01
-4.080e+00 7.912e-01
-4.070e+00 7.931e-01
-4.060e+00 5.851e-01
-4.050e+00 7.718e-01
-4.040e+00 3.115e-01
-4.030e+00 7.731e-01
-4.020e+00 5.816e-01
-4.010e+00 -1.137e-02
-4.000e+00 5.764e-01
-3.990e+00 4.279e-01
-3.980e+00 2.543e-01
-3.970e+00 2.463e-01
-3.960e+00 5.013e-01
-3.950e+00 5.451e-01
-3.940e+00 7.304e-01
-3.930e+00 2.707e-01
-3.920e+00 2.885e-01
-3.910e+00 6.303e-01
-3.900e+00 5.090e-01
-3.890e+00 2.774e-01
-3.880e+00 5.181e-01
-3.870e+00 2.675e-01
-3.860e+00 7.239e-01
-3.850e+00 3.233e-01
-3.840e+00 4.715e-01
-3.830e+00 3.601e-01
-3.820e+00 7.308e-01
-3.810e+00 8.266e-01
-3.800e+00 1.562e-01
-3.790e+00 3.773e-01
-3.780e+00 7.581e-01
-3.770e+00 4.904e-01
-3.760e+00 3.585e-01
-3.750e+00 4.824e-01
-3.740e+00 1.989e-01
-3.730e+00 6.106e-01
-3.720e+00 4.527e-01
-3.710e+00 8.348e-01
-3.700e+00 7.881e-01
-3.690e+00 3.543e-01
-3.680e+00 4.704e-01
-3.670e+00 5.794e-01
-3.660e+00 2.139e-01
-3.650e+00 5.794e-01
-3.640e+00 6.409e-01
-3.630e+00 4.995e-01
-3.620e+00 4.625e-01
-3.610e+00 4.630e-01
-3.600e+00 1.703e-01
-3.590e+00 3.904e-01
-3.580e+00 2.419e-01
-3.570e+00 2.995e-01
-3.560e+00 6.097e-01
-3.550e+00 6.392e-01
-3.540e+00 4.982e-01
-3.530e+00 7.670e-01
-3.520e+00 4.139e-01
-3.510e+00 6.509e-01
-3.500e+00 5.377e-01
-3.490e+00 7.704e-01
-3.480e+00 1.028e+00
-3.470e+00 6.661e-01
-3.460e+00 4.337e-02
-3.450e+00 1.650e-01
-3.440e+00 1.376e-01
-3.430e+00 5.306e-01
-3.420e+00 5.393e-01
-3.410e+00 1.015e+00
-3.400e+00 6.708e-01
-3.390e+00 5.740e-01
-3.380e+00 7.278e-01
-3.370e+00 1.097e+00
-3.360e+00 3.998e-01
-3.350e+00 3.163e-01
-3.340e+00 4.916e-01
-3.330e+00 4.023e-01
-3.320e+00 4.223e-01
-3.310e+00 9.772e-01
-3.300e+00 9.120e-01
-3.290e+00 5.715e-01
-3.280e+00 7.282e-01
-3.270e+00 4.109e-01
-3.260e+00 3.955e-01
-3.250e+00 2.881e-01
-3.240e+00 5.792e-01
-3.230e+00 2.030e-01
-3.220e+00 6.028e-01
-3.210e+00 3.975e-01
-3.200e+00 4.503e-01
-3.190e+00 9.224e-01
-3.180e+00 7.468e-01
-3.170e+00 6.306e-01
-3.160e+00 3.698e-01
-3.150e+00 6.289e-01
-3.140e+00 3.741e-01
-3.130e+00 -2.474e-01
-3.120e+00 1.742e-01
-3.110e+00 5.390e-01
-3.100e+00 8.874e-01
-3.090e+00 4.679e-01
-3.080e+00 1.471e-01
-3.070e+00 4.563e-01
-3.060e+00 4.795e-01
-3.050e+00 1.855e-01
-3.040e+00 3.002e-01
-3.030e+00 5.112e-01
-3.020e+00 5.366e-01
-3.010e+00 4.567e-01
-3.000e+00 1.824e-01
-2.990e+00 3.044e-01
-2.980e+00 6.531e-01
-2.970e+00 3.620e-01
-2.960e+00 2.294e-01
-2.950e+00 3.612e-01
-2.940e+00 3.291e-01
-2.930e+00 3.070e-01
-2.920e+00 4.872e-01
-2.910e+00 2.581e-01
-2.900e+00 2.251e-01
-2.890e+00 2.215e-01
-2.880e+00 1.719e-01
-2.870e+00 3.898e-01
-2.860e+00 4.543e-01
-2.850e+00 1.236e-01
-2.840e+00 7.131e-02
-2.830e+00 5.145e-01
-2.820e+00 5.428e-01
-2.810e+00 6.595e-01
-2.800e+00 6.972e-01
-2.790e+00 4.378e-01
-2.780e+00 1.575e-01
-2.770e+00 1.694e-01
-2.760e+00 4.901e-01
-2.750e+00 4.640e-01
-2.740e+00 6.619e-01
-2.730e+00 7.871e-01
-2.720e+00 4.756e-01
-2.710e+00 6.623e-01
-2.700e+00 3.979e-01
-2.690e+00 5.227e-02
-2.680e+00 1.679e-01
-2.670e+00 5.186e-01
-2.660e+00 1.934e-01
-2.650e+00 3.409e-01
-2.640e+00 3.881e-01
-2.630e+00 7.696e-01
-2.620e+00 5.821e-01
-2.610e+00 7.189e-01
-2.600e+00 7.233e-01
-2.590e+00 7.184e-01
-2.580e+00 3.158e-01
-2.570e+00 1.014e-01
-2.560e+00 4.118e-01
-2.550e+00 3.850e-01
-2.540e+00 2.442e-01
-2.530e+00 -3.365e-02
-2.520e+00 3.130e-01
-2.510e+00 7.454e-02
-2.500e+00 4.430e-02
-2.490e+00 7.228e-01
-2.480e+00 5.162e-02
-2.470e+00 4.494e-01
-2.460e+00 3.682e-01
-2.450e+00 2.802e-01
-2.440e+00 4.019e-01
-2.430e+00 9.103e-02
-2.420e+00 5.260e-02
-2.410e+00 2.643e-01
-2.400e+00 -4.351e-01
-2.390e+00 -4.798e-02
-2.380e+00 3.719e-01
-2.370e+00 5.372e-01
-2.360e+00 8.672e-01
-2.350e+00 2.658e-01
-2.340e+00 5.487e-01
-2.330e+00 3.440e-01
-2.320e+00 2.291e-01
-2.310e+00 3.409e-01
-2.300e+00 8.779e-01
-2.290e+00 6.407e-01
-2.280e+00 8.033e-01
-2.270e+00 2.897e-01
-2.260e+00 5.919e-01
-2.250e+00 1.468e-01
-2.240e+00 2.990e-02
-2.230e+00 2.731e-01
-2.220e+00 4.566e-01
-2.210e+00 7.946e-01
-2.200e+00 8.287e-01
-2.190e+00 -1.867e-01
-2.180e+00 -2.428e-01
-2.170e+00 3.222e-01
-2.160e+00 -1.564e-01
-2.150e+00 1.581e-02
-2.140e+00 5.637e-01
-2.130e+00 1.193e+00
-2.120e+00 1.288e+00
-2.110e+00 7.869e-01
-2.100e+00 6.244e-01
-2.090e+00 3.844e-01
-2.080e+00 3.885e-01
-2.070e+00 -1.059e-01
-2.060e+00 -1.936e-02
-2.050e+00 1.614e-01
-2.040e+00 9.137e-01
-2.030e+00 8.395e-01
-2.020e+00 4.641e-01
-2.010e+00 3.768e-01
-2.000e+00 6.205e-01
-1.990e+00 5.454e-01
-1.980e+00 6.743e-01
-1.970e+00 8.334e-03
-1.960e+00 1.020e+00
-1.950e+00 5.548e-01
-1.940e+00 4.783e-01
-1.930e+00 9.887e-01
-1.920e+00 3.646e-01
-1.910e+00 6.115e-01
-1.900e+00 4.695e-01
-1.890e+00 1.216e-01
-1.880e+00 -2.987e-01
-1.870e+00 1.842e-01
-1.860e+00 3.141e-01
-1.850e+00 4.119e-01
-1.840e+00 -2.032e-02
-1.830e+00 -5.463e-02
-1.820e+00 7.273e-01
-1.810e+00 6.002e-01
-1.800e+00 1.082e+00
-1.790e+00 1.094e+00
-1.780e+00 1.229e+00
-1.770e+00 6.008e-01
-1.760e+00 6.506e-01
-1.750e+00 3.805e-01
-1.740e+00 6.885e-01
-1.730e+00 1.704e-01
-1.720e+00 5.199e-02
-1.710e+00 3.654e-01
-1.700e+00 7.325e-01
-1.690e+00 5.053e-01
-1.680e+00 2.610e-01
-1.670e+00 1.012e+00
-1.660e+00 1.012e+00
-1.650e+00 5.896e-01
-1.640e+00 1.008e-02
-1.630e+00 2.847e-02
-1.620e+00 4.601e-01
-1.610e+00 3.961e-01
-1.600e+00 -2.815e-01
-1.590e+00 1.319e-01
-1.580e+00 5.620e-01
-1.570e+00 2.770e-01
-1.560e+00 6.800e-01
-1.550e+00 4.300e-01
-1.540e+00 -1.092e-01
-1.530e+00 4.492e-01
-1.520e+00 4.667e-01
-1.510e+00 8.097e-01
-1.500e+00 1.857e-02
-1.490e+00 2.687e-01
-1.480e+00 3.525e-01
-1.470e+00 -3.867e-02
-1.460e+00 3.660e-01
-1.450e+00 7.297e-01
-1.440e+00 2.755e-01
-1.430e+00 9.740e-01
-1.420e+00 3.169e-01
-1.410e+00 4.238e-01
-1.400e+00 1.255e+00
-1.390e+00 1.026e+00
-1.380e+00 1.149e+00
-1.370e+00 5.018e-01
-1.360e+00 -1.601e-01
-1.350e+00 4.564e-01
-1.340e+00 6.614e-01
-1.330e+00 9.305e-01
-1.320e+00 9.307e-01
-1.310e+00 9.596e-02
-1.300e+00 -9.282e-02
-1.290e+00 3.908e-01
-1.280e+00 -5.924e-02
-1.270e+00 6.458e-01
-1.260e+00 1.327e+00
-1.250e+00 5.984e-01
-1.240e+00 7.226e-01
-1.230e+00 6.173e-01
-1.220e+00 4.156e-01
-1.210e+00 4.902e-01
-1.200e+00 9.847e-01
-1.190e+00 5.916e-01
-1.180e+00 3.270e-01
-1.170e+00 7.559e-01
-1.160e+00 7.266e-01
-1.150e+00 2.143e-01
-1.140e+00 9.238e-01
-1.130e+00 1.289e+00
-1.120e+00 1.173e+00
-1.110e+00 1.397e+00
-1.100e+00 1.380e+00
-1.090e+00 7.772e-01
-1.080e+00 3.925e-01
-1.070e+00 -9.271e-01
-1.060e+00 -2.780e-02
-1.050e+00 9.483e-01
-1.040e+00 6.292e-01
-1.030e+00 7.798e-01
-1.020e+00 5.425e-01
-1.010e+00 5.213e-01
-1.000e+00 6.241e-01
-9.900e-01 -1.508e-02
-9.800e-01 5.967e-02
-9.700e-01 -3.102e-01
-9.600e-01 -5.136e-01
-9.500e-01 2.174e-01
-9.400e-01 4.900e-01
-9.300e-01 -6.743e-01
-9.200e-01 6.119e-01
-9.100e-01 9.761e-01
-9.000e-01 8.144e-01
-8.900e-01 8.620e-01
-8.800e-01 4.405e-01
-8.700e-01 8.004e-01
-8.600e-01 6.839e-01
-8.500e-01 2.226e-01
-8.400e-01 3.755e-01
-8.300e-01 -1.900e-01
-8.200e-01 3.832e-01
-8.100e-01 8.870e-01
-8.000e-01 3.345e-01
-7.900e-01 9.129e-01
-7.800e-01 7.520e-01
-7.700e-01 5.429e-01
-7.600e-01 4.058e-01
-7.500e-01 6.013e-01
-7.400e-01 1.108e+00
-7.300e-01 1.023e+00
-7.200e-01 8.447e-02
-7.100e-01 1.045e+00
-7.000e-01 1.976e+00
-6.900e-01 8.556e-01
-6.800e-01 1.058e+00
-6.700e-01 9.048e-01
-6.600e-01 -9.357e-02
-6.500e-01 -4.198e-01
-6.400e-01 5.087e-01
-6.300e-01 5.010e-01
-6.200e-01 1.299e+00
-6.100e-01 7.017e-01
-6.000e-01 1.053e+00
-5.900e-01 1.535e-01
-5.800e-01 3.776e-01
-5.700e-01 1.281e+00
-5.600e-01 5.451e-02
-5.500e-01 3.680e-02
-5.400e-01 8.223e-01
-5.300e-01 -1.719e-01
-5.200e-01 1.347e-01
-5.100e-01 -2.869e-01
-5.000e-01 5.004e-01
-4.900e-01 1.212e+00
-4.800e-01 -1.546e-01
-4.700e-01 -3.394e-01
-4.600e-01 1.857e-02
-4.500e-01 1.156e+00
-4.400e-01 2.183e-01
-4.300e-01 1.110e+00
-4.200e-01 7.819e-01
-4.100e-01 8.580e-01
-4.000e-01 1.562e+00
-3.900e-01 1.283e+00
-3.800e-01 1.261e+00
-3.700e-01 1.045e+00
-3.600e-01 1.026e+00
-3.500e-01 8.803e-01
-3.400e-01 2.697e-01
-3.300e-01 1.508e+00
-3.200e-01 1.561e+00
-3.100e-01 9.228e-01
-3.000e-01 1.027e+00
-2.900e-01 1.143e+00
-2.800e-01 2.631e-01
-2.700e-01 9.397e-01
-2.600e-01 1.238e+00
-2.500e-01 1.852e+00
-2.400e-01 1.273e+00
-2.300e-01 -3.639e-01
-2.200e-01 2.101e+00
-2.100e-01 1.990e+00
-2.000e-01 -3.952e-01
-1.900e-01 -1.474e+00
-1.800e-01 -1.202e+00
-1.700e-01 -9.793e-01
-1.600e-01 -7.258e-01
-1.500e-01 2.175e-01
-1.400e-01 2.023e+00
-1.300e-01 2.013e+00
-1.200e-01 1.460e+00
-1.100e-01 1.661e+00
-1.000e-01 1.903e+00
-9.000e-02 2.550e+00
-8.000e-02 1.847e+00
-7.000e-02 -5.020e-01
-6.000e-02 2.794e+00
-5.000e-02 1.461e+00
-4.000e-02 6.320e+00
-3.000e-02 1.687e+01
-2.000e-02 2.186e+01
-1.000e-02 6.192e+01
