# Frequency (1.0/ps)      real(fft(F_2))
0.000e+00 8.876e+01
1.000e-02 4.492e+01
2.000e-02 2.971e+01
3.000e-02 1.576e+01
4.000e-02 9.420e+00
5.000e-02 9.733e+00
6.000e-02 4.749e+00
7.000e-02 5.475e+00
8.000e-02 6.105e+00
9.000e-02 6.918e+00
1.000e-01 4.078e+00
1.100e-01 4.590e+00
1.200e-01 2.295e+00
1.300e-01 3.584e+00
1.400e-01 4.110e+00
1.500e-01 3.753e+00
1.600e-01 4.050e+00
1.700e-01 3.566e+00
1.800e-01 3.246e+00
1.900e-01 2.170e+00
2.000e-01 1.771e+00
2.100e-01 2.004e+00
2.200e-01 2.310e+00
2.300e-01 2.202e+00
2.400e-01 2.146e+00
2.500e-01 1.585e+00
2.600e-01 2.611e+00
2.700e-01 1.147e+00
2.800e-01 1.212e+00
2.900e-01 1.384e+00
3.000e-01 1.675e+00
3.100e-01 8.674e-01
3.200e-01 1.490e+00
3.300e-01 2.410e+00
3.400e-01 1.238e+00
3.500e-01 1.376e+00
3.600e-01 2.122e+00
3.700e-01 1.872e+00
3.800e-01 1.072e+00
3.900e-01 8.468e-01
4.000e-01 1.202e+00
4.100e-01 6.751e-01
4.200e-01 1.288e+00
4.300e-01 1.030e+00
4.400e-01 7.365e-01
4.500e-01 1.869e+00
4.600e-01 1.472e+00
4.700e-01 1.569e+00
4.800e-01 1.517e+00
4.900e-01 1.776e+00
5.000e-01 1.501e+00
5.100e-01 5.274e-01
5.200e-01 8.453e-01
5.300e-01 8.344e-01
5.400e-01 7.435e-01
5.500e-01 -4.431e-01
5.600e-01 -2.809e-01
5.700e-01 4.598e-01
5.800e-01 1.085e+00
5.900e-01 9.945e-01
6.000e-01 5.333e-01
6.100e-01 7.330e-01
6.200e-01 -2.073e-01
6.300e-01 -3.052e-02
6.400e-01 5.333e-02
6.500e-01 2.448e-01
6.600e-01 6.943e-01
6.700e-01 4.264e-01
6.800e-01 3.962e-01
6.900e-01 1.037e+00
7.000e-01 1.225e+00
7.100e-01 1.012e+00
7.200e-01 5.968e-01
7.300e-01 9.668e-01
7.400e-01 8.675e-01
7.500e-01 1.105e-01
7.600e-01 -2.775e-01
7.700e-01 -1.441e-01
7.800e-01 5.432e-01
7.900e-01 8.672e-01
8.000e-01 2.503e-01
8.100e-01 -2.230e-01
8.200e-01 -4.064e-01
8.300e-01 -3.826e-01
8.400e-01 8.089e-02
8.500e-01 6.910e-01
8.600e-01 6.520e-01
8.700e-01 1.532e-01
8.800e-01 2.974e-01
8.900e-01 4.090e-01
9.000e-01 1.979e-01
9.100e-01 3.879e-01
9.200e-01 4.286e-01
9.300e-01 4.372e-01
9.400e-01 3.437e-01
9.500e-01 2.456e-01
9.600e-01 2.477e-01
9.700e-01 2.241e-01
9.800e-01 4.974e-01
9.900e-01 1.256e+00
1.000e+00 1.560e+00
1.010e+00 1.051e+00
1.020e+00 7.710e-01
1.030e+00 9.900e-01
1.040e+00 1.150e+00
1.050e+00 7.480e-01
1.060e+00 7.966e-01
1.070e+00 8.736e-01
1.080e+00 4.438e-01
1.090e+00 2.754e-01
1.100e+00 6.292e-01
1.110e+00 8.405e-01
1.120e+00 5.650e-01
1.130e+00 7.424e-01
1.140e+00 7.593e-01
1.150e+00 7.277e-01
1.160e+00 6.746e-01
1.170e+00 5.629e-01
1.180e+00 3.333e-01
1.190e+00 -8.179e-02
1.200e+00 -6.325e-02
1.210e+00 9.471e-02
1.220e+00 3.581e-01
1.230e+00 2.056e-01
1.240e+00 4.766e-01
1.250e+00 5.191e-01
1.260e+00 6.788e-01
1.270e+00 5.260e-01
1.280e+00 4.188e-01
1.290e+00 3.459e-01
1.300e+00 7.588e-01
1.310e+00 6.558e-01
1.320e+00 6.776e-01
1.330e+00 3.498e-01
1.340e+00 1.370e-01
1.350e+00 1.987e-01
1.360e+00 4.432e-01
1.370e+00 7.470e-01
1.380e+00 5.010e-01
1.390e+00 7.445e-01
1.400e+00 8.323e-01
1.410e+00 1.013e+00
1.420e+00 4.741e-01
1.430e+00 9.463e-01
1.440e+00 1.151e+00
1.450e+00 1.377e+00
1.460e+00 7.480e-01
1.470e+00 2.110e-01
1.480e+00 7.058e-01
1.490e+00 7.321e-01
1.500e+00 5.629e-01
1.510e+00 1.991e-01
1.520e+00 2.996e-01
1.530e+00 2.943e-01
1.540e+00 8.005e-01
1.550e+00 4.775e-01
1.560e+00 6.038e-01
1.570e+00 5.240e-01
1.580e+00 2.287e-01
1.590e+00 5.248e-01
1.600e+00 4.770e-01
1.610e+00 4.038e-01
1.620e+00 4.024e-01
1.630e+00 7.615e-01
1.640e+00 8.787e-01
1.650e+00 7.689e-01
1.660e+00 3.886e-01
1.670e+00 1.207e-01
1.680e+00 4.997e-01
1.690e+00 1.349e-01
1.700e+00 2.696e-01
1.710e+00 5.942e-01
1.720e+00 5.885e-01
1.730e+00 2.041e-01
1.740e+00 4.521e-01
1.750e+00 5.657e-01
1.760e+00 6.603e-01
1.770e+00 4.726e-01
1.780e+00 5.878e-01
1.790e+00 4.294e-01
1.800e+00 3.364e-01
1.810e+00 3.698e-01
1.820e+00 4.812e-01
1.830e+00 3.613e-01
1.840e+00 5.294e-01
1.850e+00 3.129e-01
1.860e+00 2.600e-01
1.870e+00 1.499e-01
1.880e+00 1.874e-01
1.890e+00 3.437e-01
1.900e+00 3.056e-01
1.910e+00 4.115e-01
1.920e+00 6.777e-01
1.930e+00 6.896e-01
1.940e+00 3.463e-01
1.950e+00 2.654e-01
1.960e+00 3.738e-01
1.970e+00 4.221e-01
1.980e+00 6.122e-01
1.990e+00 7.308e-01
2.000e+00 7.590e-01
2.010e+00 5.751e-01
2.020e+00 7.887e-01
2.030e+00 7.935e-01
2.040e+00 7.863e-01
2.050e+00 5.253e-01
2.060e+00 3.561e-01
2.070e+00 2.342e-01
2.080e+00 3.102e-01
2.090e+00 5.205e-01
2.100e+00 4.227e-01
2.110e+00 6.512e-01
2.120e+00 7.394e-01
2.130e+00 1.086e+00
2.140e+00 8.396e-01
2.150e+00 5.374e-01
2.160e+00 3.185e-01
2.170e+00 3.234e-01
2.180e+00 5.702e-01
2.190e+00 4.530e-01
2.200e+00 4.803e-01
2.210e+00 4.495e-01
2.220e+00 6.892e-01
2.230e+00 5.566e-01
2.240e+00 6.644e-01
2.250e+00 7.484e-01
2.260e+00 5.133e-01
2.270e+00 5.377e-01
2.280e+00 2.917e-01
2.290e+00 4.131e-01
2.300e+00 5.278e-01
2.310e+00 5.168e-01
2.320e+00 5.708e-01
2.330e+00 6.507e-01
2.340e+00 7.836e-01
2.350e+00 7.222e-01
2.360e+00 6.548e-01
2.370e+00 5.331e-01
2.380e+00 2.851e-01
2.390e+00 4.371e-01
2.400e+00 3.475e-01
2.410e+00 5.257e-01
2.420e+00 6.477e-01
2.430e+00 3.870e-01
2.440e+00 4.744e-02
2.450e+00 2.292e-01
2.460e+00 4.144e-01
2.470e+00 6.707e-01
2.480e+00 2.555e-01
2.490e+00 1.809e-01
2.500e+00 1.734e-01
2.510e+00 3.254e-01
2.520e+00 1.857e-01
2.530e+00 4.083e-01
2.540e+00 2.955e-01
2.550e+00 4.538e-01
2.560e+00 7.139e-01
2.570e+00 6.555e-01
2.580e+00 5.391e-01
2.590e+00 4.731e-01
2.600e+00 7.444e-01
2.610e+00 5.319e-01
2.620e+00 5.224e-01
2.630e+00 5.447e-01
2.640e+00 5.114e-01
2.650e+00 5.161e-01
2.660e+00 7.032e-01
2.670e+00 6.565e-01
2.680e+00 5.361e-01
2.690e+00 5.901e-01
2.700e+00 2.813e-01
2.710e+00 4.061e-01
2.720e+00 5.738e-01
2.730e+00 7.839e-01
2.740e+00 6.296e-01
2.750e+00 6.313e-01
2.760e+00 5.819e-01
2.770e+00 4.917e-01
2.780e+00 5.295e-01
2.790e+00 4.973e-01
2.800e+00 6.130e-01
2.810e+00 6.898e-01
2.820e+00 6.620e-01
2.830e+00 5.461e-01
2.840e+00 4.235e-01
2.850e+00 2.107e-01
2.860e+00 3.056e-01
2.870e+00 4.301e-01
2.880e+00 4.730e-01
2.890e+00 5.440e-01
2.900e+00 6.521e-01
2.910e+00 5.568e-01
2.920e+00 5.352e-01
2.930e+00 5.214e-01
2.940e+00 5.005e-01
2.950e+00 4.969e-01
2.960e+00 3.891e-01
2.970e+00 5.840e-01
2.980e+00 6.720e-01
2.990e+00 4.931e-01
3.000e+00 6.477e-01
3.010e+00 5.264e-01
3.020e+00 4.716e-01
3.030e+00 5.941e-01
3.040e+00 6.249e-01
3.050e+00 3.533e-01
3.060e+00 3.368e-01
3.070e+00 6.621e-01
3.080e+00 6.153e-01
3.090e+00 5.128e-01
3.100e+00 4.322e-01
3.110e+00 5.591e-01
3.120e+00 7.116e-01
3.130e+00 6.529e-01
3.140e+00 3.921e-01
3.150e+00 4.926e-01
3.160e+00 3.855e-01
3.170e+00 1.889e-01
3.180e+00 3.996e-01
3.190e+00 4.965e-01
3.200e+00 2.527e-01
3.210e+00 2.590e-01
3.220e+00 2.609e-01
3.230e+00 2.380e-01
3.240e+00 5.352e-01
3.250e+00 3.270e-01
3.260e+00 4.765e-01
3.270e+00 4.324e-01
3.280e+00 4.062e-01
3.290e+00 2.422e-01
3.300e+00 2.353e-01
3.310e+00 2.598e-01
3.320e+00 3.077e-01
3.330e+00 4.538e-01
3.340e+00 1.760e-01
3.350e+00 4.386e-01
3.360e+00 5.057e-01
3.370e+00 3.987e-01
3.380e+00 2.890e-01
3.390e+00 2.563e-01
3.400e+00 3.010e-01
3.410e+00 2.651e-01
3.420e+00 3.071e-01
3.430e+00 2.879e-01
3.440e+00 3.863e-01
3.450e+00 3.639e-01
3.460e+00 2.991e-01
3.470e+00 1.398e-01
3.480e+00 2.313e-01
3.490e+00 2.980e-01
3.500e+00 4.386e-01
3.510e+00 4.483e-01
3.520e+00 3.952e-01
3.530e+00 3.102e-01
3.540e+00 3.868e-01
3.550e+00 5.312e-01
3.560e+00 5.855e-01
3.570e+00 6.042e-01
3.580e+00 4.596e-01
3.590e+00 3.687e-01
3.600e+00 2.537e-01
3.610e+00 1.926e-01
3.620e+00 4.732e-01
3.630e+00 6.344e-01
3.640e+00 6.909e-01
3.650e+00 7.109e-01
3.660e+00 5.474e-01
3.670e+00 3.306e-01
3.680e+00 3.289e-01
3.690e+00 3.350e-01
3.700e+00 4.024e-01
3.710e+00 3.409e-01
3.720e+00 4.621e-01
3.730e+00 4.034e-01
3.740e+00 4.134e-01
3.750e+00 4.660e-01
3.760e+00 5.181e-01
3.770e+00 4.649e-01
3.780e+00 4.783e-01
3.790e+00 4.265e-01
3.800e+00 4.554e-01
3.810e+00 4.055e-01
3.820e+00 5.888e-01
3.830e+00 6.652e-01
3.840e+00 4.163e-01
3.850e+00 1.093e-01
3.860e+00 2.964e-01
3.870e+00 5.142e-01
3.880e+00 3.879e-01
3.890e+00 4.487e-01
3.900e+00 4.937e-01
3.910e+00 6.679e-01
3.920e+00 6.065e-01
3.930e+00 6.082e-01
3.940e+00 4.384e-01
3.950e+00 2.669e-01
3.960e+00 2.202e-01
3.970e+00 3.814e-01
3.980e+00 4.812e-01
3.990e+00 4.179e-01
4.000e+00 7.243e-01
4.010e+00 7.937e-01
4.020e+00 8.563e-01
4.030e+00 7.719e-01
4.040e+00 6.592e-01
4.050e+00 6.594e-01
4.060e+00 6.444e-01
4.070e+00 7.413e-01
4.080e+00 6.521e-01
4.090e+00 7.300e-01
4.100e+00 5.141e-01
4.110e+00 5.605e-01
4.120e+00 7.322e-01
4.130e+00 7.464e-01
4.140e+00 7.547e-01
4.150e+00 6.474e-01
4.160e+00 6.506e-01
4.170e+00 7.869e-01
4.180e+00 8.327e-01
4.190e+00 6.487e-01
4.200e+00 5.161e-01
4.210e+00 6.757e-01
4.220e+00 5.476e-01
4.230e+00 4.957e-01
4.240e+00 4.639e-01
4.250e+00 5.073e-01
4.260e+00 4.640e-01
4.270e+00 4.078e-01
4.280e+00 4.610e-01
4.290e+00 4.482e-01
4.300e+00 3.835e-01
4.310e+00 1.887e-01
4.320e+00 2.800e-01
4.330e+00 5.202e-01
4.340e+00 4.755e-01
4.350e+00 5.565e-01
4.360e+00 6.194e-01
4.370e+00 5.955e-01
4.380e+00 4.047e-01
4.390e+00 3.812e-01
4.400e+00 2.557e-01
4.410e+00 3.056e-01
4.420e+00 4.637e-01
4.430e+00 5.561e-01
4.440e+00 5.035e-01
4.450e+00 4.920e-01
4.460e+00 4.979e-01
4.470e+00 4.130e-01
4.480e+00 4.332e-01
4.490e+00 3.615e-01
4.500e+00 4.020e-01
4.510e+00 5.544e-01
4.520e+00 6.158e-01
4.530e+00 5.436e-01
4.540e+00 5.643e-01
4.550e+00 5.629e-01
4.560e+00 4.548e-01
4.570e+00 3.024e-01
4.580e+00 3.977e-01
4.590e+00 3.622e-01
4.600e+00 2.178e-01
4.610e+00 3.639e-01
4.620e+00 5.211e-01
4.630e+00 4.937e-01
4.640e+00 4.945e-01
4.650e+00 5.723e-01
4.660e+00 4.306e-01
4.670e+00 6.054e-01
4.680e+00 6.084e-01
4.690e+00 5.551e-01
4.700e+00 4.964e-01
4.710e+00 5.189e-01
4.720e+00 7.034e-01
4.730e+00 8.751e-01
4.740e+00 6.861e-01
4.750e+00 4.964e-01
4.760e+00 4.538e-01
4.770e+00 7.800e-01
4.780e+00 7.891e-01
4.790e+00 8.372e-01
4.800e+00 7.071e-01
4.810e+00 7.310e-01
4.820e+00 6.904e-01
4.830e+00 5.593e-01
4.840e+00 5.279e-01
4.850e+00 4.860e-01
4.860e+00 7.254e-01
4.870e+00 8.562e-01
4.880e+00 7.960e-01
4.890e+00 6.931e-01
4.900e+00 3.862e-01
4.910e+00 4.110e-01
4.920e+00 3.874e-01
4.930e+00 6.089e-01
4.940e+00 7.055e-01
4.950e+00 4.862e-01
4.960e+00 5.292e-01
4.970e+00 3.801e-01
4.980e+00 3.508e-01
4.990e+00 2.421e-01
-5.000e+00 4.382e-01
-4.990e+00 3.884e-01
-4.980e+00 3.217e-01
-4.970e+00 4.551e-01
-4.960e+00 2.380e-01
-4.950e+00 1.130e-01
-4.940e+00 1.542e-01
-4.930e+00 3.830e-01
-4.920e+00 4.119e-01
-4.910e+00 5.542e-01
-4.900e+00 5.086e-01
-4.890e+00 4.512e-01
-4.880e+00 4.573e-01
-4.870e+00 5.499e-01
-4.860e+00 5.094e-01
-4.850e+00 5.185e-01
-4.840e+00 5.546e-01
-4.830e+00 5.676e-01
-4.820e+00 7.575e-01
-4.810e+00 6.996e-01
-4.800e+00 6.382e-01
-4.790e+00 8.347e-01
-4.780e+00 8.100e-01
-4.770e+00 7.312e-01
-4.760e+00 4.020e-01
-4.750e+00 4.595e-01
-4.740e+00 6.211e-01
-4.730e+00 6.134e-01
-4.720e+00 7.891e-01
-4.710e+00 5.818e-01
-4.700e+00 6.250e-01
-4.690e+00 6.373e-01
-4.680e+00 8.157e-01
-4.670e+00 6.276e-01
-4.660e+00 4.165e-01
-4.650e+00 3.677e-01
-4.640e+00 3.061e-01
-4.630e+00 5.454e-01
-4.620e+00 6.469e-01
-4.610e+00 6.449e-01
-4.600e+00 6.176e-01
-4.590e+00 6.260e-01
-4.580e+00 5.757e-01
-4.570e+00 7.328e-01
-4.560e+00 6.466e-01
-4.550e+00 6.480e-01
-4.540e+00 5.611e-01
-4.530e+00 6.006e-01
-4.520e+00 6.343e-01
-4.510e+00 6.062e-01
-4.500e+00 4.582e-01
-4.490e+00 2.852e-01
-4.480e+00 4.442e-01
-4.470e+00 5.293e-01
-4.460e+00 5.338e-01
-4.450e+00 4.394e-01
-4.440e+00 5.848e-01
-4.430e+00 6.547e-01
-4.420e+00 4.938e-01
-4.410e+00 1.848e-01
-4.400e+00 1.967e-01
-4.390e+00 4.867e-01
-4.380e+00 4.319e-01
-4.370e+00 5.252e-01
-4.360e+00 5.104e-01
-4.350e+00 6.602e-01
-4.340e+00 8.404e-01
-4.330e+00 8.863e-01
-4.320e+00 7.049e-01
-4.310e+00 4.234e-01
-4.300e+00 6.840e-01
-4.290e+00 7.853e-01
-4.280e+00 6.739e-01
-4.270e+00 6.538e-01
-4.260e+00 3.813e-01
-4.250e+00 1.902e-01
-4.240e+00 2.894e-01
-4.230e+00 4.416e-01
-4.220e+00 6.309e-01
-4.210e+00 6.913e-01
-4.200e+00 6.314e-01
-4.190e+00 6.611e-01
-4.180e+00 6.718e-01
-4.170e+00 5.654e-01
-4.160e+00 5.983e-01
-4.150e+00 8.021e-01
-4.140e+00 5.055e-01
-4.130e+00 4.048e-01
-4.120e+00 5.098e-01
-4.110e+00 6.760e-01
-4.100e+00 5.349e-01
-4.090e+00 4.873e-01
-4.080e+00 5.699e-01
-4.070e+00 6.993e-01
-4.060e+00 6.275e-01
-4.050e+00 5.556e-01
-4.040e+00 6.840e-01
-4.030e+00 8.041e-01
-4.020e+00 7.335e-01
-4.010e+00 5.063e-01
-4.000e+00 7.179e-01
-3.990e+00 7.947e-01
-3.980e+00 5.893e-01
-3.970e+00 5.079e-01
-3.960e+00 5.202e-01
-3.950e+00 5.204e-01
-3.940e+00 5.649e-01
-3.930e+00 6.225e-01
-3.920e+00 8.433e-01
-3.910e+00 8.131e-01
-3.900e+00 5.996e-01
-3.890e+00 6.436e-01
-3.880e+00 6.997e-01
-3.870e+00 5.993e-01
-3.860e+00 7.087e-01
-3.850e+00 6.183e-01
-3.840e+00 6.588e-01
-3.830e+00 6.434e-01
-3.820e+00 7.782e-01
-3.810e+00 7.873e-01
-3.800e+00 5.497e-01
-3.790e+00 6.279e-01
-3.780e+00 4.892e-01
-3.770e+00 4.296e-01
-3.760e+00 5.633e-01
-3.750e+00 5.513e-01
-3.740e+00 5.604e-01
-3.730e+00 6.544e-01
-3.720e+00 7.711e-01
-3.710e+00 7.032e-01
-3.700e+00 7.221e-01
-3.690e+00 4.927e-01
-3.680e+00 5.710e-01
-3.670e+00 7.544e-01
-3.660e+00 6.975e-01
-3.650e+00 6.935e-01
-3.640e+00 8.328e-01
-3.630e+00 9.794e-01
-3.620e+00 9.061e-01
-3.610e+00 7.268e-01
-3.600e+00 5.352e-01
-3.590e+00 4.983e-01
-3.580e+00 4.793e-01
-3.570e+00 6.254e-01
-3.560e+00 7.230e-01
-3.550e+00 6.442e-01
-3.540e+00 5.949e-01
-3.530e+00 6.294e-01
-3.520e+00 6.205e-01
-3.510e+00 3.073e-01
-3.500e+00 2.126e-01
-3.490e+00 5.478e-01
-3.480e+00 5.338e-01
-3.470e+00 4.003e-01
-3.460e+00 4.051e-01
-3.450e+00 4.653e-01
-3.440e+00 7.067e-01
-3.430e+00 4.624e-01
-3.420e+00 5.047e-01
-3.410e+00 4.411e-01
-3.400e+00 4.344e-01
-3.390e+00 5.427e-01
-3.380e+00 5.408e-01
-3.370e+00 4.951e-01
-3.360e+00 3.228e-01
-3.350e+00 3.627e-01
-3.340e+00 7.154e-01
-3.330e+00 9.183e-01
-3.320e+00 9.423e-01
-3.310e+00 8.965e-01
-3.300e+00 6.677e-01
-3.290e+00 7.567e-01
-3.280e+00 7.027e-01
-3.270e+00 4.908e-01
-3.260e+00 4.111e-01
-3.250e+00 3.820e-01
-3.240e+00 3.120e-01
-3.230e+00 4.184e-01
-3.220e+00 7.894e-01
-3.210e+00 6.297e-01
-3.200e+00 4.268e-01
-3.190e+00 4.218e-01
-3.180e+00 4.961e-01
-3.170e+00 4.761e-01
-3.160e+00 3.860e-01
-3.150e+00 3.973e-01
-3.140e+00 4.177e-01
-3.130e+00 2.989e-01
-3.120e+00 4.305e-01
-3.110e+00 4.856e-01
-3.100e+00 2.239e-01
-3.090e+00 5.319e-01
-3.080e+00 6.624e-01
-3.070e+00 8.254e-01
-3.060e+00 7.365e-01
-3.050e+00 6.247e-01
-3.040e+00 4.065e-01
-3.030e+00 3.979e-01
-3.020e+00 5.114e-01
-3.010e+00 6.109e-01
-3.000e+00 8.773e-01
-2.990e+00 7.655e-01
-2.980e+00 7.079e-01
-2.970e+00 8.275e-01
-2.960e+00 8.130e-01
-2.950e+00 7.593e-01
-2.940e+00 5.815e-01
-2.930e+00 4.958e-01
-2.920e+00 6.782e-01
-2.910e+00 7.460e-01
-2.900e+00 7.746e-01
-2.890e+00 3.201e-01
-2.880e+00 2.574e-01
-2.870e+00 1.477e-01
-2.860e+00 2.559e-01
-2.850e+00 2.607e-01
-2.840e+00 3.649e-01
-2.830e+00 2.960e-01
-2.820e+00 4.980e-01
-2.810e+00 8.414e-01
-2.800e+00 7.719e-01
-2.790e+00 6.272e-01
-2.780e+00 5.143e-01
-2.770e+00 6.053e-01
-2.760e+00 5.143e-01
-2.750e+00 4.618e-01
-2.740e+00 2.535e-01
-2.730e+00 3.063e-01
-2.720e+00 2.806e-01
-2.710e+00 2.348e-01
-2.700e+00 2.027e-01
-2.690e+00 3.832e-02
-2.680e+00 1.879e-01
-2.670e+00 2.035e-01
-2.660e+00 5.513e-01
-2.650e+00 5.240e-01
-2.640e+00 4.315e-01
-2.630e+00 3.291e-01
-2.620e+00 4.489e-01
-2.610e+00 3.257e-01
-2.600e+00 2.278e-01
-2.590e+00 4.375e-01
-2.580e+00 3.942e-01
-2.570e+00 6.302e-01
-2.560e+00 5.266e-01
-2.550e+00 6.583e-02
-2.540e+00 2.384e-01
-2.530e+00 4.646e-01
-2.520e+00 6.635e-01
-2.510e+00 4.855e-01
-2.500e+00 4.438e-01
-2.490e+00 3.784e-01
-2.480e+00 5.278e-01
-2.470e+00 5.367e-01
-2.460e+00 6.815e-01
-2.450e+00 6.900e-01
-2.440e+00 7.262e-01
-2.430e+00 4.760e-01
-2.420e+00 5.679e-01
-2.410e+00 5.897e-01
-2.400e+00 4.998e-01
-2.390e+00 3.101e-01
-2.380e+00 3.766e-01
-2.370e+00 5.314e-01
-2.360e+00 5.415e-01
-2.350e+00 4.758e-01
-2.340e+00 2.287e-01
-2.330e+00 3.591e-01
-2.320e+00 2.930e-01
-2.310e+00 3.436e-01
-2.300e+00 3.801e-01
-2.290e+00 4.870e-01
-2.280e+00 4.417e-01
-2.270e+00 3.958e-01
-2.260e+00 3.556e-01
-2.250e+00 4.002e-01
-2.240e+00 3.146e-01
-2.230e+00 3.526e-01
-2.220e+00 3.108e-01
-2.210e+00 4.113e-01
-2.200e+00 3.546e-01
-2.190e+00 4.706e-01
-2.180e+00 2.507e-01
-2.170e+00 3.373e-01
-2.160e+00 2.771e-01
-2.150e+00 3.472e-01
-2.140e+00 4.994e-01
-2.130e+00 5.409e-01
-2.120e+00 5.637e-01
-2.110e+00 8.606e-01
-2.100e+00 9.751e-01
-2.090e+00 6.624e-01
-2.080e+00 6.731e-01
-2.070e+00 8.725e-01
-2.060e+00 8.177e-01
-2.050e+00 1.013e+00
-2.040e+00 5.648e-01
-2.030e+00 6.336e-01
-2.020e+00 5.539e-01
-2.010e+00 4.048e-01
-2.000e+00 2.820e-01
-1.990e+00 2.872e-01
-1.980e+00 1.756e-01
-1.970e+00 1.820e-01
-1.960e+00 5.150e-01
-1.950e+00 9.227e-01
-1.940e+00 7.287e-01
-1.930e+00 2.016e-01
-1.920e+00 2.831e-01
-1.910e+00 7.350e-01
-1.900e+00 5.861e-01
-1.890e+00 5.094e-01
-1.880e+00 6.017e-01
-1.870e+00 3.994e-01
-1.860e+00 7.290e-01
-1.850e+00 6.774e-01
-1.840e+00 8.384e-01
-1.830e+00 6.919e-01
-1.820e+00 4.649e-01
-1.810e+00 4.006e-01
-1.800e+00 3.450e-01
-1.790e+00 4.732e-01
-1.780e+00 5.576e-01
-1.770e+00 7.298e-01
-1.760e+00 1.065e+00
-1.750e+00 1.063e+00
-1.740e+00 9.412e-01
-1.730e+00 6.474e-01
-1.720e+00 6.703e-01
-1.710e+00 7.105e-01
-1.700e+00 6.970e-01
-1.690e+00 8.015e-01
-1.680e+00 7.762e-01
-1.670e+00 7.972e-01
-1.660e+00 6.394e-01
-1.650e+00 7.661e-01
-1.640e+00 5.666e-01
-1.630e+00 7.353e-01
-1.620e+00 8.634e-01
-1.610e+00 8.945e-01
-1.600e+00 1.090e+00
-1.590e+00 8.924e-01
-1.580e+00 9.385e-01
-1.570e+00 1.077e+00
-1.560e+00 8.207e-01
-1.550e+00 1.149e+00
-1.540e+00 9.373e-01
-1.530e+00 3.399e-01
-1.520e+00 4.802e-01
-1.510e+00 4.938e-01
-1.500e+00 6.858e-01
-1.490e+00 9.613e-01
-1.480e+00 1.035e+00
-1.470e+00 7.855e-01
-1.460e+00 7.420e-01
-1.450e+00 9.362e-01
-1.440e+00 9.166e-01
-1.430e+00 4.759e-01
-1.420e+00 5.121e-01
-1.410e+00 6.697e-01
-1.400e+00 8.871e-01
-1.390e+00 8.657e-01
-1.380e+00 8.551e-01
-1.370e+00 1.004e+00
-1.360e+00 1.131e+00
-1.350e+00 9.196e-01
-1.340e+00 5.179e-01
-1.330e+00 2.906e-01
-1.320e+00 3.731e-01
-1.310e+00 4.826e-01
-1.300e+00 6.710e-01
-1.290e+00 9.595e-01
-1.280e+00 6.088e-01
-1.270e+00 6.061e-01
-1.260e+00 3.949e-01
-1.250e+00 3.765e-01
-1.240e+00 3.325e-01
-1.230e+00 5.832e-01
-1.220e+00 7.996e-01
-1.210e+00 1.103e+00
-1.200e+00 1.135e+00
-1.190e+00 1.157e+00
-1.180e+00 1.166e+00
-1.170e+00 1.504e+00
-1.160e+00 1.370e+00
-1.150e+00 1.552e+00
-1.140e+00 1.135e+00
-1.130e+00 1.023e+00
-1.120e+00 1.159e+00
-1.110e+00 1.086e+00
-1.100e+00 1.283e+00
-1.090e+00 5.643e-01
-1.080e+00 6.580e-01
-1.070e+00 3.780e-01
-1.060e+00 8.099e-01
-1.050e+00 4.867e-01
-1.040e+00 8.640e-01
-1.030e+00 9.279e-01
-1.020e+00 3.727e-01
-1.010e+00 3.854e-01
-1.000e+00 1.104e-01
-9.900e-01 8.506e-01
-9.800e-01 6.461e-01
-9.700e-01 6.917e-01
-9.600e-01 4.293e-01
-9.500e-01 4.092e-01
-9.400e-01 8.035e-01
-9.300e-01 1.206e+00
-9.200e-01 1.121e+00
-9.100e-01 1.269e+00
-9.000e-01 1.435e+00
-8.900e-01 1.139e+00
-8.800e-01 9.270e-01
-8.700e-01 8.504e-01
-8.600e-01 7.521e-01
-8.500e-01 8.144e-01
-8.400e-01 9.272e-01
-8.300e-01 1.020e+00
-8.200e-01 9.464e-01
-8.100e-01 9.741e-01
-8.000e-01 6.963e-01
-7.900e-01 6.888e-01
-7.800e-01 8.535e-01
-7.700e-01 5.383e-01
-7.600e-01 3.099e-01
-7.500e-01 2.222e-01
-7.400e-01 -7.531e-02
-7.300e-01 2.344e-01
-7.200e-01 1.274e-01
-7.100e-01 3.828e-01
-7.000e-01 4.577e-01
-6.900e-01 4.227e-01
-6.800e-01 -4.353e-02
-6.700e-01 1.168e+00
-6.600e-01 1.382e+00
-6.500e-01 1.744e+00
-6.400e-01 1.916e+00
-6.300e-01 1.196e+00
-6.200e-01 5.118e-01
-6.100e-01 -5.216e-02
-6.000e-01 8.222e-01
-5.900e-01 1.439e+00
-5.800e-01 1.736e+00
-5.700e-01 1.364e+00
-5.600e-01 1.360e+00
-5.500e-01 1.361e+00
-5.400e-01 1.163e+00
-5.300e-01 1.059e+00
-5.200e-01 9.291e-01
-5.100e-01 7.404e-01
-5.000e-01 3.650e-01
-4.900e-01 6.449e-01
-4.800e-01 8.089e-01
-4.700e-01 5.676e-01
-4.600e-01 3.496e-01
-4.500e-01 1.034e+00
-4.400e-01 1.335e+00
-4.300e-01 7.350e-01
-4.200e-01 8.584e-01
-4.100e-01 4.933e-01
-4.000e-01 2.591e-01
-3.900e-01 5.046e-01
-3.800e-01 6.691e-01
-3.700e-01 3.383e-01
-3.600e-01 1.241e-01
-3.500e-01 4.073e-01
-3.400e-01 7.312e-01
-3.300e-01 4.719e-01
-3.200e-01 7.699e-01
-3.100e-01 9.104e-01
-3.000e-01 2.163e+00
-2.900e-01 1.956e+00
-2.800e-01 1.935e+00
-2.700e-01 2.502e+00
-2.600e-01 1.543e+00
-2.500e-01 1.510e+00
-2.400e-01 -2.415e-01
-2.300e-01 6.503e-01
-2.200e-01 1.127e+00
-2.100e-01 2.007e+00
-2.000e-01 2.672e+00
-1.900e-01 6.318e-01
-1.800e-01 -1.156e-01
-1.700e-01 2.034e-01
-1.600e-01 1.930e+00
-1.500e-01 1.424e+00
-1.400e-01 2.532e+00
-1.300e-01 6.342e-01
-1.200e-01 -5.911e-03
-1.100e-01 2.389e+00
-1.000e-01 3.937e+00
-9.000e-02 5.277e+00
-8.000e-02 5.838e+00
-7.000e-02 6.657e+00
-6.000e-02 9.209e+00
-5.000e-02 9.461e+00
-4.000e-02 1.393e+01
-3.000e-02 2.002e+01
-2.000e-02 2.961e+01
-1.000e-02 5.035e+01
