# Time (ps)      real(F_0)      im(F_0)
0.000e+00 1.000e+00 0.000e+00
1.000e-01 9.301e-01 0.000e+00
2.000e-01 9.817e-01 0.000e+00
3.000e-01 9.202e-01 0.000e+00
4.000e-01 9.039e-01 0.000e+00
5.000e-01 8.613e-01 0.000e+00
6.000e-01 8.452e-01 0.000e+00
7.000e-01 8.518e-01 0.000e+00
8.000e-01 8.346e-01 0.000e+00
9.000e-01 7.728e-01 0.000e+00
1.000e+00 7.833e-01 0.000e+00
1.100e+00 7.768e-01 0.000e+00
1.200e+00 7.633e-01 0.000e+00
1.300e+00 7.568e-01 0.000e+00
1.400e+00 7.389e-01 0.000e+00
1.500e+00 7.525e-01 0.000e+00
1.600e+00 7.079e-01 0.000e+00
1.700e+00 7.595e-01 0.000e+00
1.800e+00 7.227e-01 0.000e+00
1.900e+00 7.065e-01 0.000e+00
2.000e+00 7.223e-01 0.000e+00
2.100e+00 7.214e-01 0.000e+00
2.200e+00 7.059e-01 0.000e+00
2.300e+00 6.924e-01 0.000e+00
2.400e+00 7.083e-01 0.000e+00
2.500e+00 6.645e-01 0.000e+00
2.600e+00 6.591e-01 0.000e+00
2.700e+00 6.895e-01 0.000e+00
2.800e+00 7.004e-01 0.000e+00
2.900e+00 6.680e-01 0.000e+00
3.000e+00 6.873e-01 0.000e+00
3.100e+00 6.630e-01 0.000e+00
3.200e+00 6.514e-01 0.000e+00
3.300e+00 6.335e-01 0.000e+00
3.400e+00 6.433e-01 0.000e+00
3.500e+00 6.234e-01 0.000e+00
3.600e+00 6.403e-01 0.000e+00
3.700e+00 6.306e-01 0.000e+00
3.800e+00 6.114e-01 0.000e+00
3.900e+00 6.074e-01 0.000e+00
4.000e+00 6.048e-01 0.000e+00
4.100e+00 5.884e-01 0.000e+00
4.200e+00 5.651e-01 0.000e+00
4.300e+00 5.433e-01 0.000e+00
4.400e+00 5.611e-01 0.000e+00
4.500e+00 5.448e-01 0.000e+00
4.600e+00 5.396e-01 0.000e+00
4.700e+00 5.503e-01 0.000e+00
4.800e+00 5.515e-01 0.000e+00
4.900e+00 5.690e-01 0.000e+00
5.000e+00 5.694e-01 0.000e+00
5.100e+00 5.221e-01 0.000e+00
5.200e+00 4.945e-01 0.000e+00
5.300e+00 5.002e-01 0.000e+00
5.400e+00 4.897e-01 0.000e+00
5.500e+00 4.765e-01 0.000e+00
5.600e+00 4.876e-01 0.000e+00
5.700e+00 4.956e-01 0.000e+00
5.800e+00 4.623e-01 0.000e+00
5.900e+00 4.841e-01 0.000e+00
6.000e+00 4.781e-01 0.000e+00
6.100e+00 4.842e-01 0.000e+00
6.200e+00 4.668e-01 0.000e+00
6.300e+00 4.730e-01 0.000e+00
6.400e+00 4.711e-01 0.000e+00
6.500e+00 4.192e-01 0.000e+00
6.600e+00 4.384e-01 0.000e+00
6.700e+00 4.167e-01 0.000e+00
6.800e+00 4.415e-01 0.000e+00
6.900e+00 4.360e-01 0.000e+00
7.000e+00 4.190e-01 0.000e+00
7.100e+00 4.024e-01 0.000e+00
7.200e+00 4.025e-01 0.000e+00
7.300e+00 4.154e-01 0.000e+00
7.400e+00 3.909e-01 0.000e+00
7.500e+00 3.846e-01 0.000e+00
7.600e+00 3.988e-01 0.000e+00
7.700e+00 3.872e-01 0.000e+00
7.800e+00 3.753e-01 0.000e+00
7.900e+00 3.707e-01 0.000e+00
8.000e+00 3.798e-01 0.000e+00
8.100e+00 3.602e-01 0.000e+00
8.200e+00 3.816e-01 0.000e+00
8.300e+00 3.603e-01 0.000e+00
8.400e+00 3.632e-01 0.000e+00
8.500e+00 3.315e-01 0.000e+00
8.600e+00 3.371e-01 0.000e+00
8.700e+00 3.338e-01 0.000e+00
8.800e+00 3.559e-01 0.000e+00
8.900e+00 3.689e-01 0.000e+00
9.000e+00 3.474e-01 0.000e+00
9.100e+00 3.766e-01 0.000e+00
9.200e+00 3.586e-01 0.000e+00
9.300e+00 3.582e-01 0.000e+00
9.400e+00 3.597e-01 0.000e+00
9.500e+00 3.695e-01 0.000e+00
9.600e+00 3.588e-01 0.000e+00
9.700e+00 3.690e-01 0.000e+00
9.800e+00 3.474e-01 0.000e+00
9.900e+00 3.332e-01 0.000e+00
1.000e+01 3.132e-01 0.000e+00
1.010e+01 3.295e-01 0.000e+00
1.020e+01 3.365e-01 0.000e+00
1.030e+01 3.319e-01 0.000e+00
1.040e+01 3.277e-01 0.000e+00
1.050e+01 3.424e-01 0.000e+00
1.060e+01 3.266e-01 0.000e+00
1.070e+01 3.500e-01 0.000e+00
1.080e+01 3.435e-01 0.000e+00
1.090e+01 3.294e-01 0.000e+00
1.100e+01 3.183e-01 0.000e+00
1.110e+01 3.246e-01 0.000e+00
1.120e+01 3.198e-01 0.000e+00
1.130e+01 3.436e-01 0.000e+00
1.140e+01 3.429e-01 0.000e+00
1.150e+01 3.397e-01 0.000e+00
1.160e+01 3.293e-01 0.000e+00
1.170e+01 3.392e-01 0.000e+00
1.180e+01 3.344e-01 0.000e+00
1.190e+01 3.392e-01 0.000e+00
1.200e+01 3.432e-01 0.000e+00
1.210e+01 3.455e-01 0.000e+00
1.220e+01 3.236e-01 0.000e+00
1.230e+01 3.359e-01 0.000e+00
1.240e+01 3.281e-01 0.000e+00
1.250e+01 3.229e-01 0.000e+00
1.260e+01 3.209e-01 0.000e+00
1.270e+01 3.069e-01 0.000e+00
1.280e+01 3.114e-01 0.000e+00
1.290e+01 2.974e-01 0.000e+00
1.300e+01 2.860e-01 0.000e+00
1.310e+01 2.827e-01 0.000e+00
1.320e+01 2.948e-01 0.000e+00
1.330e+01 2.751e-01 0.000e+00
1.340e+01 2.817e-01 0.000e+00
1.350e+01 2.449e-01 0.000e+00
1.360e+01 2.660e-01 0.000e+00
1.370e+01 2.739e-01 0.000e+00
1.380e+01 2.873e-01 0.000e+00
1.390e+01 3.112e-01 0.000e+00
1.400e+01 2.863e-01 0.000e+00
1.410e+01 2.960e-01 0.000e+00
1.420e+01 2.955e-01 0.000e+00
1.430e+01 3.003e-01 0.000e+00
1.440e+01 2.967e-01 0.000e+00
1.450e+01 3.003e-01 0.000e+00
1.460e+01 2.805e-01 0.000e+00
1.470e+01 2.585e-01 0.000e+00
1.480e+01 2.697e-01 0.000e+00
1.490e+01 2.803e-01 0.000e+00
1.500e+01 2.948e-01 0.000e+00
1.510e+01 2.637e-01 0.000e+00
1.520e+01 2.601e-01 0.000e+00
1.530e+01 2.392e-01 0.000e+00
1.540e+01 2.616e-01 0.000e+00
1.550e+01 2.560e-01 0.000e+00
1.560e+01 2.669e-01 0.000e+00
1.570e+01 2.554e-01 0.000e+00
1.580e+01 2.211e-01 0.000e+00
1.590e+01 2.561e-01 0.000e+00
1.600e+01 2.312e-01 0.000e+00
1.610e+01 2.459e-01 0.000e+00
1.620e+01 2.434e-01 0.000e+00
1.630e+01 2.408e-01 0.000e+00
1.640e+01 2.456e-01 0.000e+00
1.650e+01 2.351e-01 0.000e+00
1.660e+01 2.267e-01 0.000e+00
1.670e+01 2.306e-01 0.000e+00
1.680e+01 2.482e-01 0.000e+00
1.690e+01 2.451e-01 0.000e+00
1.700e+01 2.431e-01 0.000e+00
1.710e+01 2.435e-01 0.000e+00
1.720e+01 2.328e-01 0.000e+00
1.730e+01 2.350e-01 0.000e+00
1.740e+01 2.272e-01 0.000e+00
1.750e+01 2.118e-01 0.000e+00
1.760e+01 2.033e-01 0.000e+00
1.770e+01 2.156e-01 0.000e+00
1.780e+01 2.156e-01 0.000e+00
1.790e+01 2.147e-01 0.000e+00
1.800e+01 2.018e-01 0.000e+00
1.810e+01 2.026e-01 0.000e+00
1.820e+01 2.026e-01 0.000e+00
1.830e+01 2.081e-01 0.000e+00
1.840e+01 2.182e-01 0.000e+00
1.850e+01 1.930e-01 0.000e+00
1.860e+01 1.978e-01 0.000e+00
1.870e+01 2.174e-01 0.000e+00
1.880e+01 2.195e-01 0.000e+00
1.890e+01 2.128e-01 0.000e+00
1.900e+01 2.160e-01 0.000e+00
1.910e+01 2.028e-01 0.000e+00
1.920e+01 1.950e-01 0.000e+00
1.930e+01 1.926e-01 0.000e+00
1.940e+01 2.019e-01 0.000e+00
1.950e+01 2.060e-01 0.000e+00
1.960e+01 2.065e-01 0.000e+00
1.970e+01 1.986e-01 0.000e+00
1.980e+01 1.878e-01 0.000e+00
1.990e+01 1.809e-01 0.000e+00
2.000e+01 1.708e-01 0.000e+00
2.010e+01 1.736e-01 0.000e+00
2.020e+01 1.792e-01 0.000e+00
2.030e+01 1.820e-01 0.000e+00
2.040e+01 1.715e-01 0.000e+00
2.050e+01 1.715e-01 0.000e+00
2.060e+01 1.769e-01 0.000e+00
2.070e+01 1.931e-01 0.000e+00
2.080e+01 1.909e-01 0.000e+00
2.090e+01 1.928e-01 0.000e+00
2.100e+01 1.696e-01 0.000e+00
2.110e+01 1.684e-01 0.000e+00
2.120e+01 1.791e-01 0.000e+00
2.130e+01 1.809e-01 0.000e+00
2.140e+01 1.698e-01 0.000e+00
2.150e+01 1.625e-01 0.000e+00
2.160e+01 1.723e-01 0.000e+00
2.170e+01 1.756e-01 0.000e+00
2.180e+01 1.800e-01 0.000e+00
2.190e+01 1.732e-01 0.000e+00
2.200e+01 1.720e-01 0.000e+00
2.210e+01 1.602e-01 0.000e+00
2.220e+01 1.522e-01 0.000e+00
2.230e+01 1.627e-01 0.000e+00
2.240e+01 1.614e-01 0.000e+00
2.250e+01 1.640e-01 0.000e+00
2.260e+01 1.490e-01 0.000e+00
2.270e+01 1.578e-01 0.000e+00
2.280e+01 1.575e-01 0.000e+00
2.290e+01 1.576e-01 0.000e+00
2.300e+01 1.601e-01 0.000e+00
2.310e+01 1.481e-01 0.000e+00
2.320e+01 1.593e-01 0.000e+00
2.330e+01 1.559e-01 0.000e+00
2.340e+01 1.484e-01 0.000e+00
2.350e+01 1.316e-01 0.000e+00
2.360e+01 1.332e-01 0.000e+00
2.370e+01 1.453e-01 0.000e+00
2.380e+01 1.430e-01 0.000e+00
2.390e+01 1.465e-01 0.000e+00
2.400e+01 1.526e-01 0.000e+00
2.410e+01 1.598e-01 0.000e+00
2.420e+01 1.513e-01 0.000e+00
2.430e+01 1.575e-01 0.000e+00
2.440e+01 1.367e-01 0.000e+00
2.450e+01 1.431e-01 0.000e+00
2.460e+01 1.549e-01 0.000e+00
2.470e+01 1.570e-01 0.000e+00
2.480e+01 1.572e-01 0.000e+00
2.490e+01 1.450e-01 0.000e+00
2.500e+01 1.571e-01 0.000e+00
2.510e+01 1.349e-01 0.000e+00
2.520e+01 1.408e-01 0.000e+00
2.530e+01 1.561e-01 0.000e+00
2.540e+01 1.614e-01 0.000e+00
2.550e+01 1.562e-01 0.000e+00
2.560e+01 1.694e-01 0.000e+00
2.570e+01 1.771e-01 0.000e+00
2.580e+01 1.510e-01 0.000e+00
2.590e+01 1.720e-01 0.000e+00
2.600e+01 1.545e-01 0.000e+00
2.610e+01 1.497e-01 0.000e+00
2.620e+01 1.644e-01 0.000e+00
2.630e+01 1.607e-01 0.000e+00
2.640e+01 1.515e-01 0.000e+00
2.650e+01 1.527e-01 0.000e+00
2.660e+01 1.403e-01 0.000e+00
2.670e+01 1.513e-01 0.000e+00
2.680e+01 1.477e-01 0.000e+00
2.690e+01 1.385e-01 0.000e+00
2.700e+01 1.378e-01 0.000e+00
2.710e+01 1.324e-01 0.000e+00
2.720e+01 1.474e-01 0.000e+00
2.730e+01 1.478e-01 0.000e+00
2.740e+01 1.370e-01 0.000e+00
2.750e+01 1.373e-01 0.000e+00
2.760e+01 1.426e-01 0.000e+00
2.770e+01 1.350e-01 0.000e+00
2.780e+01 1.393e-01 0.000e+00
2.790e+01 1.524e-01 0.000e+00
2.800e+01 1.425e-01 0.000e+00
2.810e+01 1.353e-01 0.000e+00
2.820e+01 1.406e-01 0.000e+00
2.830e+01 1.303e-01 0.000e+00
2.840e+01 1.575e-01 0.000e+00
2.850e+01 1.396e-01 0.000e+00
2.860e+01 1.289e-01 0.000e+00
2.870e+01 1.218e-01 0.000e+00
2.880e+01 1.290e-01 0.000e+00
2.890e+01 1.343e-01 0.000e+00
2.900e+01 1.320e-01 0.000e+00
2.910e+01 1.363e-01 0.000e+00
2.920e+01 1.180e-01 0.000e+00
2.930e+01 1.149e-01 0.000e+00
2.940e+01 1.230e-01 0.000e+00
2.950e+01 1.198e-01 0.000e+00
2.960e+01 1.133e-01 0.000e+00
2.970e+01 1.095e-01 0.000e+00
2.980e+01 1.088e-01 0.000e+00
2.990e+01 1.018e-01 0.000e+00
3.000e+01 9.170e-02 0.000e+00
3.010e+01 9.351e-02 0.000e+00
3.020e+01 9.089e-02 0.000e+00
3.030e+01 1.079e-01 0.000e+00
3.040e+01 1.055e-01 0.000e+00
3.050e+01 1.090e-01 0.000e+00
3.060e+01 9.581e-02 0.000e+00
3.070e+01 1.025e-01 0.000e+00
3.080e+01 9.839e-02 0.000e+00
3.090e+01 9.185e-02 0.000e+00
3.100e+01 9.081e-02 0.000e+00
3.110e+01 9.185e-02 0.000e+00
3.120e+01 1.014e-01 0.000e+00
3.130e+01 9.131e-02 0.000e+00
3.140e+01 9.257e-02 0.000e+00
3.150e+01 8.774e-02 0.000e+00
3.160e+01 8.691e-02 0.000e+00
3.170e+01 8.958e-02 0.000e+00
3.180e+01 9.288e-02 0.000e+00
3.190e+01 9.125e-02 0.000e+00
3.200e+01 8.948e-02 0.000e+00
3.210e+01 8.657e-02 0.000e+00
3.220e+01 8.102e-02 0.000e+00
3.230e+01 8.837e-02 0.000e+00
3.240e+01 8.268e-02 0.000e+00
3.250e+01 8.199e-02 0.000e+00
3.260e+01 7.637e-02 0.000e+00
3.270e+01 7.959e-02 0.000e+00
3.280e+01 7.655e-02 0.000e+00
3.290e+01 8.110e-02 0.000e+00
3.300e+01 8.766e-02 0.000e+00
3.310e+01 8.230e-02 0.000e+00
3.320e+01 8.245e-02 0.000e+00
3.330e+01 8.790e-02 0.000e+00
3.340e+01 8.569e-02 0.000e+00
3.350e+01 8.361e-02 0.000e+00
3.360e+01 8.756e-02 0.000e+00
3.370e+01 8.899e-02 0.000e+00
3.380e+01 8.326e-02 0.000e+00
3.390e+01 8.640e-02 0.000e+00
3.400e+01 8.109e-02 0.000e+00
3.410e+01 8.205e-02 0.000e+00
3.420e+01 9.477e-02 0.000e+00
3.430e+01 8.628e-02 0.000e+00
3.440e+01 8.176e-02 0.000e+00
3.450e+01 9.064e-02 0.000e+00
3.460e+01 8.680e-02 0.000e+00
3.470e+01 8.077e-02 0.000e+00
3.480e+01 7.936e-02 0.000e+00
3.490e+01 7.602e-02 0.000e+00
3.500e+01 8.570e-02 0.000e+00
3.510e+01 8.964e-02 0.000e+00
3.520e+01 8.975e-02 0.000e+00
3.530e+01 8.848e-02 0.000e+00
3.540e+01 8.882e-02 0.000e+00
3.550e+01 9.362e-02 0.000e+00
3.560e+01 9.570e-02 0.000e+00
3.570e+01 8.754e-02 0.000e+00
3.580e+01 8.272e-02 0.000e+00
3.590e+01 8.530e-02 0.000e+00
3.600e+01 8.416e-02 0.000e+00
3.610e+01 8.719e-02 0.000e+00
3.620e+01 8.629e-02 0.000e+00
3.630e+01 8.221e-02 0.000e+00
3.640e+01 9.243e-02 0.000e+00
3.650e+01 8.675e-02 0.000e+00
3.660e+01 8.748e-02 0.000e+00
3.670e+01 9.045e-02 0.000e+00
3.680e+01 9.082e-02 0.000e+00
3.690e+01 8.748e-02 0.000e+00
3.700e+01 8.625e-02 0.000e+00
3.710e+01 8.348e-02 0.000e+00
3.720e+01 8.037e-02 0.000e+00
3.730e+01 7.254e-02 0.000e+00
3.740e+01 7.769e-02 0.000e+00
3.750e+01 8.238e-02 0.000e+00
3.760e+01 8.301e-02 0.000e+00
3.770e+01 8.721e-02 0.000e+00
3.780e+01 9.365e-02 0.000e+00
3.790e+01 9.898e-02 0.000e+00
3.800e+01 9.301e-02 0.000e+00
3.810e+01 9.285e-02 0.000e+00
3.820e+01 9.157e-02 0.000e+00
3.830e+01 8.966e-02 0.000e+00
3.840e+01 9.690e-02 0.000e+00
3.850e+01 9.198e-02 0.000e+00
3.860e+01 9.082e-02 0.000e+00
3.870e+01 8.079e-02 0.000e+00
3.880e+01 8.174e-02 0.000e+00
3.890e+01 8.648e-02 0.000e+00
3.900e+01 8.788e-02 0.000e+00
3.910e+01 9.467e-02 0.000e+00
3.920e+01 9.053e-02 0.000e+00
3.930e+01 8.380e-02 0.000e+00
3.940e+01 8.361e-02 0.000e+00
3.950e+01 8.810e-02 0.000e+00
3.960e+01 8.047e-02 0.000e+00
3.970e+01 7.784e-02 0.000e+00
3.980e+01 7.950e-02 0.000e+00
3.990e+01 6.350e-02 0.000e+00
4.000e+01 6.435e-02 0.000e+00
4.010e+01 6.404e-02 0.000e+00
4.020e+01 6.049e-02 0.000e+00
4.030e+01 6.805e-02 0.000e+00
4.040e+01 7.110e-02 0.000e+00
4.050e+01 7.623e-02 0.000e+00
4.060e+01 7.864e-02 0.000e+00
4.070e+01 7.625e-02 0.000e+00
4.080e+01 6.791e-02 0.000e+00
4.090e+01 6.597e-02 0.000e+00
4.100e+01 6.948e-02 0.000e+00
4.110e+01 6.339e-02 0.000e+00
4.120e+01 7.106e-02 0.000e+00
4.130e+01 7.301e-02 0.000e+00
4.140e+01 7.757e-02 0.000e+00
4.150e+01 6.752e-02 0.000e+00
4.160e+01 6.238e-02 0.000e+00
4.170e+01 6.593e-02 0.000e+00
4.180e+01 6.677e-02 0.000e+00
4.190e+01 6.451e-02 0.000e+00
4.200e+01 6.323e-02 0.000e+00
4.210e+01 6.236e-02 0.000e+00
4.220e+01 6.181e-02 0.000e+00
4.230e+01 6.193e-02 0.000e+00
4.240e+01 6.125e-02 0.000e+00
4.250e+01 5.856e-02 0.000e+00
4.260e+01 5.918e-02 0.000e+00
4.270e+01 5.743e-02 0.000e+00
4.280e+01 6.236e-02 0.000e+00
4.290e+01 6.549e-02 0.000e+00
4.300e+01 6.608e-02 0.000e+00
4.310e+01 6.373e-02 0.000e+00
4.320e+01 5.471e-02 0.000e+00
4.330e+01 5.424e-02 0.000e+00
4.340e+01 5.391e-02 0.000e+00
4.350e+01 5.138e-02 0.000e+00
4.360e+01 5.483e-02 0.000e+00
4.370e+01 5.721e-02 0.000e+00
4.380e+01 6.082e-02 0.000e+00
4.390e+01 6.580e-02 0.000e+00
4.400e+01 6.877e-02 0.000e+00
4.410e+01 6.292e-02 0.000e+00
4.420e+01 6.574e-02 0.000e+00
4.430e+01 5.980e-02 0.000e+00
4.440e+01 5.634e-02 0.000e+00
4.450e+01 6.123e-02 0.000e+00
4.460e+01 6.250e-02 0.000e+00
4.470e+01 6.875e-02 0.000e+00
4.480e+01 6.285e-02 0.000e+00
4.490e+01 6.377e-02 0.000e+00
4.500e+01 7.957e-02 0.000e+00
4.510e+01 6.434e-02 0.000e+00
4.520e+01 5.854e-02 0.000e+00
4.530e+01 5.263e-02 0.000e+00
4.540e+01 5.333e-02 0.000e+00
4.550e+01 5.713e-02 0.000e+00
4.560e+01 5.794e-02 0.000e+00
4.570e+01 6.088e-02 0.000e+00
4.580e+01 5.969e-02 0.000e+00
4.590e+01 5.830e-02 0.000e+00
4.600e+01 5.737e-02 0.000e+00
4.610e+01 5.784e-02 0.000e+00
4.620e+01 4.863e-02 0.000e+00
4.630e+01 4.960e-02 0.000e+00
4.640e+01 4.856e-02 0.000e+00
4.650e+01 5.316e-02 0.000e+00
4.660e+01 5.435e-02 0.000e+00
4.670e+01 5.787e-02 0.000e+00
4.680e+01 5.840e-02 0.000e+00
4.690e+01 5.558e-02 0.000e+00
4.700e+01 5.222e-02 0.000e+00
4.710e+01 5.800e-02 0.000e+00
4.720e+01 6.087e-02 0.000e+00
4.730e+01 6.519e-02 0.000e+00
4.740e+01 5.771e-02 0.000e+00
4.750e+01 6.042e-02 0.000e+00
4.760e+01 5.367e-02 0.000e+00
4.770e+01 5.991e-02 0.000e+00
4.780e+01 5.784e-02 0.000e+00
4.790e+01 6.014e-02 0.000e+00
4.800e+01 6.037e-02 0.000e+00
4.810e+01 6.177e-02 0.000e+00
4.820e+01 6.350e-02 0.000e+00
4.830e+01 6.328e-02 0.000e+00
4.840e+01 6.610e-02 0.000e+00
4.850e+01 6.629e-02 0.000e+00
4.860e+01 6.376e-02 0.000e+00
4.870e+01 5.814e-02 0.000e+00
4.880e+01 5.753e-02 0.000e+00
4.890e+01 5.753e-02 0.000e+00
4.900e+01 5.410e-02 0.000e+00
4.910e+01 4.872e-02 0.000e+00
4.920e+01 5.490e-02 0.000e+00
4.930e+01 4.834e-02 0.000e+00
4.940e+01 4.967e-02 0.000e+00
4.950e+01 5.453e-02 0.000e+00
4.960e+01 5.653e-02 0.000e+00
4.970e+01 5.493e-02 0.000e+00
4.980e+01 5.334e-02 0.000e+00
4.990e+01 4.863e-02 0.000e+00
5.000e+01 4.515e-02 0.000e+00
5.010e+01 4.832e-02 0.000e+00
5.020e+01 4.603e-02 0.000e+00
5.030e+01 4.212e-02 0.000e+00
5.040e+01 4.280e-02 0.000e+00
5.050e+01 4.136e-02 0.000e+00
5.060e+01 4.121e-02 0.000e+00
5.070e+01 5.063e-02 0.000e+00
5.080e+01 4.917e-02 0.000e+00
5.090e+01 4.551e-02 0.000e+00
5.100e+01 4.670e-02 0.000e+00
5.110e+01 4.469e-02 0.000e+00
5.120e+01 4.893e-02 0.000e+00
5.130e+01 4.755e-02 0.000e+00
5.140e+01 4.646e-02 0.000e+00
5.150e+01 4.470e-02 0.000e+00
5.160e+01 4.251e-02 0.000e+00
5.170e+01 4.192e-02 0.000e+00
5.180e+01 3.934e-02 0.000e+00
5.190e+01 3.363e-02 0.000e+00
5.200e+01 3.264e-02 0.000e+00
5.210e+01 2.876e-02 0.000e+00
5.220e+01 3.087e-02 0.000e+00
5.230e+01 3.497e-02 0.000e+00
5.240e+01 3.542e-02 0.000e+00
5.250e+01 2.385e-02 0.000e+00
5.260e+01 3.672e-02 0.000e+00
5.270e+01 3.893e-02 0.000e+00
5.280e+01 4.220e-02 0.000e+00
5.290e+01 4.334e-02 0.000e+00
5.300e+01 4.403e-02 0.000e+00
5.310e+01 4.026e-02 0.000e+00
5.320e+01 3.374e-02 0.000e+00
5.330e+01 3.695e-02 0.000e+00
5.340e+01 3.627e-02 0.000e+00
5.350e+01 3.950e-02 0.000e+00
5.360e+01 3.606e-02 0.000e+00
5.370e+01 3.949e-02 0.000e+00
5.380e+01 3.621e-02 0.000e+00
5.390e+01 4.269e-02 0.000e+00
5.400e+01 4.805e-02 0.000e+00
5.410e+01 4.234e-02 0.000e+00
5.420e+01 4.127e-02 0.000e+00
5.430e+01 4.078e-02 0.000e+00
5.440e+01 4.113e-02 0.000e+00
5.450e+01 4.396e-02 0.000e+00
5.460e+01 4.549e-02 0.000e+00
5.470e+01 4.615e-02 0.000e+00
5.480e+01 4.598e-02 0.000e+00
5.490e+01 4.424e-02 0.000e+00
5.500e+01 4.468e-02 0.000e+00
5.510e+01 4.513e-02 0.000e+00
5.520e+01 4.588e-02 0.000e+00
5.530e+01 4.699e-02 0.000e+00
5.540e+01 4.821e-02 0.000e+00
5.550e+01 4.832e-02 0.000e+00
5.560e+01 4.798e-02 0.000e+00
5.570e+01 4.290e-02 0.000e+00
5.580e+01 4.053e-02 0.000e+00
5.590e+01 4.356e-02 0.000e+00
5.600e+01 4.372e-02 0.000e+00
5.610e+01 4.250e-02 0.000e+00
5.620e+01 4.243e-02 0.000e+00
5.630e+01 4.378e-02 0.000e+00
5.640e+01 4.538e-02 0.000e+00
5.650e+01 4.313e-02 0.000e+00
5.660e+01 3.940e-02 0.000e+00
5.670e+01 3.915e-02 0.000e+00
5.680e+01 3.487e-02 0.000e+00
5.690e+01 3.753e-02 0.000e+00
5.700e+01 3.989e-02 0.000e+00
5.710e+01 3.610e-02 0.000e+00
5.720e+01 3.820e-02 0.000e+00
5.730e+01 3.939e-02 0.000e+00
5.740e+01 3.543e-02 0.000e+00
5.750e+01 3.655e-02 0.000e+00
5.760e+01 3.766e-02 0.000e+00
5.770e+01 4.055e-02 0.000e+00
5.780e+01 4.170e-02 0.000e+00
5.790e+01 4.169e-02 0.000e+00
5.800e+01 4.254e-02 0.000e+00
5.810e+01 4.196e-02 0.000e+00
5.820e+01 4.166e-02 0.000e+00
5.830e+01 4.628e-02 0.000e+00
5.840e+01 4.850e-02 0.000e+00
5.850e+01 4.437e-02 0.000e+00
5.860e+01 4.541e-02 0.000e+00
5.870e+01 4.086e-02 0.000e+00
5.880e+01 4.284e-02 0.000e+00
5.890e+01 4.184e-02 0.000e+00
5.900e+01 4.049e-02 0.000e+00
5.910e+01 3.986e-02 0.000e+00
5.920e+01 4.028e-02 0.000e+00
5.930e+01 3.657e-02 0.000e+00
5.940e+01 3.765e-02 0.000e+00
5.950e+01 4.042e-02 0.000e+00
5.960e+01 4.265e-02 0.000e+00
5.970e+01 4.533e-02 0.000e+00
5.980e+01 4.292e-02 0.000e+00
5.990e+01 4.095e-02 0.000e+00
6.000e+01 3.726e-02 0.000e+00
6.010e+01 3.472e-02 0.000e+00
6.020e+01 3.561e-02 0.000e+00
6.030e+01 3.737e-02 0.000e+00
6.040e+01 3.824e-02 0.000e+00
6.050e+01 4.172e-02 0.000e+00
6.060e+01 4.010e-02 0.000e+00
6.070e+01 4.031e-02 0.000e+00
6.080e+01 4.216e-02 0.000e+00
6.090e+01 4.021e-02 0.000e+00
6.100e+01 3.845e-02 0.000e+00
6.110e+01 3.851e-02 0.000e+00
6.120e+01 4.212e-02 0.000e+00
6.130e+01 4.203e-02 0.000e+00
6.140e+01 4.016e-02 0.000e+00
6.150e+01 4.191e-02 0.000e+00
6.160e+01 3.641e-02 0.000e+00
6.170e+01 3.840e-02 0.000e+00
6.180e+01 3.712e-02 0.000e+00
6.190e+01 3.502e-02 0.000e+00
6.200e+01 3.336e-02 0.000e+00
6.210e+01 2.937e-02 0.000e+00
6.220e+01 3.134e-02 0.000e+00
6.230e+01 3.446e-02 0.000e+00
6.240e+01 3.529e-02 0.000e+00
6.250e+01 2.656e-02 0.000e+00
6.260e+01 3.296e-02 0.000e+00
6.270e+01 3.312e-02 0.000e+00
6.280e+01 3.663e-02 0.000e+00
6.290e+01 3.928e-02 0.000e+00
6.300e+01 3.930e-02 0.000e+00
6.310e+01 3.974e-02 0.000e+00
6.320e+01 3.696e-02 0.000e+00
6.330e+01 3.999e-02 0.000e+00
6.340e+01 3.674e-02 0.000e+00
6.350e+01 3.946e-02 0.000e+00
6.360e+01 3.785e-02 0.000e+00
6.370e+01 3.750e-02 0.000e+00
6.380e+01 3.545e-02 0.000e+00
6.390e+01 3.682e-02 0.000e+00
6.400e+01 3.637e-02 0.000e+00
6.410e+01 3.613e-02 0.000e+00
6.420e+01 3.395e-02 0.000e+00
6.430e+01 3.687e-02 0.000e+00
6.440e+01 3.935e-02 0.000e+00
6.450e+01 3.929e-02 0.000e+00
6.460e+01 3.587e-02 0.000e+00
6.470e+01 3.783e-02 0.000e+00
6.480e+01 3.628e-02 0.000e+00
6.490e+01 3.644e-02 0.000e+00
6.500e+01 3.601e-02 0.000e+00
6.510e+01 3.543e-02 0.000e+00
6.520e+01 3.430e-02 0.000e+00
6.530e+01 3.038e-02 0.000e+00
6.540e+01 3.193e-02 0.000e+00
6.550e+01 3.330e-02 0.000e+00
6.560e+01 3.334e-02 0.000e+00
6.570e+01 3.709e-02 0.000e+00
6.580e+01 3.551e-02 0.000e+00
6.590e+01 3.714e-02 0.000e+00
6.600e+01 3.347e-02 0.000e+00
6.610e+01 3.298e-02 0.000e+00
6.620e+01 3.094e-02 0.000e+00
6.630e+01 3.518e-02 0.000e+00
6.640e+01 3.440e-02 0.000e+00
6.650e+01 3.529e-02 0.000e+00
6.660e+01 3.430e-02 0.000e+00
6.670e+01 3.582e-02 0.000e+00
6.680e+01 3.313e-02 0.000e+00
6.690e+01 3.397e-02 0.000e+00
6.700e+01 3.394e-02 0.000e+00
6.710e+01 3.451e-02 0.000e+00
6.720e+01 3.749e-02 0.000e+00
6.730e+01 3.850e-02 0.000e+00
6.740e+01 3.584e-02 0.000e+00
6.750e+01 3.372e-02 0.000e+00
6.760e+01 3.435e-02 0.000e+00
6.770e+01 3.423e-02 0.000e+00
6.780e+01 3.746e-02 0.000e+00
6.790e+01 3.684e-02 0.000e+00
6.800e+01 3.399e-02 0.000e+00
6.810e+01 3.672e-02 0.000e+00
6.820e+01 3.886e-02 0.000e+00
6.830e+01 3.648e-02 0.000e+00
6.840e+01 3.389e-02 0.000e+00
6.850e+01 3.206e-02 0.000e+00
6.860e+01 2.753e-02 0.000e+00
6.870e+01 2.605e-02 0.000e+00
6.880e+01 2.678e-02 0.000e+00
6.890e+01 2.750e-02 0.000e+00
6.900e+01 2.647e-02 0.000e+00
6.910e+01 2.439e-02 0.000e+00
6.920e+01 3.128e-02 0.000e+00
6.930e+01 2.778e-02 0.000e+00
6.940e+01 2.608e-02 0.000e+00
6.950e+01 2.452e-02 0.000e+00
6.960e+01 2.510e-02 0.000e+00
6.970e+01 1.908e-02 0.000e+00
6.980e+01 2.058e-02 0.000e+00
6.990e+01 1.953e-02 0.000e+00
7.000e+01 2.132e-02 0.000e+00
7.010e+01 2.626e-02 0.000e+00
7.020e+01 2.767e-02 0.000e+00
7.030e+01 2.226e-02 0.000e+00
7.040e+01 2.295e-02 0.000e+00
7.050e+01 2.427e-02 0.000e+00
7.060e+01 2.483e-02 0.000e+00
7.070e+01 2.717e-02 0.000e+00
7.080e+01 2.815e-02 0.000e+00
7.090e+01 3.160e-02 0.000e+00
7.100e+01 2.919e-02 0.000e+00
7.110e+01 2.100e-02 0.000e+00
7.120e+01 2.769e-02 0.000e+00
7.130e+01 2.495e-02 0.000e+00
7.140e+01 2.652e-02 0.000e+00
7.150e+01 2.985e-02 0.000e+00
7.160e+01 3.307e-02 0.000e+00
7.170e+01 2.985e-02 0.000e+00
7.180e+01 2.671e-02 0.000e+00
7.190e+01 2.769e-02 0.000e+00
7.200e+01 2.656e-02 0.000e+00
7.210e+01 2.785e-02 0.000e+00
7.220e+01 3.005e-02 0.000e+00
7.230e+01 2.797e-02 0.000e+00
7.240e+01 2.523e-02 0.000e+00
7.250e+01 2.216e-02 0.000e+00
7.260e+01 2.651e-02 0.000e+00
7.270e+01 2.653e-02 0.000e+00
7.280e+01 2.782e-02 0.000e+00
7.290e+01 2.947e-02 0.000e+00
7.300e+01 2.551e-02 0.000e+00
7.310e+01 2.393e-02 0.000e+00
7.320e+01 2.499e-02 0.000e+00
7.330e+01 2.958e-02 0.000e+00
7.340e+01 2.817e-02 0.000e+00
7.350e+01 2.790e-02 0.000e+00
7.360e+01 2.999e-02 0.000e+00
7.370e+01 2.708e-02 0.000e+00
7.380e+01 3.359e-02 0.000e+00
7.390e+01 3.412e-02 0.000e+00
7.400e+01 3.139e-02 0.000e+00
7.410e+01 3.062e-02 0.000e+00
7.420e+01 2.955e-02 0.000e+00
7.430e+01 2.904e-02 0.000e+00
7.440e+01 2.791e-02 0.000e+00
7.450e+01 3.508e-02 0.000e+00
7.460e+01 3.067e-02 0.000e+00
7.470e+01 3.333e-02 0.000e+00
7.480e+01 3.134e-02 0.000e+00
7.490e+01 3.113e-02 0.000e+00
7.500e+01 3.249e-02 0.000e+00
7.510e+01 3.285e-02 0.000e+00
7.520e+01 3.252e-02 0.000e+00
7.530e+01 2.838e-02 0.000e+00
7.540e+01 2.786e-02 0.000e+00
7.550e+01 2.968e-02 0.000e+00
7.560e+01 2.972e-02 0.000e+00
7.570e+01 3.084e-02 0.000e+00
7.580e+01 3.183e-02 0.000e+00
7.590e+01 2.662e-02 0.000e+00
7.600e+01 2.690e-02 0.000e+00
7.610e+01 2.649e-02 0.000e+00
7.620e+01 2.455e-02 0.000e+00
7.630e+01 3.236e-02 0.000e+00
7.640e+01 3.047e-02 0.000e+00
7.650e+01 3.962e-02 0.000e+00
7.660e+01 3.571e-02 0.000e+00
7.670e+01 3.820e-02 0.000e+00
7.680e+01 3.360e-02 0.000e+00
7.690e+01 2.842e-02 0.000e+00
7.700e+01 3.169e-02 0.000e+00
7.710e+01 3.221e-02 0.000e+00
7.720e+01 3.155e-02 0.000e+00
7.730e+01 3.575e-02 0.000e+00
7.740e+01 3.721e-02 0.000e+00
7.750e+01 3.350e-02 0.000e+00
7.760e+01 3.237e-02 0.000e+00
7.770e+01 3.174e-02 0.000e+00
7.780e+01 3.580e-02 0.000e+00
7.790e+01 3.479e-02 0.000e+00
7.800e+01 3.718e-02 0.000e+00
7.810e+01 3.713e-02 0.000e+00
7.820e+01 4.442e-02 0.000e+00
7.830e+01 4.214e-02 0.000e+00
7.840e+01 4.087e-02 0.000e+00
7.850e+01 3.544e-02 0.000e+00
7.860e+01 3.339e-02 0.000e+00
7.870e+01 3.166e-02 0.000e+00
7.880e+01 3.625e-02 0.000e+00
7.890e+01 3.393e-02 0.000e+00
7.900e+01 3.621e-02 0.000e+00
7.910e+01 3.378e-02 0.000e+00
7.920e+01 3.634e-02 0.000e+00
7.930e+01 3.064e-02 0.000e+00
7.940e+01 3.127e-02 0.000e+00
7.950e+01 3.549e-02 0.000e+00
7.960e+01 3.326e-02 0.000e+00
7.970e+01 3.226e-02 0.000e+00
7.980e+01 3.490e-02 0.000e+00
7.990e+01 3.282e-02 0.000e+00
8.000e+01 3.064e-02 0.000e+00
8.010e+01 3.049e-02 0.000e+00
8.020e+01 3.400e-02 0.000e+00
8.030e+01 2.791e-02 0.000e+00
8.040e+01 3.427e-02 0.000e+00
8.050e+01 4.142e-02 0.000e+00
8.060e+01 3.297e-02 0.000e+00
8.070e+01 3.284e-02 0.000e+00
8.080e+01 3.211e-02 0.000e+00
8.090e+01 3.360e-02 0.000e+00
8.100e+01 3.537e-02 0.000e+00
8.110e+01 3.712e-02 0.000e+00
8.120e+01 3.957e-02 0.000e+00
8.130e+01 3.881e-02 0.000e+00
8.140e+01 3.175e-02 0.000e+00
8.150e+01 3.521e-02 0.000e+00
8.160e+01 3.322e-02 0.000e+00
8.170e+01 3.699e-02 0.000e+00
8.180e+01 3.078e-02 0.000e+00
8.190e+01 2.920e-02 0.000e+00
8.200e+01 2.919e-02 0.000e+00
8.210e+01 2.714e-02 0.000e+00
8.220e+01 2.795e-02 0.000e+00
8.230e+01 2.986e-02 0.000e+00
8.240e+01 2.974e-02 0.000e+00
8.250e+01 2.715e-02 0.000e+00
8.260e+01 3.017e-02 0.000e+00
8.270e+01 2.947e-02 0.000e+00
8.280e+01 3.028e-02 0.000e+00
8.290e+01 3.335e-02 0.000e+00
8.300e+01 2.723e-02 0.000e+00
8.310e+01 2.771e-02 0.000e+00
8.320e+01 2.578e-02 0.000e+00
8.330e+01 2.723e-02 0.000e+00
8.340e+01 2.315e-02 0.000e+00
8.350e+01 2.705e-02 0.000e+00
8.360e+01 2.744e-02 0.000e+00
8.370e+01 2.756e-02 0.000e+00
8.380e+01 2.831e-02 0.000e+00
8.390e+01 2.160e-02 0.000e+00
8.400e+01 2.670e-02 0.000e+00
8.410e+01 2.493e-02 0.000e+00
8.420e+01 2.626e-02 0.000e+00
8.430e+01 2.024e-02 0.000e+00
8.440e+01 2.504e-02 0.000e+00
8.450e+01 3.301e-02 0.000e+00
8.460e+01 2.815e-02 0.000e+00
8.470e+01 2.927e-02 0.000e+00
8.480e+01 2.954e-02 0.000e+00
8.490e+01 3.020e-02 0.000e+00
8.500e+01 3.121e-02 0.000e+00
8.510e+01 3.358e-02 0.000e+00
8.520e+01 2.540e-02 0.000e+00
8.530e+01 1.992e-02 0.000e+00
8.540e+01 2.464e-02 0.000e+00
8.550e+01 2.365e-02 0.000e+00
8.560e+01 2.700e-02 0.000e+00
8.570e+01 2.899e-02 0.000e+00
8.580e+01 3.044e-02 0.000e+00
8.590e+01 2.525e-02 0.000e+00
8.600e+01 2.703e-02 0.000e+00
8.610e+01 2.388e-02 0.000e+00
8.620e+01 2.610e-02 0.000e+00
8.630e+01 2.661e-02 0.000e+00
8.640e+01 3.264e-02 0.000e+00
8.650e+01 3.444e-02 0.000e+00
8.660e+01 3.289e-02 0.000e+00
8.670e+01 3.324e-02 0.000e+00
8.680e+01 3.992e-02 0.000e+00
8.690e+01 2.738e-02 0.000e+00
8.700e+01 2.625e-02 0.000e+00
8.710e+01 3.178e-02 0.000e+00
8.720e+01 2.596e-02 0.000e+00
8.730e+01 2.890e-02 0.000e+00
8.740e+01 3.207e-02 0.000e+00
8.750e+01 2.846e-02 0.000e+00
8.760e+01 3.093e-02 0.000e+00
8.770e+01 2.760e-02 0.000e+00
8.780e+01 3.325e-02 0.000e+00
8.790e+01 3.354e-02 0.000e+00
8.800e+01 3.488e-02 0.000e+00
8.810e+01 3.305e-02 0.000e+00
8.820e+01 3.027e-02 0.000e+00
8.830e+01 2.337e-02 0.000e+00
8.840e+01 2.540e-02 0.000e+00
8.850e+01 2.601e-02 0.000e+00
8.860e+01 2.670e-02 0.000e+00
8.870e+01 3.116e-02 0.000e+00
8.880e+01 3.345e-02 0.000e+00
8.890e+01 2.966e-02 0.000e+00
8.900e+01 2.844e-02 0.000e+00
8.910e+01 2.437e-02 0.000e+00
8.920e+01 2.970e-02 0.000e+00
8.930e+01 2.587e-02 0.000e+00
8.940e+01 2.782e-02 0.000e+00
8.950e+01 3.194e-02 0.000e+00
8.960e+01 3.140e-02 0.000e+00
8.970e+01 2.921e-02 0.000e+00
8.980e+01 3.800e-02 0.000e+00
8.990e+01 3.384e-02 0.000e+00
9.000e+01 3.603e-02 0.000e+00
9.010e+01 3.979e-02 0.000e+00
9.020e+01 4.430e-02 0.000e+00
9.030e+01 3.801e-02 0.000e+00
9.040e+01 3.872e-02 0.000e+00
9.050e+01 4.415e-02 0.000e+00
9.060e+01 4.091e-02 0.000e+00
9.070e+01 3.551e-02 0.000e+00
9.080e+01 4.074e-02 0.000e+00
9.090e+01 3.494e-02 0.000e+00
9.100e+01 3.855e-02 0.000e+00
9.110e+01 4.449e-02 0.000e+00
9.120e+01 3.850e-02 0.000e+00
9.130e+01 4.418e-02 0.000e+00
9.140e+01 4.067e-02 0.000e+00
9.150e+01 4.105e-02 0.000e+00
9.160e+01 4.177e-02 0.000e+00
9.170e+01 5.220e-02 0.000e+00
9.180e+01 4.098e-02 0.000e+00
9.190e+01 3.537e-02 0.000e+00
9.200e+01 4.198e-02 0.000e+00
9.210e+01 3.742e-02 0.000e+00
9.220e+01 3.490e-02 0.000e+00
9.230e+01 4.199e-02 0.000e+00
9.240e+01 4.212e-02 0.000e+00
9.250e+01 4.288e-02 0.000e+00
9.260e+01 4.083e-02 0.000e+00
9.270e+01 4.258e-02 0.000e+00
9.280e+01 4.220e-02 0.000e+00
9.290e+01 3.899e-02 0.000e+00
9.300e+01 4.244e-02 0.000e+00
9.310e+01 4.026e-02 0.000e+00
9.320e+01 3.561e-02 0.000e+00
9.330e+01 3.914e-02 0.000e+00
9.340e+01 3.961e-02 0.000e+00
9.350e+01 4.217e-02 0.000e+00
9.360e+01 4.353e-02 0.000e+00
9.370e+01 3.952e-02 0.000e+00
9.380e+01 4.222e-02 0.000e+00
9.390e+01 3.394e-02 0.000e+00
9.400e+01 3.423e-02 0.000e+00
9.410e+01 3.030e-02 0.000e+00
9.420e+01 3.330e-02 0.000e+00
9.430e+01 3.183e-02 0.000e+00
9.440e+01 3.120e-02 0.000e+00
9.450e+01 3.514e-02 0.000e+00
9.460e+01 3.543e-02 0.000e+00
9.470e+01 2.817e-02 0.000e+00
9.480e+01 2.809e-02 0.000e+00
9.490e+01 2.941e-02 0.000e+00
9.500e+01 3.329e-02 0.000e+00
9.510e+01 3.258e-02 0.000e+00
9.520e+01 3.471e-02 0.000e+00
9.530e+01 3.283e-02 0.000e+00
9.540e+01 3.702e-02 0.000e+00
9.550e+01 3.196e-02 0.000e+00
9.560e+01 3.143e-02 0.000e+00
9.570e+01 3.275e-02 0.000e+00
9.580e+01 3.235e-02 0.000e+00
9.590e+01 2.994e-02 0.000e+00
9.600e+01 2.857e-02 0.000e+00
9.610e+01 2.612e-02 0.000e+00
9.620e+01 2.715e-02 0.000e+00
9.630e+01 2.940e-02 0.000e+00
9.640e+01 2.651e-02 0.000e+00
9.650e+01 2.827e-02 0.000e+00
9.660e+01 2.554e-02 0.000e+00
9.670e+01 2.871e-02 0.000e+00
9.680e+01 3.339e-02 0.000e+00
9.690e+01 2.797e-02 0.000e+00
9.700e+01 2.853e-02 0.000e+00
9.710e+01 2.804e-02 0.000e+00
9.720e+01 2.226e-02 0.000e+00
9.730e+01 2.149e-02 0.000e+00
9.740e+01 2.529e-02 0.000e+00
9.750e+01 2.997e-02 0.000e+00
9.760e+01 3.336e-02 0.000e+00
9.770e+01 2.699e-02 0.000e+00
9.780e+01 2.805e-02 0.000e+00
9.790e+01 3.106e-02 0.000e+00
9.800e+01 3.303e-02 0.000e+00
9.810e+01 3.649e-02 0.000e+00
9.820e+01 3.543e-02 0.000e+00
9.830e+01 3.112e-02 0.000e+00
9.840e+01 3.421e-02 0.000e+00
9.850e+01 3.487e-02 0.000e+00
9.860e+01 3.292e-02 0.000e+00
9.870e+01 3.929e-02 0.000e+00
9.880e+01 3.865e-02 0.000e+00
9.890e+01 3.527e-02 0.000e+00
9.900e+01 2.910e-02 0.000e+00
9.910e+01 3.459e-02 0.000e+00
9.920e+01 3.047e-02 0.000e+00
9.930e+01 3.477e-02 0.000e+00
9.940e+01 3.520e-02 0.000e+00
9.950e+01 3.120e-02 0.000e+00
9.960e+01 3.597e-02 0.000e+00
9.970e+01 3.550e-02 0.000e+00
9.980e+01 3.573e-02 0.000e+00
9.990e+01 4.096e-02 0.000e+00
