# Time (ps)      real(F_0)      im(F_0)
0.000e+00 1.000e+00 0.000e+00
1.000e-01 9.636e-01 0.000e+00
2.000e-01 9.008e-01 0.000e+00
3.000e-01 8.560e-01 0.000e+00
4.000e-01 8.808e-01 0.000e+00
5.000e-01 8.826e-01 0.000e+00
6.000e-01 8.378e-01 0.000e+00
7.000e-01 8.499e-01 0.000e+00
8.000e-01 8.367e-01 0.000e+00
9.000e-01 7.961e-01 0.000e+00
1.000e+00 7.703e-01 0.000e+00
1.100e+00 7.601e-01 0.000e+00
1.200e+00 7.661e-01 0.000e+00
1.300e+00 7.881e-01 0.000e+00
1.400e+00 7.844e-01 0.000e+00
1.500e+00 7.620e-01 0.000e+00
1.600e+00 7.347e-01 0.000e+00
1.700e+00 6.820e-01 0.000e+00
1.800e+00 6.912e-01 0.000e+00
1.900e+00 6.735e-01 0.000e+00
2.000e+00 6.921e-01 0.000e+00
2.100e+00 6.629e-01 0.000e+00
2.200e+00 6.700e-01 0.000e+00
2.300e+00 6.459e-01 0.000e+00
2.400e+00 6.495e-01 0.000e+00
2.500e+00 6.278e-01 0.000e+00
2.600e+00 6.557e-01 0.000e+00
2.700e+00 6.304e-01 0.000e+00
2.800e+00 6.148e-01 0.000e+00
2.900e+00 5.762e-01 0.000e+00
3.000e+00 5.880e-01 0.000e+00
3.100e+00 5.947e-01 0.000e+00
3.200e+00 5.715e-01 0.000e+00
3.300e+00 6.009e-01 0.000e+00
3.400e+00 5.893e-01 0.000e+00
3.500e+00 5.541e-01 0.000e+00
3.600e+00 5.485e-01 0.000e+00
3.700e+00 5.487e-01 0.000e+00
3.800e+00 5.436e-01 0.000e+00
3.900e+00 5.381e-01 0.000e+00
4.000e+00 5.145e-01 0.000e+00
4.100e+00 5.155e-01 0.000e+00
4.200e+00 5.257e-01 0.000e+00
4.300e+00 5.296e-01 0.000e+00
4.400e+00 5.124e-01 0.000e+00
4.500e+00 5.061e-01 0.000e+00
4.600e+00 4.901e-01 0.000e+00
4.700e+00 4.826e-01 0.000e+00
4.800e+00 4.755e-01 0.000e+00
4.900e+00 4.834e-01 0.000e+00
5.000e+00 5.079e-01 0.000e+00
5.100e+00 5.011e-01 0.000e+00
5.200e+00 4.919e-01 0.000e+00
5.300e+00 4.915e-01 0.000e+00
5.400e+00 4.952e-01 0.000e+00
5.500e+00 4.784e-01 0.000e+00
5.600e+00 4.459e-01 0.000e+00
5.700e+00 4.416e-01 0.000e+00
5.800e+00 4.488e-01 0.000e+00
5.900e+00 4.357e-01 0.000e+00
6.000e+00 4.370e-01 0.000e+00
6.100e+00 4.388e-01 0.000e+00
6.200e+00 4.589e-01 0.000e+00
6.300e+00 4.433e-01 0.000e+00
6.400e+00 4.385e-01 0.000e+00
6.500e+00 4.418e-01 0.000e+00
6.600e+00 4.168e-01 0.000e+00
6.700e+00 4.292e-01 0.000e+00
6.800e+00 4.263e-01 0.000e+00
6.900e+00 4.266e-01 0.000e+00
7.000e+00 4.300e-01 0.000e+00
7.100e+00 4.493e-01 0.000e+00
7.200e+00 4.378e-01 0.000e+00
7.300e+00 4.257e-01 0.000e+00
7.400e+00 4.280e-01 0.000e+00
7.500e+00 4.017e-01 0.000e+00
7.600e+00 4.188e-01 0.000e+00
7.700e+00 4.205e-01 0.000e+00
7.800e+00 4.297e-01 0.000e+00
7.900e+00 4.197e-01 0.000e+00
8.000e+00 4.115e-01 0.000e+00
8.100e+00 4.050e-01 0.000e+00
8.200e+00 3.894e-01 0.000e+00
8.300e+00 4.167e-01 0.000e+00
8.400e+00 4.054e-01 0.000e+00
8.500e+00 4.124e-01 0.000e+00
8.600e+00 4.085e-01 0.000e+00
8.700e+00 4.042e-01 0.000e+00
8.800e+00 4.099e-01 0.000e+00
8.900e+00 4.053e-01 0.000e+00
9.000e+00 3.898e-01 0.000e+00
9.100e+00 3.772e-01 0.000e+00
9.200e+00 3.764e-01 0.000e+00
9.300e+00 3.660e-01 0.000e+00
9.400e+00 3.675e-01 0.000e+00
9.500e+00 3.546e-01 0.000e+00
9.600e+00 3.549e-01 0.000e+00
9.700e+00 3.543e-01 0.000e+00
9.800e+00 3.582e-01 0.000e+00
9.900e+00 3.581e-01 0.000e+00
1.000e+01 3.382e-01 0.000e+00
1.010e+01 3.574e-01 0.000e+00
1.020e+01 3.547e-01 0.000e+00
1.030e+01 3.479e-01 0.000e+00
1.040e+01 3.613e-01 0.000e+00
1.050e+01 3.451e-01 0.000e+00
1.060e+01 3.498e-01 0.000e+00
1.070e+01 3.494e-01 0.000e+00
1.080e+01 3.441e-01 0.000e+00
1.090e+01 3.301e-01 0.000e+00
1.100e+01 3.070e-01 0.000e+00
1.110e+01 3.068e-01 0.000e+00
1.120e+01 3.355e-01 0.000e+00
1.130e+01 3.371e-01 0.000e+00
1.140e+01 3.187e-01 0.000e+00
1.150e+01 3.187e-01 0.000e+00
1.160e+01 3.148e-01 0.000e+00
1.170e+01 2.985e-01 0.000e+00
1.180e+01 3.101e-01 0.000e+00
1.190e+01 3.074e-01 0.000e+00
1.200e+01 3.145e-01 0.000e+00
1.210e+01 3.126e-01 0.000e+00
1.220e+01 3.082e-01 0.000e+00
1.230e+01 3.007e-01 0.000e+00
1.240e+01 2.875e-01 0.000e+00
1.250e+01 2.891e-01 0.000e+00
1.260e+01 3.060e-01 0.000e+00
1.270e+01 2.983e-01 0.000e+00
1.280e+01 2.894e-01 0.000e+00
1.290e+01 2.674e-01 0.000e+00
1.300e+01 2.814e-01 0.000e+00
1.310e+01 2.637e-01 0.000e+00
1.320e+01 2.541e-01 0.000e+00
1.330e+01 2.590e-01 0.000e+00
1.340e+01 2.652e-01 0.000e+00
1.350e+01 2.576e-01 0.000e+00
1.360e+01 2.647e-01 0.000e+00
1.370e+01 2.699e-01 0.000e+00
1.380e+01 2.650e-01 0.000e+00
1.390e+01 2.611e-01 0.000e+00
1.400e+01 2.459e-01 0.000e+00
1.410e+01 2.489e-01 0.000e+00
1.420e+01 2.530e-01 0.000e+00
1.430e+01 2.679e-01 0.000e+00
1.440e+01 2.610e-01 0.000e+00
1.450e+01 2.513e-01 0.000e+00
1.460e+01 2.421e-01 0.000e+00
1.470e+01 2.508e-01 0.000e+00
1.480e+01 2.398e-01 0.000e+00
1.490e+01 2.351e-01 0.000e+00
1.500e+01 2.456e-01 0.000e+00
1.510e+01 2.505e-01 0.000e+00
1.520e+01 2.489e-01 0.000e+00
1.530e+01 2.456e-01 0.000e+00
1.540e+01 2.410e-01 0.000e+00
1.550e+01 2.247e-01 0.000e+00
1.560e+01 2.127e-01 0.000e+00
1.570e+01 2.196e-01 0.000e+00
1.580e+01 2.197e-01 0.000e+00
1.590e+01 2.163e-01 0.000e+00
1.600e+01 2.095e-01 0.000e+00
1.610e+01 2.089e-01 0.000e+00
1.620e+01 2.262e-01 0.000e+00
1.630e+01 2.124e-01 0.000e+00
1.640e+01 2.231e-01 0.000e+00
1.650e+01 2.169e-01 0.000e+00
1.660e+01 2.029e-01 0.000e+00
1.670e+01 2.052e-01 0.000e+00
1.680e+01 2.108e-01 0.000e+00
1.690e+01 2.180e-01 0.000e+00
1.700e+01 2.144e-01 0.000e+00
1.710e+01 2.205e-01 0.000e+00
1.720e+01 2.187e-01 0.000e+00
1.730e+01 2.184e-01 0.000e+00
1.740e+01 2.238e-01 0.000e+00
1.750e+01 2.107e-01 0.000e+00
1.760e+01 2.208e-01 0.000e+00
1.770e+01 2.167e-01 0.000e+00
1.780e+01 2.270e-01 0.000e+00
1.790e+01 2.261e-01 0.000e+00
1.800e+01 2.348e-01 0.000e+00
1.810e+01 2.351e-01 0.000e+00
1.820e+01 2.340e-01 0.000e+00
1.830e+01 2.364e-01 0.000e+00
1.840e+01 2.437e-01 0.000e+00
1.850e+01 2.437e-01 0.000e+00
1.860e+01 2.355e-01 0.000e+00
1.870e+01 2.473e-01 0.000e+00
1.880e+01 2.448e-01 0.000e+00
1.890e+01 2.382e-01 0.000e+00
1.900e+01 2.297e-01 0.000e+00
1.910e+01 2.300e-01 0.000e+00
1.920e+01 2.348e-01 0.000e+00
1.930e+01 2.376e-01 0.000e+00
1.940e+01 2.227e-01 0.000e+00
1.950e+01 2.214e-01 0.000e+00
1.960e+01 2.150e-01 0.000e+00
1.970e+01 2.208e-01 0.000e+00
1.980e+01 2.169e-01 0.000e+00
1.990e+01 2.140e-01 0.000e+00
2.000e+01 2.089e-01 0.000e+00
2.010e+01 2.241e-01 0.000e+00
2.020e+01 2.305e-01 0.000e+00
2.030e+01 2.184e-01 0.000e+00
2.040e+01 2.159e-01 0.000e+00
2.050e+01 2.250e-01 0.000e+00
2.060e+01 2.217e-01 0.000e+00
2.070e+01 2.202e-01 0.000e+00
2.080e+01 2.165e-01 0.000e+00
2.090e+01 2.156e-01 0.000e+00
2.100e+01 2.006e-01 0.000e+00
2.110e+01 2.002e-01 0.000e+00
2.120e+01 2.156e-01 0.000e+00
2.130e+01 2.158e-01 0.000e+00
2.140e+01 2.169e-01 0.000e+00
2.150e+01 2.183e-01 0.000e+00
2.160e+01 2.137e-01 0.000e+00
2.170e+01 1.904e-01 0.000e+00
2.180e+01 1.908e-01 0.000e+00
2.190e+01 1.923e-01 0.000e+00
2.200e+01 1.848e-01 0.000e+00
2.210e+01 1.889e-01 0.000e+00
2.220e+01 1.894e-01 0.000e+00
2.230e+01 1.848e-01 0.000e+00
2.240e+01 1.811e-01 0.000e+00
2.250e+01 1.795e-01 0.000e+00
2.260e+01 1.854e-01 0.000e+00
2.270e+01 1.769e-01 0.000e+00
2.280e+01 1.751e-01 0.000e+00
2.290e+01 1.648e-01 0.000e+00
2.300e+01 1.650e-01 0.000e+00
2.310e+01 1.500e-01 0.000e+00
2.320e+01 1.539e-01 0.000e+00
2.330e+01 1.566e-01 0.000e+00
2.340e+01 1.639e-01 0.000e+00
2.350e+01 1.493e-01 0.000e+00
2.360e+01 1.515e-01 0.000e+00
2.370e+01 1.590e-01 0.000e+00
2.380e+01 1.643e-01 0.000e+00
2.390e+01 1.558e-01 0.000e+00
2.400e+01 1.542e-01 0.000e+00
2.410e+01 1.678e-01 0.000e+00
2.420e+01 1.713e-01 0.000e+00
2.430e+01 1.601e-01 0.000e+00
2.440e+01 1.523e-01 0.000e+00
2.450e+01 1.506e-01 0.000e+00
2.460e+01 1.483e-01 0.000e+00
2.470e+01 1.471e-01 0.000e+00
2.480e+01 1.491e-01 0.000e+00
2.490e+01 1.487e-01 0.000e+00
2.500e+01 1.571e-01 0.000e+00
2.510e+01 1.556e-01 0.000e+00
2.520e+01 1.577e-01 0.000e+00
2.530e+01 1.594e-01 0.000e+00
2.540e+01 1.580e-01 0.000e+00
2.550e+01 1.473e-01 0.000e+00
2.560e+01 1.430e-01 0.000e+00
2.570e+01 1.514e-01 0.000e+00
2.580e+01 1.494e-01 0.000e+00
2.590e+01 1.524e-01 0.000e+00
2.600e+01 1.574e-01 0.000e+00
2.610e+01 1.561e-01 0.000e+00
2.620e+01 1.551e-01 0.000e+00
2.630e+01 1.519e-01 0.000e+00
2.640e+01 1.557e-01 0.000e+00
2.650e+01 1.410e-01 0.000e+00
2.660e+01 1.381e-01 0.000e+00
2.670e+01 1.381e-01 0.000e+00
2.680e+01 1.448e-01 0.000e+00
2.690e+01 1.445e-01 0.000e+00
2.700e+01 1.445e-01 0.000e+00
2.710e+01 1.451e-01 0.000e+00
2.720e+01 1.421e-01 0.000e+00
2.730e+01 1.404e-01 0.000e+00
2.740e+01 1.379e-01 0.000e+00
2.750e+01 1.369e-01 0.000e+00
2.760e+01 1.352e-01 0.000e+00
2.770e+01 1.316e-01 0.000e+00
2.780e+01 1.336e-01 0.000e+00
2.790e+01 1.289e-01 0.000e+00
2.800e+01 1.240e-01 0.000e+00
2.810e+01 1.325e-01 0.000e+00
2.820e+01 1.376e-01 0.000e+00
2.830e+01 1.398e-01 0.000e+00
2.840e+01 1.349e-01 0.000e+00
2.850e+01 1.318e-01 0.000e+00
2.860e+01 1.376e-01 0.000e+00
2.870e+01 1.400e-01 0.000e+00
2.880e+01 1.499e-01 0.000e+00
2.890e+01 1.383e-01 0.000e+00
2.900e+01 1.368e-01 0.000e+00
2.910e+01 1.267e-01 0.000e+00
2.920e+01 1.273e-01 0.000e+00
2.930e+01 1.212e-01 0.000e+00
2.940e+01 1.255e-01 0.000e+00
2.950e+01 1.243e-01 0.000e+00
2.960e+01 1.287e-01 0.000e+00
2.970e+01 1.363e-01 0.000e+00
2.980e+01 1.297e-01 0.000e+00
2.990e+01 1.325e-01 0.000e+00
3.000e+01 1.289e-01 0.000e+00
3.010e+01 1.269e-01 0.000e+00
3.020e+01 1.257e-01 0.000e+00
3.030e+01 1.252e-01 0.000e+00
3.040e+01 1.281e-01 0.000e+00
3.050e+01 1.268e-01 0.000e+00
3.060e+01 1.280e-01 0.000e+00
3.070e+01 1.293e-01 0.000e+00
3.080e+01 1.301e-01 0.000e+00
3.090e+01 1.304e-01 0.000e+00
3.100e+01 1.335e-01 0.000e+00
3.110e+01 1.282e-01 0.000e+00
3.120e+01 1.278e-01 0.000e+00
3.130e+01 1.199e-01 0.000e+00
3.140e+01 1.216e-01 0.000e+00
3.150e+01 1.146e-01 0.000e+00
3.160e+01 1.163e-01 0.000e+00
3.170e+01 1.132e-01 0.000e+00
3.180e+01 1.108e-01 0.000e+00
3.190e+01 1.155e-01 0.000e+00
3.200e+01 1.204e-01 0.000e+00
3.210e+01 1.197e-01 0.000e+00
3.220e+01 1.213e-01 0.000e+00
3.230e+01 1.173e-01 0.000e+00
3.240e+01 1.086e-01 0.000e+00
3.250e+01 1.123e-01 0.000e+00
3.260e+01 1.150e-01 0.000e+00
3.270e+01 1.138e-01 0.000e+00
3.280e+01 1.188e-01 0.000e+00
3.290e+01 1.136e-01 0.000e+00
3.300e+01 1.226e-01 0.000e+00
3.310e+01 1.194e-01 0.000e+00
3.320e+01 1.130e-01 0.000e+00
3.330e+01 1.104e-01 0.000e+00
3.340e+01 1.106e-01 0.000e+00
3.350e+01 1.068e-01 0.000e+00
3.360e+01 1.146e-01 0.000e+00
3.370e+01 1.092e-01 0.000e+00
3.380e+01 1.131e-01 0.000e+00
3.390e+01 1.056e-01 0.000e+00
3.400e+01 9.883e-02 0.000e+00
3.410e+01 1.025e-01 0.000e+00
3.420e+01 1.022e-01 0.000e+00
3.430e+01 1.018e-01 0.000e+00
3.440e+01 1.055e-01 0.000e+00
3.450e+01 1.084e-01 0.000e+00
3.460e+01 1.010e-01 0.000e+00
3.470e+01 1.022e-01 0.000e+00
3.480e+01 1.007e-01 0.000e+00
3.490e+01 9.790e-02 0.000e+00
3.500e+01 1.057e-01 0.000e+00
3.510e+01 1.062e-01 0.000e+00
3.520e+01 1.007e-01 0.000e+00
3.530e+01 9.839e-02 0.000e+00
3.540e+01 1.030e-01 0.000e+00
3.550e+01 1.040e-01 0.000e+00
3.560e+01 9.817e-02 0.000e+00
3.570e+01 1.058e-01 0.000e+00
3.580e+01 1.014e-01 0.000e+00
3.590e+01 1.041e-01 0.000e+00
3.600e+01 1.026e-01 0.000e+00
3.610e+01 1.050e-01 0.000e+00
3.620e+01 1.015e-01 0.000e+00
3.630e+01 1.071e-01 0.000e+00
3.640e+01 1.054e-01 0.000e+00
3.650e+01 9.753e-02 0.000e+00
3.660e+01 9.425e-02 0.000e+00
3.670e+01 9.445e-02 0.000e+00
3.680e+01 9.789e-02 0.000e+00
3.690e+01 9.588e-02 0.000e+00
3.700e+01 9.502e-02 0.000e+00
3.710e+01 9.817e-02 0.000e+00
3.720e+01 9.623e-02 0.000e+00
3.730e+01 8.339e-02 0.000e+00
3.740e+01 8.184e-02 0.000e+00
3.750e+01 8.051e-02 0.000e+00
3.760e+01 8.577e-02 0.000e+00
3.770e+01 9.054e-02 0.000e+00
3.780e+01 8.654e-02 0.000e+00
3.790e+01 9.195e-02 0.000e+00
3.800e+01 9.226e-02 0.000e+00
3.810e+01 9.879e-02 0.000e+00
3.820e+01 9.423e-02 0.000e+00
3.830e+01 9.276e-02 0.000e+00
3.840e+01 9.132e-02 0.000e+00
3.850e+01 8.461e-02 0.000e+00
3.860e+01 9.731e-02 0.000e+00
3.870e+01 9.904e-02 0.000e+00
3.880e+01 1.040e-01 0.000e+00
3.890e+01 9.894e-02 0.000e+00
3.900e+01 9.241e-02 0.000e+00
3.910e+01 8.272e-02 0.000e+00
3.920e+01 8.356e-02 0.000e+00
3.930e+01 8.244e-02 0.000e+00
3.940e+01 8.327e-02 0.000e+00
3.950e+01 8.557e-02 0.000e+00
3.960e+01 8.386e-02 0.000e+00
3.970e+01 9.931e-02 0.000e+00
3.980e+01 8.971e-02 0.000e+00
3.990e+01 8.925e-02 0.000e+00
4.000e+01 8.644e-02 0.000e+00
4.010e+01 8.236e-02 0.000e+00
4.020e+01 7.892e-02 0.000e+00
4.030e+01 7.464e-02 0.000e+00
4.040e+01 8.387e-02 0.000e+00
4.050e+01 7.915e-02 0.000e+00
4.060e+01 8.344e-02 0.000e+00
4.070e+01 8.204e-02 0.000e+00
4.080e+01 8.272e-02 0.000e+00
4.090e+01 7.796e-02 0.000e+00
4.100e+01 8.058e-02 0.000e+00
4.110e+01 7.761e-02 0.000e+00
4.120e+01 7.587e-02 0.000e+00
4.130e+01 7.792e-02 0.000e+00
4.140e+01 7.776e-02 0.000e+00
4.150e+01 7.911e-02 0.000e+00
4.160e+01 7.082e-02 0.000e+00
4.170e+01 7.150e-02 0.000e+00
4.180e+01 7.815e-02 0.000e+00
4.190e+01 8.394e-02 0.000e+00
4.200e+01 8.293e-02 0.000e+00
4.210e+01 7.863e-02 0.000e+00
4.220e+01 8.188e-02 0.000e+00
4.230e+01 8.060e-02 0.000e+00
4.240e+01 8.130e-02 0.000e+00
4.250e+01 8.332e-02 0.000e+00
4.260e+01 8.653e-02 0.000e+00
4.270e+01 8.063e-02 0.000e+00
4.280e+01 7.550e-02 0.000e+00
4.290e+01 7.364e-02 0.000e+00
4.300e+01 7.481e-02 0.000e+00
4.310e+01 7.587e-02 0.000e+00
4.320e+01 6.199e-02 0.000e+00
4.330e+01 6.389e-02 0.000e+00
4.340e+01 6.506e-02 0.000e+00
4.350e+01 6.968e-02 0.000e+00
4.360e+01 7.417e-02 0.000e+00
4.370e+01 6.979e-02 0.000e+00
4.380e+01 6.672e-02 0.000e+00
4.390e+01 7.214e-02 0.000e+00
4.400e+01 6.586e-02 0.000e+00
4.410e+01 6.864e-02 0.000e+00
4.420e+01 7.202e-02 0.000e+00
4.430e+01 7.154e-02 0.000e+00
4.440e+01 7.355e-02 0.000e+00
4.450e+01 7.081e-02 0.000e+00
4.460e+01 7.035e-02 0.000e+00
4.470e+01 6.926e-02 0.000e+00
4.480e+01 7.170e-02 0.000e+00
4.490e+01 7.089e-02 0.000e+00
4.500e+01 8.037e-02 0.000e+00
4.510e+01 7.458e-02 0.000e+00
4.520e+01 7.399e-02 0.000e+00
4.530e+01 7.091e-02 0.000e+00
4.540e+01 6.900e-02 0.000e+00
4.550e+01 7.132e-02 0.000e+00
4.560e+01 7.005e-02 0.000e+00
4.570e+01 7.113e-02 0.000e+00
4.580e+01 7.062e-02 0.000e+00
4.590e+01 7.035e-02 0.000e+00
4.600e+01 7.184e-02 0.000e+00
4.610e+01 6.764e-02 0.000e+00
4.620e+01 7.178e-02 0.000e+00
4.630e+01 7.430e-02 0.000e+00
4.640e+01 7.277e-02 0.000e+00
4.650e+01 6.540e-02 0.000e+00
4.660e+01 6.404e-02 0.000e+00
4.670e+01 6.875e-02 0.000e+00
4.680e+01 6.797e-02 0.000e+00
4.690e+01 6.552e-02 0.000e+00
4.700e+01 6.142e-02 0.000e+00
4.710e+01 6.812e-02 0.000e+00
4.720e+01 6.677e-02 0.000e+00
4.730e+01 6.385e-02 0.000e+00
4.740e+01 5.793e-02 0.000e+00
4.750e+01 5.699e-02 0.000e+00
4.760e+01 5.862e-02 0.000e+00
4.770e+01 6.003e-02 0.000e+00
4.780e+01 6.103e-02 0.000e+00
4.790e+01 6.239e-02 0.000e+00
4.800e+01 6.352e-02 0.000e+00
4.810e+01 6.769e-02 0.000e+00
4.820e+01 6.957e-02 0.000e+00
4.830e+01 7.105e-02 0.000e+00
4.840e+01 6.997e-02 0.000e+00
4.850e+01 6.499e-02 0.000e+00
4.860e+01 6.804e-02 0.000e+00
4.870e+01 6.600e-02 0.000e+00
4.880e+01 6.805e-02 0.000e+00
4.890e+01 6.152e-02 0.000e+00
4.900e+01 6.390e-02 0.000e+00
4.910e+01 5.468e-02 0.000e+00
4.920e+01 5.299e-02 0.000e+00
4.930e+01 5.109e-02 0.000e+00
4.940e+01 5.286e-02 0.000e+00
4.950e+01 5.028e-02 0.000e+00
4.960e+01 5.008e-02 0.000e+00
4.970e+01 5.184e-02 0.000e+00
4.980e+01 4.380e-02 0.000e+00
4.990e+01 3.679e-02 0.000e+00
5.000e+01 3.523e-02 0.000e+00
5.010e+01 4.010e-02 0.000e+00
5.020e+01 4.286e-02 0.000e+00
5.030e+01 3.690e-02 0.000e+00
5.040e+01 3.612e-02 0.000e+00
5.050e+01 3.862e-02 0.000e+00
5.060e+01 4.260e-02 0.000e+00
5.070e+01 4.613e-02 0.000e+00
5.080e+01 5.159e-02 0.000e+00
5.090e+01 5.005e-02 0.000e+00
5.100e+01 4.790e-02 0.000e+00
5.110e+01 4.074e-02 0.000e+00
5.120e+01 3.498e-02 0.000e+00
5.130e+01 3.930e-02 0.000e+00
5.140e+01 4.501e-02 0.000e+00
5.150e+01 4.632e-02 0.000e+00
5.160e+01 4.650e-02 0.000e+00
5.170e+01 4.724e-02 0.000e+00
5.180e+01 4.846e-02 0.000e+00
5.190e+01 5.433e-02 0.000e+00
5.200e+01 5.432e-02 0.000e+00
5.210e+01 5.563e-02 0.000e+00
5.220e+01 5.373e-02 0.000e+00
5.230e+01 5.426e-02 0.000e+00
5.240e+01 5.006e-02 0.000e+00
5.250e+01 5.210e-02 0.000e+00
5.260e+01 5.309e-02 0.000e+00
5.270e+01 5.225e-02 0.000e+00
5.280e+01 5.528e-02 0.000e+00
5.290e+01 5.423e-02 0.000e+00
5.300e+01 5.099e-02 0.000e+00
5.310e+01 4.631e-02 0.000e+00
5.320e+01 4.365e-02 0.000e+00
5.330e+01 4.844e-02 0.000e+00
5.340e+01 5.031e-02 0.000e+00
5.350e+01 5.240e-02 0.000e+00
5.360e+01 5.060e-02 0.000e+00
5.370e+01 4.605e-02 0.000e+00
5.380e+01 5.118e-02 0.000e+00
5.390e+01 4.470e-02 0.000e+00
5.400e+01 4.083e-02 0.000e+00
5.410e+01 3.726e-02 0.000e+00
5.420e+01 4.439e-02 0.000e+00
5.430e+01 4.410e-02 0.000e+00
5.440e+01 4.681e-02 0.000e+00
5.450e+01 4.573e-02 0.000e+00
5.460e+01 4.296e-02 0.000e+00
5.470e+01 4.202e-02 0.000e+00
5.480e+01 4.476e-02 0.000e+00
5.490e+01 4.373e-02 0.000e+00
5.500e+01 4.788e-02 0.000e+00
5.510e+01 4.633e-02 0.000e+00
5.520e+01 3.622e-02 0.000e+00
5.530e+01 3.820e-02 0.000e+00
5.540e+01 4.085e-02 0.000e+00
5.550e+01 3.357e-02 0.000e+00
5.560e+01 3.583e-02 0.000e+00
5.570e+01 4.468e-02 0.000e+00
5.580e+01 3.902e-02 0.000e+00
5.590e+01 4.760e-02 0.000e+00
5.600e+01 4.549e-02 0.000e+00
5.610e+01 4.384e-02 0.000e+00
5.620e+01 4.232e-02 0.000e+00
5.630e+01 4.680e-02 0.000e+00
5.640e+01 4.205e-02 0.000e+00
5.650e+01 3.988e-02 0.000e+00
5.660e+01 4.050e-02 0.000e+00
5.670e+01 4.028e-02 0.000e+00
5.680e+01 4.301e-02 0.000e+00
5.690e+01 3.808e-02 0.000e+00
5.700e+01 3.693e-02 0.000e+00
5.710e+01 3.842e-02 0.000e+00
5.720e+01 3.953e-02 0.000e+00
5.730e+01 3.797e-02 0.000e+00
5.740e+01 3.284e-02 0.000e+00
5.750e+01 3.075e-02 0.000e+00
5.760e+01 3.562e-02 0.000e+00
5.770e+01 3.607e-02 0.000e+00
5.780e+01 3.019e-02 0.000e+00
5.790e+01 3.648e-02 0.000e+00
5.800e+01 3.765e-02 0.000e+00
5.810e+01 3.721e-02 0.000e+00
5.820e+01 3.583e-02 0.000e+00
5.830e+01 3.270e-02 0.000e+00
5.840e+01 4.157e-02 0.000e+00
5.850e+01 4.172e-02 0.000e+00
5.860e+01 4.055e-02 0.000e+00
5.870e+01 4.396e-02 0.000e+00
5.880e+01 4.618e-02 0.000e+00
5.890e+01 4.231e-02 0.000e+00
5.900e+01 3.665e-02 0.000e+00
5.910e+01 3.323e-02 0.000e+00
5.920e+01 3.539e-02 0.000e+00
5.930e+01 3.565e-02 0.000e+00
5.940e+01 4.152e-02 0.000e+00
5.950e+01 4.788e-02 0.000e+00
5.960e+01 3.825e-02 0.000e+00
5.970e+01 3.778e-02 0.000e+00
5.980e+01 2.967e-02 0.000e+00
5.990e+01 3.434e-02 0.000e+00
6.000e+01 3.354e-02 0.000e+00
6.010e+01 2.685e-02 0.000e+00
6.020e+01 3.032e-02 0.000e+00
6.030e+01 3.070e-02 0.000e+00
6.040e+01 2.898e-02 0.000e+00
6.050e+01 3.785e-02 0.000e+00
6.060e+01 3.793e-02 0.000e+00
6.070e+01 4.523e-02 0.000e+00
6.080e+01 3.976e-02 0.000e+00
6.090e+01 3.444e-02 0.000e+00
6.100e+01 3.583e-02 0.000e+00
6.110e+01 3.059e-02 0.000e+00
6.120e+01 2.992e-02 0.000e+00
6.130e+01 3.221e-02 0.000e+00
6.140e+01 3.151e-02 0.000e+00
6.150e+01 2.965e-02 0.000e+00
6.160e+01 2.900e-02 0.000e+00
6.170e+01 3.415e-02 0.000e+00
6.180e+01 4.238e-02 0.000e+00
6.190e+01 4.395e-02 0.000e+00
6.200e+01 4.990e-02 0.000e+00
6.210e+01 4.941e-02 0.000e+00
6.220e+01 4.578e-02 0.000e+00
6.230e+01 3.992e-02 0.000e+00
6.240e+01 3.583e-02 0.000e+00
6.250e+01 3.732e-02 0.000e+00
6.260e+01 3.548e-02 0.000e+00
6.270e+01 3.049e-02 0.000e+00
6.280e+01 4.038e-02 0.000e+00
6.290e+01 4.012e-02 0.000e+00
6.300e+01 3.702e-02 0.000e+00
6.310e+01 3.297e-02 0.000e+00
6.320e+01 2.916e-02 0.000e+00
6.330e+01 2.461e-02 0.000e+00
6.340e+01 3.709e-02 0.000e+00
6.350e+01 4.296e-02 0.000e+00
6.360e+01 3.964e-02 0.000e+00
6.370e+01 4.087e-02 0.000e+00
6.380e+01 3.334e-02 0.000e+00
6.390e+01 3.740e-02 0.000e+00
6.400e+01 3.330e-02 0.000e+00
6.410e+01 4.193e-02 0.000e+00
6.420e+01 4.442e-02 0.000e+00
6.430e+01 4.226e-02 0.000e+00
6.440e+01 4.251e-02 0.000e+00
6.450e+01 3.801e-02 0.000e+00
6.460e+01 4.098e-02 0.000e+00
6.470e+01 4.609e-02 0.000e+00
6.480e+01 5.065e-02 0.000e+00
6.490e+01 4.593e-02 0.000e+00
6.500e+01 4.496e-02 0.000e+00
6.510e+01 4.546e-02 0.000e+00
6.520e+01 4.765e-02 0.000e+00
6.530e+01 3.904e-02 0.000e+00
6.540e+01 4.350e-02 0.000e+00
6.550e+01 4.443e-02 0.000e+00
6.560e+01 4.831e-02 0.000e+00
6.570e+01 4.461e-02 0.000e+00
6.580e+01 4.903e-02 0.000e+00
6.590e+01 4.044e-02 0.000e+00
6.600e+01 4.236e-02 0.000e+00
6.610e+01 4.154e-02 0.000e+00
6.620e+01 4.115e-02 0.000e+00
6.630e+01 4.649e-02 0.000e+00
6.640e+01 5.275e-02 0.000e+00
6.650e+01 4.748e-02 0.000e+00
6.660e+01 4.411e-02 0.000e+00
6.670e+01 4.527e-02 0.000e+00
6.680e+01 3.999e-02 0.000e+00
6.690e+01 3.903e-02 0.000e+00
6.700e+01 3.988e-02 0.000e+00
6.710e+01 4.412e-02 0.000e+00
6.720e+01 3.453e-02 0.000e+00
6.730e+01 3.241e-02 0.000e+00
6.740e+01 3.410e-02 0.000e+00
6.750e+01 3.801e-02 0.000e+00
6.760e+01 3.723e-02 0.000e+00
6.770e+01 3.669e-02 0.000e+00
6.780e+01 3.233e-02 0.000e+00
6.790e+01 3.874e-02 0.000e+00
6.800e+01 3.485e-02 0.000e+00
6.810e+01 3.880e-02 0.000e+00
6.820e+01 3.961e-02 0.000e+00
6.830e+01 4.078e-02 0.000e+00
6.840e+01 4.027e-02 0.000e+00
6.850e+01 4.285e-02 0.000e+00
6.860e+01 4.880e-02 0.000e+00
6.870e+01 4.029e-02 0.000e+00
6.880e+01 3.789e-02 0.000e+00
6.890e+01 3.360e-02 0.000e+00
6.900e+01 3.367e-02 0.000e+00
6.910e+01 3.257e-02 0.000e+00
6.920e+01 3.790e-02 0.000e+00
6.930e+01 3.353e-02 0.000e+00
6.940e+01 4.827e-02 0.000e+00
6.950e+01 4.679e-02 0.000e+00
6.960e+01 4.668e-02 0.000e+00
6.970e+01 4.263e-02 0.000e+00
6.980e+01 3.861e-02 0.000e+00
6.990e+01 2.676e-02 0.000e+00
7.000e+01 2.879e-02 0.000e+00
7.010e+01 2.835e-02 0.000e+00
7.020e+01 2.116e-02 0.000e+00
7.030e+01 1.779e-02 0.000e+00
7.040e+01 2.592e-02 0.000e+00
7.050e+01 2.745e-02 0.000e+00
7.060e+01 3.050e-02 0.000e+00
7.070e+01 2.937e-02 0.000e+00
7.080e+01 2.932e-02 0.000e+00
7.090e+01 2.468e-02 0.000e+00
7.100e+01 2.400e-02 0.000e+00
7.110e+01 2.345e-02 0.000e+00
7.120e+01 2.130e-02 0.000e+00
7.130e+01 2.092e-02 0.000e+00
7.140e+01 2.217e-02 0.000e+00
7.150e+01 2.257e-02 0.000e+00
7.160e+01 1.988e-02 0.000e+00
7.170e+01 3.066e-02 0.000e+00
7.180e+01 3.124e-02 0.000e+00
7.190e+01 3.282e-02 0.000e+00
7.200e+01 3.272e-02 0.000e+00
7.210e+01 2.870e-02 0.000e+00
7.220e+01 2.542e-02 0.000e+00
7.230e+01 2.719e-02 0.000e+00
7.240e+01 2.320e-02 0.000e+00
7.250e+01 2.801e-02 0.000e+00
7.260e+01 2.466e-02 0.000e+00
7.270e+01 2.446e-02 0.000e+00
7.280e+01 2.748e-02 0.000e+00
7.290e+01 2.227e-02 0.000e+00
7.300e+01 2.365e-02 0.000e+00
7.310e+01 2.367e-02 0.000e+00
7.320e+01 2.342e-02 0.000e+00
7.330e+01 2.627e-02 0.000e+00
7.340e+01 2.545e-02 0.000e+00
7.350e+01 2.622e-02 0.000e+00
7.360e+01 2.421e-02 0.000e+00
7.370e+01 2.228e-02 0.000e+00
7.380e+01 2.755e-02 0.000e+00
7.390e+01 2.815e-02 0.000e+00
7.400e+01 2.996e-02 0.000e+00
7.410e+01 2.947e-02 0.000e+00
7.420e+01 3.619e-02 0.000e+00
7.430e+01 3.885e-02 0.000e+00
7.440e+01 3.293e-02 0.000e+00
7.450e+01 2.633e-02 0.000e+00
7.460e+01 2.927e-02 0.000e+00
7.470e+01 2.671e-02 0.000e+00
7.480e+01 2.717e-02 0.000e+00
7.490e+01 2.952e-02 0.000e+00
7.500e+01 3.098e-02 0.000e+00
7.510e+01 3.183e-02 0.000e+00
7.520e+01 3.205e-02 0.000e+00
7.530e+01 3.297e-02 0.000e+00
7.540e+01 3.379e-02 0.000e+00
7.550e+01 2.934e-02 0.000e+00
7.560e+01 3.082e-02 0.000e+00
7.570e+01 2.899e-02 0.000e+00
7.580e+01 2.791e-02 0.000e+00
7.590e+01 2.509e-02 0.000e+00
7.600e+01 2.440e-02 0.000e+00
7.610e+01 2.634e-02 0.000e+00
7.620e+01 2.020e-02 0.000e+00
7.630e+01 2.488e-02 0.000e+00
7.640e+01 2.740e-02 0.000e+00
7.650e+01 2.743e-02 0.000e+00
7.660e+01 2.629e-02 0.000e+00
7.670e+01 2.828e-02 0.000e+00
7.680e+01 2.510e-02 0.000e+00
7.690e+01 2.453e-02 0.000e+00
7.700e+01 2.491e-02 0.000e+00
7.710e+01 2.982e-02 0.000e+00
7.720e+01 2.839e-02 0.000e+00
7.730e+01 2.268e-02 0.000e+00
7.740e+01 2.885e-02 0.000e+00
7.750e+01 3.001e-02 0.000e+00
7.760e+01 3.082e-02 0.000e+00
7.770e+01 3.159e-02 0.000e+00
7.780e+01 2.752e-02 0.000e+00
7.790e+01 4.017e-02 0.000e+00
7.800e+01 3.065e-02 0.000e+00
7.810e+01 2.923e-02 0.000e+00
7.820e+01 2.275e-02 0.000e+00
7.830e+01 2.228e-02 0.000e+00
7.840e+01 1.980e-02 0.000e+00
7.850e+01 2.162e-02 0.000e+00
7.860e+01 2.784e-02 0.000e+00
7.870e+01 2.154e-02 0.000e+00
7.880e+01 2.140e-02 0.000e+00
7.890e+01 1.626e-02 0.000e+00
7.900e+01 1.811e-02 0.000e+00
7.910e+01 1.686e-02 0.000e+00
7.920e+01 1.867e-02 0.000e+00
7.930e+01 1.714e-02 0.000e+00
7.940e+01 2.697e-02 0.000e+00
7.950e+01 2.188e-02 0.000e+00
7.960e+01 2.510e-02 0.000e+00
7.970e+01 2.407e-02 0.000e+00
7.980e+01 2.729e-02 0.000e+00
7.990e+01 1.981e-02 0.000e+00
8.000e+01 2.178e-02 0.000e+00
8.010e+01 1.746e-02 0.000e+00
8.020e+01 1.337e-02 0.000e+00
8.030e+01 1.154e-02 0.000e+00
8.040e+01 1.345e-02 0.000e+00
8.050e+01 1.538e-02 0.000e+00
8.060e+01 1.566e-02 0.000e+00
8.070e+01 1.760e-02 0.000e+00
8.080e+01 1.740e-02 0.000e+00
8.090e+01 1.504e-02 0.000e+00
8.100e+01 1.678e-02 0.000e+00
8.110e+01 1.607e-02 0.000e+00
8.120e+01 1.329e-02 0.000e+00
8.130e+01 1.625e-02 0.000e+00
8.140e+01 1.737e-02 0.000e+00
8.150e+01 1.612e-02 0.000e+00
8.160e+01 1.748e-02 0.000e+00
8.170e+01 2.293e-02 0.000e+00
8.180e+01 2.142e-02 0.000e+00
8.190e+01 2.043e-02 0.000e+00
8.200e+01 2.201e-02 0.000e+00
8.210e+01 1.872e-02 0.000e+00
8.220e+01 1.833e-02 0.000e+00
8.230e+01 1.827e-02 0.000e+00
8.240e+01 1.930e-02 0.000e+00
8.250e+01 2.515e-02 0.000e+00
8.260e+01 2.082e-02 0.000e+00
8.270e+01 2.033e-02 0.000e+00
8.280e+01 2.382e-02 0.000e+00
8.290e+01 1.746e-02 0.000e+00
8.300e+01 1.707e-02 0.000e+00
8.310e+01 1.596e-02 0.000e+00
8.320e+01 1.704e-02 0.000e+00
8.330e+01 2.419e-02 0.000e+00
8.340e+01 2.265e-02 0.000e+00
8.350e+01 2.335e-02 0.000e+00
8.360e+01 2.169e-02 0.000e+00
8.370e+01 1.504e-02 0.000e+00
8.380e+01 1.431e-02 0.000e+00
8.390e+01 1.612e-02 0.000e+00
8.400e+01 1.399e-02 0.000e+00
8.410e+01 6.241e-03 0.000e+00
8.420e+01 1.362e-02 0.000e+00
8.430e+01 1.855e-02 0.000e+00
8.440e+01 1.587e-02 0.000e+00
8.450e+01 1.190e-02 0.000e+00
8.460e+01 1.736e-02 0.000e+00
8.470e+01 1.286e-02 0.000e+00
8.480e+01 8.432e-03 0.000e+00
8.490e+01 1.583e-02 0.000e+00
8.500e+01 1.838e-02 0.000e+00
8.510e+01 1.332e-02 0.000e+00
8.520e+01 1.097e-02 0.000e+00
8.530e+01 2.150e-02 0.000e+00
8.540e+01 1.753e-02 0.000e+00
8.550e+01 2.120e-02 0.000e+00
8.560e+01 2.181e-02 0.000e+00
8.570e+01 1.887e-02 0.000e+00
8.580e+01 1.970e-02 0.000e+00
8.590e+01 1.411e-02 0.000e+00
8.600e+01 1.450e-02 0.000e+00
8.610e+01 1.868e-02 0.000e+00
8.620e+01 1.340e-02 0.000e+00
8.630e+01 1.967e-02 0.000e+00
8.640e+01 2.214e-02 0.000e+00
8.650e+01 2.433e-02 0.000e+00
8.660e+01 1.567e-02 0.000e+00
8.670e+01 1.835e-02 0.000e+00
8.680e+01 1.110e-02 0.000e+00
8.690e+01 9.386e-03 0.000e+00
8.700e+01 1.245e-02 0.000e+00
8.710e+01 1.179e-02 0.000e+00
8.720e+01 1.158e-02 0.000e+00
8.730e+01 1.187e-02 0.000e+00
8.740e+01 2.023e-02 0.000e+00
8.750e+01 1.832e-02 0.000e+00
8.760e+01 2.528e-02 0.000e+00
8.770e+01 2.776e-02 0.000e+00
8.780e+01 2.394e-02 0.000e+00
8.790e+01 2.728e-02 0.000e+00
8.800e+01 2.248e-02 0.000e+00
8.810e+01 1.792e-02 0.000e+00
8.820e+01 8.336e-03 0.000e+00
8.830e+01 1.085e-02 0.000e+00
8.840e+01 2.050e-02 0.000e+00
8.850e+01 2.027e-02 0.000e+00
8.860e+01 1.712e-02 0.000e+00
8.870e+01 1.118e-02 0.000e+00
8.880e+01 1.170e-02 0.000e+00
8.890e+01 8.609e-03 0.000e+00
8.900e+01 1.039e-02 0.000e+00
8.910e+01 1.388e-02 0.000e+00
8.920e+01 1.020e-02 0.000e+00
8.930e+01 8.033e-03 0.000e+00
8.940e+01 1.014e-02 0.000e+00
8.950e+01 6.122e-03 0.000e+00
8.960e+01 1.050e-02 0.000e+00
8.970e+01 7.147e-03 0.000e+00
8.980e+01 1.000e-02 0.000e+00
8.990e+01 2.016e-03 0.000e+00
9.000e+01 3.981e-03 0.000e+00
9.010e+01 4.237e-03 0.000e+00
9.020e+01 4.653e-03 0.000e+00
9.030e+01 5.703e-03 0.000e+00
9.040e+01 -1.668e-03 0.000e+00
9.050e+01 5.141e-03 0.000e+00
9.060e+01 3.973e-03 0.000e+00
9.070e+01 6.037e-03 0.000e+00
9.080e+01 2.625e-03 0.000e+00
9.090e+01 -6.293e-04 0.000e+00
9.100e+01 3.881e-03 0.000e+00
9.110e+01 1.743e-03 0.000e+00
9.120e+01 -2.283e-04 0.000e+00
9.130e+01 4.128e-03 0.000e+00
9.140e+01 7.789e-03 0.000e+00
9.150e+01 8.565e-03 0.000e+00
9.160e+01 1.216e-02 0.000e+00
9.170e+01 1.709e-02 0.000e+00
9.180e+01 1.668e-02 0.000e+00
9.190e+01 1.585e-02 0.000e+00
9.200e+01 1.902e-02 0.000e+00
9.210e+01 1.525e-02 0.000e+00
9.220e+01 1.430e-02 0.000e+00
9.230e+01 1.290e-02 0.000e+00
9.240e+01 1.387e-02 0.000e+00
9.250e+01 1.899e-02 0.000e+00
9.260e+01 1.823e-02 0.000e+00
9.270e+01 1.501e-02 0.000e+00
9.280e+01 1.516e-02 0.000e+00
9.290e+01 1.304e-02 0.000e+00
9.300e+01 9.834e-03 0.000e+00
9.310e+01 9.864e-03 0.000e+00
9.320e+01 8.047e-03 0.000e+00
9.330e+01 9.971e-03 0.000e+00
9.340e+01 1.056e-02 0.000e+00
9.350e+01 1.169e-02 0.000e+00
9.360e+01 1.207e-02 0.000e+00
9.370e+01 9.320e-03 0.000e+00
9.380e+01 9.200e-03 0.000e+00
9.390e+01 9.511e-03 0.000e+00
9.400e+01 8.679e-03 0.000e+00
9.410e+01 6.024e-03 0.000e+00
9.420e+01 3.323e-03 0.000e+00
9.430e+01 9.132e-03 0.000e+00
9.440e+01 9.179e-03 0.000e+00
9.450e+01 9.412e-03 0.000e+00
9.460e+01 1.096e-02 0.000e+00
9.470e+01 1.073e-02 0.000e+00
9.480e+01 1.208e-02 0.000e+00
9.490e+01 1.343e-02 0.000e+00
9.500e+01 1.574e-02 0.000e+00
9.510e+01 1.214e-02 0.000e+00
9.520e+01 1.074e-02 0.000e+00
9.530e+01 1.847e-02 0.000e+00
9.540e+01 1.123e-02 0.000e+00
9.550e+01 1.381e-02 0.000e+00
9.560e+01 1.409e-02 0.000e+00
9.570e+01 1.549e-02 0.000e+00
9.580e+01 1.656e-02 0.000e+00
9.590e+01 1.302e-02 0.000e+00
9.600e+01 1.470e-02 0.000e+00
9.610e+01 1.670e-02 0.000e+00
9.620e+01 9.903e-03 0.000e+00
9.630e+01 9.927e-03 0.000e+00
9.640e+01 8.955e-03 0.000e+00
9.650e+01 1.429e-02 0.000e+00
9.660e+01 1.260e-02 0.000e+00
9.670e+01 1.362e-02 0.000e+00
9.680e+01 8.998e-03 0.000e+00
9.690e+01 9.401e-03 0.000e+00
9.700e+01 5.991e-03 0.000e+00
9.710e+01 7.799e-03 0.000e+00
9.720e+01 2.192e-03 0.000e+00
9.730e+01 3.163e-03 0.000e+00
9.740e+01 6.283e-03 0.000e+00
9.750e+01 6.026e-03 0.000e+00
9.760e+01 1.435e-02 0.000e+00
9.770e+01 1.503e-02 0.000e+00
9.780e+01 1.104e-02 0.000e+00
9.790e+01 1.013e-02 0.000e+00
9.800e+01 7.317e-03 0.000e+00
9.810e+01 6.199e-03 0.000e+00
9.820e+01 -6.624e-05 0.000e+00
9.830e+01 -1.641e-03 0.000e+00
9.840e+01 8.214e-03 0.000e+00
9.850e+01 2.384e-03 0.000e+00
9.860e+01 2.559e-03 0.000e+00
9.870e+01 1.789e-03 0.000e+00
9.880e+01 4.269e-03 0.000e+00
9.890e+01 3.040e-03 0.000e+00
9.900e+01 5.948e-03 0.000e+00
9.910e+01 1.093e-02 0.000e+00
9.920e+01 7.227e-03 0.000e+00
9.930e+01 3.167e-03 0.000e+00
9.940e+01 4.037e-03 0.000e+00
9.950e+01 3.775e-03 0.000e+00
9.960e+01 7.480e-03 0.000e+00
9.970e+01 2.911e-03 0.000e+00
9.980e+01 7.106e-03 0.000e+00
9.990e+01 1.524e-03 0.000e+00
