# Time (ps)      real(F_2)      im(F_2)
0.000e+00 9.991e-01 -7.328e-04
1.000e-02 1.000e+00 0.000e+00
2.000e-02 9.997e-01 6.728e-04
3.000e-02 9.980e-01 1.246e-03
4.000e-02 9.949e-01 1.678e-03
5.000e-02 9.906e-01 1.947e-03
6.000e-02 9.849e-01 2.054e-03
7.000e-02 9.781e-01 2.021e-03
8.000e-02 9.702e-01 1.882e-03
9.000e-02 9.613e-01 1.678e-03
1.000e-01 9.515e-01 1.453e-03
1.100e-01 9.411e-01 1.248e-03
1.200e-01 9.302e-01 1.096e-03
1.300e-01 9.188e-01 1.013e-03
1.400e-01 9.073e-01 1.002e-03
1.500e-01 8.955e-01 1.053e-03
1.600e-01 8.837e-01 1.151e-03
1.700e-01 8.720e-01 1.280e-03
1.800e-01 8.603e-01 1.427e-03
1.900e-01 8.488e-01 1.580e-03
2.000e-01 8.374e-01 1.724e-03
2.100e-01 8.262e-01 1.846e-03
2.200e-01 8.152e-01 1.930e-03
2.300e-01 8.043e-01 1.963e-03
2.400e-01 7.937e-01 1.937e-03
2.500e-01 7.832e-01 1.844e-03
2.600e-01 7.730e-01 1.679e-03
2.700e-01 7.631e-01 1.441e-03
2.800e-01 7.533e-01 1.133e-03
2.900e-01 7.438e-01 7.644e-04
3.000e-01 7.345e-01 3.475e-04
3.100e-01 7.253e-01 -1.041e-04
3.200e-01 7.164e-01 -5.807e-04
3.300e-01 7.076e-01 -1.078e-03
3.400e-01 6.991e-01 -1.594e-03
3.500e-01 6.907e-01 -2.125e-03
3.600e-01 6.825e-01 -2.668e-03
3.700e-01 6.746e-01 -3.215e-03
3.800e-01 6.668e-01 -3.760e-03
3.900e-01 6.592e-01 -4.301e-03
4.000e-01 6.518e-01 -4.833e-03
4.100e-01 6.446e-01 -5.357e-03
4.200e-01 6.375e-01 -5.876e-03
4.300e-01 6.307e-01 -6.393e-03
4.400e-01 6.240e-01 -6.918e-03
4.500e-01 6.174e-01 -7.460e-03
4.600e-01 6.109e-01 -8.025e-03
4.700e-01 6.045e-01 -8.614e-03
4.800e-01 5.982e-01 -9.216e-03
4.900e-01 5.919e-01 -9.817e-03
5.000e-01 5.855e-01 -1.040e-02
5.100e-01 5.791e-01 -1.093e-02
5.200e-01 5.726e-01 -1.142e-02
5.300e-01 5.661e-01 -1.183e-02
5.400e-01 5.596e-01 -1.218e-02
5.500e-01 5.531e-01 -1.248e-02
5.600e-01 5.465e-01 -1.273e-02
5.700e-01 5.399e-01 -1.295e-02
5.800e-01 5.334e-01 -1.314e-02
5.900e-01 5.269e-01 -1.332e-02
6.000e-01 5.205e-01 -1.348e-02
6.100e-01 5.142e-01 -1.362e-02
6.200e-01 5.080e-01 -1.375e-02
6.300e-01 5.020e-01 -1.387e-02
6.400e-01 4.961e-01 -1.398e-02
6.500e-01 4.903e-01 -1.406e-02
6.600e-01 4.847e-01 -1.412e-02
6.700e-01 4.792e-01 -1.412e-02
6.800e-01 4.739e-01 -1.405e-02
6.900e-01 4.687e-01 -1.392e-02
7.000e-01 4.637e-01 -1.371e-02
7.100e-01 4.588e-01 -1.344e-02
7.200e-01 4.540e-01 -1.310e-02
7.300e-01 4.493e-01 -1.270e-02
7.400e-01 4.448e-01 -1.224e-02
7.500e-01 4.403e-01 -1.175e-02
7.600e-01 4.359e-01 -1.122e-02
7.700e-01 4.316e-01 -1.067e-02
7.800e-01 4.273e-01 -1.008e-02
7.900e-01 4.230e-01 -9.474e-03
8.000e-01 4.187e-01 -8.841e-03
8.100e-01 4.144e-01 -8.199e-03
8.200e-01 4.102e-01 -7.567e-03
8.300e-01 4.059e-01 -6.966e-03
8.400e-01 4.015e-01 -6.408e-03
8.500e-01 3.971e-01 -5.901e-03
8.600e-01 3.927e-01 -5.438e-03
8.700e-01 3.882e-01 -5.005e-03
8.800e-01 3.836e-01 -4.571e-03
8.900e-01 3.789e-01 -4.108e-03
9.000e-01 3.742e-01 -3.592e-03
9.100e-01 3.694e-01 -3.017e-03
9.200e-01 3.648e-01 -2.391e-03
9.300e-01 3.602e-01 -1.733e-03
9.400e-01 3.557e-01 -1.067e-03
9.500e-01 3.514e-01 -4.134e-04
9.600e-01 3.473e-01 2.105e-04
9.700e-01 3.433e-01 7.948e-04
9.800e-01 3.394e-01 1.337e-03
9.900e-01 3.356e-01 1.843e-03
1.000e+00 3.319e-01 2.323e-03
1.010e+00 3.282e-01 2.789e-03
1.020e+00 3.244e-01 3.247e-03
1.030e+00 3.207e-01 3.693e-03
1.040e+00 3.171e-01 4.112e-03
1.050e+00 3.134e-01 4.485e-03
1.060e+00 3.098e-01 4.795e-03
1.070e+00 3.061e-01 5.026e-03
1.080e+00 3.025e-01 5.168e-03
1.090e+00 2.988e-01 5.213e-03
1.100e+00 2.952e-01 5.160e-03
1.110e+00 2.915e-01 5.014e-03
1.120e+00 2.878e-01 4.786e-03
1.130e+00 2.841e-01 4.494e-03
1.140e+00 2.805e-01 4.150e-03
1.150e+00 2.769e-01 3.769e-03
1.160e+00 2.733e-01 3.359e-03
1.170e+00 2.698e-01 2.931e-03
1.180e+00 2.664e-01 2.496e-03
1.190e+00 2.631e-01 2.068e-03
1.200e+00 2.599e-01 1.658e-03
1.210e+00 2.568e-01 1.279e-03
1.220e+00 2.538e-01 9.361e-04
1.230e+00 2.510e-01 6.338e-04
1.240e+00 2.483e-01 3.725e-04
1.250e+00 2.457e-01 1.505e-04
1.260e+00 2.433e-01 -3.836e-05
1.270e+00 2.410e-01 -2.071e-04
1.280e+00 2.387e-01 -3.772e-04
1.290e+00 2.366e-01 -5.730e-04
1.300e+00 2.345e-01 -8.130e-04
1.310e+00 2.326e-01 -1.100e-03
1.320e+00 2.307e-01 -1.421e-03
1.330e+00 2.288e-01 -1.749e-03
1.340e+00 2.270e-01 -2.061e-03
1.350e+00 2.253e-01 -2.339e-03
1.360e+00 2.235e-01 -2.580e-03
1.370e+00 2.218e-01 -2.782e-03
1.380e+00 2.201e-01 -2.945e-03
1.390e+00 2.183e-01 -3.070e-03
1.400e+00 2.165e-01 -3.154e-03
1.410e+00 2.147e-01 -3.191e-03
1.420e+00 2.129e-01 -3.171e-03
1.430e+00 2.112e-01 -3.086e-03
1.440e+00 2.094e-01 -2.935e-03
1.450e+00 2.078e-01 -2.741e-03
1.460e+00 2.061e-01 -2.537e-03
1.470e+00 2.046e-01 -2.360e-03
1.480e+00 2.031e-01 -2.233e-03
1.490e+00 2.017e-01 -2.157e-03
1.500e+00 2.003e-01 -2.117e-03
1.510e+00 1.989e-01 -2.087e-03
1.520e+00 1.977e-01 -2.040e-03
1.530e+00 1.965e-01 -1.957e-03
1.540e+00 1.954e-01 -1.822e-03
1.550e+00 1.943e-01 -1.629e-03
1.560e+00 1.933e-01 -1.372e-03
1.570e+00 1.924e-01 -1.043e-03
1.580e+00 1.914e-01 -6.356e-04
1.590e+00 1.905e-01 -1.458e-04
1.600e+00 1.895e-01 4.218e-04
1.610e+00 1.884e-01 1.051e-03
1.620e+00 1.873e-01 1.717e-03
1.630e+00 1.861e-01 2.393e-03
1.640e+00 1.849e-01 3.055e-03
1.650e+00 1.837e-01 3.682e-03
1.660e+00 1.824e-01 4.262e-03
1.670e+00 1.812e-01 4.787e-03
1.680e+00 1.799e-01 5.259e-03
1.690e+00 1.787e-01 5.685e-03
1.700e+00 1.775e-01 6.070e-03
1.710e+00 1.763e-01 6.418e-03
1.720e+00 1.752e-01 6.731e-03
1.730e+00 1.740e-01 7.012e-03
1.740e+00 1.730e-01 7.260e-03
1.750e+00 1.719e-01 7.475e-03
1.760e+00 1.709e-01 7.657e-03
1.770e+00 1.700e-01 7.805e-03
1.780e+00 1.691e-01 7.923e-03
1.790e+00 1.683e-01 8.015e-03
1.800e+00 1.675e-01 8.089e-03
1.810e+00 1.668e-01 8.152e-03
1.820e+00 1.660e-01 8.211e-03
1.830e+00 1.653e-01 8.274e-03
1.840e+00 1.646e-01 8.345e-03
1.850e+00 1.638e-01 8.423e-03
1.860e+00 1.629e-01 8.501e-03
1.870e+00 1.620e-01 8.572e-03
1.880e+00 1.609e-01 8.624e-03
1.890e+00 1.598e-01 8.652e-03
1.900e+00 1.586e-01 8.651e-03
1.910e+00 1.574e-01 8.622e-03
1.920e+00 1.561e-01 8.565e-03
1.930e+00 1.548e-01 8.480e-03
1.940e+00 1.535e-01 8.367e-03
1.950e+00 1.523e-01 8.225e-03
1.960e+00 1.510e-01 8.053e-03
1.970e+00 1.497e-01 7.853e-03
1.980e+00 1.484e-01 7.632e-03
1.990e+00 1.471e-01 7.402e-03
2.000e+00 1.457e-01 7.180e-03
2.010e+00 1.444e-01 6.981e-03
2.020e+00 1.430e-01 6.815e-03
2.030e+00 1.417e-01 6.682e-03
2.040e+00 1.403e-01 6.578e-03
2.050e+00 1.389e-01 6.499e-03
2.060e+00 1.376e-01 6.442e-03
2.070e+00 1.363e-01 6.405e-03
2.080e+00 1.350e-01 6.390e-03
2.090e+00 1.338e-01 6.395e-03
2.100e+00 1.326e-01 6.420e-03
2.110e+00 1.315e-01 6.461e-03
2.120e+00 1.304e-01 6.517e-03
2.130e+00 1.294e-01 6.589e-03
2.140e+00 1.283e-01 6.678e-03
2.150e+00 1.273e-01 6.784e-03
2.160e+00 1.263e-01 6.905e-03
2.170e+00 1.254e-01 7.039e-03
2.180e+00 1.244e-01 7.187e-03
2.190e+00 1.235e-01 7.348e-03
2.200e+00 1.227e-01 7.525e-03
2.210e+00 1.219e-01 7.715e-03
2.220e+00 1.212e-01 7.911e-03
2.230e+00 1.204e-01 8.104e-03
2.240e+00 1.197e-01 8.283e-03
2.250e+00 1.190e-01 8.437e-03
2.260e+00 1.183e-01 8.565e-03
2.270e+00 1.176e-01 8.671e-03
2.280e+00 1.168e-01 8.766e-03
2.290e+00 1.161e-01 8.860e-03
2.300e+00 1.154e-01 8.962e-03
2.310e+00 1.147e-01 9.075e-03
2.320e+00 1.140e-01 9.197e-03
2.330e+00 1.133e-01 9.319e-03
2.340e+00 1.126e-01 9.431e-03
2.350e+00 1.120e-01 9.526e-03
2.360e+00 1.114e-01 9.600e-03
2.370e+00 1.108e-01 9.648e-03
2.380e+00 1.102e-01 9.670e-03
2.390e+00 1.097e-01 9.664e-03
2.400e+00 1.093e-01 9.636e-03
2.410e+00 1.088e-01 9.594e-03
2.420e+00 1.084e-01 9.550e-03
2.430e+00 1.080e-01 9.519e-03
2.440e+00 1.076e-01 9.507e-03
2.450e+00 1.072e-01 9.515e-03
2.460e+00 1.068e-01 9.537e-03
2.470e+00 1.062e-01 9.562e-03
2.480e+00 1.056e-01 9.576e-03
2.490e+00 1.049e-01 9.569e-03
2.500e+00 1.041e-01 9.532e-03
2.510e+00 1.032e-01 9.462e-03
2.520e+00 1.022e-01 9.359e-03
2.530e+00 1.011e-01 9.227e-03
2.540e+00 9.987e-02 9.069e-03
2.550e+00 9.863e-02 8.890e-03
2.560e+00 9.736e-02 8.690e-03
2.570e+00 9.606e-02 8.472e-03
2.580e+00 9.474e-02 8.238e-03
2.590e+00 9.341e-02 7.991e-03
2.600e+00 9.207e-02 7.737e-03
2.610e+00 9.069e-02 7.482e-03
2.620e+00 8.929e-02 7.236e-03
2.630e+00 8.785e-02 7.014e-03
2.640e+00 8.639e-02 6.830e-03
2.650e+00 8.493e-02 6.705e-03
2.660e+00 8.351e-02 6.662e-03
2.670e+00 8.218e-02 6.730e-03
2.680e+00 8.099e-02 6.923e-03
2.690e+00 7.997e-02 7.225e-03
2.700e+00 7.908e-02 7.600e-03
2.710e+00 7.831e-02 8.013e-03
2.720e+00 7.764e-02 8.441e-03
2.730e+00 7.705e-02 8.870e-03
2.740e+00 7.654e-02 9.296e-03
2.750e+00 7.610e-02 9.713e-03
2.760e+00 7.573e-02 1.012e-02
2.770e+00 7.541e-02 1.051e-02
2.780e+00 7.514e-02 1.087e-02
2.790e+00 7.489e-02 1.121e-02
2.800e+00 7.464e-02 1.152e-02
2.810e+00 7.438e-02 1.181e-02
2.820e+00 7.408e-02 1.206e-02
2.830e+00 7.374e-02 1.229e-02
2.840e+00 7.336e-02 1.249e-02
2.850e+00 7.293e-02 1.268e-02
2.860e+00 7.246e-02 1.286e-02
2.870e+00 7.194e-02 1.303e-02
2.880e+00 7.139e-02 1.320e-02
2.890e+00 7.081e-02 1.335e-02
2.900e+00 7.019e-02 1.350e-02
2.910e+00 6.955e-02 1.364e-02
2.920e+00 6.890e-02 1.377e-02
2.930e+00 6.825e-02 1.390e-02
2.940e+00 6.761e-02 1.402e-02
2.950e+00 6.698e-02 1.412e-02
2.960e+00 6.638e-02 1.421e-02
2.970e+00 6.580e-02 1.429e-02
2.980e+00 6.525e-02 1.435e-02
2.990e+00 6.472e-02 1.439e-02
3.000e+00 6.419e-02 1.440e-02
3.010e+00 6.367e-02 1.438e-02
3.020e+00 6.314e-02 1.433e-02
3.030e+00 6.258e-02 1.425e-02
3.040e+00 6.199e-02 1.413e-02
3.050e+00 6.137e-02 1.397e-02
3.060e+00 6.071e-02 1.377e-02
3.070e+00 6.001e-02 1.352e-02
3.080e+00 5.929e-02 1.321e-02
3.090e+00 5.855e-02 1.283e-02
3.100e+00 5.779e-02 1.236e-02
3.110e+00 5.704e-02 1.181e-02
3.120e+00 5.630e-02 1.119e-02
3.130e+00 5.558e-02 1.051e-02
3.140e+00 5.487e-02 9.772e-03
3.150e+00 5.419e-02 9.002e-03
3.160e+00 5.354e-02 8.214e-03
3.170e+00 5.290e-02 7.424e-03
3.180e+00 5.229e-02 6.646e-03
3.190e+00 5.169e-02 5.893e-03
3.200e+00 5.111e-02 5.172e-03
3.210e+00 5.054e-02 4.491e-03
3.220e+00 4.999e-02 3.854e-03
3.230e+00 4.946e-02 3.270e-03
3.240e+00 4.895e-02 2.740e-03
3.250e+00 4.845e-02 2.268e-03
3.260e+00 4.797e-02 1.853e-03
3.270e+00 4.750e-02 1.493e-03
3.280e+00 4.704e-02 1.186e-03
3.290e+00 4.660e-02 9.253e-04
3.300e+00 4.618e-02 7.040e-04
3.310e+00 4.579e-02 5.137e-04
3.320e+00 4.543e-02 3.477e-04
3.330e+00 4.508e-02 2.025e-04
3.340e+00 4.476e-02 7.843e-05
3.350e+00 4.444e-02 -2.182e-05
3.360e+00 4.413e-02 -9.450e-05
3.370e+00 4.383e-02 -1.371e-04
3.380e+00 4.353e-02 -1.500e-04
3.390e+00 4.324e-02 -1.365e-04
3.400e+00 4.295e-02 -1.017e-04
3.410e+00 4.268e-02 -5.037e-05
3.420e+00 4.242e-02 1.447e-05
3.430e+00 4.218e-02 9.152e-05
3.440e+00 4.196e-02 1.800e-04
3.450e+00 4.176e-02 2.781e-04
3.460e+00 4.158e-02 3.819e-04
3.470e+00 4.141e-02 4.845e-04
3.480e+00 4.125e-02 5.768e-04
3.490e+00 4.109e-02 6.483e-04
3.500e+00 4.093e-02 6.882e-04
3.510e+00 4.077e-02 6.870e-04
3.520e+00 4.061e-02 6.384e-04
3.530e+00 4.045e-02 5.407e-04
3.540e+00 4.028e-02 3.972e-04
3.550e+00 4.012e-02 2.154e-04
3.560e+00 3.995e-02 5.291e-06
3.570e+00 3.979e-02 -2.228e-04
3.580e+00 3.962e-02 -4.587e-04
3.590e+00 3.945e-02 -6.916e-04
3.600e+00 3.928e-02 -9.109e-04
3.610e+00 3.909e-02 -1.106e-03
3.620e+00 3.889e-02 -1.269e-03
3.630e+00 3.868e-02 -1.393e-03
3.640e+00 3.847e-02 -1.475e-03
3.650e+00 3.826e-02 -1.518e-03
3.660e+00 3.806e-02 -1.525e-03
3.670e+00 3.786e-02 -1.506e-03
3.680e+00 3.767e-02 -1.467e-03
3.690e+00 3.749e-02 -1.410e-03
3.700e+00 3.731e-02 -1.337e-03
3.710e+00 3.716e-02 -1.246e-03
3.720e+00 3.702e-02 -1.139e-03
3.730e+00 3.692e-02 -1.020e-03
3.740e+00 3.685e-02 -8.948e-04
3.750e+00 3.682e-02 -7.709e-04
3.760e+00 3.683e-02 -6.563e-04
3.770e+00 3.686e-02 -5.593e-04
3.780e+00 3.691e-02 -4.870e-04
3.790e+00 3.697e-02 -4.445e-04
3.800e+00 3.703e-02 -4.339e-04
3.810e+00 3.707e-02 -4.554e-04
3.820e+00 3.708e-02 -5.076e-04
3.830e+00 3.707e-02 -5.894e-04
3.840e+00 3.703e-02 -7.005e-04
3.850e+00 3.695e-02 -8.416e-04
3.860e+00 3.684e-02 -1.013e-03
3.870e+00 3.670e-02 -1.215e-03
3.880e+00 3.654e-02 -1.442e-03
3.890e+00 3.636e-02 -1.690e-03
3.900e+00 3.618e-02 -1.953e-03
3.910e+00 3.599e-02 -2.222e-03
3.920e+00 3.580e-02 -2.493e-03
3.930e+00 3.560e-02 -2.757e-03
3.940e+00 3.538e-02 -3.007e-03
3.950e+00 3.513e-02 -3.237e-03
3.960e+00 3.483e-02 -3.439e-03
3.970e+00 3.448e-02 -3.609e-03
3.980e+00 3.407e-02 -3.746e-03
3.990e+00 3.360e-02 -3.853e-03
4.000e+00 3.308e-02 -3.937e-03
4.010e+00 3.252e-02 -4.006e-03
4.020e+00 3.194e-02 -4.070e-03
4.030e+00 3.135e-02 -4.136e-03
4.040e+00 3.076e-02 -4.204e-03
4.050e+00 3.017e-02 -4.276e-03
4.060e+00 2.960e-02 -4.344e-03
4.070e+00 2.905e-02 -4.401e-03
4.080e+00 2.853e-02 -4.438e-03
4.090e+00 2.804e-02 -4.446e-03
4.100e+00 2.757e-02 -4.423e-03
4.110e+00 2.711e-02 -4.367e-03
4.120e+00 2.667e-02 -4.285e-03
4.130e+00 2.623e-02 -4.183e-03
4.140e+00 2.581e-02 -4.070e-03
4.150e+00 2.539e-02 -3.954e-03
4.160e+00 2.499e-02 -3.835e-03
4.170e+00 2.461e-02 -3.707e-03
4.180e+00 2.425e-02 -3.563e-03
4.190e+00 2.393e-02 -3.397e-03
4.200e+00 2.366e-02 -3.207e-03
4.210e+00 2.342e-02 -2.995e-03
4.220e+00 2.324e-02 -2.765e-03
4.230e+00 2.310e-02 -2.522e-03
4.240e+00 2.300e-02 -2.272e-03
4.250e+00 2.293e-02 -2.018e-03
4.260e+00 2.291e-02 -1.764e-03
4.270e+00 2.291e-02 -1.511e-03
4.280e+00 2.293e-02 -1.260e-03
4.290e+00 2.299e-02 -1.014e-03
4.300e+00 2.307e-02 -7.784e-04
4.310e+00 2.317e-02 -5.576e-04
4.320e+00 2.328e-02 -3.600e-04
4.330e+00 2.339e-02 -1.950e-04
4.340e+00 2.350e-02 -7.257e-05
4.350e+00 2.359e-02 -3.738e-08
4.360e+00 2.366e-02 2.146e-05
4.370e+00 2.372e-02 -2.449e-06
4.380e+00 2.375e-02 -6.192e-05
4.390e+00 2.376e-02 -1.458e-04
4.400e+00 2.373e-02 -2.419e-04
4.410e+00 2.364e-02 -3.358e-04
4.420e+00 2.348e-02 -4.097e-04
4.430e+00 2.325e-02 -4.445e-04
4.440e+00 2.294e-02 -4.242e-04
4.450e+00 2.257e-02 -3.409e-04
4.460e+00 2.215e-02 -1.965e-04
4.470e+00 2.169e-02 -6.544e-07
4.480e+00 2.121e-02 2.322e-04
4.490e+00 2.074e-02 4.855e-04
4.500e+00 2.027e-02 7.425e-04
4.510e+00 1.983e-02 9.875e-04
4.520e+00 1.943e-02 1.209e-03
4.530e+00 1.906e-02 1.402e-03
4.540e+00 1.874e-02 1.569e-03
4.550e+00 1.846e-02 1.721e-03
4.560e+00 1.820e-02 1.869e-03
4.570e+00 1.797e-02 2.023e-03
4.580e+00 1.775e-02 2.190e-03
4.590e+00 1.753e-02 2.371e-03
4.600e+00 1.731e-02 2.563e-03
4.610e+00 1.709e-02 2.760e-03
4.620e+00 1.687e-02 2.952e-03
4.630e+00 1.666e-02 3.133e-03
4.640e+00 1.646e-02 3.293e-03
4.650e+00 1.629e-02 3.428e-03
4.660e+00 1.617e-02 3.531e-03
4.670e+00 1.609e-02 3.594e-03
4.680e+00 1.608e-02 3.611e-03
4.690e+00 1.611e-02 3.574e-03
4.700e+00 1.619e-02 3.483e-03
4.710e+00 1.629e-02 3.341e-03
4.720e+00 1.641e-02 3.156e-03
4.730e+00 1.655e-02 2.936e-03
4.740e+00 1.668e-02 2.690e-03
4.750e+00 1.681e-02 2.426e-03
4.760e+00 1.693e-02 2.154e-03
4.770e+00 1.702e-02 1.884e-03
4.780e+00 1.710e-02 1.626e-03
4.790e+00 1.715e-02 1.391e-03
4.800e+00 1.717e-02 1.187e-03
4.810e+00 1.717e-02 1.022e-03
4.820e+00 1.715e-02 8.975e-04
4.830e+00 1.712e-02 8.154e-04
4.840e+00 1.708e-02 7.713e-04
4.850e+00 1.703e-02 7.566e-04
4.860e+00 1.698e-02 7.589e-04
4.870e+00 1.694e-02 7.646e-04
4.880e+00 1.691e-02 7.629e-04
4.890e+00 1.689e-02 7.495e-04
4.900e+00 1.689e-02 7.280e-04
4.910e+00 1.689e-02 7.085e-04
4.920e+00 1.692e-02 7.049e-04
4.930e+00 1.698e-02 7.315e-04
4.940e+00 1.707e-02 7.991e-04
4.950e+00 1.719e-02 9.132e-04
4.960e+00 1.736e-02 1.072e-03
4.970e+00 1.757e-02 1.265e-03
4.980e+00 1.781e-02 1.479e-03
4.990e+00 1.806e-02 1.693e-03
5.000e+00 1.830e-02 1.888e-03
5.010e+00 1.851e-02 2.050e-03
5.020e+00 1.867e-02 2.167e-03
5.030e+00 1.880e-02 2.233e-03
5.040e+00 1.887e-02 2.249e-03
5.050e+00 1.890e-02 2.217e-03
5.060e+00 1.888e-02 2.142e-03
5.070e+00 1.878e-02 2.033e-03
5.080e+00 1.861e-02 1.904e-03
5.090e+00 1.835e-02 1.771e-03
5.100e+00 1.804e-02 1.653e-03
5.110e+00 1.769e-02 1.567e-03
5.120e+00 1.733e-02 1.525e-03
5.130e+00 1.698e-02 1.535e-03
5.140e+00 1.664e-02 1.598e-03
5.150e+00 1.632e-02 1.710e-03
5.160e+00 1.601e-02 1.863e-03
5.170e+00 1.572e-02 2.049e-03
5.180e+00 1.545e-02 2.256e-03
5.190e+00 1.519e-02 2.474e-03
5.200e+00 1.496e-02 2.699e-03
5.210e+00 1.477e-02 2.932e-03
5.220e+00 1.461e-02 3.181e-03
5.230e+00 1.449e-02 3.452e-03
5.240e+00 1.442e-02 3.747e-03
5.250e+00 1.441e-02 4.062e-03
5.260e+00 1.444e-02 4.387e-03
5.270e+00 1.454e-02 4.707e-03
5.280e+00 1.470e-02 5.008e-03
5.290e+00 1.492e-02 5.274e-03
5.300e+00 1.519e-02 5.497e-03
5.310e+00 1.552e-02 5.667e-03
5.320e+00 1.588e-02 5.782e-03
5.330e+00 1.628e-02 5.844e-03
5.340e+00 1.670e-02 5.856e-03
5.350e+00 1.713e-02 5.826e-03
5.360e+00 1.758e-02 5.761e-03
5.370e+00 1.803e-02 5.667e-03
5.380e+00 1.849e-02 5.549e-03
5.390e+00 1.894e-02 5.411e-03
5.400e+00 1.940e-02 5.255e-03
5.410e+00 1.985e-02 5.085e-03
5.420e+00 2.029e-02 4.906e-03
5.430e+00 2.073e-02 4.722e-03
5.440e+00 2.116e-02 4.538e-03
5.450e+00 2.158e-02 4.359e-03
5.460e+00 2.197e-02 4.188e-03
5.470e+00 2.233e-02 4.032e-03
5.480e+00 2.264e-02 3.898e-03
5.490e+00 2.290e-02 3.791e-03
5.500e+00 2.310e-02 3.717e-03
5.510e+00 2.322e-02 3.674e-03
5.520e+00 2.326e-02 3.656e-03
5.530e+00 2.324e-02 3.649e-03
5.540e+00 2.318e-02 3.638e-03
5.550e+00 2.307e-02 3.611e-03
5.560e+00 2.294e-02 3.558e-03
5.570e+00 2.278e-02 3.474e-03
5.580e+00 2.260e-02 3.355e-03
5.590e+00 2.239e-02 3.205e-03
5.600e+00 2.216e-02 3.030e-03
5.610e+00 2.191e-02 2.844e-03
5.620e+00 2.164e-02 2.661e-03
5.630e+00 2.138e-02 2.496e-03
5.640e+00 2.113e-02 2.361e-03
5.650e+00 2.091e-02 2.264e-03
5.660e+00 2.072e-02 2.208e-03
5.670e+00 2.058e-02 2.195e-03
5.680e+00 2.048e-02 2.224e-03
5.690e+00 2.043e-02 2.288e-03
5.700e+00 2.042e-02 2.373e-03
5.710e+00 2.044e-02 2.469e-03
5.720e+00 2.049e-02 2.567e-03
5.730e+00 2.056e-02 2.667e-03
5.740e+00 2.063e-02 2.775e-03
5.750e+00 2.070e-02 2.901e-03
5.760e+00 2.074e-02 3.056e-03
5.770e+00 2.075e-02 3.244e-03
5.780e+00 2.073e-02 3.459e-03
5.790e+00 2.069e-02 3.693e-03
5.800e+00 2.062e-02 3.936e-03
5.810e+00 2.054e-02 4.182e-03
5.820e+00 2.045e-02 4.430e-03
5.830e+00 2.037e-02 4.680e-03
5.840e+00 2.030e-02 4.933e-03
5.850e+00 2.026e-02 5.193e-03
5.860e+00 2.028e-02 5.464e-03
5.870e+00 2.035e-02 5.749e-03
5.880e+00 2.049e-02 6.050e-03
5.890e+00 2.067e-02 6.367e-03
5.900e+00 2.088e-02 6.699e-03
5.910e+00 2.110e-02 7.042e-03
5.920e+00 2.131e-02 7.389e-03
5.930e+00 2.149e-02 7.735e-03
5.940e+00 2.163e-02 8.074e-03
5.950e+00 2.173e-02 8.406e-03
5.960e+00 2.180e-02 8.727e-03
5.970e+00 2.184e-02 9.040e-03
5.980e+00 2.186e-02 9.342e-03
5.990e+00 2.187e-02 9.630e-03
6.000e+00 2.187e-02 9.894e-03
6.010e+00 2.187e-02 1.012e-02
6.020e+00 2.187e-02 1.028e-02
6.030e+00 2.189e-02 1.037e-02
6.040e+00 2.192e-02 1.039e-02
6.050e+00 2.197e-02 1.036e-02
6.060e+00 2.203e-02 1.029e-02
6.070e+00 2.208e-02 1.019e-02
6.080e+00 2.210e-02 1.007e-02
6.090e+00 2.207e-02 9.941e-03
6.100e+00 2.200e-02 9.803e-03
6.110e+00 2.188e-02 9.664e-03
6.120e+00 2.171e-02 9.531e-03
6.130e+00 2.150e-02 9.412e-03
6.140e+00 2.126e-02 9.308e-03
6.150e+00 2.099e-02 9.219e-03
6.160e+00 2.072e-02 9.137e-03
6.170e+00 2.046e-02 9.051e-03
6.180e+00 2.022e-02 8.947e-03
6.190e+00 2.002e-02 8.816e-03
6.200e+00 1.987e-02 8.650e-03
6.210e+00 1.979e-02 8.449e-03
6.220e+00 1.977e-02 8.216e-03
6.230e+00 1.980e-02 7.956e-03
6.240e+00 1.990e-02 7.674e-03
6.250e+00 2.004e-02 7.376e-03
6.260e+00 2.023e-02 7.064e-03
6.270e+00 2.044e-02 6.739e-03
6.280e+00 2.068e-02 6.400e-03
6.290e+00 2.092e-02 6.045e-03
6.300e+00 2.115e-02 5.678e-03
6.310e+00 2.134e-02 5.302e-03
6.320e+00 2.150e-02 4.925e-03
6.330e+00 2.162e-02 4.553e-03
6.340e+00 2.171e-02 4.192e-03
6.350e+00 2.179e-02 3.844e-03
6.360e+00 2.185e-02 3.513e-03
6.370e+00 2.190e-02 3.201e-03
6.380e+00 2.194e-02 2.910e-03
6.390e+00 2.197e-02 2.640e-03
6.400e+00 2.199e-02 2.395e-03
6.410e+00 2.200e-02 2.175e-03
6.420e+00 2.200e-02 1.983e-03
6.430e+00 2.199e-02 1.822e-03
6.440e+00 2.196e-02 1.695e-03
6.450e+00 2.192e-02 1.605e-03
6.460e+00 2.185e-02 1.552e-03
6.470e+00 2.175e-02 1.537e-03
6.480e+00 2.160e-02 1.558e-03
6.490e+00 2.140e-02 1.614e-03
6.500e+00 2.113e-02 1.699e-03
6.510e+00 2.081e-02 1.806e-03
6.520e+00 2.045e-02 1.927e-03
6.530e+00 2.006e-02 2.053e-03
6.540e+00 1.966e-02 2.177e-03
6.550e+00 1.928e-02 2.290e-03
6.560e+00 1.892e-02 2.387e-03
6.570e+00 1.859e-02 2.464e-03
6.580e+00 1.828e-02 2.516e-03
6.590e+00 1.802e-02 2.543e-03
6.600e+00 1.777e-02 2.542e-03
6.610e+00 1.756e-02 2.513e-03
6.620e+00 1.735e-02 2.456e-03
6.630e+00 1.716e-02 2.372e-03
6.640e+00 1.696e-02 2.260e-03
6.650e+00 1.677e-02 2.121e-03
6.660e+00 1.657e-02 1.954e-03
6.670e+00 1.637e-02 1.757e-03
6.680e+00 1.617e-02 1.529e-03
6.690e+00 1.597e-02 1.271e-03
6.700e+00 1.578e-02 9.841e-04
6.710e+00 1.559e-02 6.690e-04
6.720e+00 1.541e-02 3.279e-04
6.730e+00 1.523e-02 -3.686e-05
6.740e+00 1.504e-02 -4.209e-04
6.750e+00 1.485e-02 -8.171e-04
6.760e+00 1.465e-02 -1.214e-03
6.770e+00 1.445e-02 -1.597e-03
6.780e+00 1.424e-02 -1.949e-03
6.790e+00 1.404e-02 -2.251e-03
6.800e+00 1.385e-02 -2.488e-03
6.810e+00 1.370e-02 -2.652e-03
6.820e+00 1.358e-02 -2.740e-03
6.830e+00 1.351e-02 -2.755e-03
6.840e+00 1.349e-02 -2.703e-03
6.850e+00 1.351e-02 -2.587e-03
6.860e+00 1.358e-02 -2.413e-03
6.870e+00 1.369e-02 -2.192e-03
6.880e+00 1.384e-02 -1.934e-03
6.890e+00 1.403e-02 -1.654e-03
6.900e+00 1.424e-02 -1.361e-03
6.910e+00 1.448e-02 -1.060e-03
6.920e+00 1.474e-02 -7.517e-04
6.930e+00 1.502e-02 -4.362e-04
6.940e+00 1.530e-02 -1.125e-04
6.950e+00 1.558e-02 2.189e-04
6.960e+00 1.586e-02 5.539e-04
6.970e+00 1.612e-02 8.843e-04
6.980e+00 1.636e-02 1.198e-03
6.990e+00 1.658e-02 1.480e-03
7.000e+00 1.678e-02 1.716e-03
7.010e+00 1.696e-02 1.891e-03
7.020e+00 1.713e-02 2.000e-03
7.030e+00 1.729e-02 2.040e-03
7.040e+00 1.744e-02 2.019e-03
7.050e+00 1.759e-02 1.951e-03
7.060e+00 1.771e-02 1.851e-03
7.070e+00 1.779e-02 1.730e-03
7.080e+00 1.777e-02 1.589e-03
7.090e+00 1.765e-02 1.419e-03
7.100e+00 1.743e-02 1.210e-03
7.110e+00 1.712e-02 9.567e-04
7.120e+00 1.677e-02 6.649e-04
7.130e+00 1.639e-02 3.456e-04
7.140e+00 1.601e-02 1.179e-05
7.150e+00 1.563e-02 -3.239e-04
7.160e+00 1.526e-02 -6.498e-04
7.170e+00 1.492e-02 -9.560e-04
7.180e+00 1.461e-02 -1.235e-03
7.190e+00 1.433e-02 -1.484e-03
7.200e+00 1.409e-02 -1.702e-03
7.210e+00 1.389e-02 -1.895e-03
7.220e+00 1.373e-02 -2.070e-03
7.230e+00 1.359e-02 -2.236e-03
7.240e+00 1.349e-02 -2.400e-03
7.250e+00 1.341e-02 -2.570e-03
7.260e+00 1.335e-02 -2.749e-03
7.270e+00 1.331e-02 -2.941e-03
7.280e+00 1.328e-02 -3.144e-03
7.290e+00 1.325e-02 -3.356e-03
7.300e+00 1.322e-02 -3.573e-03
7.310e+00 1.319e-02 -3.791e-03
7.320e+00 1.316e-02 -4.010e-03
7.330e+00 1.311e-02 -4.228e-03
7.340e+00 1.304e-02 -4.448e-03
7.350e+00 1.294e-02 -4.670e-03
7.360e+00 1.280e-02 -4.893e-03
7.370e+00 1.263e-02 -5.115e-03
7.380e+00 1.242e-02 -5.333e-03
7.390e+00 1.218e-02 -5.545e-03
7.400e+00 1.192e-02 -5.752e-03
7.410e+00 1.167e-02 -5.955e-03
7.420e+00 1.143e-02 -6.153e-03
7.430e+00 1.122e-02 -6.346e-03
7.440e+00 1.103e-02 -6.531e-03
7.450e+00 1.087e-02 -6.704e-03
7.460e+00 1.073e-02 -6.864e-03
7.470e+00 1.062e-02 -7.008e-03
7.480e+00 1.052e-02 -7.133e-03
7.490e+00 1.046e-02 -7.239e-03
7.500e+00 1.042e-02 -7.322e-03
7.510e+00 1.041e-02 -7.382e-03
7.520e+00 1.043e-02 -7.420e-03
7.530e+00 1.046e-02 -7.440e-03
7.540e+00 1.052e-02 -7.443e-03
7.550e+00 1.059e-02 -7.435e-03
7.560e+00 1.067e-02 -7.415e-03
7.570e+00 1.077e-02 -7.386e-03
7.580e+00 1.087e-02 -7.346e-03
7.590e+00 1.099e-02 -7.295e-03
7.600e+00 1.111e-02 -7.233e-03
7.610e+00 1.124e-02 -7.162e-03
7.620e+00 1.138e-02 -7.087e-03
7.630e+00 1.152e-02 -7.013e-03
7.640e+00 1.166e-02 -6.947e-03
7.650e+00 1.181e-02 -6.895e-03
7.660e+00 1.194e-02 -6.860e-03
7.670e+00 1.207e-02 -6.847e-03
7.680e+00 1.218e-02 -6.855e-03
7.690e+00 1.227e-02 -6.883e-03
7.700e+00 1.233e-02 -6.929e-03
7.710e+00 1.238e-02 -6.989e-03
7.720e+00 1.239e-02 -7.060e-03
7.730e+00 1.239e-02 -7.143e-03
7.740e+00 1.236e-02 -7.237e-03
7.750e+00 1.232e-02 -7.345e-03
7.760e+00 1.225e-02 -7.472e-03
7.770e+00 1.217e-02 -7.621e-03
7.780e+00 1.208e-02 -7.794e-03
7.790e+00 1.198e-02 -7.991e-03
7.800e+00 1.189e-02 -8.208e-03
7.810e+00 1.180e-02 -8.441e-03
7.820e+00 1.173e-02 -8.683e-03
7.830e+00 1.167e-02 -8.930e-03
7.840e+00 1.162e-02 -9.176e-03
7.850e+00 1.160e-02 -9.420e-03
7.860e+00 1.158e-02 -9.659e-03
7.870e+00 1.158e-02 -9.889e-03
7.880e+00 1.157e-02 -1.011e-02
7.890e+00 1.157e-02 -1.030e-02
7.900e+00 1.155e-02 -1.046e-02
7.910e+00 1.153e-02 -1.058e-02
7.920e+00 1.151e-02 -1.067e-02
7.930e+00 1.148e-02 -1.071e-02
7.940e+00 1.147e-02 -1.073e-02
7.950e+00 1.149e-02 -1.074e-02
7.960e+00 1.153e-02 -1.074e-02
7.970e+00 1.159e-02 -1.075e-02
7.980e+00 1.167e-02 -1.076e-02
7.990e+00 1.176e-02 -1.078e-02
8.000e+00 1.185e-02 -1.080e-02
8.010e+00 1.192e-02 -1.081e-02
8.020e+00 1.199e-02 -1.082e-02
8.030e+00 1.204e-02 -1.083e-02
8.040e+00 1.206e-02 -1.084e-02
8.050e+00 1.208e-02 -1.085e-02
8.060e+00 1.208e-02 -1.087e-02
8.070e+00 1.207e-02 -1.091e-02
8.080e+00 1.205e-02 -1.097e-02
8.090e+00 1.205e-02 -1.106e-02
8.100e+00 1.207e-02 -1.117e-02
8.110e+00 1.212e-02 -1.130e-02
8.120e+00 1.221e-02 -1.143e-02
8.130e+00 1.233e-02 -1.157e-02
8.140e+00 1.247e-02 -1.170e-02
8.150e+00 1.262e-02 -1.184e-02
8.160e+00 1.278e-02 -1.197e-02
8.170e+00 1.292e-02 -1.211e-02
8.180e+00 1.305e-02 -1.224e-02
8.190e+00 1.315e-02 -1.236e-02
8.200e+00 1.323e-02 -1.247e-02
8.210e+00 1.329e-02 -1.258e-02
8.220e+00 1.333e-02 -1.266e-02
8.230e+00 1.337e-02 -1.272e-02
8.240e+00 1.340e-02 -1.276e-02
8.250e+00 1.343e-02 -1.279e-02
8.260e+00 1.347e-02 -1.281e-02
8.270e+00 1.352e-02 -1.282e-02
8.280e+00 1.359e-02 -1.283e-02
8.290e+00 1.368e-02 -1.284e-02
8.300e+00 1.380e-02 -1.284e-02
8.310e+00 1.393e-02 -1.282e-02
8.320e+00 1.407e-02 -1.276e-02
8.330e+00 1.420e-02 -1.265e-02
8.340e+00 1.429e-02 -1.247e-02
8.350e+00 1.434e-02 -1.224e-02
8.360e+00 1.434e-02 -1.194e-02
8.370e+00 1.430e-02 -1.160e-02
8.380e+00 1.424e-02 -1.124e-02
8.390e+00 1.417e-02 -1.088e-02
8.400e+00 1.409e-02 -1.052e-02
8.410e+00 1.402e-02 -1.018e-02
8.420e+00 1.394e-02 -9.858e-03
8.430e+00 1.387e-02 -9.547e-03
8.440e+00 1.379e-02 -9.252e-03
8.450e+00 1.370e-02 -8.975e-03
8.460e+00 1.360e-02 -8.718e-03
8.470e+00 1.349e-02 -8.488e-03
8.480e+00 1.337e-02 -8.288e-03
8.490e+00 1.326e-02 -8.123e-03
8.500e+00 1.316e-02 -7.995e-03
8.510e+00 1.308e-02 -7.903e-03
8.520e+00 1.303e-02 -7.840e-03
8.530e+00 1.300e-02 -7.798e-03
8.540e+00 1.299e-02 -7.767e-03
8.550e+00 1.300e-02 -7.738e-03
8.560e+00 1.301e-02 -7.703e-03
8.570e+00 1.301e-02 -7.657e-03
8.580e+00 1.301e-02 -7.596e-03
8.590e+00 1.297e-02 -7.519e-03
8.600e+00 1.290e-02 -7.424e-03
8.610e+00 1.279e-02 -7.309e-03
8.620e+00 1.263e-02 -7.174e-03
8.630e+00 1.243e-02 -7.020e-03
8.640e+00 1.219e-02 -6.846e-03
8.650e+00 1.192e-02 -6.658e-03
8.660e+00 1.165e-02 -6.464e-03
8.670e+00 1.138e-02 -6.274e-03
8.680e+00 1.114e-02 -6.095e-03
8.690e+00 1.094e-02 -5.931e-03
8.700e+00 1.079e-02 -5.779e-03
8.710e+00 1.070e-02 -5.638e-03
8.720e+00 1.067e-02 -5.510e-03
8.730e+00 1.070e-02 -5.394e-03
8.740e+00 1.077e-02 -5.291e-03
8.750e+00 1.089e-02 -5.194e-03
8.760e+00 1.103e-02 -5.100e-03
8.770e+00 1.119e-02 -5.001e-03
8.780e+00 1.137e-02 -4.889e-03
8.790e+00 1.154e-02 -4.761e-03
8.800e+00 1.172e-02 -4.610e-03
8.810e+00 1.188e-02 -4.437e-03
8.820e+00 1.202e-02 -4.239e-03
8.830e+00 1.215e-02 -4.018e-03
8.840e+00 1.226e-02 -3.777e-03
8.850e+00 1.234e-02 -3.521e-03
8.860e+00 1.241e-02 -3.253e-03
8.870e+00 1.246e-02 -2.976e-03
8.880e+00 1.250e-02 -2.697e-03
8.890e+00 1.254e-02 -2.419e-03
8.900e+00 1.259e-02 -2.152e-03
8.910e+00 1.264e-02 -1.905e-03
8.920e+00 1.269e-02 -1.688e-03
8.930e+00 1.276e-02 -1.506e-03
8.940e+00 1.283e-02 -1.363e-03
8.950e+00 1.292e-02 -1.254e-03
8.960e+00 1.302e-02 -1.170e-03
8.970e+00 1.314e-02 -1.100e-03
8.980e+00 1.329e-02 -1.037e-03
8.990e+00 1.346e-02 -9.746e-04
9.000e+00 1.365e-02 -9.076e-04
9.010e+00 1.386e-02 -8.310e-04
9.020e+00 1.408e-02 -7.392e-04
9.030e+00 1.432e-02 -6.277e-04
9.040e+00 1.455e-02 -4.958e-04
9.050e+00 1.478e-02 -3.468e-04
9.060e+00 1.500e-02 -1.862e-04
9.070e+00 1.519e-02 -1.889e-05
9.080e+00 1.536e-02 1.518e-04
9.090e+00 1.550e-02 3.239e-04
9.100e+00 1.560e-02 4.957e-04
9.110e+00 1.567e-02 6.658e-04
9.120e+00 1.570e-02 8.323e-04
9.130e+00 1.570e-02 9.933e-04
9.140e+00 1.568e-02 1.146e-03
9.150e+00 1.563e-02 1.290e-03
9.160e+00 1.557e-02 1.421e-03
9.170e+00 1.551e-02 1.538e-03
9.180e+00 1.543e-02 1.640e-03
9.190e+00 1.535e-02 1.724e-03
9.200e+00 1.525e-02 1.788e-03
9.210e+00 1.513e-02 1.831e-03
9.220e+00 1.498e-02 1.851e-03
9.230e+00 1.481e-02 1.849e-03
9.240e+00 1.460e-02 1.830e-03
9.250e+00 1.435e-02 1.799e-03
9.260e+00 1.407e-02 1.767e-03
9.270e+00 1.376e-02 1.741e-03
9.280e+00 1.344e-02 1.729e-03
9.290e+00 1.310e-02 1.735e-03
9.300e+00 1.275e-02 1.761e-03
9.310e+00 1.239e-02 1.808e-03
9.320e+00 1.204e-02 1.872e-03
9.330e+00 1.168e-02 1.952e-03
9.340e+00 1.132e-02 2.042e-03
9.350e+00 1.096e-02 2.139e-03
9.360e+00 1.061e-02 2.240e-03
9.370e+00 1.027e-02 2.341e-03
9.380e+00 9.930e-03 2.440e-03
9.390e+00 9.605e-03 2.537e-03
9.400e+00 9.289e-03 2.630e-03
9.410e+00 8.985e-03 2.718e-03
9.420e+00 8.695e-03 2.801e-03
9.430e+00 8.420e-03 2.877e-03
9.440e+00 8.165e-03 2.948e-03
9.450e+00 7.932e-03 3.012e-03
9.460e+00 7.725e-03 3.071e-03
9.470e+00 7.545e-03 3.126e-03
9.480e+00 7.391e-03 3.180e-03
9.490e+00 7.264e-03 3.234e-03
9.500e+00 7.162e-03 3.294e-03
9.510e+00 7.082e-03 3.364e-03
9.520e+00 7.024e-03 3.452e-03
9.530e+00 6.985e-03 3.561e-03
9.540e+00 6.964e-03 3.691e-03
9.550e+00 6.957e-03 3.841e-03
9.560e+00 6.964e-03 4.003e-03
9.570e+00 6.980e-03 4.171e-03
9.580e+00 7.005e-03 4.335e-03
9.590e+00 7.035e-03 4.487e-03
9.600e+00 7.068e-03 4.620e-03
9.610e+00 7.106e-03 4.724e-03
9.620e+00 7.147e-03 4.795e-03
9.630e+00 7.194e-03 4.829e-03
9.640e+00 7.247e-03 4.824e-03
9.650e+00 7.308e-03 4.783e-03
9.660e+00 7.377e-03 4.708e-03
9.670e+00 7.455e-03 4.606e-03
9.680e+00 7.542e-03 4.481e-03
9.690e+00 7.636e-03 4.339e-03
9.700e+00 7.740e-03 4.185e-03
9.710e+00 7.851e-03 4.021e-03
9.720e+00 7.969e-03 3.851e-03
9.730e+00 8.095e-03 3.673e-03
9.740e+00 8.228e-03 3.487e-03
9.750e+00 8.366e-03 3.292e-03
9.760e+00 8.507e-03 3.088e-03
9.770e+00 8.650e-03 2.876e-03
9.780e+00 8.791e-03 2.658e-03
9.790e+00 8.928e-03 2.436e-03
9.800e+00 9.058e-03 2.214e-03
9.810e+00 9.179e-03 1.997e-03
9.820e+00 9.292e-03 1.786e-03
9.830e+00 9.398e-03 1.584e-03
9.840e+00 9.496e-03 1.391e-03
9.850e+00 9.588e-03 1.209e-03
9.860e+00 9.674e-03 1.038e-03
9.870e+00 9.754e-03 8.785e-04
9.880e+00 9.827e-03 7.314e-04
9.890e+00 9.892e-03 5.960e-04
9.900e+00 9.949e-03 4.716e-04
9.910e+00 9.995e-03 3.573e-04
9.920e+00 1.003e-02 2.526e-04
9.930e+00 1.005e-02 1.571e-04
9.940e+00 1.006e-02 7.067e-05
9.950e+00 1.004e-02 -6.414e-06
9.960e+00 1.001e-02 -7.365e-05
9.970e+00 9.960e-03 -1.305e-04
9.980e+00 9.880e-03 -1.763e-04
9.990e+00 9.772e-03 -2.106e-04
