# Time (ps)      real(F_1)      im(F_1)
0.000e+00 1.000e+00 0.000e+00
1.000e-01 8.539e-01 -8.011e-03
2.000e-01 6.637e-01 -1.662e-02
3.000e-01 6.062e-01 -9.858e-03
4.000e-01 5.894e-01 -2.504e-02
5.000e-01 6.062e-01 2.675e-02
6.000e-01 5.101e-01 4.406e-02
7.000e-01 4.966e-01 2.880e-02
8.000e-01 4.843e-01 5.329e-02
9.000e-01 4.402e-01 5.980e-02
1.000e+00 4.461e-01 6.314e-02
1.100e+00 3.655e-01 4.676e-02
1.200e+00 3.766e-01 2.558e-03
1.300e+00 3.702e-01 3.856e-02
1.400e+00 3.786e-01 8.670e-02
1.500e+00 3.651e-01 7.140e-02
1.600e+00 3.935e-01 8.810e-02
1.700e+00 3.924e-01 8.000e-02
1.800e+00 3.226e-01 5.781e-02
1.900e+00 3.137e-01 7.601e-02
2.000e+00 3.018e-01 6.361e-02
2.100e+00 2.814e-01 5.868e-02
2.200e+00 2.622e-01 8.034e-02
2.300e+00 2.547e-01 8.012e-02
2.400e+00 2.250e-01 6.892e-02
2.500e+00 1.818e-01 7.243e-02
2.600e+00 2.159e-01 4.655e-02
2.700e+00 1.570e-01 5.151e-02
2.800e+00 2.041e-01 9.681e-02
2.900e+00 1.733e-01 9.973e-02
3.000e+00 1.948e-01 1.047e-01
3.100e+00 1.743e-01 7.273e-02
3.200e+00 1.379e-01 6.911e-02
3.300e+00 1.184e-01 6.444e-02
3.400e+00 9.343e-02 9.894e-02
3.500e+00 1.124e-01 1.003e-01
3.600e+00 9.967e-02 7.702e-02
3.700e+00 1.063e-01 1.265e-01
3.800e+00 9.635e-02 8.669e-02
3.900e+00 8.462e-02 8.536e-02
4.000e+00 5.771e-02 7.647e-02
4.100e+00 7.964e-02 4.362e-02
4.200e+00 7.459e-02 4.326e-02
4.300e+00 1.004e-01 3.455e-02
4.400e+00 9.374e-02 3.950e-02
4.500e+00 6.211e-02 3.301e-02
4.600e+00 7.154e-02 2.243e-02
4.700e+00 6.364e-02 1.785e-02
4.800e+00 6.620e-02 6.261e-03
4.900e+00 7.724e-02 2.683e-02
5.000e+00 7.768e-02 3.437e-02
5.100e+00 6.558e-02 2.270e-02
5.200e+00 6.305e-02 4.840e-02
5.300e+00 7.009e-02 1.617e-02
5.400e+00 5.678e-02 3.087e-02
5.500e+00 4.709e-02 9.261e-03
5.600e+00 5.534e-02 -1.028e-03
5.700e+00 7.926e-02 9.637e-03
5.800e+00 5.067e-02 2.086e-02
5.900e+00 2.139e-02 4.665e-03
6.000e+00 2.107e-02 3.488e-03
6.100e+00 1.992e-02 -1.183e-02
6.200e+00 3.701e-02 -1.102e-02
6.300e+00 5.046e-02 -1.401e-02
6.400e+00 4.130e-02 -2.529e-02
6.500e+00 3.758e-02 -3.912e-02
6.600e+00 2.997e-02 -4.922e-02
6.700e+00 2.812e-02 -3.446e-02
6.800e+00 3.544e-02 -3.218e-02
6.900e+00 4.107e-02 -3.356e-02
7.000e+00 3.876e-02 -2.914e-02
7.100e+00 1.695e-02 -4.343e-02
7.200e+00 7.802e-03 -4.103e-02
7.300e+00 7.274e-03 -4.206e-02
7.400e+00 1.748e-02 -3.441e-02
7.500e+00 3.747e-03 -1.615e-02
7.600e+00 -4.513e-03 -1.163e-02
7.700e+00 5.737e-03 -7.468e-03
7.800e+00 -8.656e-03 -2.127e-02
7.900e+00 9.993e-03 -7.669e-03
8.000e+00 2.356e-02 -1.481e-02
8.100e+00 2.609e-02 -1.008e-02
8.200e+00 2.906e-02 -1.142e-02
8.300e+00 1.595e-02 -1.485e-03
8.400e+00 5.007e-03 -1.409e-02
8.500e+00 1.279e-02 -1.244e-02
8.600e+00 1.478e-02 -6.406e-03
8.700e+00 2.543e-02 9.328e-05
8.800e+00 3.013e-02 -7.634e-04
8.900e+00 3.090e-02 -6.525e-03
9.000e+00 1.288e-02 -6.429e-04
9.100e+00 1.997e-02 -9.679e-03
9.200e+00 1.437e-02 -7.378e-04
9.300e+00 6.472e-04 -7.190e-03
9.400e+00 3.189e-02 3.644e-03
9.500e+00 2.164e-02 -1.165e-02
9.600e+00 1.776e-02 -1.482e-03
9.700e+00 2.300e-02 1.590e-02
9.800e+00 2.156e-02 7.550e-03
9.900e+00 2.560e-02 1.273e-02
1.000e+01 2.323e-02 6.921e-03
1.010e+01 1.522e-02 -8.001e-03
1.020e+01 1.003e-02 -1.753e-02
1.030e+01 -1.495e-03 -9.067e-03
1.040e+01 1.439e-02 -1.996e-02
1.050e+01 2.558e-02 -1.365e-02
1.060e+01 2.353e-02 1.258e-03
1.070e+01 2.312e-02 6.548e-04
1.080e+01 2.570e-02 1.363e-03
1.090e+01 2.645e-02 3.924e-03
1.100e+01 1.472e-02 4.026e-03
1.110e+01 2.511e-02 -5.576e-03
1.120e+01 2.664e-02 -3.872e-03
1.130e+01 3.076e-02 -7.184e-03
1.140e+01 3.216e-02 -9.298e-03
1.150e+01 2.116e-02 -6.444e-03
1.160e+01 1.491e-02 -3.362e-03
1.170e+01 1.020e-02 -1.182e-03
1.180e+01 1.057e-02 3.431e-03
1.190e+01 1.440e-02 6.154e-03
1.200e+01 1.296e-02 -1.194e-04
1.210e+01 1.701e-02 2.372e-03
1.220e+01 1.679e-02 -3.815e-04
1.230e+01 1.798e-02 -7.074e-04
1.240e+01 1.452e-02 -2.847e-03
1.250e+01 2.533e-02 -7.713e-04
1.260e+01 1.933e-02 -1.915e-03
1.270e+01 2.018e-02 5.497e-03
1.280e+01 1.853e-02 2.504e-03
1.290e+01 1.868e-02 -5.961e-03
1.300e+01 1.667e-02 -1.431e-03
1.310e+01 1.902e-02 4.918e-03
1.320e+01 1.891e-02 8.179e-03
1.330e+01 2.051e-02 9.838e-03
1.340e+01 2.087e-02 6.954e-03
1.350e+01 1.605e-02 5.188e-03
1.360e+01 1.148e-02 1.028e-02
1.370e+01 1.310e-02 6.420e-03
1.380e+01 1.014e-02 6.051e-03
1.390e+01 9.730e-03 5.379e-03
1.400e+01 1.005e-02 9.112e-03
1.410e+01 7.020e-03 3.757e-03
1.420e+01 8.375e-03 5.621e-03
1.430e+01 8.148e-03 7.002e-03
1.440e+01 7.270e-03 3.323e-03
1.450e+01 5.462e-03 -1.806e-03
1.460e+01 9.349e-03 1.475e-03
1.470e+01 1.107e-02 2.645e-03
1.480e+01 1.269e-02 1.284e-04
1.490e+01 8.736e-03 3.275e-03
1.500e+01 7.463e-03 1.312e-03
1.510e+01 7.245e-03 6.998e-04
1.520e+01 5.145e-03 8.396e-04
1.530e+01 2.218e-03 2.988e-05
1.540e+01 1.204e-02 -3.023e-03
1.550e+01 1.816e-02 -1.278e-03
1.560e+01 1.686e-02 7.765e-05
1.570e+01 1.666e-02 5.889e-03
1.580e+01 1.585e-02 3.018e-03
1.590e+01 1.734e-02 1.286e-02
1.600e+01 1.578e-02 1.052e-02
1.610e+01 1.316e-02 1.241e-02
1.620e+01 1.296e-02 8.623e-03
1.630e+01 1.010e-02 5.948e-03
1.640e+01 1.487e-02 5.188e-03
1.650e+01 1.746e-02 4.086e-03
1.660e+01 1.566e-02 -1.188e-03
1.670e+01 1.874e-02 4.748e-03
1.680e+01 2.361e-02 1.227e-02
1.690e+01 1.893e-02 1.410e-02
1.700e+01 1.460e-02 5.117e-03
1.710e+01 1.818e-02 7.108e-03
1.720e+01 6.580e-03 1.910e-02
1.730e+01 1.075e-02 6.997e-03
1.740e+01 1.472e-02 1.008e-04
1.750e+01 1.365e-02 4.586e-03
1.760e+01 7.226e-03 1.429e-03
1.770e+01 2.802e-03 3.204e-05
1.780e+01 1.255e-03 -1.528e-04
1.790e+01 5.094e-03 -1.288e-04
1.800e+01 -2.336e-03 5.040e-03
1.810e+01 -2.815e-04 -1.117e-03
1.820e+01 -6.833e-05 -4.241e-03
1.830e+01 -2.008e-03 -1.048e-04
1.840e+01 1.990e-03 1.292e-03
1.850e+01 5.072e-03 3.884e-03
1.860e+01 8.906e-03 8.206e-03
1.870e+01 8.016e-03 7.035e-03
1.880e+01 9.840e-03 5.308e-03
1.890e+01 6.286e-03 4.272e-03
1.900e+01 7.103e-03 6.853e-03
1.910e+01 8.055e-03 6.299e-03
1.920e+01 6.169e-03 7.735e-03
1.930e+01 3.782e-03 5.285e-03
1.940e+01 7.601e-03 4.005e-03
1.950e+01 5.414e-03 4.300e-03
1.960e+01 3.149e-03 1.790e-03
1.970e+01 1.788e-04 6.012e-03
1.980e+01 4.324e-03 6.234e-03
1.990e+01 2.383e-03 6.247e-03
2.000e+01 6.397e-03 5.328e-03
2.010e+01 6.673e-03 8.253e-03
2.020e+01 2.905e-03 3.604e-03
2.030e+01 4.236e-03 2.925e-04
2.040e+01 1.060e-02 -5.181e-04
2.050e+01 1.151e-02 2.943e-03
2.060e+01 7.032e-03 2.986e-03
2.070e+01 8.737e-04 2.915e-03
2.080e+01 -3.239e-04 1.873e-04
2.090e+01 3.411e-03 -4.052e-03
2.100e+01 -7.278e-04 -5.235e-03
2.110e+01 -3.729e-03 -1.172e-03
2.120e+01 -3.612e-04 -4.432e-03
2.130e+01 -1.295e-03 -2.863e-03
2.140e+01 -3.826e-05 -5.939e-04
2.150e+01 9.342e-04 6.717e-03
2.160e+01 1.044e-03 5.106e-03
2.170e+01 1.377e-03 7.705e-03
2.180e+01 3.371e-03 3.891e-03
2.190e+01 3.692e-03 6.055e-03
2.200e+01 5.016e-03 4.024e-03
2.210e+01 3.419e-03 1.576e-03
2.220e+01 -8.601e-04 -6.155e-04
2.230e+01 1.753e-04 -5.577e-03
2.240e+01 -5.977e-03 -5.558e-03
2.250e+01 1.059e-04 -1.251e-03
2.260e+01 3.761e-03 -3.026e-03
2.270e+01 1.157e-03 -4.729e-03
2.280e+01 3.827e-03 -1.422e-03
2.290e+01 3.651e-03 8.905e-05
2.300e+01 8.715e-03 8.341e-03
2.310e+01 6.636e-03 6.242e-03
2.320e+01 4.998e-03 1.008e-02
2.330e+01 6.830e-03 4.032e-03
2.340e+01 8.159e-03 4.254e-03
2.350e+01 7.370e-03 9.144e-03
2.360e+01 3.883e-03 7.246e-03
2.370e+01 1.580e-03 9.375e-03
2.380e+01 4.328e-03 5.205e-03
2.390e+01 6.641e-03 4.385e-03
2.400e+01 3.252e-03 3.702e-03
2.410e+01 -2.009e-04 7.196e-04
2.420e+01 -2.166e-03 -3.723e-04
2.430e+01 -1.229e-03 3.251e-03
2.440e+01 -7.115e-05 3.063e-03
2.450e+01 6.999e-04 2.285e-04
2.460e+01 1.849e-03 -3.564e-03
2.470e+01 1.468e-03 1.464e-03
2.480e+01 2.138e-03 3.661e-03
2.490e+01 -8.043e-05 1.368e-03
2.500e+01 -3.705e-04 -8.154e-05
2.510e+01 1.773e-03 1.717e-03
2.520e+01 -4.487e-04 1.225e-03
2.530e+01 2.858e-03 1.011e-03
2.540e+01 4.999e-03 -1.300e-03
2.550e+01 3.061e-03 1.547e-03
2.560e+01 6.972e-04 7.583e-03
2.570e+01 -1.878e-03 7.930e-03
2.580e+01 -6.978e-03 1.057e-02
2.590e+01 -7.146e-03 9.747e-03
2.600e+01 -5.682e-03 9.905e-03
2.610e+01 -1.948e-03 3.127e-03
2.620e+01 1.174e-03 -9.135e-04
2.630e+01 7.477e-03 -3.683e-03
2.640e+01 7.068e-03 -2.898e-03
2.650e+01 9.175e-03 -9.660e-04
2.660e+01 9.786e-03 -2.642e-03
2.670e+01 8.119e-03 -5.001e-03
2.680e+01 1.215e-02 -2.837e-03
2.690e+01 1.269e-02 -5.022e-03
2.700e+01 1.120e-02 -1.236e-03
2.710e+01 7.965e-03 -1.048e-04
2.720e+01 6.745e-03 -2.481e-03
2.730e+01 8.965e-03 -5.377e-03
2.740e+01 1.360e-02 -1.536e-02
2.750e+01 2.380e-02 -1.424e-02
2.760e+01 1.954e-02 -9.527e-03
2.770e+01 9.709e-03 -3.097e-03
2.780e+01 1.328e-02 -3.737e-03
2.790e+01 1.246e-02 -1.755e-03
2.800e+01 7.758e-03 -2.535e-03
2.810e+01 6.198e-03 1.317e-03
2.820e+01 -3.704e-04 7.759e-03
2.830e+01 1.505e-03 4.256e-03
2.840e+01 1.093e-03 6.675e-03
2.850e+01 -1.506e-03 5.396e-03
2.860e+01 1.078e-02 -2.895e-03
2.870e+01 4.698e-03 6.726e-04
2.880e+01 8.107e-03 1.086e-03
2.890e+01 8.658e-03 3.584e-03
2.900e+01 6.028e-04 1.046e-02
2.910e+01 4.130e-03 7.230e-03
2.920e+01 1.508e-02 5.513e-04
2.930e+01 2.105e-02 -2.905e-04
2.940e+01 2.361e-02 -1.228e-03
2.950e+01 3.135e-02 -5.043e-03
2.960e+01 2.942e-02 4.759e-03
2.970e+01 3.053e-02 4.413e-03
2.980e+01 2.888e-02 3.412e-03
2.990e+01 2.144e-02 1.147e-03
3.000e+01 2.382e-02 5.118e-03
3.010e+01 2.244e-02 6.715e-03
3.020e+01 1.751e-02 2.847e-03
3.030e+01 2.022e-02 6.923e-03
3.040e+01 2.240e-02 8.768e-03
3.050e+01 2.281e-02 6.043e-03
3.060e+01 2.281e-02 2.477e-03
3.070e+01 2.816e-02 4.447e-03
3.080e+01 2.889e-02 5.923e-03
3.090e+01 2.050e-02 1.059e-03
3.100e+01 2.257e-02 -8.773e-04
3.110e+01 2.333e-02 2.286e-03
3.120e+01 2.161e-02 6.027e-03
3.130e+01 1.325e-02 2.862e-03
3.140e+01 1.190e-02 1.521e-03
3.150e+01 1.537e-02 2.902e-03
3.160e+01 1.606e-02 2.904e-03
3.170e+01 1.467e-02 4.147e-03
3.180e+01 1.396e-02 1.704e-03
3.190e+01 8.429e-03 1.310e-03
3.200e+01 1.581e-02 2.404e-03
3.210e+01 1.417e-02 2.518e-03
3.220e+01 7.398e-03 4.233e-03
3.230e+01 7.239e-03 5.124e-03
3.240e+01 3.397e-03 7.284e-03
3.250e+01 5.647e-03 8.326e-03
3.260e+01 2.454e-03 9.129e-03
3.270e+01 2.814e-04 1.065e-02
3.280e+01 -5.734e-03 1.278e-02
3.290e+01 -1.041e-03 1.124e-02
3.300e+01 -1.052e-03 1.163e-02
3.310e+01 8.936e-04 7.992e-03
3.320e+01 -2.218e-03 1.085e-02
3.330e+01 -5.904e-03 8.837e-03
3.340e+01 -8.263e-03 1.279e-02
3.350e+01 -4.234e-03 1.518e-02
3.360e+01 -2.690e-03 1.394e-02
3.370e+01 -5.667e-03 1.489e-02
3.380e+01 -6.189e-03 1.230e-02
3.390e+01 -1.163e-03 8.782e-03
3.400e+01 -1.165e-03 1.259e-02
3.410e+01 1.077e-04 9.257e-03
3.420e+01 7.402e-03 3.044e-03
3.430e+01 3.284e-03 8.059e-03
3.440e+01 6.526e-03 1.766e-02
3.450e+01 2.156e-03 2.651e-02
3.460e+01 1.413e-03 1.285e-02
3.470e+01 -3.820e-03 1.477e-02
3.480e+01 6.425e-04 9.834e-03
3.490e+01 6.837e-03 4.736e-03
3.500e+01 7.148e-03 1.510e-03
3.510e+01 3.889e-03 -1.486e-03
3.520e+01 8.981e-03 -3.337e-03
3.530e+01 9.513e-03 1.190e-03
3.540e+01 7.675e-03 7.205e-03
3.550e+01 4.296e-03 2.243e-03
3.560e+01 3.810e-03 4.362e-03
3.570e+01 8.255e-03 1.879e-03
3.580e+01 1.188e-02 -1.713e-03
3.590e+01 6.381e-03 -1.025e-03
3.600e+01 6.449e-03 -2.239e-03
3.610e+01 5.472e-03 -5.072e-04
3.620e+01 9.528e-03 3.124e-03
3.630e+01 1.192e-02 1.404e-03
3.640e+01 7.864e-03 -1.643e-03
3.650e+01 8.226e-03 -6.703e-03
3.660e+01 1.005e-02 -2.048e-03
3.670e+01 9.133e-03 1.992e-03
3.680e+01 7.582e-03 4.317e-03
3.690e+01 8.302e-03 5.273e-03
3.700e+01 1.044e-02 6.983e-03
3.710e+01 1.014e-02 3.359e-03
3.720e+01 7.531e-03 4.325e-03
3.730e+01 6.343e-03 1.427e-03
3.740e+01 5.063e-03 -4.330e-04
3.750e+01 2.660e-03 3.545e-03
3.760e+01 4.611e-03 6.609e-03
3.770e+01 -7.163e-04 4.588e-03
3.780e+01 4.113e-03 4.392e-03
3.790e+01 6.375e-03 5.183e-03
3.800e+01 8.591e-03 4.515e-03
3.810e+01 6.025e-03 6.470e-03
3.820e+01 1.294e-02 6.412e-03
3.830e+01 6.217e-03 8.129e-03
3.840e+01 1.331e-02 7.773e-03
3.850e+01 8.939e-03 4.657e-03
3.860e+01 5.986e-03 4.275e-03
3.870e+01 6.297e-03 6.258e-03
3.880e+01 8.861e-03 1.023e-02
3.890e+01 6.454e-03 9.216e-03
3.900e+01 8.561e-03 8.879e-03
3.910e+01 1.057e-02 1.084e-02
3.920e+01 7.535e-03 1.050e-02
3.930e+01 1.149e-02 9.617e-03
3.940e+01 1.233e-02 1.014e-02
3.950e+01 1.151e-02 4.843e-03
3.960e+01 8.563e-03 6.158e-03
3.970e+01 5.711e-04 1.496e-02
3.980e+01 -4.504e-04 1.284e-02
3.990e+01 -1.172e-03 1.504e-02
4.000e+01 -4.245e-03 1.463e-02
4.010e+01 2.071e-04 8.726e-03
4.020e+01 1.600e-03 6.692e-03
4.030e+01 3.029e-03 5.973e-03
4.040e+01 3.889e-03 2.843e-03
4.050e+01 5.214e-03 3.371e-03
4.060e+01 3.242e-03 4.641e-03
4.070e+01 6.443e-03 6.108e-03
4.080e+01 4.806e-03 6.969e-03
4.090e+01 3.759e-03 1.332e-02
4.100e+01 5.486e-03 1.168e-02
4.110e+01 6.339e-03 6.365e-03
4.120e+01 6.572e-03 9.139e-03
4.130e+01 5.760e-03 6.320e-03
4.140e+01 8.330e-03 5.466e-03
4.150e+01 9.534e-03 3.937e-03
4.160e+01 9.416e-03 7.068e-04
4.170e+01 6.862e-03 5.082e-04
4.180e+01 6.643e-03 -1.594e-03
4.190e+01 6.381e-03 -1.949e-03
4.200e+01 1.105e-02 -3.983e-03
4.210e+01 6.432e-03 -6.352e-04
4.220e+01 7.078e-03 -2.950e-03
4.230e+01 7.264e-03 -6.586e-03
4.240e+01 6.537e-03 -5.605e-03
4.250e+01 6.991e-03 -3.591e-03
4.260e+01 3.700e-03 -1.737e-03
4.270e+01 3.015e-03 -2.142e-04
4.280e+01 3.294e-03 -7.500e-05
4.290e+01 2.227e-03 5.787e-04
4.300e+01 2.080e-03 3.133e-04
4.310e+01 3.210e-04 -1.547e-03
4.320e+01 2.203e-03 -1.435e-03
4.330e+01 3.648e-03 -9.739e-04
4.340e+01 3.634e-03 -2.341e-03
4.350e+01 2.615e-03 -1.846e-03
4.360e+01 7.178e-05 -1.087e-03
4.370e+01 5.997e-04 2.713e-03
4.380e+01 -1.117e-03 9.949e-04
4.390e+01 -2.993e-03 1.773e-04
4.400e+01 -3.002e-03 -4.486e-03
4.410e+01 -5.415e-04 -2.815e-03
4.420e+01 -1.965e-03 -2.595e-03
4.430e+01 -2.687e-03 -2.949e-03
4.440e+01 6.126e-04 -1.259e-03
4.450e+01 2.469e-03 -3.113e-03
4.460e+01 2.532e-03 -3.378e-03
4.470e+01 1.863e-03 -1.848e-03
4.480e+01 1.576e-04 2.928e-03
4.490e+01 -1.948e-03 6.496e-03
4.500e+01 -1.247e-03 3.035e-03
4.510e+01 6.423e-04 4.251e-03
4.520e+01 1.008e-03 5.469e-03
4.530e+01 2.400e-03 3.934e-03
4.540e+01 8.669e-04 -1.294e-04
4.550e+01 9.986e-05 -1.982e-03
4.560e+01 1.554e-03 1.349e-03
4.570e+01 1.627e-04 3.396e-03
4.580e+01 -8.531e-04 2.198e-03
4.590e+01 5.015e-04 2.972e-03
4.600e+01 -2.431e-04 7.231e-04
4.610e+01 1.704e-03 7.887e-04
4.620e+01 -3.591e-04 2.378e-03
4.630e+01 -7.375e-04 2.659e-03
4.640e+01 -2.398e-03 4.745e-03
4.650e+01 2.960e-04 6.892e-03
4.660e+01 -1.160e-03 1.743e-03
4.670e+01 7.393e-04 3.241e-03
4.680e+01 1.940e-03 7.056e-04
4.690e+01 9.991e-04 3.804e-04
4.700e+01 1.637e-03 -7.970e-03
4.710e+01 -3.192e-03 -7.744e-03
4.720e+01 3.819e-04 -1.046e-02
4.730e+01 2.061e-03 -1.112e-02
4.740e+01 -3.051e-04 -8.971e-03
4.750e+01 -2.170e-03 -1.131e-02
4.760e+01 1.286e-03 -4.449e-03
4.770e+01 1.034e-03 -5.444e-03
4.780e+01 3.969e-03 -1.242e-03
4.790e+01 6.544e-03 -9.474e-04
4.800e+01 6.036e-03 -3.078e-03
4.810e+01 5.827e-03 -7.223e-03
4.820e+01 3.525e-03 -1.995e-02
4.830e+01 9.297e-03 -9.114e-03
4.840e+01 7.165e-03 -2.940e-03
4.850e+01 9.882e-03 -1.498e-03
4.860e+01 8.224e-03 -1.412e-03
4.870e+01 9.810e-03 -3.858e-04
4.880e+01 8.645e-03 -4.477e-03
4.890e+01 9.304e-03 -5.911e-03
4.900e+01 1.039e-02 -4.720e-03
4.910e+01 1.102e-02 -1.608e-03
4.920e+01 1.149e-02 4.286e-03
4.930e+01 9.355e-03 4.928e-03
4.940e+01 8.425e-03 6.383e-03
4.950e+01 1.215e-02 5.098e-03
4.960e+01 1.275e-02 2.709e-03
4.970e+01 1.418e-02 2.732e-03
4.980e+01 1.021e-02 8.268e-03
4.990e+01 8.867e-03 5.228e-03
5.000e+01 1.486e-02 8.734e-03
5.010e+01 1.204e-02 6.944e-03
5.020e+01 1.250e-02 4.594e-03
5.030e+01 1.790e-02 2.483e-03
5.040e+01 1.185e-02 9.530e-04
5.050e+01 8.227e-03 1.645e-03
5.060e+01 8.077e-03 -2.612e-03
5.070e+01 7.100e-03 3.170e-03
5.080e+01 7.978e-03 3.078e-03
5.090e+01 5.711e-03 1.850e-03
5.100e+01 8.072e-03 -2.262e-03
5.110e+01 7.011e-03 -1.820e-03
5.120e+01 5.682e-03 -5.844e-04
5.130e+01 8.031e-03 -3.446e-04
5.140e+01 6.410e-03 -4.376e-03
5.150e+01 4.833e-03 -1.677e-03
5.160e+01 4.354e-03 -2.306e-03
5.170e+01 4.899e-03 -2.349e-03
5.180e+01 6.608e-03 -2.611e-03
5.190e+01 5.664e-03 -3.499e-03
5.200e+01 6.944e-03 -3.171e-03
5.210e+01 6.129e-03 -2.495e-03
5.220e+01 4.570e-03 -3.917e-03
5.230e+01 4.559e-03 -2.048e-03
5.240e+01 5.436e-03 -3.510e-03
5.250e+01 1.627e-03 -2.076e-03
5.260e+01 3.559e-03 -6.165e-03
5.270e+01 4.196e-03 -4.886e-03
5.280e+01 2.537e-03 5.348e-04
5.290e+01 1.230e-03 2.107e-03
5.300e+01 1.348e-03 3.205e-03
5.310e+01 6.361e-04 3.377e-03
5.320e+01 2.257e-03 3.372e-03
5.330e+01 4.119e-03 3.573e-03
5.340e+01 1.978e-03 1.888e-03
5.350e+01 1.378e-03 1.542e-03
5.360e+01 1.523e-03 1.906e-03
5.370e+01 1.130e-03 5.108e-04
5.380e+01 -7.263e-04 -8.795e-04
5.390e+01 -1.995e-03 -9.989e-04
5.400e+01 6.697e-04 4.013e-04
5.410e+01 8.392e-04 -5.022e-04
5.420e+01 1.866e-03 -3.626e-04
5.430e+01 1.809e-03 1.279e-04
5.440e+01 2.562e-03 -5.291e-06
5.450e+01 1.775e-03 2.995e-04
5.460e+01 2.976e-03 5.931e-04
5.470e+01 3.048e-03 5.772e-04
5.480e+01 4.601e-03 2.632e-04
5.490e+01 3.932e-03 -5.469e-04
5.500e+01 2.675e-03 2.118e-04
5.510e+01 1.083e-03 1.734e-03
5.520e+01 2.651e-03 1.410e-03
5.530e+01 6.129e-03 1.909e-03
5.540e+01 5.244e-03 1.646e-03
5.550e+01 5.286e-03 1.382e-03
5.560e+01 1.819e-03 1.017e-03
5.570e+01 1.241e-03 1.168e-03
5.580e+01 6.625e-04 6.624e-04
5.590e+01 4.718e-05 5.000e-04
5.600e+01 -1.469e-04 -4.771e-04
5.610e+01 1.636e-03 -1.594e-03
5.620e+01 3.760e-03 -2.347e-03
5.630e+01 2.229e-03 -1.634e-03
5.640e+01 1.588e-03 -9.879e-04
5.650e+01 -1.033e-04 3.147e-04
5.660e+01 9.237e-04 1.816e-03
5.670e+01 3.231e-03 3.608e-03
5.680e+01 3.658e-03 2.657e-03
5.690e+01 1.849e-03 9.192e-04
5.700e+01 -7.292e-04 4.997e-04
5.710e+01 -4.349e-04 2.023e-03
5.720e+01 5.668e-04 2.136e-03
5.730e+01 1.725e-03 9.718e-04
5.740e+01 1.166e-03 4.056e-03
5.750e+01 5.056e-04 7.244e-03
5.760e+01 3.517e-03 6.113e-03
5.770e+01 4.683e-03 8.185e-03
5.780e+01 2.452e-03 6.922e-03
5.790e+01 2.299e-03 5.378e-03
5.800e+01 3.048e-03 5.221e-03
5.810e+01 1.729e-03 4.713e-03
5.820e+01 1.610e-03 4.188e-03
5.830e+01 1.753e-03 4.450e-03
5.840e+01 3.677e-03 3.890e-03
5.850e+01 3.503e-03 2.121e-03
5.860e+01 3.120e-03 3.627e-03
5.870e+01 6.937e-04 5.057e-03
5.880e+01 1.105e-03 4.829e-03
5.890e+01 1.139e-03 2.257e-03
5.900e+01 9.036e-04 3.225e-03
5.910e+01 3.626e-03 1.998e-03
5.920e+01 2.507e-03 4.702e-03
5.930e+01 1.765e-03 7.069e-03
5.940e+01 1.477e-03 1.304e-02
5.950e+01 -5.361e-03 9.212e-03
5.960e+01 -3.629e-03 7.154e-03
5.970e+01 -1.554e-04 8.258e-03
5.980e+01 -3.872e-03 1.284e-02
5.990e+01 -1.841e-03 9.310e-03
6.000e+01 -7.846e-03 1.203e-02
6.010e+01 -1.507e-02 7.994e-03
6.020e+01 -1.073e-02 6.562e-03
6.030e+01 -7.507e-03 7.765e-03
6.040e+01 -1.346e-02 1.260e-02
6.050e+01 -1.420e-02 1.429e-02
6.060e+01 -1.317e-02 1.043e-02
6.070e+01 -8.348e-03 3.049e-03
6.080e+01 -1.084e-02 5.342e-03
6.090e+01 -1.496e-02 1.758e-04
6.100e+01 -1.164e-02 -4.155e-03
6.110e+01 -9.052e-03 -4.988e-04
6.120e+01 -1.287e-02 8.435e-03
6.130e+01 -7.537e-03 7.987e-03
6.140e+01 -1.026e-02 7.465e-03
6.150e+01 -8.251e-03 3.575e-03
6.160e+01 -8.076e-03 1.305e-03
6.170e+01 -9.172e-03 7.838e-04
6.180e+01 -7.018e-03 3.320e-06
6.190e+01 -5.618e-03 -7.222e-04
6.200e+01 -4.334e-03 1.512e-03
6.210e+01 -8.222e-03 -4.617e-03
6.220e+01 -2.471e-03 -8.303e-03
6.230e+01 -7.098e-03 -1.611e-02
6.240e+01 -1.502e-02 -7.129e-03
6.250e+01 -5.636e-03 -5.820e-03
6.260e+01 -1.339e-02 1.735e-03
6.270e+01 4.573e-03 4.127e-03
6.280e+01 4.225e-03 1.085e-02
6.290e+01 1.359e-02 -1.311e-03
6.300e+01 1.459e-02 1.139e-02
6.310e+01 1.918e-02 1.896e-02
6.320e+01 1.912e-02 8.113e-03
6.330e+01 2.288e-02 2.022e-03
6.340e+01 1.351e-02 2.648e-03
6.350e+01 2.176e-02 6.352e-03
6.360e+01 9.715e-03 3.777e-03
6.370e+01 1.351e-02 -2.187e-03
6.380e+01 6.458e-03 -1.274e-02
6.390e+01 2.168e-03 -9.800e-03
6.400e+01 5.843e-03 -1.491e-02
6.410e+01 -4.366e-03 -5.641e-03
6.420e+01 -3.961e-03 -1.087e-03
6.430e+01 -3.227e-03 -1.294e-03
6.440e+01 -8.185e-03 -3.099e-03
6.450e+01 -2.018e-03 -6.889e-03
6.460e+01 -4.933e-03 -1.148e-02
6.470e+01 2.088e-03 -1.211e-02
6.480e+01 4.585e-03 -2.853e-04
6.490e+01 -7.437e-03 -5.893e-03
6.500e+01 -6.426e-03 -4.510e-03
6.510e+01 1.704e-03 -2.936e-03
6.520e+01 -4.394e-03 -1.180e-02
6.530e+01 9.533e-05 -1.178e-02
6.540e+01 -8.182e-03 -9.189e-03
6.550e+01 -1.333e-03 -6.839e-03
6.560e+01 2.178e-03 -7.022e-04
6.570e+01 -9.096e-03 2.445e-03
6.580e+01 -5.651e-03 -1.071e-02
6.590e+01 3.449e-04 -8.768e-03
6.600e+01 3.397e-03 -1.453e-02
6.610e+01 5.529e-03 -9.275e-03
6.620e+01 7.495e-03 -7.201e-03
6.630e+01 6.472e-03 -5.380e-03
6.640e+01 5.290e-03 -1.005e-02
6.650e+01 3.226e-03 -5.387e-03
6.660e+01 2.454e-03 -2.979e-03
6.670e+01 3.695e-03 -3.673e-03
6.680e+01 1.893e-03 -5.661e-03
6.690e+01 2.204e-03 -3.519e-03
6.700e+01 3.607e-03 -6.924e-03
6.710e+01 3.161e-03 -9.059e-03
6.720e+01 5.081e-03 -8.773e-03
6.730e+01 6.311e-03 -3.755e-03
6.740e+01 5.940e-03 -3.751e-03
6.750e+01 5.018e-03 -5.735e-03
6.760e+01 4.773e-03 -5.586e-03
6.770e+01 6.267e-03 -1.387e-03
6.780e+01 3.616e-03 -1.523e-03
6.790e+01 6.618e-03 -2.085e-04
6.800e+01 9.206e-03 2.708e-04
6.810e+01 5.847e-03 -3.152e-03
6.820e+01 4.289e-03 -4.423e-03
6.830e+01 6.962e-03 -3.182e-03
6.840e+01 5.924e-03 -5.455e-04
6.850e+01 3.851e-03 -4.004e-04
6.860e+01 5.760e-04 -2.775e-03
6.870e+01 1.663e-03 -1.509e-03
6.880e+01 7.084e-04 -1.770e-03
6.890e+01 4.116e-04 -2.416e-03
6.900e+01 2.892e-03 -1.079e-03
6.910e+01 1.395e-03 -2.468e-03
6.920e+01 1.044e-03 -2.143e-03
6.930e+01 7.952e-04 -1.374e-03
6.940e+01 3.261e-03 -3.466e-03
6.950e+01 2.243e-03 -3.248e-03
6.960e+01 1.419e-03 -2.540e-03
6.970e+01 2.569e-03 -2.388e-03
6.980e+01 3.065e-03 -3.068e-03
6.990e+01 8.766e-04 -2.466e-03
7.000e+01 6.964e-04 -2.386e-05
7.010e+01 2.373e-03 7.522e-04
7.020e+01 3.862e-03 2.343e-03
7.030e+01 4.738e-03 -4.702e-04
7.040e+01 4.700e-03 3.176e-03
7.050e+01 3.836e-03 3.373e-03
7.060e+01 3.988e-03 4.657e-03
7.070e+01 2.466e-03 5.336e-03
7.080e+01 2.655e-03 1.906e-03
7.090e+01 3.794e-03 1.849e-03
7.100e+01 2.352e-03 4.271e-03
7.110e+01 1.419e-03 7.771e-03
7.120e+01 2.001e-03 4.481e-03
7.130e+01 1.290e-03 5.505e-03
7.140e+01 1.281e-03 2.540e-03
7.150e+01 4.380e-03 4.941e-03
7.160e+01 4.224e-03 2.785e-03
7.170e+01 5.206e-03 1.241e-03
7.180e+01 4.140e-03 6.394e-05
7.190e+01 4.026e-03 4.474e-05
7.200e+01 3.233e-03 7.637e-04
7.210e+01 4.378e-03 1.844e-03
7.220e+01 1.929e-03 1.922e-04
7.230e+01 1.499e-03 1.427e-04
7.240e+01 1.929e-03 2.587e-03
7.250e+01 1.500e-03 2.049e-03
7.260e+01 4.361e-03 2.863e-03
7.270e+01 3.766e-03 1.189e-03
7.280e+01 5.332e-03 2.269e-03
7.290e+01 4.434e-03 3.012e-03
7.300e+01 4.523e-03 2.733e-03
7.310e+01 3.291e-03 1.760e-03
7.320e+01 3.162e-03 1.587e-03
7.330e+01 2.314e-03 1.062e-03
7.340e+01 2.519e-03 5.457e-04
7.350e+01 2.552e-03 1.302e-04
7.360e+01 4.128e-03 1.094e-03
7.370e+01 2.147e-03 1.194e-03
7.380e+01 5.291e-03 2.429e-03
7.390e+01 2.716e-03 3.471e-03
7.400e+01 2.776e-03 3.174e-03
7.410e+01 2.155e-03 2.941e-03
7.420e+01 1.979e-03 2.218e-03
7.430e+01 3.838e-03 1.500e-03
7.440e+01 1.631e-03 2.534e-03
7.450e+01 1.448e-03 2.939e-03
7.460e+01 1.707e-03 3.573e-03
7.470e+01 1.176e-03 2.830e-03
7.480e+01 6.028e-04 2.570e-03
7.490e+01 1.467e-03 3.025e-03
7.500e+01 1.574e-03 2.417e-03
7.510e+01 8.015e-04 1.389e-03
7.520e+01 1.163e-03 2.008e-03
7.530e+01 7.787e-04 2.302e-03
7.540e+01 -7.845e-04 6.303e-04
7.550e+01 -7.662e-04 -3.340e-04
7.560e+01 -5.649e-05 5.343e-04
7.570e+01 -1.851e-03 -1.697e-05
7.580e+01 -1.126e-03 -4.597e-04
7.590e+01 -6.561e-04 2.753e-04
7.600e+01 4.011e-04 8.478e-04
7.610e+01 -6.766e-05 4.350e-04
7.620e+01 2.784e-04 -3.658e-05
7.630e+01 6.139e-04 6.681e-04
7.640e+01 6.978e-04 4.987e-04
7.650e+01 1.687e-03 1.543e-03
7.660e+01 3.560e-03 9.459e-06
7.670e+01 1.614e-03 -1.456e-03
7.680e+01 1.181e-03 -2.081e-03
7.690e+01 1.842e-03 9.658e-05
7.700e+01 1.012e-03 1.065e-04
7.710e+01 2.938e-04 7.011e-04
7.720e+01 4.405e-04 1.414e-03
7.730e+01 1.703e-03 3.927e-03
7.740e+01 1.695e-04 2.846e-03
7.750e+01 2.073e-04 3.425e-03
7.760e+01 3.330e-03 2.330e-03
7.770e+01 3.077e-03 2.584e-03
7.780e+01 -8.302e-04 3.170e-03
7.790e+01 -2.802e-03 1.515e-04
7.800e+01 -9.660e-04 2.395e-03
7.810e+01 1.113e-03 2.205e-03
7.820e+01 -2.536e-04 3.167e-03
7.830e+01 3.712e-04 5.558e-03
7.840e+01 3.315e-03 5.839e-03
7.850e+01 4.595e-03 7.664e-03
7.860e+01 3.691e-03 5.510e-03
7.870e+01 3.569e-03 7.029e-03
7.880e+01 2.862e-03 6.735e-03
7.890e+01 -9.339e-04 8.319e-03
7.900e+01 -9.340e-04 1.056e-02
7.910e+01 2.200e-03 1.064e-02
7.920e+01 2.721e-05 9.675e-03
7.930e+01 -6.052e-04 9.115e-03
7.940e+01 -1.245e-03 6.890e-03
7.950e+01 7.845e-04 8.117e-03
7.960e+01 8.717e-04 8.204e-03
7.970e+01 1.304e-03 1.063e-02
7.980e+01 2.091e-03 7.797e-03
7.990e+01 -1.077e-03 1.081e-02
8.000e+01 4.558e-04 1.012e-02
8.010e+01 8.090e-04 7.696e-03
8.020e+01 1.566e-03 9.359e-03
8.030e+01 1.745e-03 8.389e-03
8.040e+01 -1.695e-04 8.451e-03
8.050e+01 -1.263e-04 7.478e-03
8.060e+01 -1.455e-03 8.147e-03
8.070e+01 -1.510e-03 7.959e-03
8.080e+01 2.833e-04 5.916e-03
8.090e+01 -1.352e-03 7.009e-03
8.100e+01 -2.546e-03 7.789e-03
8.110e+01 -3.014e-04 1.054e-02
8.120e+01 -3.187e-03 9.726e-03
8.130e+01 -3.783e-03 1.038e-02
8.140e+01 -3.975e-03 1.135e-02
8.150e+01 -2.595e-03 9.326e-03
8.160e+01 -5.962e-03 7.471e-03
8.170e+01 -3.219e-03 7.426e-03
8.180e+01 -3.000e-03 5.880e-03
8.190e+01 -3.419e-03 7.637e-03
8.200e+01 -3.301e-03 4.425e-03
8.210e+01 -1.975e-03 4.317e-03
8.220e+01 -1.149e-04 5.164e-03
8.230e+01 -1.926e-03 5.600e-03
8.240e+01 -2.292e-03 5.054e-03
8.250e+01 -4.020e-03 3.932e-03
8.260e+01 -3.290e-03 5.738e-03
8.270e+01 -7.344e-03 6.659e-03
8.280e+01 -7.883e-03 9.938e-03
8.290e+01 -4.836e-03 6.464e-03
8.300e+01 -3.796e-03 4.605e-03
8.310e+01 -4.392e-03 4.532e-03
8.320e+01 -3.109e-03 3.676e-03
8.330e+01 -4.093e-03 3.218e-03
8.340e+01 -5.363e-03 6.264e-03
8.350e+01 -1.027e-02 1.780e-02
8.360e+01 -7.240e-03 1.036e-02
8.370e+01 -4.493e-03 4.339e-03
8.380e+01 -3.273e-03 6.303e-03
8.390e+01 -5.834e-03 6.692e-03
8.400e+01 -5.538e-03 6.549e-03
8.410e+01 -5.338e-03 4.695e-03
8.420e+01 -7.086e-03 8.658e-03
8.430e+01 -7.322e-03 5.578e-03
8.440e+01 -8.042e-03 6.144e-03
8.450e+01 -5.998e-03 6.852e-03
8.460e+01 -7.402e-03 7.767e-03
8.470e+01 -6.469e-03 6.938e-03
8.480e+01 -4.186e-03 6.870e-03
8.490e+01 -6.595e-03 7.872e-03
8.500e+01 -4.209e-03 5.905e-03
8.510e+01 -1.517e-03 9.862e-03
8.520e+01 -2.090e-03 1.059e-02
8.530e+01 2.415e-03 1.076e-02
8.540e+01 8.368e-04 4.743e-03
8.550e+01 5.632e-04 6.162e-03
8.560e+01 3.656e-03 9.363e-03
8.570e+01 7.621e-03 1.940e-02
8.580e+01 9.379e-03 2.488e-02
8.590e+01 1.218e-02 2.190e-02
8.600e+01 2.377e-03 1.688e-02
8.610e+01 6.182e-03 2.103e-02
8.620e+01 1.235e-03 2.661e-02
8.630e+01 4.764e-04 1.636e-02
8.640e+01 -1.443e-03 1.307e-02
8.650e+01 3.793e-03 1.749e-02
8.660e+01 1.857e-03 1.154e-02
8.670e+01 5.057e-03 1.728e-02
8.680e+01 1.172e-03 2.251e-02
8.690e+01 -4.867e-03 1.623e-02
8.700e+01 -5.232e-03 1.205e-02
8.710e+01 -2.027e-03 2.127e-02
8.720e+01 4.073e-03 2.192e-02
8.730e+01 5.892e-04 3.007e-02
8.740e+01 5.752e-03 3.122e-02
8.750e+01 5.267e-03 1.297e-02
8.760e+01 4.905e-03 1.026e-02
8.770e+01 1.914e-02 2.528e-02
8.780e+01 1.420e-02 1.211e-02
8.790e+01 1.393e-02 1.070e-02
8.800e+01 1.152e-02 1.334e-02
8.810e+01 2.224e-02 3.796e-03
8.820e+01 6.484e-03 6.906e-04
8.830e+01 7.724e-03 1.677e-03
8.840e+01 1.388e-02 -2.780e-03
8.850e+01 1.273e-02 9.797e-04
8.860e+01 9.388e-03 -7.051e-03
8.870e+01 1.371e-02 -3.271e-03
8.880e+01 3.878e-03 -1.063e-02
8.890e+01 -1.926e-03 -9.373e-03
8.900e+01 -2.197e-03 -5.601e-03
8.910e+01 -3.184e-03 -1.751e-02
8.920e+01 -9.894e-04 1.217e-03
8.930e+01 -1.728e-03 -1.908e-02
8.940e+01 -4.531e-03 1.104e-03
8.950e+01 -4.198e-03 -9.832e-03
8.960e+01 -7.688e-03 -1.468e-02
8.970e+01 -9.892e-03 -3.123e-04
8.980e+01 -2.285e-02 1.641e-02
8.990e+01 -1.662e-02 1.244e-02
9.000e+01 -2.186e-02 1.596e-02
9.010e+01 -2.818e-02 9.326e-03
9.020e+01 -1.914e-02 9.999e-03
9.030e+01 -1.476e-02 3.823e-03
9.040e+01 -2.241e-02 1.225e-02
9.050e+01 -2.710e-02 1.660e-02
9.060e+01 -2.117e-02 1.414e-02
9.070e+01 -1.535e-02 9.540e-03
9.080e+01 -2.101e-02 9.555e-03
9.090e+01 -2.278e-02 5.467e-03
9.100e+01 -1.375e-02 -1.878e-03
9.110e+01 -1.175e-02 5.471e-03
9.120e+01 -2.998e-02 2.600e-02
9.130e+01 -2.046e-02 1.743e-02
9.140e+01 -3.224e-02 1.529e-02
9.150e+01 -2.587e-02 1.332e-02
9.160e+01 -2.310e-02 1.702e-02
9.170e+01 -1.803e-02 1.357e-02
9.180e+01 -1.452e-02 1.095e-02
9.190e+01 -1.649e-02 1.262e-02
9.200e+01 -1.440e-02 1.747e-02
9.210e+01 -1.374e-02 2.327e-02
9.220e+01 -1.229e-02 2.188e-02
9.230e+01 -1.200e-02 1.801e-02
9.240e+01 -1.349e-02 1.463e-02
9.250e+01 -1.377e-02 1.949e-02
9.260e+01 -1.297e-02 1.628e-02
9.270e+01 -1.336e-02 9.567e-03
9.280e+01 -2.657e-02 6.378e-04
9.290e+01 -1.470e-02 1.955e-03
9.300e+01 -1.618e-02 1.116e-02
9.310e+01 -1.724e-02 1.251e-02
9.320e+01 -1.405e-02 1.444e-02
9.330e+01 -1.134e-02 5.316e-03
9.340e+01 -1.189e-02 -3.269e-03
9.350e+01 -1.554e-03 -1.935e-04
9.360e+01 -7.340e-03 -5.162e-03
9.370e+01 -1.570e-02 -1.216e-02
9.380e+01 -9.484e-03 -1.484e-02
9.390e+01 -7.002e-03 -1.649e-02
9.400e+01 -3.022e-03 -2.083e-02
9.410e+01 -1.093e-02 -1.164e-02
9.420e+01 -1.391e-02 -1.112e-02
9.430e+01 -1.214e-02 -1.083e-03
9.440e+01 -2.390e-02 -7.306e-03
9.450e+01 -1.236e-02 -6.976e-03
9.460e+01 -1.382e-02 -2.096e-02
9.470e+01 -4.639e-03 -2.310e-02
9.480e+01 -5.410e-03 -7.971e-03
9.490e+01 -1.612e-02 -1.665e-02
9.500e+01 -1.748e-02 -1.631e-02
9.510e+01 -8.827e-03 -8.306e-03
9.520e+01 -9.328e-03 -2.271e-02
9.530e+01 -8.548e-03 -9.638e-03
9.540e+01 -1.631e-02 -1.822e-02
9.550e+01 -3.813e-03 -1.878e-02
9.560e+01 8.073e-05 -9.621e-03
9.570e+01 -1.132e-02 -1.390e-02
9.580e+01 -1.740e-03 -2.422e-02
9.590e+01 4.171e-03 -1.232e-02
9.600e+01 7.715e-03 -1.700e-02
9.610e+01 7.871e-03 -6.645e-03
9.620e+01 7.534e-03 -7.229e-03
9.630e+01 5.104e-03 -4.355e-03
9.640e+01 7.459e-03 -5.375e-03
9.650e+01 8.124e-03 -5.543e-03
9.660e+01 6.809e-03 -4.905e-03
9.670e+01 4.318e-03 -3.757e-03
9.680e+01 3.139e-03 -3.474e-03
9.690e+01 4.328e-03 -4.447e-03
9.700e+01 4.084e-03 -4.013e-03
9.710e+01 7.961e-03 -3.785e-03
9.720e+01 6.530e-03 -3.014e-03
9.730e+01 8.123e-03 -2.042e-03
9.740e+01 5.151e-03 -3.569e-03
9.750e+01 5.532e-03 -4.772e-03
9.760e+01 5.611e-03 -5.057e-03
9.770e+01 5.065e-03 -3.951e-03
9.780e+01 3.868e-03 -4.596e-03
9.790e+01 3.340e-03 -4.681e-03
9.800e+01 2.826e-03 -4.765e-03
9.810e+01 2.591e-03 -7.027e-03
9.820e+01 2.926e-03 -6.630e-03
9.830e+01 2.977e-03 -6.632e-03
9.840e+01 1.942e-03 -7.599e-03
9.850e+01 2.211e-03 -7.088e-03
9.860e+01 2.816e-03 -6.962e-03
9.870e+01 3.219e-03 -7.398e-03
9.880e+01 3.355e-03 -4.552e-03
9.890e+01 2.408e-03 -4.464e-03
9.900e+01 2.619e-03 -2.187e-03
9.910e+01 2.319e-03 -2.067e-03
9.920e+01 1.827e-03 -2.096e-03
9.930e+01 1.270e-03 -2.058e-03
9.940e+01 1.764e-03 -3.070e-03
9.950e+01 1.314e-03 -1.880e-03
9.960e+01 1.394e-03 -2.633e-03
9.970e+01 1.822e-03 -2.700e-03
9.980e+01 2.187e-03 -3.468e-03
9.990e+01 1.259e-03 -3.724e-03
