# Frequency (1.0/ps)      real(fft(F_1))
0.000e+00 1.838e+01
1.000e-02 1.470e+01
2.000e-02 1.302e+01
3.000e-02 1.411e+01
4.000e-02 1.468e+01
5.000e-02 1.199e+01
6.000e-02 1.439e+01
7.000e-02 1.375e+01
8.000e-02 1.168e+01
9.000e-02 1.068e+01
1.000e-01 1.027e+01
1.100e-01 7.206e+00
1.200e-01 6.334e+00
1.300e-01 5.922e+00
1.400e-01 5.393e+00
1.500e-01 2.897e+00
1.600e-01 3.915e+00
1.700e-01 2.660e+00
1.800e-01 2.579e+00
1.900e-01 2.937e+00
2.000e-01 1.957e+00
2.100e-01 2.038e+00
2.200e-01 2.564e+00
2.300e-01 1.623e+00
2.400e-01 2.156e+00
2.500e-01 1.984e+00
2.600e-01 1.734e+00
2.700e-01 1.991e+00
2.800e-01 1.119e+00
2.900e-01 1.484e+00
3.000e-01 1.674e+00
3.100e-01 1.300e+00
3.200e-01 1.103e+00
3.300e-01 1.540e+00
3.400e-01 1.264e+00
3.500e-01 1.727e+00
3.600e-01 1.981e+00
3.700e-01 2.063e+00
3.800e-01 1.835e+00
3.900e-01 1.470e+00
4.000e-01 1.749e+00
4.100e-01 1.475e+00
4.200e-01 1.169e+00
4.300e-01 1.515e+00
4.400e-01 1.728e+00
4.500e-01 6.151e-01
4.600e-01 1.178e+00
4.700e-01 1.541e+00
4.800e-01 9.045e-01
4.900e-01 8.177e-01
5.000e-01 5.179e-01
5.100e-01 1.050e+00
5.200e-01 1.029e+00
5.300e-01 9.727e-01
5.400e-01 1.531e+00
5.500e-01 1.241e+00
5.600e-01 1.565e+00
5.700e-01 1.616e+00
5.800e-01 1.221e+00
5.900e-01 1.499e+00
6.000e-01 1.409e+00
6.100e-01 1.432e+00
6.200e-01 1.371e+00
6.300e-01 1.176e+00
6.400e-01 1.457e+00
6.500e-01 1.480e+00
6.600e-01 8.264e-01
6.700e-01 8.938e-01
6.800e-01 1.126e+00
6.900e-01 9.917e-01
7.000e-01 9.791e-01
7.100e-01 1.162e+00
7.200e-01 6.555e-01
7.300e-01 7.216e-01
7.400e-01 1.060e+00
7.500e-01 9.310e-01
7.600e-01 1.063e+00
7.700e-01 5.785e-01
7.800e-01 9.051e-01
7.900e-01 6.336e-01
8.000e-01 2.861e-01
8.100e-01 3.831e-01
8.200e-01 5.024e-01
8.300e-01 8.770e-01
8.400e-01 8.618e-01
8.500e-01 6.473e-01
8.600e-01 5.448e-01
8.700e-01 7.214e-01
8.800e-01 5.800e-01
8.900e-01 5.818e-01
9.000e-01 6.717e-01
9.100e-01 5.524e-01
9.200e-01 2.757e-01
9.300e-01 3.471e-01
9.400e-01 6.680e-01
9.500e-01 4.658e-01
9.600e-01 5.663e-01
9.700e-01 6.340e-01
9.800e-01 5.273e-01
9.900e-01 4.457e-01
1.000e+00 3.497e-01
1.010e+00 1.020e+00
1.020e+00 8.914e-01
1.030e+00 8.818e-01
1.040e+00 7.440e-01
1.050e+00 9.194e-01
1.060e+00 7.563e-01
1.070e+00 5.719e-01
1.080e+00 8.239e-01
1.090e+00 2.984e-01
1.100e+00 4.338e-01
1.110e+00 7.018e-01
1.120e+00 7.509e-01
1.130e+00 1.142e+00
1.140e+00 1.140e+00
1.150e+00 7.236e-01
1.160e+00 6.825e-01
1.170e+00 4.507e-01
1.180e+00 5.287e-01
1.190e+00 6.441e-01
1.200e+00 6.505e-01
1.210e+00 8.158e-01
1.220e+00 1.107e+00
1.230e+00 8.228e-01
1.240e+00 7.768e-01
1.250e+00 9.528e-01
1.260e+00 7.654e-01
1.270e+00 4.293e-01
1.280e+00 5.693e-01
1.290e+00 3.716e-01
1.300e+00 4.681e-01
1.310e+00 7.894e-01
1.320e+00 8.792e-01
1.330e+00 1.113e+00
1.340e+00 1.256e+00
1.350e+00 1.051e+00
1.360e+00 1.446e+00
1.370e+00 1.263e+00
1.380e+00 1.034e+00
1.390e+00 1.225e+00
1.400e+00 9.509e-01
1.410e+00 1.069e+00
1.420e+00 1.301e+00
1.430e+00 8.351e-01
1.440e+00 8.978e-01
1.450e+00 1.069e+00
1.460e+00 7.980e-01
1.470e+00 8.478e-01
1.480e+00 8.444e-01
1.490e+00 8.271e-01
1.500e+00 5.590e-01
1.510e+00 4.134e-01
1.520e+00 4.203e-01
1.530e+00 4.329e-01
1.540e+00 3.761e-01
1.550e+00 5.748e-01
1.560e+00 8.537e-01
1.570e+00 9.685e-01
1.580e+00 6.152e-01
1.590e+00 1.052e+00
1.600e+00 8.311e-01
1.610e+00 7.984e-01
1.620e+00 8.112e-01
1.630e+00 6.290e-01
1.640e+00 5.266e-01
1.650e+00 4.935e-01
1.660e+00 4.218e-01
1.670e+00 7.100e-01
1.680e+00 4.592e-01
1.690e+00 5.503e-01
1.700e+00 6.279e-01
1.710e+00 7.707e-01
1.720e+00 7.294e-01
1.730e+00 8.467e-01
1.740e+00 9.998e-01
1.750e+00 8.741e-01
1.760e+00 7.628e-01
1.770e+00 7.530e-01
1.780e+00 7.543e-01
1.790e+00 7.220e-01
1.800e+00 6.681e-01
1.810e+00 7.384e-01
1.820e+00 6.365e-01
1.830e+00 6.767e-01
1.840e+00 8.444e-01
1.850e+00 6.792e-01
1.860e+00 1.113e+00
1.870e+00 9.409e-01
1.880e+00 8.617e-01
1.890e+00 9.626e-01
1.900e+00 7.976e-01
1.910e+00 7.019e-01
1.920e+00 7.630e-01
1.930e+00 6.675e-01
1.940e+00 5.850e-01
1.950e+00 6.702e-01
1.960e+00 6.258e-01
1.970e+00 5.703e-01
1.980e+00 3.045e-01
1.990e+00 5.728e-01
2.000e+00 6.213e-01
2.010e+00 7.232e-01
2.020e+00 6.024e-01
2.030e+00 7.489e-01
2.040e+00 7.909e-01
2.050e+00 7.727e-01
2.060e+00 8.343e-01
2.070e+00 7.498e-01
2.080e+00 7.390e-01
2.090e+00 1.005e+00
2.100e+00 9.854e-01
2.110e+00 9.950e-01
2.120e+00 9.634e-01
2.130e+00 8.600e-01
2.140e+00 8.327e-01
2.150e+00 9.548e-01
2.160e+00 7.566e-01
2.170e+00 6.882e-01
2.180e+00 8.367e-01
2.190e+00 7.727e-01
2.200e+00 5.519e-01
2.210e+00 8.682e-01
2.220e+00 8.111e-01
2.230e+00 7.278e-01
2.240e+00 1.159e+00
2.250e+00 8.989e-01
2.260e+00 1.056e+00
2.270e+00 1.107e+00
2.280e+00 9.613e-01
2.290e+00 1.123e+00
2.300e+00 1.017e+00
2.310e+00 8.129e-01
2.320e+00 8.285e-01
2.330e+00 7.360e-01
2.340e+00 6.603e-01
2.350e+00 7.946e-01
2.360e+00 5.972e-01
2.370e+00 5.499e-01
2.380e+00 7.663e-01
2.390e+00 7.129e-01
2.400e+00 7.714e-01
2.410e+00 8.005e-01
2.420e+00 7.114e-01
2.430e+00 8.470e-01
2.440e+00 1.002e+00
2.450e+00 8.553e-01
2.460e+00 9.793e-01
2.470e+00 1.001e+00
2.480e+00 7.344e-01
2.490e+00 5.698e-01
2.500e+00 7.822e-01
2.510e+00 6.308e-01
2.520e+00 6.577e-01
2.530e+00 5.227e-01
2.540e+00 5.066e-01
2.550e+00 4.364e-01
2.560e+00 5.213e-01
2.570e+00 6.981e-01
2.580e+00 7.024e-01
2.590e+00 7.216e-01
2.600e+00 6.328e-01
2.610e+00 4.223e-01
2.620e+00 4.864e-01
2.630e+00 5.578e-01
2.640e+00 5.258e-01
2.650e+00 5.394e-01
2.660e+00 4.199e-01
2.670e+00 5.280e-01
2.680e+00 5.915e-01
2.690e+00 5.537e-01
2.700e+00 5.515e-01
2.710e+00 3.522e-01
2.720e+00 3.723e-01
2.730e+00 4.224e-01
2.740e+00 3.638e-01
2.750e+00 4.088e-01
2.760e+00 4.099e-01
2.770e+00 3.946e-01
2.780e+00 4.503e-01
2.790e+00 4.566e-01
2.800e+00 5.601e-01
2.810e+00 5.411e-01
2.820e+00 5.030e-01
2.830e+00 5.431e-01
2.840e+00 5.793e-01
2.850e+00 3.878e-01
2.860e+00 5.541e-01
2.870e+00 5.103e-01
2.880e+00 4.460e-01
2.890e+00 3.251e-01
2.900e+00 5.587e-01
2.910e+00 4.458e-01
2.920e+00 5.931e-01
2.930e+00 5.542e-01
2.940e+00 6.125e-01
2.950e+00 5.901e-01
2.960e+00 6.010e-01
2.970e+00 6.188e-01
2.980e+00 6.781e-01
2.990e+00 5.191e-01
3.000e+00 7.343e-01
3.010e+00 6.304e-01
3.020e+00 7.699e-01
3.030e+00 7.903e-01
3.040e+00 6.797e-01
3.050e+00 5.068e-01
3.060e+00 5.180e-01
3.070e+00 4.095e-01
3.080e+00 5.437e-01
3.090e+00 5.891e-01
3.100e+00 5.049e-01
3.110e+00 5.052e-01
3.120e+00 5.400e-01
3.130e+00 5.189e-01
3.140e+00 5.861e-01
3.150e+00 6.954e-01
3.160e+00 5.920e-01
3.170e+00 5.829e-01
3.180e+00 4.895e-01
3.190e+00 4.780e-01
3.200e+00 4.597e-01
3.210e+00 4.884e-01
3.220e+00 5.007e-01
3.230e+00 5.569e-01
3.240e+00 4.704e-01
3.250e+00 4.207e-01
3.260e+00 3.887e-01
3.270e+00 3.157e-01
3.280e+00 5.036e-01
3.290e+00 4.469e-01
3.300e+00 4.317e-01
3.310e+00 5.115e-01
3.320e+00 4.647e-01
3.330e+00 4.035e-01
3.340e+00 4.555e-01
3.350e+00 3.951e-01
3.360e+00 3.361e-01
3.370e+00 3.305e-01
3.380e+00 5.735e-01
3.390e+00 4.285e-01
3.400e+00 5.616e-01
3.410e+00 3.455e-01
3.420e+00 2.774e-01
3.430e+00 2.824e-01
3.440e+00 2.202e-01
3.450e+00 2.178e-01
3.460e+00 3.676e-01
3.470e+00 2.198e-01
3.480e+00 2.943e-01
3.490e+00 5.070e-01
3.500e+00 4.159e-01
3.510e+00 4.849e-01
3.520e+00 5.912e-01
3.530e+00 3.985e-01
3.540e+00 4.920e-01
3.550e+00 4.766e-01
3.560e+00 4.331e-01
3.570e+00 4.764e-01
3.580e+00 4.050e-01
3.590e+00 4.587e-01
3.600e+00 5.880e-01
3.610e+00 4.949e-01
3.620e+00 6.810e-01
3.630e+00 6.815e-01
3.640e+00 6.374e-01
3.650e+00 4.496e-01
3.660e+00 6.174e-01
3.670e+00 6.072e-01
3.680e+00 6.031e-01
3.690e+00 6.542e-01
3.700e+00 5.978e-01
3.710e+00 4.827e-01
3.720e+00 5.374e-01
3.730e+00 4.037e-01
3.740e+00 4.755e-01
3.750e+00 4.671e-01
3.760e+00 3.890e-01
3.770e+00 5.428e-01
3.780e+00 6.065e-01
3.790e+00 5.382e-01
3.800e+00 7.151e-01
3.810e+00 8.003e-01
3.820e+00 6.179e-01
3.830e+00 7.655e-01
3.840e+00 8.342e-01
3.850e+00 7.384e-01
3.860e+00 9.121e-01
3.870e+00 8.313e-01
3.880e+00 7.018e-01
3.890e+00 8.764e-01
3.900e+00 7.127e-01
3.910e+00 6.754e-01
3.920e+00 7.728e-01
3.930e+00 5.630e-01
3.940e+00 5.943e-01
3.950e+00 6.263e-01
3.960e+00 5.310e-01
3.970e+00 5.912e-01
3.980e+00 5.006e-01
3.990e+00 3.670e-01
4.000e+00 4.887e-01
4.010e+00 4.731e-01
4.020e+00 6.302e-01
4.030e+00 7.148e-01
4.040e+00 7.631e-01
4.050e+00 6.820e-01
4.060e+00 8.048e-01
4.070e+00 5.830e-01
4.080e+00 6.150e-01
4.090e+00 5.471e-01
4.100e+00 5.409e-01
4.110e+00 5.005e-01
4.120e+00 6.625e-01
4.130e+00 7.644e-01
4.140e+00 7.780e-01
4.150e+00 7.788e-01
4.160e+00 8.539e-01
4.170e+00 6.368e-01
4.180e+00 5.915e-01
4.190e+00 5.987e-01
4.200e+00 4.717e-01
4.210e+00 5.605e-01
4.220e+00 6.029e-01
4.230e+00 6.265e-01
4.240e+00 6.351e-01
4.250e+00 5.715e-01
4.260e+00 5.758e-01
4.270e+00 6.606e-01
4.280e+00 5.328e-01
4.290e+00 5.898e-01
4.300e+00 6.382e-01
4.310e+00 6.229e-01
4.320e+00 5.890e-01
4.330e+00 6.732e-01
4.340e+00 6.333e-01
4.350e+00 6.729e-01
4.360e+00 6.278e-01
4.370e+00 6.405e-01
4.380e+00 5.811e-01
4.390e+00 5.845e-01
4.400e+00 5.232e-01
4.410e+00 3.495e-01
4.420e+00 2.984e-01
4.430e+00 2.133e-01
4.440e+00 2.588e-01
4.450e+00 3.035e-01
4.460e+00 2.635e-01
4.470e+00 4.268e-01
4.480e+00 4.887e-01
4.490e+00 4.054e-01
4.500e+00 4.257e-01
4.510e+00 3.130e-01
4.520e+00 3.788e-01
4.530e+00 3.585e-01
4.540e+00 3.515e-01
4.550e+00 3.194e-01
4.560e+00 4.497e-01
4.570e+00 4.050e-01
4.580e+00 5.915e-01
4.590e+00 6.291e-01
4.600e+00 5.719e-01
4.610e+00 5.315e-01
4.620e+00 5.985e-01
4.630e+00 4.512e-01
4.640e+00 4.243e-01
4.650e+00 4.539e-01
4.660e+00 5.261e-01
4.670e+00 5.672e-01
4.680e+00 6.217e-01
4.690e+00 5.921e-01
4.700e+00 6.220e-01
4.710e+00 6.081e-01
4.720e+00 4.299e-01
4.730e+00 3.846e-01
4.740e+00 4.729e-01
4.750e+00 2.521e-01
4.760e+00 2.602e-01
4.770e+00 2.821e-01
4.780e+00 2.966e-01
4.790e+00 4.441e-01
4.800e+00 4.970e-01
4.810e+00 4.058e-01
4.820e+00 3.949e-01
4.830e+00 3.905e-01
4.840e+00 4.513e-01
4.850e+00 5.211e-01
4.860e+00 6.081e-01
4.870e+00 6.149e-01
4.880e+00 6.111e-01
4.890e+00 5.926e-01
4.900e+00 5.046e-01
4.910e+00 4.575e-01
4.920e+00 4.433e-01
4.930e+00 4.410e-01
4.940e+00 5.132e-01
4.950e+00 5.660e-01
4.960e+00 5.580e-01
4.970e+00 5.840e-01
4.980e+00 4.949e-01
4.990e+00 4.870e-01
-5.000e+00 4.204e-01
-4.990e+00 4.758e-01
-4.980e+00 5.291e-01
-4.970e+00 5.487e-01
-4.960e+00 7.505e-01
-4.950e+00 6.752e-01
-4.940e+00 6.579e-01
-4.930e+00 7.409e-01
-4.920e+00 5.616e-01
-4.910e+00 6.047e-01
-4.900e+00 5.813e-01
-4.890e+00 4.434e-01
-4.880e+00 4.616e-01
-4.870e+00 3.760e-01
-4.860e+00 3.226e-01
-4.850e+00 3.798e-01
-4.840e+00 3.184e-01
-4.830e+00 4.346e-01
-4.820e+00 4.409e-01
-4.810e+00 4.508e-01
-4.800e+00 4.136e-01
-4.790e+00 4.344e-01
-4.780e+00 3.893e-01
-4.770e+00 4.817e-01
-4.760e+00 4.167e-01
-4.750e+00 4.354e-01
-4.740e+00 4.859e-01
-4.730e+00 3.452e-01
-4.720e+00 4.279e-01
-4.710e+00 4.664e-01
-4.700e+00 3.201e-01
-4.690e+00 4.953e-01
-4.680e+00 4.157e-01
-4.670e+00 3.318e-01
-4.660e+00 5.020e-01
-4.650e+00 4.411e-01
-4.640e+00 6.141e-01
-4.630e+00 5.733e-01
-4.620e+00 4.760e-01
-4.610e+00 6.005e-01
-4.600e+00 4.990e-01
-4.590e+00 4.703e-01
-4.580e+00 6.118e-01
-4.570e+00 5.069e-01
-4.560e+00 5.879e-01
-4.550e+00 6.722e-01
-4.540e+00 4.595e-01
-4.530e+00 5.269e-01
-4.520e+00 3.977e-01
-4.510e+00 3.386e-01
-4.500e+00 3.157e-01
-4.490e+00 1.964e-01
-4.480e+00 1.661e-01
-4.470e+00 3.586e-01
-4.460e+00 1.998e-01
-4.450e+00 3.772e-01
-4.440e+00 2.610e-01
-4.430e+00 2.324e-01
-4.420e+00 1.883e-01
-4.410e+00 2.682e-01
-4.400e+00 2.966e-01
-4.390e+00 4.500e-01
-4.380e+00 4.214e-01
-4.370e+00 4.543e-01
-4.360e+00 4.200e-01
-4.350e+00 4.288e-01
-4.340e+00 5.033e-01
-4.330e+00 4.535e-01
-4.320e+00 5.700e-01
-4.310e+00 5.869e-01
-4.300e+00 6.557e-01
-4.290e+00 6.543e-01
-4.280e+00 6.726e-01
-4.270e+00 7.007e-01
-4.260e+00 7.777e-01
-4.250e+00 7.398e-01
-4.240e+00 7.613e-01
-4.230e+00 6.415e-01
-4.220e+00 7.288e-01
-4.210e+00 7.714e-01
-4.200e+00 7.059e-01
-4.190e+00 6.744e-01
-4.180e+00 5.770e-01
-4.170e+00 6.213e-01
-4.160e+00 6.757e-01
-4.150e+00 6.104e-01
-4.140e+00 6.224e-01
-4.130e+00 5.772e-01
-4.120e+00 4.738e-01
-4.110e+00 4.404e-01
-4.100e+00 3.864e-01
-4.090e+00 4.045e-01
-4.080e+00 3.083e-01
-4.070e+00 3.180e-01
-4.060e+00 3.744e-01
-4.050e+00 4.352e-01
-4.040e+00 4.168e-01
-4.030e+00 6.925e-01
-4.020e+00 6.815e-01
-4.010e+00 6.102e-01
-4.000e+00 8.045e-01
-3.990e+00 6.731e-01
-3.980e+00 6.393e-01
-3.970e+00 5.863e-01
-3.960e+00 5.586e-01
-3.950e+00 6.358e-01
-3.940e+00 6.517e-01
-3.930e+00 5.793e-01
-3.920e+00 6.842e-01
-3.910e+00 6.387e-01
-3.900e+00 6.216e-01
-3.890e+00 5.486e-01
-3.880e+00 5.289e-01
-3.870e+00 4.963e-01
-3.860e+00 4.846e-01
-3.850e+00 3.532e-01
-3.840e+00 4.973e-01
-3.830e+00 4.668e-01
-3.820e+00 5.233e-01
-3.810e+00 5.772e-01
-3.800e+00 4.420e-01
-3.790e+00 2.657e-01
-3.780e+00 4.556e-01
-3.770e+00 3.472e-01
-3.760e+00 3.430e-01
-3.750e+00 4.232e-01
-3.740e+00 4.315e-01
-3.730e+00 3.469e-01
-3.720e+00 5.031e-01
-3.710e+00 3.901e-01
-3.700e+00 5.777e-01
-3.690e+00 6.244e-01
-3.680e+00 5.495e-01
-3.670e+00 6.337e-01
-3.660e+00 5.626e-01
-3.650e+00 5.082e-01
-3.640e+00 6.468e-01
-3.630e+00 5.351e-01
-3.620e+00 5.127e-01
-3.610e+00 5.282e-01
-3.600e+00 4.860e-01
-3.590e+00 5.568e-01
-3.580e+00 5.002e-01
-3.570e+00 4.274e-01
-3.560e+00 4.457e-01
-3.550e+00 4.833e-01
-3.540e+00 5.087e-01
-3.530e+00 7.009e-01
-3.520e+00 6.805e-01
-3.510e+00 7.112e-01
-3.500e+00 8.070e-01
-3.490e+00 7.458e-01
-3.480e+00 6.034e-01
-3.470e+00 7.249e-01
-3.460e+00 7.295e-01
-3.450e+00 6.917e-01
-3.440e+00 8.043e-01
-3.430e+00 7.733e-01
-3.420e+00 7.670e-01
-3.410e+00 6.665e-01
-3.400e+00 6.052e-01
-3.390e+00 6.253e-01
-3.380e+00 4.729e-01
-3.370e+00 4.840e-01
-3.360e+00 6.117e-01
-3.350e+00 4.927e-01
-3.340e+00 3.481e-01
-3.330e+00 2.459e-01
-3.320e+00 8.428e-02
-3.310e+00 1.149e-01
-3.300e+00 2.896e-01
-3.290e+00 3.299e-01
-3.280e+00 5.035e-01
-3.270e+00 5.756e-01
-3.260e+00 4.804e-01
-3.250e+00 4.385e-01
-3.240e+00 3.191e-01
-3.230e+00 2.157e-01
-3.220e+00 4.138e-01
-3.210e+00 3.504e-01
-3.200e+00 5.524e-01
-3.190e+00 7.137e-01
-3.180e+00 6.495e-01
-3.170e+00 5.436e-01
-3.160e+00 5.676e-01
-3.150e+00 5.714e-01
-3.140e+00 4.481e-01
-3.130e+00 6.145e-01
-3.120e+00 7.565e-01
-3.110e+00 6.417e-01
-3.100e+00 7.009e-01
-3.090e+00 6.409e-01
-3.080e+00 5.459e-01
-3.070e+00 6.138e-01
-3.060e+00 5.276e-01
-3.050e+00 5.588e-01
-3.040e+00 5.740e-01
-3.030e+00 4.214e-01
-3.020e+00 6.025e-01
-3.010e+00 5.916e-01
-3.000e+00 5.902e-01
-2.990e+00 7.570e-01
-2.980e+00 8.400e-01
-2.970e+00 8.135e-01
-2.960e+00 7.994e-01
-2.950e+00 6.351e-01
-2.940e+00 5.757e-01
-2.930e+00 4.864e-01
-2.920e+00 5.412e-01
-2.910e+00 4.885e-01
-2.900e+00 4.351e-01
-2.890e+00 5.462e-01
-2.880e+00 7.210e-01
-2.870e+00 8.311e-01
-2.860e+00 7.484e-01
-2.850e+00 6.704e-01
-2.840e+00 5.714e-01
-2.830e+00 5.429e-01
-2.820e+00 4.656e-01
-2.810e+00 4.372e-01
-2.800e+00 4.360e-01
-2.790e+00 6.254e-01
-2.780e+00 6.864e-01
-2.770e+00 6.782e-01
-2.760e+00 6.177e-01
-2.750e+00 5.465e-01
-2.740e+00 4.494e-01
-2.730e+00 4.250e-01
-2.720e+00 5.104e-01
-2.710e+00 3.678e-01
-2.700e+00 5.303e-01
-2.690e+00 6.676e-01
-2.680e+00 5.161e-01
-2.670e+00 6.035e-01
-2.660e+00 6.383e-01
-2.650e+00 6.039e-01
-2.640e+00 7.279e-01
-2.630e+00 6.032e-01
-2.620e+00 6.738e-01
-2.610e+00 7.217e-01
-2.600e+00 7.076e-01
-2.590e+00 6.886e-01
-2.580e+00 7.581e-01
-2.570e+00 6.181e-01
-2.560e+00 7.396e-01
-2.550e+00 6.813e-01
-2.540e+00 5.628e-01
-2.530e+00 5.899e-01
-2.520e+00 5.705e-01
-2.510e+00 4.776e-01
-2.500e+00 5.715e-01
-2.490e+00 6.863e-01
-2.480e+00 6.453e-01
-2.470e+00 7.019e-01
-2.460e+00 6.978e-01
-2.450e+00 6.322e-01
-2.440e+00 6.747e-01
-2.430e+00 6.376e-01
-2.420e+00 5.437e-01
-2.410e+00 6.170e-01
-2.400e+00 6.263e-01
-2.390e+00 5.979e-01
-2.380e+00 6.066e-01
-2.370e+00 6.453e-01
-2.360e+00 6.605e-01
-2.350e+00 5.734e-01
-2.340e+00 7.880e-01
-2.330e+00 7.510e-01
-2.320e+00 7.857e-01
-2.310e+00 8.773e-01
-2.300e+00 7.833e-01
-2.290e+00 8.500e-01
-2.280e+00 6.503e-01
-2.270e+00 5.807e-01
-2.260e+00 8.093e-01
-2.250e+00 6.422e-01
-2.240e+00 5.500e-01
-2.230e+00 4.995e-01
-2.220e+00 5.864e-01
-2.210e+00 6.136e-01
-2.200e+00 6.951e-01
-2.190e+00 6.386e-01
-2.180e+00 7.050e-01
-2.170e+00 5.141e-01
-2.160e+00 4.218e-01
-2.150e+00 5.305e-01
-2.140e+00 4.139e-01
-2.130e+00 4.610e-01
-2.120e+00 7.527e-01
-2.110e+00 5.574e-01
-2.100e+00 5.554e-01
-2.090e+00 6.742e-01
-2.080e+00 6.716e-01
-2.070e+00 6.377e-01
-2.060e+00 7.629e-01
-2.050e+00 7.957e-01
-2.040e+00 8.342e-01
-2.030e+00 8.048e-01
-2.020e+00 9.011e-01
-2.010e+00 9.359e-01
-2.000e+00 8.478e-01
-1.990e+00 7.877e-01
-1.980e+00 7.799e-01
-1.970e+00 7.406e-01
-1.960e+00 8.664e-01
-1.950e+00 7.948e-01
-1.940e+00 8.311e-01
-1.930e+00 9.987e-01
-1.920e+00 9.011e-01
-1.910e+00 9.735e-01
-1.900e+00 1.107e+00
-1.890e+00 8.598e-01
-1.880e+00 9.346e-01
-1.870e+00 8.865e-01
-1.860e+00 6.058e-01
-1.850e+00 8.950e-01
-1.840e+00 7.959e-01
-1.830e+00 8.114e-01
-1.820e+00 8.408e-01
-1.810e+00 7.137e-01
-1.800e+00 6.041e-01
-1.790e+00 6.549e-01
-1.780e+00 6.459e-01
-1.770e+00 7.065e-01
-1.760e+00 6.254e-01
-1.750e+00 7.960e-01
-1.740e+00 5.691e-01
-1.730e+00 7.933e-01
-1.720e+00 9.791e-01
-1.710e+00 1.055e+00
-1.700e+00 8.197e-01
-1.690e+00 9.243e-01
-1.680e+00 8.989e-01
-1.670e+00 8.295e-01
-1.660e+00 8.211e-01
-1.650e+00 6.618e-01
-1.640e+00 8.086e-01
-1.630e+00 7.304e-01
-1.620e+00 7.254e-01
-1.610e+00 1.002e+00
-1.600e+00 1.050e+00
-1.590e+00 9.725e-01
-1.580e+00 9.046e-01
-1.570e+00 7.770e-01
-1.560e+00 5.225e-01
-1.550e+00 5.038e-01
-1.540e+00 5.218e-01
-1.530e+00 2.946e-01
-1.520e+00 2.599e-01
-1.510e+00 4.330e-01
-1.500e+00 6.316e-01
-1.490e+00 4.724e-01
-1.480e+00 4.664e-01
-1.470e+00 2.018e-01
-1.460e+00 3.482e-01
-1.450e+00 2.222e-01
-1.440e+00 3.857e-01
-1.430e+00 7.431e-01
-1.420e+00 7.591e-01
-1.410e+00 8.169e-01
-1.400e+00 8.263e-01
-1.390e+00 6.503e-01
-1.380e+00 6.228e-01
-1.370e+00 8.797e-01
-1.360e+00 5.337e-01
-1.350e+00 1.163e+00
-1.340e+00 9.185e-01
-1.330e+00 1.043e+00
-1.320e+00 1.177e+00
-1.310e+00 9.194e-01
-1.300e+00 1.258e+00
-1.290e+00 1.269e+00
-1.280e+00 8.699e-01
-1.270e+00 1.183e+00
-1.260e+00 1.008e+00
-1.250e+00 1.052e+00
-1.240e+00 1.159e+00
-1.230e+00 1.128e+00
-1.220e+00 1.016e+00
-1.210e+00 1.072e+00
-1.200e+00 6.795e-01
-1.190e+00 8.494e-01
-1.180e+00 6.257e-01
-1.170e+00 7.188e-01
-1.160e+00 6.655e-01
-1.150e+00 9.034e-01
-1.140e+00 8.872e-01
-1.130e+00 1.065e+00
-1.120e+00 1.229e+00
-1.110e+00 1.141e+00
-1.100e+00 1.077e+00
-1.090e+00 1.219e+00
-1.080e+00 9.314e-01
-1.070e+00 1.033e+00
-1.060e+00 9.547e-01
-1.050e+00 8.718e-01
-1.040e+00 9.131e-01
-1.030e+00 8.193e-01
-1.020e+00 1.098e+00
-1.010e+00 8.698e-01
-1.000e+00 1.158e+00
-9.900e-01 1.160e+00
-9.800e-01 1.150e+00
-9.700e-01 1.263e+00
-9.600e-01 8.534e-01
-9.500e-01 1.067e+00
-9.400e-01 1.170e+00
-9.300e-01 5.076e-01
-9.200e-01 1.175e+00
-9.100e-01 1.070e+00
-9.000e-01 8.864e-01
-8.900e-01 8.898e-01
-8.800e-01 9.606e-01
-8.700e-01 6.148e-01
-8.600e-01 3.414e-01
-8.500e-01 3.225e-01
-8.400e-01 4.574e-01
-8.300e-01 1.852e-01
-8.200e-01 6.279e-01
-8.100e-01 9.054e-01
-8.000e-01 5.768e-01
-7.900e-01 9.415e-01
-7.800e-01 6.162e-01
-7.700e-01 9.106e-01
-7.600e-01 9.592e-01
-7.500e-01 1.011e+00
-7.400e-01 1.430e+00
-7.300e-01 1.376e+00
-7.200e-01 1.272e+00
-7.100e-01 1.299e+00
-7.000e-01 7.034e-01
-6.900e-01 9.571e-01
-6.800e-01 1.296e+00
-6.700e-01 6.678e-01
-6.600e-01 9.610e-01
-6.500e-01 1.180e+00
-6.400e-01 1.328e+00
-6.300e-01 1.551e+00
-6.200e-01 1.402e+00
-6.100e-01 9.968e-01
-6.000e-01 1.663e+00
-5.900e-01 1.119e+00
-5.800e-01 1.484e+00
-5.700e-01 1.303e+00
-5.600e-01 9.861e-01
-5.500e-01 1.441e+00
-5.400e-01 1.314e+00
-5.300e-01 1.152e+00
-5.200e-01 1.709e+00
-5.100e-01 1.537e+00
-5.000e-01 1.742e+00
-4.900e-01 1.862e+00
-4.800e-01 1.732e+00
-4.700e-01 1.794e+00
-4.600e-01 1.884e+00
-4.500e-01 1.709e+00
-4.400e-01 2.135e+00
-4.300e-01 1.629e+00
-4.200e-01 1.339e+00
-4.100e-01 1.857e+00
-4.000e-01 8.273e-01
-3.900e-01 6.488e-01
-3.800e-01 1.021e+00
-3.700e-01 8.557e-01
-3.600e-01 1.682e+00
-3.500e-01 1.515e+00
-3.400e-01 1.956e+00
-3.300e-01 1.912e+00
-3.200e-01 1.252e+00
-3.100e-01 1.433e+00
-3.000e-01 1.724e+00
-2.900e-01 1.502e+00
-2.800e-01 1.060e+00
-2.700e-01 1.078e+00
-2.600e-01 1.818e+00
-2.500e-01 1.624e+00
-2.400e-01 1.586e+00
-2.300e-01 1.478e+00
-2.200e-01 2.073e+00
-2.100e-01 1.181e+00
-2.000e-01 2.624e+00
-1.900e-01 3.651e+00
-1.800e-01 3.184e+00
-1.700e-01 4.895e+00
-1.600e-01 4.813e+00
-1.500e-01 3.440e+00
-1.400e-01 3.810e+00
-1.300e-01 2.267e+00
-1.200e-01 2.478e+00
-1.100e-01 3.086e+00
-1.000e-01 4.065e+00
-9.000e-02 4.219e+00
-8.000e-02 6.316e+00
-7.000e-02 7.048e+00
-6.000e-02 8.391e+00
-5.000e-02 8.825e+00
-4.000e-02 1.028e+01
-3.000e-02 1.265e+01
-2.000e-02 1.437e+01
-1.000e-02 1.426e+01
