# Frequency (1.0/ps)      real(fft(F_1))
0.000e+00 1.356e+02
1.000e-02 5.181e+01
2.000e-02 2.799e+01
3.000e-02 1.695e+01
4.000e-02 1.393e+01
5.000e-02 9.826e+00
6.000e-02 1.047e+01
7.000e-02 6.425e+00
8.000e-02 4.508e+00
9.000e-02 4.652e+00
1.000e-01 2.758e+00
1.100e-01 3.459e+00
1.200e-01 3.173e+00
1.300e-01 2.360e+00
1.400e-01 1.679e+00
1.500e-01 2.063e+00
1.600e-01 1.508e+00
1.700e-01 9.880e-01
1.800e-01 1.596e+00
1.900e-01 1.569e+00
2.000e-01 1.322e+00
2.100e-01 2.102e+00
2.200e-01 1.690e+00
2.300e-01 2.522e+00
2.400e-01 1.858e+00
2.500e-01 2.267e+00
2.600e-01 1.213e+00
2.700e-01 1.115e+00
2.800e-01 1.557e+00
2.900e-01 1.329e-01
3.000e-01 4.843e-01
3.100e-01 1.623e+00
3.200e-01 1.122e+00
3.300e-01 1.074e+00
3.400e-01 1.204e+00
3.500e-01 2.254e+00
3.600e-01 1.099e+00
3.700e-01 6.333e-01
3.800e-01 9.758e-01
3.900e-01 4.390e-01
4.000e-01 5.699e-01
4.100e-01 4.191e-01
4.200e-01 3.253e-01
4.300e-01 1.220e+00
4.400e-01 5.725e-01
4.500e-01 1.010e+00
4.600e-01 7.922e-01
4.700e-01 6.852e-01
4.800e-01 9.221e-01
4.900e-01 1.679e+00
5.000e-01 1.267e+00
5.100e-01 8.100e-01
5.200e-01 4.960e-01
5.300e-01 9.215e-01
5.400e-01 8.444e-01
5.500e-01 1.329e+00
5.600e-01 8.857e-01
5.700e-01 4.592e-01
5.800e-01 5.730e-01
5.900e-01 9.293e-01
6.000e-01 1.163e+00
6.100e-01 1.762e+00
6.200e-01 9.863e-01
6.300e-01 1.173e+00
6.400e-01 4.897e-01
6.500e-01 2.957e-02
6.600e-01 6.495e-01
6.700e-01 7.661e-01
6.800e-01 5.050e-01
6.900e-01 9.685e-01
7.000e-01 1.456e+00
7.100e-01 1.297e+00
7.200e-01 1.164e+00
7.300e-01 1.624e+00
7.400e-01 1.510e+00
7.500e-01 9.181e-01
7.600e-01 7.233e-01
7.700e-01 5.142e-01
7.800e-01 8.889e-01
7.900e-01 1.002e+00
8.000e-01 4.937e-01
8.100e-01 8.087e-01
8.200e-01 1.568e+00
8.300e-01 1.386e+00
8.400e-01 1.054e+00
8.500e-01 8.456e-01
8.600e-01 6.439e-01
8.700e-01 4.235e-01
8.800e-01 8.063e-01
8.900e-01 9.233e-01
9.000e-01 5.871e-01
9.100e-01 5.586e-01
9.200e-01 1.089e+00
9.300e-01 1.110e+00
9.400e-01 9.885e-01
9.500e-01 1.043e+00
9.600e-01 7.415e-01
9.700e-01 9.966e-01
9.800e-01 9.540e-01
9.900e-01 9.955e-01
1.000e+00 7.952e-01
1.010e+00 2.830e-01
1.020e+00 5.225e-01
1.030e+00 5.116e-01
1.040e+00 2.739e-01
1.050e+00 6.452e-01
1.060e+00 2.954e-01
1.070e+00 7.183e-01
1.080e+00 1.006e+00
1.090e+00 9.898e-01
1.100e+00 6.310e-01
1.110e+00 4.110e-01
1.120e+00 2.068e-01
1.130e+00 4.779e-02
1.140e+00 7.124e-01
1.150e+00 5.602e-01
1.160e+00 7.584e-01
1.170e+00 9.660e-01
1.180e+00 5.248e-01
1.190e+00 5.791e-01
1.200e+00 6.656e-01
1.210e+00 6.050e-01
1.220e+00 1.639e-01
1.230e+00 5.609e-01
1.240e+00 4.646e-01
1.250e+00 5.935e-01
1.260e+00 7.772e-01
1.270e+00 5.208e-01
1.280e+00 6.134e-01
1.290e+00 8.380e-01
1.300e+00 9.660e-01
1.310e+00 1.076e+00
1.320e+00 3.978e-01
1.330e+00 7.769e-01
1.340e+00 5.387e-01
1.350e+00 2.390e-01
1.360e+00 4.324e-01
1.370e+00 5.962e-01
1.380e+00 3.586e-01
1.390e+00 4.872e-01
1.400e+00 9.801e-01
1.410e+00 8.654e-01
1.420e+00 8.606e-01
1.430e+00 5.856e-01
1.440e+00 7.078e-01
1.450e+00 1.109e+00
1.460e+00 1.108e+00
1.470e+00 1.139e+00
1.480e+00 1.310e+00
1.490e+00 1.083e+00
1.500e+00 7.600e-01
1.510e+00 7.351e-01
1.520e+00 8.701e-01
1.530e+00 8.923e-01
1.540e+00 5.978e-01
1.550e+00 9.037e-01
1.560e+00 6.817e-01
1.570e+00 6.653e-01
1.580e+00 7.288e-01
1.590e+00 6.405e-01
1.600e+00 8.225e-01
1.610e+00 1.058e+00
1.620e+00 6.996e-01
1.630e+00 7.193e-01
1.640e+00 5.654e-01
1.650e+00 6.870e-01
1.660e+00 8.077e-01
1.670e+00 4.802e-01
1.680e+00 6.520e-01
1.690e+00 4.442e-01
1.700e+00 7.671e-01
1.710e+00 3.673e-01
1.720e+00 6.503e-01
1.730e+00 9.425e-01
1.740e+00 6.950e-01
1.750e+00 8.778e-01
1.760e+00 3.650e-01
1.770e+00 1.267e-01
1.780e+00 2.425e-01
1.790e+00 2.749e-01
1.800e+00 3.557e-01
1.810e+00 6.315e-01
1.820e+00 8.683e-01
1.830e+00 7.036e-01
1.840e+00 4.729e-01
1.850e+00 3.244e-01
1.860e+00 5.227e-01
1.870e+00 6.042e-01
1.880e+00 7.059e-01
1.890e+00 9.223e-02
1.900e+00 1.633e-01
1.910e+00 4.556e-01
1.920e+00 3.527e-01
1.930e+00 4.998e-01
1.940e+00 5.759e-01
1.950e+00 1.104e+00
1.960e+00 5.285e-01
1.970e+00 4.179e-01
1.980e+00 6.125e-01
1.990e+00 3.766e-01
2.000e+00 3.429e-01
2.010e+00 5.293e-01
2.020e+00 6.426e-01
2.030e+00 7.321e-01
2.040e+00 1.497e-01
2.050e+00 5.900e-01
2.060e+00 9.334e-01
2.070e+00 6.346e-01
2.080e+00 9.610e-01
2.090e+00 4.778e-01
2.100e+00 5.656e-01
2.110e+00 3.829e-01
2.120e+00 6.192e-01
2.130e+00 6.087e-01
2.140e+00 6.834e-01
2.150e+00 5.056e-01
2.160e+00 2.629e-01
2.170e+00 1.528e-01
2.180e+00 6.188e-01
2.190e+00 6.666e-01
2.200e+00 3.653e-01
2.210e+00 2.510e-01
2.220e+00 4.881e-01
2.230e+00 5.000e-01
2.240e+00 4.854e-01
2.250e+00 5.698e-01
2.260e+00 6.164e-01
2.270e+00 5.743e-01
2.280e+00 4.555e-01
2.290e+00 4.135e-01
2.300e+00 5.201e-01
2.310e+00 5.699e-01
2.320e+00 5.788e-01
2.330e+00 4.030e-01
2.340e+00 5.485e-01
2.350e+00 4.833e-01
2.360e+00 9.588e-01
2.370e+00 6.682e-01
2.380e+00 4.445e-01
2.390e+00 5.491e-01
2.400e+00 3.489e-01
2.410e+00 4.230e-01
2.420e+00 7.707e-01
2.430e+00 7.523e-01
2.440e+00 9.606e-01
2.450e+00 4.707e-01
2.460e+00 4.918e-01
2.470e+00 3.526e-01
2.480e+00 4.580e-01
2.490e+00 4.689e-01
2.500e+00 5.039e-01
2.510e+00 7.216e-01
2.520e+00 6.394e-01
2.530e+00 5.907e-01
2.540e+00 4.933e-01
2.550e+00 3.348e-01
2.560e+00 4.978e-01
2.570e+00 6.783e-01
2.580e+00 4.168e-01
2.590e+00 4.406e-01
2.600e+00 4.691e-01
2.610e+00 5.224e-01
2.620e+00 5.981e-01
2.630e+00 4.858e-01
2.640e+00 5.755e-01
2.650e+00 4.486e-01
2.660e+00 6.025e-01
2.670e+00 4.837e-01
2.680e+00 3.887e-01
2.690e+00 4.527e-01
2.700e+00 3.584e-01
2.710e+00 3.021e-01
2.720e+00 4.629e-01
2.730e+00 7.157e-01
2.740e+00 7.785e-01
2.750e+00 7.052e-01
2.760e+00 4.453e-01
2.770e+00 2.753e-01
2.780e+00 4.229e-01
2.790e+00 2.997e-01
2.800e+00 6.089e-01
2.810e+00 6.471e-01
2.820e+00 7.809e-01
2.830e+00 7.078e-01
2.840e+00 4.383e-01
2.850e+00 6.564e-01
2.860e+00 6.912e-01
2.870e+00 6.516e-01
2.880e+00 6.149e-01
2.890e+00 5.332e-01
2.900e+00 5.892e-01
2.910e+00 6.584e-01
2.920e+00 6.245e-01
2.930e+00 5.861e-01
2.940e+00 4.114e-01
2.950e+00 3.735e-01
2.960e+00 4.591e-01
2.970e+00 5.505e-01
2.980e+00 6.310e-01
2.990e+00 5.084e-01
3.000e+00 5.038e-01
3.010e+00 6.984e-01
3.020e+00 5.324e-01
3.030e+00 4.971e-01
3.040e+00 4.724e-01
3.050e+00 3.818e-01
3.060e+00 4.667e-01
3.070e+00 6.086e-01
3.080e+00 4.381e-01
3.090e+00 4.482e-01
3.100e+00 8.094e-01
3.110e+00 8.591e-01
3.120e+00 8.969e-01
3.130e+00 9.411e-01
3.140e+00 7.324e-01
3.150e+00 6.042e-01
3.160e+00 4.494e-01
3.170e+00 5.256e-01
3.180e+00 7.205e-01
3.190e+00 7.584e-01
3.200e+00 7.176e-01
3.210e+00 7.869e-01
3.220e+00 4.434e-01
3.230e+00 6.224e-01
3.240e+00 3.771e-01
3.250e+00 5.387e-01
3.260e+00 4.648e-01
3.270e+00 6.297e-01
3.280e+00 5.485e-01
3.290e+00 5.165e-01
3.300e+00 3.052e-01
3.310e+00 3.615e-01
3.320e+00 4.818e-01
3.330e+00 5.233e-01
3.340e+00 1.891e-01
3.350e+00 3.338e-01
3.360e+00 3.730e-01
3.370e+00 2.390e-01
3.380e+00 3.131e-01
3.390e+00 5.949e-01
3.400e+00 4.490e-01
3.410e+00 4.852e-01
3.420e+00 5.507e-01
3.430e+00 5.292e-01
3.440e+00 6.367e-01
3.450e+00 5.542e-01
3.460e+00 3.658e-01
3.470e+00 3.272e-01
3.480e+00 5.624e-01
3.490e+00 4.996e-01
3.500e+00 3.835e-01
3.510e+00 4.378e-01
3.520e+00 4.919e-01
3.530e+00 3.916e-01
3.540e+00 6.526e-01
3.550e+00 6.091e-01
3.560e+00 5.448e-01
3.570e+00 6.005e-01
3.580e+00 6.503e-01
3.590e+00 6.851e-01
3.600e+00 8.202e-01
3.610e+00 9.434e-01
3.620e+00 5.653e-01
3.630e+00 6.501e-01
3.640e+00 5.447e-01
3.650e+00 5.136e-01
3.660e+00 4.099e-01
3.670e+00 5.155e-01
3.680e+00 5.606e-01
3.690e+00 6.220e-01
3.700e+00 6.495e-01
3.710e+00 5.365e-01
3.720e+00 5.342e-01
3.730e+00 5.628e-01
3.740e+00 5.281e-01
3.750e+00 4.796e-01
3.760e+00 6.530e-01
3.770e+00 5.201e-01
3.780e+00 4.708e-01
3.790e+00 6.017e-01
3.800e+00 5.155e-01
3.810e+00 5.214e-01
3.820e+00 5.967e-01
3.830e+00 6.398e-01
3.840e+00 5.774e-01
3.850e+00 4.675e-01
3.860e+00 5.613e-01
3.870e+00 6.078e-01
3.880e+00 6.011e-01
3.890e+00 7.149e-01
3.900e+00 7.164e-01
3.910e+00 6.188e-01
3.920e+00 5.397e-01
3.930e+00 4.917e-01
3.940e+00 7.108e-01
3.950e+00 6.110e-01
3.960e+00 5.328e-01
3.970e+00 3.351e-01
3.980e+00 2.399e-01
3.990e+00 4.638e-01
4.000e+00 6.659e-01
4.010e+00 5.358e-01
4.020e+00 4.645e-01
4.030e+00 4.031e-01
4.040e+00 3.930e-01
4.050e+00 5.014e-01
4.060e+00 5.281e-01
4.070e+00 3.575e-01
4.080e+00 4.340e-01
4.090e+00 2.478e-01
4.100e+00 4.587e-01
4.110e+00 4.076e-01
4.120e+00 4.522e-01
4.130e+00 4.740e-01
4.140e+00 4.760e-01
4.150e+00 4.457e-01
4.160e+00 2.878e-01
4.170e+00 3.929e-01
4.180e+00 4.535e-01
4.190e+00 4.306e-01
4.200e+00 5.513e-01
4.210e+00 5.275e-01
4.220e+00 6.468e-01
4.230e+00 5.215e-01
4.240e+00 3.715e-01
4.250e+00 4.808e-01
4.260e+00 5.333e-01
4.270e+00 4.785e-01
4.280e+00 4.018e-01
4.290e+00 4.410e-01
4.300e+00 4.618e-01
4.310e+00 5.442e-01
4.320e+00 6.950e-01
4.330e+00 6.073e-01
4.340e+00 4.616e-01
4.350e+00 4.201e-01
4.360e+00 4.873e-01
4.370e+00 5.067e-01
4.380e+00 5.853e-01
4.390e+00 5.866e-01
4.400e+00 5.951e-01
4.410e+00 7.252e-01
4.420e+00 5.200e-01
4.430e+00 2.655e-01
4.440e+00 5.292e-01
4.450e+00 7.440e-01
4.460e+00 7.828e-01
4.470e+00 5.115e-01
4.480e+00 3.836e-01
4.490e+00 5.437e-01
4.500e+00 5.890e-01
4.510e+00 6.130e-01
4.520e+00 6.651e-01
4.530e+00 4.983e-01
4.540e+00 4.218e-01
4.550e+00 4.210e-01
4.560e+00 3.571e-01
4.570e+00 5.171e-01
4.580e+00 6.160e-01
4.590e+00 3.289e-01
4.600e+00 5.520e-01
4.610e+00 5.815e-01
4.620e+00 7.260e-01
4.630e+00 6.032e-01
4.640e+00 6.456e-01
4.650e+00 5.945e-01
4.660e+00 6.705e-01
4.670e+00 5.837e-01
4.680e+00 4.530e-01
4.690e+00 7.464e-01
4.700e+00 5.952e-01
4.710e+00 4.465e-01
4.720e+00 4.863e-01
4.730e+00 6.116e-01
4.740e+00 5.699e-01
4.750e+00 3.955e-01
4.760e+00 5.829e-01
4.770e+00 6.025e-01
4.780e+00 4.762e-01
4.790e+00 3.186e-01
4.800e+00 3.537e-01
4.810e+00 3.863e-01
4.820e+00 3.643e-01
4.830e+00 4.964e-01
4.840e+00 4.315e-01
4.850e+00 4.754e-01
4.860e+00 3.398e-01
4.870e+00 3.433e-01
4.880e+00 5.728e-01
4.890e+00 6.573e-01
4.900e+00 4.162e-01
4.910e+00 5.859e-01
4.920e+00 4.475e-01
4.930e+00 4.353e-01
4.940e+00 4.131e-01
4.950e+00 5.278e-01
4.960e+00 6.303e-01
4.970e+00 5.868e-01
4.980e+00 6.448e-01
4.990e+00 5.781e-01
-5.000e+00 5.374e-01
-4.990e+00 4.254e-01
-4.980e+00 2.985e-01
-4.970e+00 4.180e-01
-4.960e+00 4.619e-01
-4.950e+00 4.195e-01
-4.940e+00 3.391e-01
-4.930e+00 5.746e-01
-4.920e+00 6.103e-01
-4.910e+00 6.163e-01
-4.900e+00 8.358e-01
-4.890e+00 6.358e-01
-4.880e+00 4.179e-01
-4.870e+00 3.671e-01
-4.860e+00 2.420e-01
-4.850e+00 4.090e-01
-4.840e+00 5.143e-01
-4.830e+00 7.359e-01
-4.820e+00 5.531e-01
-4.810e+00 5.746e-01
-4.800e+00 4.909e-01
-4.790e+00 3.596e-01
-4.780e+00 3.702e-01
-4.770e+00 4.489e-01
-4.760e+00 4.280e-01
-4.750e+00 4.333e-01
-4.740e+00 3.816e-01
-4.730e+00 5.030e-01
-4.720e+00 4.071e-01
-4.710e+00 4.474e-01
-4.700e+00 4.883e-01
-4.690e+00 6.163e-01
-4.680e+00 7.137e-01
-4.670e+00 5.104e-01
-4.660e+00 4.387e-01
-4.650e+00 5.296e-01
-4.640e+00 3.458e-01
-4.630e+00 5.746e-01
-4.620e+00 5.008e-01
-4.610e+00 6.030e-01
-4.600e+00 5.373e-01
-4.590e+00 4.215e-01
-4.580e+00 4.256e-01
-4.570e+00 5.766e-01
-4.560e+00 4.831e-01
-4.550e+00 3.368e-01
-4.540e+00 4.968e-01
-4.530e+00 4.346e-01
-4.520e+00 5.459e-01
-4.510e+00 5.525e-01
-4.500e+00 4.000e-01
-4.490e+00 4.602e-01
-4.480e+00 4.246e-01
-4.470e+00 4.974e-01
-4.460e+00 5.243e-01
-4.450e+00 6.122e-01
-4.440e+00 5.447e-01
-4.430e+00 4.153e-01
-4.420e+00 4.205e-01
-4.410e+00 5.444e-01
-4.400e+00 4.803e-01
-4.390e+00 5.035e-01
-4.380e+00 5.207e-01
-4.370e+00 4.783e-01
-4.360e+00 3.563e-01
-4.350e+00 5.579e-01
-4.340e+00 5.897e-01
-4.330e+00 4.304e-01
-4.320e+00 5.151e-01
-4.310e+00 5.173e-01
-4.300e+00 6.418e-01
-4.290e+00 6.539e-01
-4.280e+00 4.665e-01
-4.270e+00 5.113e-01
-4.260e+00 3.684e-01
-4.250e+00 3.470e-01
-4.240e+00 3.460e-01
-4.230e+00 6.959e-01
-4.220e+00 9.023e-01
-4.210e+00 8.659e-01
-4.200e+00 4.395e-01
-4.190e+00 4.928e-01
-4.180e+00 4.256e-01
-4.170e+00 4.696e-01
-4.160e+00 5.864e-01
-4.150e+00 6.575e-01
-4.140e+00 4.491e-01
-4.130e+00 4.889e-01
-4.120e+00 5.233e-01
-4.110e+00 5.701e-01
-4.100e+00 2.455e-01
-4.090e+00 3.990e-01
-4.080e+00 4.970e-01
-4.070e+00 6.017e-01
-4.060e+00 5.725e-01
-4.050e+00 4.296e-01
-4.040e+00 4.429e-01
-4.030e+00 4.794e-01
-4.020e+00 4.698e-01
-4.010e+00 5.895e-01
-4.000e+00 5.988e-01
-3.990e+00 4.944e-01
-3.980e+00 5.460e-01
-3.970e+00 4.677e-01
-3.960e+00 5.645e-01
-3.950e+00 4.206e-01
-3.940e+00 6.138e-01
-3.930e+00 3.853e-01
-3.920e+00 3.098e-01
-3.910e+00 4.624e-01
-3.900e+00 7.114e-01
-3.890e+00 7.635e-01
-3.880e+00 5.844e-01
-3.870e+00 4.519e-01
-3.860e+00 3.793e-01
-3.850e+00 5.358e-01
-3.840e+00 5.742e-01
-3.830e+00 5.598e-01
-3.820e+00 5.796e-01
-3.810e+00 3.539e-01
-3.800e+00 3.245e-01
-3.790e+00 2.896e-01
-3.780e+00 4.421e-01
-3.770e+00 3.608e-01
-3.760e+00 6.814e-01
-3.750e+00 7.310e-01
-3.740e+00 4.966e-01
-3.730e+00 2.809e-01
-3.720e+00 4.021e-01
-3.710e+00 5.615e-01
-3.700e+00 8.355e-01
-3.690e+00 5.575e-01
-3.680e+00 5.347e-01
-3.670e+00 5.010e-01
-3.660e+00 4.889e-01
-3.650e+00 3.253e-01
-3.640e+00 5.364e-01
-3.630e+00 7.442e-01
-3.620e+00 6.863e-01
-3.610e+00 7.701e-01
-3.600e+00 8.729e-01
-3.590e+00 6.216e-01
-3.580e+00 6.011e-01
-3.570e+00 4.240e-01
-3.560e+00 3.480e-01
-3.550e+00 3.635e-01
-3.540e+00 3.765e-01
-3.530e+00 4.700e-01
-3.520e+00 4.750e-01
-3.510e+00 5.202e-01
-3.500e+00 4.635e-01
-3.490e+00 3.759e-01
-3.480e+00 4.883e-01
-3.470e+00 4.099e-01
-3.460e+00 5.252e-01
-3.450e+00 4.719e-01
-3.440e+00 6.182e-01
-3.430e+00 5.576e-01
-3.420e+00 5.839e-01
-3.410e+00 5.640e-01
-3.400e+00 5.742e-01
-3.390e+00 4.555e-01
-3.380e+00 5.460e-01
-3.370e+00 5.712e-01
-3.360e+00 3.783e-01
-3.350e+00 4.883e-01
-3.340e+00 3.960e-01
-3.330e+00 2.131e-01
-3.320e+00 3.615e-01
-3.310e+00 1.828e-01
-3.300e+00 2.735e-01
-3.290e+00 5.015e-01
-3.280e+00 5.996e-01
-3.270e+00 3.866e-01
-3.260e+00 4.851e-01
-3.250e+00 4.827e-01
-3.240e+00 4.413e-01
-3.230e+00 4.075e-01
-3.220e+00 6.125e-01
-3.210e+00 7.475e-01
-3.200e+00 6.299e-01
-3.190e+00 5.315e-01
-3.180e+00 6.713e-01
-3.170e+00 6.163e-01
-3.160e+00 3.637e-01
-3.150e+00 2.286e-01
-3.140e+00 2.233e-01
-3.130e+00 3.576e-01
-3.120e+00 3.466e-01
-3.110e+00 7.361e-01
-3.100e+00 7.335e-01
-3.090e+00 4.859e-01
-3.080e+00 2.009e-01
-3.070e+00 3.336e-01
-3.060e+00 4.589e-01
-3.050e+00 5.531e-01
-3.040e+00 5.565e-01
-3.030e+00 6.636e-01
-3.020e+00 5.236e-01
-3.010e+00 4.633e-01
-3.000e+00 3.059e-01
-2.990e+00 2.350e-01
-2.980e+00 5.344e-01
-2.970e+00 4.812e-01
-2.960e+00 3.600e-01
-2.950e+00 5.773e-01
-2.940e+00 4.801e-01
-2.930e+00 4.745e-01
-2.920e+00 5.839e-01
-2.910e+00 6.304e-01
-2.900e+00 6.718e-01
-2.890e+00 6.881e-01
-2.880e+00 6.397e-01
-2.870e+00 4.927e-01
-2.860e+00 5.386e-01
-2.850e+00 8.737e-01
-2.840e+00 6.153e-01
-2.830e+00 7.273e-01
-2.820e+00 7.340e-01
-2.810e+00 6.430e-01
-2.800e+00 5.664e-01
-2.790e+00 4.434e-01
-2.780e+00 5.243e-01
-2.770e+00 3.216e-01
-2.760e+00 3.296e-01
-2.750e+00 3.091e-01
-2.740e+00 5.392e-01
-2.730e+00 5.811e-01
-2.720e+00 2.992e-01
-2.710e+00 3.491e-01
-2.700e+00 3.636e-01
-2.690e+00 2.846e-01
-2.680e+00 5.368e-01
-2.670e+00 6.585e-01
-2.660e+00 5.070e-01
-2.650e+00 6.059e-01
-2.640e+00 5.530e-01
-2.630e+00 4.542e-01
-2.620e+00 4.729e-01
-2.610e+00 4.002e-01
-2.600e+00 4.629e-01
-2.590e+00 3.210e-01
-2.580e+00 5.972e-01
-2.570e+00 4.104e-01
-2.560e+00 6.244e-01
-2.550e+00 5.316e-01
-2.540e+00 5.484e-01
-2.530e+00 5.322e-01
-2.520e+00 5.091e-01
-2.510e+00 6.590e-01
-2.500e+00 8.002e-01
-2.490e+00 7.355e-01
-2.480e+00 6.263e-01
-2.470e+00 7.164e-01
-2.460e+00 6.702e-01
-2.450e+00 5.106e-01
-2.440e+00 4.229e-01
-2.430e+00 5.613e-01
-2.420e+00 8.752e-01
-2.410e+00 4.542e-01
-2.400e+00 4.685e-01
-2.390e+00 5.172e-01
-2.380e+00 5.593e-01
-2.370e+00 4.749e-01
-2.360e+00 4.833e-01
-2.350e+00 4.478e-01
-2.340e+00 3.150e-01
-2.330e+00 2.353e-01
-2.320e+00 5.044e-01
-2.310e+00 8.808e-01
-2.300e+00 9.674e-01
-2.290e+00 6.202e-01
-2.280e+00 6.994e-01
-2.270e+00 6.482e-01
-2.260e+00 6.964e-01
-2.250e+00 6.769e-01
-2.240e+00 6.281e-01
-2.230e+00 7.147e-01
-2.220e+00 4.074e-01
-2.210e+00 5.587e-01
-2.200e+00 4.278e-01
-2.190e+00 4.004e-01
-2.180e+00 3.084e-01
-2.170e+00 4.360e-01
-2.160e+00 4.496e-01
-2.150e+00 5.960e-01
-2.140e+00 3.743e-01
-2.130e+00 2.436e-01
-2.120e+00 3.274e-01
-2.110e+00 7.179e-01
-2.100e+00 2.876e-01
-2.090e+00 3.805e-01
-2.080e+00 3.256e-01
-2.070e+00 3.796e-01
-2.060e+00 5.635e-01
-2.050e+00 3.607e-01
-2.040e+00 4.676e-01
-2.030e+00 2.971e-01
-2.020e+00 3.775e-01
-2.010e+00 4.412e-01
-2.000e+00 4.970e-01
-1.990e+00 7.897e-01
-1.980e+00 1.003e+00
-1.970e+00 7.977e-01
-1.960e+00 6.285e-01
-1.950e+00 5.496e-01
-1.940e+00 7.882e-01
-1.930e+00 8.053e-01
-1.920e+00 7.339e-01
-1.910e+00 8.024e-01
-1.900e+00 4.068e-01
-1.890e+00 4.694e-01
-1.880e+00 5.786e-01
-1.870e+00 2.809e-01
-1.860e+00 4.451e-01
-1.850e+00 3.724e-01
-1.840e+00 4.853e-01
-1.830e+00 6.464e-01
-1.820e+00 7.295e-01
-1.810e+00 5.758e-01
-1.800e+00 7.627e-01
-1.790e+00 7.392e-01
-1.780e+00 7.693e-01
-1.770e+00 5.639e-01
-1.760e+00 4.574e-01
-1.750e+00 5.410e-01
-1.740e+00 6.822e-01
-1.730e+00 5.436e-01
-1.720e+00 2.237e-01
-1.710e+00 8.327e-01
-1.700e+00 6.807e-01
-1.690e+00 6.068e-01
-1.680e+00 5.347e-01
-1.670e+00 5.434e-01
-1.660e+00 4.765e-01
-1.650e+00 9.649e-01
-1.640e+00 7.119e-01
-1.630e+00 7.204e-01
-1.620e+00 6.617e-01
-1.610e+00 8.122e-01
-1.600e+00 1.509e-01
-1.590e+00 4.202e-01
-1.580e+00 3.986e-01
-1.570e+00 4.218e-01
-1.560e+00 4.266e-01
-1.550e+00 5.143e-01
-1.540e+00 2.511e-01
-1.530e+00 2.770e-01
-1.520e+00 5.427e-01
-1.510e+00 6.510e-01
-1.500e+00 6.446e-01
-1.490e+00 8.300e-01
-1.480e+00 4.067e-01
-1.470e+00 4.459e-01
-1.460e+00 4.405e-01
-1.450e+00 5.262e-01
-1.440e+00 8.580e-01
-1.430e+00 7.527e-01
-1.420e+00 8.311e-01
-1.410e+00 1.199e-01
-1.400e+00 4.890e-01
-1.390e+00 3.613e-01
-1.380e+00 4.456e-01
-1.370e+00 6.820e-01
-1.360e+00 3.827e-01
-1.350e+00 1.167e-01
-1.340e+00 2.360e-01
-1.330e+00 1.917e-01
-1.320e+00 4.516e-01
-1.310e+00 5.524e-01
-1.300e+00 5.850e-01
-1.290e+00 8.089e-01
-1.280e+00 1.197e+00
-1.270e+00 1.013e+00
-1.260e+00 1.122e+00
-1.250e+00 9.414e-01
-1.240e+00 7.814e-01
-1.230e+00 7.827e-01
-1.220e+00 4.714e-01
-1.210e+00 4.469e-01
-1.200e+00 5.683e-01
-1.190e+00 6.074e-01
-1.180e+00 1.021e+00
-1.170e+00 9.957e-01
-1.160e+00 8.898e-01
-1.150e+00 5.251e-01
-1.140e+00 2.293e-01
-1.130e+00 3.616e-01
-1.120e+00 6.474e-01
-1.110e+00 6.982e-01
-1.100e+00 1.056e+00
-1.090e+00 1.026e-01
-1.080e+00 7.091e-01
-1.070e+00 1.087e+00
-1.060e+00 1.135e+00
-1.050e+00 6.130e-01
-1.040e+00 3.349e-01
-1.030e+00 6.465e-01
-1.020e+00 5.921e-01
-1.010e+00 1.076e+00
-1.000e+00 1.101e+00
-9.900e-01 5.610e-01
-9.800e-01 3.749e-01
-9.700e-01 6.114e-01
-9.600e-01 6.163e-01
-9.500e-01 7.277e-01
-9.400e-01 8.316e-01
-9.300e-01 1.082e+00
-9.200e-01 9.654e-01
-9.100e-01 5.684e-01
-9.000e-01 2.969e-01
-8.900e-01 1.011e+00
-8.800e-01 9.835e-01
-8.700e-01 9.874e-01
-8.600e-01 9.110e-01
-8.500e-01 2.223e-02
-8.400e-01 3.770e-02
-8.300e-01 3.401e-02
-8.200e-01 5.712e-01
-8.100e-01 3.642e-01
-8.000e-01 5.273e-01
-7.900e-01 5.939e-01
-7.800e-01 6.089e-01
-7.700e-01 1.670e-01
-7.600e-01 2.710e-01
-7.500e-01 -2.126e-02
-7.400e-01 -7.111e-02
-7.300e-01 8.277e-01
-7.200e-01 1.071e+00
-7.100e-01 2.254e-01
-7.000e-01 8.467e-01
-6.900e-01 6.241e-01
-6.800e-01 6.536e-01
-6.700e-01 9.119e-01
-6.600e-01 6.035e-01
-6.500e-01 2.122e-01
-6.400e-01 7.303e-01
-6.300e-01 1.159e+00
-6.200e-01 7.124e-01
-6.100e-01 5.897e-01
-6.000e-01 4.963e-01
-5.900e-01 9.401e-01
-5.800e-01 1.259e+00
-5.700e-01 1.133e+00
-5.600e-01 9.757e-01
-5.500e-01 3.578e-01
-5.400e-01 1.705e-01
-5.300e-01 3.349e-01
-5.200e-01 -2.865e-01
-5.100e-01 -2.809e-01
-5.000e-01 7.412e-01
-4.900e-01 1.355e-01
-4.800e-01 8.366e-02
-4.700e-01 3.023e-01
-4.600e-01 1.193e-01
-4.500e-01 4.811e-01
-4.400e-01 1.231e+00
-4.300e-01 7.644e-01
-4.200e-01 8.109e-01
-4.100e-01 9.510e-01
-4.000e-01 -4.682e-02
-3.900e-01 1.138e+00
-3.800e-01 1.094e+00
-3.700e-01 2.957e-01
-3.600e-01 8.756e-01
-3.500e-01 1.192e+00
-3.400e-01 1.606e+00
-3.300e-01 1.636e+00
-3.200e-01 2.231e+00
-3.100e-01 1.193e+00
-3.000e-01 1.091e+00
-2.900e-01 5.321e-01
-2.800e-01 -3.345e-01
-2.700e-01 -2.891e-01
-2.600e-01 -2.120e-01
-2.500e-01 2.645e-01
-2.400e-01 1.368e-01
-2.300e-01 7.600e-01
-2.200e-01 1.290e+00
-2.100e-01 1.391e+00
-2.000e-01 1.632e-01
-1.900e-01 1.347e+00
-1.800e-01 1.229e+00
-1.700e-01 1.215e+00
-1.600e-01 -3.434e-01
-1.500e-01 1.337e-01
-1.400e-01 9.880e-01
-1.300e-01 1.797e+00
-1.200e-01 3.084e+00
-1.100e-01 2.452e+00
-1.000e-01 3.297e+00
-9.000e-02 9.099e-01
-8.000e-02 3.098e+00
-7.000e-02 4.825e+00
-6.000e-02 6.449e+00
-5.000e-02 8.905e+00
-4.000e-02 8.937e+00
-3.000e-02 1.513e+01
-2.000e-02 2.350e+01
-1.000e-02 4.344e+01
