# Frequency (1.0/ps)      real(fft(F_2))
0.000e+00 4.580e+01
1.000e-02 3.362e+01
2.000e-02 3.064e+01
3.000e-02 2.024e+01
4.000e-02 1.309e+01
5.000e-02 1.336e+01
6.000e-02 1.295e+01
7.000e-02 8.424e+00
8.000e-02 7.260e+00
9.000e-02 2.402e+00
1.000e-01 1.682e+00
1.100e-01 2.046e+00
1.200e-01 2.777e+00
1.300e-01 4.073e+00
1.400e-01 2.961e+00
1.500e-01 1.413e+00
1.600e-01 2.122e+00
1.700e-01 1.575e+00
1.800e-01 2.422e+00
1.900e-01 2.122e+00
2.000e-01 1.118e+00
2.100e-01 9.325e-01
2.200e-01 7.803e-01
2.300e-01 1.736e+00
2.400e-01 1.003e+00
2.500e-01 6.257e-01
2.600e-01 1.373e+00
2.700e-01 2.192e+00
2.800e-01 2.110e+00
2.900e-01 2.265e+00
3.000e-01 1.164e+00
3.100e-01 1.853e+00
3.200e-01 1.287e+00
3.300e-01 7.277e-01
3.400e-01 1.574e+00
3.500e-01 5.231e-01
3.600e-01 5.669e-01
3.700e-01 6.627e-01
3.800e-01 5.882e-01
3.900e-01 9.343e-01
4.000e-01 5.593e-01
4.100e-01 1.346e+00
4.200e-01 1.997e+00
4.300e-01 2.123e+00
4.400e-01 1.764e+00
4.500e-01 7.679e-01
4.600e-01 6.189e-01
4.700e-01 2.024e+00
4.800e-01 5.581e-01
4.900e-01 8.519e-01
5.000e-01 1.380e+00
5.100e-01 1.702e+00
5.200e-01 2.177e+00
5.300e-01 2.191e+00
5.400e-01 1.609e+00
5.500e-01 1.304e+00
5.600e-01 1.118e+00
5.700e-01 1.198e+00
5.800e-01 1.287e+00
5.900e-01 9.985e-01
6.000e-01 1.107e+00
6.100e-01 9.673e-01
6.200e-01 2.391e-01
6.300e-01 5.706e-01
6.400e-01 7.719e-01
6.500e-01 4.738e-01
6.600e-01 2.293e-01
6.700e-01 5.259e-01
6.800e-01 6.761e-01
6.900e-01 6.262e-01
7.000e-01 1.302e+00
7.100e-01 3.058e-01
7.200e-01 -9.725e-03
7.300e-01 1.216e+00
7.400e-01 7.416e-01
7.500e-01 6.590e-01
7.600e-01 1.748e-01
7.700e-01 4.815e-01
7.800e-01 7.040e-01
7.900e-01 1.081e+00
8.000e-01 3.606e-01
8.100e-01 8.016e-01
8.200e-01 8.013e-01
8.300e-01 7.436e-01
8.400e-01 1.170e+00
8.500e-01 6.428e-01
8.600e-01 7.899e-01
8.700e-01 9.503e-01
8.800e-01 5.373e-01
8.900e-01 2.126e-01
9.000e-01 -1.737e-03
9.100e-01 2.893e-01
9.200e-01 6.777e-01
9.300e-01 1.198e+00
9.400e-01 1.163e+00
9.500e-01 -2.395e-03
9.600e-01 4.213e-01
9.700e-01 7.227e-01
9.800e-01 6.420e-01
9.900e-01 5.606e-01
1.000e+00 8.462e-01
1.010e+00 9.531e-01
1.020e+00 1.162e+00
1.030e+00 9.142e-01
1.040e+00 1.625e+00
1.050e+00 1.090e+00
1.060e+00 8.119e-01
1.070e+00 1.078e+00
1.080e+00 2.488e-01
1.090e+00 2.813e-01
1.100e+00 8.156e-01
1.110e+00 4.911e-01
1.120e+00 6.742e-01
1.130e+00 4.361e-01
1.140e+00 5.971e-03
1.150e+00 3.648e-01
1.160e+00 3.070e-01
1.170e+00 6.096e-01
1.180e+00 1.045e+00
1.190e+00 1.042e+00
1.200e+00 5.068e-01
1.210e+00 6.599e-01
1.220e+00 5.555e-01
1.230e+00 8.389e-01
1.240e+00 9.034e-01
1.250e+00 4.646e-01
1.260e+00 1.931e-01
1.270e+00 8.759e-01
1.280e+00 9.360e-01
1.290e+00 9.776e-01
1.300e+00 6.894e-01
1.310e+00 9.302e-01
1.320e+00 1.100e+00
1.330e+00 6.931e-01
1.340e+00 7.019e-01
1.350e+00 9.571e-01
1.360e+00 5.970e-01
1.370e+00 9.102e-01
1.380e+00 7.472e-01
1.390e+00 6.253e-01
1.400e+00 3.226e-01
1.410e+00 2.289e-01
1.420e+00 4.672e-01
1.430e+00 1.507e-01
1.440e+00 1.328e-01
1.450e+00 5.107e-01
1.460e+00 6.981e-01
1.470e+00 5.738e-01
1.480e+00 8.345e-01
1.490e+00 4.707e-01
1.500e+00 7.530e-01
1.510e+00 5.739e-01
1.520e+00 9.782e-01
1.530e+00 5.469e-01
1.540e+00 5.097e-01
1.550e+00 2.362e-01
1.560e+00 2.247e-01
1.570e+00 3.109e-01
1.580e+00 3.803e-01
1.590e+00 4.960e-02
1.600e+00 3.864e-01
1.610e+00 4.046e-01
1.620e+00 1.103e-01
1.630e+00 1.863e-01
1.640e+00 5.420e-01
1.650e+00 1.105e-01
1.660e+00 4.383e-01
1.670e+00 7.353e-01
1.680e+00 8.750e-01
1.690e+00 7.786e-01
1.700e+00 9.531e-01
1.710e+00 9.802e-01
1.720e+00 1.217e+00
1.730e+00 1.074e+00
1.740e+00 1.364e+00
1.750e+00 1.159e+00
1.760e+00 8.485e-01
1.770e+00 4.620e-01
1.780e+00 5.661e-01
1.790e+00 8.244e-01
1.800e+00 9.489e-01
1.810e+00 1.261e-01
1.820e+00 4.419e-01
1.830e+00 6.751e-01
1.840e+00 5.809e-01
1.850e+00 3.874e-01
1.860e+00 5.483e-01
1.870e+00 6.933e-01
1.880e+00 6.506e-01
1.890e+00 5.014e-01
1.900e+00 7.869e-01
1.910e+00 6.685e-01
1.920e+00 8.051e-01
1.930e+00 1.266e+00
1.940e+00 9.214e-01
1.950e+00 9.257e-01
1.960e+00 6.790e-01
1.970e+00 7.642e-01
1.980e+00 7.355e-01
1.990e+00 5.549e-01
2.000e+00 6.751e-01
2.010e+00 7.778e-01
2.020e+00 4.657e-01
2.030e+00 6.311e-01
2.040e+00 4.159e-01
2.050e+00 4.867e-01
2.060e+00 2.693e-01
2.070e+00 8.333e-02
2.080e+00 -5.549e-03
2.090e+00 2.392e-01
2.100e+00 3.295e-01
2.110e+00 4.795e-01
2.120e+00 5.029e-01
2.130e+00 7.829e-01
2.140e+00 8.043e-01
2.150e+00 6.275e-01
2.160e+00 4.095e-01
2.170e+00 3.472e-01
2.180e+00 1.123e-01
2.190e+00 2.199e-01
2.200e+00 3.367e-01
2.210e+00 3.438e-01
2.220e+00 2.892e-01
2.230e+00 3.941e-01
2.240e+00 2.274e-01
2.250e+00 6.891e-01
2.260e+00 6.914e-01
2.270e+00 6.219e-01
2.280e+00 6.340e-01
2.290e+00 6.264e-01
2.300e+00 5.372e-01
2.310e+00 5.434e-01
2.320e+00 5.643e-01
2.330e+00 7.957e-01
2.340e+00 6.248e-01
2.350e+00 7.279e-01
2.360e+00 6.566e-01
2.370e+00 6.307e-01
2.380e+00 5.830e-01
2.390e+00 5.107e-01
2.400e+00 4.586e-02
2.410e+00 1.439e-01
2.420e+00 5.942e-01
2.430e+00 5.690e-01
2.440e+00 4.145e-01
2.450e+00 4.236e-01
2.460e+00 5.924e-01
2.470e+00 7.841e-01
2.480e+00 8.457e-01
2.490e+00 8.970e-01
2.500e+00 9.565e-01
2.510e+00 5.359e-01
2.520e+00 6.406e-01
2.530e+00 5.561e-01
2.540e+00 2.121e-01
2.550e+00 3.526e-01
2.560e+00 2.393e-01
2.570e+00 3.657e-01
2.580e+00 6.351e-01
2.590e+00 5.468e-01
2.600e+00 4.345e-01
2.610e+00 6.235e-01
2.620e+00 8.290e-01
2.630e+00 7.836e-01
2.640e+00 6.608e-01
2.650e+00 8.108e-01
2.660e+00 7.636e-01
2.670e+00 7.857e-01
2.680e+00 5.099e-01
2.690e+00 5.780e-01
2.700e+00 7.186e-01
2.710e+00 6.114e-01
2.720e+00 5.142e-01
2.730e+00 9.079e-01
2.740e+00 9.150e-01
2.750e+00 1.002e+00
2.760e+00 6.353e-01
2.770e+00 8.817e-01
2.780e+00 1.096e+00
2.790e+00 8.242e-01
2.800e+00 4.919e-01
2.810e+00 4.444e-01
2.820e+00 5.016e-01
2.830e+00 5.148e-01
2.840e+00 6.394e-01
2.850e+00 4.619e-01
2.860e+00 5.520e-01
2.870e+00 6.719e-01
2.880e+00 6.729e-01
2.890e+00 4.866e-01
2.900e+00 4.153e-01
2.910e+00 3.458e-01
2.920e+00 3.414e-01
2.930e+00 2.230e-01
2.940e+00 4.248e-01
2.950e+00 3.181e-01
2.960e+00 2.768e-01
2.970e+00 3.153e-01
2.980e+00 4.128e-01
2.990e+00 5.552e-01
3.000e+00 3.304e-01
3.010e+00 4.786e-01
3.020e+00 3.085e-01
3.030e+00 2.996e-01
3.040e+00 3.698e-01
3.050e+00 5.275e-01
3.060e+00 3.679e-01
3.070e+00 5.855e-01
3.080e+00 3.836e-01
3.090e+00 2.099e-01
3.100e+00 3.736e-01
3.110e+00 3.758e-01
3.120e+00 2.075e-01
3.130e+00 1.960e-01
3.140e+00 3.123e-01
3.150e+00 2.712e-01
3.160e+00 8.174e-01
3.170e+00 7.430e-01
3.180e+00 4.495e-01
3.190e+00 4.391e-01
3.200e+00 5.928e-01
3.210e+00 5.245e-01
3.220e+00 5.747e-01
3.230e+00 5.294e-01
3.240e+00 5.472e-01
3.250e+00 5.938e-01
3.260e+00 6.176e-01
3.270e+00 4.437e-01
3.280e+00 3.043e-01
3.290e+00 5.732e-01
3.300e+00 3.954e-01
3.310e+00 4.856e-01
3.320e+00 4.228e-01
3.330e+00 3.662e-01
3.340e+00 5.749e-01
3.350e+00 7.199e-01
3.360e+00 5.457e-01
3.370e+00 7.106e-01
3.380e+00 8.931e-01
3.390e+00 6.838e-01
3.400e+00 4.781e-01
3.410e+00 7.072e-01
3.420e+00 8.163e-01
3.430e+00 7.724e-01
3.440e+00 7.876e-01
3.450e+00 6.488e-01
3.460e+00 7.360e-01
3.470e+00 6.229e-01
3.480e+00 3.234e-01
3.490e+00 4.742e-01
3.500e+00 5.613e-01
3.510e+00 5.211e-01
3.520e+00 5.405e-01
3.530e+00 5.209e-01
3.540e+00 6.854e-01
3.550e+00 7.269e-01
3.560e+00 4.829e-01
3.570e+00 4.894e-01
3.580e+00 6.335e-01
3.590e+00 5.565e-01
3.600e+00 5.428e-01
3.610e+00 5.670e-01
3.620e+00 4.372e-01
3.630e+00 5.745e-01
3.640e+00 3.296e-01
3.650e+00 3.828e-01
3.660e+00 5.458e-01
3.670e+00 3.191e-01
3.680e+00 4.036e-01
3.690e+00 4.965e-01
3.700e+00 2.282e-01
3.710e+00 3.980e-01
3.720e+00 3.595e-01
3.730e+00 1.717e-01
3.740e+00 4.058e-01
3.750e+00 5.457e-01
3.760e+00 6.468e-01
3.770e+00 3.736e-01
3.780e+00 5.920e-01
3.790e+00 8.284e-01
3.800e+00 7.994e-01
3.810e+00 6.898e-01
3.820e+00 7.003e-01
3.830e+00 6.536e-01
3.840e+00 5.920e-01
3.850e+00 5.002e-01
3.860e+00 5.628e-01
3.870e+00 7.380e-01
3.880e+00 6.805e-01
3.890e+00 7.649e-01
3.900e+00 6.624e-01
3.910e+00 7.513e-01
3.920e+00 8.831e-01
3.930e+00 6.503e-01
3.940e+00 6.481e-01
3.950e+00 5.677e-01
3.960e+00 2.390e-01
3.970e+00 3.007e-01
3.980e+00 2.954e-01
3.990e+00 1.731e-01
4.000e+00 2.391e-01
4.010e+00 1.833e-01
4.020e+00 2.295e-01
4.030e+00 4.445e-01
4.040e+00 1.424e-01
4.050e+00 3.170e-01
4.060e+00 5.078e-01
4.070e+00 4.896e-01
4.080e+00 6.141e-01
4.090e+00 4.810e-01
4.100e+00 2.927e-01
4.110e+00 3.164e-01
4.120e+00 4.040e-01
4.130e+00 5.063e-01
4.140e+00 6.646e-01
4.150e+00 3.922e-01
4.160e+00 4.148e-01
4.170e+00 5.212e-01
4.180e+00 3.938e-01
4.190e+00 4.148e-01
4.200e+00 3.998e-01
4.210e+00 4.513e-01
4.220e+00 6.939e-01
4.230e+00 8.588e-01
4.240e+00 6.738e-01
4.250e+00 5.081e-01
4.260e+00 5.256e-01
4.270e+00 8.130e-01
4.280e+00 6.633e-01
4.290e+00 6.543e-01
4.300e+00 7.067e-01
4.310e+00 6.539e-01
4.320e+00 6.690e-01
4.330e+00 7.390e-01
4.340e+00 6.378e-01
4.350e+00 5.581e-01
4.360e+00 5.614e-01
4.370e+00 6.444e-01
4.380e+00 6.652e-01
4.390e+00 7.397e-01
4.400e+00 6.474e-01
4.410e+00 6.304e-01
4.420e+00 6.124e-01
4.430e+00 7.562e-01
4.440e+00 6.198e-01
4.450e+00 7.498e-01
4.460e+00 6.669e-01
4.470e+00 5.195e-01
4.480e+00 5.971e-01
4.490e+00 7.867e-01
4.500e+00 6.598e-01
4.510e+00 7.853e-01
4.520e+00 8.059e-01
4.530e+00 7.554e-01
4.540e+00 6.380e-01
4.550e+00 7.645e-01
4.560e+00 7.186e-01
4.570e+00 6.333e-01
4.580e+00 6.821e-01
4.590e+00 9.052e-01
4.600e+00 6.760e-01
4.610e+00 6.672e-01
4.620e+00 7.063e-01
4.630e+00 5.481e-01
4.640e+00 6.407e-01
4.650e+00 5.691e-01
4.660e+00 6.757e-01
4.670e+00 7.953e-01
4.680e+00 6.135e-01
4.690e+00 8.771e-01
4.700e+00 1.070e+00
4.710e+00 7.620e-01
4.720e+00 7.596e-01
4.730e+00 8.224e-01
4.740e+00 6.792e-01
4.750e+00 5.173e-01
4.760e+00 3.996e-01
4.770e+00 6.251e-01
4.780e+00 9.244e-01
4.790e+00 9.956e-01
4.800e+00 8.121e-01
4.810e+00 5.422e-01
4.820e+00 8.810e-01
4.830e+00 8.243e-01
4.840e+00 6.106e-01
4.850e+00 5.539e-01
4.860e+00 6.063e-01
4.870e+00 5.680e-01
4.880e+00 5.841e-01
4.890e+00 5.016e-01
4.900e+00 5.830e-01
4.910e+00 6.872e-01
4.920e+00 4.814e-01
4.930e+00 4.621e-01
4.940e+00 3.672e-01
4.950e+00 5.632e-01
4.960e+00 4.958e-01
4.970e+00 4.249e-01
4.980e+00 6.390e-01
4.990e+00 5.055e-01
-5.000e+00 5.137e-01
-4.990e+00 5.650e-01
-4.980e+00 5.298e-01
-4.970e+00 5.695e-01
-4.960e+00 4.201e-01
-4.950e+00 3.516e-01
-4.940e+00 4.419e-01
-4.930e+00 4.781e-01
-4.920e+00 6.284e-01
-4.910e+00 6.634e-01
-4.900e+00 6.011e-01
-4.890e+00 6.346e-01
-4.880e+00 7.140e-01
-4.870e+00 5.762e-01
-4.860e+00 5.147e-01
-4.850e+00 5.224e-01
-4.840e+00 7.602e-01
-4.830e+00 6.268e-01
-4.820e+00 6.161e-01
-4.810e+00 5.675e-01
-4.800e+00 5.955e-01
-4.790e+00 5.466e-01
-4.780e+00 6.805e-01
-4.770e+00 7.384e-01
-4.760e+00 5.651e-01
-4.750e+00 6.129e-01
-4.740e+00 4.340e-01
-4.730e+00 4.410e-01
-4.720e+00 5.168e-01
-4.710e+00 5.971e-01
-4.700e+00 5.545e-01
-4.690e+00 7.236e-01
-4.680e+00 6.357e-01
-4.670e+00 7.200e-01
-4.660e+00 7.089e-01
-4.650e+00 7.025e-01
-4.640e+00 6.120e-01
-4.630e+00 5.515e-01
-4.620e+00 7.546e-01
-4.610e+00 7.153e-01
-4.600e+00 6.887e-01
-4.590e+00 5.379e-01
-4.580e+00 6.405e-01
-4.570e+00 5.733e-01
-4.560e+00 6.364e-01
-4.550e+00 8.371e-01
-4.540e+00 7.978e-01
-4.530e+00 7.069e-01
-4.520e+00 1.007e+00
-4.510e+00 8.381e-01
-4.500e+00 8.361e-01
-4.490e+00 8.345e-01
-4.480e+00 7.627e-01
-4.470e+00 5.720e-01
-4.460e+00 6.506e-01
-4.450e+00 5.824e-01
-4.440e+00 6.589e-01
-4.430e+00 5.151e-01
-4.420e+00 5.893e-01
-4.410e+00 7.222e-01
-4.400e+00 8.990e-01
-4.390e+00 8.458e-01
-4.380e+00 8.086e-01
-4.370e+00 9.485e-01
-4.360e+00 6.974e-01
-4.350e+00 7.471e-01
-4.340e+00 8.754e-01
-4.330e+00 4.840e-01
-4.320e+00 3.018e-01
-4.310e+00 4.350e-01
-4.300e+00 7.188e-01
-4.290e+00 5.033e-01
-4.280e+00 6.368e-01
-4.270e+00 6.538e-01
-4.260e+00 5.703e-01
-4.250e+00 7.238e-01
-4.240e+00 5.984e-01
-4.230e+00 2.923e-01
-4.220e+00 3.987e-01
-4.210e+00 6.205e-01
-4.200e+00 4.341e-01
-4.190e+00 3.757e-01
-4.180e+00 4.793e-01
-4.170e+00 5.351e-01
-4.160e+00 5.336e-01
-4.150e+00 5.677e-01
-4.140e+00 5.776e-01
-4.130e+00 7.793e-01
-4.120e+00 7.055e-01
-4.110e+00 7.116e-01
-4.100e+00 6.986e-01
-4.090e+00 7.079e-01
-4.080e+00 3.486e-01
-4.070e+00 5.719e-01
-4.060e+00 6.145e-01
-4.050e+00 5.957e-01
-4.040e+00 4.321e-01
-4.030e+00 5.035e-01
-4.020e+00 4.226e-01
-4.010e+00 3.691e-01
-4.000e+00 3.401e-01
-3.990e+00 4.790e-01
-3.980e+00 4.277e-01
-3.970e+00 2.443e-01
-3.960e+00 4.879e-01
-3.950e+00 6.017e-01
-3.940e+00 5.175e-01
-3.930e+00 5.370e-01
-3.920e+00 5.079e-01
-3.910e+00 3.377e-01
-3.900e+00 4.285e-01
-3.890e+00 5.264e-01
-3.880e+00 4.630e-01
-3.870e+00 4.536e-01
-3.860e+00 4.283e-01
-3.850e+00 6.828e-01
-3.840e+00 6.634e-01
-3.830e+00 5.305e-01
-3.820e+00 4.809e-01
-3.810e+00 4.601e-01
-3.800e+00 5.645e-01
-3.790e+00 4.151e-01
-3.780e+00 4.731e-01
-3.770e+00 3.978e-01
-3.760e+00 5.373e-01
-3.750e+00 6.297e-01
-3.740e+00 6.406e-01
-3.730e+00 4.827e-01
-3.720e+00 4.685e-01
-3.710e+00 4.122e-01
-3.700e+00 6.594e-01
-3.690e+00 5.434e-01
-3.680e+00 5.103e-01
-3.670e+00 6.915e-01
-3.660e+00 7.805e-01
-3.650e+00 6.039e-01
-3.640e+00 2.646e-01
-3.630e+00 4.376e-01
-3.620e+00 5.660e-01
-3.610e+00 5.402e-01
-3.600e+00 4.613e-01
-3.590e+00 3.421e-01
-3.580e+00 4.511e-01
-3.570e+00 5.035e-01
-3.560e+00 4.739e-01
-3.550e+00 3.258e-01
-3.540e+00 3.528e-01
-3.530e+00 2.110e-01
-3.520e+00 2.549e-01
-3.510e+00 5.137e-01
-3.500e+00 7.098e-01
-3.490e+00 3.941e-01
-3.480e+00 5.289e-01
-3.470e+00 5.095e-01
-3.460e+00 6.509e-01
-3.450e+00 4.930e-01
-3.440e+00 5.937e-01
-3.430e+00 4.421e-01
-3.420e+00 5.824e-01
-3.410e+00 5.103e-01
-3.400e+00 5.073e-01
-3.390e+00 6.363e-01
-3.380e+00 4.884e-01
-3.370e+00 7.333e-01
-3.360e+00 8.771e-01
-3.350e+00 5.650e-01
-3.340e+00 4.982e-01
-3.330e+00 6.238e-01
-3.320e+00 6.787e-01
-3.310e+00 7.717e-01
-3.300e+00 9.069e-01
-3.290e+00 9.475e-01
-3.280e+00 9.387e-01
-3.270e+00 8.965e-01
-3.260e+00 9.129e-01
-3.250e+00 7.241e-01
-3.240e+00 4.557e-01
-3.230e+00 3.363e-01
-3.220e+00 3.789e-01
-3.210e+00 2.972e-01
-3.200e+00 5.089e-01
-3.190e+00 2.036e-01
-3.180e+00 2.677e-01
-3.170e+00 4.616e-01
-3.160e+00 6.292e-01
-3.150e+00 4.221e-01
-3.140e+00 5.846e-01
-3.130e+00 6.487e-01
-3.120e+00 5.939e-01
-3.110e+00 6.019e-01
-3.100e+00 7.884e-01
-3.090e+00 6.285e-01
-3.080e+00 7.452e-01
-3.070e+00 6.652e-01
-3.060e+00 6.777e-01
-3.050e+00 8.241e-01
-3.040e+00 8.617e-01
-3.030e+00 6.683e-01
-3.020e+00 7.144e-01
-3.010e+00 7.181e-01
-3.000e+00 4.665e-01
-2.990e+00 4.326e-01
-2.980e+00 4.854e-01
-2.970e+00 3.734e-01
-2.960e+00 4.056e-01
-2.950e+00 3.846e-01
-2.940e+00 4.298e-01
-2.930e+00 6.722e-01
-2.920e+00 6.596e-01
-2.910e+00 4.954e-01
-2.900e+00 4.050e-01
-2.890e+00 5.994e-01
-2.880e+00 5.099e-01
-2.870e+00 4.135e-01
-2.860e+00 4.480e-01
-2.850e+00 4.241e-01
-2.840e+00 2.613e-01
-2.830e+00 4.077e-01
-2.820e+00 3.397e-01
-2.810e+00 2.218e-01
-2.800e+00 2.125e-01
-2.790e+00 2.161e-01
-2.780e+00 3.160e-01
-2.770e+00 4.865e-01
-2.760e+00 5.603e-01
-2.750e+00 7.795e-01
-2.740e+00 6.986e-01
-2.730e+00 4.728e-01
-2.720e+00 6.216e-01
-2.710e+00 6.719e-01
-2.700e+00 8.452e-01
-2.690e+00 8.504e-01
-2.680e+00 8.904e-01
-2.670e+00 7.696e-01
-2.660e+00 6.247e-01
-2.650e+00 6.798e-01
-2.640e+00 6.355e-01
-2.630e+00 5.517e-01
-2.620e+00 3.137e-01
-2.610e+00 5.306e-01
-2.600e+00 6.519e-01
-2.590e+00 5.089e-01
-2.580e+00 3.435e-01
-2.570e+00 5.330e-01
-2.560e+00 5.616e-01
-2.550e+00 7.071e-01
-2.540e+00 4.521e-01
-2.530e+00 5.984e-01
-2.520e+00 7.660e-01
-2.510e+00 6.223e-01
-2.500e+00 7.166e-01
-2.490e+00 7.200e-01
-2.480e+00 7.140e-01
-2.470e+00 7.568e-01
-2.460e+00 7.115e-01
-2.450e+00 4.579e-01
-2.440e+00 6.653e-01
-2.430e+00 4.755e-01
-2.420e+00 6.380e-01
-2.410e+00 7.379e-01
-2.400e+00 4.534e-01
-2.390e+00 5.362e-01
-2.380e+00 8.127e-01
-2.370e+00 9.529e-01
-2.360e+00 8.599e-01
-2.350e+00 9.469e-01
-2.340e+00 8.927e-01
-2.330e+00 6.742e-01
-2.320e+00 6.582e-01
-2.310e+00 9.087e-01
-2.300e+00 5.209e-01
-2.290e+00 6.471e-01
-2.280e+00 5.550e-01
-2.270e+00 4.729e-01
-2.260e+00 4.374e-01
-2.250e+00 4.580e-01
-2.240e+00 4.855e-01
-2.230e+00 2.945e-01
-2.220e+00 4.631e-01
-2.210e+00 5.866e-01
-2.200e+00 8.094e-01
-2.190e+00 7.680e-01
-2.180e+00 5.559e-01
-2.170e+00 3.566e-01
-2.160e+00 7.518e-01
-2.150e+00 8.588e-01
-2.140e+00 7.729e-01
-2.130e+00 5.781e-01
-2.120e+00 7.645e-01
-2.110e+00 7.015e-01
-2.100e+00 5.594e-01
-2.090e+00 5.572e-01
-2.080e+00 8.479e-01
-2.070e+00 7.777e-01
-2.060e+00 4.375e-01
-2.050e+00 4.211e-01
-2.040e+00 6.209e-01
-2.030e+00 8.971e-01
-2.020e+00 9.072e-01
-2.010e+00 9.974e-01
-2.000e+00 8.756e-01
-1.990e+00 8.010e-01
-1.980e+00 6.175e-01
-1.970e+00 4.415e-01
-1.960e+00 5.886e-01
-1.950e+00 1.034e+00
-1.940e+00 9.617e-01
-1.930e+00 1.073e+00
-1.920e+00 9.337e-01
-1.910e+00 6.962e-01
-1.900e+00 1.059e+00
-1.890e+00 1.300e+00
-1.880e+00 8.868e-01
-1.870e+00 4.219e-01
-1.860e+00 3.777e-01
-1.850e+00 1.468e-01
-1.840e+00 2.544e-01
-1.830e+00 1.900e-01
-1.820e+00 2.368e-01
-1.810e+00 2.490e-01
-1.800e+00 7.172e-01
-1.790e+00 8.024e-01
-1.780e+00 8.243e-01
-1.770e+00 5.587e-01
-1.760e+00 4.096e-01
-1.750e+00 7.486e-01
-1.740e+00 3.769e-01
-1.730e+00 4.974e-01
-1.720e+00 3.383e-01
-1.710e+00 6.440e-01
-1.700e+00 6.934e-01
-1.690e+00 5.896e-01
-1.680e+00 5.218e-01
-1.670e+00 3.898e-01
-1.660e+00 7.332e-01
-1.650e+00 4.954e-01
-1.640e+00 5.883e-01
-1.630e+00 7.748e-01
-1.620e+00 6.143e-01
-1.610e+00 4.160e-01
-1.600e+00 5.621e-01
-1.590e+00 6.160e-01
-1.580e+00 1.016e+00
-1.570e+00 9.052e-01
-1.560e+00 4.204e-01
-1.550e+00 4.316e-01
-1.540e+00 4.045e-01
-1.530e+00 5.038e-01
-1.520e+00 6.836e-01
-1.510e+00 5.920e-01
-1.500e+00 1.827e-01
-1.490e+00 5.099e-02
-1.480e+00 3.461e-01
-1.470e+00 5.358e-01
-1.460e+00 3.365e-01
-1.450e+00 5.164e-01
-1.440e+00 6.722e-01
-1.430e+00 9.553e-01
-1.420e+00 8.183e-01
-1.410e+00 1.003e+00
-1.400e+00 1.143e+00
-1.390e+00 1.043e+00
-1.380e+00 8.373e-01
-1.370e+00 9.125e-01
-1.360e+00 4.147e-01
-1.350e+00 5.048e-01
-1.340e+00 6.558e-01
-1.330e+00 5.493e-01
-1.320e+00 5.496e-02
-1.310e+00 1.692e-01
-1.300e+00 1.021e-02
-1.290e+00 4.075e-01
-1.280e+00 2.940e-01
-1.270e+00 5.770e-01
-1.260e+00 7.079e-01
-1.250e+00 9.267e-01
-1.240e+00 4.953e-01
-1.230e+00 4.372e-01
-1.220e+00 4.917e-01
-1.210e+00 7.285e-01
-1.200e+00 5.517e-01
-1.190e+00 6.304e-01
-1.180e+00 9.816e-01
-1.170e+00 9.721e-01
-1.160e+00 1.140e+00
-1.150e+00 8.232e-01
-1.140e+00 8.321e-01
-1.130e+00 8.128e-01
-1.120e+00 9.506e-02
-1.110e+00 4.078e-01
-1.100e+00 1.830e-01
-1.090e+00 7.188e-02
-1.080e+00 4.184e-01
-1.070e+00 8.962e-02
-1.060e+00 6.231e-02
-1.050e+00 4.268e-01
-1.040e+00 5.676e-01
-1.030e+00 8.063e-01
-1.020e+00 9.930e-01
-1.010e+00 3.443e-01
-1.000e+00 6.491e-01
-9.900e-01 7.514e-01
-9.800e-01 1.970e-01
-9.700e-01 7.757e-02
-9.600e-01 3.691e-01
-9.500e-01 1.036e+00
-9.400e-01 1.003e+00
-9.300e-01 7.262e-01
-9.200e-01 6.439e-01
-9.100e-01 9.801e-01
-9.000e-01 8.883e-01
-8.900e-01 6.471e-01
-8.800e-01 7.975e-01
-8.700e-01 1.083e-01
-8.600e-01 -2.139e-01
-8.500e-01 -3.115e-01
-8.400e-01 -1.325e-01
-8.300e-01 -2.941e-01
-8.200e-01 3.940e-01
-8.100e-01 8.428e-01
-8.000e-01 3.151e-01
-7.900e-01 8.765e-01
-7.800e-01 9.749e-01
-7.700e-01 1.081e+00
-7.600e-01 8.854e-01
-7.500e-01 6.496e-01
-7.400e-01 1.005e+00
-7.300e-01 9.497e-01
-7.200e-01 4.654e-01
-7.100e-01 8.120e-01
-7.000e-01 1.239e+00
-6.900e-01 1.117e+00
-6.800e-01 9.725e-01
-6.700e-01 6.933e-01
-6.600e-01 9.342e-01
-6.500e-01 6.921e-01
-6.400e-01 3.677e-01
-6.300e-01 1.080e-01
-6.200e-01 -3.702e-01
-6.100e-01 2.523e-01
-6.000e-01 5.374e-01
-5.900e-01 9.314e-01
-5.800e-01 1.320e+00
-5.700e-01 1.181e+00
-5.600e-01 1.137e+00
-5.500e-01 1.589e+00
-5.400e-01 1.436e+00
-5.300e-01 1.221e+00
-5.200e-01 3.751e-01
-5.100e-01 -1.785e-01
-5.000e-01 -2.743e-01
-4.900e-01 3.555e-01
-4.800e-01 2.252e-01
-4.700e-01 4.098e-02
-4.600e-01 3.637e-02
-4.500e-01 7.825e-01
-4.400e-01 1.175e+00
-4.300e-01 1.011e+00
-4.200e-01 1.047e+00
-4.100e-01 1.945e+00
-4.000e-01 1.560e+00
-3.900e-01 1.032e+00
-3.800e-01 4.167e-01
-3.700e-01 1.845e+00
-3.600e-01 2.000e+00
-3.500e-01 1.568e+00
-3.400e-01 1.408e+00
-3.300e-01 1.972e+00
-3.200e-01 2.813e+00
-3.100e-01 2.104e+00
-3.000e-01 2.219e+00
-2.900e-01 2.009e+00
-2.800e-01 1.751e+00
-2.700e-01 2.054e+00
-2.600e-01 2.519e+00
-2.500e-01 2.633e+00
-2.400e-01 2.281e+00
-2.300e-01 2.833e+00
-2.200e-01 2.720e+00
-2.100e-01 2.172e+00
-2.000e-01 1.913e+00
-1.900e-01 3.540e+00
-1.800e-01 3.389e+00
-1.700e-01 2.151e+00
-1.600e-01 2.975e+00
-1.500e-01 3.845e+00
-1.400e-01 3.962e+00
-1.300e-01 5.134e+00
-1.200e-01 4.834e+00
-1.100e-01 7.412e+00
-1.000e-01 7.661e+00
-9.000e-02 6.563e+00
-8.000e-02 5.365e+00
-7.000e-02 5.567e+00
-6.000e-02 6.665e+00
-5.000e-02 9.989e+00
-4.000e-02 1.645e+01
-3.000e-02 1.641e+01
-2.000e-02 1.960e+01
-1.000e-02 3.148e+01
