# Time (ps)      real(F_2)      im(F_2)
0.000e+00 1.000e+00 0.000e+00
1.000e-01 9.565e-01 1.560e-02
2.000e-01 8.563e-01 -3.753e-03
3.000e-01 8.441e-01 -3.507e-02
4.000e-01 8.392e-01 -2.035e-02
5.000e-01 7.913e-01 -1.873e-02
6.000e-01 7.910e-01 -3.785e-02
7.000e-01 7.525e-01 -4.301e-02
8.000e-01 7.137e-01 -5.907e-02
9.000e-01 7.040e-01 1.208e-02
1.000e+00 6.875e-01 5.266e-03
1.100e+00 7.114e-01 3.124e-02
1.200e+00 7.005e-01 2.451e-02
1.300e+00 6.873e-01 6.670e-02
1.400e+00 6.464e-01 5.528e-02
1.500e+00 6.193e-01 8.029e-03
1.600e+00 6.140e-01 -5.060e-02
1.700e+00 5.986e-01 -4.881e-03
1.800e+00 5.502e-01 -8.576e-03
1.900e+00 5.440e-01 -1.206e-02
2.000e+00 5.453e-01 -1.518e-02
2.100e+00 5.573e-01 -1.031e-02
2.200e+00 5.493e-01 -3.267e-03
2.300e+00 5.284e-01 3.114e-02
2.400e+00 5.008e-01 1.921e-03
2.500e+00 4.995e-01 -3.267e-04
2.600e+00 4.767e-01 -2.565e-02
2.700e+00 4.372e-01 -2.540e-02
2.800e+00 4.566e-01 -2.808e-02
2.900e+00 4.347e-01 -4.095e-02
3.000e+00 4.439e-01 -2.163e-02
3.100e+00 4.151e-01 -3.641e-03
3.200e+00 4.050e-01 2.789e-02
3.300e+00 4.201e-01 2.368e-02
3.400e+00 3.876e-01 5.363e-02
3.500e+00 3.688e-01 3.005e-02
3.600e+00 3.462e-01 2.247e-02
3.700e+00 3.625e-01 -6.016e-03
3.800e+00 3.330e-01 1.718e-02
3.900e+00 3.400e-01 -1.024e-02
4.000e+00 3.145e-01 -1.914e-03
4.100e+00 3.081e-01 -2.546e-03
4.200e+00 2.765e-01 5.201e-03
4.300e+00 2.938e-01 2.197e-02
4.400e+00 2.965e-01 9.546e-03
4.500e+00 2.901e-01 5.183e-03
4.600e+00 2.846e-01 -1.594e-02
4.700e+00 2.852e-01 9.738e-03
4.800e+00 2.787e-01 1.204e-02
4.900e+00 2.836e-01 3.908e-02
5.000e+00 2.661e-01 4.568e-02
5.100e+00 2.643e-01 5.676e-02
5.200e+00 2.854e-01 6.774e-02
5.300e+00 3.035e-01 5.316e-02
5.400e+00 2.853e-01 5.699e-02
5.500e+00 3.092e-01 5.161e-02
5.600e+00 3.052e-01 5.616e-02
5.700e+00 2.745e-01 4.363e-02
5.800e+00 2.886e-01 4.820e-02
5.900e+00 2.689e-01 4.438e-02
6.000e+00 2.940e-01 4.922e-02
6.100e+00 2.923e-01 6.849e-02
6.200e+00 2.734e-01 6.773e-02
6.300e+00 2.895e-01 6.478e-02
6.400e+00 2.667e-01 4.295e-02
6.500e+00 2.684e-01 5.323e-02
6.600e+00 2.721e-01 6.611e-02
6.700e+00 2.744e-01 5.617e-02
6.800e+00 2.693e-01 5.123e-02
6.900e+00 2.716e-01 4.743e-02
7.000e+00 2.660e-01 6.785e-02
7.100e+00 2.538e-01 6.087e-02
7.200e+00 2.629e-01 6.022e-02
7.300e+00 2.523e-01 5.662e-02
7.400e+00 2.423e-01 3.146e-02
7.500e+00 2.384e-01 2.436e-02
7.600e+00 2.392e-01 1.981e-02
7.700e+00 2.258e-01 4.554e-02
7.800e+00 2.090e-01 2.370e-02
7.900e+00 2.385e-01 3.243e-02
8.000e+00 2.304e-01 -3.434e-03
8.100e+00 2.263e-01 -1.977e-02
8.200e+00 2.160e-01 -9.437e-03
8.300e+00 2.067e-01 1.743e-02
8.400e+00 2.103e-01 2.660e-02
8.500e+00 2.122e-01 6.224e-03
8.600e+00 2.195e-01 8.566e-05
8.700e+00 2.151e-01 4.329e-03
8.800e+00 2.101e-01 -2.518e-03
8.900e+00 2.092e-01 -2.835e-03
9.000e+00 1.896e-01 3.325e-03
9.100e+00 1.924e-01 3.067e-03
9.200e+00 1.772e-01 -5.676e-03
9.300e+00 1.676e-01 5.150e-03
9.400e+00 1.809e-01 2.584e-03
9.500e+00 1.858e-01 -4.076e-03
9.600e+00 1.822e-01 1.024e-02
9.700e+00 1.926e-01 6.330e-04
9.800e+00 1.702e-01 -2.210e-02
9.900e+00 1.757e-01 -2.441e-02
1.000e+01 1.573e-01 -7.082e-03
1.010e+01 1.506e-01 -2.243e-03
1.020e+01 1.518e-01 5.251e-03
1.030e+01 1.574e-01 1.087e-03
1.040e+01 1.543e-01 -4.623e-03
1.050e+01 1.567e-01 -7.876e-03
1.060e+01 1.561e-01 -2.003e-02
1.070e+01 1.603e-01 -1.925e-02
1.080e+01 1.482e-01 -1.625e-02
1.090e+01 1.482e-01 -1.869e-02
1.100e+01 1.507e-01 -9.539e-03
1.110e+01 1.466e-01 -2.067e-02
1.120e+01 1.349e-01 -2.785e-02
1.130e+01 1.341e-01 -2.803e-02
1.140e+01 1.395e-01 -2.235e-02
1.150e+01 1.336e-01 -2.359e-02
1.160e+01 1.373e-01 -1.386e-02
1.170e+01 1.343e-01 -1.851e-02
1.180e+01 1.288e-01 -2.087e-02
1.190e+01 1.303e-01 -2.142e-02
1.200e+01 1.261e-01 -2.168e-02
1.210e+01 1.194e-01 -3.747e-02
1.220e+01 1.191e-01 -3.340e-02
1.230e+01 1.268e-01 -3.639e-02
1.240e+01 1.176e-01 -3.814e-02
1.250e+01 1.120e-01 -3.793e-02
1.260e+01 1.064e-01 -3.859e-02
1.270e+01 1.065e-01 -4.264e-02
1.280e+01 1.091e-01 -4.596e-02
1.290e+01 1.086e-01 -5.230e-02
1.300e+01 9.887e-02 -5.749e-02
1.310e+01 9.480e-02 -4.075e-02
1.320e+01 1.008e-01 -4.354e-02
1.330e+01 1.231e-01 -4.616e-02
1.340e+01 1.172e-01 -3.823e-02
1.350e+01 1.107e-01 -4.295e-02
1.360e+01 1.075e-01 -3.953e-02
1.370e+01 1.133e-01 -3.892e-02
1.380e+01 1.104e-01 -4.831e-02
1.390e+01 1.039e-01 -4.201e-02
1.400e+01 9.858e-02 -4.077e-02
1.410e+01 9.890e-02 -4.349e-02
1.420e+01 1.134e-01 -4.101e-02
1.430e+01 1.117e-01 -2.880e-02
1.440e+01 1.197e-01 -2.493e-02
1.450e+01 1.080e-01 -2.139e-02
1.460e+01 1.049e-01 -3.049e-02
1.470e+01 1.020e-01 -1.492e-02
1.480e+01 1.068e-01 -1.758e-02
1.490e+01 1.039e-01 -2.293e-02
1.500e+01 1.032e-01 -2.493e-02
1.510e+01 1.023e-01 -2.650e-02
1.520e+01 1.101e-01 -2.154e-02
1.530e+01 9.267e-02 -1.722e-02
1.540e+01 9.478e-02 -1.868e-02
1.550e+01 9.256e-02 -6.479e-03
1.560e+01 9.313e-02 -1.825e-02
1.570e+01 9.648e-02 -1.403e-02
1.580e+01 9.019e-02 -1.220e-02
1.590e+01 9.445e-02 -8.593e-03
1.600e+01 9.623e-02 -5.960e-03
1.610e+01 8.917e-02 -1.108e-02
1.620e+01 9.450e-02 -8.088e-03
1.630e+01 9.712e-02 -1.779e-03
1.640e+01 9.171e-02 -1.295e-02
1.650e+01 9.169e-02 -1.654e-02
1.660e+01 9.551e-02 -1.289e-02
1.670e+01 9.629e-02 -1.229e-02
1.680e+01 9.840e-02 -3.937e-03
1.690e+01 1.031e-01 -4.755e-03
1.700e+01 9.968e-02 -6.390e-03
1.710e+01 9.492e-02 -7.589e-03
1.720e+01 9.635e-02 -1.078e-02
1.730e+01 9.298e-02 -1.562e-02
1.740e+01 8.868e-02 -1.644e-02
1.750e+01 9.205e-02 -1.797e-02
1.760e+01 8.576e-02 -1.695e-02
1.770e+01 8.151e-02 -1.938e-02
1.780e+01 8.214e-02 -1.290e-02
1.790e+01 7.788e-02 -2.071e-02
1.800e+01 7.622e-02 -1.062e-02
1.810e+01 7.415e-02 -7.613e-03
1.820e+01 7.471e-02 -4.538e-03
1.830e+01 7.441e-02 -1.141e-02
1.840e+01 6.722e-02 -2.160e-02
1.850e+01 6.881e-02 -2.495e-02
1.860e+01 6.974e-02 -1.808e-02
1.870e+01 7.584e-02 -2.463e-02
1.880e+01 7.142e-02 -6.998e-03
1.890e+01 7.438e-02 -7.463e-03
1.900e+01 7.132e-02 -1.432e-02
1.910e+01 7.094e-02 -2.175e-02
1.920e+01 7.680e-02 -2.451e-02
1.930e+01 7.078e-02 -2.966e-02
1.940e+01 6.743e-02 -3.048e-02
1.950e+01 6.240e-02 -3.124e-02
1.960e+01 6.547e-02 -2.712e-02
1.970e+01 6.819e-02 -3.080e-02
1.980e+01 6.887e-02 -4.732e-02
1.990e+01 6.916e-02 -4.568e-02
2.000e+01 7.518e-02 -4.764e-02
2.010e+01 7.110e-02 -3.462e-02
2.020e+01 6.505e-02 -3.367e-02
2.030e+01 6.440e-02 -3.720e-02
2.040e+01 6.855e-02 -3.739e-02
2.050e+01 6.953e-02 -3.342e-02
2.060e+01 7.594e-02 -2.911e-02
2.070e+01 7.406e-02 -2.008e-02
2.080e+01 7.348e-02 -2.631e-02
2.090e+01 6.358e-02 -2.593e-02
2.100e+01 6.830e-02 -2.230e-02
2.110e+01 7.725e-02 -2.129e-02
2.120e+01 7.672e-02 -1.806e-02
2.130e+01 7.391e-02 -2.444e-02
2.140e+01 7.150e-02 -2.438e-02
2.150e+01 7.213e-02 -2.884e-02
2.160e+01 7.536e-02 -2.484e-02
2.170e+01 7.362e-02 -3.348e-02
2.180e+01 7.152e-02 -3.748e-02
2.190e+01 7.821e-02 -3.236e-02
2.200e+01 6.744e-02 -3.580e-02
2.210e+01 7.097e-02 -3.479e-02
2.220e+01 6.164e-02 -3.763e-02
2.230e+01 7.340e-02 -3.187e-02
2.240e+01 5.688e-02 -2.100e-02
2.250e+01 4.785e-02 -2.355e-02
2.260e+01 4.598e-02 -1.702e-02
2.270e+01 5.173e-02 -1.582e-02
2.280e+01 4.996e-02 -7.758e-03
2.290e+01 4.448e-02 -7.034e-03
2.300e+01 4.901e-02 -1.667e-02
2.310e+01 5.518e-02 -2.483e-02
2.320e+01 5.550e-02 -2.506e-02
2.330e+01 6.271e-02 -2.643e-02
2.340e+01 5.691e-02 -3.039e-02
2.350e+01 5.165e-02 -3.975e-02
2.360e+01 4.310e-02 -3.158e-02
2.370e+01 4.371e-02 -2.989e-02
2.380e+01 3.973e-02 -2.935e-02
2.390e+01 4.646e-02 -3.278e-02
2.400e+01 4.398e-02 -1.928e-02
2.410e+01 3.973e-02 -3.079e-02
2.420e+01 3.683e-02 -3.259e-02
2.430e+01 4.796e-02 -3.060e-02
2.440e+01 4.296e-02 -2.278e-02
2.450e+01 4.186e-02 -2.734e-02
2.460e+01 3.902e-02 -2.447e-02
2.470e+01 4.828e-02 -1.364e-02
2.480e+01 5.916e-02 -2.107e-02
2.490e+01 5.395e-02 -2.269e-02
2.500e+01 4.595e-02 -2.648e-02
2.510e+01 4.607e-02 -2.650e-02
2.520e+01 4.187e-02 -2.304e-02
2.530e+01 5.012e-02 -1.785e-02
2.540e+01 5.310e-02 -1.814e-02
2.550e+01 5.402e-02 -2.465e-02
2.560e+01 4.323e-02 -1.439e-02
2.570e+01 3.201e-02 4.178e-03
2.580e+01 3.078e-02 6.315e-03
2.590e+01 3.371e-02 8.071e-04
2.600e+01 3.375e-02 -6.526e-03
2.610e+01 4.064e-02 7.061e-04
2.620e+01 4.034e-02 -3.803e-03
2.630e+01 4.897e-02 -2.836e-03
2.640e+01 4.766e-02 -4.249e-03
2.650e+01 5.113e-02 5.129e-03
2.660e+01 4.852e-02 1.518e-03
2.670e+01 5.268e-02 2.459e-03
2.680e+01 4.895e-02 -2.821e-04
2.690e+01 5.120e-02 1.283e-03
2.700e+01 5.243e-02 1.361e-02
2.710e+01 5.738e-02 1.370e-02
2.720e+01 5.997e-02 9.288e-03
2.730e+01 6.084e-02 1.352e-02
2.740e+01 6.182e-02 2.603e-02
2.750e+01 5.192e-02 2.330e-02
2.760e+01 4.976e-02 3.075e-02
2.770e+01 4.404e-02 2.739e-02
2.780e+01 5.657e-02 2.503e-02
2.790e+01 5.181e-02 2.685e-02
2.800e+01 5.472e-02 2.473e-02
2.810e+01 6.284e-02 1.891e-02
2.820e+01 6.342e-02 9.753e-03
2.830e+01 5.975e-02 1.095e-02
2.840e+01 5.368e-02 2.130e-02
2.850e+01 5.360e-02 1.910e-02
2.860e+01 4.697e-02 2.051e-02
2.870e+01 4.926e-02 1.748e-02
2.880e+01 5.221e-02 1.848e-02
2.890e+01 5.780e-02 1.598e-02
2.900e+01 5.763e-02 1.444e-02
2.910e+01 5.264e-02 7.425e-03
2.920e+01 5.683e-02 7.986e-03
2.930e+01 5.770e-02 9.299e-03
2.940e+01 5.132e-02 7.533e-03
2.950e+01 5.293e-02 4.567e-03
2.960e+01 5.231e-02 6.851e-03
2.970e+01 4.994e-02 4.580e-03
2.980e+01 4.467e-02 3.718e-03
2.990e+01 4.855e-02 3.219e-03
3.000e+01 4.869e-02 6.737e-03
3.010e+01 5.072e-02 9.062e-03
3.020e+01 5.138e-02 8.204e-03
3.030e+01 5.628e-02 8.705e-03
3.040e+01 5.123e-02 1.222e-02
3.050e+01 5.222e-02 1.704e-02
3.060e+01 4.872e-02 1.421e-02
3.070e+01 4.930e-02 1.567e-02
3.080e+01 4.364e-02 5.116e-03
3.090e+01 4.591e-02 1.207e-02
3.100e+01 4.663e-02 1.173e-02
3.110e+01 5.059e-02 9.855e-03
3.120e+01 5.374e-02 2.698e-03
3.130e+01 4.759e-02 4.006e-03
3.140e+01 5.178e-02 -3.190e-03
3.150e+01 5.100e-02 -1.312e-03
3.160e+01 4.581e-02 9.654e-03
3.170e+01 4.322e-02 1.132e-02
3.180e+01 4.402e-02 7.895e-03
3.190e+01 4.186e-02 1.266e-02
3.200e+01 4.332e-02 9.994e-03
3.210e+01 4.050e-02 7.918e-03
3.220e+01 4.218e-02 8.462e-03
3.230e+01 4.083e-02 8.866e-03
3.240e+01 4.166e-02 6.096e-03
3.250e+01 4.167e-02 1.751e-03
3.260e+01 3.958e-02 9.563e-04
3.270e+01 3.917e-02 2.212e-03
3.280e+01 3.912e-02 4.166e-03
3.290e+01 3.947e-02 4.706e-03
3.300e+01 3.535e-02 3.510e-03
3.310e+01 3.658e-02 1.671e-03
3.320e+01 3.712e-02 1.870e-03
3.330e+01 2.598e-02 1.483e-03
3.340e+01 1.817e-02 4.722e-03
3.350e+01 2.051e-02 1.071e-02
3.360e+01 2.792e-02 8.163e-03
3.370e+01 2.744e-02 7.137e-03
3.380e+01 2.428e-02 7.651e-03
3.390e+01 2.211e-02 3.238e-03
3.400e+01 2.383e-02 2.417e-03
3.410e+01 2.905e-02 4.458e-03
3.420e+01 3.030e-02 6.441e-03
3.430e+01 2.974e-02 7.786e-03
3.440e+01 3.217e-02 6.501e-03
3.450e+01 3.329e-02 5.867e-03
3.460e+01 3.332e-02 2.849e-04
3.470e+01 3.479e-02 4.888e-03
3.480e+01 3.133e-02 7.298e-03
3.490e+01 3.538e-02 4.616e-03
3.500e+01 3.070e-02 5.194e-03
3.510e+01 3.043e-02 9.820e-03
3.520e+01 3.027e-02 5.846e-03
3.530e+01 2.904e-02 4.642e-03
3.540e+01 2.891e-02 6.166e-03
3.550e+01 2.815e-02 5.461e-03
3.560e+01 3.135e-02 6.772e-03
3.570e+01 2.990e-02 6.436e-03
3.580e+01 2.751e-02 4.325e-03
3.590e+01 2.963e-02 7.636e-03
3.600e+01 3.036e-02 1.017e-02
3.610e+01 2.825e-02 9.282e-03
3.620e+01 2.727e-02 7.878e-03
3.630e+01 2.859e-02 7.304e-03
3.640e+01 3.210e-02 5.830e-03
3.650e+01 3.297e-02 7.309e-03
3.660e+01 3.142e-02 7.302e-03
3.670e+01 3.159e-02 7.992e-03
3.680e+01 2.947e-02 5.888e-03
3.690e+01 3.130e-02 5.568e-03
3.700e+01 3.506e-02 6.250e-03
3.710e+01 3.186e-02 8.709e-03
3.720e+01 3.230e-02 8.938e-03
3.730e+01 3.485e-02 1.095e-02
3.740e+01 3.269e-02 1.410e-02
3.750e+01 3.361e-02 8.302e-03
3.760e+01 3.640e-02 4.607e-03
3.770e+01 3.178e-02 4.392e-03
3.780e+01 3.099e-02 6.068e-03
3.790e+01 3.224e-02 4.237e-03
3.800e+01 3.127e-02 2.678e-03
3.810e+01 3.355e-02 2.100e-03
3.820e+01 3.551e-02 4.911e-03
3.830e+01 3.423e-02 6.639e-03
3.840e+01 3.306e-02 8.053e-03
3.850e+01 3.308e-02 6.396e-03
3.860e+01 3.250e-02 7.647e-03
3.870e+01 3.269e-02 8.600e-03
3.880e+01 3.333e-02 9.331e-03
3.890e+01 3.096e-02 7.441e-03
3.900e+01 3.039e-02 8.319e-03
3.910e+01 3.156e-02 1.086e-02
3.920e+01 2.956e-02 9.123e-03
3.930e+01 2.835e-02 6.756e-03
3.940e+01 2.903e-02 5.828e-03
3.950e+01 3.231e-02 7.762e-03
3.960e+01 3.480e-02 6.824e-03
3.970e+01 2.949e-02 8.708e-03
3.980e+01 2.654e-02 1.118e-02
3.990e+01 3.003e-02 6.399e-03
4.000e+01 3.118e-02 8.082e-03
4.010e+01 3.078e-02 8.682e-03
4.020e+01 3.033e-02 1.186e-02
4.030e+01 3.262e-02 1.071e-02
4.040e+01 3.439e-02 8.611e-03
4.050e+01 3.640e-02 5.334e-03
4.060e+01 3.634e-02 7.517e-03
4.070e+01 3.401e-02 9.399e-03
4.080e+01 3.776e-02 7.528e-03
4.090e+01 3.790e-02 3.340e-03
4.100e+01 3.556e-02 7.269e-03
4.110e+01 3.101e-02 4.143e-03
4.120e+01 3.128e-02 -4.403e-04
4.130e+01 3.176e-02 1.060e-03
4.140e+01 2.908e-02 3.806e-03
4.150e+01 2.937e-02 7.155e-03
4.160e+01 2.626e-02 4.764e-03
4.170e+01 2.644e-02 3.462e-03
4.180e+01 2.660e-02 4.535e-03
4.190e+01 2.584e-02 6.527e-04
4.200e+01 2.502e-02 -2.651e-04
4.210e+01 2.826e-02 -2.613e-03
4.220e+01 2.282e-02 -7.734e-03
4.230e+01 2.623e-02 -9.624e-03
4.240e+01 2.332e-02 -6.405e-03
4.250e+01 2.637e-02 -4.009e-03
4.260e+01 2.270e-02 -1.077e-02
4.270e+01 1.673e-02 -9.873e-03
4.280e+01 1.658e-02 -2.620e-03
4.290e+01 1.680e-02 7.523e-04
4.300e+01 2.182e-02 1.745e-03
4.310e+01 2.224e-02 -3.064e-03
4.320e+01 2.343e-02 -1.130e-03
4.330e+01 2.373e-02 -1.193e-02
4.340e+01 2.569e-02 -8.237e-03
4.350e+01 3.208e-02 -1.050e-02
4.360e+01 2.897e-02 -6.614e-03
4.370e+01 2.469e-02 -1.002e-02
4.380e+01 2.202e-02 -1.159e-02
4.390e+01 2.389e-02 -2.318e-03
4.400e+01 2.749e-02 -1.690e-03
4.410e+01 2.242e-02 1.285e-03
4.420e+01 1.901e-02 -8.838e-04
4.430e+01 2.206e-02 -6.237e-03
4.440e+01 2.203e-02 -9.246e-04
4.450e+01 2.586e-02 3.382e-04
4.460e+01 2.762e-02 1.747e-04
4.470e+01 3.147e-02 -2.475e-03
4.480e+01 2.565e-02 -5.493e-03
4.490e+01 2.169e-02 -5.277e-03
4.500e+01 2.245e-02 -5.346e-03
4.510e+01 2.659e-02 -6.198e-03
4.520e+01 2.994e-02 1.713e-03
4.530e+01 2.570e-02 7.598e-04
4.540e+01 2.253e-02 2.956e-04
4.550e+01 2.746e-02 -8.214e-03
4.560e+01 2.061e-02 -8.999e-03
4.570e+01 1.866e-02 -4.726e-03
4.580e+01 1.885e-02 -5.043e-03
4.590e+01 2.093e-02 -3.158e-03
4.600e+01 2.458e-02 -3.485e-03
4.610e+01 2.634e-02 9.288e-04
4.620e+01 2.526e-02 -3.552e-03
4.630e+01 2.716e-02 -3.368e-03
4.640e+01 2.286e-02 -6.564e-03
4.650e+01 2.187e-02 -8.902e-03
4.660e+01 2.194e-02 -5.531e-03
4.670e+01 2.397e-02 -8.962e-03
4.680e+01 2.306e-02 -3.849e-03
4.690e+01 2.621e-02 -4.516e-03
4.700e+01 2.416e-02 -1.204e-02
4.710e+01 2.563e-02 -1.304e-03
4.720e+01 2.874e-02 -6.843e-04
4.730e+01 2.565e-02 -9.428e-04
4.740e+01 2.491e-02 -2.884e-03
4.750e+01 2.248e-02 -4.835e-03
4.760e+01 2.040e-02 -1.576e-03
4.770e+01 2.495e-02 -3.352e-03
4.780e+01 2.570e-02 -1.751e-03
4.790e+01 2.219e-02 -6.428e-04
4.800e+01 1.953e-02 -2.173e-03
4.810e+01 2.136e-02 -3.960e-03
4.820e+01 2.073e-02 -4.465e-03
4.830e+01 2.042e-02 -6.077e-03
4.840e+01 1.806e-02 -2.786e-03
4.850e+01 1.646e-02 -3.167e-03
4.860e+01 1.758e-02 -2.752e-03
4.870e+01 1.795e-02 -4.328e-03
4.880e+01 1.792e-02 -3.847e-03
4.890e+01 1.726e-02 -6.258e-03
4.900e+01 1.715e-02 -3.776e-03
4.910e+01 1.812e-02 -3.422e-03
4.920e+01 1.870e-02 -2.906e-03
4.930e+01 1.717e-02 -4.604e-03
4.940e+01 2.022e-02 -4.510e-03
4.950e+01 1.881e-02 -4.063e-03
4.960e+01 1.508e-02 -2.471e-03
4.970e+01 1.203e-02 -4.172e-03
4.980e+01 1.080e-02 -1.002e-02
4.990e+01 9.951e-03 -6.232e-03
5.000e+01 1.527e-02 -9.344e-03
5.010e+01 1.508e-02 -7.729e-03
5.020e+01 1.567e-02 -2.349e-03
5.030e+01 1.581e-02 -4.438e-03
5.040e+01 1.499e-02 -3.644e-03
5.050e+01 1.775e-02 -4.611e-03
5.060e+01 1.858e-02 -1.006e-02
5.070e+01 1.697e-02 -4.246e-03
5.080e+01 1.444e-02 -4.800e-03
5.090e+01 1.657e-02 -2.741e-03
5.100e+01 1.360e-02 -3.271e-03
5.110e+01 1.334e-02 -3.468e-03
5.120e+01 1.638e-02 -2.271e-04
5.130e+01 1.508e-02 2.247e-03
5.140e+01 1.694e-02 4.209e-04
5.150e+01 1.854e-02 1.983e-03
5.160e+01 1.443e-02 2.555e-04
5.170e+01 1.484e-02 -2.238e-03
5.180e+01 1.764e-02 -5.256e-03
5.190e+01 1.717e-02 -7.082e-03
5.200e+01 1.484e-02 -3.649e-03
5.210e+01 1.183e-02 -4.681e-03
5.220e+01 1.255e-02 -1.962e-03
5.230e+01 1.140e-02 -2.900e-03
5.240e+01 1.005e-02 -2.427e-03
5.250e+01 1.252e-02 -1.501e-03
5.260e+01 8.969e-03 2.616e-03
5.270e+01 7.204e-03 4.758e-04
5.280e+01 9.085e-03 -6.045e-04
5.290e+01 1.242e-02 7.365e-04
5.300e+01 1.110e-02 -3.457e-04
5.310e+01 8.340e-03 5.407e-04
5.320e+01 9.064e-03 1.300e-03
5.330e+01 8.918e-03 3.417e-03
5.340e+01 5.560e-03 1.801e-03
5.350e+01 3.759e-03 1.928e-04
5.360e+01 3.999e-03 -4.515e-03
5.370e+01 -2.552e-03 -3.851e-03
5.380e+01 2.437e-04 3.213e-03
5.390e+01 -6.622e-04 -2.315e-03
5.400e+01 -1.643e-03 -3.876e-03
5.410e+01 -1.714e-03 -3.565e-03
5.420e+01 -1.978e-03 -3.289e-03
5.430e+01 7.189e-03 2.386e-04
5.440e+01 8.890e-03 1.422e-04
5.450e+01 3.514e-03 -4.163e-03
5.460e+01 2.431e-03 -5.224e-03
5.470e+01 7.466e-03 6.704e-04
5.480e+01 8.348e-03 9.931e-04
5.490e+01 1.023e-02 1.900e-03
5.500e+01 6.338e-03 -5.843e-04
5.510e+01 4.035e-03 -2.043e-03
5.520e+01 5.455e-03 -1.122e-03
5.530e+01 7.622e-03 1.263e-03
5.540e+01 4.858e-03 -4.943e-03
5.550e+01 2.283e-03 -6.958e-03
5.560e+01 7.678e-04 -5.494e-03
5.570e+01 -1.957e-03 7.306e-04
5.580e+01 -4.837e-04 1.653e-03
5.590e+01 -3.434e-04 3.982e-03
5.600e+01 -2.516e-03 1.346e-03
5.610e+01 -5.952e-04 -2.167e-03
5.620e+01 1.080e-03 -2.681e-03
5.630e+01 2.361e-03 -2.242e-03
5.640e+01 3.809e-03 -3.711e-03
5.650e+01 7.534e-03 -4.175e-03
5.660e+01 6.426e-03 -3.925e-03
5.670e+01 5.299e-03 -2.476e-03
5.680e+01 7.058e-03 -2.176e-03
5.690e+01 7.845e-03 -1.839e-03
5.700e+01 7.338e-03 -3.084e-03
5.710e+01 6.606e-03 -3.573e-03
5.720e+01 6.799e-03 -2.087e-03
5.730e+01 6.701e-03 -1.454e-03
5.740e+01 7.355e-03 -2.314e-03
5.750e+01 7.457e-03 -4.406e-03
5.760e+01 9.175e-03 -2.433e-03
5.770e+01 9.241e-03 -8.198e-04
5.780e+01 9.294e-03 -3.122e-04
5.790e+01 8.198e-03 -7.530e-04
5.800e+01 6.240e-03 5.868e-04
5.810e+01 6.585e-03 -5.404e-04
5.820e+01 6.088e-03 -9.040e-04
5.830e+01 6.282e-03 -6.837e-04
5.840e+01 7.298e-03 -5.384e-04
5.850e+01 6.214e-03 1.327e-03
5.860e+01 4.654e-03 5.324e-04
5.870e+01 5.495e-03 1.193e-03
5.880e+01 5.512e-03 1.041e-03
5.890e+01 3.944e-03 9.394e-04
5.900e+01 1.126e-03 3.071e-03
5.910e+01 -1.121e-03 1.864e-03
5.920e+01 2.726e-03 -1.187e-03
5.930e+01 4.141e-03 1.552e-03
5.940e+01 1.672e-03 4.000e-03
5.950e+01 -1.596e-03 4.929e-03
5.960e+01 3.375e-03 2.982e-03
5.970e+01 3.777e-03 4.781e-03
5.980e+01 4.983e-03 4.660e-03
5.990e+01 8.150e-03 3.473e-03
6.000e+01 7.719e-03 1.768e-03
6.010e+01 9.702e-03 -4.795e-04
6.020e+01 8.426e-03 1.531e-04
6.030e+01 7.614e-03 1.554e-03
6.040e+01 6.587e-03 -2.465e-03
6.050e+01 6.548e-03 -1.387e-03
6.060e+01 7.013e-03 3.667e-04
6.070e+01 8.291e-03 -4.106e-04
6.080e+01 7.581e-03 -1.290e-03
6.090e+01 9.416e-03 -1.061e-03
6.100e+01 7.881e-03 -2.865e-03
6.110e+01 1.123e-02 -1.137e-03
6.120e+01 1.101e-02 -2.804e-03
6.130e+01 1.083e-02 -3.964e-03
6.140e+01 9.597e-03 -2.510e-03
6.150e+01 7.443e-03 -1.712e-03
6.160e+01 7.640e-03 -3.117e-03
6.170e+01 6.534e-03 -1.269e-03
6.180e+01 7.008e-03 -3.061e-03
6.190e+01 8.767e-03 -4.889e-03
6.200e+01 7.644e-03 -3.965e-03
6.210e+01 5.499e-03 -2.663e-03
6.220e+01 4.799e-03 2.979e-04
6.230e+01 5.056e-03 5.068e-04
6.240e+01 5.146e-03 7.440e-04
6.250e+01 7.754e-03 1.466e-03
6.260e+01 8.407e-03 1.222e-03
6.270e+01 5.658e-03 1.471e-03
6.280e+01 5.583e-03 5.751e-03
6.290e+01 5.662e-03 7.579e-03
6.300e+01 4.319e-03 6.857e-03
6.310e+01 2.593e-03 7.619e-03
6.320e+01 1.566e-03 4.082e-03
6.330e+01 -1.832e-04 4.694e-03
6.340e+01 -4.329e-03 5.423e-03
6.350e+01 -5.713e-04 1.423e-02
6.360e+01 4.619e-04 9.327e-03
6.370e+01 2.967e-03 8.885e-03
6.380e+01 3.023e-03 4.107e-03
6.390e+01 4.166e-04 3.081e-03
6.400e+01 1.399e-03 1.949e-03
6.410e+01 1.960e-03 1.390e-03
6.420e+01 3.684e-03 2.333e-03
6.430e+01 2.475e-03 1.582e-03
6.440e+01 1.778e-03 1.476e-03
6.450e+01 3.132e-03 2.282e-03
6.460e+01 2.023e-03 2.524e-03
6.470e+01 2.775e-03 2.087e-03
6.480e+01 3.529e-03 3.179e-03
6.490e+01 3.173e-03 1.951e-03
6.500e+01 2.835e-03 1.947e-03
6.510e+01 3.723e-03 8.732e-04
6.520e+01 4.879e-03 -4.062e-04
6.530e+01 4.302e-03 -3.718e-04
6.540e+01 2.311e-03 -3.830e-03
6.550e+01 2.270e-03 -2.633e-03
6.560e+01 1.382e-03 -1.411e-03
6.570e+01 1.015e-04 -3.369e-03
6.580e+01 5.894e-04 -2.579e-03
6.590e+01 1.486e-03 -1.061e-03
6.600e+01 9.482e-04 9.905e-04
6.610e+01 4.603e-04 2.206e-03
6.620e+01 -3.687e-04 -5.288e-07
6.630e+01 1.069e-03 -6.912e-04
6.640e+01 1.790e-03 -1.786e-04
6.650e+01 2.199e-03 -1.784e-03
6.660e+01 1.698e-03 -9.547e-04
6.670e+01 2.492e-03 -1.970e-03
6.680e+01 2.972e-03 -2.122e-03
6.690e+01 4.211e-03 -1.151e-03
6.700e+01 3.251e-03 -1.595e-03
6.710e+01 1.877e-03 -1.005e-03
6.720e+01 2.760e-03 -1.840e-03
6.730e+01 4.681e-03 -2.672e-03
6.740e+01 4.952e-03 -2.983e-03
6.750e+01 2.449e-03 -4.588e-03
6.760e+01 1.624e-03 -4.256e-03
6.770e+01 8.494e-04 -3.929e-03
6.780e+01 -3.500e-04 -4.142e-03
6.790e+01 2.244e-03 -4.127e-03
6.800e+01 2.372e-03 -4.161e-03
6.810e+01 2.946e-03 -3.629e-03
6.820e+01 1.524e-03 -4.152e-03
6.830e+01 7.119e-04 -4.186e-03
6.840e+01 2.377e-03 -3.729e-03
6.850e+01 1.906e-03 -3.534e-03
6.860e+01 7.941e-04 -3.509e-03
6.870e+01 1.212e-03 -3.852e-03
6.880e+01 4.789e-04 -4.563e-03
6.890e+01 1.131e-04 -4.269e-03
6.900e+01 -1.871e-03 -4.745e-03
6.910e+01 2.899e-04 -4.884e-03
6.920e+01 -7.043e-04 -3.986e-03
6.930e+01 7.097e-06 -4.043e-03
6.940e+01 1.213e-03 -3.878e-03
6.950e+01 2.565e-03 -2.753e-03
6.960e+01 9.322e-04 -2.841e-03
6.970e+01 -1.649e-03 -4.431e-03
6.980e+01 -1.030e-03 -3.262e-03
6.990e+01 1.723e-03 -3.551e-03
7.000e+01 1.976e-03 -2.748e-03
7.010e+01 9.346e-04 -2.277e-03
7.020e+01 2.610e-03 -7.209e-04
7.030e+01 4.268e-03 -1.234e-03
7.040e+01 4.952e-03 -5.383e-04
7.050e+01 4.411e-03 -2.041e-03
7.060e+01 4.736e-03 -2.630e-03
7.070e+01 5.396e-03 -1.714e-03
7.080e+01 4.431e-03 -1.778e-03
7.090e+01 5.517e-03 -1.356e-03
7.100e+01 4.300e-03 -1.384e-03
7.110e+01 4.949e-03 -1.755e-03
7.120e+01 4.506e-03 -2.003e-03
7.130e+01 4.089e-03 -1.294e-03
7.140e+01 4.761e-03 1.481e-04
7.150e+01 5.088e-03 5.691e-04
7.160e+01 3.437e-03 2.443e-03
7.170e+01 3.592e-03 1.310e-03
7.180e+01 3.389e-03 2.818e-04
7.190e+01 3.926e-03 -1.243e-03
7.200e+01 3.730e-03 -1.316e-03
7.210e+01 5.426e-03 -1.982e-03
7.220e+01 5.447e-03 -9.253e-04
7.230e+01 5.871e-03 -4.042e-04
7.240e+01 5.605e-03 -6.750e-04
7.250e+01 6.355e-03 -3.608e-04
7.260e+01 7.343e-03 -6.421e-04
7.270e+01 7.649e-03 -2.234e-03
7.280e+01 7.546e-03 -1.840e-03
7.290e+01 5.282e-03 -9.285e-04
7.300e+01 5.986e-03 -2.161e-03
7.310e+01 5.855e-03 -2.218e-03
7.320e+01 4.244e-03 -3.121e-03
7.330e+01 4.306e-03 -3.661e-03
7.340e+01 4.457e-03 -3.717e-03
7.350e+01 5.411e-03 -4.053e-03
7.360e+01 4.313e-03 -2.700e-03
7.370e+01 2.814e-03 -2.269e-03
7.380e+01 3.233e-03 -2.297e-03
7.390e+01 4.104e-03 -3.305e-05
7.400e+01 3.516e-03 -1.372e-03
7.410e+01 4.354e-03 -1.826e-03
7.420e+01 5.087e-03 -2.565e-04
7.430e+01 5.342e-03 -3.645e-04
7.440e+01 4.544e-03 1.478e-04
7.450e+01 5.087e-03 -2.954e-04
7.460e+01 5.071e-03 -2.275e-04
7.470e+01 3.556e-03 1.346e-03
7.480e+01 2.054e-03 -4.477e-04
7.490e+01 3.408e-03 -1.895e-03
7.500e+01 3.147e-03 -7.457e-04
7.510e+01 7.019e-03 1.758e-03
7.520e+01 4.594e-03 1.124e-03
7.530e+01 4.865e-03 8.505e-04
7.540e+01 2.343e-03 -2.429e-03
7.550e+01 3.806e-03 -3.902e-03
7.560e+01 2.785e-03 -5.102e-03
7.570e+01 3.560e-03 -3.297e-03
7.580e+01 2.599e-03 -2.335e-03
7.590e+01 2.009e-03 -1.565e-04
7.600e+01 1.761e-03 2.452e-03
7.610e+01 -7.918e-04 3.070e-03
7.620e+01 -7.178e-04 1.235e-03
7.630e+01 2.882e-03 -2.615e-05
7.640e+01 3.208e-03 -8.248e-04
7.650e+01 3.843e-03 -3.834e-03
7.660e+01 3.236e-03 -2.934e-03
7.670e+01 2.715e-03 -2.438e-03
7.680e+01 1.966e-03 -1.911e-03
7.690e+01 2.392e-03 -2.474e-03
7.700e+01 1.341e-03 -4.788e-03
7.710e+01 2.706e-03 -3.349e-03
7.720e+01 2.854e-03 -1.833e-03
7.730e+01 1.114e-03 -3.363e-03
7.740e+01 9.875e-04 -2.264e-03
7.750e+01 -9.250e-04 -3.381e-03
7.760e+01 -3.987e-04 -2.248e-03
7.770e+01 3.439e-04 -9.410e-04
7.780e+01 -2.880e-04 -6.980e-04
7.790e+01 -1.496e-04 -8.330e-04
7.800e+01 -2.031e-03 -1.852e-03
7.810e+01 -7.959e-04 -3.851e-03
7.820e+01 6.093e-04 -3.938e-03
7.830e+01 2.029e-03 -2.762e-03
7.840e+01 1.656e-03 -2.986e-03
7.850e+01 3.424e-03 -4.737e-03
7.860e+01 2.903e-03 -3.737e-03
7.870e+01 2.869e-03 -1.845e-03
7.880e+01 2.626e-03 -3.550e-03
7.890e+01 1.006e-03 -4.381e-03
7.900e+01 5.903e-04 -4.111e-03
7.910e+01 1.397e-03 -2.456e-03
7.920e+01 1.125e-03 -5.024e-03
7.930e+01 1.011e-03 -3.844e-03
7.940e+01 -2.997e-04 -4.468e-03
7.950e+01 -5.262e-05 -3.630e-03
7.960e+01 -9.515e-04 -2.611e-03
7.970e+01 -1.481e-03 -3.231e-03
7.980e+01 -1.500e-03 -2.518e-03
7.990e+01 -2.139e-03 -2.133e-03
8.000e+01 -2.008e-03 -3.102e-03
8.010e+01 -2.747e-03 -2.873e-03
8.020e+01 -3.852e-03 -3.037e-03
8.030e+01 -3.397e-03 -2.689e-03
8.040e+01 -2.676e-03 -2.018e-03
8.050e+01 -4.136e-03 -2.240e-03
8.060e+01 -5.424e-03 -3.682e-03
8.070e+01 -3.765e-03 -4.193e-03
8.080e+01 -3.783e-03 -5.021e-03
8.090e+01 -2.976e-03 -4.439e-03
8.100e+01 -1.420e-03 -5.133e-03
8.110e+01 -1.007e-03 -4.376e-03
8.120e+01 -1.630e-03 -4.285e-03
8.130e+01 -1.958e-03 -3.135e-03
8.140e+01 -1.917e-03 -3.214e-03
8.150e+01 -1.629e-03 -1.762e-03
8.160e+01 -2.356e-03 -3.247e-03
8.170e+01 -2.179e-03 -3.809e-03
8.180e+01 -2.334e-03 -4.289e-03
8.190e+01 -1.310e-03 -3.075e-03
8.200e+01 -3.524e-03 -3.565e-03
8.210e+01 -3.447e-03 -2.954e-03
8.220e+01 -2.775e-03 -7.127e-04
8.230e+01 -2.637e-03 4.042e-04
8.240e+01 -2.716e-03 -1.169e-04
8.250e+01 -1.153e-03 2.635e-03
8.260e+01 -1.106e-03 2.951e-03
8.270e+01 -1.040e-03 3.481e-03
8.280e+01 -1.374e-03 2.792e-03
8.290e+01 -1.856e-03 4.003e-03
8.300e+01 -1.423e-03 3.048e-03
8.310e+01 -2.085e-03 3.225e-03
8.320e+01 -1.701e-03 3.399e-03
8.330e+01 -2.646e-03 3.779e-03
8.340e+01 -2.956e-03 4.178e-03
8.350e+01 -3.225e-03 2.942e-03
8.360e+01 -3.929e-03 3.146e-03
8.370e+01 -2.796e-03 7.609e-04
8.380e+01 -2.000e-03 -4.401e-04
8.390e+01 -2.333e-04 -2.167e-03
8.400e+01 -1.582e-03 -1.821e-03
8.410e+01 -2.425e-03 -1.954e-03
8.420e+01 -2.177e-03 -2.774e-03
8.430e+01 -1.446e-03 -1.832e-03
8.440e+01 -8.057e-05 -2.290e-03
8.450e+01 -4.854e-04 -7.812e-04
8.460e+01 -2.826e-04 -1.694e-03
8.470e+01 7.145e-04 -6.331e-04
8.480e+01 8.719e-04 1.192e-03
8.490e+01 1.898e-03 1.616e-03
8.500e+01 1.244e-03 -7.301e-04
8.510e+01 2.464e-03 -2.865e-03
8.520e+01 2.378e-03 -1.517e-03
8.530e+01 1.473e-04 -1.891e-03
8.540e+01 2.391e-03 -1.362e-03
8.550e+01 4.159e-03 -2.702e-03
8.560e+01 3.548e-03 -2.435e-03
8.570e+01 3.187e-03 -1.936e-03
8.580e+01 3.552e-03 -4.528e-03
8.590e+01 3.056e-03 -4.753e-03
8.600e+01 3.428e-03 -3.848e-03
8.610e+01 4.192e-03 -5.683e-03
8.620e+01 3.778e-03 -3.655e-03
8.630e+01 4.166e-03 -3.382e-03
8.640e+01 3.843e-03 -1.662e-03
8.650e+01 3.366e-03 -3.466e-03
8.660e+01 4.046e-03 -2.916e-03
8.670e+01 3.436e-03 -2.574e-03
8.680e+01 2.968e-03 -2.655e-03
8.690e+01 3.056e-03 -4.299e-03
8.700e+01 3.485e-03 -3.241e-03
8.710e+01 3.507e-03 -3.232e-03
8.720e+01 4.786e-03 -2.439e-03
8.730e+01 4.095e-03 -1.451e-03
8.740e+01 3.987e-03 -8.099e-04
8.750e+01 4.553e-03 -6.142e-04
8.760e+01 4.515e-03 -2.120e-03
8.770e+01 4.439e-03 -2.186e-03
8.780e+01 3.847e-03 -3.768e-03
8.790e+01 2.786e-03 -2.838e-03
8.800e+01 3.027e-03 -2.969e-03
8.810e+01 1.738e-03 -1.734e-03
8.820e+01 2.770e-03 -2.569e-03
8.830e+01 3.532e-03 -3.622e-03
8.840e+01 3.172e-03 -2.310e-03
8.850e+01 3.892e-03 -2.233e-03
8.860e+01 4.331e-03 -2.392e-03
8.870e+01 3.926e-03 -1.617e-03
8.880e+01 3.371e-03 -3.965e-04
8.890e+01 3.503e-03 -1.287e-03
8.900e+01 3.557e-03 -1.448e-03
8.910e+01 4.579e-03 -2.531e-03
8.920e+01 3.876e-03 -1.543e-03
8.930e+01 5.670e-03 -6.387e-04
8.940e+01 5.938e-03 -5.798e-04
8.950e+01 6.079e-03 -5.095e-04
8.960e+01 6.453e-03 -1.030e-03
8.970e+01 6.647e-03 -1.126e-03
8.980e+01 6.037e-03 -8.628e-04
8.990e+01 6.386e-03 -8.516e-04
9.000e+01 5.521e-03 -1.459e-03
9.010e+01 4.617e-03 -2.097e-03
9.020e+01 4.758e-03 -1.095e-03
9.030e+01 4.866e-03 -3.114e-04
9.040e+01 4.220e-03 -3.200e-04
9.050e+01 4.830e-03 -3.563e-04
9.060e+01 6.011e-03 -7.342e-04
9.070e+01 5.887e-03 -8.626e-04
9.080e+01 5.673e-03 -1.353e-03
9.090e+01 6.105e-03 -7.077e-04
9.100e+01 6.471e-03 -1.042e-03
9.110e+01 7.513e-03 -1.222e-03
9.120e+01 6.112e-03 -1.801e-03
9.130e+01 6.175e-03 -1.112e-03
9.140e+01 5.357e-03 -1.908e-04
9.150e+01 3.213e-03 -8.123e-04
9.160e+01 3.202e-03 -1.121e-03
9.170e+01 4.277e-03 -1.233e-03
9.180e+01 4.131e-03 -1.329e-03
9.190e+01 3.691e-03 -1.666e-03
9.200e+01 4.625e-03 -1.273e-03
9.210e+01 5.359e-03 -1.243e-03
9.220e+01 5.489e-03 -1.851e-03
9.230e+01 5.924e-03 -3.332e-03
9.240e+01 5.903e-03 -2.564e-03
9.250e+01 5.432e-03 -1.606e-03
9.260e+01 3.172e-03 -3.114e-03
9.270e+01 2.806e-03 -1.505e-03
9.280e+01 -4.130e-04 -3.208e-03
9.290e+01 2.564e-03 -2.943e-03
9.300e+01 1.776e-03 3.615e-04
9.310e+01 -4.701e-04 4.268e-03
9.320e+01 -1.861e-03 7.769e-04
9.330e+01 -7.003e-03 4.425e-03
9.340e+01 -4.172e-03 8.326e-03
9.350e+01 -2.204e-03 2.954e-03
9.360e+01 -5.178e-03 3.814e-03
9.370e+01 -4.229e-03 -1.428e-03
9.380e+01 -2.690e-03 -2.573e-03
9.390e+01 -1.166e-02 -1.459e-03
9.400e+01 -5.450e-03 -2.062e-03
9.410e+01 -7.279e-03 2.947e-03
9.420e+01 2.726e-03 3.387e-03
9.430e+01 1.167e-03 2.543e-03
9.440e+01 2.287e-03 6.411e-03
9.450e+01 2.473e-03 1.031e-02
9.460e+01 3.615e-03 9.264e-03
9.470e+01 5.557e-03 1.688e-02
9.480e+01 -1.468e-04 7.690e-03
9.490e+01 -1.523e-03 1.130e-02
9.500e+01 -3.866e-03 7.297e-03
9.510e+01 -7.849e-03 4.300e-03
9.520e+01 -9.650e-03 3.241e-03
9.530e+01 -9.921e-03 8.066e-03
9.540e+01 -5.907e-03 1.959e-03
9.550e+01 -7.802e-03 2.752e-03
9.560e+01 -3.537e-03 3.235e-03
9.570e+01 -5.273e-03 9.159e-03
9.580e+01 -3.813e-03 6.306e-03
9.590e+01 -8.058e-03 5.869e-03
9.600e+01 -4.236e-03 6.347e-03
9.610e+01 -1.255e-03 8.011e-03
9.620e+01 -7.059e-03 9.987e-03
9.630e+01 -5.407e-03 8.066e-03
9.640e+01 -4.647e-03 8.627e-03
9.650e+01 -7.054e-03 1.054e-02
9.660e+01 -8.409e-04 3.031e-03
9.670e+01 -4.922e-03 2.784e-03
9.680e+01 -5.019e-03 7.309e-03
9.690e+01 -5.426e-03 6.819e-03
9.700e+01 -8.854e-03 2.969e-03
9.710e+01 -5.178e-04 2.799e-03
9.720e+01 -6.221e-03 3.844e-03
9.730e+01 -7.184e-03 2.159e-03
9.740e+01 -4.541e-03 -1.782e-04
9.750e+01 -5.806e-03 5.559e-05
9.760e+01 -6.102e-03 1.820e-03
9.770e+01 -5.877e-03 -5.618e-04
9.780e+01 -4.160e-03 1.069e-03
9.790e+01 -2.653e-03 4.651e-03
9.800e+01 1.548e-03 7.185e-03
9.810e+01 1.007e-03 4.734e-03
9.820e+01 -7.891e-04 7.362e-03
9.830e+01 -6.745e-03 7.428e-03
9.840e+01 -3.668e-03 3.510e-03
9.850e+01 -9.667e-04 8.612e-03
9.860e+01 -1.031e-03 4.329e-03
9.870e+01 4.767e-03 9.051e-03
9.880e+01 3.893e-03 6.732e-03
9.890e+01 1.557e-03 8.239e-03
9.900e+01 4.070e-04 3.630e-03
9.910e+01 -4.630e-04 9.091e-03
9.920e+01 -2.511e-05 8.543e-03
9.930e+01 -2.134e-03 1.193e-02
9.940e+01 -2.433e-03 8.731e-03
9.950e+01 1.010e-04 7.326e-03
9.960e+01 5.293e-04 6.017e-03
9.970e+01 2.270e-03 5.271e-03
9.980e+01 5.694e-03 3.682e-03
9.990e+01 3.967e-03 2.402e-03
