# Frequency (1.0/ps)      real(fft(F_1))
0.000e+00 5.971e+01
1.000e-02 3.695e+01
2.000e-02 2.352e+01
3.000e-02 1.466e+01
4.000e-02 1.224e+01
5.000e-02 1.006e+01
6.000e-02 8.599e+00
7.000e-02 8.950e+00
8.000e-02 7.712e+00
9.000e-02 5.027e+00
1.000e-01 4.109e+00
1.100e-01 3.727e+00
1.200e-01 5.528e+00
1.300e-01 4.240e+00
1.400e-01 4.441e+00
1.500e-01 4.658e+00
1.600e-01 4.058e+00
1.700e-01 3.874e+00
1.800e-01 2.950e+00
1.900e-01 3.613e+00
2.000e-01 3.066e+00
2.100e-01 3.250e+00
2.200e-01 2.313e+00
2.300e-01 2.472e+00
2.400e-01 2.492e+00
2.500e-01 2.132e+00
2.600e-01 2.718e+00
2.700e-01 2.270e+00
2.800e-01 2.923e+00
2.900e-01 3.409e+00
3.000e-01 2.874e+00
3.100e-01 2.653e+00
3.200e-01 2.570e+00
3.300e-01 1.970e+00
3.400e-01 2.119e+00
3.500e-01 2.248e+00
3.600e-01 1.962e+00
3.700e-01 1.628e+00
3.800e-01 1.710e+00
3.900e-01 1.443e+00
4.000e-01 1.335e+00
4.100e-01 1.219e+00
4.200e-01 1.466e+00
4.300e-01 1.440e+00
4.400e-01 5.427e-01
4.500e-01 6.009e-01
4.600e-01 5.025e-01
4.700e-01 1.170e+00
4.800e-01 1.070e+00
4.900e-01 8.657e-01
5.000e-01 8.215e-01
5.100e-01 1.055e+00
5.200e-01 1.000e+00
5.300e-01 4.886e-01
5.400e-01 8.944e-01
5.500e-01 1.009e+00
5.600e-01 9.941e-01
5.700e-01 5.905e-01
5.800e-01 6.150e-01
5.900e-01 6.599e-01
6.000e-01 9.330e-01
6.100e-01 1.124e+00
6.200e-01 7.123e-01
6.300e-01 6.363e-01
6.400e-01 7.296e-01
6.500e-01 7.059e-01
6.600e-01 5.856e-01
6.700e-01 6.550e-01
6.800e-01 1.121e+00
6.900e-01 9.051e-01
7.000e-01 7.676e-01
7.100e-01 3.511e-01
7.200e-01 2.464e-01
7.300e-01 6.992e-01
7.400e-01 8.356e-01
7.500e-01 2.475e-01
7.600e-01 -3.634e-01
7.700e-01 -9.307e-02
7.800e-01 1.493e-01
7.900e-01 2.053e-01
8.000e-01 3.438e-01
8.100e-01 3.302e-01
8.200e-01 2.094e-01
8.300e-01 6.365e-01
8.400e-01 6.284e-01
8.500e-01 6.842e-01
8.600e-01 5.804e-01
8.700e-01 5.747e-01
8.800e-01 5.297e-01
8.900e-01 5.956e-01
9.000e-01 5.988e-01
9.100e-01 4.739e-01
9.200e-01 7.825e-01
9.300e-01 3.837e-01
9.400e-01 3.674e-01
9.500e-01 2.448e-01
9.600e-01 1.619e-01
9.700e-01 2.637e-01
9.800e-01 2.730e-01
9.900e-01 4.201e-01
1.000e+00 3.074e-01
1.010e+00 5.025e-01
1.020e+00 2.384e-01
1.030e+00 1.336e-01
1.040e+00 -3.642e-02
1.050e+00 1.806e-01
1.060e+00 1.585e-01
1.070e+00 3.111e-02
1.080e+00 4.623e-01
1.090e+00 3.112e-01
1.100e+00 4.032e-01
1.110e+00 4.221e-01
1.120e+00 5.098e-01
1.130e+00 6.312e-01
1.140e+00 4.762e-01
1.150e+00 5.251e-01
1.160e+00 5.065e-01
1.170e+00 1.860e-01
1.180e+00 9.363e-02
1.190e+00 1.824e-01
1.200e+00 4.644e-01
1.210e+00 4.032e-01
1.220e+00 6.982e-01
1.230e+00 4.563e-01
1.240e+00 7.089e-01
1.250e+00 1.008e+00
1.260e+00 8.295e-01
1.270e+00 7.435e-01
1.280e+00 5.366e-01
1.290e+00 4.090e-01
1.300e+00 7.051e-01
1.310e+00 8.652e-01
1.320e+00 3.854e-01
1.330e+00 7.243e-01
1.340e+00 5.712e-01
1.350e+00 7.477e-01
1.360e+00 9.935e-01
1.370e+00 7.862e-01
1.380e+00 9.010e-01
1.390e+00 6.649e-01
1.400e+00 5.291e-01
1.410e+00 5.276e-01
1.420e+00 8.216e-01
1.430e+00 7.195e-01
1.440e+00 7.145e-01
1.450e+00 2.634e-01
1.460e+00 2.801e-01
1.470e+00 4.841e-01
1.480e+00 8.148e-01
1.490e+00 8.503e-01
1.500e+00 6.876e-01
1.510e+00 5.120e-01
1.520e+00 7.176e-01
1.530e+00 1.111e+00
1.540e+00 1.115e+00
1.550e+00 1.074e+00
1.560e+00 8.258e-01
1.570e+00 7.291e-01
1.580e+00 5.733e-01
1.590e+00 4.492e-01
1.600e+00 3.953e-01
1.610e+00 5.179e-01
1.620e+00 5.956e-01
1.630e+00 7.744e-01
1.640e+00 6.363e-01
1.650e+00 8.039e-01
1.660e+00 9.019e-01
1.670e+00 8.004e-01
1.680e+00 6.116e-01
1.690e+00 3.954e-01
1.700e+00 6.169e-01
1.710e+00 7.020e-01
1.720e+00 7.969e-01
1.730e+00 7.874e-01
1.740e+00 6.990e-01
1.750e+00 5.603e-01
1.760e+00 8.138e-01
1.770e+00 8.356e-01
1.780e+00 8.260e-01
1.790e+00 9.008e-01
1.800e+00 9.200e-01
1.810e+00 7.619e-01
1.820e+00 8.134e-01
1.830e+00 9.508e-01
1.840e+00 1.116e+00
1.850e+00 1.044e+00
1.860e+00 8.550e-01
1.870e+00 7.311e-01
1.880e+00 7.680e-01
1.890e+00 9.121e-01
1.900e+00 9.175e-01
1.910e+00 9.133e-01
1.920e+00 7.411e-01
1.930e+00 7.064e-01
1.940e+00 7.492e-01
1.950e+00 6.240e-01
1.960e+00 6.240e-01
1.970e+00 5.200e-01
1.980e+00 5.407e-01
1.990e+00 4.829e-01
2.000e+00 5.641e-01
2.010e+00 5.152e-01
2.020e+00 4.923e-01
2.030e+00 5.894e-01
2.040e+00 6.282e-01
2.050e+00 7.466e-01
2.060e+00 4.779e-01
2.070e+00 4.584e-01
2.080e+00 4.376e-01
2.090e+00 4.336e-01
2.100e+00 5.267e-01
2.110e+00 5.244e-01
2.120e+00 4.748e-01
2.130e+00 5.217e-01
2.140e+00 5.666e-01
2.150e+00 6.568e-01
2.160e+00 7.108e-01
2.170e+00 6.909e-01
2.180e+00 7.189e-01
2.190e+00 6.002e-01
2.200e+00 7.821e-01
2.210e+00 9.685e-01
2.220e+00 8.917e-01
2.230e+00 7.426e-01
2.240e+00 6.302e-01
2.250e+00 4.992e-01
2.260e+00 7.410e-01
2.270e+00 7.261e-01
2.280e+00 5.406e-01
2.290e+00 3.888e-01
2.300e+00 5.719e-01
2.310e+00 6.162e-01
2.320e+00 5.404e-01
2.330e+00 4.669e-01
2.340e+00 3.407e-01
2.350e+00 5.746e-01
2.360e+00 6.063e-01
2.370e+00 7.594e-01
2.380e+00 8.776e-01
2.390e+00 7.592e-01
2.400e+00 6.499e-01
2.410e+00 3.926e-01
2.420e+00 4.802e-01
2.430e+00 7.363e-01
2.440e+00 7.903e-01
2.450e+00 7.251e-01
2.460e+00 8.836e-01
2.470e+00 6.637e-01
2.480e+00 6.488e-01
2.490e+00 5.362e-01
2.500e+00 4.277e-01
2.510e+00 5.511e-01
2.520e+00 3.411e-01
2.530e+00 3.294e-01
2.540e+00 4.183e-01
2.550e+00 5.815e-01
2.560e+00 5.532e-01
2.570e+00 4.092e-01
2.580e+00 1.506e-01
2.590e+00 1.859e-01
2.600e+00 2.848e-01
2.610e+00 3.958e-01
2.620e+00 4.120e-01
2.630e+00 3.144e-01
2.640e+00 2.652e-01
2.650e+00 3.399e-01
2.660e+00 4.114e-01
2.670e+00 5.163e-01
2.680e+00 6.598e-01
2.690e+00 5.252e-01
2.700e+00 4.134e-01
2.710e+00 5.303e-01
2.720e+00 4.454e-01
2.730e+00 4.084e-01
2.740e+00 4.152e-01
2.750e+00 4.065e-01
2.760e+00 5.185e-01
2.770e+00 4.391e-01
2.780e+00 5.011e-01
2.790e+00 3.176e-01
2.800e+00 2.725e-01
2.810e+00 2.237e-01
2.820e+00 3.280e-01
2.830e+00 5.135e-01
2.840e+00 6.233e-01
2.850e+00 5.714e-01
2.860e+00 6.035e-01
2.870e+00 5.975e-01
2.880e+00 5.266e-01
2.890e+00 7.673e-01
2.900e+00 8.466e-01
2.910e+00 7.829e-01
2.920e+00 6.002e-01
2.930e+00 6.222e-01
2.940e+00 5.416e-01
2.950e+00 6.063e-01
2.960e+00 5.228e-01
2.970e+00 4.839e-01
2.980e+00 6.182e-01
2.990e+00 6.929e-01
3.000e+00 8.228e-01
3.010e+00 7.081e-01
3.020e+00 6.103e-01
3.030e+00 5.580e-01
3.040e+00 5.249e-01
3.050e+00 5.982e-01
3.060e+00 7.035e-01
3.070e+00 6.749e-01
3.080e+00 6.335e-01
3.090e+00 5.275e-01
3.100e+00 4.056e-01
3.110e+00 4.968e-01
3.120e+00 4.690e-01
3.130e+00 6.532e-01
3.140e+00 6.408e-01
3.150e+00 6.456e-01
3.160e+00 7.039e-01
3.170e+00 8.143e-01
3.180e+00 8.326e-01
3.190e+00 6.855e-01
3.200e+00 5.754e-01
3.210e+00 5.643e-01
3.220e+00 6.123e-01
3.230e+00 5.872e-01
3.240e+00 5.617e-01
3.250e+00 6.793e-01
3.260e+00 6.433e-01
3.270e+00 5.870e-01
3.280e+00 5.267e-01
3.290e+00 4.323e-01
3.300e+00 5.586e-01
3.310e+00 5.398e-01
3.320e+00 5.128e-01
3.330e+00 4.038e-01
3.340e+00 3.876e-01
3.350e+00 3.786e-01
3.360e+00 4.405e-01
3.370e+00 4.273e-01
3.380e+00 5.208e-01
3.390e+00 6.363e-01
3.400e+00 5.734e-01
3.410e+00 6.254e-01
3.420e+00 5.157e-01
3.430e+00 5.024e-01
3.440e+00 5.170e-01
3.450e+00 4.227e-01
3.460e+00 3.412e-01
3.470e+00 3.086e-01
3.480e+00 3.526e-01
3.490e+00 5.816e-01
3.500e+00 7.130e-01
3.510e+00 5.882e-01
3.520e+00 6.437e-01
3.530e+00 5.138e-01
3.540e+00 5.338e-01
3.550e+00 5.161e-01
3.560e+00 4.493e-01
3.570e+00 3.882e-01
3.580e+00 3.305e-01
3.590e+00 4.810e-01
3.600e+00 6.918e-01
3.610e+00 7.023e-01
3.620e+00 5.742e-01
3.630e+00 3.773e-01
3.640e+00 4.420e-01
3.650e+00 5.545e-01
3.660e+00 5.574e-01
3.670e+00 5.863e-01
3.680e+00 5.089e-01
3.690e+00 4.391e-01
3.700e+00 4.658e-01
3.710e+00 4.233e-01
3.720e+00 4.885e-01
3.730e+00 4.901e-01
3.740e+00 3.497e-01
3.750e+00 3.672e-01
3.760e+00 2.716e-01
3.770e+00 3.914e-01
3.780e+00 3.848e-01
3.790e+00 4.413e-01
3.800e+00 3.864e-01
3.810e+00 3.899e-01
3.820e+00 5.026e-01
3.830e+00 5.198e-01
3.840e+00 5.173e-01
3.850e+00 3.389e-01
3.860e+00 2.775e-01
3.870e+00 1.437e-01
3.880e+00 2.278e-01
3.890e+00 1.560e-01
3.900e+00 1.429e-01
3.910e+00 1.854e-01
3.920e+00 3.307e-01
3.930e+00 3.884e-01
3.940e+00 5.392e-01
3.950e+00 5.727e-01
3.960e+00 3.815e-01
3.970e+00 3.927e-01
3.980e+00 3.396e-01
3.990e+00 5.234e-01
4.000e+00 5.598e-01
4.010e+00 4.371e-01
4.020e+00 4.129e-01
4.030e+00 2.053e-01
4.040e+00 2.773e-01
4.050e+00 4.370e-01
4.060e+00 4.714e-01
4.070e+00 3.881e-01
4.080e+00 2.347e-01
4.090e+00 9.564e-02
4.100e+00 1.758e-01
4.110e+00 3.666e-01
4.120e+00 5.422e-01
4.130e+00 4.998e-01
4.140e+00 3.688e-01
4.150e+00 2.932e-01
4.160e+00 3.390e-01
4.170e+00 3.627e-01
4.180e+00 2.502e-01
4.190e+00 3.169e-01
4.200e+00 1.882e-01
4.210e+00 2.557e-01
4.220e+00 2.478e-01
4.230e+00 3.651e-01
4.240e+00 4.940e-01
4.250e+00 4.113e-01
4.260e+00 3.112e-01
4.270e+00 4.068e-01
4.280e+00 4.599e-01
4.290e+00 4.652e-01
4.300e+00 4.888e-01
4.310e+00 3.524e-01
4.320e+00 3.069e-01
4.330e+00 3.506e-01
4.340e+00 3.500e-01
4.350e+00 4.021e-01
4.360e+00 3.590e-01
4.370e+00 3.638e-01
4.380e+00 3.592e-01
4.390e+00 3.090e-01
4.400e+00 4.465e-01
4.410e+00 4.573e-01
4.420e+00 4.391e-01
4.430e+00 3.898e-01
4.440e+00 3.701e-01
4.450e+00 5.004e-01
4.460e+00 5.384e-01
4.470e+00 4.970e-01
4.480e+00 4.827e-01
4.490e+00 5.295e-01
4.500e+00 5.745e-01
4.510e+00 5.468e-01
4.520e+00 5.096e-01
4.530e+00 4.366e-01
4.540e+00 4.640e-01
4.550e+00 5.071e-01
4.560e+00 4.878e-01
4.570e+00 5.221e-01
4.580e+00 4.764e-01
4.590e+00 5.533e-01
4.600e+00 5.074e-01
4.610e+00 5.364e-01
4.620e+00 4.977e-01
4.630e+00 5.075e-01
4.640e+00 6.817e-01
4.650e+00 5.952e-01
4.660e+00 6.720e-01
4.670e+00 5.548e-01
4.680e+00 5.966e-01
4.690e+00 4.860e-01
4.700e+00 4.435e-01
4.710e+00 4.244e-01
4.720e+00 5.858e-01
4.730e+00 5.954e-01
4.740e+00 5.167e-01
4.750e+00 5.497e-01
4.760e+00 4.815e-01
4.770e+00 4.698e-01
4.780e+00 4.328e-01
4.790e+00 3.765e-01
4.800e+00 3.459e-01
4.810e+00 5.380e-01
4.820e+00 5.996e-01
4.830e+00 5.927e-01
4.840e+00 4.824e-01
4.850e+00 5.530e-01
4.860e+00 5.127e-01
4.870e+00 5.683e-01
4.880e+00 5.059e-01
4.890e+00 5.400e-01
4.900e+00 5.633e-01
4.910e+00 5.457e-01
4.920e+00 6.602e-01
4.930e+00 6.175e-01
4.940e+00 7.323e-01
4.950e+00 5.135e-01
4.960e+00 3.759e-01
4.970e+00 3.334e-01
4.980e+00 3.759e-01
4.990e+00 4.584e-01
-5.000e+00 5.333e-01
-4.990e+00 4.632e-01
-4.980e+00 4.245e-01
-4.970e+00 4.599e-01
-4.960e+00 5.223e-01
-4.950e+00 5.085e-01
-4.940e+00 7.168e-01
-4.930e+00 6.368e-01
-4.920e+00 6.566e-01
-4.910e+00 7.331e-01
-4.900e+00 6.333e-01
-4.890e+00 6.211e-01
-4.880e+00 5.220e-01
-4.870e+00 6.147e-01
-4.860e+00 8.075e-01
-4.850e+00 8.084e-01
-4.840e+00 6.502e-01
-4.830e+00 5.948e-01
-4.820e+00 5.731e-01
-4.810e+00 5.733e-01
-4.800e+00 5.138e-01
-4.790e+00 4.915e-01
-4.780e+00 6.168e-01
-4.770e+00 5.925e-01
-4.760e+00 5.863e-01
-4.750e+00 5.919e-01
-4.740e+00 5.713e-01
-4.730e+00 5.582e-01
-4.720e+00 4.523e-01
-4.710e+00 3.680e-01
-4.700e+00 3.283e-01
-4.690e+00 3.119e-01
-4.680e+00 4.495e-01
-4.670e+00 5.141e-01
-4.660e+00 5.489e-01
-4.650e+00 5.146e-01
-4.640e+00 5.599e-01
-4.630e+00 6.313e-01
-4.620e+00 5.769e-01
-4.610e+00 5.211e-01
-4.600e+00 5.344e-01
-4.590e+00 5.951e-01
-4.580e+00 5.853e-01
-4.570e+00 4.600e-01
-4.560e+00 3.711e-01
-4.550e+00 4.579e-01
-4.540e+00 5.479e-01
-4.530e+00 5.350e-01
-4.520e+00 5.831e-01
-4.510e+00 6.262e-01
-4.500e+00 7.159e-01
-4.490e+00 6.880e-01
-4.480e+00 6.973e-01
-4.470e+00 6.853e-01
-4.460e+00 5.702e-01
-4.450e+00 5.811e-01
-4.440e+00 5.568e-01
-4.430e+00 5.307e-01
-4.420e+00 4.021e-01
-4.410e+00 3.075e-01
-4.400e+00 3.866e-01
-4.390e+00 4.554e-01
-4.380e+00 5.579e-01
-4.370e+00 6.451e-01
-4.360e+00 6.257e-01
-4.350e+00 6.892e-01
-4.340e+00 6.481e-01
-4.330e+00 5.341e-01
-4.320e+00 5.688e-01
-4.310e+00 5.417e-01
-4.300e+00 5.833e-01
-4.290e+00 5.455e-01
-4.280e+00 5.836e-01
-4.270e+00 5.232e-01
-4.260e+00 5.355e-01
-4.250e+00 5.168e-01
-4.240e+00 5.700e-01
-4.230e+00 5.890e-01
-4.220e+00 5.601e-01
-4.210e+00 5.032e-01
-4.200e+00 5.709e-01
-4.190e+00 4.404e-01
-4.180e+00 3.279e-01
-4.170e+00 4.067e-01
-4.160e+00 3.683e-01
-4.150e+00 3.988e-01
-4.140e+00 4.411e-01
-4.130e+00 4.897e-01
-4.120e+00 4.902e-01
-4.110e+00 4.304e-01
-4.100e+00 2.847e-01
-4.090e+00 2.758e-01
-4.080e+00 2.490e-01
-4.070e+00 3.238e-01
-4.060e+00 3.716e-01
-4.050e+00 2.843e-01
-4.040e+00 3.199e-01
-4.030e+00 3.316e-01
-4.020e+00 2.915e-01
-4.010e+00 3.581e-01
-4.000e+00 3.156e-01
-3.990e+00 3.264e-01
-3.980e+00 1.940e-01
-3.970e+00 3.455e-01
-3.960e+00 4.383e-01
-3.950e+00 5.933e-01
-3.940e+00 5.454e-01
-3.930e+00 4.945e-01
-3.920e+00 3.596e-01
-3.910e+00 2.639e-01
-3.900e+00 4.643e-01
-3.890e+00 5.064e-01
-3.880e+00 5.339e-01
-3.870e+00 5.194e-01
-3.860e+00 5.162e-01
-3.850e+00 5.115e-01
-3.840e+00 6.645e-01
-3.830e+00 5.777e-01
-3.820e+00 5.313e-01
-3.810e+00 4.521e-01
-3.800e+00 3.253e-01
-3.790e+00 3.477e-01
-3.780e+00 2.866e-01
-3.770e+00 3.946e-01
-3.760e+00 4.001e-01
-3.750e+00 4.428e-01
-3.740e+00 4.607e-01
-3.730e+00 5.731e-01
-3.720e+00 6.446e-01
-3.710e+00 5.788e-01
-3.700e+00 5.705e-01
-3.690e+00 6.313e-01
-3.680e+00 6.529e-01
-3.670e+00 5.772e-01
-3.660e+00 6.164e-01
-3.650e+00 5.652e-01
-3.640e+00 6.932e-01
-3.630e+00 8.401e-01
-3.620e+00 7.881e-01
-3.610e+00 7.969e-01
-3.600e+00 7.379e-01
-3.590e+00 6.904e-01
-3.580e+00 5.973e-01
-3.570e+00 6.701e-01
-3.560e+00 6.819e-01
-3.550e+00 6.612e-01
-3.540e+00 6.559e-01
-3.530e+00 4.663e-01
-3.520e+00 3.866e-01
-3.510e+00 3.806e-01
-3.500e+00 4.146e-01
-3.490e+00 4.245e-01
-3.480e+00 3.234e-01
-3.470e+00 3.288e-01
-3.460e+00 3.954e-01
-3.450e+00 3.508e-01
-3.440e+00 4.875e-01
-3.430e+00 5.830e-01
-3.420e+00 5.813e-01
-3.410e+00 6.593e-01
-3.400e+00 6.279e-01
-3.390e+00 5.974e-01
-3.380e+00 4.764e-01
-3.370e+00 3.862e-01
-3.360e+00 4.276e-01
-3.350e+00 4.971e-01
-3.340e+00 4.508e-01
-3.330e+00 5.065e-01
-3.320e+00 4.310e-01
-3.310e+00 5.791e-01
-3.300e+00 6.490e-01
-3.290e+00 4.854e-01
-3.280e+00 6.590e-01
-3.270e+00 6.724e-01
-3.260e+00 6.505e-01
-3.250e+00 6.384e-01
-3.240e+00 6.500e-01
-3.230e+00 4.736e-01
-3.220e+00 4.530e-01
-3.210e+00 4.534e-01
-3.200e+00 5.658e-01
-3.190e+00 6.458e-01
-3.180e+00 6.289e-01
-3.170e+00 6.176e-01
-3.160e+00 5.929e-01
-3.150e+00 6.541e-01
-3.140e+00 6.050e-01
-3.130e+00 5.918e-01
-3.120e+00 4.715e-01
-3.110e+00 4.653e-01
-3.100e+00 4.973e-01
-3.090e+00 6.042e-01
-3.080e+00 7.071e-01
-3.070e+00 5.954e-01
-3.060e+00 5.895e-01
-3.050e+00 4.979e-01
-3.040e+00 5.631e-01
-3.030e+00 6.777e-01
-3.020e+00 6.638e-01
-3.010e+00 6.454e-01
-3.000e+00 6.146e-01
-2.990e+00 4.992e-01
-2.980e+00 4.319e-01
-2.970e+00 4.278e-01
-2.960e+00 3.963e-01
-2.950e+00 4.765e-01
-2.940e+00 5.857e-01
-2.930e+00 7.764e-01
-2.920e+00 7.232e-01
-2.910e+00 5.786e-01
-2.900e+00 5.572e-01
-2.890e+00 4.266e-01
-2.880e+00 3.413e-01
-2.870e+00 4.458e-01
-2.860e+00 4.743e-01
-2.850e+00 3.591e-01
-2.840e+00 3.555e-01
-2.830e+00 2.923e-01
-2.820e+00 2.321e-01
-2.810e+00 2.897e-01
-2.800e+00 6.086e-01
-2.790e+00 6.073e-01
-2.780e+00 8.069e-01
-2.770e+00 5.432e-01
-2.760e+00 7.390e-01
-2.750e+00 6.648e-01
-2.740e+00 6.248e-01
-2.730e+00 5.936e-01
-2.720e+00 5.821e-01
-2.710e+00 6.043e-01
-2.700e+00 6.432e-01
-2.690e+00 5.751e-01
-2.680e+00 4.157e-01
-2.670e+00 5.618e-01
-2.660e+00 5.102e-01
-2.650e+00 6.799e-01
-2.640e+00 7.107e-01
-2.630e+00 6.550e-01
-2.620e+00 8.509e-01
-2.610e+00 7.359e-01
-2.600e+00 5.824e-01
-2.590e+00 5.285e-01
-2.580e+00 6.127e-01
-2.570e+00 5.973e-01
-2.560e+00 6.132e-01
-2.550e+00 5.899e-01
-2.540e+00 4.618e-01
-2.530e+00 5.232e-01
-2.520e+00 6.324e-01
-2.510e+00 7.176e-01
-2.500e+00 7.448e-01
-2.490e+00 5.802e-01
-2.480e+00 5.683e-01
-2.470e+00 7.345e-01
-2.460e+00 7.266e-01
-2.450e+00 6.819e-01
-2.440e+00 5.392e-01
-2.430e+00 5.231e-01
-2.420e+00 5.569e-01
-2.410e+00 4.045e-01
-2.400e+00 4.753e-01
-2.390e+00 5.465e-01
-2.380e+00 6.032e-01
-2.370e+00 6.672e-01
-2.360e+00 7.020e-01
-2.350e+00 7.942e-01
-2.340e+00 8.613e-01
-2.330e+00 6.147e-01
-2.320e+00 6.891e-01
-2.310e+00 7.785e-01
-2.300e+00 5.755e-01
-2.290e+00 7.674e-01
-2.280e+00 7.330e-01
-2.270e+00 6.354e-01
-2.260e+00 5.332e-01
-2.250e+00 6.499e-01
-2.240e+00 5.736e-01
-2.230e+00 8.390e-01
-2.220e+00 6.979e-01
-2.210e+00 7.364e-01
-2.200e+00 7.485e-01
-2.190e+00 7.582e-01
-2.180e+00 8.140e-01
-2.170e+00 7.781e-01
-2.160e+00 7.173e-01
-2.150e+00 5.324e-01
-2.140e+00 5.776e-01
-2.130e+00 4.772e-01
-2.120e+00 5.617e-01
-2.110e+00 5.239e-01
-2.100e+00 5.163e-01
-2.090e+00 3.275e-01
-2.080e+00 2.660e-01
-2.070e+00 2.917e-01
-2.060e+00 2.340e-01
-2.050e+00 4.665e-01
-2.040e+00 7.326e-01
-2.030e+00 6.554e-01
-2.020e+00 4.817e-01
-2.010e+00 3.683e-01
-2.000e+00 3.324e-01
-1.990e+00 3.808e-01
-1.980e+00 6.934e-01
-1.970e+00 6.631e-01
-1.960e+00 5.902e-01
-1.950e+00 4.767e-01
-1.940e+00 3.109e-01
-1.930e+00 5.988e-01
-1.920e+00 6.311e-01
-1.910e+00 6.953e-01
-1.900e+00 6.436e-01
-1.890e+00 4.516e-01
-1.880e+00 2.705e-01
-1.870e+00 5.317e-01
-1.860e+00 7.677e-01
-1.850e+00 5.507e-01
-1.840e+00 8.184e-01
-1.830e+00 7.475e-01
-1.820e+00 9.065e-01
-1.810e+00 1.161e+00
-1.800e+00 8.640e-01
-1.790e+00 8.427e-01
-1.780e+00 5.995e-01
-1.770e+00 7.071e-01
-1.760e+00 1.014e+00
-1.750e+00 8.315e-01
-1.740e+00 6.920e-01
-1.730e+00 6.238e-01
-1.720e+00 8.897e-01
-1.710e+00 9.093e-01
-1.700e+00 8.587e-01
-1.690e+00 6.006e-01
-1.680e+00 8.197e-01
-1.670e+00 7.673e-01
-1.660e+00 9.722e-01
-1.650e+00 9.533e-01
-1.640e+00 8.772e-01
-1.630e+00 8.403e-01
-1.620e+00 7.511e-01
-1.610e+00 4.847e-01
-1.600e+00 7.753e-01
-1.590e+00 8.683e-01
-1.580e+00 5.866e-01
-1.570e+00 5.744e-01
-1.560e+00 4.660e-01
-1.550e+00 5.266e-01
-1.540e+00 5.012e-01
-1.530e+00 4.125e-01
-1.520e+00 3.571e-01
-1.510e+00 1.662e-01
-1.500e+00 2.552e-01
-1.490e+00 3.978e-01
-1.480e+00 6.777e-01
-1.470e+00 6.879e-01
-1.460e+00 6.997e-01
-1.450e+00 6.642e-01
-1.440e+00 1.012e+00
-1.430e+00 9.478e-01
-1.420e+00 7.887e-01
-1.410e+00 5.649e-01
-1.400e+00 5.383e-01
-1.390e+00 5.782e-01
-1.380e+00 7.866e-01
-1.370e+00 6.268e-01
-1.360e+00 4.767e-01
-1.350e+00 5.464e-01
-1.340e+00 4.627e-01
-1.330e+00 5.598e-01
-1.320e+00 5.911e-01
-1.310e+00 7.476e-01
-1.300e+00 6.255e-01
-1.290e+00 4.055e-01
-1.280e+00 5.595e-01
-1.270e+00 8.142e-01
-1.260e+00 1.070e+00
-1.250e+00 1.221e+00
-1.240e+00 1.179e+00
-1.230e+00 1.014e+00
-1.220e+00 9.317e-01
-1.210e+00 9.591e-01
-1.200e+00 8.153e-01
-1.190e+00 8.831e-01
-1.180e+00 8.922e-01
-1.170e+00 9.238e-01
-1.160e+00 8.542e-01
-1.150e+00 7.052e-01
-1.140e+00 9.671e-01
-1.130e+00 8.672e-01
-1.120e+00 8.476e-01
-1.110e+00 4.433e-01
-1.100e+00 2.323e-01
-1.090e+00 1.854e-01
-1.080e+00 5.831e-01
-1.070e+00 6.729e-01
-1.060e+00 4.780e-01
-1.050e+00 6.855e-01
-1.040e+00 6.600e-01
-1.030e+00 1.142e+00
-1.020e+00 1.400e+00
-1.010e+00 8.842e-01
-1.000e+00 8.283e-01
-9.900e-01 9.199e-01
-9.800e-01 6.149e-01
-9.700e-01 8.252e-01
-9.600e-01 8.558e-01
-9.500e-01 6.796e-01
-9.400e-01 6.782e-01
-9.300e-01 8.102e-01
-9.200e-01 9.735e-01
-9.100e-01 1.035e+00
-9.000e-01 9.672e-01
-8.900e-01 9.777e-01
-8.800e-01 5.423e-01
-8.700e-01 7.607e-01
-8.600e-01 7.702e-01
-8.500e-01 5.151e-01
-8.400e-01 4.668e-01
-8.300e-01 -6.358e-02
-8.200e-01 -1.115e-01
-8.100e-01 1.789e-02
-8.000e-01 1.114e-01
-7.900e-01 -9.500e-02
-7.800e-01 2.997e-01
-7.700e-01 2.837e-01
-7.600e-01 7.274e-01
-7.500e-01 9.771e-01
-7.400e-01 1.336e+00
-7.300e-01 1.217e+00
-7.200e-01 1.297e+00
-7.100e-01 1.059e+00
-7.000e-01 9.079e-01
-6.900e-01 7.923e-01
-6.800e-01 3.060e-01
-6.700e-01 5.419e-01
-6.600e-01 1.355e-01
-6.500e-01 2.689e-01
-6.400e-01 4.481e-01
-6.300e-01 4.168e-01
-6.200e-01 3.074e-01
-6.100e-01 6.411e-01
-6.000e-01 6.739e-01
-5.900e-01 8.840e-01
-5.800e-01 8.116e-01
-5.700e-01 1.360e-01
-5.600e-01 2.032e-01
-5.500e-01 4.360e-01
-5.400e-01 3.661e-01
-5.300e-01 2.540e-01
-5.200e-01 4.661e-01
-5.100e-01 3.515e-01
-5.000e-01 5.228e-01
-4.900e-01 5.063e-01
-4.800e-01 1.028e+00
-4.700e-01 7.480e-01
-4.600e-01 6.620e-01
-4.500e-01 5.493e-01
-4.400e-01 5.218e-01
-4.300e-01 1.275e+00
-4.200e-01 1.837e+00
-4.100e-01 1.744e+00
-4.000e-01 1.362e+00
-3.900e-01 1.527e+00
-3.800e-01 1.136e+00
-3.700e-01 1.482e+00
-3.600e-01 1.769e+00
-3.500e-01 2.185e+00
-3.400e-01 2.730e+00
-3.300e-01 1.734e+00
-3.200e-01 1.228e+00
-3.100e-01 8.952e-01
-3.000e-01 1.816e+00
-2.900e-01 2.028e+00
-2.800e-01 2.000e+00
-2.700e-01 2.102e+00
-2.600e-01 1.393e+00
-2.500e-01 2.359e+00
-2.400e-01 1.542e+00
-2.300e-01 1.998e+00
-2.200e-01 1.643e+00
-2.100e-01 1.957e+00
-2.000e-01 1.904e+00
-1.900e-01 2.243e+00
-1.800e-01 2.643e+00
-1.700e-01 3.280e+00
-1.600e-01 3.466e+00
-1.500e-01 3.982e+00
-1.400e-01 3.628e+00
-1.300e-01 4.370e+00
-1.200e-01 6.368e+00
-1.100e-01 5.984e+00
-1.000e-01 5.506e+00
-9.000e-02 5.339e+00
-8.000e-02 5.174e+00
-7.000e-02 8.264e+00
-6.000e-02 9.364e+00
-5.000e-02 1.013e+01
-4.000e-02 9.358e+00
-3.000e-02 1.548e+01
-2.000e-02 2.204e+01
-1.000e-02 3.573e+01
