# Frequency (1.0/ps)      real(fft(F_0))
0.000e+00 5.122e+01
1.000e-02 3.657e+01
2.000e-02 2.480e+01
3.000e-02 1.859e+01
4.000e-02 1.533e+01
5.000e-02 1.104e+01
6.000e-02 9.912e+00
7.000e-02 9.760e+00
8.000e-02 7.331e+00
9.000e-02 7.604e+00
1.000e-01 6.563e+00
1.100e-01 5.901e+00
1.200e-01 5.239e+00
1.300e-01 5.410e+00
1.400e-01 6.550e+00
1.500e-01 5.717e+00
1.600e-01 5.053e+00
1.700e-01 4.044e+00
1.800e-01 3.858e+00
1.900e-01 2.618e+00
2.000e-01 2.199e+00
2.100e-01 1.584e+00
2.200e-01 1.570e+00
2.300e-01 1.486e+00
2.400e-01 2.008e+00
2.500e-01 2.018e+00
2.600e-01 1.271e+00
2.700e-01 1.039e+00
2.800e-01 1.550e+00
2.900e-01 1.677e+00
3.000e-01 9.088e-01
3.100e-01 7.801e-01
3.200e-01 9.945e-01
3.300e-01 3.616e-01
3.400e-01 2.434e-01
3.500e-01 7.802e-01
3.600e-01 7.561e-01
3.700e-01 8.088e-01
3.800e-01 1.113e+00
3.900e-01 1.084e+00
4.000e-01 9.850e-01
4.100e-01 9.690e-01
4.200e-01 8.121e-01
4.300e-01 6.969e-01
4.400e-01 1.301e+00
4.500e-01 8.338e-01
4.600e-01 9.654e-01
4.700e-01 3.657e-01
4.800e-01 4.296e-01
4.900e-01 7.414e-01
5.000e-01 7.773e-01
5.100e-01 1.004e+00
5.200e-01 1.149e+00
5.300e-01 1.439e+00
5.400e-01 1.295e+00
5.500e-01 1.358e+00
5.600e-01 9.371e-01
5.700e-01 8.942e-01
5.800e-01 8.974e-01
5.900e-01 9.387e-01
6.000e-01 8.494e-01
6.100e-01 8.756e-01
6.200e-01 8.017e-01
6.300e-01 9.296e-01
6.400e-01 1.447e+00
6.500e-01 1.473e+00
6.600e-01 9.889e-01
6.700e-01 1.053e+00
6.800e-01 1.298e+00
6.900e-01 1.385e+00
7.000e-01 1.036e+00
7.100e-01 7.969e-01
7.200e-01 6.528e-01
7.300e-01 4.685e-01
7.400e-01 7.274e-01
7.500e-01 9.088e-01
7.600e-01 7.444e-01
7.700e-01 6.621e-01
7.800e-01 9.690e-01
7.900e-01 1.262e+00
8.000e-01 1.255e+00
8.100e-01 9.826e-01
8.200e-01 7.463e-01
8.300e-01 6.624e-01
8.400e-01 6.606e-01
8.500e-01 3.518e-01
8.600e-01 2.319e-01
8.700e-01 4.583e-01
8.800e-01 3.099e-01
8.900e-01 3.125e-01
9.000e-01 3.045e-01
9.100e-01 2.653e-01
9.200e-01 5.079e-01
9.300e-01 1.873e-01
9.400e-01 -1.335e-02
9.500e-01 -2.901e-01
9.600e-01 9.102e-02
9.700e-01 4.478e-02
9.800e-01 2.123e-01
9.900e-01 4.103e-01
1.000e+00 2.080e-01
1.010e+00 3.123e-01
1.020e+00 6.106e-01
1.030e+00 6.140e-01
1.040e+00 5.874e-01
1.050e+00 4.826e-01
1.060e+00 6.166e-01
1.070e+00 5.171e-01
1.080e+00 3.136e-01
1.090e+00 6.492e-01
1.100e+00 6.055e-01
1.110e+00 7.138e-01
1.120e+00 6.345e-01
1.130e+00 8.624e-01
1.140e+00 1.004e+00
1.150e+00 8.288e-01
1.160e+00 6.631e-01
1.170e+00 6.799e-01
1.180e+00 6.349e-01
1.190e+00 4.455e-01
1.200e+00 3.269e-01
1.210e+00 1.245e-01
1.220e+00 3.262e-01
1.230e+00 3.114e-01
1.240e+00 4.671e-01
1.250e+00 4.127e-01
1.260e+00 4.215e-01
1.270e+00 4.907e-01
1.280e+00 9.427e-02
1.290e+00 2.430e-01
1.300e+00 3.506e-01
1.310e+00 2.547e-01
1.320e+00 1.506e-01
1.330e+00 2.098e-01
1.340e+00 3.850e-01
1.350e+00 5.065e-01
1.360e+00 3.902e-01
1.370e+00 3.665e-01
1.380e+00 5.828e-01
1.390e+00 6.454e-01
1.400e+00 4.640e-01
1.410e+00 2.037e-01
1.420e+00 -1.366e-02
1.430e+00 2.242e-01
1.440e+00 8.864e-02
1.450e+00 3.940e-01
1.460e+00 4.683e-01
1.470e+00 4.114e-01
1.480e+00 5.311e-01
1.490e+00 6.607e-01
1.500e+00 6.149e-01
1.510e+00 8.231e-01
1.520e+00 9.958e-01
1.530e+00 9.959e-01
1.540e+00 9.403e-01
1.550e+00 6.503e-01
1.560e+00 7.926e-01
1.570e+00 8.757e-01
1.580e+00 6.577e-01
1.590e+00 3.630e-01
1.600e+00 9.917e-02
1.610e+00 1.522e-02
1.620e+00 1.566e-01
1.630e+00 3.897e-01
1.640e+00 4.081e-01
1.650e+00 5.915e-01
1.660e+00 6.455e-01
1.670e+00 5.519e-01
1.680e+00 7.860e-01
1.690e+00 7.937e-01
1.700e+00 6.352e-01
1.710e+00 5.389e-01
1.720e+00 5.183e-01
1.730e+00 4.738e-01
1.740e+00 5.697e-01
1.750e+00 5.879e-01
1.760e+00 4.779e-01
1.770e+00 4.928e-01
1.780e+00 5.115e-01
1.790e+00 6.060e-01
1.800e+00 6.369e-01
1.810e+00 4.507e-01
1.820e+00 6.483e-01
1.830e+00 6.253e-01
1.840e+00 7.490e-01
1.850e+00 9.167e-01
1.860e+00 1.007e+00
1.870e+00 1.009e+00
1.880e+00 8.626e-01
1.890e+00 7.095e-01
1.900e+00 5.975e-01
1.910e+00 6.401e-01
1.920e+00 4.315e-01
1.930e+00 3.569e-01
1.940e+00 3.995e-01
1.950e+00 4.481e-01
1.960e+00 4.846e-01
1.970e+00 3.046e-01
1.980e+00 5.163e-01
1.990e+00 4.162e-01
2.000e+00 6.618e-01
2.010e+00 7.934e-01
2.020e+00 7.715e-01
2.030e+00 7.902e-01
2.040e+00 7.314e-01
2.050e+00 6.355e-01
2.060e+00 4.933e-01
2.070e+00 3.793e-01
2.080e+00 4.583e-01
2.090e+00 5.026e-01
2.100e+00 3.693e-01
2.110e+00 4.327e-01
2.120e+00 6.021e-01
2.130e+00 5.616e-01
2.140e+00 6.379e-01
2.150e+00 8.493e-01
2.160e+00 6.979e-01
2.170e+00 6.794e-01
2.180e+00 5.938e-01
2.190e+00 5.984e-01
2.200e+00 7.099e-01
2.210e+00 7.288e-01
2.220e+00 8.291e-01
2.230e+00 8.205e-01
2.240e+00 4.922e-01
2.250e+00 4.951e-01
2.260e+00 5.338e-01
2.270e+00 4.003e-01
2.280e+00 5.330e-01
2.290e+00 4.816e-01
2.300e+00 5.626e-01
2.310e+00 5.926e-01
2.320e+00 5.096e-01
2.330e+00 5.549e-01
2.340e+00 5.589e-01
2.350e+00 5.588e-01
2.360e+00 4.765e-01
2.370e+00 4.608e-01
2.380e+00 4.006e-01
2.390e+00 4.377e-01
2.400e+00 5.023e-01
2.410e+00 5.017e-01
2.420e+00 6.386e-01
2.430e+00 5.558e-01
2.440e+00 3.315e-01
2.450e+00 4.597e-01
2.460e+00 5.550e-01
2.470e+00 3.762e-01
2.480e+00 4.999e-01
2.490e+00 5.274e-01
2.500e+00 5.000e-01
2.510e+00 3.722e-01
2.520e+00 4.654e-01
2.530e+00 6.018e-01
2.540e+00 6.282e-01
2.550e+00 6.332e-01
2.560e+00 6.680e-01
2.570e+00 6.779e-01
2.580e+00 6.416e-01
2.590e+00 8.207e-01
2.600e+00 7.763e-01
2.610e+00 9.045e-01
2.620e+00 8.605e-01
2.630e+00 9.323e-01
2.640e+00 9.550e-01
2.650e+00 9.230e-01
2.660e+00 8.577e-01
2.670e+00 7.669e-01
2.680e+00 8.469e-01
2.690e+00 8.806e-01
2.700e+00 8.084e-01
2.710e+00 6.256e-01
2.720e+00 5.614e-01
2.730e+00 7.101e-01
2.740e+00 7.693e-01
2.750e+00 7.614e-01
2.760e+00 7.602e-01
2.770e+00 6.970e-01
2.780e+00 7.310e-01
2.790e+00 7.789e-01
2.800e+00 8.473e-01
2.810e+00 7.219e-01
2.820e+00 5.311e-01
2.830e+00 5.352e-01
2.840e+00 4.682e-01
2.850e+00 4.539e-01
2.860e+00 3.152e-01
2.870e+00 1.590e-01
2.880e+00 6.153e-02
2.890e+00 1.825e-01
2.900e+00 1.983e-01
2.910e+00 3.220e-01
2.920e+00 4.038e-01
2.930e+00 4.081e-01
2.940e+00 2.921e-01
2.950e+00 1.291e-01
2.960e+00 2.671e-01
2.970e+00 2.278e-01
2.980e+00 3.352e-01
2.990e+00 2.719e-01
3.000e+00 3.710e-01
3.010e+00 3.981e-01
3.020e+00 5.415e-01
3.030e+00 5.275e-01
3.040e+00 4.033e-01
3.050e+00 3.585e-01
3.060e+00 4.658e-01
3.070e+00 5.109e-01
3.080e+00 4.341e-01
3.090e+00 4.887e-01
3.100e+00 6.420e-01
3.110e+00 6.265e-01
3.120e+00 3.971e-01
3.130e+00 5.273e-01
3.140e+00 5.382e-01
3.150e+00 4.960e-01
3.160e+00 5.767e-01
3.170e+00 4.806e-01
3.180e+00 4.763e-01
3.190e+00 4.478e-01
3.200e+00 3.109e-01
3.210e+00 2.751e-01
3.220e+00 2.695e-01
3.230e+00 2.958e-01
3.240e+00 2.856e-01
3.250e+00 1.980e-01
3.260e+00 4.204e-01
3.270e+00 4.251e-01
3.280e+00 4.677e-01
3.290e+00 5.375e-01
3.300e+00 6.217e-01
3.310e+00 6.011e-01
3.320e+00 5.959e-01
3.330e+00 6.671e-01
3.340e+00 5.520e-01
3.350e+00 5.381e-01
3.360e+00 4.087e-01
3.370e+00 4.849e-01
3.380e+00 4.775e-01
3.390e+00 2.997e-01
3.400e+00 3.094e-01
3.410e+00 2.162e-01
3.420e+00 3.497e-01
3.430e+00 4.684e-01
3.440e+00 5.094e-01
3.450e+00 5.836e-01
3.460e+00 8.046e-01
3.470e+00 7.281e-01
3.480e+00 7.712e-01
3.490e+00 8.312e-01
3.500e+00 6.447e-01
3.510e+00 7.302e-01
3.520e+00 6.129e-01
3.530e+00 6.904e-01
3.540e+00 5.549e-01
3.550e+00 6.449e-01
3.560e+00 8.058e-01
3.570e+00 6.758e-01
3.580e+00 6.381e-01
3.590e+00 7.372e-01
3.600e+00 8.242e-01
3.610e+00 6.559e-01
3.620e+00 6.825e-01
3.630e+00 7.971e-01
3.640e+00 9.192e-01
3.650e+00 8.030e-01
3.660e+00 6.801e-01
3.670e+00 8.144e-01
3.680e+00 7.969e-01
3.690e+00 7.616e-01
3.700e+00 6.464e-01
3.710e+00 6.170e-01
3.720e+00 6.437e-01
3.730e+00 5.421e-01
3.740e+00 4.495e-01
3.750e+00 5.565e-01
3.760e+00 6.932e-01
3.770e+00 5.674e-01
3.780e+00 4.830e-01
3.790e+00 6.460e-01
3.800e+00 5.468e-01
3.810e+00 5.127e-01
3.820e+00 4.283e-01
3.830e+00 5.188e-01
3.840e+00 5.138e-01
3.850e+00 4.481e-01
3.860e+00 3.468e-01
3.870e+00 2.762e-01
3.880e+00 3.564e-01
3.890e+00 2.673e-01
3.900e+00 4.417e-01
3.910e+00 3.809e-01
3.920e+00 3.104e-01
3.930e+00 2.938e-01
3.940e+00 2.750e-01
3.950e+00 3.914e-01
3.960e+00 4.126e-01
3.970e+00 2.664e-01
3.980e+00 1.833e-01
3.990e+00 2.404e-01
4.000e+00 2.784e-01
4.010e+00 3.304e-01
4.020e+00 4.552e-01
4.030e+00 4.353e-01
4.040e+00 4.717e-01
4.050e+00 3.528e-01
4.060e+00 3.891e-01
4.070e+00 3.927e-01
4.080e+00 3.936e-01
4.090e+00 4.322e-01
4.100e+00 3.227e-01
4.110e+00 3.893e-01
4.120e+00 4.985e-01
4.130e+00 4.300e-01
4.140e+00 5.008e-01
4.150e+00 5.210e-01
4.160e+00 6.073e-01
4.170e+00 6.429e-01
4.180e+00 6.884e-01
4.190e+00 7.259e-01
4.200e+00 6.215e-01
4.210e+00 5.355e-01
4.220e+00 4.092e-01
4.230e+00 6.118e-01
4.240e+00 4.953e-01
4.250e+00 5.726e-01
4.260e+00 6.176e-01
4.270e+00 5.570e-01
4.280e+00 6.229e-01
4.290e+00 6.411e-01
4.300e+00 8.203e-01
4.310e+00 7.039e-01
4.320e+00 5.499e-01
4.330e+00 4.199e-01
4.340e+00 3.753e-01
4.350e+00 3.461e-01
4.360e+00 4.982e-01
4.370e+00 3.089e-01
4.380e+00 2.724e-01
4.390e+00 3.867e-01
4.400e+00 2.281e-01
4.410e+00 2.679e-01
4.420e+00 2.888e-01
4.430e+00 3.865e-01
4.440e+00 3.056e-01
4.450e+00 3.699e-01
4.460e+00 4.146e-01
4.470e+00 4.755e-01
4.480e+00 3.810e-01
4.490e+00 3.796e-01
4.500e+00 4.974e-01
4.510e+00 3.939e-01
4.520e+00 4.000e-01
4.530e+00 4.316e-01
4.540e+00 3.677e-01
4.550e+00 4.090e-01
4.560e+00 3.750e-01
4.570e+00 2.991e-01
4.580e+00 4.296e-01
4.590e+00 5.464e-01
4.600e+00 6.524e-01
4.610e+00 6.361e-01
4.620e+00 6.623e-01
4.630e+00 6.901e-01
4.640e+00 6.951e-01
4.650e+00 7.002e-01
4.660e+00 6.729e-01
4.670e+00 7.301e-01
4.680e+00 5.753e-01
4.690e+00 5.092e-01
4.700e+00 4.162e-01
4.710e+00 3.995e-01
4.720e+00 3.358e-01
4.730e+00 3.282e-01
4.740e+00 2.478e-01
4.750e+00 3.753e-01
4.760e+00 5.881e-01
4.770e+00 4.969e-01
4.780e+00 5.422e-01
4.790e+00 6.031e-01
4.800e+00 7.347e-01
4.810e+00 6.511e-01
4.820e+00 6.855e-01
4.830e+00 7.383e-01
4.840e+00 6.830e-01
4.850e+00 5.610e-01
4.860e+00 4.869e-01
4.870e+00 5.533e-01
4.880e+00 3.797e-01
4.890e+00 4.576e-01
4.900e+00 4.196e-01
4.910e+00 5.401e-01
4.920e+00 6.987e-01
4.930e+00 6.803e-01
4.940e+00 7.580e-01
4.950e+00 6.766e-01
4.960e+00 7.143e-01
4.970e+00 7.925e-01
4.980e+00 6.932e-01
4.990e+00 6.787e-01
-5.000e+00 8.064e-01
-4.990e+00 6.787e-01
-4.980e+00 6.932e-01
-4.970e+00 7.925e-01
-4.960e+00 7.143e-01
-4.950e+00 6.766e-01
-4.940e+00 7.580e-01
-4.930e+00 6.803e-01
-4.920e+00 6.987e-01
-4.910e+00 5.401e-01
-4.900e+00 4.196e-01
-4.890e+00 4.576e-01
-4.880e+00 3.797e-01
-4.870e+00 5.533e-01
-4.860e+00 4.869e-01
-4.850e+00 5.610e-01
-4.840e+00 6.830e-01
-4.830e+00 7.383e-01
-4.820e+00 6.855e-01
-4.810e+00 6.511e-01
-4.800e+00 7.347e-01
-4.790e+00 6.031e-01
-4.780e+00 5.422e-01
-4.770e+00 4.969e-01
-4.760e+00 5.881e-01
-4.750e+00 3.753e-01
-4.740e+00 2.478e-01
-4.730e+00 3.282e-01
-4.720e+00 3.358e-01
-4.710e+00 3.995e-01
-4.700e+00 4.162e-01
-4.690e+00 5.092e-01
-4.680e+00 5.753e-01
-4.670e+00 7.301e-01
-4.660e+00 6.729e-01
-4.650e+00 7.002e-01
-4.640e+00 6.951e-01
-4.630e+00 6.901e-01
-4.620e+00 6.623e-01
-4.610e+00 6.361e-01
-4.600e+00 6.524e-01
-4.590e+00 5.464e-01
-4.580e+00 4.296e-01
-4.570e+00 2.991e-01
-4.560e+00 3.750e-01
-4.550e+00 4.090e-01
-4.540e+00 3.677e-01
-4.530e+00 4.316e-01
-4.520e+00 4.000e-01
-4.510e+00 3.939e-01
-4.500e+00 4.974e-01
-4.490e+00 3.796e-01
-4.480e+00 3.810e-01
-4.470e+00 4.755e-01
-4.460e+00 4.146e-01
-4.450e+00 3.699e-01
-4.440e+00 3.056e-01
-4.430e+00 3.865e-01
-4.420e+00 2.888e-01
-4.410e+00 2.679e-01
-4.400e+00 2.281e-01
-4.390e+00 3.867e-01
-4.380e+00 2.724e-01
-4.370e+00 3.089e-01
-4.360e+00 4.982e-01
-4.350e+00 3.461e-01
-4.340e+00 3.753e-01
-4.330e+00 4.199e-01
-4.320e+00 5.499e-01
-4.310e+00 7.039e-01
-4.300e+00 8.203e-01
-4.290e+00 6.411e-01
-4.280e+00 6.229e-01
-4.270e+00 5.570e-01
-4.260e+00 6.176e-01
-4.250e+00 5.726e-01
-4.240e+00 4.953e-01
-4.230e+00 6.118e-01
-4.220e+00 4.092e-01
-4.210e+00 5.355e-01
-4.200e+00 6.215e-01
-4.190e+00 7.259e-01
-4.180e+00 6.884e-01
-4.170e+00 6.429e-01
-4.160e+00 6.073e-01
-4.150e+00 5.210e-01
-4.140e+00 5.008e-01
-4.130e+00 4.300e-01
-4.120e+00 4.985e-01
-4.110e+00 3.893e-01
-4.100e+00 3.227e-01
-4.090e+00 4.322e-01
-4.080e+00 3.936e-01
-4.070e+00 3.927e-01
-4.060e+00 3.891e-01
-4.050e+00 3.528e-01
-4.040e+00 4.717e-01
-4.030e+00 4.353e-01
-4.020e+00 4.552e-01
-4.010e+00 3.304e-01
-4.000e+00 2.784e-01
-3.990e+00 2.404e-01
-3.980e+00 1.833e-01
-3.970e+00 2.664e-01
-3.960e+00 4.126e-01
-3.950e+00 3.914e-01
-3.940e+00 2.750e-01
-3.930e+00 2.938e-01
-3.920e+00 3.104e-01
-3.910e+00 3.809e-01
-3.900e+00 4.417e-01
-3.890e+00 2.673e-01
-3.880e+00 3.564e-01
-3.870e+00 2.762e-01
-3.860e+00 3.468e-01
-3.850e+00 4.481e-01
-3.840e+00 5.138e-01
-3.830e+00 5.188e-01
-3.820e+00 4.283e-01
-3.810e+00 5.127e-01
-3.800e+00 5.468e-01
-3.790e+00 6.460e-01
-3.780e+00 4.830e-01
-3.770e+00 5.674e-01
-3.760e+00 6.932e-01
-3.750e+00 5.565e-01
-3.740e+00 4.495e-01
-3.730e+00 5.421e-01
-3.720e+00 6.437e-01
-3.710e+00 6.170e-01
-3.700e+00 6.464e-01
-3.690e+00 7.616e-01
-3.680e+00 7.969e-01
-3.670e+00 8.144e-01
-3.660e+00 6.801e-01
-3.650e+00 8.030e-01
-3.640e+00 9.192e-01
-3.630e+00 7.971e-01
-3.620e+00 6.825e-01
-3.610e+00 6.559e-01
-3.600e+00 8.242e-01
-3.590e+00 7.372e-01
-3.580e+00 6.381e-01
-3.570e+00 6.758e-01
-3.560e+00 8.058e-01
-3.550e+00 6.449e-01
-3.540e+00 5.549e-01
-3.530e+00 6.904e-01
-3.520e+00 6.129e-01
-3.510e+00 7.302e-01
-3.500e+00 6.447e-01
-3.490e+00 8.312e-01
-3.480e+00 7.712e-01
-3.470e+00 7.281e-01
-3.460e+00 8.046e-01
-3.450e+00 5.836e-01
-3.440e+00 5.094e-01
-3.430e+00 4.684e-01
-3.420e+00 3.497e-01
-3.410e+00 2.162e-01
-3.400e+00 3.094e-01
-3.390e+00 2.997e-01
-3.380e+00 4.775e-01
-3.370e+00 4.849e-01
-3.360e+00 4.087e-01
-3.350e+00 5.381e-01
-3.340e+00 5.520e-01
-3.330e+00 6.671e-01
-3.320e+00 5.959e-01
-3.310e+00 6.011e-01
-3.300e+00 6.217e-01
-3.290e+00 5.375e-01
-3.280e+00 4.677e-01
-3.270e+00 4.251e-01
-3.260e+00 4.204e-01
-3.250e+00 1.980e-01
-3.240e+00 2.856e-01
-3.230e+00 2.958e-01
-3.220e+00 2.695e-01
-3.210e+00 2.751e-01
-3.200e+00 3.109e-01
-3.190e+00 4.478e-01
-3.180e+00 4.763e-01
-3.170e+00 4.806e-01
-3.160e+00 5.767e-01
-3.150e+00 4.960e-01
-3.140e+00 5.382e-01
-3.130e+00 5.273e-01
-3.120e+00 3.971e-01
-3.110e+00 6.265e-01
-3.100e+00 6.420e-01
-3.090e+00 4.887e-01
-3.080e+00 4.341e-01
-3.070e+00 5.109e-01
-3.060e+00 4.658e-01
-3.050e+00 3.585e-01
-3.040e+00 4.033e-01
-3.030e+00 5.275e-01
-3.020e+00 5.415e-01
-3.010e+00 3.981e-01
-3.000e+00 3.710e-01
-2.990e+00 2.719e-01
-2.980e+00 3.352e-01
-2.970e+00 2.278e-01
-2.960e+00 2.671e-01
-2.950e+00 1.291e-01
-2.940e+00 2.921e-01
-2.930e+00 4.081e-01
-2.920e+00 4.038e-01
-2.910e+00 3.220e-01
-2.900e+00 1.983e-01
-2.890e+00 1.825e-01
-2.880e+00 6.153e-02
-2.870e+00 1.590e-01
-2.860e+00 3.152e-01
-2.850e+00 4.539e-01
-2.840e+00 4.682e-01
-2.830e+00 5.352e-01
-2.820e+00 5.311e-01
-2.810e+00 7.219e-01
-2.800e+00 8.473e-01
-2.790e+00 7.789e-01
-2.780e+00 7.310e-01
-2.770e+00 6.970e-01
-2.760e+00 7.602e-01
-2.750e+00 7.614e-01
-2.740e+00 7.693e-01
-2.730e+00 7.101e-01
-2.720e+00 5.614e-01
-2.710e+00 6.256e-01
-2.700e+00 8.084e-01
-2.690e+00 8.806e-01
-2.680e+00 8.469e-01
-2.670e+00 7.669e-01
-2.660e+00 8.577e-01
-2.650e+00 9.230e-01
-2.640e+00 9.550e-01
-2.630e+00 9.323e-01
-2.620e+00 8.605e-01
-2.610e+00 9.045e-01
-2.600e+00 7.763e-01
-2.590e+00 8.207e-01
-2.580e+00 6.416e-01
-2.570e+00 6.779e-01
-2.560e+00 6.680e-01
-2.550e+00 6.332e-01
-2.540e+00 6.282e-01
-2.530e+00 6.018e-01
-2.520e+00 4.654e-01
-2.510e+00 3.722e-01
-2.500e+00 5.000e-01
-2.490e+00 5.274e-01
-2.480e+00 4.999e-01
-2.470e+00 3.762e-01
-2.460e+00 5.550e-01
-2.450e+00 4.597e-01
-2.440e+00 3.315e-01
-2.430e+00 5.558e-01
-2.420e+00 6.386e-01
-2.410e+00 5.017e-01
-2.400e+00 5.023e-01
-2.390e+00 4.377e-01
-2.380e+00 4.006e-01
-2.370e+00 4.608e-01
-2.360e+00 4.765e-01
-2.350e+00 5.588e-01
-2.340e+00 5.589e-01
-2.330e+00 5.549e-01
-2.320e+00 5.096e-01
-2.310e+00 5.926e-01
-2.300e+00 5.626e-01
-2.290e+00 4.816e-01
-2.280e+00 5.330e-01
-2.270e+00 4.003e-01
-2.260e+00 5.338e-01
-2.250e+00 4.951e-01
-2.240e+00 4.922e-01
-2.230e+00 8.205e-01
-2.220e+00 8.291e-01
-2.210e+00 7.288e-01
-2.200e+00 7.099e-01
-2.190e+00 5.984e-01
-2.180e+00 5.938e-01
-2.170e+00 6.794e-01
-2.160e+00 6.979e-01
-2.150e+00 8.493e-01
-2.140e+00 6.379e-01
-2.130e+00 5.616e-01
-2.120e+00 6.021e-01
-2.110e+00 4.327e-01
-2.100e+00 3.693e-01
-2.090e+00 5.026e-01
-2.080e+00 4.583e-01
-2.070e+00 3.793e-01
-2.060e+00 4.933e-01
-2.050e+00 6.355e-01
-2.040e+00 7.314e-01
-2.030e+00 7.902e-01
-2.020e+00 7.715e-01
-2.010e+00 7.934e-01
-2.000e+00 6.618e-01
-1.990e+00 4.162e-01
-1.980e+00 5.163e-01
-1.970e+00 3.046e-01
-1.960e+00 4.846e-01
-1.950e+00 4.481e-01
-1.940e+00 3.995e-01
-1.930e+00 3.569e-01
-1.920e+00 4.315e-01
-1.910e+00 6.401e-01
-1.900e+00 5.975e-01
-1.890e+00 7.095e-01
-1.880e+00 8.626e-01
-1.870e+00 1.009e+00
-1.860e+00 1.007e+00
-1.850e+00 9.167e-01
-1.840e+00 7.490e-01
-1.830e+00 6.253e-01
-1.820e+00 6.483e-01
-1.810e+00 4.507e-01
-1.800e+00 6.369e-01
-1.790e+00 6.060e-01
-1.780e+00 5.115e-01
-1.770e+00 4.928e-01
-1.760e+00 4.779e-01
-1.750e+00 5.879e-01
-1.740e+00 5.697e-01
-1.730e+00 4.738e-01
-1.720e+00 5.183e-01
-1.710e+00 5.389e-01
-1.700e+00 6.352e-01
-1.690e+00 7.937e-01
-1.680e+00 7.860e-01
-1.670e+00 5.519e-01
-1.660e+00 6.455e-01
-1.650e+00 5.915e-01
-1.640e+00 4.081e-01
-1.630e+00 3.897e-01
-1.620e+00 1.566e-01
-1.610e+00 1.522e-02
-1.600e+00 9.917e-02
-1.590e+00 3.630e-01
-1.580e+00 6.577e-01
-1.570e+00 8.757e-01
-1.560e+00 7.926e-01
-1.550e+00 6.503e-01
-1.540e+00 9.403e-01
-1.530e+00 9.959e-01
-1.520e+00 9.958e-01
-1.510e+00 8.231e-01
-1.500e+00 6.149e-01
-1.490e+00 6.607e-01
-1.480e+00 5.311e-01
-1.470e+00 4.114e-01
-1.460e+00 4.683e-01
-1.450e+00 3.940e-01
-1.440e+00 8.864e-02
-1.430e+00 2.242e-01
-1.420e+00 -1.366e-02
-1.410e+00 2.037e-01
-1.400e+00 4.640e-01
-1.390e+00 6.454e-01
-1.380e+00 5.828e-01
-1.370e+00 3.665e-01
-1.360e+00 3.902e-01
-1.350e+00 5.065e-01
-1.340e+00 3.850e-01
-1.330e+00 2.098e-01
-1.320e+00 1.506e-01
-1.310e+00 2.547e-01
-1.300e+00 3.506e-01
-1.290e+00 2.430e-01
-1.280e+00 9.427e-02
-1.270e+00 4.907e-01
-1.260e+00 4.215e-01
-1.250e+00 4.127e-01
-1.240e+00 4.671e-01
-1.230e+00 3.114e-01
-1.220e+00 3.262e-01
-1.210e+00 1.245e-01
-1.200e+00 3.269e-01
-1.190e+00 4.455e-01
-1.180e+00 6.349e-01
-1.170e+00 6.799e-01
-1.160e+00 6.631e-01
-1.150e+00 8.288e-01
-1.140e+00 1.004e+00
-1.130e+00 8.624e-01
-1.120e+00 6.345e-01
-1.110e+00 7.138e-01
-1.100e+00 6.055e-01
-1.090e+00 6.492e-01
-1.080e+00 3.136e-01
-1.070e+00 5.171e-01
-1.060e+00 6.166e-01
-1.050e+00 4.826e-01
-1.040e+00 5.874e-01
-1.030e+00 6.140e-01
-1.020e+00 6.106e-01
-1.010e+00 3.123e-01
-1.000e+00 2.080e-01
-9.900e-01 4.103e-01
-9.800e-01 2.123e-01
-9.700e-01 4.478e-02
-9.600e-01 9.102e-02
-9.500e-01 -2.901e-01
-9.400e-01 -1.335e-02
-9.300e-01 1.873e-01
-9.200e-01 5.079e-01
-9.100e-01 2.653e-01
-9.000e-01 3.045e-01
-8.900e-01 3.125e-01
-8.800e-01 3.099e-01
-8.700e-01 4.583e-01
-8.600e-01 2.319e-01
-8.500e-01 3.518e-01
-8.400e-01 6.606e-01
-8.300e-01 6.624e-01
-8.200e-01 7.463e-01
-8.100e-01 9.826e-01
-8.000e-01 1.255e+00
-7.900e-01 1.262e+00
-7.800e-01 9.690e-01
-7.700e-01 6.621e-01
-7.600e-01 7.444e-01
-7.500e-01 9.088e-01
-7.400e-01 7.274e-01
-7.300e-01 4.685e-01
-7.200e-01 6.528e-01
-7.100e-01 7.969e-01
-7.000e-01 1.036e+00
-6.900e-01 1.385e+00
-6.800e-01 1.298e+00
-6.700e-01 1.053e+00
-6.600e-01 9.889e-01
-6.500e-01 1.473e+00
-6.400e-01 1.447e+00
-6.300e-01 9.296e-01
-6.200e-01 8.017e-01
-6.100e-01 8.756e-01
-6.000e-01 8.494e-01
-5.900e-01 9.387e-01
-5.800e-01 8.974e-01
-5.700e-01 8.942e-01
-5.600e-01 9.371e-01
-5.500e-01 1.358e+00
-5.400e-01 1.295e+00
-5.300e-01 1.439e+00
-5.200e-01 1.149e+00
-5.100e-01 1.004e+00
-5.000e-01 7.773e-01
-4.900e-01 7.414e-01
-4.800e-01 4.296e-01
-4.700e-01 3.657e-01
-4.600e-01 9.654e-01
-4.500e-01 8.338e-01
-4.400e-01 1.301e+00
-4.300e-01 6.969e-01
-4.200e-01 8.121e-01
-4.100e-01 9.690e-01
-4.000e-01 9.850e-01
-3.900e-01 1.084e+00
-3.800e-01 1.113e+00
-3.700e-01 8.088e-01
-3.600e-01 7.561e-01
-3.500e-01 7.802e-01
-3.400e-01 2.434e-01
-3.300e-01 3.616e-01
-3.200e-01 9.945e-01
-3.100e-01 7.801e-01
-3.000e-01 9.088e-01
-2.900e-01 1.677e+00
-2.800e-01 1.550e+00
-2.700e-01 1.039e+00
-2.600e-01 1.271e+00
-2.500e-01 2.018e+00
-2.400e-01 2.008e+00
-2.300e-01 1.486e+00
-2.200e-01 1.570e+00
-2.100e-01 1.584e+00
-2.000e-01 2.199e+00
-1.900e-01 2.618e+00
-1.800e-01 3.858e+00
-1.700e-01 4.044e+00
-1.600e-01 5.053e+00
-1.500e-01 5.717e+00
-1.400e-01 6.550e+00
-1.300e-01 5.410e+00
-1.200e-01 5.239e+00
-1.100e-01 5.901e+00
-1.000e-01 6.563e+00
-9.000e-02 7.604e+00
-8.000e-02 7.331e+00
-7.000e-02 9.760e+00
-6.000e-02 9.912e+00
-5.000e-02 1.104e+01
-4.000e-02 1.533e+01
-3.000e-02 1.859e+01
-2.000e-02 2.480e+01
-1.000e-02 3.657e+01
