# Frequency (1.0/ps)      real(fft(F_1))
0.000e+00 2.139e+02
1.000e-02 4.830e+01
2.000e-02 2.563e+01
3.000e-02 8.621e+00
4.000e-02 9.507e-02
5.000e-02 4.589e+00
6.000e-02 6.078e+00
7.000e-02 6.449e+00
8.000e-02 5.160e+00
9.000e-02 3.394e+00
1.000e-01 1.547e+00
1.100e-01 1.325e+00
1.200e-01 1.641e+00
1.300e-01 -3.024e-01
1.400e-01 9.428e-01
1.500e-01 2.743e+00
1.600e-01 -8.387e-01
1.700e-01 3.945e-01
1.800e-01 4.164e-01
1.900e-01 -5.826e-01
2.000e-01 -2.665e-02
2.100e-01 1.267e+00
2.200e-01 2.812e+00
2.300e-01 2.290e+00
2.400e-01 1.981e+00
2.500e-01 1.609e+00
2.600e-01 6.021e-01
2.700e-01 1.493e+00
2.800e-01 2.388e+00
2.900e-01 1.567e+00
3.000e-01 7.712e-01
3.100e-01 3.158e-01
3.200e-01 4.116e-01
3.300e-01 1.068e+00
3.400e-01 2.611e-01
3.500e-01 8.905e-01
3.600e-01 1.194e+00
3.700e-01 2.131e+00
3.800e-01 1.985e+00
3.900e-01 1.009e+00
4.000e-01 1.135e-01
4.100e-01 2.003e+00
4.200e-01 2.036e+00
4.300e-01 8.999e-01
4.400e-01 9.323e-01
4.500e-01 9.660e-01
4.600e-01 -3.940e-02
4.700e-01 1.101e+00
4.800e-01 4.169e-01
4.900e-01 6.667e-01
5.000e-01 5.375e-01
5.100e-01 -1.522e-02
5.200e-01 4.513e-01
5.300e-01 1.172e+00
5.400e-01 6.493e-01
5.500e-01 1.192e+00
5.600e-01 1.429e+00
5.700e-01 2.080e-01
5.800e-01 7.341e-01
5.900e-01 1.317e+00
6.000e-01 5.863e-01
6.100e-01 7.567e-01
6.200e-01 3.438e-01
6.300e-01 1.308e+00
6.400e-01 7.021e-01
6.500e-01 -2.419e-01
6.600e-01 8.586e-01
6.700e-01 1.100e+00
6.800e-01 9.987e-01
6.900e-01 6.425e-01
7.000e-01 7.201e-01
7.100e-01 9.875e-01
7.200e-01 3.402e-01
7.300e-01 7.181e-01
7.400e-01 8.495e-01
7.500e-01 1.480e+00
7.600e-01 1.020e+00
7.700e-01 8.936e-01
7.800e-01 3.430e-01
7.900e-01 8.399e-01
8.000e-01 9.539e-01
8.100e-01 1.115e+00
8.200e-01 7.172e-01
8.300e-01 -3.614e-03
8.400e-01 5.680e-01
8.500e-01 6.410e-01
8.600e-01 -3.065e-01
8.700e-01 -2.438e-01
8.800e-01 2.664e-02
8.900e-01 4.711e-01
9.000e-01 3.270e-01
9.100e-01 6.012e-01
9.200e-01 5.485e-01
9.300e-01 4.484e-01
9.400e-01 7.326e-01
9.500e-01 8.356e-01
9.600e-01 8.008e-01
9.700e-01 4.924e-01
9.800e-01 1.104e+00
9.900e-01 6.875e-01
1.000e+00 -1.311e-01
1.010e+00 -6.555e-01
1.020e+00 3.521e-01
1.030e+00 9.073e-01
1.040e+00 6.932e-01
1.050e+00 -1.272e-01
1.060e+00 -3.807e-01
1.070e+00 -1.244e-01
1.080e+00 1.753e-02
1.090e+00 -2.132e-02
1.100e+00 2.708e-01
1.110e+00 1.604e-01
1.120e+00 6.771e-01
1.130e+00 5.858e-01
1.140e+00 2.849e-01
1.150e+00 5.508e-01
1.160e+00 6.570e-01
1.170e+00 8.497e-01
1.180e+00 5.029e-01
1.190e+00 2.787e-01
1.200e+00 8.727e-01
1.210e+00 1.128e+00
1.220e+00 9.990e-01
1.230e+00 6.484e-01
1.240e+00 4.107e-01
1.250e+00 1.007e+00
1.260e+00 6.227e-01
1.270e+00 1.008e+00
1.280e+00 6.804e-01
1.290e+00 7.377e-01
1.300e+00 3.865e-01
1.310e+00 6.514e-01
1.320e+00 9.791e-01
1.330e+00 1.003e+00
1.340e+00 9.602e-01
1.350e+00 -1.998e-02
1.360e+00 2.590e-01
1.370e+00 1.476e-01
1.380e+00 2.328e-01
1.390e+00 -1.879e-01
1.400e+00 4.163e-01
1.410e+00 5.487e-01
1.420e+00 7.992e-01
1.430e+00 5.678e-01
1.440e+00 4.096e-01
1.450e+00 -3.228e-01
1.460e+00 5.087e-01
1.470e+00 3.604e-01
1.480e+00 4.276e-01
1.490e+00 7.879e-01
1.500e+00 5.221e-01
1.510e+00 5.119e-03
1.520e+00 2.072e-02
1.530e+00 7.134e-01
1.540e+00 1.264e+00
1.550e+00 8.575e-01
1.560e+00 -1.840e-01
1.570e+00 -1.897e-01
1.580e+00 4.041e-01
1.590e+00 2.054e-01
1.600e+00 5.981e-01
1.610e+00 6.088e-01
1.620e+00 5.587e-01
1.630e+00 5.472e-02
1.640e+00 3.518e-01
1.650e+00 1.080e+00
1.660e+00 9.066e-01
1.670e+00 4.670e-01
1.680e+00 3.230e-01
1.690e+00 5.770e-01
1.700e+00 3.165e-01
1.710e+00 5.287e-01
1.720e+00 -2.985e-02
1.730e+00 3.182e-01
1.740e+00 4.257e-01
1.750e+00 3.751e-01
1.760e+00 3.718e-01
1.770e+00 2.329e-01
1.780e+00 5.663e-01
1.790e+00 6.260e-01
1.800e+00 8.444e-01
1.810e+00 4.132e-01
1.820e+00 9.549e-01
1.830e+00 8.693e-01
1.840e+00 5.631e-01
1.850e+00 1.149e+00
1.860e+00 7.091e-01
1.870e+00 6.327e-01
1.880e+00 3.498e-01
1.890e+00 8.187e-01
1.900e+00 4.795e-01
1.910e+00 9.718e-01
1.920e+00 1.089e+00
1.930e+00 6.837e-01
1.940e+00 8.527e-01
1.950e+00 9.761e-01
1.960e+00 4.449e-01
1.970e+00 6.364e-01
1.980e+00 6.456e-01
1.990e+00 8.782e-01
2.000e+00 2.562e-01
2.010e+00 4.330e-01
2.020e+00 5.490e-01
2.030e+00 1.124e+00
2.040e+00 9.160e-01
2.050e+00 6.768e-01
2.060e+00 8.752e-01
2.070e+00 4.881e-01
2.080e+00 7.371e-01
2.090e+00 1.521e-01
2.100e+00 1.142e-01
2.110e+00 5.479e-01
2.120e+00 7.099e-01
2.130e+00 7.788e-01
2.140e+00 4.297e-01
2.150e+00 2.920e-01
2.160e+00 1.888e-01
2.170e+00 2.762e-01
2.180e+00 2.168e-01
2.190e+00 4.353e-01
2.200e+00 4.385e-01
2.210e+00 6.302e-01
2.220e+00 6.921e-01
2.230e+00 6.700e-01
2.240e+00 5.527e-01
2.250e+00 5.788e-01
2.260e+00 4.780e-01
2.270e+00 7.188e-01
2.280e+00 6.519e-01
2.290e+00 6.955e-01
2.300e+00 4.831e-01
2.310e+00 6.465e-01
2.320e+00 1.482e-01
2.330e+00 -3.291e-02
2.340e+00 -1.066e-01
2.350e+00 -1.337e-01
2.360e+00 4.600e-01
2.370e+00 4.768e-01
2.380e+00 2.057e-01
2.390e+00 2.197e-01
2.400e+00 4.390e-01
2.410e+00 9.203e-01
2.420e+00 8.613e-01
2.430e+00 2.157e-01
2.440e+00 2.712e-01
2.450e+00 5.640e-02
2.460e+00 6.950e-01
2.470e+00 8.265e-01
2.480e+00 6.381e-01
2.490e+00 9.213e-01
2.500e+00 8.619e-01
2.510e+00 2.368e-01
2.520e+00 5.401e-02
2.530e+00 5.228e-01
2.540e+00 7.909e-01
2.550e+00 9.291e-01
2.560e+00 8.125e-01
2.570e+00 4.324e-01
2.580e+00 5.613e-01
2.590e+00 5.980e-01
2.600e+00 3.773e-01
2.610e+00 4.225e-01
2.620e+00 2.992e-01
2.630e+00 4.126e-01
2.640e+00 3.151e-01
2.650e+00 2.093e-02
2.660e+00 4.949e-01
2.670e+00 4.401e-01
2.680e+00 3.628e-01
2.690e+00 2.981e-01
2.700e+00 9.787e-02
2.710e+00 1.885e-01
2.720e+00 2.919e-01
2.730e+00 4.880e-01
2.740e+00 3.673e-01
2.750e+00 1.631e-01
2.760e+00 3.564e-01
2.770e+00 5.494e-01
2.780e+00 6.641e-01
2.790e+00 6.637e-01
2.800e+00 6.265e-01
2.810e+00 5.424e-01
2.820e+00 2.444e-01
2.830e+00 3.777e-01
2.840e+00 3.375e-01
2.850e+00 9.020e-01
2.860e+00 8.019e-01
2.870e+00 5.480e-01
2.880e+00 5.643e-01
2.890e+00 5.547e-01
2.900e+00 6.370e-01
2.910e+00 5.659e-01
2.920e+00 2.399e-01
2.930e+00 4.096e-01
2.940e+00 3.007e-01
2.950e+00 1.817e-01
2.960e+00 2.910e-01
2.970e+00 3.233e-01
2.980e+00 5.994e-01
2.990e+00 5.559e-01
3.000e+00 7.542e-01
3.010e+00 7.144e-01
3.020e+00 3.607e-01
3.030e+00 5.990e-01
3.040e+00 6.268e-01
3.050e+00 5.799e-01
3.060e+00 4.445e-01
3.070e+00 6.887e-01
3.080e+00 6.172e-01
3.090e+00 4.559e-01
3.100e+00 -2.264e-01
3.110e+00 3.631e-01
3.120e+00 5.549e-01
3.130e+00 3.838e-01
3.140e+00 3.636e-01
3.150e+00 1.203e-01
3.160e+00 2.815e-01
3.170e+00 7.194e-01
3.180e+00 6.137e-01
3.190e+00 5.642e-01
3.200e+00 5.251e-01
3.210e+00 3.310e-01
3.220e+00 3.325e-01
3.230e+00 3.034e-01
3.240e+00 2.389e-01
3.250e+00 5.848e-01
3.260e+00 7.214e-01
3.270e+00 6.995e-01
3.280e+00 4.665e-01
3.290e+00 6.356e-01
3.300e+00 8.048e-01
3.310e+00 6.295e-01
3.320e+00 5.871e-01
3.330e+00 6.413e-01
3.340e+00 7.646e-01
3.350e+00 5.463e-01
3.360e+00 5.128e-01
3.370e+00 5.386e-01
3.380e+00 6.861e-01
3.390e+00 6.156e-01
3.400e+00 6.235e-01
3.410e+00 8.627e-01
3.420e+00 7.427e-01
3.430e+00 6.191e-01
3.440e+00 7.955e-01
3.450e+00 8.265e-01
3.460e+00 2.518e-01
3.470e+00 4.295e-01
3.480e+00 6.570e-01
3.490e+00 5.616e-01
3.500e+00 5.083e-01
3.510e+00 1.132e-01
3.520e+00 3.757e-01
3.530e+00 4.356e-01
3.540e+00 6.359e-01
3.550e+00 7.168e-01
3.560e+00 3.838e-01
3.570e+00 1.951e-01
3.580e+00 2.984e-01
3.590e+00 4.841e-01
3.600e+00 7.285e-01
3.610e+00 3.829e-01
3.620e+00 3.110e-01
3.630e+00 3.374e-01
3.640e+00 3.092e-01
3.650e+00 9.607e-02
3.660e+00 4.169e-01
3.670e+00 4.409e-01
3.680e+00 4.583e-01
3.690e+00 5.273e-01
3.700e+00 3.800e-01
3.710e+00 5.979e-01
3.720e+00 7.425e-01
3.730e+00 4.530e-01
3.740e+00 2.174e-01
3.750e+00 1.563e-01
3.760e+00 3.763e-01
3.770e+00 6.462e-01
3.780e+00 6.329e-01
3.790e+00 5.322e-01
3.800e+00 1.019e-02
3.810e+00 1.152e-01
3.820e+00 2.893e-01
3.830e+00 6.152e-01
3.840e+00 5.084e-01
3.850e+00 6.573e-01
3.860e+00 7.103e-01
3.870e+00 4.518e-01
3.880e+00 5.027e-01
3.890e+00 6.331e-01
3.900e+00 5.281e-01
3.910e+00 2.148e-01
3.920e+00 5.904e-01
3.930e+00 6.920e-01
3.940e+00 6.502e-01
3.950e+00 6.089e-01
3.960e+00 4.860e-01
3.970e+00 4.402e-01
3.980e+00 4.909e-01
3.990e+00 3.284e-01
4.000e+00 5.088e-01
4.010e+00 4.715e-01
4.020e+00 1.534e-01
4.030e+00 3.902e-01
4.040e+00 6.357e-01
4.050e+00 7.559e-01
4.060e+00 3.402e-01
4.070e+00 2.601e-01
4.080e+00 5.895e-01
4.090e+00 6.195e-01
4.100e+00 2.323e-01
4.110e+00 4.817e-02
4.120e+00 3.358e-01
4.130e+00 4.193e-01
4.140e+00 7.505e-01
4.150e+00 9.571e-01
4.160e+00 9.348e-01
4.170e+00 9.699e-01
4.180e+00 5.973e-01
4.190e+00 4.601e-01
4.200e+00 3.144e-01
4.210e+00 1.643e-01
4.220e+00 3.403e-01
4.230e+00 4.240e-01
4.240e+00 -4.814e-02
4.250e+00 5.991e-01
4.260e+00 7.339e-01
4.270e+00 5.935e-01
4.280e+00 4.339e-01
4.290e+00 6.170e-01
4.300e+00 1.274e-01
4.310e+00 4.046e-01
4.320e+00 5.410e-01
4.330e+00 6.264e-01
4.340e+00 3.801e-01
4.350e+00 2.269e-01
4.360e+00 2.870e-01
4.370e+00 2.417e-01
4.380e+00 5.767e-01
4.390e+00 6.322e-01
4.400e+00 4.937e-01
4.410e+00 9.172e-02
4.420e+00 1.383e-01
4.430e+00 4.542e-01
4.440e+00 2.767e-01
4.450e+00 1.155e-01
4.460e+00 1.185e-01
4.470e+00 5.966e-01
4.480e+00 5.354e-01
4.490e+00 2.438e-01
4.500e+00 5.520e-01
4.510e+00 6.950e-01
4.520e+00 7.484e-01
4.530e+00 3.586e-01
4.540e+00 5.121e-01
4.550e+00 5.658e-01
4.560e+00 3.317e-01
4.570e+00 2.712e-01
4.580e+00 4.660e-01
4.590e+00 5.427e-01
4.600e+00 2.854e-01
4.610e+00 5.400e-01
4.620e+00 6.330e-01
4.630e+00 7.798e-01
4.640e+00 5.917e-01
4.650e+00 7.378e-01
4.660e+00 5.607e-01
4.670e+00 8.295e-01
4.680e+00 6.293e-01
4.690e+00 2.271e-01
4.700e+00 1.166e-01
4.710e+00 2.861e-01
4.720e+00 3.886e-01
4.730e+00 4.060e-01
4.740e+00 5.213e-01
4.750e+00 8.228e-01
4.760e+00 4.591e-01
4.770e+00 6.627e-01
4.780e+00 6.901e-01
4.790e+00 6.946e-01
4.800e+00 9.420e-01
4.810e+00 6.752e-01
4.820e+00 4.370e-01
4.830e+00 5.265e-01
4.840e+00 4.964e-01
4.850e+00 7.621e-01
4.860e+00 7.214e-01
4.870e+00 6.538e-01
4.880e+00 2.776e-01
4.890e+00 2.259e-01
4.900e+00 1.821e-01
4.910e+00 8.558e-01
4.920e+00 9.760e-01
4.930e+00 7.417e-01
4.940e+00 8.469e-01
4.950e+00 1.089e+00
4.960e+00 5.940e-01
4.970e+00 2.121e-01
4.980e+00 3.541e-01
4.990e+00 8.495e-02
-5.000e+00 3.200e-01
-4.990e+00 3.421e-01
-4.980e+00 4.298e-01
-4.970e+00 3.656e-01
-4.960e+00 4.126e-01
-4.950e+00 6.135e-01
-4.940e+00 4.005e-01
-4.930e+00 7.763e-01
-4.920e+00 7.680e-01
-4.910e+00 5.821e-01
-4.900e+00 2.970e-01
-4.890e+00 1.612e-01
-4.880e+00 4.476e-01
-4.870e+00 4.205e-01
-4.860e+00 4.272e-01
-4.850e+00 6.754e-01
-4.840e+00 5.692e-01
-4.830e+00 5.621e-01
-4.820e+00 6.374e-01
-4.810e+00 4.618e-01
-4.800e+00 7.499e-01
-4.790e+00 3.898e-01
-4.780e+00 4.216e-01
-4.770e+00 1.777e-01
-4.760e+00 2.176e-01
-4.750e+00 3.381e-01
-4.740e+00 4.218e-01
-4.730e+00 3.787e-01
-4.720e+00 1.387e-01
-4.710e+00 1.157e-01
-4.700e+00 5.606e-02
-4.690e+00 2.258e-01
-4.680e+00 4.033e-01
-4.670e+00 4.118e-01
-4.660e+00 3.540e-01
-4.650e+00 4.228e-01
-4.640e+00 5.458e-01
-4.630e+00 2.422e-01
-4.620e+00 4.763e-01
-4.610e+00 4.612e-01
-4.600e+00 3.183e-01
-4.590e+00 4.582e-01
-4.580e+00 8.672e-01
-4.570e+00 5.230e-01
-4.560e+00 1.770e-01
-4.550e+00 4.297e-02
-4.540e+00 1.614e-01
-4.530e+00 8.673e-01
-4.520e+00 6.187e-01
-4.510e+00 3.430e-01
-4.500e+00 1.315e-01
-4.490e+00 3.398e-01
-4.480e+00 6.012e-01
-4.470e+00 7.859e-01
-4.460e+00 5.402e-01
-4.450e+00 5.535e-01
-4.440e+00 7.207e-01
-4.430e+00 5.007e-01
-4.420e+00 4.887e-01
-4.410e+00 5.647e-01
-4.400e+00 4.064e-01
-4.390e+00 5.457e-01
-4.380e+00 5.114e-01
-4.370e+00 4.221e-01
-4.360e+00 6.279e-01
-4.350e+00 2.141e-01
-4.340e+00 2.456e-01
-4.330e+00 4.663e-01
-4.320e+00 3.830e-01
-4.310e+00 5.276e-01
-4.300e+00 6.548e-01
-4.290e+00 7.675e-01
-4.280e+00 6.568e-01
-4.270e+00 5.620e-01
-4.260e+00 7.124e-01
-4.250e+00 3.449e-01
-4.240e+00 1.458e-01
-4.230e+00 5.078e-01
-4.220e+00 7.526e-01
-4.210e+00 7.061e-01
-4.200e+00 6.106e-01
-4.190e+00 4.749e-01
-4.180e+00 8.017e-01
-4.170e+00 6.159e-01
-4.160e+00 4.859e-01
-4.150e+00 7.960e-01
-4.140e+00 8.086e-01
-4.130e+00 9.372e-01
-4.120e+00 3.868e-01
-4.110e+00 4.540e-01
-4.100e+00 3.621e-01
-4.090e+00 4.870e-01
-4.080e+00 4.162e-01
-4.070e+00 6.458e-01
-4.060e+00 6.054e-01
-4.050e+00 4.704e-01
-4.040e+00 2.501e-01
-4.030e+00 2.479e-01
-4.020e+00 4.731e-01
-4.010e+00 5.170e-01
-4.000e+00 4.339e-01
-3.990e+00 4.744e-01
-3.980e+00 5.345e-01
-3.970e+00 4.129e-01
-3.960e+00 3.484e-01
-3.950e+00 4.321e-01
-3.940e+00 7.081e-01
-3.930e+00 5.686e-01
-3.920e+00 4.924e-01
-3.910e+00 4.814e-01
-3.900e+00 6.695e-01
-3.890e+00 3.810e-01
-3.880e+00 2.518e-01
-3.870e+00 1.070e-01
-3.860e+00 1.206e-01
-3.850e+00 1.741e-01
-3.840e+00 2.963e-01
-3.830e+00 5.362e-01
-3.820e+00 3.034e-01
-3.810e+00 3.219e-01
-3.800e+00 4.782e-01
-3.790e+00 2.947e-01
-3.780e+00 4.502e-01
-3.770e+00 2.393e-01
-3.760e+00 3.538e-01
-3.750e+00 6.635e-01
-3.740e+00 6.305e-01
-3.730e+00 4.272e-01
-3.720e+00 5.132e-01
-3.710e+00 4.325e-01
-3.700e+00 4.606e-01
-3.690e+00 4.505e-01
-3.680e+00 4.154e-01
-3.670e+00 3.881e-01
-3.660e+00 3.157e-01
-3.650e+00 3.888e-01
-3.640e+00 5.582e-01
-3.630e+00 5.835e-01
-3.620e+00 7.366e-01
-3.610e+00 4.706e-01
-3.600e+00 3.442e-01
-3.590e+00 2.277e-01
-3.580e+00 1.241e-01
-3.570e+00 1.011e-01
-3.560e+00 5.796e-01
-3.550e+00 6.601e-01
-3.540e+00 4.980e-01
-3.530e+00 4.117e-01
-3.520e+00 4.543e-01
-3.510e+00 2.335e-01
-3.500e+00 6.688e-01
-3.490e+00 4.317e-01
-3.480e+00 4.330e-01
-3.470e+00 6.472e-01
-3.460e+00 5.412e-01
-3.450e+00 5.957e-01
-3.440e+00 5.165e-01
-3.430e+00 5.129e-01
-3.420e+00 7.922e-01
-3.410e+00 6.611e-01
-3.400e+00 5.003e-01
-3.390e+00 4.776e-01
-3.380e+00 6.285e-01
-3.370e+00 4.724e-01
-3.360e+00 3.822e-01
-3.350e+00 3.768e-01
-3.340e+00 2.600e-01
-3.330e+00 3.679e-01
-3.320e+00 3.465e-01
-3.310e+00 3.166e-01
-3.300e+00 1.645e-01
-3.290e+00 7.701e-01
-3.280e+00 5.437e-01
-3.270e+00 5.868e-01
-3.260e+00 5.587e-01
-3.250e+00 6.554e-01
-3.240e+00 4.879e-01
-3.230e+00 3.393e-01
-3.220e+00 1.292e-01
-3.210e+00 1.191e-01
-3.200e+00 2.483e-01
-3.190e+00 4.646e-01
-3.180e+00 4.441e-01
-3.170e+00 4.035e-01
-3.160e+00 7.219e-01
-3.150e+00 4.856e-01
-3.140e+00 8.585e-01
-3.130e+00 6.865e-01
-3.120e+00 7.958e-01
-3.110e+00 3.834e-01
-3.100e+00 -3.944e-02
-3.090e+00 6.697e-01
-3.080e+00 5.549e-01
-3.070e+00 5.579e-01
-3.060e+00 8.213e-01
-3.050e+00 6.640e-01
-3.040e+00 6.251e-01
-3.030e+00 6.581e-01
-3.020e+00 1.109e+00
-3.010e+00 7.283e-01
-3.000e+00 7.134e-01
-2.990e+00 3.034e-01
-2.980e+00 3.687e-01
-2.970e+00 4.919e-01
-2.960e+00 4.451e-01
-2.950e+00 2.014e-01
-2.940e+00 2.018e-01
-2.930e+00 5.046e-01
-2.920e+00 4.827e-01
-2.910e+00 6.458e-01
-2.900e+00 7.551e-01
-2.890e+00 7.966e-01
-2.880e+00 7.169e-01
-2.870e+00 5.884e-01
-2.860e+00 7.893e-01
-2.850e+00 8.066e-01
-2.840e+00 3.606e-01
-2.830e+00 6.336e-01
-2.820e+00 5.566e-01
-2.810e+00 6.004e-01
-2.800e+00 6.039e-01
-2.790e+00 6.559e-01
-2.780e+00 3.091e-01
-2.770e+00 4.966e-01
-2.760e+00 3.726e-01
-2.750e+00 2.650e-01
-2.740e+00 6.240e-01
-2.730e+00 4.654e-01
-2.720e+00 4.486e-01
-2.710e+00 2.537e-01
-2.700e+00 5.404e-01
-2.690e+00 8.560e-01
-2.680e+00 8.039e-01
-2.670e+00 8.450e-01
-2.660e+00 8.315e-01
-2.650e+00 1.049e-01
-2.640e+00 4.922e-01
-2.630e+00 1.274e-01
-2.620e+00 2.305e-01
-2.610e+00 2.981e-01
-2.600e+00 6.124e-01
-2.590e+00 4.344e-01
-2.580e+00 6.471e-01
-2.570e+00 7.192e-01
-2.560e+00 5.500e-01
-2.550e+00 6.596e-01
-2.540e+00 7.137e-01
-2.530e+00 9.172e-01
-2.520e+00 8.898e-01
-2.510e+00 9.721e-01
-2.500e+00 1.269e+00
-2.490e+00 3.120e-01
-2.480e+00 3.796e-01
-2.470e+00 2.962e-01
-2.460e+00 5.347e-01
-2.450e+00 5.791e-01
-2.440e+00 3.101e-01
-2.430e+00 5.478e-01
-2.420e+00 5.161e-01
-2.410e+00 4.263e-01
-2.400e+00 6.888e-01
-2.390e+00 1.015e+00
-2.380e+00 4.898e-01
-2.370e+00 5.658e-01
-2.360e+00 6.570e-01
-2.350e+00 2.200e-01
-2.340e+00 4.221e-01
-2.330e+00 2.305e-01
-2.320e+00 3.493e-01
-2.310e+00 3.341e-01
-2.300e+00 1.944e-01
-2.290e+00 3.668e-01
-2.280e+00 5.487e-01
-2.270e+00 3.999e-01
-2.260e+00 1.710e-01
-2.250e+00 4.162e-02
-2.240e+00 5.711e-01
-2.230e+00 4.847e-01
-2.220e+00 4.349e-01
-2.210e+00 4.678e-01
-2.200e+00 4.436e-01
-2.190e+00 6.882e-01
-2.180e+00 5.089e-01
-2.170e+00 5.828e-01
-2.160e+00 6.006e-01
-2.150e+00 1.116e+00
-2.140e+00 4.715e-01
-2.130e+00 5.946e-01
-2.120e+00 5.479e-01
-2.110e+00 5.523e-01
-2.100e+00 5.140e-01
-2.090e+00 5.746e-01
-2.080e+00 3.683e-01
-2.070e+00 6.475e-01
-2.060e+00 7.042e-01
-2.050e+00 6.166e-01
-2.040e+00 6.365e-01
-2.030e+00 5.108e-02
-2.020e+00 7.905e-02
-2.010e+00 5.075e-01
-2.000e+00 -1.726e-01
-1.990e+00 5.798e-01
-1.980e+00 7.095e-01
-1.970e+00 4.818e-01
-1.960e+00 6.778e-01
-1.950e+00 3.653e-01
-1.940e+00 8.951e-01
-1.930e+00 4.105e-01
-1.920e+00 2.057e-01
-1.910e+00 4.958e-01
-1.900e+00 2.656e-01
-1.890e+00 4.688e-01
-1.880e+00 8.100e-02
-1.870e+00 -9.479e-02
-1.860e+00 5.346e-01
-1.850e+00 3.539e-01
-1.840e+00 6.755e-01
-1.830e+00 5.409e-01
-1.820e+00 6.889e-01
-1.810e+00 5.310e-01
-1.800e+00 6.350e-01
-1.790e+00 9.177e-01
-1.780e+00 6.302e-01
-1.770e+00 1.689e-01
-1.760e+00 4.110e-01
-1.750e+00 1.081e+00
-1.740e+00 1.049e+00
-1.730e+00 7.165e-01
-1.720e+00 6.996e-01
-1.710e+00 8.388e-01
-1.700e+00 -8.896e-02
-1.690e+00 9.822e-01
-1.680e+00 6.326e-01
-1.670e+00 7.679e-01
-1.660e+00 5.814e-01
-1.650e+00 7.874e-01
-1.640e+00 6.652e-01
-1.630e+00 5.797e-01
-1.620e+00 4.191e-01
-1.610e+00 7.292e-01
-1.600e+00 7.794e-01
-1.590e+00 2.861e-01
-1.580e+00 6.016e-02
-1.570e+00 6.546e-01
-1.560e+00 5.948e-01
-1.550e+00 5.652e-01
-1.540e+00 5.609e-01
-1.530e+00 7.760e-01
-1.520e+00 6.691e-02
-1.510e+00 5.547e-01
-1.500e+00 8.913e-01
-1.490e+00 1.089e+00
-1.480e+00 8.563e-01
-1.470e+00 5.974e-01
-1.460e+00 8.788e-01
-1.450e+00 9.362e-01
-1.440e+00 1.004e+00
-1.430e+00 5.531e-01
-1.420e+00 3.736e-01
-1.410e+00 6.093e-01
-1.400e+00 2.169e-02
-1.390e+00 -1.095e-01
-1.380e+00 6.603e-01
-1.370e+00 5.891e-01
-1.360e+00 1.200e+00
-1.350e+00 4.379e-01
-1.340e+00 6.700e-01
-1.330e+00 5.214e-01
-1.320e+00 6.255e-01
-1.310e+00 9.196e-01
-1.300e+00 8.895e-02
-1.290e+00 3.762e-01
-1.280e+00 5.369e-01
-1.270e+00 4.600e-01
-1.260e+00 2.822e-01
-1.250e+00 5.847e-01
-1.240e+00 2.814e-01
-1.230e+00 5.895e-01
-1.220e+00 3.144e-01
-1.210e+00 8.929e-01
-1.200e+00 9.835e-01
-1.190e+00 6.352e-01
-1.180e+00 7.865e-01
-1.170e+00 1.045e+00
-1.160e+00 6.089e-01
-1.150e+00 1.034e+00
-1.140e+00 6.894e-01
-1.130e+00 6.777e-01
-1.120e+00 6.029e-01
-1.110e+00 6.720e-01
-1.100e+00 1.095e+00
-1.090e+00 2.095e-01
-1.080e+00 3.147e-02
-1.070e+00 8.728e-01
-1.060e+00 5.816e-01
-1.050e+00 8.567e-01
-1.040e+00 4.980e-01
-1.030e+00 5.298e-01
-1.020e+00 6.791e-01
-1.010e+00 3.905e-01
-1.000e+00 1.353e+00
-9.900e-01 8.558e-01
-9.800e-01 7.071e-01
-9.700e-01 9.277e-01
-9.600e-01 8.676e-01
-9.500e-01 7.502e-01
-9.400e-01 7.800e-01
-9.300e-01 1.013e+00
-9.200e-01 1.285e+00
-9.100e-01 1.918e+00
-9.000e-01 1.139e+00
-8.900e-01 2.861e-01
-8.800e-01 8.422e-04
-8.700e-01 6.974e-01
-8.600e-01 9.112e-01
-8.500e-01 9.432e-01
-8.400e-01 -7.216e-02
-8.300e-01 -3.445e-01
-8.200e-01 5.832e-01
-8.100e-01 1.086e+00
-8.000e-01 7.495e-01
-7.900e-01 9.081e-01
-7.800e-01 1.085e+00
-7.700e-01 1.153e+00
-7.600e-01 8.886e-01
-7.500e-01 1.340e+00
-7.400e-01 1.060e+00
-7.300e-01 9.413e-01
-7.200e-01 5.802e-01
-7.100e-01 -2.970e-02
-7.000e-01 4.968e-02
-6.900e-01 8.422e-01
-6.800e-01 4.949e-01
-6.700e-01 3.767e-01
-6.600e-01 6.985e-01
-6.500e-01 1.318e+00
-6.400e-01 1.251e+00
-6.300e-01 1.019e+00
-6.200e-01 4.629e-01
-6.100e-01 6.789e-01
-6.000e-01 5.950e-01
-5.900e-01 9.412e-01
-5.800e-01 7.604e-01
-5.700e-01 4.002e-01
-5.600e-01 1.163e+00
-5.500e-01 1.034e+00
-5.400e-01 1.328e+00
-5.300e-01 7.675e-01
-5.200e-01 2.487e-02
-5.100e-01 4.999e-02
-5.000e-01 9.993e-02
-4.900e-01 -2.754e-01
-4.800e-01 -3.365e-01
-4.700e-01 2.946e-01
-4.600e-01 5.885e-01
-4.500e-01 1.709e+00
-4.400e-01 9.339e-01
-4.300e-01 1.163e+00
-4.200e-01 8.951e-01
-4.100e-01 1.234e+00
-4.000e-01 9.984e-01
-3.900e-01 3.791e-01
-3.800e-01 3.279e-01
-3.700e-01 6.727e-02
-3.600e-01 1.502e-01
-3.500e-01 5.197e-01
-3.400e-01 1.290e+00
-3.300e-01 1.871e+00
-3.200e-01 8.705e-01
-3.100e-01 9.017e-01
-3.000e-01 1.000e+00
-2.900e-01 1.026e+00
-2.800e-01 3.867e-01
-2.700e-01 8.437e-01
-2.600e-01 4.066e-01
-2.500e-01 1.848e+00
-2.400e-01 1.711e+00
-2.300e-01 1.346e+00
-2.200e-01 1.108e+00
-2.100e-01 1.096e-02
-2.000e-01 -5.472e-02
-1.900e-01 1.424e+00
-1.800e-01 1.866e+00
-1.700e-01 8.310e-01
-1.600e-01 2.769e-01
-1.500e-01 1.791e+00
-1.400e-01 -4.525e-01
-1.300e-01 2.573e+00
-1.200e-01 8.086e-01
-1.100e-01 -4.068e-01
-1.000e-01 1.282e+00
-9.000e-02 1.467e+00
-8.000e-02 2.809e+00
-7.000e-02 2.657e+00
-6.000e-02 5.008e+00
-5.000e-02 7.424e+00
-4.000e-02 8.091e+00
-3.000e-02 1.491e+01
-2.000e-02 2.802e+01
-1.000e-02 5.885e+01
