# Frequency (1.0/ps)      real(fft(F_0))
0.000e+00 1.202e+02
1.000e-02 6.109e+01
2.000e-02 3.127e+01
3.000e-02 1.752e+01
4.000e-02 1.790e+01
5.000e-02 1.016e+01
6.000e-02 1.504e+00
7.000e-02 8.011e+00
8.000e-02 2.261e+00
9.000e-02 5.146e+00
1.000e-01 3.988e+00
1.100e-01 1.005e+00
1.200e-01 3.273e+00
1.300e-01 -1.723e+00
1.400e-01 3.031e+00
1.500e-01 1.985e+00
1.600e-01 1.914e+00
1.700e-01 1.902e+00
1.800e-01 1.510e+00
1.900e-01 2.813e+00
2.000e-01 3.420e-01
2.100e-01 5.892e-01
2.200e-01 2.421e+00
2.300e-01 -3.050e-01
2.400e-01 -1.340e-01
2.500e-01 -3.461e-01
2.600e-01 -1.875e+00
2.700e-01 6.252e-01
2.800e-01 1.905e+00
2.900e-01 -1.739e+00
3.000e-01 1.323e-01
3.100e-01 -2.277e-01
3.200e-01 1.405e+00
3.300e-01 9.303e-01
3.400e-01 1.715e-01
3.500e-01 5.543e-01
3.600e-01 -3.407e-01
3.700e-01 8.357e-01
3.800e-01 4.431e-01
3.900e-01 5.363e-01
4.000e-01 1.366e+00
4.100e-01 -4.194e-01
4.200e-01 1.639e+00
4.300e-01 -4.050e-01
4.400e-01 4.549e-02
4.500e-01 8.492e-01
4.600e-01 1.486e+00
4.700e-01 2.186e-02
4.800e-01 1.645e+00
4.900e-01 4.926e-01
5.000e-01 9.748e-01
5.100e-01 -1.588e+00
5.200e-01 8.599e-01
5.300e-01 2.140e-01
5.400e-01 -3.920e-01
5.500e-01 7.816e-01
5.600e-01 3.874e-01
5.700e-01 2.265e-01
5.800e-01 -2.147e-01
5.900e-01 7.164e-01
6.000e-01 -4.825e-01
6.100e-01 2.269e-01
6.200e-01 3.408e-02
6.300e-01 2.797e-01
6.400e-01 2.410e+00
6.500e-01 -1.558e-01
6.600e-01 4.063e-01
6.700e-01 -2.982e-01
6.800e-01 -6.471e-02
6.900e-01 1.433e-02
7.000e-01 7.553e-01
7.100e-01 -2.648e-01
7.200e-01 1.528e+00
7.300e-01 1.652e+00
7.400e-01 1.436e+00
7.500e-01 8.956e-01
7.600e-01 2.835e-01
7.700e-01 1.819e+00
7.800e-01 1.239e+00
7.900e-01 7.422e-01
8.000e-01 1.438e+00
8.100e-01 7.809e-01
8.200e-01 5.655e-01
8.300e-01 1.636e+00
8.400e-01 3.525e-01
8.500e-01 7.771e-01
8.600e-01 6.870e-01
8.700e-01 8.277e-01
8.800e-01 1.069e+00
8.900e-01 4.525e-02
9.000e-01 1.220e+00
9.100e-01 3.185e-01
9.200e-01 1.916e+00
9.300e-01 1.034e+00
9.400e-01 8.606e-01
9.500e-01 1.118e+00
9.600e-01 -8.218e-02
9.700e-01 2.211e+00
9.800e-01 1.522e+00
9.900e-01 1.442e+00
1.000e+00 1.536e+00
1.010e+00 1.915e+00
1.020e+00 9.145e-01
1.030e+00 1.622e+00
1.040e+00 9.157e-01
1.050e+00 1.151e+00
1.060e+00 2.455e-01
1.070e+00 2.872e-01
1.080e+00 -3.524e-01
1.090e+00 -1.169e-01
1.100e+00 1.146e+00
1.110e+00 9.233e-01
1.120e+00 2.979e-01
1.130e+00 -1.546e-01
1.140e+00 6.593e-01
1.150e+00 1.392e+00
1.160e+00 1.297e+00
1.170e+00 1.061e+00
1.180e+00 -8.358e-01
1.190e+00 3.403e-01
1.200e+00 1.113e+00
1.210e+00 9.196e-01
1.220e+00 7.381e-01
1.230e+00 3.896e-01
1.240e+00 -3.299e-01
1.250e+00 1.204e+00
1.260e+00 4.629e-01
1.270e+00 1.465e-01
1.280e+00 7.885e-01
1.290e+00 -9.272e-01
1.300e+00 8.302e-01
1.310e+00 4.698e-01
1.320e+00 9.184e-01
1.330e+00 6.633e-01
1.340e+00 1.610e+00
1.350e+00 9.165e-02
1.360e+00 -3.625e-01
1.370e+00 6.323e-01
1.380e+00 3.843e-01
1.390e+00 7.439e-01
1.400e+00 1.032e+00
1.410e+00 9.577e-01
1.420e+00 2.302e-01
1.430e+00 5.531e-01
1.440e+00 2.764e-01
1.450e+00 3.149e-01
1.460e+00 1.066e+00
1.470e+00 7.402e-01
1.480e+00 6.991e-01
1.490e+00 9.644e-01
1.500e+00 7.110e-01
1.510e+00 2.873e-01
1.520e+00 6.596e-01
1.530e+00 7.010e-01
1.540e+00 6.972e-01
1.550e+00 3.995e-01
1.560e+00 8.295e-01
1.570e+00 5.074e-01
1.580e+00 8.352e-01
1.590e+00 2.095e-01
1.600e+00 3.926e-01
1.610e+00 1.381e+00
1.620e+00 4.445e-01
1.630e+00 8.949e-01
1.640e+00 4.081e-01
1.650e+00 8.768e-01
1.660e+00 9.100e-01
1.670e+00 7.925e-01
1.680e+00 6.922e-01
1.690e+00 -2.449e-02
1.700e+00 -1.506e-02
1.710e+00 1.868e-01
1.720e+00 3.723e-01
1.730e+00 1.052e+00
1.740e+00 1.817e+00
1.750e+00 1.838e+00
1.760e+00 9.034e-01
1.770e+00 1.099e+00
1.780e+00 -2.608e-01
1.790e+00 1.039e+00
1.800e+00 5.413e-01
1.810e+00 7.024e-01
1.820e+00 -2.747e-01
1.830e+00 1.064e-01
1.840e+00 5.362e-01
1.850e+00 4.273e-01
1.860e+00 5.608e-01
1.870e+00 7.249e-02
1.880e+00 5.943e-01
1.890e+00 4.588e-01
1.900e+00 3.950e-01
1.910e+00 6.346e-01
1.920e+00 2.415e-01
1.930e+00 -2.245e-04
1.940e+00 9.721e-01
1.950e+00 -5.502e-02
1.960e+00 -6.648e-02
1.970e+00 4.730e-01
1.980e+00 1.419e-01
1.990e+00 2.419e-01
2.000e+00 6.299e-01
2.010e+00 4.559e-01
2.020e+00 3.497e-01
2.030e+00 5.958e-01
2.040e+00 6.150e-01
2.050e+00 5.992e-01
2.060e+00 -3.511e-02
2.070e+00 2.045e-01
2.080e+00 3.147e-01
2.090e+00 1.019e+00
2.100e+00 5.394e-01
2.110e+00 6.515e-01
2.120e+00 1.486e+00
2.130e+00 5.436e-01
2.140e+00 1.058e+00
2.150e+00 2.899e-01
2.160e+00 5.682e-01
2.170e+00 5.983e-01
2.180e+00 4.753e-01
2.190e+00 7.166e-01
2.200e+00 -3.306e-01
2.210e+00 1.311e-01
2.220e+00 9.403e-01
2.230e+00 1.271e-01
2.240e+00 9.189e-01
2.250e+00 2.191e-01
2.260e+00 1.886e-01
2.270e+00 8.118e-01
2.280e+00 5.290e-03
2.290e+00 -7.010e-02
2.300e+00 7.153e-01
2.310e+00 4.404e-01
2.320e+00 8.005e-01
2.330e+00 9.056e-01
2.340e+00 3.756e-01
2.350e+00 6.190e-01
2.360e+00 6.471e-01
2.370e+00 1.806e-01
2.380e+00 3.194e-01
2.390e+00 3.582e-01
2.400e+00 6.025e-01
2.410e+00 3.899e-01
2.420e+00 6.908e-01
2.430e+00 1.280e-01
2.440e+00 -2.195e-01
2.450e+00 4.053e-01
2.460e+00 3.592e-01
2.470e+00 4.135e-02
2.480e+00 6.513e-01
2.490e+00 4.645e-02
2.500e+00 7.539e-01
2.510e+00 1.040e+00
2.520e+00 1.099e+00
2.530e+00 8.945e-01
2.540e+00 6.919e-01
2.550e+00 4.123e-01
2.560e+00 1.123e+00
2.570e+00 1.082e+00
2.580e+00 1.058e+00
2.590e+00 8.478e-01
2.600e+00 8.551e-01
2.610e+00 6.555e-01
2.620e+00 3.868e-01
2.630e+00 7.017e-01
2.640e+00 8.151e-02
2.650e+00 8.299e-01
2.660e+00 7.419e-01
2.670e+00 3.739e-01
2.680e+00 8.394e-01
2.690e+00 1.021e+00
2.700e+00 5.714e-01
2.710e+00 1.340e+00
2.720e+00 1.923e-01
2.730e+00 8.601e-01
2.740e+00 5.935e-01
2.750e+00 1.129e+00
2.760e+00 9.070e-01
2.770e+00 6.063e-01
2.780e+00 9.190e-01
2.790e+00 6.290e-01
2.800e+00 8.625e-01
2.810e+00 9.674e-01
2.820e+00 7.662e-01
2.830e+00 3.635e-01
2.840e+00 3.143e-01
2.850e+00 5.675e-01
2.860e+00 7.041e-01
2.870e+00 9.168e-01
2.880e+00 3.863e-01
2.890e+00 1.004e+00
2.900e+00 8.149e-01
2.910e+00 2.764e-01
2.920e+00 6.259e-01
2.930e+00 5.409e-01
2.940e+00 9.031e-01
2.950e+00 1.153e+00
2.960e+00 8.660e-01
2.970e+00 6.499e-01
2.980e+00 5.937e-01
2.990e+00 7.861e-01
3.000e+00 1.091e+00
3.010e+00 8.036e-01
3.020e+00 1.092e-01
3.030e+00 7.239e-01
3.040e+00 5.890e-01
3.050e+00 7.458e-01
3.060e+00 4.523e-01
3.070e+00 5.580e-01
3.080e+00 2.249e-01
3.090e+00 4.864e-01
3.100e+00 5.928e-01
3.110e+00 6.904e-01
3.120e+00 3.184e-01
3.130e+00 9.147e-01
3.140e+00 7.588e-01
3.150e+00 9.556e-03
3.160e+00 3.869e-01
3.170e+00 3.992e-01
3.180e+00 8.924e-01
3.190e+00 6.912e-01
3.200e+00 6.310e-01
3.210e+00 6.120e-01
3.220e+00 5.947e-02
3.230e+00 4.124e-01
3.240e+00 1.897e-01
3.250e+00 4.436e-01
3.260e+00 2.901e-01
3.270e+00 3.558e-01
3.280e+00 4.417e-01
3.290e+00 9.961e-01
3.300e+00 4.550e-01
3.310e+00 4.010e-01
3.320e+00 4.081e-01
3.330e+00 4.688e-01
3.340e+00 9.280e-01
3.350e+00 6.487e-01
3.360e+00 1.637e-01
3.370e+00 1.207e-01
3.380e+00 2.399e-02
3.390e+00 -4.121e-02
3.400e+00 -2.665e-02
3.410e+00 6.339e-01
3.420e+00 1.337e-02
3.430e+00 9.165e-01
3.440e+00 1.711e-01
3.450e+00 4.670e-01
3.460e+00 6.830e-01
3.470e+00 3.235e-01
3.480e+00 7.787e-01
3.490e+00 2.744e-01
3.500e+00 4.685e-01
3.510e+00 3.244e-01
3.520e+00 2.816e-01
3.530e+00 8.884e-01
3.540e+00 7.322e-01
3.550e+00 5.612e-01
3.560e+00 6.958e-01
3.570e+00 6.457e-01
3.580e+00 9.187e-01
3.590e+00 7.423e-01
3.600e+00 4.817e-01
3.610e+00 3.021e-01
3.620e+00 5.780e-01
3.630e+00 4.384e-01
3.640e+00 7.192e-01
3.650e+00 6.770e-01
3.660e+00 3.379e-01
3.670e+00 1.061e+00
3.680e+00 6.524e-01
3.690e+00 5.080e-01
3.700e+00 6.375e-01
3.710e+00 7.254e-01
3.720e+00 1.219e+00
3.730e+00 7.086e-01
3.740e+00 5.377e-01
3.750e+00 1.103e-01
3.760e+00 3.186e-01
3.770e+00 2.284e-01
3.780e+00 -5.651e-02
3.790e+00 3.647e-01
3.800e+00 5.477e-01
3.810e+00 7.936e-01
3.820e+00 4.639e-02
3.830e+00 2.793e-01
3.840e+00 4.914e-02
3.850e+00 1.805e-01
3.860e+00 1.051e+00
3.870e+00 7.835e-01
3.880e+00 8.247e-01
3.890e+00 1.039e+00
3.900e+00 7.161e-01
3.910e+00 1.027e+00
3.920e+00 5.691e-01
3.930e+00 4.150e-01
3.940e+00 2.915e-01
3.950e+00 1.667e-01
3.960e+00 4.278e-01
3.970e+00 4.616e-01
3.980e+00 4.072e-01
3.990e+00 -3.594e-02
4.000e+00 7.204e-01
4.010e+00 2.892e-01
4.020e+00 5.885e-01
4.030e+00 5.329e-01
4.040e+00 4.031e-01
4.050e+00 9.671e-01
4.060e+00 7.903e-01
4.070e+00 8.411e-01
4.080e+00 6.423e-01
4.090e+00 7.869e-01
4.100e+00 7.339e-01
4.110e+00 8.113e-01
4.120e+00 4.431e-01
4.130e+00 -5.468e-02
4.140e+00 1.970e-01
4.150e+00 2.824e-02
4.160e+00 4.553e-01
4.170e+00 4.440e-01
4.180e+00 6.315e-01
4.190e+00 9.412e-01
4.200e+00 7.767e-01
4.210e+00 3.632e-01
4.220e+00 6.660e-01
4.230e+00 6.269e-01
4.240e+00 7.314e-01
4.250e+00 5.311e-01
4.260e+00 6.375e-01
4.270e+00 2.694e-01
4.280e+00 2.817e-01
4.290e+00 9.210e-02
4.300e+00 1.975e-01
4.310e+00 2.617e-01
4.320e+00 5.593e-01
4.330e+00 6.999e-01
4.340e+00 7.021e-01
4.350e+00 7.503e-01
4.360e+00 6.507e-01
4.370e+00 5.634e-01
4.380e+00 7.590e-01
4.390e+00 3.843e-01
4.400e+00 7.236e-01
4.410e+00 4.177e-01
4.420e+00 5.633e-01
4.430e+00 4.025e-01
4.440e+00 4.437e-01
4.450e+00 5.062e-01
4.460e+00 1.284e-01
4.470e+00 7.252e-01
4.480e+00 4.708e-02
4.490e+00 7.745e-01
4.500e+00 6.020e-01
4.510e+00 2.215e-01
4.520e+00 6.542e-01
4.530e+00 6.122e-01
4.540e+00 2.173e-01
4.550e+00 7.334e-01
4.560e+00 -2.279e-02
4.570e+00 8.224e-02
4.580e+00 1.301e-02
4.590e+00 1.700e-01
4.600e+00 5.110e-01
4.610e+00 1.215e-01
4.620e+00 7.941e-01
4.630e+00 3.952e-01
4.640e+00 3.690e-01
4.650e+00 5.355e-01
4.660e+00 5.852e-01
4.670e+00 9.595e-01
4.680e+00 7.988e-01
4.690e+00 5.774e-01
4.700e+00 9.632e-01
4.710e+00 6.791e-01
4.720e+00 5.716e-01
4.730e+00 7.573e-01
4.740e+00 1.037e+00
4.750e+00 5.728e-01
4.760e+00 1.164e-02
4.770e+00 3.352e-01
4.780e+00 3.900e-01
4.790e+00 2.015e-01
4.800e+00 9.102e-01
4.810e+00 4.551e-01
4.820e+00 5.334e-01
4.830e+00 9.402e-01
4.840e+00 3.193e-01
4.850e+00 7.683e-01
4.860e+00 5.233e-01
4.870e+00 3.778e-01
4.880e+00 4.041e-01
4.890e+00 5.990e-01
4.900e+00 1.670e-01
4.910e+00 3.533e-01
4.920e+00 4.366e-01
4.930e+00 -1.066e-01
4.940e+00 6.310e-02
4.950e+00 7.587e-02
4.960e+00 5.066e-01
4.970e+00 2.803e-01
4.980e+00 3.813e-01
4.990e+00 -1.674e-01
-5.000e+00 2.391e-02
-4.990e+00 -1.674e-01
-4.980e+00 3.813e-01
-4.970e+00 2.803e-01
-4.960e+00 5.066e-01
-4.950e+00 7.587e-02
-4.940e+00 6.310e-02
-4.930e+00 -1.066e-01
-4.920e+00 4.366e-01
-4.910e+00 3.533e-01
-4.900e+00 1.670e-01
-4.890e+00 5.990e-01
-4.880e+00 4.041e-01
-4.870e+00 3.778e-01
-4.860e+00 5.233e-01
-4.850e+00 7.683e-01
-4.840e+00 3.193e-01
-4.830e+00 9.402e-01
-4.820e+00 5.334e-01
-4.810e+00 4.551e-01
-4.800e+00 9.102e-01
-4.790e+00 2.015e-01
-4.780e+00 3.900e-01
-4.770e+00 3.352e-01
-4.760e+00 1.164e-02
-4.750e+00 5.728e-01
-4.740e+00 1.037e+00
-4.730e+00 7.573e-01
-4.720e+00 5.716e-01
-4.710e+00 6.791e-01
-4.700e+00 9.632e-01
-4.690e+00 5.774e-01
-4.680e+00 7.988e-01
-4.670e+00 9.595e-01
-4.660e+00 5.852e-01
-4.650e+00 5.355e-01
-4.640e+00 3.690e-01
-4.630e+00 3.952e-01
-4.620e+00 7.941e-01
-4.610e+00 1.215e-01
-4.600e+00 5.110e-01
-4.590e+00 1.700e-01
-4.580e+00 1.301e-02
-4.570e+00 8.224e-02
-4.560e+00 -2.279e-02
-4.550e+00 7.334e-01
-4.540e+00 2.173e-01
-4.530e+00 6.122e-01
-4.520e+00 6.542e-01
-4.510e+00 2.215e-01
-4.500e+00 6.020e-01
-4.490e+00 7.745e-01
-4.480e+00 4.708e-02
-4.470e+00 7.252e-01
-4.460e+00 1.284e-01
-4.450e+00 5.062e-01
-4.440e+00 4.437e-01
-4.430e+00 4.025e-01
-4.420e+00 5.633e-01
-4.410e+00 4.177e-01
-4.400e+00 7.236e-01
-4.390e+00 3.843e-01
-4.380e+00 7.590e-01
-4.370e+00 5.634e-01
-4.360e+00 6.507e-01
-4.350e+00 7.503e-01
-4.340e+00 7.021e-01
-4.330e+00 6.999e-01
-4.320e+00 5.593e-01
-4.310e+00 2.617e-01
-4.300e+00 1.975e-01
-4.290e+00 9.210e-02
-4.280e+00 2.817e-01
-4.270e+00 2.694e-01
-4.260e+00 6.375e-01
-4.250e+00 5.311e-01
-4.240e+00 7.314e-01
-4.230e+00 6.269e-01
-4.220e+00 6.660e-01
-4.210e+00 3.632e-01
-4.200e+00 7.767e-01
-4.190e+00 9.412e-01
-4.180e+00 6.315e-01
-4.170e+00 4.440e-01
-4.160e+00 4.553e-01
-4.150e+00 2.824e-02
-4.140e+00 1.970e-01
-4.130e+00 -5.468e-02
-4.120e+00 4.431e-01
-4.110e+00 8.113e-01
-4.100e+00 7.339e-01
-4.090e+00 7.869e-01
-4.080e+00 6.423e-01
-4.070e+00 8.411e-01
-4.060e+00 7.903e-01
-4.050e+00 9.671e-01
-4.040e+00 4.031e-01
-4.030e+00 5.329e-01
-4.020e+00 5.885e-01
-4.010e+00 2.892e-01
-4.000e+00 7.204e-01
-3.990e+00 -3.594e-02
-3.980e+00 4.072e-01
-3.970e+00 4.616e-01
-3.960e+00 4.278e-01
-3.950e+00 1.667e-01
-3.940e+00 2.915e-01
-3.930e+00 4.150e-01
-3.920e+00 5.691e-01
-3.910e+00 1.027e+00
-3.900e+00 7.161e-01
-3.890e+00 1.039e+00
-3.880e+00 8.247e-01
-3.870e+00 7.835e-01
-3.860e+00 1.051e+00
-3.850e+00 1.805e-01
-3.840e+00 4.914e-02
-3.830e+00 2.793e-01
-3.820e+00 4.639e-02
-3.810e+00 7.936e-01
-3.800e+00 5.477e-01
-3.790e+00 3.647e-01
-3.780e+00 -5.651e-02
-3.770e+00 2.284e-01
-3.760e+00 3.186e-01
-3.750e+00 1.103e-01
-3.740e+00 5.377e-01
-3.730e+00 7.086e-01
-3.720e+00 1.219e+00
-3.710e+00 7.254e-01
-3.700e+00 6.375e-01
-3.690e+00 5.080e-01
-3.680e+00 6.524e-01
-3.670e+00 1.061e+00
-3.660e+00 3.379e-01
-3.650e+00 6.770e-01
-3.640e+00 7.192e-01
-3.630e+00 4.384e-01
-3.620e+00 5.780e-01
-3.610e+00 3.021e-01
-3.600e+00 4.817e-01
-3.590e+00 7.423e-01
-3.580e+00 9.187e-01
-3.570e+00 6.457e-01
-3.560e+00 6.958e-01
-3.550e+00 5.612e-01
-3.540e+00 7.322e-01
-3.530e+00 8.884e-01
-3.520e+00 2.816e-01
-3.510e+00 3.244e-01
-3.500e+00 4.685e-01
-3.490e+00 2.744e-01
-3.480e+00 7.787e-01
-3.470e+00 3.235e-01
-3.460e+00 6.830e-01
-3.450e+00 4.670e-01
-3.440e+00 1.711e-01
-3.430e+00 9.165e-01
-3.420e+00 1.337e-02
-3.410e+00 6.339e-01
-3.400e+00 -2.665e-02
-3.390e+00 -4.121e-02
-3.380e+00 2.399e-02
-3.370e+00 1.207e-01
-3.360e+00 1.637e-01
-3.350e+00 6.487e-01
-3.340e+00 9.280e-01
-3.330e+00 4.688e-01
-3.320e+00 4.081e-01
-3.310e+00 4.010e-01
-3.300e+00 4.550e-01
-3.290e+00 9.961e-01
-3.280e+00 4.417e-01
-3.270e+00 3.558e-01
-3.260e+00 2.901e-01
-3.250e+00 4.436e-01
-3.240e+00 1.897e-01
-3.230e+00 4.124e-01
-3.220e+00 5.947e-02
-3.210e+00 6.120e-01
-3.200e+00 6.310e-01
-3.190e+00 6.912e-01
-3.180e+00 8.924e-01
-3.170e+00 3.992e-01
-3.160e+00 3.869e-01
-3.150e+00 9.556e-03
-3.140e+00 7.588e-01
-3.130e+00 9.147e-01
-3.120e+00 3.184e-01
-3.110e+00 6.904e-01
-3.100e+00 5.928e-01
-3.090e+00 4.864e-01
-3.080e+00 2.249e-01
-3.070e+00 5.580e-01
-3.060e+00 4.523e-01
-3.050e+00 7.458e-01
-3.040e+00 5.890e-01
-3.030e+00 7.239e-01
-3.020e+00 1.092e-01
-3.010e+00 8.036e-01
-3.000e+00 1.091e+00
-2.990e+00 7.861e-01
-2.980e+00 5.937e-01
-2.970e+00 6.499e-01
-2.960e+00 8.660e-01
-2.950e+00 1.153e+00
-2.940e+00 9.031e-01
-2.930e+00 5.409e-01
-2.920e+00 6.259e-01
-2.910e+00 2.764e-01
-2.900e+00 8.149e-01
-2.890e+00 1.004e+00
-2.880e+00 3.863e-01
-2.870e+00 9.168e-01
-2.860e+00 7.041e-01
-2.850e+00 5.675e-01
-2.840e+00 3.143e-01
-2.830e+00 3.635e-01
-2.820e+00 7.662e-01
-2.810e+00 9.674e-01
-2.800e+00 8.625e-01
-2.790e+00 6.290e-01
-2.780e+00 9.190e-01
-2.770e+00 6.063e-01
-2.760e+00 9.070e-01
-2.750e+00 1.129e+00
-2.740e+00 5.935e-01
-2.730e+00 8.601e-01
-2.720e+00 1.923e-01
-2.710e+00 1.340e+00
-2.700e+00 5.714e-01
-2.690e+00 1.021e+00
-2.680e+00 8.394e-01
-2.670e+00 3.739e-01
-2.660e+00 7.419e-01
-2.650e+00 8.299e-01
-2.640e+00 8.151e-02
-2.630e+00 7.017e-01
-2.620e+00 3.868e-01
-2.610e+00 6.555e-01
-2.600e+00 8.551e-01
-2.590e+00 8.478e-01
-2.580e+00 1.058e+00
-2.570e+00 1.082e+00
-2.560e+00 1.123e+00
-2.550e+00 4.123e-01
-2.540e+00 6.919e-01
-2.530e+00 8.945e-01
-2.520e+00 1.099e+00
-2.510e+00 1.040e+00
-2.500e+00 7.539e-01
-2.490e+00 4.645e-02
-2.480e+00 6.513e-01
-2.470e+00 4.135e-02
-2.460e+00 3.592e-01
-2.450e+00 4.053e-01
-2.440e+00 -2.195e-01
-2.430e+00 1.280e-01
-2.420e+00 6.908e-01
-2.410e+00 3.899e-01
-2.400e+00 6.025e-01
-2.390e+00 3.582e-01
-2.380e+00 3.194e-01
-2.370e+00 1.806e-01
-2.360e+00 6.471e-01
-2.350e+00 6.190e-01
-2.340e+00 3.756e-01
-2.330e+00 9.056e-01
-2.320e+00 8.005e-01
-2.310e+00 4.404e-01
-2.300e+00 7.153e-01
-2.290e+00 -7.010e-02
-2.280e+00 5.290e-03
-2.270e+00 8.118e-01
-2.260e+00 1.886e-01
-2.250e+00 2.191e-01
-2.240e+00 9.189e-01
-2.230e+00 1.271e-01
-2.220e+00 9.403e-01
-2.210e+00 1.311e-01
-2.200e+00 -3.306e-01
-2.190e+00 7.166e-01
-2.180e+00 4.753e-01
-2.170e+00 5.983e-01
-2.160e+00 5.682e-01
-2.150e+00 2.899e-01
-2.140e+00 1.058e+00
-2.130e+00 5.436e-01
-2.120e+00 1.486e+00
-2.110e+00 6.515e-01
-2.100e+00 5.394e-01
-2.090e+00 1.019e+00
-2.080e+00 3.147e-01
-2.070e+00 2.045e-01
-2.060e+00 -3.511e-02
-2.050e+00 5.992e-01
-2.040e+00 6.150e-01
-2.030e+00 5.958e-01
-2.020e+00 3.497e-01
-2.010e+00 4.559e-01
-2.000e+00 6.299e-01
-1.990e+00 2.419e-01
-1.980e+00 1.419e-01
-1.970e+00 4.730e-01
-1.960e+00 -6.648e-02
-1.950e+00 -5.502e-02
-1.940e+00 9.721e-01
-1.930e+00 -2.245e-04
-1.920e+00 2.415e-01
-1.910e+00 6.346e-01
-1.900e+00 3.950e-01
-1.890e+00 4.588e-01
-1.880e+00 5.943e-01
-1.870e+00 7.249e-02
-1.860e+00 5.608e-01
-1.850e+00 4.273e-01
-1.840e+00 5.362e-01
-1.830e+00 1.064e-01
-1.820e+00 -2.747e-01
-1.810e+00 7.024e-01
-1.800e+00 5.413e-01
-1.790e+00 1.039e+00
-1.780e+00 -2.608e-01
-1.770e+00 1.099e+00
-1.760e+00 9.034e-01
-1.750e+00 1.838e+00
-1.740e+00 1.817e+00
-1.730e+00 1.052e+00
-1.720e+00 3.723e-01
-1.710e+00 1.868e-01
-1.700e+00 -1.506e-02
-1.690e+00 -2.449e-02
-1.680e+00 6.922e-01
-1.670e+00 7.925e-01
-1.660e+00 9.100e-01
-1.650e+00 8.768e-01
-1.640e+00 4.081e-01
-1.630e+00 8.949e-01
-1.620e+00 4.445e-01
-1.610e+00 1.381e+00
-1.600e+00 3.926e-01
-1.590e+00 2.095e-01
-1.580e+00 8.352e-01
-1.570e+00 5.074e-01
-1.560e+00 8.295e-01
-1.550e+00 3.995e-01
-1.540e+00 6.972e-01
-1.530e+00 7.010e-01
-1.520e+00 6.596e-01
-1.510e+00 2.873e-01
-1.500e+00 7.110e-01
-1.490e+00 9.644e-01
-1.480e+00 6.991e-01
-1.470e+00 7.402e-01
-1.460e+00 1.066e+00
-1.450e+00 3.149e-01
-1.440e+00 2.764e-01
-1.430e+00 5.531e-01
-1.420e+00 2.302e-01
-1.410e+00 9.577e-01
-1.400e+00 1.032e+00
-1.390e+00 7.439e-01
-1.380e+00 3.843e-01
-1.370e+00 6.323e-01
-1.360e+00 -3.625e-01
-1.350e+00 9.165e-02
-1.340e+00 1.610e+00
-1.330e+00 6.633e-01
-1.320e+00 9.184e-01
-1.310e+00 4.698e-01
-1.300e+00 8.302e-01
-1.290e+00 -9.272e-01
-1.280e+00 7.885e-01
-1.270e+00 1.465e-01
-1.260e+00 4.629e-01
-1.250e+00 1.204e+00
-1.240e+00 -3.299e-01
-1.230e+00 3.896e-01
-1.220e+00 7.381e-01
-1.210e+00 9.196e-01
-1.200e+00 1.113e+00
-1.190e+00 3.403e-01
-1.180e+00 -8.358e-01
-1.170e+00 1.061e+00
-1.160e+00 1.297e+00
-1.150e+00 1.392e+00
-1.140e+00 6.593e-01
-1.130e+00 -1.546e-01
-1.120e+00 2.979e-01
-1.110e+00 9.233e-01
-1.100e+00 1.146e+00
-1.090e+00 -1.169e-01
-1.080e+00 -3.524e-01
-1.070e+00 2.872e-01
-1.060e+00 2.455e-01
-1.050e+00 1.151e+00
-1.040e+00 9.157e-01
-1.030e+00 1.622e+00
-1.020e+00 9.145e-01
-1.010e+00 1.915e+00
-1.000e+00 1.536e+00
-9.900e-01 1.442e+00
-9.800e-01 1.522e+00
-9.700e-01 2.211e+00
-9.600e-01 -8.218e-02
-9.500e-01 1.118e+00
-9.400e-01 8.606e-01
-9.300e-01 1.034e+00
-9.200e-01 1.916e+00
-9.100e-01 3.185e-01
-9.000e-01 1.220e+00
-8.900e-01 4.525e-02
-8.800e-01 1.069e+00
-8.700e-01 8.277e-01
-8.600e-01 6.870e-01
-8.500e-01 7.771e-01
-8.400e-01 3.525e-01
-8.300e-01 1.636e+00
-8.200e-01 5.655e-01
-8.100e-01 7.809e-01
-8.000e-01 1.438e+00
-7.900e-01 7.422e-01
-7.800e-01 1.239e+00
-7.700e-01 1.819e+00
-7.600e-01 2.835e-01
-7.500e-01 8.956e-01
-7.400e-01 1.436e+00
-7.300e-01 1.652e+00
-7.200e-01 1.528e+00
-7.100e-01 -2.648e-01
-7.000e-01 7.553e-01
-6.900e-01 1.433e-02
-6.800e-01 -6.471e-02
-6.700e-01 -2.982e-01
-6.600e-01 4.063e-01
-6.500e-01 -1.558e-01
-6.400e-01 2.410e+00
-6.300e-01 2.797e-01
-6.200e-01 3.408e-02
-6.100e-01 2.269e-01
-6.000e-01 -4.825e-01
-5.900e-01 7.164e-01
-5.800e-01 -2.147e-01
-5.700e-01 2.265e-01
-5.600e-01 3.874e-01
-5.500e-01 7.816e-01
-5.400e-01 -3.920e-01
-5.300e-01 2.140e-01
-5.200e-01 8.599e-01
-5.100e-01 -1.588e+00
-5.000e-01 9.748e-01
-4.900e-01 4.926e-01
-4.800e-01 1.645e+00
-4.700e-01 2.186e-02
-4.600e-01 1.486e+00
-4.500e-01 8.492e-01
-4.400e-01 4.549e-02
-4.300e-01 -4.050e-01
-4.200e-01 1.639e+00
-4.100e-01 -4.194e-01
-4.000e-01 1.366e+00
-3.900e-01 5.363e-01
-3.800e-01 4.431e-01
-3.700e-01 8.357e-01
-3.600e-01 -3.407e-01
-3.500e-01 5.543e-01
-3.400e-01 1.715e-01
-3.300e-01 9.303e-01
-3.200e-01 1.405e+00
-3.100e-01 -2.277e-01
-3.000e-01 1.323e-01
-2.900e-01 -1.739e+00
-2.800e-01 1.905e+00
-2.700e-01 6.252e-01
-2.600e-01 -1.875e+00
-2.500e-01 -3.461e-01
-2.400e-01 -1.340e-01
-2.300e-01 -3.050e-01
-2.200e-01 2.421e+00
-2.100e-01 5.892e-01
-2.000e-01 3.420e-01
-1.900e-01 2.813e+00
-1.800e-01 1.510e+00
-1.700e-01 1.902e+00
-1.600e-01 1.914e+00
-1.500e-01 1.985e+00
-1.400e-01 3.031e+00
-1.300e-01 -1.723e+00
-1.200e-01 3.273e+00
-1.100e-01 1.005e+00
-1.000e-01 3.988e+00
-9.000e-02 5.146e+00
-8.000e-02 2.261e+00
-7.000e-02 8.011e+00
-6.000e-02 1.504e+00
-5.000e-02 1.016e+01
-4.000e-02 1.790e+01
-3.000e-02 1.752e+01
-2.000e-02 3.127e+01
-1.000e-02 6.109e+01
