# Time (ps)      real(F_1)      im(F_1)
0.000e+00 1.000e+00 0.000e+00
1.000e-01 9.461e-01 1.689e-02
2.000e-01 8.813e-01 6.536e-03
3.000e-01 8.386e-01 3.195e-03
4.000e-01 8.484e-01 9.439e-03
5.000e-01 8.387e-01 -2.498e-03
6.000e-01 8.384e-01 1.738e-02
7.000e-01 8.239e-01 -2.889e-03
8.000e-01 8.144e-01 8.043e-04
9.000e-01 8.074e-01 3.470e-03
1.000e+00 8.157e-01 9.559e-04
1.100e+00 7.960e-01 2.117e-03
1.200e+00 7.735e-01 -3.242e-02
1.300e+00 7.535e-01 -3.313e-03
1.400e+00 7.499e-01 -1.329e-02
1.500e+00 7.202e-01 1.722e-02
1.600e+00 7.132e-01 2.175e-02
1.700e+00 7.122e-01 -3.072e-03
1.800e+00 7.022e-01 -2.465e-02
1.900e+00 7.042e-01 -3.830e-02
2.000e+00 6.730e-01 -4.079e-02
2.100e+00 6.875e-01 -3.655e-02
2.200e+00 6.840e-01 -1.166e-02
2.300e+00 6.823e-01 -1.224e-03
2.400e+00 6.618e-01 -1.658e-02
2.500e+00 6.601e-01 -8.617e-03
2.600e+00 6.593e-01 5.945e-05
2.700e+00 6.406e-01 1.635e-02
2.800e+00 6.336e-01 7.743e-03
2.900e+00 6.414e-01 9.486e-03
3.000e+00 6.304e-01 3.780e-03
3.100e+00 6.193e-01 6.292e-03
3.200e+00 6.162e-01 -1.428e-03
3.300e+00 6.019e-01 -5.928e-03
3.400e+00 6.209e-01 1.276e-03
3.500e+00 5.857e-01 -2.924e-03
3.600e+00 5.834e-01 5.417e-03
3.700e+00 5.829e-01 -7.298e-03
3.800e+00 5.891e-01 -5.871e-03
3.900e+00 5.740e-01 -6.995e-03
4.000e+00 5.796e-01 1.387e-03
4.100e+00 5.853e-01 -9.681e-03
4.200e+00 5.654e-01 -1.233e-02
4.300e+00 5.861e-01 -1.198e-03
4.400e+00 5.498e-01 1.167e-02
4.500e+00 5.443e-01 -8.284e-03
4.600e+00 5.516e-01 2.117e-03
4.700e+00 5.436e-01 -5.245e-03
4.800e+00 5.235e-01 -2.012e-02
4.900e+00 5.097e-01 -1.693e-02
5.000e+00 5.172e-01 -1.414e-02
5.100e+00 5.254e-01 1.566e-03
5.200e+00 5.276e-01 4.813e-03
5.300e+00 5.354e-01 -1.866e-02
5.400e+00 5.076e-01 -2.566e-02
5.500e+00 4.986e-01 -8.538e-03
5.600e+00 4.757e-01 1.190e-03
5.700e+00 4.885e-01 7.742e-03
5.800e+00 4.749e-01 2.036e-03
5.900e+00 4.887e-01 -3.919e-03
6.000e+00 4.812e-01 -1.338e-04
6.100e+00 4.828e-01 -8.981e-04
6.200e+00 4.779e-01 -2.021e-03
6.300e+00 4.659e-01 -6.880e-03
6.400e+00 4.691e-01 -1.626e-02
6.500e+00 4.476e-01 -1.332e-02
6.600e+00 4.448e-01 -1.460e-02
6.700e+00 4.447e-01 -2.909e-03
6.800e+00 4.475e-01 -4.739e-03
6.900e+00 4.346e-01 -2.179e-03
7.000e+00 4.583e-01 -1.706e-02
7.100e+00 4.437e-01 -2.516e-02
7.200e+00 4.281e-01 -2.450e-02
7.300e+00 4.507e-01 -1.676e-02
7.400e+00 4.562e-01 -1.453e-02
7.500e+00 4.519e-01 -1.009e-02
7.600e+00 4.419e-01 -1.559e-02
7.700e+00 4.341e-01 -2.178e-02
7.800e+00 4.347e-01 -1.756e-02
7.900e+00 4.343e-01 -2.872e-02
8.000e+00 4.253e-01 -3.059e-02
8.100e+00 4.426e-01 -2.478e-02
8.200e+00 4.296e-01 -2.169e-02
8.300e+00 4.216e-01 -2.280e-02
8.400e+00 4.169e-01 -2.333e-02
8.500e+00 4.211e-01 -2.133e-02
8.600e+00 4.400e-01 -8.758e-03
8.700e+00 4.082e-01 -1.713e-02
8.800e+00 4.026e-01 -4.339e-03
8.900e+00 4.119e-01 -1.568e-02
9.000e+00 3.967e-01 -1.196e-02
9.100e+00 3.843e-01 -1.276e-02
9.200e+00 3.702e-01 -2.751e-02
9.300e+00 3.569e-01 -1.492e-02
9.400e+00 3.663e-01 -1.739e-02
9.500e+00 3.758e-01 -1.985e-02
9.600e+00 3.848e-01 -2.387e-02
9.700e+00 3.716e-01 -1.513e-02
9.800e+00 3.739e-01 -1.645e-02
9.900e+00 3.576e-01 -1.652e-02
1.000e+01 3.498e-01 -1.214e-02
1.010e+01 3.747e-01 -1.231e-02
1.020e+01 3.542e-01 -5.890e-03
1.030e+01 3.575e-01 -9.425e-03
1.040e+01 3.565e-01 -6.543e-03
1.050e+01 3.413e-01 -1.079e-02
1.060e+01 3.537e-01 -7.791e-03
1.070e+01 3.462e-01 -9.935e-03
1.080e+01 3.455e-01 -5.031e-03
1.090e+01 3.402e-01 -4.061e-03
1.100e+01 3.640e-01 -4.328e-03
1.110e+01 3.472e-01 -1.988e-02
1.120e+01 3.534e-01 -2.578e-02
1.130e+01 3.500e-01 -2.329e-02
1.140e+01 3.524e-01 -1.923e-02
1.150e+01 3.509e-01 -6.563e-03
1.160e+01 3.251e-01 -6.585e-03
1.170e+01 3.304e-01 -7.273e-03
1.180e+01 3.338e-01 -2.114e-02
1.190e+01 3.231e-01 -1.903e-02
1.200e+01 3.082e-01 -2.106e-02
1.210e+01 3.065e-01 -1.358e-02
1.220e+01 3.135e-01 -8.516e-03
1.230e+01 3.104e-01 -9.481e-03
1.240e+01 3.047e-01 -8.798e-03
1.250e+01 3.087e-01 -4.602e-03
1.260e+01 3.094e-01 3.093e-03
1.270e+01 2.992e-01 1.020e-02
1.280e+01 2.971e-01 2.194e-03
1.290e+01 2.896e-01 1.170e-02
1.300e+01 3.023e-01 -1.284e-02
1.310e+01 2.956e-01 -8.239e-03
1.320e+01 2.851e-01 -1.210e-02
1.330e+01 2.755e-01 -9.309e-03
1.340e+01 2.768e-01 -5.268e-03
1.350e+01 2.693e-01 -1.073e-02
1.360e+01 2.717e-01 -1.314e-02
1.370e+01 2.804e-01 -1.634e-02
1.380e+01 2.913e-01 -2.195e-02
1.390e+01 2.757e-01 -7.854e-03
1.400e+01 2.863e-01 -1.027e-02
1.410e+01 2.905e-01 -5.033e-03
1.420e+01 2.891e-01 -1.621e-02
1.430e+01 2.963e-01 -7.463e-03
1.440e+01 2.784e-01 1.285e-03
1.450e+01 2.847e-01 -1.040e-02
1.460e+01 2.779e-01 -1.392e-03
1.470e+01 2.672e-01 -9.052e-05
1.480e+01 2.682e-01 -4.227e-03
1.490e+01 2.621e-01 -9.781e-03
1.500e+01 2.645e-01 -6.606e-03
1.510e+01 2.628e-01 -7.033e-03
1.520e+01 2.619e-01 -1.376e-02
1.530e+01 2.721e-01 -1.536e-02
1.540e+01 2.581e-01 -1.820e-02
1.550e+01 2.573e-01 -1.523e-02
1.560e+01 2.372e-01 -9.122e-03
1.570e+01 2.449e-01 -2.885e-03
1.580e+01 2.448e-01 -3.798e-03
1.590e+01 2.375e-01 -6.256e-03
1.600e+01 2.319e-01 -1.779e-02
1.610e+01 2.222e-01 -1.364e-02
1.620e+01 2.220e-01 -2.550e-03
1.630e+01 2.146e-01 -8.113e-03
1.640e+01 2.070e-01 -6.701e-03
1.650e+01 2.107e-01 1.358e-03
1.660e+01 2.170e-01 5.560e-03
1.670e+01 2.119e-01 6.395e-03
1.680e+01 2.107e-01 7.751e-03
1.690e+01 2.066e-01 7.950e-03
1.700e+01 2.052e-01 -4.277e-04
1.710e+01 2.077e-01 -8.501e-03
1.720e+01 2.166e-01 -4.564e-03
1.730e+01 2.206e-01 -1.085e-02
1.740e+01 2.254e-01 -1.634e-02
1.750e+01 2.235e-01 -8.580e-03
1.760e+01 2.173e-01 -6.191e-03
1.770e+01 2.156e-01 -6.951e-03
1.780e+01 2.221e-01 -1.326e-02
1.790e+01 2.220e-01 -1.851e-02
1.800e+01 2.189e-01 -1.228e-02
1.810e+01 2.262e-01 -1.350e-02
1.820e+01 2.332e-01 -1.606e-02
1.830e+01 2.285e-01 -1.512e-02
1.840e+01 2.160e-01 -1.177e-02
1.850e+01 2.086e-01 -1.209e-03
1.860e+01 2.043e-01 -9.190e-04
1.870e+01 1.965e-01 -1.002e-02
1.880e+01 2.085e-01 -9.580e-04
1.890e+01 2.168e-01 -6.570e-03
1.900e+01 2.133e-01 -5.932e-03
1.910e+01 2.175e-01 -1.994e-02
1.920e+01 2.161e-01 -1.894e-02
1.930e+01 2.165e-01 -2.632e-02
1.940e+01 2.093e-01 -1.876e-02
1.950e+01 2.134e-01 -2.004e-02
1.960e+01 2.161e-01 -2.791e-02
1.970e+01 2.136e-01 -2.666e-02
1.980e+01 2.140e-01 -1.757e-02
1.990e+01 2.087e-01 -1.409e-02
2.000e+01 2.066e-01 -1.770e-02
2.010e+01 2.298e-01 -1.686e-02
2.020e+01 2.173e-01 -1.214e-02
2.030e+01 2.117e-01 -2.063e-02
2.040e+01 2.120e-01 -1.271e-02
2.050e+01 2.067e-01 -1.570e-02
2.060e+01 2.062e-01 -1.658e-02
2.070e+01 1.948e-01 -1.628e-02
2.080e+01 1.902e-01 -1.814e-02
2.090e+01 1.955e-01 -1.701e-02
2.100e+01 2.007e-01 -1.255e-02
2.110e+01 2.010e-01 -8.215e-03
2.120e+01 2.083e-01 -2.322e-02
2.130e+01 1.893e-01 -2.172e-02
2.140e+01 1.878e-01 -1.387e-02
2.150e+01 1.820e-01 -5.376e-03
2.160e+01 1.745e-01 2.989e-03
2.170e+01 1.831e-01 -1.955e-03
2.180e+01 1.877e-01 -2.205e-03
2.190e+01 1.799e-01 -8.440e-03
2.200e+01 1.759e-01 -1.245e-02
2.210e+01 1.875e-01 -1.218e-02
2.220e+01 1.903e-01 -4.659e-03
2.230e+01 1.934e-01 1.306e-03
2.240e+01 1.886e-01 -3.374e-04
2.250e+01 1.916e-01 4.756e-03
2.260e+01 1.886e-01 7.167e-03
2.270e+01 1.831e-01 2.420e-03
2.280e+01 1.772e-01 1.013e-02
2.290e+01 1.697e-01 9.675e-03
2.300e+01 1.750e-01 5.925e-03
2.310e+01 1.776e-01 9.727e-03
2.320e+01 1.749e-01 7.886e-03
2.330e+01 1.644e-01 1.362e-02
2.340e+01 1.660e-01 1.604e-02
2.350e+01 1.602e-01 1.922e-02
2.360e+01 1.602e-01 1.673e-02
2.370e+01 1.596e-01 1.287e-02
2.380e+01 1.776e-01 2.115e-02
2.390e+01 1.749e-01 1.258e-02
2.400e+01 1.814e-01 6.336e-03
2.410e+01 1.738e-01 -2.764e-03
2.420e+01 1.637e-01 -3.846e-04
2.430e+01 1.759e-01 4.685e-03
2.440e+01 1.725e-01 7.096e-03
2.450e+01 1.681e-01 2.473e-03
2.460e+01 1.667e-01 5.899e-03
2.470e+01 1.604e-01 7.643e-03
2.480e+01 1.539e-01 1.476e-02
2.490e+01 1.577e-01 1.630e-02
2.500e+01 1.607e-01 1.454e-02
2.510e+01 1.538e-01 2.634e-02
2.520e+01 1.553e-01 1.772e-02
2.530e+01 1.581e-01 6.576e-03
2.540e+01 1.562e-01 4.354e-03
2.550e+01 1.533e-01 2.260e-03
2.560e+01 1.541e-01 2.203e-03
2.570e+01 1.639e-01 8.923e-03
2.580e+01 1.583e-01 3.778e-03
2.590e+01 1.574e-01 -6.271e-03
2.600e+01 1.513e-01 -4.122e-03
2.610e+01 1.466e-01 3.663e-03
2.620e+01 1.420e-01 7.217e-03
2.630e+01 1.431e-01 1.522e-02
2.640e+01 1.408e-01 9.122e-03
2.650e+01 1.410e-01 1.089e-02
2.660e+01 1.544e-01 7.256e-03
2.670e+01 1.514e-01 1.212e-02
2.680e+01 1.526e-01 1.113e-02
2.690e+01 1.592e-01 1.532e-02
2.700e+01 1.527e-01 7.745e-03
2.710e+01 1.550e-01 7.719e-03
2.720e+01 1.517e-01 4.882e-03
2.730e+01 1.566e-01 7.706e-03
2.740e+01 1.488e-01 1.048e-02
2.750e+01 1.582e-01 7.455e-03
2.760e+01 1.610e-01 9.884e-03
2.770e+01 1.508e-01 6.963e-03
2.780e+01 1.542e-01 7.715e-03
2.790e+01 1.463e-01 9.958e-03
2.800e+01 1.429e-01 7.754e-03
2.810e+01 1.483e-01 1.366e-02
2.820e+01 1.498e-01 6.759e-03
2.830e+01 1.505e-01 1.236e-02
2.840e+01 1.509e-01 9.863e-03
2.850e+01 1.459e-01 7.735e-03
2.860e+01 1.403e-01 1.631e-02
2.870e+01 1.305e-01 1.351e-02
2.880e+01 1.373e-01 1.579e-02
2.890e+01 1.398e-01 1.292e-02
2.900e+01 1.429e-01 1.802e-02
2.910e+01 1.394e-01 1.548e-02
2.920e+01 1.352e-01 9.652e-03
2.930e+01 1.350e-01 9.031e-03
2.940e+01 1.301e-01 1.176e-02
2.950e+01 1.350e-01 1.003e-02
2.960e+01 1.386e-01 9.962e-03
2.970e+01 1.343e-01 1.232e-02
2.980e+01 1.357e-01 1.674e-02
2.990e+01 1.337e-01 1.930e-02
3.000e+01 1.349e-01 1.827e-02
3.010e+01 1.326e-01 1.813e-02
3.020e+01 1.334e-01 1.882e-02
3.030e+01 1.204e-01 1.830e-02
3.040e+01 1.161e-01 1.988e-02
3.050e+01 1.090e-01 1.934e-02
3.060e+01 1.027e-01 2.384e-02
3.070e+01 1.056e-01 2.642e-02
3.080e+01 1.133e-01 2.434e-02
3.090e+01 1.102e-01 2.100e-02
3.100e+01 1.102e-01 2.391e-02
3.110e+01 1.156e-01 1.513e-02
3.120e+01 1.144e-01 1.188e-02
3.130e+01 1.153e-01 1.156e-02
3.140e+01 1.242e-01 1.251e-02
3.150e+01 1.213e-01 1.175e-02
3.160e+01 1.206e-01 1.370e-02
3.170e+01 1.186e-01 1.816e-02
3.180e+01 1.218e-01 1.788e-02
3.190e+01 1.084e-01 1.640e-02
3.200e+01 1.121e-01 1.035e-02
3.210e+01 1.172e-01 4.994e-03
3.220e+01 1.152e-01 6.173e-03
3.230e+01 1.226e-01 9.481e-03
3.240e+01 1.147e-01 1.316e-02
3.250e+01 1.086e-01 1.440e-02
3.260e+01 1.200e-01 1.188e-02
3.270e+01 1.228e-01 9.413e-03
3.280e+01 1.186e-01 1.614e-02
3.290e+01 1.077e-01 2.532e-02
3.300e+01 1.091e-01 1.224e-02
3.310e+01 1.167e-01 1.813e-02
3.320e+01 1.102e-01 1.447e-02
3.330e+01 1.136e-01 1.362e-02
3.340e+01 1.154e-01 2.118e-02
3.350e+01 1.061e-01 2.223e-02
3.360e+01 1.055e-01 1.823e-02
3.370e+01 1.138e-01 1.411e-02
3.380e+01 1.136e-01 1.070e-02
3.390e+01 1.168e-01 9.011e-03
3.400e+01 1.137e-01 1.769e-02
3.410e+01 1.119e-01 1.950e-02
3.420e+01 1.094e-01 2.055e-02
3.430e+01 1.056e-01 2.047e-02
3.440e+01 1.039e-01 1.971e-02
3.450e+01 1.137e-01 1.751e-02
3.460e+01 1.081e-01 1.680e-02
3.470e+01 1.024e-01 1.965e-02
3.480e+01 1.062e-01 2.364e-02
3.490e+01 1.040e-01 2.254e-02
3.500e+01 9.977e-02 2.262e-02
3.510e+01 1.012e-01 2.286e-02
3.520e+01 1.029e-01 1.754e-02
3.530e+01 1.034e-01 1.847e-02
3.540e+01 1.024e-01 2.595e-02
3.550e+01 9.723e-02 1.875e-02
3.560e+01 9.134e-02 1.474e-02
3.570e+01 9.463e-02 2.174e-02
3.580e+01 8.896e-02 1.683e-02
3.590e+01 8.878e-02 1.962e-02
3.600e+01 8.866e-02 1.092e-02
3.610e+01 9.183e-02 1.979e-02
3.620e+01 8.443e-02 2.541e-02
3.630e+01 8.571e-02 2.287e-02
3.640e+01 8.388e-02 2.408e-02
3.650e+01 8.227e-02 2.754e-02
3.660e+01 8.006e-02 3.184e-02
3.670e+01 8.296e-02 3.539e-02
3.680e+01 8.252e-02 3.756e-02
3.690e+01 8.863e-02 3.889e-02
3.700e+01 1.009e-01 3.313e-02
3.710e+01 1.007e-01 2.614e-02
3.720e+01 9.191e-02 2.336e-02
3.730e+01 9.710e-02 2.514e-02
3.740e+01 8.561e-02 2.863e-02
3.750e+01 8.311e-02 2.716e-02
3.760e+01 9.332e-02 3.708e-02
3.770e+01 8.778e-02 2.608e-02
3.780e+01 8.813e-02 1.834e-02
3.790e+01 9.508e-02 1.543e-02
3.800e+01 9.022e-02 4.433e-03
3.810e+01 9.082e-02 1.600e-02
3.820e+01 9.112e-02 8.065e-03
3.830e+01 9.450e-02 1.258e-02
3.840e+01 9.372e-02 1.611e-02
3.850e+01 8.515e-02 1.388e-02
3.860e+01 8.898e-02 3.216e-02
3.870e+01 8.210e-02 1.845e-02
3.880e+01 8.208e-02 2.303e-02
3.890e+01 8.481e-02 1.796e-02
3.900e+01 8.563e-02 2.754e-02
3.910e+01 9.541e-02 2.081e-02
3.920e+01 9.343e-02 2.018e-02
3.930e+01 9.160e-02 2.419e-02
3.940e+01 8.646e-02 2.781e-02
3.950e+01 8.788e-02 2.377e-02
3.960e+01 8.825e-02 2.290e-02
3.970e+01 8.820e-02 2.251e-02
3.980e+01 8.478e-02 2.390e-02
3.990e+01 9.452e-02 2.704e-02
4.000e+01 8.998e-02 2.652e-02
4.010e+01 1.021e-01 2.175e-02
4.020e+01 9.150e-02 1.159e-02
4.030e+01 9.627e-02 1.339e-02
4.040e+01 9.940e-02 1.695e-02
4.050e+01 9.589e-02 1.732e-02
4.060e+01 9.175e-02 1.879e-02
4.070e+01 9.350e-02 2.491e-02
4.080e+01 9.277e-02 1.482e-02
4.090e+01 9.776e-02 1.067e-02
4.100e+01 9.602e-02 1.344e-02
4.110e+01 9.799e-02 8.119e-03
4.120e+01 9.191e-02 1.096e-02
4.130e+01 9.131e-02 1.212e-02
4.140e+01 9.073e-02 1.663e-02
4.150e+01 8.332e-02 1.819e-02
4.160e+01 8.130e-02 2.495e-02
4.170e+01 8.566e-02 2.391e-02
4.180e+01 8.870e-02 1.841e-02
4.190e+01 8.715e-02 1.503e-02
4.200e+01 8.979e-02 7.800e-03
4.210e+01 9.622e-02 -1.312e-03
4.220e+01 9.949e-02 7.082e-03
4.230e+01 1.031e-01 5.756e-03
4.240e+01 9.796e-02 5.515e-03
4.250e+01 9.166e-02 6.938e-03
4.260e+01 9.875e-02 2.760e-03
4.270e+01 9.748e-02 3.901e-03
4.280e+01 8.793e-02 8.589e-03
4.290e+01 7.878e-02 1.189e-02
4.300e+01 8.467e-02 1.634e-02
4.310e+01 8.523e-02 2.468e-02
4.320e+01 8.495e-02 1.271e-02
4.330e+01 8.520e-02 1.325e-02
4.340e+01 8.728e-02 1.372e-02
4.350e+01 8.242e-02 1.420e-02
4.360e+01 8.291e-02 1.195e-02
4.370e+01 8.533e-02 9.770e-03
4.380e+01 8.361e-02 8.270e-03
4.390e+01 8.817e-02 1.281e-02
4.400e+01 9.582e-02 1.471e-02
4.410e+01 8.315e-02 8.018e-03
4.420e+01 8.385e-02 1.249e-02
4.430e+01 8.469e-02 1.699e-02
4.440e+01 7.822e-02 1.534e-02
4.450e+01 8.228e-02 1.433e-02
4.460e+01 7.800e-02 7.538e-03
4.470e+01 7.092e-02 3.449e-03
4.480e+01 7.319e-02 6.491e-04
4.490e+01 7.871e-02 1.623e-03
4.500e+01 7.671e-02 6.324e-03
4.510e+01 7.567e-02 4.633e-03
4.520e+01 7.909e-02 1.800e-03
4.530e+01 8.385e-02 3.922e-03
4.540e+01 8.087e-02 2.604e-03
4.550e+01 7.755e-02 4.564e-03
4.560e+01 7.726e-02 1.104e-03
4.570e+01 8.154e-02 1.114e-02
4.580e+01 7.976e-02 6.283e-03
4.590e+01 7.417e-02 5.052e-04
4.600e+01 7.716e-02 -1.273e-03
4.610e+01 8.409e-02 2.726e-03
4.620e+01 6.858e-02 8.482e-03
4.630e+01 7.497e-02 4.919e-03
4.640e+01 7.493e-02 5.158e-03
4.650e+01 7.178e-02 1.009e-02
4.660e+01 7.136e-02 1.885e-02
4.670e+01 6.958e-02 1.960e-02
4.680e+01 7.241e-02 1.584e-02
4.690e+01 7.098e-02 1.481e-02
4.700e+01 7.089e-02 1.041e-02
4.710e+01 6.678e-02 1.166e-02
4.720e+01 6.362e-02 1.357e-02
4.730e+01 7.024e-02 1.502e-02
4.740e+01 6.522e-02 1.345e-02
4.750e+01 6.154e-02 1.712e-02
4.760e+01 6.493e-02 1.710e-02
4.770e+01 6.343e-02 1.254e-02
4.780e+01 5.956e-02 7.497e-03
4.790e+01 6.039e-02 8.633e-03
4.800e+01 5.929e-02 5.470e-03
4.810e+01 5.818e-02 9.218e-03
4.820e+01 6.049e-02 8.843e-03
4.830e+01 6.078e-02 5.125e-03
4.840e+01 5.442e-02 5.542e-03
4.850e+01 5.019e-02 1.087e-02
4.860e+01 5.540e-02 1.276e-02
4.870e+01 5.417e-02 4.607e-03
4.880e+01 5.239e-02 1.154e-02
4.890e+01 5.315e-02 7.961e-03
4.900e+01 5.991e-02 1.305e-02
4.910e+01 6.108e-02 1.309e-02
4.920e+01 6.419e-02 1.476e-02
4.930e+01 5.913e-02 1.721e-02
4.940e+01 5.730e-02 1.338e-02
4.950e+01 5.666e-02 1.462e-02
4.960e+01 6.318e-02 9.232e-03
4.970e+01 6.310e-02 1.356e-02
4.980e+01 6.609e-02 8.095e-03
4.990e+01 6.596e-02 1.189e-02
5.000e+01 6.835e-02 4.021e-03
5.010e+01 6.954e-02 9.001e-03
5.020e+01 6.254e-02 5.939e-03
5.030e+01 6.234e-02 8.397e-04
5.040e+01 6.427e-02 6.779e-03
5.050e+01 6.467e-02 1.912e-03
5.060e+01 5.903e-02 4.760e-03
5.070e+01 6.052e-02 4.990e-03
5.080e+01 5.807e-02 5.870e-03
5.090e+01 6.384e-02 6.680e-03
5.100e+01 6.571e-02 1.007e-02
5.110e+01 6.716e-02 8.498e-03
5.120e+01 6.944e-02 4.972e-03
5.130e+01 6.454e-02 1.712e-03
5.140e+01 6.257e-02 8.821e-04
5.150e+01 6.199e-02 6.343e-03
5.160e+01 6.276e-02 9.377e-03
5.170e+01 6.463e-02 5.557e-03
5.180e+01 7.134e-02 1.203e-02
5.190e+01 6.390e-02 1.178e-02
5.200e+01 5.995e-02 6.981e-03
5.210e+01 6.112e-02 1.023e-02
5.220e+01 7.178e-02 8.213e-03
5.230e+01 7.186e-02 7.844e-03
5.240e+01 7.019e-02 9.742e-03
5.250e+01 7.101e-02 1.161e-02
5.260e+01 7.845e-02 8.504e-03
5.270e+01 7.820e-02 7.693e-03
5.280e+01 7.550e-02 5.465e-03
5.290e+01 7.272e-02 7.249e-03
5.300e+01 6.935e-02 6.982e-03
5.310e+01 7.343e-02 1.696e-03
5.320e+01 7.857e-02 -2.088e-03
5.330e+01 8.118e-02 1.147e-03
5.340e+01 7.741e-02 5.814e-03
5.350e+01 7.150e-02 9.075e-03
5.360e+01 6.865e-02 1.981e-03
5.370e+01 7.394e-02 -4.089e-03
5.380e+01 7.050e-02 -2.115e-03
5.390e+01 7.465e-02 3.981e-04
5.400e+01 7.685e-02 2.918e-04
5.410e+01 7.421e-02 1.828e-03
5.420e+01 7.666e-02 2.624e-03
5.430e+01 7.523e-02 5.894e-04
5.440e+01 7.141e-02 5.615e-03
5.450e+01 7.577e-02 -1.395e-03
5.460e+01 7.925e-02 -9.685e-05
5.470e+01 7.526e-02 -8.641e-04
5.480e+01 6.635e-02 -5.013e-04
5.490e+01 5.867e-02 4.715e-03
5.500e+01 6.155e-02 2.053e-03
5.510e+01 6.605e-02 1.198e-03
5.520e+01 7.339e-02 2.403e-05
5.530e+01 7.630e-02 7.452e-04
5.540e+01 7.527e-02 1.009e-03
5.550e+01 7.275e-02 -1.421e-03
5.560e+01 7.188e-02 -2.954e-03
5.570e+01 7.318e-02 8.157e-04
5.580e+01 7.516e-02 -1.635e-03
5.590e+01 7.065e-02 -1.498e-03
5.600e+01 6.656e-02 -2.459e-03
5.610e+01 6.868e-02 1.678e-05
5.620e+01 6.709e-02 4.805e-03
5.630e+01 6.410e-02 2.958e-03
5.640e+01 6.336e-02 3.044e-03
5.650e+01 6.277e-02 8.191e-03
5.660e+01 6.359e-02 1.260e-02
5.670e+01 6.830e-02 1.079e-02
5.680e+01 6.867e-02 1.027e-02
5.690e+01 7.331e-02 1.015e-02
5.700e+01 6.978e-02 1.176e-02
5.710e+01 7.421e-02 8.829e-03
5.720e+01 6.817e-02 1.457e-02
5.730e+01 7.318e-02 1.136e-02
5.740e+01 7.155e-02 1.119e-02
5.750e+01 7.080e-02 1.288e-02
5.760e+01 7.512e-02 1.521e-02
5.770e+01 6.698e-02 1.239e-02
5.780e+01 6.575e-02 1.141e-02
5.790e+01 6.389e-02 1.269e-02
5.800e+01 6.399e-02 1.270e-02
5.810e+01 5.902e-02 1.830e-02
5.820e+01 5.961e-02 1.803e-02
5.830e+01 6.085e-02 1.242e-02
5.840e+01 5.947e-02 1.298e-02
5.850e+01 5.324e-02 8.723e-03
5.860e+01 5.209e-02 1.371e-02
5.870e+01 5.757e-02 1.220e-02
5.880e+01 5.028e-02 1.692e-02
5.890e+01 5.394e-02 1.278e-02
5.900e+01 5.548e-02 1.481e-02
5.910e+01 4.974e-02 1.788e-02
5.920e+01 5.650e-02 1.136e-02
5.930e+01 5.681e-02 1.350e-02
5.940e+01 5.232e-02 1.434e-02
5.950e+01 5.206e-02 1.661e-02
5.960e+01 4.711e-02 9.204e-03
5.970e+01 5.550e-02 1.071e-02
5.980e+01 5.463e-02 7.762e-03
5.990e+01 5.669e-02 5.852e-03
6.000e+01 4.965e-02 3.525e-03
6.010e+01 4.946e-02 8.091e-03
6.020e+01 4.728e-02 6.773e-03
6.030e+01 4.973e-02 7.812e-03
6.040e+01 5.690e-02 1.075e-02
6.050e+01 4.827e-02 7.687e-03
6.060e+01 4.616e-02 9.303e-03
6.070e+01 4.989e-02 5.359e-03
6.080e+01 5.087e-02 3.324e-03
6.090e+01 4.766e-02 1.227e-03
6.100e+01 4.649e-02 6.075e-03
6.110e+01 4.604e-02 1.706e-03
6.120e+01 5.289e-02 6.406e-04
6.130e+01 5.285e-02 -1.814e-03
6.140e+01 5.365e-02 8.633e-05
6.150e+01 5.503e-02 3.786e-03
6.160e+01 5.460e-02 7.492e-03
6.170e+01 5.239e-02 3.573e-03
6.180e+01 4.861e-02 3.858e-03
6.190e+01 4.620e-02 9.064e-03
6.200e+01 4.583e-02 5.964e-03
6.210e+01 4.226e-02 5.917e-03
6.220e+01 4.723e-02 1.507e-03
6.230e+01 5.342e-02 1.464e-03
6.240e+01 5.377e-02 4.001e-03
6.250e+01 5.023e-02 4.850e-03
6.260e+01 4.940e-02 4.297e-03
6.270e+01 5.018e-02 1.441e-03
6.280e+01 4.724e-02 3.122e-03
6.290e+01 4.336e-02 5.051e-03
6.300e+01 4.959e-02 3.089e-03
6.310e+01 4.745e-02 1.616e-03
6.320e+01 4.757e-02 2.765e-03
6.330e+01 4.906e-02 6.337e-04
6.340e+01 4.555e-02 4.472e-03
6.350e+01 4.234e-02 3.422e-03
6.360e+01 4.382e-02 2.833e-03
6.370e+01 4.781e-02 3.012e-03
6.380e+01 5.150e-02 5.334e-03
6.390e+01 5.639e-02 2.128e-03
6.400e+01 5.427e-02 2.919e-03
6.410e+01 5.301e-02 -2.633e-03
6.420e+01 5.377e-02 -4.291e-04
6.430e+01 6.146e-02 -4.814e-03
6.440e+01 6.033e-02 1.141e-03
6.450e+01 6.438e-02 1.482e-03
6.460e+01 6.348e-02 -2.371e-03
6.470e+01 6.526e-02 -4.553e-03
6.480e+01 5.689e-02 -1.984e-03
6.490e+01 6.117e-02 -5.064e-03
6.500e+01 5.311e-02 -3.624e-04
6.510e+01 5.484e-02 2.261e-03
6.520e+01 5.117e-02 2.435e-03
6.530e+01 4.919e-02 7.985e-04
6.540e+01 5.475e-02 4.534e-03
6.550e+01 5.821e-02 3.213e-03
6.560e+01 5.662e-02 3.480e-03
6.570e+01 5.552e-02 1.412e-03
6.580e+01 5.893e-02 1.682e-03
6.590e+01 5.623e-02 1.266e-03
6.600e+01 5.062e-02 -7.163e-03
6.610e+01 4.932e-02 -4.747e-03
6.620e+01 4.961e-02 -7.832e-03
6.630e+01 4.942e-02 -2.532e-03
6.640e+01 4.884e-02 2.515e-03
6.650e+01 5.336e-02 4.824e-03
6.660e+01 4.781e-02 9.928e-03
6.670e+01 4.494e-02 1.025e-02
6.680e+01 4.793e-02 1.067e-02
6.690e+01 4.690e-02 9.410e-03
6.700e+01 4.198e-02 1.159e-02
6.710e+01 3.987e-02 5.083e-03
6.720e+01 3.989e-02 5.475e-03
6.730e+01 4.578e-02 6.839e-03
6.740e+01 4.612e-02 -5.161e-04
6.750e+01 4.635e-02 5.714e-03
6.760e+01 4.235e-02 2.746e-03
6.770e+01 4.264e-02 3.415e-03
6.780e+01 4.238e-02 3.769e-03
6.790e+01 4.570e-02 2.373e-03
6.800e+01 5.225e-02 7.267e-04
6.810e+01 4.814e-02 7.764e-03
6.820e+01 4.177e-02 5.625e-03
6.830e+01 5.010e-02 7.378e-03
6.840e+01 5.227e-02 1.131e-02
6.850e+01 4.612e-02 6.753e-03
6.860e+01 4.448e-02 9.694e-03
6.870e+01 4.979e-02 7.415e-03
6.880e+01 4.752e-02 8.499e-03
6.890e+01 5.167e-02 3.467e-03
6.900e+01 4.734e-02 1.463e-03
6.910e+01 4.382e-02 5.695e-03
6.920e+01 4.719e-02 6.366e-03
6.930e+01 4.356e-02 5.989e-03
6.940e+01 4.454e-02 5.584e-03
6.950e+01 4.247e-02 7.329e-03
6.960e+01 4.683e-02 9.308e-03
6.970e+01 5.186e-02 7.174e-03
6.980e+01 4.823e-02 3.961e-03
6.990e+01 4.807e-02 2.059e-03
7.000e+01 4.598e-02 2.268e-04
7.010e+01 4.794e-02 7.808e-03
7.020e+01 4.412e-02 8.276e-03
7.030e+01 5.082e-02 1.107e-02
7.040e+01 5.002e-02 1.152e-02
7.050e+01 4.773e-02 9.470e-03
7.060e+01 4.273e-02 9.657e-03
7.070e+01 4.692e-02 1.106e-02
7.080e+01 4.425e-02 7.590e-03
7.090e+01 4.714e-02 1.294e-02
7.100e+01 4.508e-02 1.263e-02
7.110e+01 4.390e-02 9.570e-03
7.120e+01 4.924e-02 3.957e-03
7.130e+01 4.654e-02 3.145e-03
7.140e+01 4.955e-02 6.481e-03
7.150e+01 4.214e-02 8.325e-03
7.160e+01 4.595e-02 1.009e-02
7.170e+01 4.228e-02 1.170e-02
7.180e+01 4.292e-02 1.348e-02
7.190e+01 4.621e-02 1.313e-02
7.200e+01 4.676e-02 1.050e-02
7.210e+01 4.708e-02 1.113e-02
7.220e+01 4.533e-02 5.824e-03
7.230e+01 4.715e-02 9.114e-03
7.240e+01 4.277e-02 8.756e-03
7.250e+01 4.065e-02 7.823e-03
7.260e+01 4.240e-02 5.825e-03
7.270e+01 4.184e-02 9.355e-03
7.280e+01 3.831e-02 1.191e-02
7.290e+01 3.791e-02 9.151e-03
7.300e+01 4.152e-02 1.003e-02
7.310e+01 3.719e-02 4.976e-03
7.320e+01 4.558e-02 7.722e-03
7.330e+01 4.256e-02 7.852e-03
7.340e+01 4.231e-02 9.586e-03
7.350e+01 3.407e-02 7.837e-03
7.360e+01 3.884e-02 5.707e-03
7.370e+01 4.310e-02 1.265e-02
7.380e+01 4.488e-02 1.156e-02
7.390e+01 5.022e-02 8.860e-03
7.400e+01 4.681e-02 9.995e-03
7.410e+01 4.144e-02 3.598e-03
7.420e+01 4.114e-02 4.223e-03
7.430e+01 4.643e-02 6.759e-03
7.440e+01 4.665e-02 7.362e-03
7.450e+01 4.743e-02 2.744e-03
7.460e+01 5.149e-02 1.482e-03
7.470e+01 4.650e-02 1.927e-03
7.480e+01 5.067e-02 1.379e-03
7.490e+01 4.827e-02 1.632e-03
7.500e+01 4.848e-02 7.781e-04
7.510e+01 4.752e-02 4.013e-03
7.520e+01 4.525e-02 2.097e-03
7.530e+01 4.453e-02 3.125e-03
7.540e+01 4.608e-02 3.456e-03
7.550e+01 5.214e-02 1.829e-03
7.560e+01 5.420e-02 5.881e-03
7.570e+01 5.076e-02 4.283e-03
7.580e+01 4.751e-02 5.815e-03
7.590e+01 4.421e-02 4.875e-03
7.600e+01 4.683e-02 2.593e-03
7.610e+01 4.276e-02 2.165e-03
7.620e+01 4.018e-02 1.018e-04
7.630e+01 4.087e-02 2.510e-03
7.640e+01 3.929e-02 1.456e-03
7.650e+01 4.092e-02 3.457e-03
7.660e+01 3.953e-02 9.619e-03
7.670e+01 3.571e-02 8.902e-03
7.680e+01 3.915e-02 9.660e-03
7.690e+01 3.929e-02 9.700e-03
7.700e+01 3.703e-02 8.453e-03
7.710e+01 3.373e-02 4.750e-03
7.720e+01 3.227e-02 4.672e-03
7.730e+01 4.052e-02 7.821e-03
7.740e+01 4.057e-02 1.037e-03
7.750e+01 3.881e-02 -7.172e-04
7.760e+01 3.676e-02 8.258e-04
7.770e+01 4.040e-02 -2.184e-03
7.780e+01 4.151e-02 -1.844e-04
7.790e+01 4.119e-02 1.741e-03
7.800e+01 4.529e-02 6.593e-05
7.810e+01 4.135e-02 2.508e-03
7.820e+01 4.065e-02 8.352e-04
7.830e+01 4.122e-02 -6.659e-03
7.840e+01 4.526e-02 -6.860e-03
7.850e+01 3.998e-02 -4.378e-03
7.860e+01 3.702e-02 -1.416e-03
7.870e+01 3.333e-02 -6.321e-03
7.880e+01 3.674e-02 -4.476e-03
7.890e+01 3.879e-02 -9.373e-03
7.900e+01 4.245e-02 -3.338e-03
7.910e+01 4.773e-02 5.718e-04
7.920e+01 4.205e-02 -3.328e-04
7.930e+01 3.441e-02 3.991e-04
7.940e+01 3.788e-02 9.182e-04
7.950e+01 3.871e-02 3.900e-03
7.960e+01 3.829e-02 4.133e-03
7.970e+01 3.961e-02 7.122e-04
7.980e+01 3.400e-02 7.793e-05
7.990e+01 2.751e-02 3.366e-03
8.000e+01 3.304e-02 -4.040e-03
8.010e+01 3.546e-02 -2.373e-04
8.020e+01 3.504e-02 -2.244e-03
8.030e+01 3.282e-02 -3.646e-03
8.040e+01 3.327e-02 -1.071e-03
8.050e+01 3.057e-02 -1.673e-03
8.060e+01 2.567e-02 8.871e-04
8.070e+01 2.713e-02 -3.140e-03
8.080e+01 2.553e-02 -3.382e-04
8.090e+01 3.090e-02 8.638e-04
8.100e+01 3.302e-02 1.378e-03
8.110e+01 3.239e-02 3.711e-03
8.120e+01 3.653e-02 -2.421e-03
8.130e+01 3.427e-02 -1.223e-03
8.140e+01 2.928e-02 -5.771e-03
8.150e+01 2.488e-02 -1.695e-03
8.160e+01 2.922e-02 -2.017e-03
8.170e+01 3.106e-02 6.495e-03
8.180e+01 3.329e-02 5.905e-03
8.190e+01 3.287e-02 -1.828e-03
8.200e+01 3.304e-02 1.038e-03
8.210e+01 3.856e-02 3.109e-03
8.220e+01 2.962e-02 4.788e-03
8.230e+01 3.297e-02 7.823e-03
8.240e+01 3.009e-02 1.123e-02
8.250e+01 3.058e-02 8.797e-03
8.260e+01 3.227e-02 9.093e-03
8.270e+01 3.298e-02 1.000e-02
8.280e+01 3.030e-02 1.202e-02
8.290e+01 3.057e-02 1.130e-02
8.300e+01 3.217e-02 1.020e-02
8.310e+01 2.658e-02 8.780e-03
8.320e+01 2.961e-02 7.668e-03
8.330e+01 3.096e-02 8.673e-03
8.340e+01 3.451e-02 6.329e-03
8.350e+01 2.978e-02 6.318e-03
8.360e+01 3.252e-02 8.712e-03
8.370e+01 3.950e-02 9.375e-03
8.380e+01 3.782e-02 6.600e-03
8.390e+01 3.722e-02 5.170e-03
8.400e+01 3.287e-02 6.575e-03
8.410e+01 3.517e-02 8.040e-03
8.420e+01 3.760e-02 2.811e-03
8.430e+01 4.202e-02 2.672e-03
8.440e+01 3.973e-02 5.900e-03
8.450e+01 3.984e-02 4.849e-03
8.460e+01 4.063e-02 2.702e-03
8.470e+01 4.002e-02 9.059e-03
8.480e+01 4.099e-02 5.044e-03
8.490e+01 4.016e-02 8.366e-03
8.500e+01 3.946e-02 4.593e-03
8.510e+01 4.070e-02 1.873e-03
8.520e+01 3.751e-02 2.621e-03
8.530e+01 3.930e-02 -5.133e-03
8.540e+01 3.556e-02 -1.510e-03
8.550e+01 3.676e-02 -3.211e-03
8.560e+01 4.248e-02 -2.390e-03
8.570e+01 4.569e-02 -2.250e-04
8.580e+01 4.241e-02 9.113e-04
8.590e+01 4.380e-02 4.825e-03
8.600e+01 4.005e-02 4.022e-03
8.610e+01 3.648e-02 9.826e-03
8.620e+01 3.664e-02 8.374e-03
8.630e+01 3.302e-02 7.779e-03
8.640e+01 3.407e-02 1.429e-02
8.650e+01 3.625e-02 1.148e-02
8.660e+01 3.538e-02 1.437e-02
8.670e+01 3.478e-02 9.690e-03
8.680e+01 3.316e-02 9.455e-03
8.690e+01 3.269e-02 7.735e-03
8.700e+01 2.924e-02 1.115e-02
8.710e+01 2.768e-02 1.102e-02
8.720e+01 2.673e-02 8.860e-03
8.730e+01 3.141e-02 7.031e-03
8.740e+01 2.952e-02 3.389e-03
8.750e+01 2.888e-02 4.244e-03
8.760e+01 2.530e-02 6.209e-03
8.770e+01 2.834e-02 5.839e-03
8.780e+01 3.122e-02 3.466e-03
8.790e+01 3.345e-02 4.034e-03
8.800e+01 3.273e-02 2.793e-03
8.810e+01 3.128e-02 5.881e-03
8.820e+01 2.752e-02 4.057e-03
8.830e+01 3.014e-02 1.547e-03
8.840e+01 3.625e-02 1.686e-03
8.850e+01 3.689e-02 3.170e-04
8.860e+01 3.057e-02 2.756e-03
8.870e+01 2.818e-02 3.418e-03
8.880e+01 3.453e-02 1.652e-03
8.890e+01 3.327e-02 -1.517e-03
8.900e+01 3.427e-02 2.557e-03
8.910e+01 3.758e-02 2.196e-03
8.920e+01 3.540e-02 1.566e-03
8.930e+01 4.241e-02 -7.762e-03
8.940e+01 3.803e-02 -6.297e-04
8.950e+01 3.670e-02 -1.144e-04
8.960e+01 4.215e-02 1.622e-03
8.970e+01 4.554e-02 -1.540e-03
8.980e+01 3.465e-02 6.676e-05
8.990e+01 4.600e-02 -1.061e-03
9.000e+01 3.782e-02 -1.367e-03
9.010e+01 2.946e-02 6.170e-03
9.020e+01 2.595e-02 2.186e-03
9.030e+01 2.509e-02 9.376e-03
9.040e+01 2.791e-02 9.268e-03
9.050e+01 2.655e-02 9.793e-03
9.060e+01 2.651e-02 9.491e-03
9.070e+01 2.926e-02 1.322e-02
9.080e+01 2.829e-02 8.392e-03
9.090e+01 2.755e-02 4.976e-03
9.100e+01 2.812e-02 6.159e-03
9.110e+01 2.781e-02 4.792e-03
9.120e+01 2.857e-02 4.504e-03
9.130e+01 3.000e-02 3.448e-03
9.140e+01 2.917e-02 3.750e-03
9.150e+01 2.677e-02 6.822e-03
9.160e+01 2.239e-02 6.694e-03
9.170e+01 2.368e-02 7.158e-03
9.180e+01 2.068e-02 7.561e-03
9.190e+01 2.263e-02 4.903e-03
9.200e+01 2.178e-02 5.662e-03
9.210e+01 2.851e-02 6.262e-03
9.220e+01 2.487e-02 9.383e-03
9.230e+01 2.811e-02 9.988e-03
9.240e+01 2.385e-02 7.071e-03
9.250e+01 2.466e-02 5.419e-03
9.260e+01 2.383e-02 8.102e-03
9.270e+01 2.405e-02 8.184e-03
9.280e+01 2.175e-02 1.019e-02
9.290e+01 2.013e-02 8.238e-03
9.300e+01 2.411e-02 4.942e-03
9.310e+01 2.036e-02 1.120e-02
9.320e+01 1.872e-02 1.191e-02
9.330e+01 1.849e-02 8.860e-03
9.340e+01 1.887e-02 6.989e-03
9.350e+01 1.825e-02 7.363e-03
9.360e+01 1.929e-02 6.789e-03
9.370e+01 1.902e-02 6.815e-03
9.380e+01 1.641e-02 7.356e-03
9.390e+01 1.890e-02 5.844e-03
9.400e+01 1.683e-02 8.668e-03
9.410e+01 1.831e-02 4.073e-03
9.420e+01 1.789e-02 3.381e-03
9.430e+01 2.263e-02 8.452e-03
9.440e+01 2.352e-02 7.907e-03
9.450e+01 2.138e-02 8.352e-03
9.460e+01 2.297e-02 7.106e-03
9.470e+01 2.517e-02 1.289e-02
9.480e+01 2.224e-02 6.533e-03
9.490e+01 2.322e-02 6.340e-03
9.500e+01 2.138e-02 6.041e-03
9.510e+01 1.776e-02 7.323e-03
9.520e+01 1.221e-02 3.568e-03
9.530e+01 1.568e-02 6.869e-03
9.540e+01 1.751e-02 9.272e-03
9.550e+01 2.040e-02 9.730e-03
9.560e+01 1.800e-02 5.613e-03
9.570e+01 2.399e-02 8.835e-03
9.580e+01 2.503e-02 1.071e-02
9.590e+01 2.409e-02 1.019e-02
9.600e+01 2.550e-02 7.885e-03
9.610e+01 2.409e-02 7.960e-03
9.620e+01 2.592e-02 1.198e-02
9.630e+01 2.525e-02 1.070e-02
9.640e+01 2.444e-02 1.418e-02
9.650e+01 2.506e-02 9.726e-03
9.660e+01 2.620e-02 1.094e-02
9.670e+01 2.227e-02 9.313e-03
9.680e+01 2.425e-02 1.135e-02
9.690e+01 2.158e-02 1.212e-02
9.700e+01 1.997e-02 1.034e-02
9.710e+01 1.963e-02 7.610e-03
9.720e+01 2.202e-02 6.710e-03
9.730e+01 1.893e-02 7.552e-03
9.740e+01 1.617e-02 4.794e-03
9.750e+01 1.681e-02 3.872e-03
9.760e+01 1.532e-02 4.660e-03
9.770e+01 1.630e-02 6.181e-03
9.780e+01 1.877e-02 4.354e-03
9.790e+01 1.531e-02 2.672e-03
9.800e+01 1.631e-02 -4.083e-04
9.810e+01 1.857e-02 9.549e-04
9.820e+01 1.848e-02 3.537e-03
9.830e+01 1.849e-02 3.480e-03
9.840e+01 1.989e-02 4.667e-03
9.850e+01 1.951e-02 6.492e-04
9.860e+01 1.768e-02 2.165e-03
9.870e+01 1.618e-02 7.369e-04
9.880e+01 2.128e-02 4.275e-03
9.890e+01 1.867e-02 1.488e-03
9.900e+01 2.093e-02 3.406e-03
9.910e+01 2.067e-02 2.997e-03
9.920e+01 1.848e-02 2.271e-04
9.930e+01 2.061e-02 1.299e-03
9.940e+01 2.135e-02 1.626e-04
9.950e+01 2.264e-02 2.617e-03
9.960e+01 2.347e-02 5.768e-03
9.970e+01 2.059e-02 4.870e-03
9.980e+01 1.761e-02 4.513e-03
9.990e+01 1.617e-02 7.223e-03
