# Frequency (1.0/ps)      real(fft(F_2))
0.000e+00 1.413e+02
1.000e-02 5.172e+01
2.000e-02 3.495e+01
3.000e-02 2.332e+01
4.000e-02 1.721e+01
5.000e-02 1.273e+01
6.000e-02 8.091e+00
7.000e-02 7.421e+00
8.000e-02 7.506e+00
9.000e-02 5.599e+00
1.000e-01 6.646e+00
1.100e-01 4.969e+00
1.200e-01 4.697e+00
1.300e-01 1.844e+00
1.400e-01 4.194e+00
1.500e-01 6.018e+00
1.600e-01 3.495e+00
1.700e-01 3.742e+00
1.800e-01 2.478e+00
1.900e-01 2.437e+00
2.000e-01 3.706e+00
2.100e-01 1.612e+00
2.200e-01 1.174e+00
2.300e-01 1.444e+00
2.400e-01 1.990e+00
2.500e-01 2.017e+00
2.600e-01 8.185e-01
2.700e-01 1.626e+00
2.800e-01 1.174e+00
2.900e-01 8.492e-01
3.000e-01 1.457e+00
3.100e-01 5.966e-01
3.200e-01 1.538e+00
3.300e-01 1.114e+00
3.400e-01 1.270e+00
3.500e-01 1.349e+00
3.600e-01 9.555e-01
3.700e-01 1.036e+00
3.800e-01 9.647e-01
3.900e-01 1.324e+00
4.000e-01 2.043e+00
4.100e-01 1.230e+00
4.200e-01 8.155e-01
4.300e-01 1.079e+00
4.400e-01 1.254e+00
4.500e-01 2.113e+00
4.600e-01 1.696e+00
4.700e-01 1.938e+00
4.800e-01 1.978e+00
4.900e-01 1.484e+00
5.000e-01 1.436e+00
5.100e-01 1.602e+00
5.200e-01 1.655e+00
5.300e-01 1.545e+00
5.400e-01 1.027e+00
5.500e-01 9.066e-01
5.600e-01 1.106e+00
5.700e-01 3.917e-01
5.800e-01 3.488e-01
5.900e-01 6.478e-01
6.000e-01 9.712e-01
6.100e-01 1.620e+00
6.200e-01 1.453e+00
6.300e-01 1.035e+00
6.400e-01 3.744e-01
6.500e-01 6.432e-01
6.600e-01 3.134e-01
6.700e-01 1.328e-01
6.800e-01 3.121e-01
6.900e-01 5.114e-01
7.000e-01 5.925e-02
7.100e-01 1.207e+00
7.200e-01 1.324e+00
7.300e-01 5.524e-01
7.400e-01 3.585e-01
7.500e-01 6.685e-01
7.600e-01 3.643e-01
7.700e-01 2.008e-01
7.800e-01 -1.888e-03
7.900e-01 -1.873e-01
8.000e-01 1.853e-01
8.100e-01 2.633e-01
8.200e-01 6.542e-01
8.300e-01 3.723e-01
8.400e-01 7.006e-01
8.500e-01 1.019e+00
8.600e-01 3.946e-01
8.700e-01 2.418e-01
8.800e-01 -4.200e-02
8.900e-01 -5.904e-04
9.000e-01 3.507e-01
9.100e-01 -1.943e-02
9.200e-01 -1.055e-01
9.300e-01 -1.659e-01
9.400e-01 -1.316e-01
9.500e-01 3.048e-01
9.600e-01 1.246e-01
9.700e-01 5.422e-01
9.800e-01 1.101e-01
9.900e-01 -5.601e-01
1.000e+00 4.474e-01
1.010e+00 -7.258e-03
1.020e+00 1.025e-01
1.030e+00 7.618e-01
1.040e+00 7.056e-02
1.050e+00 4.510e-01
1.060e+00 6.699e-01
1.070e+00 9.373e-01
1.080e+00 7.789e-01
1.090e+00 3.740e-01
1.100e+00 3.126e-01
1.110e+00 7.577e-01
1.120e+00 2.919e-01
1.130e+00 9.945e-01
1.140e+00 4.482e-01
1.150e+00 5.446e-01
1.160e+00 7.922e-01
1.170e+00 4.221e-01
1.180e+00 3.158e-01
1.190e+00 4.985e-01
1.200e+00 -4.469e-02
1.210e+00 5.631e-01
1.220e+00 8.468e-01
1.230e+00 4.003e-01
1.240e+00 4.291e-01
1.250e+00 5.213e-01
1.260e+00 8.213e-01
1.270e+00 6.441e-01
1.280e+00 4.274e-01
1.290e+00 1.062e+00
1.300e+00 9.499e-01
1.310e+00 6.248e-01
1.320e+00 4.867e-01
1.330e+00 4.938e-01
1.340e+00 1.791e-01
1.350e+00 3.140e-03
1.360e+00 7.592e-01
1.370e+00 7.113e-01
1.380e+00 5.721e-01
1.390e+00 5.937e-01
1.400e+00 5.715e-01
1.410e+00 1.001e+00
1.420e+00 6.859e-01
1.430e+00 8.533e-01
1.440e+00 3.739e-01
1.450e+00 4.634e-01
1.460e+00 1.012e+00
1.470e+00 6.987e-01
1.480e+00 9.481e-01
1.490e+00 1.249e+00
1.500e+00 7.432e-01
1.510e+00 5.810e-01
1.520e+00 6.848e-01
1.530e+00 6.504e-01
1.540e+00 9.075e-01
1.550e+00 2.053e-01
1.560e+00 1.357e-01
1.570e+00 2.097e-01
1.580e+00 2.756e-01
1.590e+00 6.777e-01
1.600e+00 4.904e-01
1.610e+00 2.714e-01
1.620e+00 4.299e-01
1.630e+00 5.826e-01
1.640e+00 2.935e-01
1.650e+00 6.731e-01
1.660e+00 4.405e-01
1.670e+00 -9.837e-02
1.680e+00 1.453e-01
1.690e+00 3.362e-01
1.700e+00 1.138e-01
1.710e+00 6.058e-01
1.720e+00 6.424e-01
1.730e+00 4.458e-01
1.740e+00 8.353e-01
1.750e+00 4.372e-01
1.760e+00 6.299e-01
1.770e+00 8.849e-01
1.780e+00 8.291e-01
1.790e+00 8.225e-01
1.800e+00 4.928e-01
1.810e+00 4.327e-01
1.820e+00 7.135e-01
1.830e+00 6.717e-01
1.840e+00 6.243e-01
1.850e+00 3.514e-01
1.860e+00 2.069e-01
1.870e+00 4.923e-01
1.880e+00 2.712e-01
1.890e+00 5.245e-01
1.900e+00 3.616e-01
1.910e+00 6.434e-01
1.920e+00 7.072e-01
1.930e+00 4.310e-01
1.940e+00 6.861e-01
1.950e+00 6.189e-01
1.960e+00 2.715e-01
1.970e+00 8.027e-01
1.980e+00 8.790e-02
1.990e+00 -1.145e-01
2.000e+00 2.605e-01
2.010e+00 3.759e-01
2.020e+00 1.869e-01
2.030e+00 4.611e-01
2.040e+00 1.880e-01
2.050e+00 5.065e-01
2.060e+00 7.361e-01
2.070e+00 8.158e-01
2.080e+00 8.111e-01
2.090e+00 5.668e-01
2.100e+00 3.270e-01
2.110e+00 5.980e-01
2.120e+00 8.055e-01
2.130e+00 8.047e-01
2.140e+00 7.255e-01
2.150e+00 5.459e-01
2.160e+00 8.509e-01
2.170e+00 4.058e-01
2.180e+00 1.775e-01
2.190e+00 5.161e-01
2.200e+00 8.730e-01
2.210e+00 9.086e-01
2.220e+00 8.357e-01
2.230e+00 3.783e-01
2.240e+00 5.186e-01
2.250e+00 3.950e-01
2.260e+00 5.847e-01
2.270e+00 9.607e-01
2.280e+00 8.757e-01
2.290e+00 1.198e+00
2.300e+00 8.667e-01
2.310e+00 8.867e-01
2.320e+00 1.198e+00
2.330e+00 8.485e-01
2.340e+00 9.232e-01
2.350e+00 6.584e-01
2.360e+00 1.657e-01
2.370e+00 4.869e-01
2.380e+00 3.132e-01
2.390e+00 3.679e-01
2.400e+00 5.351e-01
2.410e+00 4.611e-01
2.420e+00 9.615e-01
2.430e+00 8.380e-01
2.440e+00 1.001e+00
2.450e+00 8.527e-01
2.460e+00 3.753e-01
2.470e+00 7.919e-01
2.480e+00 6.419e-01
2.490e+00 7.544e-01
2.500e+00 7.614e-01
2.510e+00 7.102e-01
2.520e+00 1.006e+00
2.530e+00 8.836e-01
2.540e+00 6.620e-01
2.550e+00 7.982e-01
2.560e+00 9.487e-01
2.570e+00 8.944e-01
2.580e+00 1.118e+00
2.590e+00 1.026e+00
2.600e+00 8.217e-01
2.610e+00 5.035e-01
2.620e+00 7.988e-01
2.630e+00 8.529e-01
2.640e+00 7.215e-01
2.650e+00 6.626e-01
2.660e+00 3.618e-01
2.670e+00 3.747e-01
2.680e+00 4.917e-01
2.690e+00 4.891e-01
2.700e+00 5.027e-01
2.710e+00 3.882e-01
2.720e+00 2.829e-01
2.730e+00 2.057e-01
2.740e+00 5.072e-01
2.750e+00 4.311e-01
2.760e+00 2.653e-01
2.770e+00 6.033e-01
2.780e+00 3.845e-01
2.790e+00 3.983e-01
2.800e+00 5.884e-01
2.810e+00 6.300e-01
2.820e+00 4.999e-01
2.830e+00 4.115e-01
2.840e+00 5.521e-01
2.850e+00 3.300e-01
2.860e+00 2.766e-01
2.870e+00 4.117e-01
2.880e+00 3.930e-01
2.890e+00 4.831e-01
2.900e+00 3.951e-01
2.910e+00 4.189e-01
2.920e+00 5.409e-01
2.930e+00 3.276e-01
2.940e+00 2.536e-01
2.950e+00 3.316e-01
2.960e+00 3.700e-01
2.970e+00 6.888e-01
2.980e+00 5.134e-01
2.990e+00 6.520e-01
3.000e+00 5.649e-01
3.010e+00 5.367e-01
3.020e+00 5.567e-01
3.030e+00 5.777e-01
3.040e+00 5.314e-01
3.050e+00 6.040e-01
3.060e+00 7.106e-01
3.070e+00 8.085e-01
3.080e+00 8.167e-01
3.090e+00 6.397e-01
3.100e+00 5.625e-01
3.110e+00 6.643e-01
3.120e+00 7.582e-01
3.130e+00 5.078e-01
3.140e+00 5.759e-01
3.150e+00 6.208e-01
3.160e+00 7.412e-01
3.170e+00 5.493e-01
3.180e+00 3.745e-01
3.190e+00 2.989e-01
3.200e+00 3.856e-01
3.210e+00 3.347e-01
3.220e+00 6.739e-01
3.230e+00 4.806e-01
3.240e+00 5.069e-01
3.250e+00 5.408e-01
3.260e+00 7.490e-01
3.270e+00 8.646e-01
3.280e+00 7.920e-01
3.290e+00 8.933e-01
3.300e+00 7.193e-01
3.310e+00 9.597e-01
3.320e+00 9.752e-01
3.330e+00 6.600e-01
3.340e+00 3.248e-01
3.350e+00 4.194e-01
3.360e+00 5.521e-01
3.370e+00 5.170e-01
3.380e+00 5.043e-01
3.390e+00 6.625e-01
3.400e+00 5.857e-01
3.410e+00 9.513e-01
3.420e+00 8.953e-01
3.430e+00 8.256e-01
3.440e+00 7.705e-01
3.450e+00 4.531e-01
3.460e+00 3.666e-01
3.470e+00 4.920e-01
3.480e+00 4.595e-01
3.490e+00 4.071e-01
3.500e+00 4.888e-01
3.510e+00 2.345e-01
3.520e+00 2.042e-01
3.530e+00 4.844e-01
3.540e+00 3.878e-01
3.550e+00 1.358e-01
3.560e+00 3.471e-01
3.570e+00 4.382e-01
3.580e+00 3.589e-01
3.590e+00 6.032e-01
3.600e+00 6.532e-01
3.610e+00 4.598e-01
3.620e+00 4.432e-01
3.630e+00 3.513e-01
3.640e+00 3.632e-01
3.650e+00 7.175e-01
3.660e+00 6.094e-01
3.670e+00 3.960e-01
3.680e+00 4.754e-01
3.690e+00 4.929e-01
3.700e+00 4.945e-01
3.710e+00 4.599e-01
3.720e+00 6.830e-01
3.730e+00 6.631e-01
3.740e+00 5.377e-01
3.750e+00 5.567e-01
3.760e+00 5.986e-01
3.770e+00 7.094e-01
3.780e+00 6.624e-01
3.790e+00 6.139e-01
3.800e+00 6.596e-01
3.810e+00 3.673e-01
3.820e+00 4.229e-01
3.830e+00 4.469e-01
3.840e+00 4.862e-01
3.850e+00 3.020e-01
3.860e+00 3.874e-01
3.870e+00 4.954e-01
3.880e+00 4.929e-01
3.890e+00 2.484e-01
3.900e+00 4.080e-01
3.910e+00 3.873e-01
3.920e+00 2.697e-01
3.930e+00 3.112e-01
3.940e+00 2.196e-01
3.950e+00 2.099e-01
3.960e+00 3.609e-01
3.970e+00 1.638e-01
3.980e+00 3.922e-01
3.990e+00 5.406e-01
4.000e+00 4.278e-01
4.010e+00 4.783e-01
4.020e+00 4.030e-01
4.030e+00 5.977e-01
4.040e+00 4.008e-01
4.050e+00 5.009e-01
4.060e+00 4.942e-01
4.070e+00 4.946e-01
4.080e+00 5.114e-01
4.090e+00 7.455e-01
4.100e+00 5.972e-01
4.110e+00 5.051e-01
4.120e+00 4.897e-01
4.130e+00 3.435e-01
4.140e+00 6.134e-01
4.150e+00 3.735e-01
4.160e+00 3.287e-01
4.170e+00 3.321e-01
4.180e+00 3.420e-01
4.190e+00 2.363e-01
4.200e+00 5.187e-01
4.210e+00 7.083e-01
4.220e+00 9.954e-01
4.230e+00 9.706e-01
4.240e+00 7.677e-01
4.250e+00 7.052e-01
4.260e+00 6.428e-01
4.270e+00 6.717e-01
4.280e+00 5.628e-01
4.290e+00 8.116e-01
4.300e+00 7.979e-01
4.310e+00 4.410e-01
4.320e+00 4.734e-01
4.330e+00 2.264e-01
4.340e+00 3.543e-01
4.350e+00 4.964e-01
4.360e+00 5.490e-01
4.370e+00 5.772e-01
4.380e+00 7.168e-01
4.390e+00 7.185e-01
4.400e+00 5.823e-01
4.410e+00 5.145e-01
4.420e+00 4.641e-01
4.430e+00 6.839e-01
4.440e+00 6.600e-01
4.450e+00 7.174e-01
4.460e+00 7.453e-01
4.470e+00 6.404e-01
4.480e+00 4.092e-01
4.490e+00 4.630e-01
4.500e+00 3.597e-01
4.510e+00 4.160e-01
4.520e+00 3.674e-01
4.530e+00 2.874e-01
4.540e+00 4.159e-01
4.550e+00 5.055e-01
4.560e+00 2.042e-01
4.570e+00 7.550e-02
4.580e+00 2.240e-01
4.590e+00 3.625e-01
4.600e+00 3.589e-01
4.610e+00 1.916e-01
4.620e+00 2.191e-01
4.630e+00 2.224e-01
4.640e+00 1.229e-01
4.650e+00 1.234e-01
4.660e+00 1.664e-01
4.670e+00 3.281e-01
4.680e+00 1.563e-02
4.690e+00 1.225e-01
4.700e+00 1.752e-01
4.710e+00 2.666e-01
4.720e+00 2.880e-01
4.730e+00 3.272e-01
4.740e+00 4.876e-01
4.750e+00 4.682e-01
4.760e+00 5.882e-01
4.770e+00 5.601e-01
4.780e+00 4.435e-01
4.790e+00 6.549e-01
4.800e+00 9.875e-01
4.810e+00 8.026e-01
4.820e+00 8.705e-01
4.830e+00 9.448e-01
4.840e+00 6.086e-01
4.850e+00 6.307e-01
4.860e+00 5.187e-01
4.870e+00 5.417e-01
4.880e+00 5.654e-01
4.890e+00 6.436e-01
4.900e+00 9.403e-01
4.910e+00 8.228e-01
4.920e+00 4.636e-01
4.930e+00 4.874e-01
4.940e+00 7.159e-01
4.950e+00 6.947e-01
4.960e+00 5.483e-01
4.970e+00 6.397e-01
4.980e+00 6.825e-01
4.990e+00 7.129e-01
-5.000e+00 6.243e-01
-4.990e+00 7.515e-01
-4.980e+00 6.700e-01
-4.970e+00 5.043e-01
-4.960e+00 7.651e-01
-4.950e+00 6.411e-01
-4.940e+00 5.045e-01
-4.930e+00 5.720e-01
-4.920e+00 4.613e-01
-4.910e+00 5.042e-01
-4.900e+00 7.369e-01
-4.890e+00 6.197e-01
-4.880e+00 6.487e-01
-4.870e+00 4.216e-01
-4.860e+00 4.668e-01
-4.850e+00 4.818e-01
-4.840e+00 4.542e-01
-4.830e+00 6.034e-01
-4.820e+00 3.471e-01
-4.810e+00 4.959e-01
-4.800e+00 4.870e-01
-4.790e+00 5.072e-01
-4.780e+00 4.663e-01
-4.770e+00 1.911e-01
-4.760e+00 3.959e-01
-4.750e+00 5.919e-01
-4.740e+00 4.032e-01
-4.730e+00 4.811e-01
-4.720e+00 3.456e-01
-4.710e+00 3.385e-01
-4.700e+00 3.575e-01
-4.690e+00 6.291e-01
-4.680e+00 9.131e-01
-4.670e+00 8.391e-01
-4.660e+00 6.076e-01
-4.650e+00 6.236e-01
-4.640e+00 6.161e-01
-4.630e+00 6.119e-01
-4.620e+00 3.691e-01
-4.610e+00 3.549e-01
-4.600e+00 2.627e-01
-4.590e+00 1.905e-01
-4.580e+00 4.924e-01
-4.570e+00 5.139e-01
-4.560e+00 2.349e-01
-4.550e+00 3.408e-01
-4.540e+00 3.579e-01
-4.530e+00 4.926e-01
-4.520e+00 5.927e-01
-4.510e+00 4.774e-01
-4.500e+00 3.260e-01
-4.490e+00 2.856e-01
-4.480e+00 5.071e-01
-4.470e+00 4.151e-01
-4.460e+00 6.833e-01
-4.450e+00 8.241e-01
-4.440e+00 4.967e-01
-4.430e+00 3.912e-01
-4.420e+00 3.113e-01
-4.410e+00 3.464e-01
-4.400e+00 7.169e-01
-4.390e+00 6.436e-01
-4.380e+00 5.778e-01
-4.370e+00 6.442e-01
-4.360e+00 6.971e-01
-4.350e+00 4.744e-01
-4.340e+00 5.496e-01
-4.330e+00 5.551e-01
-4.320e+00 3.678e-01
-4.310e+00 4.353e-01
-4.300e+00 4.634e-01
-4.290e+00 6.894e-01
-4.280e+00 4.703e-01
-4.270e+00 4.960e-01
-4.260e+00 5.615e-01
-4.250e+00 6.444e-01
-4.240e+00 3.446e-01
-4.230e+00 2.524e-01
-4.220e+00 1.311e-01
-4.210e+00 5.640e-01
-4.200e+00 4.203e-01
-4.190e+00 2.500e-01
-4.180e+00 3.696e-01
-4.170e+00 1.073e-01
-4.160e+00 2.171e-01
-4.150e+00 1.710e-01
-4.140e+00 2.536e-01
-4.130e+00 5.494e-01
-4.120e+00 1.097e-01
-4.110e+00 2.956e-01
-4.100e+00 4.880e-01
-4.090e+00 3.078e-01
-4.080e+00 6.359e-01
-4.070e+00 5.955e-01
-4.060e+00 7.986e-01
-4.050e+00 8.573e-01
-4.040e+00 4.323e-01
-4.030e+00 5.655e-01
-4.020e+00 6.457e-01
-4.010e+00 7.055e-01
-4.000e+00 8.473e-01
-3.990e+00 3.652e-01
-3.980e+00 3.686e-01
-3.970e+00 4.446e-01
-3.960e+00 1.926e-01
-3.950e+00 3.890e-01
-3.940e+00 4.429e-01
-3.930e+00 5.194e-01
-3.920e+00 3.089e-01
-3.910e+00 5.443e-01
-3.900e+00 7.863e-01
-3.890e+00 5.917e-01
-3.880e+00 5.310e-01
-3.870e+00 4.492e-01
-3.860e+00 3.813e-01
-3.850e+00 4.227e-01
-3.840e+00 3.770e-01
-3.830e+00 3.188e-01
-3.820e+00 4.745e-01
-3.810e+00 4.448e-01
-3.800e+00 3.896e-01
-3.790e+00 6.955e-01
-3.780e+00 8.462e-01
-3.770e+00 7.583e-01
-3.760e+00 5.789e-01
-3.750e+00 6.878e-01
-3.740e+00 5.622e-01
-3.730e+00 4.131e-01
-3.720e+00 5.493e-01
-3.710e+00 8.821e-01
-3.700e+00 7.088e-01
-3.690e+00 6.058e-01
-3.680e+00 4.763e-01
-3.670e+00 6.284e-01
-3.660e+00 9.758e-01
-3.650e+00 7.090e-01
-3.640e+00 9.407e-01
-3.630e+00 7.766e-01
-3.620e+00 6.131e-01
-3.610e+00 3.933e-01
-3.600e+00 3.618e-01
-3.590e+00 3.581e-01
-3.580e+00 6.974e-01
-3.570e+00 6.180e-01
-3.560e+00 4.012e-01
-3.550e+00 3.500e-01
-3.540e+00 2.193e-01
-3.530e+00 1.680e-01
-3.520e+00 2.475e-01
-3.510e+00 3.883e-01
-3.500e+00 6.714e-01
-3.490e+00 7.449e-01
-3.480e+00 7.678e-01
-3.470e+00 6.294e-01
-3.460e+00 5.757e-01
-3.450e+00 8.201e-01
-3.440e+00 4.383e-01
-3.430e+00 5.127e-01
-3.420e+00 7.426e-01
-3.410e+00 5.073e-01
-3.400e+00 7.114e-01
-3.390e+00 5.690e-01
-3.380e+00 6.055e-01
-3.370e+00 7.278e-01
-3.360e+00 6.923e-01
-3.350e+00 6.677e-01
-3.340e+00 6.469e-01
-3.330e+00 5.795e-01
-3.320e+00 5.490e-01
-3.310e+00 3.431e-01
-3.300e+00 4.363e-01
-3.290e+00 4.474e-01
-3.280e+00 7.154e-01
-3.270e+00 7.421e-01
-3.260e+00 4.265e-01
-3.250e+00 4.917e-01
-3.240e+00 5.319e-01
-3.230e+00 4.550e-01
-3.220e+00 5.227e-01
-3.210e+00 5.316e-01
-3.200e+00 5.868e-01
-3.190e+00 6.476e-01
-3.180e+00 6.694e-01
-3.170e+00 6.070e-01
-3.160e+00 7.980e-01
-3.150e+00 7.096e-01
-3.140e+00 7.934e-01
-3.130e+00 8.450e-01
-3.120e+00 8.761e-01
-3.110e+00 1.087e+00
-3.100e+00 9.700e-01
-3.090e+00 6.872e-01
-3.080e+00 9.061e-01
-3.070e+00 5.443e-01
-3.060e+00 5.064e-01
-3.050e+00 5.371e-01
-3.040e+00 4.181e-01
-3.030e+00 5.364e-01
-3.020e+00 6.731e-01
-3.010e+00 7.057e-01
-3.000e+00 6.903e-01
-2.990e+00 5.416e-01
-2.980e+00 7.998e-01
-2.970e+00 5.862e-01
-2.960e+00 4.429e-01
-2.950e+00 5.625e-01
-2.940e+00 4.436e-01
-2.930e+00 6.319e-01
-2.920e+00 4.174e-01
-2.910e+00 3.737e-01
-2.900e+00 3.826e-01
-2.890e+00 1.941e-01
-2.880e+00 4.639e-01
-2.870e+00 1.908e-01
-2.860e+00 1.350e-01
-2.850e+00 2.953e-01
-2.840e+00 6.412e-01
-2.830e+00 6.478e-01
-2.820e+00 4.743e-01
-2.810e+00 4.269e-01
-2.800e+00 5.366e-01
-2.790e+00 5.875e-01
-2.780e+00 3.915e-01
-2.770e+00 4.625e-01
-2.760e+00 4.095e-01
-2.750e+00 2.985e-01
-2.740e+00 5.108e-01
-2.730e+00 5.161e-01
-2.720e+00 4.364e-01
-2.710e+00 3.722e-01
-2.700e+00 4.346e-01
-2.690e+00 4.361e-01
-2.680e+00 1.171e-01
-2.670e+00 4.098e-01
-2.660e+00 6.948e-01
-2.650e+00 4.687e-01
-2.640e+00 3.603e-01
-2.630e+00 4.714e-01
-2.620e+00 4.275e-01
-2.610e+00 7.810e-01
-2.600e+00 7.281e-01
-2.590e+00 6.031e-01
-2.580e+00 6.247e-01
-2.570e+00 4.929e-01
-2.560e+00 5.424e-01
-2.550e+00 5.846e-01
-2.540e+00 4.440e-01
-2.530e+00 4.730e-01
-2.520e+00 3.061e-01
-2.510e+00 2.720e-01
-2.500e+00 3.384e-01
-2.490e+00 4.498e-01
-2.480e+00 7.832e-01
-2.470e+00 4.839e-01
-2.460e+00 6.142e-01
-2.450e+00 4.949e-01
-2.440e+00 5.560e-01
-2.430e+00 5.573e-01
-2.420e+00 1.617e-01
-2.410e+00 2.530e-01
-2.400e+00 3.351e-01
-2.390e+00 4.436e-01
-2.380e+00 4.291e-01
-2.370e+00 5.144e-01
-2.360e+00 4.031e-01
-2.350e+00 7.998e-01
-2.340e+00 6.749e-01
-2.330e+00 9.008e-01
-2.320e+00 6.761e-01
-2.310e+00 4.381e-01
-2.300e+00 6.512e-01
-2.290e+00 6.372e-01
-2.280e+00 7.199e-01
-2.270e+00 4.393e-01
-2.260e+00 2.263e-01
-2.250e+00 2.590e-01
-2.240e+00 5.067e-01
-2.230e+00 2.984e-01
-2.220e+00 1.181e-01
-2.210e+00 4.575e-02
-2.200e+00 4.639e-01
-2.190e+00 2.117e-01
-2.180e+00 3.534e-01
-2.170e+00 3.769e-01
-2.160e+00 2.744e-01
-2.150e+00 4.765e-01
-2.140e+00 2.331e-01
-2.130e+00 4.204e-01
-2.120e+00 4.497e-01
-2.110e+00 3.395e-01
-2.100e+00 -4.526e-04
-2.090e+00 1.780e-01
-2.080e+00 3.467e-01
-2.070e+00 5.983e-01
-2.060e+00 5.113e-01
-2.050e+00 4.744e-01
-2.040e+00 3.941e-01
-2.030e+00 6.299e-01
-2.020e+00 2.238e-01
-2.010e+00 1.979e-01
-2.000e+00 -8.549e-02
-1.990e+00 2.096e-01
-1.980e+00 4.635e-01
-1.970e+00 7.420e-01
-1.960e+00 9.415e-01
-1.950e+00 5.134e-01
-1.940e+00 7.698e-01
-1.930e+00 9.429e-01
-1.920e+00 5.330e-01
-1.910e+00 4.805e-01
-1.900e+00 2.404e-01
-1.890e+00 2.626e-01
-1.880e+00 5.417e-01
-1.870e+00 3.672e-01
-1.860e+00 -6.150e-02
-1.850e+00 3.940e-01
-1.840e+00 -1.895e-01
-1.830e+00 3.426e-01
-1.820e+00 3.998e-01
-1.810e+00 4.960e-01
-1.800e+00 5.801e-01
-1.790e+00 4.058e-01
-1.780e+00 7.644e-01
-1.770e+00 4.642e-01
-1.760e+00 5.551e-01
-1.750e+00 6.686e-01
-1.740e+00 4.125e-01
-1.730e+00 6.456e-01
-1.720e+00 7.311e-01
-1.710e+00 5.560e-01
-1.700e+00 4.539e-01
-1.690e+00 5.167e-01
-1.680e+00 5.674e-01
-1.670e+00 6.570e-01
-1.660e+00 5.513e-01
-1.650e+00 3.289e-01
-1.640e+00 4.974e-01
-1.630e+00 4.240e-01
-1.620e+00 7.036e-01
-1.610e+00 9.503e-01
-1.600e+00 1.120e+00
-1.590e+00 8.231e-01
-1.580e+00 4.698e-01
-1.570e+00 3.446e-01
-1.560e+00 5.607e-01
-1.550e+00 7.895e-01
-1.540e+00 8.871e-01
-1.530e+00 4.770e-01
-1.520e+00 1.085e+00
-1.510e+00 1.208e+00
-1.500e+00 3.251e-01
-1.490e+00 6.157e-01
-1.480e+00 6.938e-01
-1.470e+00 4.369e-01
-1.460e+00 8.822e-01
-1.450e+00 8.296e-01
-1.440e+00 1.333e+00
-1.430e+00 4.687e-01
-1.420e+00 3.112e-01
-1.410e+00 8.730e-01
-1.400e+00 3.168e-01
-1.390e+00 3.547e-01
-1.380e+00 4.740e-01
-1.370e+00 3.552e-01
-1.360e+00 7.439e-02
-1.350e+00 2.201e-01
-1.340e+00 -8.570e-02
-1.330e+00 1.999e-01
-1.320e+00 3.954e-01
-1.310e+00 -7.014e-04
-1.300e+00 -1.185e-01
-1.290e+00 -1.793e-01
-1.280e+00 4.174e-01
-1.270e+00 6.494e-01
-1.260e+00 7.007e-01
-1.250e+00 5.685e-01
-1.240e+00 4.700e-01
-1.230e+00 1.159e+00
-1.220e+00 9.215e-01
-1.210e+00 8.039e-01
-1.200e+00 7.017e-01
-1.190e+00 2.122e-01
-1.180e+00 2.699e-01
-1.170e+00 6.931e-01
-1.160e+00 4.282e-01
-1.150e+00 3.765e-01
-1.140e+00 4.474e-01
-1.130e+00 7.224e-01
-1.120e+00 6.703e-01
-1.110e+00 4.173e-01
-1.100e+00 7.626e-01
-1.090e+00 6.152e-01
-1.080e+00 7.455e-01
-1.070e+00 8.055e-01
-1.060e+00 5.850e-01
-1.050e+00 7.874e-01
-1.040e+00 6.321e-01
-1.030e+00 5.769e-01
-1.020e+00 1.177e-01
-1.010e+00 6.295e-01
-1.000e+00 5.291e-01
-9.900e-01 6.387e-01
-9.800e-01 8.738e-01
-9.700e-01 6.711e-01
-9.600e-01 6.868e-01
-9.500e-01 6.721e-01
-9.400e-01 5.699e-01
-9.300e-01 9.920e-01
-9.200e-01 7.236e-01
-9.100e-01 8.061e-01
-9.000e-01 9.820e-01
-8.900e-01 2.250e-01
-8.800e-01 9.345e-01
-8.700e-01 1.037e+00
-8.600e-01 7.466e-01
-8.500e-01 9.956e-01
-8.400e-01 5.278e-01
-8.300e-01 4.997e-01
-8.200e-01 5.511e-01
-8.100e-01 1.743e-02
-8.000e-01 1.746e-01
-7.900e-01 -2.283e-01
-7.800e-01 3.244e-01
-7.700e-01 3.992e-01
-7.600e-01 4.531e-01
-7.500e-01 3.746e-01
-7.400e-01 2.628e-01
-7.300e-01 4.826e-02
-7.200e-01 -3.791e-01
-7.100e-01 -1.091e-01
-7.000e-01 1.132e+00
-6.900e-01 1.168e+00
-6.800e-01 1.268e+00
-6.700e-01 1.226e+00
-6.600e-01 -1.839e-01
-6.500e-01 2.559e-01
-6.400e-01 8.145e-01
-6.300e-01 5.870e-01
-6.200e-01 7.372e-01
-6.100e-01 9.655e-01
-6.000e-01 5.381e-01
-5.900e-01 9.106e-01
-5.800e-01 8.686e-01
-5.700e-01 5.747e-01
-5.600e-01 3.703e-01
-5.500e-01 7.268e-01
-5.400e-01 3.761e-01
-5.300e-01 9.457e-01
-5.200e-01 7.135e-01
-5.100e-01 -2.919e-01
-5.000e-01 5.101e-01
-4.900e-01 5.404e-01
-4.800e-01 2.242e-01
-4.700e-01 7.577e-01
-4.600e-01 7.918e-01
-4.500e-01 4.667e-01
-4.400e-01 5.563e-01
-4.300e-01 1.332e+00
-4.200e-01 1.370e+00
-4.100e-01 8.626e-01
-4.000e-01 8.656e-01
-3.900e-01 1.706e-01
-3.800e-01 9.654e-02
-3.700e-01 5.259e-01
-3.600e-01 5.010e-01
-3.500e-01 1.822e-01
-3.400e-01 9.688e-01
-3.300e-01 -1.079e-01
-3.200e-01 1.441e-02
-3.100e-01 4.901e-01
-3.000e-01 -6.341e-01
-2.900e-01 -1.317e+00
-2.800e-01 -1.264e+00
-2.700e-01 -9.086e-01
-2.600e-01 -3.414e-01
-2.500e-01 -2.498e-01
-2.400e-01 -3.923e-01
-2.300e-01 1.267e-01
-2.200e-01 1.522e+00
-2.100e-01 8.417e-01
-2.000e-01 2.913e-01
-1.900e-01 1.666e+00
-1.800e-01 3.454e-01
-1.700e-01 -1.484e+00
-1.600e-01 -1.000e+00
-1.500e-01 -1.323e+00
-1.400e-01 -1.465e-01
-1.300e-01 1.800e+00
-1.200e-01 3.661e+00
-1.100e-01 4.345e+00
-1.000e-01 2.397e+00
-9.000e-02 4.709e-01
-8.000e-02 2.009e+00
-7.000e-02 5.031e+00
-6.000e-02 7.619e+00
-5.000e-02 9.170e+00
-4.000e-02 8.323e+00
-3.000e-02 7.642e+00
-2.000e-02 1.914e+01
-1.000e-02 4.984e+01
