# Time (ps)      real(F_2)      im(F_2)
0.000e+00 1.000e+00 0.000e+00
1.000e-01 9.212e-01 6.390e-03
2.000e-01 8.476e-01 -2.426e-02
3.000e-01 8.463e-01 -2.099e-02
4.000e-01 8.756e-01 -2.858e-02
5.000e-01 8.054e-01 7.402e-03
6.000e-01 8.084e-01 4.095e-02
7.000e-01 7.669e-01 3.516e-02
8.000e-01 8.215e-01 -1.056e-02
9.000e-01 7.758e-01 -5.036e-02
1.000e+00 8.175e-01 -3.571e-02
1.100e+00 7.174e-01 1.963e-02
1.200e+00 7.570e-01 7.605e-05
1.300e+00 7.922e-01 -8.640e-02
1.400e+00 7.902e-01 -6.118e-02
1.500e+00 7.910e-01 -3.306e-02
1.600e+00 7.989e-01 -8.089e-02
1.700e+00 7.440e-01 -7.345e-02
1.800e+00 7.939e-01 -5.850e-02
1.900e+00 7.422e-01 -5.750e-02
2.000e+00 8.025e-01 -4.217e-02
2.100e+00 7.305e-01 -1.162e-02
2.200e+00 7.510e-01 3.465e-03
2.300e+00 7.713e-01 -3.010e-02
2.400e+00 7.759e-01 -2.973e-03
2.500e+00 7.695e-01 -6.223e-03
2.600e+00 7.934e-01 -3.077e-02
2.700e+00 7.579e-01 -3.683e-02
2.800e+00 7.675e-01 -7.509e-03
2.900e+00 6.992e-01 1.682e-03
3.000e+00 7.167e-01 -1.384e-02
3.100e+00 7.418e-01 -1.783e-02
3.200e+00 7.377e-01 -4.475e-02
3.300e+00 6.839e-01 -5.578e-02
3.400e+00 6.934e-01 -2.113e-02
3.500e+00 6.689e-01 -1.205e-02
3.600e+00 6.800e-01 -5.229e-02
3.700e+00 6.716e-01 -2.894e-02
3.800e+00 6.165e-01 -1.321e-02
3.900e+00 6.441e-01 -2.877e-02
4.000e+00 6.240e-01 -5.609e-02
4.100e+00 6.151e-01 -4.511e-02
4.200e+00 6.211e-01 -5.286e-02
4.300e+00 6.420e-01 -3.366e-02
4.400e+00 5.755e-01 -4.049e-02
4.500e+00 5.785e-01 -5.298e-04
4.600e+00 5.976e-01 -4.206e-02
4.700e+00 6.178e-01 -7.172e-02
4.800e+00 5.780e-01 -7.684e-02
4.900e+00 5.813e-01 -8.083e-02
5.000e+00 6.131e-01 -8.467e-02
5.100e+00 5.955e-01 -8.891e-02
5.200e+00 5.957e-01 -5.082e-02
5.300e+00 6.076e-01 -6.259e-02
5.400e+00 6.228e-01 -6.740e-02
5.500e+00 5.643e-01 -3.912e-02
5.600e+00 5.873e-01 -3.668e-02
5.700e+00 5.892e-01 -1.772e-02
5.800e+00 5.860e-01 -3.475e-02
5.900e+00 5.830e-01 -2.477e-02
6.000e+00 5.525e-01 -3.976e-02
6.100e+00 5.491e-01 -4.672e-02
6.200e+00 5.830e-01 -7.642e-02
6.300e+00 5.603e-01 -4.466e-02
6.400e+00 5.502e-01 -5.132e-02
6.500e+00 5.690e-01 -7.169e-02
6.600e+00 5.962e-01 -8.343e-02
6.700e+00 5.981e-01 -9.536e-02
6.800e+00 5.917e-01 -7.017e-02
6.900e+00 6.147e-01 -6.843e-02
7.000e+00 5.343e-01 -7.518e-02
7.100e+00 5.689e-01 -8.030e-02
7.200e+00 5.583e-01 -9.532e-02
7.300e+00 5.508e-01 -8.283e-02
7.400e+00 5.434e-01 -6.025e-02
7.500e+00 5.279e-01 -6.944e-02
7.600e+00 5.525e-01 -3.510e-02
7.700e+00 5.621e-01 -5.630e-02
7.800e+00 5.428e-01 -6.451e-02
7.900e+00 5.582e-01 -7.774e-02
8.000e+00 5.629e-01 -8.838e-02
8.100e+00 5.766e-01 -7.776e-02
8.200e+00 5.720e-01 -5.616e-02
8.300e+00 5.590e-01 -7.109e-02
8.400e+00 5.616e-01 -3.931e-02
8.500e+00 5.512e-01 -4.104e-02
8.600e+00 5.256e-01 -2.871e-02
8.700e+00 5.874e-01 -1.208e-02
8.800e+00 5.742e-01 -1.004e-02
8.900e+00 5.537e-01 -1.475e-02
9.000e+00 4.944e-01 -2.698e-02
9.100e+00 5.548e-01 -8.321e-03
9.200e+00 5.238e-01 -3.618e-02
9.300e+00 5.310e-01 -3.847e-02
9.400e+00 4.987e-01 -3.599e-02
9.500e+00 5.038e-01 5.882e-03
9.600e+00 5.058e-01 4.181e-03
9.700e+00 5.065e-01 -1.298e-02
9.800e+00 5.201e-01 -3.566e-02
9.900e+00 5.311e-01 -3.076e-02
1.000e+01 5.095e-01 -2.114e-02
1.010e+01 5.019e-01 -2.146e-02
1.020e+01 5.057e-01 -2.702e-02
1.030e+01 5.390e-01 -1.510e-02
1.040e+01 5.295e-01 -2.489e-02
1.050e+01 5.008e-01 -2.449e-02
1.060e+01 5.067e-01 -2.961e-02
1.070e+01 5.289e-01 -4.282e-02
1.080e+01 5.289e-01 -3.795e-03
1.090e+01 5.518e-01 -2.819e-02
1.100e+01 5.668e-01 -3.202e-02
1.110e+01 5.771e-01 -4.717e-02
1.120e+01 5.492e-01 -3.139e-03
1.130e+01 5.515e-01 4.402e-03
1.140e+01 5.443e-01 -1.321e-02
1.150e+01 5.418e-01 -3.344e-02
1.160e+01 5.375e-01 -1.388e-02
1.170e+01 5.498e-01 -3.477e-02
1.180e+01 5.112e-01 -4.392e-02
1.190e+01 4.933e-01 -5.750e-02
1.200e+01 5.200e-01 -6.366e-02
1.210e+01 5.124e-01 -9.964e-02
1.220e+01 4.866e-01 -7.764e-02
1.230e+01 5.308e-01 -5.828e-02
1.240e+01 5.087e-01 -3.836e-02
1.250e+01 4.830e-01 -2.139e-02
1.260e+01 4.594e-01 -2.871e-02
1.270e+01 4.837e-01 -1.370e-02
1.280e+01 5.037e-01 -2.922e-02
1.290e+01 5.122e-01 -5.061e-02
1.300e+01 4.874e-01 -4.728e-02
1.310e+01 4.891e-01 1.003e-02
1.320e+01 4.930e-01 -5.234e-03
1.330e+01 5.033e-01 -5.263e-03
1.340e+01 4.884e-01 -4.127e-02
1.350e+01 4.956e-01 -1.525e-02
1.360e+01 4.791e-01 -5.927e-04
1.370e+01 4.772e-01 2.739e-02
1.380e+01 5.019e-01 1.034e-02
1.390e+01 4.695e-01 1.146e-02
1.400e+01 5.109e-01 3.744e-02
1.410e+01 4.878e-01 3.165e-02
1.420e+01 5.096e-01 -1.965e-03
1.430e+01 4.888e-01 -3.259e-02
1.440e+01 4.852e-01 -2.091e-02
1.450e+01 4.663e-01 -2.137e-02
1.460e+01 4.782e-01 2.293e-02
1.470e+01 4.352e-01 5.859e-03
1.480e+01 4.293e-01 9.849e-03
1.490e+01 4.168e-01 1.971e-02
1.500e+01 4.369e-01 -1.791e-02
1.510e+01 4.380e-01 -2.010e-02
1.520e+01 4.186e-01 -4.572e-03
1.530e+01 4.057e-01 6.616e-03
1.540e+01 3.918e-01 -9.765e-03
1.550e+01 4.032e-01 -4.205e-02
1.560e+01 4.353e-01 -7.115e-02
1.570e+01 4.307e-01 -5.300e-02
1.580e+01 4.415e-01 -1.726e-02
1.590e+01 4.276e-01 -4.084e-02
1.600e+01 4.522e-01 -4.008e-02
1.610e+01 4.304e-01 -2.101e-02
1.620e+01 4.537e-01 1.566e-02
1.630e+01 4.659e-01 1.606e-02
1.640e+01 4.657e-01 -1.926e-02
1.650e+01 4.530e-01 -2.197e-02
1.660e+01 4.527e-01 -4.120e-03
1.670e+01 4.557e-01 4.465e-03
1.680e+01 4.375e-01 2.704e-03
1.690e+01 4.212e-01 1.345e-02
1.700e+01 4.319e-01 1.302e-02
1.710e+01 4.604e-01 6.034e-03
1.720e+01 4.288e-01 7.195e-03
1.730e+01 4.136e-01 -6.209e-03
1.740e+01 4.163e-01 -1.720e-02
1.750e+01 4.121e-01 2.994e-03
1.760e+01 4.508e-01 2.833e-03
1.770e+01 4.015e-01 -1.071e-02
1.780e+01 4.074e-01 5.223e-03
1.790e+01 4.249e-01 -1.278e-02
1.800e+01 4.192e-01 -9.940e-03
1.810e+01 4.144e-01 -2.235e-02
1.820e+01 4.184e-01 -1.926e-02
1.830e+01 4.187e-01 -4.092e-03
1.840e+01 4.231e-01 3.703e-03
1.850e+01 4.369e-01 1.635e-02
1.860e+01 4.334e-01 3.394e-03
1.870e+01 4.288e-01 2.563e-03
1.880e+01 4.229e-01 -3.882e-03
1.890e+01 4.069e-01 8.623e-03
1.900e+01 4.104e-01 -1.980e-02
1.910e+01 4.746e-01 -2.019e-03
1.920e+01 4.198e-01 -7.124e-03
1.930e+01 4.131e-01 1.018e-02
1.940e+01 3.994e-01 1.676e-02
1.950e+01 4.160e-01 -1.667e-02
1.960e+01 4.255e-01 -3.509e-02
1.970e+01 4.282e-01 -3.039e-02
1.980e+01 4.196e-01 -2.693e-02
1.990e+01 4.264e-01 2.665e-03
2.000e+01 4.130e-01 3.389e-02
2.010e+01 4.070e-01 -7.419e-03
2.020e+01 3.680e-01 -1.520e-02
2.030e+01 3.828e-01 -1.748e-02
2.040e+01 3.884e-01 -3.446e-02
2.050e+01 3.944e-01 -4.252e-02
2.060e+01 4.064e-01 -1.375e-02
2.070e+01 4.062e-01 -2.491e-02
2.080e+01 3.723e-01 -3.366e-02
2.090e+01 3.544e-01 -6.034e-02
2.100e+01 3.592e-01 -4.937e-02
2.110e+01 3.564e-01 -3.438e-02
2.120e+01 3.903e-01 -2.078e-02
2.130e+01 3.677e-01 -1.747e-02
2.140e+01 3.493e-01 -2.525e-02
2.150e+01 3.580e-01 -2.444e-02
2.160e+01 3.489e-01 -3.295e-02
2.170e+01 3.512e-01 -5.427e-02
2.180e+01 3.679e-01 -5.093e-02
2.190e+01 4.008e-01 -3.697e-02
2.200e+01 3.801e-01 -3.531e-02
2.210e+01 3.713e-01 -1.271e-02
2.220e+01 3.862e-01 -1.999e-02
2.230e+01 3.683e-01 -2.586e-02
2.240e+01 3.941e-01 -5.084e-02
2.250e+01 3.746e-01 -5.155e-02
2.260e+01 3.505e-01 -5.295e-02
2.270e+01 3.498e-01 -5.335e-02
2.280e+01 3.599e-01 -4.875e-02
2.290e+01 3.351e-01 -3.502e-02
2.300e+01 3.419e-01 -4.162e-02
2.310e+01 3.720e-01 -4.607e-02
2.320e+01 3.951e-01 -3.783e-02
2.330e+01 4.141e-01 -1.447e-02
2.340e+01 3.654e-01 -3.280e-02
2.350e+01 3.474e-01 -4.811e-02
2.360e+01 3.547e-01 -5.125e-02
2.370e+01 3.832e-01 -1.496e-02
2.380e+01 3.677e-01 -1.346e-02
2.390e+01 3.596e-01 -3.443e-02
2.400e+01 3.629e-01 -3.081e-02
2.410e+01 3.471e-01 -2.278e-02
2.420e+01 3.788e-01 -1.101e-02
2.430e+01 3.693e-01 -1.640e-02
2.440e+01 3.255e-01 1.074e-02
2.450e+01 3.511e-01 -3.826e-03
2.460e+01 3.425e-01 -8.108e-03
2.470e+01 3.316e-01 -8.478e-04
2.480e+01 3.289e-01 -1.354e-02
2.490e+01 3.249e-01 -2.616e-02
2.500e+01 3.594e-01 -2.272e-02
2.510e+01 3.696e-01 -1.818e-02
2.520e+01 3.549e-01 2.742e-03
2.530e+01 3.378e-01 4.143e-03
2.540e+01 3.505e-01 -1.920e-03
2.550e+01 3.632e-01 -2.665e-03
2.560e+01 3.277e-01 -3.233e-02
2.570e+01 3.633e-01 -4.569e-02
2.580e+01 3.428e-01 -2.438e-02
2.590e+01 3.827e-01 -1.068e-02
2.600e+01 3.700e-01 -4.683e-02
2.610e+01 3.392e-01 -4.435e-02
2.620e+01 3.469e-01 -4.689e-02
2.630e+01 3.416e-01 -3.756e-02
2.640e+01 3.541e-01 -4.079e-02
2.650e+01 3.199e-01 -5.301e-02
2.660e+01 3.315e-01 -4.897e-02
2.670e+01 3.149e-01 -4.322e-02
2.680e+01 3.153e-01 -4.705e-02
2.690e+01 3.293e-01 -3.470e-02
2.700e+01 3.302e-01 -6.287e-02
2.710e+01 3.187e-01 -5.580e-02
2.720e+01 3.110e-01 -4.695e-02
2.730e+01 3.158e-01 -3.254e-02
2.740e+01 3.536e-01 -4.526e-02
2.750e+01 3.288e-01 -2.270e-02
2.760e+01 3.317e-01 -5.832e-02
2.770e+01 2.929e-01 -4.705e-02
2.780e+01 3.332e-01 -4.005e-02
2.790e+01 3.334e-01 -3.933e-02
2.800e+01 3.445e-01 -2.794e-02
2.810e+01 3.348e-01 -5.475e-02
2.820e+01 3.165e-01 -4.659e-02
2.830e+01 3.250e-01 -4.340e-02
2.840e+01 3.276e-01 -5.018e-02
2.850e+01 3.202e-01 -7.004e-02
2.860e+01 3.350e-01 -4.850e-02
2.870e+01 3.256e-01 -6.288e-02
2.880e+01 3.145e-01 -1.483e-02
2.890e+01 3.498e-01 -3.086e-02
2.900e+01 3.203e-01 -7.333e-02
2.910e+01 3.472e-01 -3.921e-02
2.920e+01 3.154e-01 -1.541e-02
2.930e+01 3.128e-01 -1.596e-02
2.940e+01 3.258e-01 -1.324e-02
2.950e+01 3.181e-01 -5.206e-02
2.960e+01 3.024e-01 -6.469e-02
2.970e+01 3.252e-01 -6.520e-02
2.980e+01 3.231e-01 -4.797e-02
2.990e+01 3.385e-01 -5.181e-02
3.000e+01 3.080e-01 -3.940e-02
3.010e+01 3.236e-01 -5.891e-02
3.020e+01 2.767e-01 -4.750e-02
3.030e+01 2.805e-01 -4.523e-02
3.040e+01 3.030e-01 -6.666e-02
3.050e+01 2.770e-01 -4.502e-02
3.060e+01 3.000e-01 -3.514e-02
3.070e+01 3.109e-01 -6.727e-03
3.080e+01 3.181e-01 -1.879e-02
3.090e+01 3.111e-01 -4.929e-02
3.100e+01 3.108e-01 -3.356e-02
3.110e+01 3.136e-01 -2.490e-02
3.120e+01 3.207e-01 -2.444e-02
3.130e+01 3.303e-01 -7.365e-02
3.140e+01 3.279e-01 -4.465e-02
3.150e+01 3.132e-01 -5.214e-02
3.160e+01 3.436e-01 -5.466e-02
3.170e+01 3.271e-01 -4.115e-02
3.180e+01 3.515e-01 -4.712e-02
3.190e+01 3.444e-01 -4.656e-02
3.200e+01 3.670e-01 -6.447e-02
3.210e+01 3.375e-01 -8.186e-02
3.220e+01 3.426e-01 -7.690e-02
3.230e+01 3.404e-01 -4.931e-02
3.240e+01 4.020e-01 -3.756e-02
3.250e+01 3.407e-01 -1.993e-02
3.260e+01 3.645e-01 -5.915e-02
3.270e+01 3.531e-01 -3.942e-02
3.280e+01 3.480e-01 -3.007e-02
3.290e+01 3.212e-01 -5.319e-02
3.300e+01 3.361e-01 -6.003e-02
3.310e+01 3.090e-01 -5.431e-02
3.320e+01 3.074e-01 -8.426e-02
3.330e+01 2.900e-01 -9.673e-02
3.340e+01 3.315e-01 -9.921e-02
3.350e+01 3.331e-01 -6.306e-02
3.360e+01 3.104e-01 -5.539e-02
3.370e+01 3.110e-01 -6.116e-02
3.380e+01 2.995e-01 -3.450e-02
3.390e+01 3.177e-01 -5.397e-02
3.400e+01 3.006e-01 -3.471e-02
3.410e+01 2.776e-01 -1.815e-02
3.420e+01 2.589e-01 -2.607e-02
3.430e+01 2.748e-01 -3.104e-02
3.440e+01 2.609e-01 -1.874e-02
3.450e+01 2.704e-01 -2.140e-02
3.460e+01 2.541e-01 -4.058e-02
3.470e+01 2.755e-01 -6.759e-02
3.480e+01 2.322e-01 -5.879e-02
3.490e+01 2.411e-01 -4.991e-02
3.500e+01 2.442e-01 -4.947e-02
3.510e+01 2.347e-01 -4.639e-02
3.520e+01 2.283e-01 -3.973e-02
3.530e+01 2.239e-01 -3.342e-02
3.540e+01 2.155e-01 -3.296e-02
3.550e+01 2.151e-01 -3.974e-02
3.560e+01 2.228e-01 -1.446e-02
3.570e+01 2.356e-01 -1.704e-02
3.580e+01 2.268e-01 -3.150e-02
3.590e+01 2.388e-01 -2.545e-02
3.600e+01 2.497e-01 -3.064e-02
3.610e+01 2.222e-01 -1.237e-02
3.620e+01 2.236e-01 -2.713e-02
3.630e+01 2.235e-01 -3.416e-02
3.640e+01 2.211e-01 -1.357e-02
3.650e+01 2.305e-01 -2.528e-02
3.660e+01 2.390e-01 -1.705e-02
3.670e+01 2.748e-01 -4.309e-02
3.680e+01 2.629e-01 -3.397e-02
3.690e+01 2.501e-01 -4.040e-02
3.700e+01 2.450e-01 -4.389e-02
3.710e+01 2.754e-01 -4.164e-02
3.720e+01 2.323e-01 -3.044e-02
3.730e+01 2.506e-01 -4.697e-02
3.740e+01 2.564e-01 -2.576e-02
3.750e+01 2.346e-01 -3.195e-02
3.760e+01 2.370e-01 -2.834e-02
3.770e+01 2.478e-01 -2.731e-02
3.780e+01 2.557e-01 -2.046e-02
3.790e+01 2.546e-01 -2.279e-02
3.800e+01 2.710e-01 -2.824e-02
3.810e+01 2.631e-01 -4.337e-02
3.820e+01 2.620e-01 -2.839e-02
3.830e+01 2.395e-01 -1.980e-02
3.840e+01 2.310e-01 9.019e-04
3.850e+01 2.390e-01 3.831e-03
3.860e+01 2.446e-01 1.085e-02
3.870e+01 2.527e-01 -1.174e-02
3.880e+01 2.374e-01 -7.398e-03
3.890e+01 2.409e-01 -7.704e-04
3.900e+01 2.374e-01 -1.015e-03
3.910e+01 2.379e-01 -3.927e-03
3.920e+01 2.370e-01 -1.503e-02
3.930e+01 2.406e-01 -1.945e-02
3.940e+01 2.182e-01 -1.359e-02
3.950e+01 2.459e-01 1.354e-03
3.960e+01 2.451e-01 -1.771e-02
3.970e+01 2.262e-01 -1.165e-02
3.980e+01 2.258e-01 -1.617e-02
3.990e+01 2.293e-01 -3.697e-02
4.000e+01 2.281e-01 -1.538e-02
4.010e+01 2.393e-01 -1.502e-02
4.020e+01 2.418e-01 -1.557e-03
4.030e+01 2.380e-01 -5.850e-03
4.040e+01 2.366e-01 -3.877e-03
4.050e+01 2.309e-01 9.700e-03
4.060e+01 2.358e-01 -8.405e-03
4.070e+01 2.249e-01 -2.132e-02
4.080e+01 2.242e-01 -2.622e-02
4.090e+01 2.135e-01 -3.078e-02
4.100e+01 2.225e-01 -3.291e-02
4.110e+01 2.282e-01 -1.797e-02
4.120e+01 2.311e-01 -4.939e-03
4.130e+01 2.199e-01 3.722e-03
4.140e+01 2.222e-01 5.203e-04
4.150e+01 2.219e-01 4.456e-03
4.160e+01 2.228e-01 3.793e-03
4.170e+01 2.254e-01 2.478e-03
4.180e+01 2.305e-01 4.556e-03
4.190e+01 2.275e-01 -4.986e-03
4.200e+01 2.316e-01 -1.640e-02
4.210e+01 2.249e-01 -2.243e-02
4.220e+01 2.326e-01 -1.766e-02
4.230e+01 2.346e-01 -1.097e-02
4.240e+01 2.237e-01 1.153e-02
4.250e+01 2.283e-01 4.225e-03
4.260e+01 2.365e-01 -1.595e-03
4.270e+01 2.246e-01 2.979e-03
4.280e+01 2.232e-01 8.344e-03
4.290e+01 2.422e-01 8.436e-03
4.300e+01 2.493e-01 2.006e-02
4.310e+01 2.507e-01 4.837e-03
4.320e+01 2.475e-01 -7.580e-03
4.330e+01 2.276e-01 6.604e-03
4.340e+01 2.372e-01 7.721e-04
4.350e+01 2.503e-01 -2.719e-03
4.360e+01 2.459e-01 1.423e-03
4.370e+01 2.674e-01 3.741e-03
4.380e+01 2.573e-01 -7.372e-03
4.390e+01 2.349e-01 -1.802e-03
4.400e+01 2.366e-01 3.987e-03
4.410e+01 2.268e-01 5.976e-03
4.420e+01 2.411e-01 -3.656e-03
4.430e+01 2.364e-01 -7.573e-03
4.440e+01 2.325e-01 -2.818e-02
4.450e+01 2.430e-01 -2.174e-02
4.460e+01 2.349e-01 -1.747e-02
4.470e+01 2.476e-01 -9.539e-03
4.480e+01 2.440e-01 5.079e-03
4.490e+01 2.338e-01 9.112e-03
4.500e+01 2.149e-01 6.056e-03
4.510e+01 2.214e-01 -6.680e-03
4.520e+01 2.150e-01 6.879e-03
4.530e+01 2.273e-01 1.232e-03
4.540e+01 2.087e-01 -5.154e-03
4.550e+01 2.122e-01 -1.207e-02
4.560e+01 2.196e-01 -1.949e-02
4.570e+01 2.135e-01 -1.480e-02
4.580e+01 2.166e-01 -8.057e-03
4.590e+01 2.019e-01 2.418e-03
4.600e+01 1.952e-01 5.187e-03
4.610e+01 1.961e-01 1.045e-02
4.620e+01 2.101e-01 -3.398e-04
4.630e+01 1.963e-01 -1.528e-02
4.640e+01 1.917e-01 -2.736e-02
4.650e+01 1.981e-01 -1.705e-02
4.660e+01 1.908e-01 -1.248e-02
4.670e+01 2.049e-01 -6.363e-03
4.680e+01 2.166e-01 -7.204e-03
4.690e+01 2.001e-01 1.541e-02
4.700e+01 1.986e-01 1.257e-02
4.710e+01 1.960e-01 -7.887e-03
4.720e+01 1.833e-01 -8.476e-03
4.730e+01 1.773e-01 -3.998e-03
4.740e+01 1.838e-01 -1.254e-02
4.750e+01 1.865e-01 1.816e-03
4.760e+01 1.956e-01 -9.875e-03
4.770e+01 1.937e-01 -1.074e-02
4.780e+01 2.072e-01 -8.669e-03
4.790e+01 2.106e-01 -1.657e-02
4.800e+01 2.041e-01 -1.333e-02
4.810e+01 1.958e-01 -1.866e-02
4.820e+01 1.928e-01 -1.431e-02
4.830e+01 1.928e-01 -2.444e-03
4.840e+01 1.875e-01 2.268e-03
4.850e+01 1.860e-01 3.291e-03
4.860e+01 1.920e-01 3.931e-03
4.870e+01 2.022e-01 -4.073e-03
4.880e+01 1.948e-01 -2.854e-03
4.890e+01 2.034e-01 -1.132e-02
4.900e+01 1.997e-01 -1.152e-02
4.910e+01 1.988e-01 -7.335e-03
4.920e+01 1.830e-01 -1.427e-02
4.930e+01 1.745e-01 -1.817e-02
4.940e+01 1.761e-01 -7.072e-03
4.950e+01 1.816e-01 -7.851e-03
4.960e+01 1.865e-01 -9.677e-03
4.970e+01 1.876e-01 -1.049e-02
4.980e+01 2.015e-01 -9.204e-03
4.990e+01 1.930e-01 -3.777e-03
5.000e+01 1.928e-01 -4.638e-03
5.010e+01 2.000e-01 -1.578e-02
5.020e+01 2.038e-01 -3.317e-03
5.030e+01 1.872e-01 5.681e-03
5.040e+01 1.689e-01 6.115e-04
5.050e+01 1.812e-01 1.576e-03
5.060e+01 1.817e-01 -8.601e-03
5.070e+01 1.793e-01 -2.484e-02
5.080e+01 1.709e-01 -3.243e-02
5.090e+01 1.684e-01 -1.940e-02
5.100e+01 1.890e-01 -1.737e-02
5.110e+01 1.906e-01 -2.382e-02
5.120e+01 1.894e-01 -3.674e-03
5.130e+01 1.837e-01 -2.136e-02
5.140e+01 1.655e-01 -2.125e-02
5.150e+01 1.709e-01 -3.795e-02
5.160e+01 1.712e-01 -2.691e-02
5.170e+01 1.643e-01 -3.190e-02
5.180e+01 1.663e-01 -2.241e-02
5.190e+01 1.671e-01 -2.388e-02
5.200e+01 1.754e-01 -2.930e-02
5.210e+01 1.852e-01 -2.487e-02
5.220e+01 1.901e-01 -2.233e-02
5.230e+01 1.725e-01 -1.601e-02
5.240e+01 1.739e-01 -4.597e-02
5.250e+01 1.783e-01 -4.815e-02
5.260e+01 1.790e-01 -4.824e-02
5.270e+01 1.669e-01 -5.031e-02
5.280e+01 1.677e-01 -4.148e-02
5.290e+01 1.706e-01 -2.142e-02
5.300e+01 1.788e-01 -3.419e-02
5.310e+01 1.706e-01 -1.624e-02
5.320e+01 1.647e-01 -3.312e-02
5.330e+01 1.670e-01 -3.895e-02
5.340e+01 1.497e-01 -2.268e-02
5.350e+01 1.597e-01 -3.651e-02
5.360e+01 1.452e-01 -2.313e-02
5.370e+01 1.454e-01 -1.841e-02
5.380e+01 1.590e-01 -2.861e-02
5.390e+01 1.565e-01 -2.505e-02
5.400e+01 1.561e-01 -3.470e-02
5.410e+01 1.714e-01 -3.420e-02
5.420e+01 1.575e-01 -2.364e-02
5.430e+01 1.646e-01 -4.174e-02
5.440e+01 1.519e-01 -1.916e-02
5.450e+01 1.623e-01 -2.722e-02
5.460e+01 1.630e-01 -1.374e-02
5.470e+01 1.614e-01 -2.579e-02
5.480e+01 1.767e-01 -2.575e-02
5.490e+01 1.913e-01 -2.461e-02
5.500e+01 1.677e-01 -2.796e-02
5.510e+01 1.493e-01 -3.571e-02
5.520e+01 1.655e-01 -2.001e-02
5.530e+01 1.551e-01 -2.593e-02
5.540e+01 1.573e-01 -1.905e-02
5.550e+01 1.520e-01 -3.718e-02
5.560e+01 1.537e-01 -1.390e-02
5.570e+01 1.761e-01 -2.880e-02
5.580e+01 1.515e-01 -2.158e-02
5.590e+01 1.618e-01 -2.149e-02
5.600e+01 1.757e-01 -2.027e-02
5.610e+01 1.847e-01 -3.069e-02
5.620e+01 1.833e-01 -3.352e-02
5.630e+01 1.720e-01 -3.521e-02
5.640e+01 1.680e-01 -3.925e-02
5.650e+01 1.713e-01 -4.344e-02
5.660e+01 1.781e-01 -4.309e-02
5.670e+01 1.667e-01 -2.987e-02
5.680e+01 1.598e-01 -4.745e-02
5.690e+01 1.625e-01 -1.010e-02
5.700e+01 1.645e-01 -7.695e-03
5.710e+01 1.656e-01 -1.182e-02
5.720e+01 1.800e-01 -2.338e-02
5.730e+01 1.784e-01 6.607e-04
5.740e+01 1.687e-01 -1.561e-02
5.750e+01 1.768e-01 -1.811e-02
5.760e+01 1.628e-01 -1.891e-02
5.770e+01 1.537e-01 -2.693e-02
5.780e+01 1.493e-01 -1.599e-02
5.790e+01 1.522e-01 -3.689e-02
5.800e+01 1.656e-01 -4.738e-02
5.810e+01 1.723e-01 -3.909e-02
5.820e+01 1.719e-01 -5.888e-02
5.830e+01 1.616e-01 -2.837e-02
5.840e+01 1.644e-01 -3.912e-02
5.850e+01 1.590e-01 -2.518e-02
5.860e+01 1.640e-01 -3.846e-02
5.870e+01 1.635e-01 -1.892e-02
5.880e+01 1.572e-01 -2.382e-02
5.890e+01 1.704e-01 -1.170e-02
5.900e+01 1.693e-01 -2.450e-02
5.910e+01 1.816e-01 -1.432e-02
5.920e+01 1.657e-01 -1.862e-02
5.930e+01 1.514e-01 -3.205e-02
5.940e+01 1.494e-01 -3.195e-02
5.950e+01 1.365e-01 -3.474e-02
5.960e+01 1.396e-01 -3.259e-02
5.970e+01 1.485e-01 -3.333e-02
5.980e+01 1.653e-01 -2.080e-02
5.990e+01 1.467e-01 -6.212e-03
6.000e+01 1.423e-01 7.684e-03
6.010e+01 1.401e-01 5.292e-03
6.020e+01 1.483e-01 1.459e-03
6.030e+01 1.401e-01 1.404e-03
6.040e+01 1.446e-01 3.518e-03
6.050e+01 1.550e-01 1.480e-02
6.060e+01 1.605e-01 7.150e-04
6.070e+01 1.686e-01 -3.132e-03
6.080e+01 1.553e-01 -1.417e-02
6.090e+01 1.501e-01 -1.357e-02
6.100e+01 1.596e-01 -2.326e-03
6.110e+01 1.719e-01 -2.002e-02
6.120e+01 1.606e-01 1.294e-02
6.130e+01 1.476e-01 2.925e-03
6.140e+01 1.582e-01 -2.812e-02
6.150e+01 1.402e-01 -1.453e-02
6.160e+01 1.575e-01 -2.488e-02
6.170e+01 1.577e-01 -8.849e-03
6.180e+01 1.619e-01 1.137e-03
6.190e+01 1.583e-01 5.274e-03
6.200e+01 1.678e-01 1.284e-02
6.210e+01 1.443e-01 1.101e-03
6.220e+01 1.508e-01 -1.880e-03
6.230e+01 1.502e-01 5.493e-03
6.240e+01 1.748e-01 -1.373e-02
6.250e+01 1.618e-01 5.136e-03
6.260e+01 1.684e-01 4.026e-03
6.270e+01 1.620e-01 -5.963e-03
6.280e+01 1.461e-01 5.385e-03
6.290e+01 1.628e-01 3.286e-05
6.300e+01 1.509e-01 -6.572e-03
6.310e+01 1.504e-01 -3.157e-03
6.320e+01 1.471e-01 -7.499e-03
6.330e+01 1.352e-01 -1.663e-02
6.340e+01 1.417e-01 7.305e-03
6.350e+01 1.392e-01 8.480e-03
6.360e+01 1.418e-01 1.190e-02
6.370e+01 1.323e-01 -5.750e-04
6.380e+01 1.285e-01 -4.028e-03
6.390e+01 1.340e-01 7.888e-04
6.400e+01 1.357e-01 -1.254e-03
6.410e+01 1.282e-01 5.374e-03
6.420e+01 1.272e-01 1.114e-02
6.430e+01 1.199e-01 1.525e-02
6.440e+01 1.252e-01 1.493e-02
6.450e+01 1.431e-01 2.728e-03
6.460e+01 1.328e-01 6.532e-04
6.470e+01 1.171e-01 1.758e-03
6.480e+01 1.221e-01 1.235e-02
6.490e+01 1.335e-01 5.465e-03
6.500e+01 1.249e-01 1.679e-02
6.510e+01 1.251e-01 1.117e-02
6.520e+01 1.234e-01 1.470e-02
6.530e+01 1.268e-01 1.278e-02
6.540e+01 1.275e-01 7.498e-03
6.550e+01 1.186e-01 1.373e-02
6.560e+01 1.215e-01 1.587e-02
6.570e+01 1.205e-01 2.385e-02
6.580e+01 1.331e-01 2.555e-02
6.590e+01 1.317e-01 1.759e-02
6.600e+01 1.286e-01 2.404e-02
6.610e+01 1.314e-01 2.115e-02
6.620e+01 1.271e-01 2.399e-02
6.630e+01 1.309e-01 1.993e-02
6.640e+01 1.276e-01 2.793e-02
6.650e+01 1.219e-01 1.994e-02
6.660e+01 1.186e-01 1.895e-02
6.670e+01 1.039e-01 1.793e-02
6.680e+01 1.180e-01 2.391e-02
6.690e+01 1.298e-01 2.019e-02
6.700e+01 1.314e-01 2.019e-02
6.710e+01 1.239e-01 2.274e-02
6.720e+01 1.277e-01 2.656e-02
6.730e+01 1.262e-01 2.279e-02
6.740e+01 1.295e-01 1.712e-02
6.750e+01 1.249e-01 1.279e-02
6.760e+01 1.271e-01 1.396e-02
6.770e+01 1.255e-01 9.386e-03
6.780e+01 1.203e-01 3.395e-03
6.790e+01 1.226e-01 -2.631e-03
6.800e+01 1.282e-01 5.839e-03
6.810e+01 1.322e-01 2.216e-03
6.820e+01 1.324e-01 5.007e-05
6.830e+01 1.415e-01 1.137e-02
6.840e+01 1.396e-01 1.234e-02
6.850e+01 1.396e-01 1.553e-02
6.860e+01 1.396e-01 1.996e-02
6.870e+01 1.479e-01 3.017e-02
6.880e+01 1.367e-01 2.256e-02
6.890e+01 1.406e-01 2.173e-02
6.900e+01 1.420e-01 2.632e-02
6.910e+01 1.391e-01 1.893e-02
6.920e+01 1.340e-01 1.798e-02
6.930e+01 1.289e-01 1.295e-02
6.940e+01 1.286e-01 1.929e-02
6.950e+01 1.321e-01 2.062e-02
6.960e+01 1.338e-01 1.856e-02
6.970e+01 1.245e-01 1.601e-02
6.980e+01 1.263e-01 1.594e-02
6.990e+01 1.216e-01 1.317e-02
7.000e+01 1.266e-01 2.481e-02
7.010e+01 1.184e-01 2.867e-02
7.020e+01 1.214e-01 3.200e-02
7.030e+01 1.185e-01 2.768e-02
7.040e+01 1.253e-01 1.898e-02
7.050e+01 1.223e-01 2.158e-02
7.060e+01 1.304e-01 2.483e-02
7.070e+01 1.300e-01 2.382e-02
7.080e+01 1.286e-01 2.426e-02
7.090e+01 1.251e-01 2.228e-02
7.100e+01 1.186e-01 2.663e-02
7.110e+01 1.248e-01 1.863e-02
7.120e+01 1.194e-01 2.026e-02
7.130e+01 1.240e-01 2.520e-02
7.140e+01 1.239e-01 2.457e-02
7.150e+01 1.284e-01 2.622e-02
7.160e+01 1.264e-01 2.880e-02
7.170e+01 1.202e-01 2.690e-02
7.180e+01 1.293e-01 2.441e-02
7.190e+01 1.248e-01 2.664e-02
7.200e+01 1.295e-01 2.306e-02
7.210e+01 1.294e-01 1.470e-02
7.220e+01 1.290e-01 1.107e-02
7.230e+01 1.249e-01 2.037e-02
7.240e+01 1.212e-01 1.905e-02
7.250e+01 1.222e-01 1.625e-02
7.260e+01 1.270e-01 1.392e-02
7.270e+01 1.260e-01 1.890e-02
7.280e+01 1.296e-01 2.181e-02
7.290e+01 1.282e-01 2.015e-02
7.300e+01 1.256e-01 2.074e-02
7.310e+01 1.253e-01 2.296e-02
7.320e+01 1.277e-01 1.788e-02
7.330e+01 1.253e-01 1.397e-02
7.340e+01 1.210e-01 1.296e-02
7.350e+01 1.219e-01 1.298e-02
7.360e+01 1.188e-01 1.358e-02
7.370e+01 1.284e-01 1.753e-02
7.380e+01 1.249e-01 1.253e-02
7.390e+01 1.318e-01 2.754e-02
7.400e+01 1.331e-01 2.278e-02
7.410e+01 1.288e-01 1.636e-02
7.420e+01 1.295e-01 1.920e-02
7.430e+01 1.385e-01 2.440e-02
7.440e+01 1.337e-01 1.595e-02
7.450e+01 1.311e-01 2.264e-02
7.460e+01 1.293e-01 2.219e-02
7.470e+01 1.300e-01 2.243e-02
7.480e+01 1.275e-01 2.283e-02
7.490e+01 1.331e-01 2.329e-02
7.500e+01 1.289e-01 1.819e-02
7.510e+01 1.306e-01 1.400e-02
7.520e+01 1.272e-01 1.675e-02
7.530e+01 1.254e-01 1.265e-02
7.540e+01 1.262e-01 2.144e-02
7.550e+01 1.261e-01 1.856e-02
7.560e+01 1.244e-01 1.488e-02
7.570e+01 1.261e-01 6.759e-03
7.580e+01 1.256e-01 9.475e-03
7.590e+01 1.259e-01 1.233e-02
7.600e+01 1.301e-01 1.786e-02
7.610e+01 1.203e-01 2.079e-02
7.620e+01 1.259e-01 2.526e-02
7.630e+01 1.216e-01 2.483e-02
7.640e+01 1.215e-01 2.375e-02
7.650e+01 1.224e-01 1.738e-02
7.660e+01 1.209e-01 1.799e-02
7.670e+01 1.243e-01 1.650e-02
7.680e+01 1.213e-01 1.126e-02
7.690e+01 1.144e-01 1.663e-02
7.700e+01 1.145e-01 1.681e-02
7.710e+01 1.200e-01 1.255e-02
7.720e+01 1.173e-01 1.142e-02
7.730e+01 1.214e-01 9.703e-03
7.740e+01 1.226e-01 2.476e-03
7.750e+01 1.282e-01 5.436e-03
7.760e+01 1.264e-01 2.902e-03
7.770e+01 1.290e-01 7.467e-04
7.780e+01 1.276e-01 7.966e-04
7.790e+01 1.282e-01 8.296e-04
7.800e+01 1.233e-01 3.773e-03
7.810e+01 1.208e-01 1.537e-03
7.820e+01 1.176e-01 2.590e-03
7.830e+01 1.159e-01 1.177e-02
7.840e+01 1.218e-01 1.225e-02
7.850e+01 1.219e-01 1.373e-02
7.860e+01 1.201e-01 4.899e-03
7.870e+01 1.236e-01 7.518e-04
7.880e+01 1.283e-01 6.531e-04
7.890e+01 1.227e-01 4.538e-03
7.900e+01 1.259e-01 7.903e-03
7.910e+01 1.196e-01 9.651e-03
7.920e+01 1.158e-01 2.343e-03
7.930e+01 1.123e-01 4.617e-03
7.940e+01 1.062e-01 -1.525e-03
7.950e+01 1.133e-01 -4.829e-03
7.960e+01 1.102e-01 -2.785e-03
7.970e+01 1.136e-01 -5.518e-03
7.980e+01 1.181e-01 6.627e-04
7.990e+01 1.153e-01 -2.119e-03
8.000e+01 1.151e-01 -5.408e-03
8.010e+01 1.196e-01 -7.401e-03
8.020e+01 1.266e-01 -3.346e-03
8.030e+01 1.228e-01 2.421e-03
8.040e+01 1.260e-01 2.325e-03
8.050e+01 1.229e-01 2.010e-03
8.060e+01 1.216e-01 1.756e-03
8.070e+01 1.277e-01 -4.720e-03
8.080e+01 1.306e-01 -2.033e-04
8.090e+01 1.352e-01 3.167e-03
8.100e+01 1.345e-01 1.799e-03
8.110e+01 1.395e-01 9.953e-04
8.120e+01 1.337e-01 9.627e-03
8.130e+01 1.275e-01 1.871e-02
8.140e+01 1.229e-01 6.756e-03
8.150e+01 1.198e-01 8.734e-03
8.160e+01 1.189e-01 5.501e-03
8.170e+01 1.257e-01 1.492e-03
8.180e+01 1.195e-01 -7.473e-04
8.190e+01 1.293e-01 -1.519e-03
8.200e+01 1.213e-01 6.261e-04
8.210e+01 1.247e-01 7.777e-03
8.220e+01 1.281e-01 1.011e-02
8.230e+01 1.251e-01 1.715e-03
8.240e+01 1.279e-01 -3.141e-04
8.250e+01 1.280e-01 -4.598e-03
8.260e+01 1.304e-01 7.679e-03
8.270e+01 1.237e-01 1.306e-02
8.280e+01 1.234e-01 1.023e-02
8.290e+01 1.262e-01 5.737e-03
8.300e+01 1.241e-01 4.351e-03
8.310e+01 1.291e-01 5.959e-03
8.320e+01 1.322e-01 9.191e-03
8.330e+01 1.369e-01 1.323e-02
8.340e+01 1.243e-01 1.950e-02
8.350e+01 1.342e-01 1.652e-02
8.360e+01 1.271e-01 2.458e-02
8.370e+01 1.232e-01 1.564e-02
8.380e+01 1.203e-01 2.369e-02
8.390e+01 1.250e-01 2.721e-02
8.400e+01 1.311e-01 2.105e-02
8.410e+01 1.234e-01 1.692e-02
8.420e+01 1.300e-01 1.662e-02
8.430e+01 1.335e-01 1.592e-02
8.440e+01 1.297e-01 1.657e-02
8.450e+01 1.275e-01 1.121e-02
8.460e+01 1.252e-01 1.972e-02
8.470e+01 1.266e-01 1.641e-02
8.480e+01 1.256e-01 1.196e-02
8.490e+01 1.256e-01 1.286e-02
8.500e+01 1.232e-01 1.212e-02
8.510e+01 1.240e-01 1.222e-02
8.520e+01 1.205e-01 8.720e-03
8.530e+01 1.225e-01 5.427e-03
8.540e+01 1.136e-01 1.588e-02
8.550e+01 1.157e-01 1.456e-02
8.560e+01 1.181e-01 1.934e-02
8.570e+01 1.281e-01 1.989e-02
8.580e+01 1.181e-01 1.576e-02
8.590e+01 1.152e-01 1.819e-02
8.600e+01 1.080e-01 1.741e-02
8.610e+01 1.096e-01 1.029e-02
8.620e+01 1.135e-01 1.533e-02
8.630e+01 1.208e-01 6.247e-03
8.640e+01 1.205e-01 1.449e-02
8.650e+01 1.173e-01 1.523e-02
8.660e+01 1.155e-01 8.714e-03
8.670e+01 1.089e-01 1.412e-02
8.680e+01 1.172e-01 1.078e-02
8.690e+01 1.231e-01 2.173e-02
8.700e+01 1.151e-01 1.600e-02
8.710e+01 1.191e-01 1.781e-02
8.720e+01 1.185e-01 1.042e-02
8.730e+01 1.167e-01 1.057e-02
8.740e+01 1.235e-01 1.447e-02
8.750e+01 1.185e-01 1.623e-02
8.760e+01 1.159e-01 8.237e-03
8.770e+01 1.152e-01 8.418e-03
8.780e+01 1.059e-01 1.409e-02
8.790e+01 1.113e-01 1.320e-02
8.800e+01 1.114e-01 1.172e-02
8.810e+01 1.168e-01 9.397e-03
8.820e+01 1.159e-01 9.038e-04
8.830e+01 1.124e-01 -8.340e-04
8.840e+01 1.175e-01 1.205e-02
8.850e+01 1.129e-01 8.857e-03
8.860e+01 1.105e-01 1.224e-02
8.870e+01 1.241e-01 1.498e-02
8.880e+01 1.103e-01 1.831e-02
8.890e+01 1.095e-01 1.326e-02
8.900e+01 1.100e-01 1.141e-02
8.910e+01 1.163e-01 4.737e-03
8.920e+01 1.106e-01 1.036e-02
8.930e+01 1.124e-01 8.464e-03
8.940e+01 1.110e-01 1.095e-02
8.950e+01 1.021e-01 7.372e-03
8.960e+01 1.073e-01 8.533e-03
8.970e+01 1.048e-01 7.087e-03
8.980e+01 1.067e-01 1.888e-02
8.990e+01 1.143e-01 1.472e-02
9.000e+01 1.073e-01 2.311e-02
9.010e+01 1.048e-01 2.285e-02
9.020e+01 1.023e-01 2.206e-02
9.030e+01 1.036e-01 2.577e-02
9.040e+01 9.916e-02 1.135e-02
9.050e+01 9.802e-02 1.965e-02
9.060e+01 9.705e-02 1.049e-02
9.070e+01 1.042e-01 8.951e-03
9.080e+01 9.153e-02 1.415e-02
9.090e+01 9.786e-02 9.097e-03
9.100e+01 9.672e-02 1.675e-02
9.110e+01 1.076e-01 1.342e-02
9.120e+01 1.021e-01 1.179e-02
9.130e+01 1.042e-01 1.084e-02
9.140e+01 1.092e-01 1.176e-02
9.150e+01 1.059e-01 1.255e-02
9.160e+01 1.077e-01 7.562e-03
9.170e+01 9.755e-02 4.357e-03
9.180e+01 1.048e-01 1.179e-02
9.190e+01 9.608e-02 6.289e-03
9.200e+01 1.012e-01 1.138e-02
9.210e+01 1.024e-01 6.684e-03
9.220e+01 1.003e-01 1.339e-02
9.230e+01 9.230e-02 8.181e-03
9.240e+01 9.678e-02 1.089e-02
9.250e+01 1.024e-01 1.291e-02
9.260e+01 1.017e-01 1.166e-02
9.270e+01 1.028e-01 1.736e-02
9.280e+01 8.421e-02 1.706e-02
9.290e+01 7.889e-02 2.542e-02
9.300e+01 8.609e-02 1.340e-02
9.310e+01 1.035e-01 1.125e-02
9.320e+01 1.131e-01 3.136e-04
9.330e+01 1.107e-01 6.718e-03
9.340e+01 1.093e-01 1.532e-02
9.350e+01 1.037e-01 1.226e-02
9.360e+01 1.051e-01 4.470e-03
9.370e+01 1.045e-01 1.527e-02
9.380e+01 9.110e-02 4.404e-03
9.390e+01 9.298e-02 -3.948e-04
9.400e+01 9.116e-02 -2.613e-03
9.410e+01 9.884e-02 -4.514e-03
9.420e+01 9.990e-02 -2.503e-03
9.430e+01 8.643e-02 -1.648e-03
9.440e+01 8.239e-02 -2.481e-03
9.450e+01 8.755e-02 -4.210e-03
9.460e+01 8.964e-02 -5.961e-03
9.470e+01 9.254e-02 -1.358e-02
9.480e+01 9.892e-02 -1.703e-02
9.490e+01 9.781e-02 -9.709e-03
9.500e+01 9.732e-02 -8.167e-03
9.510e+01 9.893e-02 -1.313e-02
9.520e+01 9.537e-02 -8.644e-03
9.530e+01 9.187e-02 -1.808e-02
9.540e+01 9.479e-02 -2.423e-03
9.550e+01 9.295e-02 1.879e-04
9.560e+01 9.998e-02 -6.444e-04
9.570e+01 1.029e-01 -5.771e-03
9.580e+01 8.197e-02 -1.300e-03
9.590e+01 8.368e-02 -1.386e-02
9.600e+01 1.006e-01 -1.415e-02
9.610e+01 9.530e-02 -6.949e-03
9.620e+01 9.158e-02 -2.109e-02
9.630e+01 1.058e-01 -1.059e-02
9.640e+01 9.186e-02 -6.690e-03
9.650e+01 1.021e-01 -5.254e-03
9.660e+01 9.822e-02 -9.161e-03
9.670e+01 1.048e-01 -4.831e-03
9.680e+01 9.587e-02 -1.598e-02
9.690e+01 9.424e-02 -1.679e-02
9.700e+01 8.587e-02 -1.369e-02
9.710e+01 8.601e-02 -1.385e-02
9.720e+01 9.372e-02 -1.584e-03
9.730e+01 9.981e-02 -6.565e-03
9.740e+01 1.069e-01 -5.114e-03
9.750e+01 1.007e-01 -2.500e-03
9.760e+01 1.045e-01 -1.579e-05
9.770e+01 1.052e-01 -1.367e-02
9.780e+01 9.968e-02 -1.481e-02
9.790e+01 1.111e-01 -1.078e-02
9.800e+01 1.112e-01 -1.325e-02
9.810e+01 1.037e-01 -1.425e-02
9.820e+01 9.721e-02 -1.703e-02
9.830e+01 9.801e-02 -8.008e-03
9.840e+01 9.283e-02 -1.162e-02
9.850e+01 1.070e-01 -1.853e-02
9.860e+01 1.109e-01 2.425e-03
9.870e+01 1.115e-01 7.076e-03
9.880e+01 1.041e-01 1.186e-02
9.890e+01 1.052e-01 1.622e-02
9.900e+01 1.075e-01 1.821e-02
9.910e+01 1.087e-01 1.334e-02
9.920e+01 1.158e-01 3.804e-04
9.930e+01 1.001e-01 -1.178e-03
9.940e+01 9.529e-02 -6.505e-03
9.950e+01 9.070e-02 -4.651e-04
9.960e+01 8.854e-02 -5.106e-03
9.970e+01 9.226e-02 -7.559e-03
9.980e+01 9.061e-02 -1.982e-03
9.990e+01 9.790e-02 -2.670e-03
