# Time (ps)      real(F_0)      im(F_0)
0.000e+00 1.000e+00 0.000e+00
1.000e-01 8.101e-01 0.000e+00
2.000e-01 7.076e-01 0.000e+00
3.000e-01 6.784e-01 0.000e+00
4.000e-01 6.475e-01 0.000e+00
5.000e-01 5.378e-01 0.000e+00
6.000e-01 5.762e-01 0.000e+00
7.000e-01 5.263e-01 0.000e+00
8.000e-01 4.806e-01 0.000e+00
9.000e-01 4.835e-01 0.000e+00
1.000e+00 5.036e-01 0.000e+00
1.100e+00 4.561e-01 0.000e+00
1.200e+00 4.249e-01 0.000e+00
1.300e+00 4.288e-01 0.000e+00
1.400e+00 4.197e-01 0.000e+00
1.500e+00 4.027e-01 0.000e+00
1.600e+00 3.892e-01 0.000e+00
1.700e+00 4.146e-01 0.000e+00
1.800e+00 3.929e-01 0.000e+00
1.900e+00 3.249e-01 0.000e+00
2.000e+00 2.914e-01 0.000e+00
2.100e+00 2.808e-01 0.000e+00
2.200e+00 3.030e-01 0.000e+00
2.300e+00 2.723e-01 0.000e+00
2.400e+00 3.041e-01 0.000e+00
2.500e+00 2.689e-01 0.000e+00
2.600e+00 2.594e-01 0.000e+00
2.700e+00 2.554e-01 0.000e+00
2.800e+00 2.322e-01 0.000e+00
2.900e+00 2.527e-01 0.000e+00
3.000e+00 2.449e-01 0.000e+00
3.100e+00 2.292e-01 0.000e+00
3.200e+00 2.144e-01 0.000e+00
3.300e+00 2.096e-01 0.000e+00
3.400e+00 2.064e-01 0.000e+00
3.500e+00 1.987e-01 0.000e+00
3.600e+00 2.020e-01 0.000e+00
3.700e+00 1.707e-01 0.000e+00
3.800e+00 1.882e-01 0.000e+00
3.900e+00 1.681e-01 0.000e+00
4.000e+00 1.529e-01 0.000e+00
4.100e+00 1.983e-01 0.000e+00
4.200e+00 1.490e-01 0.000e+00
4.300e+00 1.485e-01 0.000e+00
4.400e+00 1.348e-01 0.000e+00
4.500e+00 1.431e-01 0.000e+00
4.600e+00 1.388e-01 0.000e+00
4.700e+00 1.516e-01 0.000e+00
4.800e+00 1.689e-01 0.000e+00
4.900e+00 1.809e-01 0.000e+00
5.000e+00 1.484e-01 0.000e+00
5.100e+00 1.697e-01 0.000e+00
5.200e+00 1.299e-01 0.000e+00
5.300e+00 1.139e-01 0.000e+00
5.400e+00 1.359e-01 0.000e+00
5.500e+00 1.030e-01 0.000e+00
5.600e+00 1.302e-01 0.000e+00
5.700e+00 1.245e-01 0.000e+00
5.800e+00 1.049e-01 0.000e+00
5.900e+00 1.249e-01 0.000e+00
6.000e+00 1.327e-01 0.000e+00
6.100e+00 1.609e-01 0.000e+00
6.200e+00 1.388e-01 0.000e+00
6.300e+00 1.198e-01 0.000e+00
6.400e+00 1.350e-01 0.000e+00
6.500e+00 1.463e-01 0.000e+00
6.600e+00 1.397e-01 0.000e+00
6.700e+00 1.482e-01 0.000e+00
6.800e+00 1.314e-01 0.000e+00
6.900e+00 1.277e-01 0.000e+00
7.000e+00 9.485e-02 0.000e+00
7.100e+00 7.842e-02 0.000e+00
7.200e+00 8.232e-02 0.000e+00
7.300e+00 9.013e-02 0.000e+00
7.400e+00 9.066e-02 0.000e+00
7.500e+00 1.015e-01 0.000e+00
7.600e+00 7.377e-02 0.000e+00
7.700e+00 7.342e-02 0.000e+00
7.800e+00 7.971e-02 0.000e+00
7.900e+00 7.325e-02 0.000e+00
8.000e+00 7.254e-02 0.000e+00
8.100e+00 6.887e-02 0.000e+00
8.200e+00 4.087e-02 0.000e+00
8.300e+00 5.837e-02 0.000e+00
8.400e+00 5.237e-02 0.000e+00
8.500e+00 6.482e-02 0.000e+00
8.600e+00 3.947e-02 0.000e+00
8.700e+00 4.231e-02 0.000e+00
8.800e+00 5.706e-02 0.000e+00
8.900e+00 7.259e-02 0.000e+00
9.000e+00 4.922e-02 0.000e+00
9.100e+00 2.720e-02 0.000e+00
9.200e+00 3.705e-02 0.000e+00
9.300e+00 4.099e-02 0.000e+00
9.400e+00 4.596e-02 0.000e+00
9.500e+00 4.494e-02 0.000e+00
9.600e+00 4.517e-02 0.000e+00
9.700e+00 2.470e-02 0.000e+00
9.800e+00 7.475e-02 0.000e+00
9.900e+00 5.521e-02 0.000e+00
1.000e+01 6.658e-02 0.000e+00
1.010e+01 5.267e-02 0.000e+00
1.020e+01 4.687e-02 0.000e+00
1.030e+01 5.714e-02 0.000e+00
1.040e+01 6.938e-02 0.000e+00
1.050e+01 6.831e-02 0.000e+00
1.060e+01 9.074e-02 0.000e+00
1.070e+01 5.305e-02 0.000e+00
1.080e+01 1.884e-02 0.000e+00
1.090e+01 4.144e-02 0.000e+00
1.100e+01 5.854e-02 0.000e+00
1.110e+01 7.458e-02 0.000e+00
1.120e+01 9.524e-02 0.000e+00
1.130e+01 1.073e-01 0.000e+00
1.140e+01 1.048e-01 0.000e+00
1.150e+01 7.751e-02 0.000e+00
1.160e+01 5.805e-02 0.000e+00
1.170e+01 3.175e-02 0.000e+00
1.180e+01 2.434e-02 0.000e+00
1.190e+01 5.815e-02 0.000e+00
1.200e+01 5.610e-02 0.000e+00
1.210e+01 4.266e-02 0.000e+00
1.220e+01 5.464e-02 0.000e+00
1.230e+01 5.174e-02 0.000e+00
1.240e+01 7.104e-02 0.000e+00
1.250e+01 5.925e-02 0.000e+00
1.260e+01 3.758e-02 0.000e+00
1.270e+01 2.726e-02 0.000e+00
1.280e+01 3.187e-02 0.000e+00
1.290e+01 1.980e-02 0.000e+00
1.300e+01 1.668e-02 0.000e+00
1.310e+01 1.595e-02 0.000e+00
1.320e+01 4.165e-02 0.000e+00
1.330e+01 3.315e-02 0.000e+00
1.340e+01 4.076e-02 0.000e+00
1.350e+01 1.383e-03 0.000e+00
1.360e+01 1.667e-02 0.000e+00
1.370e+01 1.102e-02 0.000e+00
1.380e+01 7.181e-03 0.000e+00
1.390e+01 1.692e-02 0.000e+00
1.400e+01 4.044e-03 0.000e+00
1.410e+01 -1.128e-02 0.000e+00
1.420e+01 -8.997e-03 0.000e+00
1.430e+01 -9.317e-04 0.000e+00
1.440e+01 5.217e-03 0.000e+00
1.450e+01 -1.210e-02 0.000e+00
1.460e+01 -5.650e-03 0.000e+00
1.470e+01 2.781e-03 0.000e+00
1.480e+01 8.936e-04 0.000e+00
1.490e+01 2.195e-02 0.000e+00
1.500e+01 1.888e-02 0.000e+00
1.510e+01 2.107e-02 0.000e+00
1.520e+01 1.374e-02 0.000e+00
1.530e+01 8.014e-03 0.000e+00
1.540e+01 3.463e-03 0.000e+00
1.550e+01 1.301e-02 0.000e+00
1.560e+01 4.197e-02 0.000e+00
1.570e+01 3.373e-02 0.000e+00
1.580e+01 2.814e-02 0.000e+00
1.590e+01 5.588e-02 0.000e+00
1.600e+01 6.935e-02 0.000e+00
1.610e+01 4.442e-02 0.000e+00
1.620e+01 4.789e-02 0.000e+00
1.630e+01 3.960e-02 0.000e+00
1.640e+01 6.255e-02 0.000e+00
1.650e+01 2.700e-02 0.000e+00
1.660e+01 4.261e-02 0.000e+00
1.670e+01 7.246e-02 0.000e+00
1.680e+01 2.825e-02 0.000e+00
1.690e+01 7.093e-03 0.000e+00
1.700e+01 -1.306e-02 0.000e+00
1.710e+01 -8.136e-03 0.000e+00
1.720e+01 2.422e-02 0.000e+00
1.730e+01 2.739e-02 0.000e+00
1.740e+01 4.484e-03 0.000e+00
1.750e+01 1.095e-03 0.000e+00
1.760e+01 -4.829e-03 0.000e+00
1.770e+01 6.608e-03 0.000e+00
1.780e+01 2.409e-02 0.000e+00
1.790e+01 2.603e-02 0.000e+00
1.800e+01 1.342e-02 0.000e+00
1.810e+01 1.408e-02 0.000e+00
1.820e+01 -1.611e-02 0.000e+00
1.830e+01 -3.275e-03 0.000e+00
1.840e+01 1.371e-02 0.000e+00
1.850e+01 1.593e-02 0.000e+00
1.860e+01 7.589e-03 0.000e+00
1.870e+01 -2.305e-02 0.000e+00
1.880e+01 -2.255e-02 0.000e+00
1.890e+01 2.123e-02 0.000e+00
1.900e+01 2.970e-02 0.000e+00
1.910e+01 2.259e-02 0.000e+00
1.920e+01 -2.341e-02 0.000e+00
1.930e+01 -4.684e-02 0.000e+00
1.940e+01 -3.724e-02 0.000e+00
1.950e+01 9.399e-03 0.000e+00
1.960e+01 4.116e-02 0.000e+00
1.970e+01 1.330e-02 0.000e+00
1.980e+01 -8.365e-03 0.000e+00
1.990e+01 1.333e-02 0.000e+00
2.000e+01 -1.090e-03 0.000e+00
2.010e+01 2.780e-03 0.000e+00
2.020e+01 3.149e-02 0.000e+00
2.030e+01 2.723e-02 0.000e+00
2.040e+01 4.895e-02 0.000e+00
2.050e+01 2.513e-02 0.000e+00
2.060e+01 7.038e-02 0.000e+00
2.070e+01 5.739e-02 0.000e+00
2.080e+01 5.041e-02 0.000e+00
2.090e+01 4.055e-02 0.000e+00
2.100e+01 3.759e-02 0.000e+00
2.110e+01 3.266e-02 0.000e+00
2.120e+01 2.192e-02 0.000e+00
2.130e+01 3.829e-02 0.000e+00
2.140e+01 1.548e-02 0.000e+00
2.150e+01 1.492e-02 0.000e+00
2.160e+01 2.081e-02 0.000e+00
2.170e+01 1.679e-02 0.000e+00
2.180e+01 1.905e-03 0.000e+00
2.190e+01 -4.739e-03 0.000e+00
2.200e+01 -1.283e-02 0.000e+00
2.210e+01 -1.293e-02 0.000e+00
2.220e+01 9.764e-03 0.000e+00
2.230e+01 2.069e-02 0.000e+00
2.240e+01 5.586e-02 0.000e+00
2.250e+01 3.863e-02 0.000e+00
2.260e+01 7.357e-02 0.000e+00
2.270e+01 4.422e-02 0.000e+00
2.280e+01 5.613e-02 0.000e+00
2.290e+01 6.109e-02 0.000e+00
2.300e+01 5.437e-02 0.000e+00
2.310e+01 5.345e-02 0.000e+00
2.320e+01 1.736e-02 0.000e+00
2.330e+01 2.541e-02 0.000e+00
2.340e+01 8.271e-03 0.000e+00
2.350e+01 -6.991e-03 0.000e+00
2.360e+01 -2.041e-02 0.000e+00
2.370e+01 -1.463e-02 0.000e+00
2.380e+01 -1.324e-02 0.000e+00
2.390e+01 -1.476e-02 0.000e+00
2.400e+01 -1.161e-02 0.000e+00
2.410e+01 -1.702e-02 0.000e+00
2.420e+01 -9.533e-03 0.000e+00
2.430e+01 -2.074e-02 0.000e+00
2.440e+01 -2.469e-02 0.000e+00
2.450e+01 -1.826e-02 0.000e+00
2.460e+01 -5.716e-03 0.000e+00
2.470e+01 -2.648e-02 0.000e+00
2.480e+01 -1.817e-02 0.000e+00
2.490e+01 -2.761e-03 0.000e+00
2.500e+01 -1.067e-02 0.000e+00
2.510e+01 -2.246e-02 0.000e+00
2.520e+01 -3.532e-02 0.000e+00
2.530e+01 -4.067e-02 0.000e+00
2.540e+01 -3.050e-02 0.000e+00
2.550e+01 -3.194e-02 0.000e+00
2.560e+01 -1.165e-02 0.000e+00
2.570e+01 -1.279e-02 0.000e+00
2.580e+01 -2.383e-02 0.000e+00
2.590e+01 -2.905e-03 0.000e+00
2.600e+01 -2.942e-02 0.000e+00
2.610e+01 -3.004e-02 0.000e+00
2.620e+01 -2.230e-02 0.000e+00
2.630e+01 -5.269e-03 0.000e+00
2.640e+01 -1.891e-02 0.000e+00
2.650e+01 -2.320e-02 0.000e+00
2.660e+01 -1.776e-02 0.000e+00
2.670e+01 -1.501e-02 0.000e+00
2.680e+01 -2.573e-02 0.000e+00
2.690e+01 -1.973e-02 0.000e+00
2.700e+01 -1.016e-02 0.000e+00
2.710e+01 1.934e-02 0.000e+00
2.720e+01 1.148e-02 0.000e+00
2.730e+01 8.938e-03 0.000e+00
2.740e+01 4.926e-03 0.000e+00
2.750e+01 3.069e-03 0.000e+00
2.760e+01 8.506e-03 0.000e+00
2.770e+01 2.574e-03 0.000e+00
2.780e+01 3.775e-03 0.000e+00
2.790e+01 1.293e-02 0.000e+00
2.800e+01 4.595e-03 0.000e+00
2.810e+01 -6.820e-03 0.000e+00
2.820e+01 4.142e-04 0.000e+00
2.830e+01 2.249e-03 0.000e+00
2.840e+01 2.701e-03 0.000e+00
2.850e+01 -1.694e-03 0.000e+00
2.860e+01 -2.646e-03 0.000e+00
2.870e+01 -1.369e-03 0.000e+00
2.880e+01 -3.120e-04 0.000e+00
2.890e+01 -1.969e-03 0.000e+00
2.900e+01 -3.418e-03 0.000e+00
2.910e+01 -1.371e-02 0.000e+00
2.920e+01 -8.799e-03 0.000e+00
2.930e+01 -4.428e-03 0.000e+00
2.940e+01 -1.932e-02 0.000e+00
2.950e+01 -2.014e-02 0.000e+00
2.960e+01 -6.238e-03 0.000e+00
2.970e+01 -2.133e-03 0.000e+00
2.980e+01 -7.583e-03 0.000e+00
2.990e+01 -3.514e-03 0.000e+00
3.000e+01 -8.763e-03 0.000e+00
3.010e+01 -5.818e-03 0.000e+00
3.020e+01 -1.165e-03 0.000e+00
3.030e+01 7.746e-03 0.000e+00
3.040e+01 7.549e-03 0.000e+00
3.050e+01 9.421e-03 0.000e+00
3.060e+01 5.031e-03 0.000e+00
3.070e+01 7.593e-03 0.000e+00
3.080e+01 3.317e-03 0.000e+00
3.090e+01 6.423e-03 0.000e+00
3.100e+01 5.173e-03 0.000e+00
3.110e+01 1.285e-02 0.000e+00
3.120e+01 1.060e-02 0.000e+00
3.130e+01 4.410e-03 0.000e+00
3.140e+01 4.287e-03 0.000e+00
3.150e+01 1.804e-03 0.000e+00
3.160e+01 7.990e-03 0.000e+00
3.170e+01 1.046e-02 0.000e+00
3.180e+01 9.541e-03 0.000e+00
3.190e+01 3.786e-03 0.000e+00
3.200e+01 -2.539e-03 0.000e+00
3.210e+01 -6.859e-03 0.000e+00
3.220e+01 -1.592e-02 0.000e+00
3.230e+01 -5.397e-03 0.000e+00
3.240e+01 -1.101e-02 0.000e+00
3.250e+01 3.664e-03 0.000e+00
3.260e+01 1.429e-02 0.000e+00
3.270e+01 5.161e-02 0.000e+00
3.280e+01 3.271e-02 0.000e+00
3.290e+01 3.226e-02 0.000e+00
3.300e+01 5.851e-02 0.000e+00
3.310e+01 4.480e-02 0.000e+00
3.320e+01 3.964e-02 0.000e+00
3.330e+01 5.335e-02 0.000e+00
3.340e+01 3.301e-02 0.000e+00
3.350e+01 4.856e-02 0.000e+00
3.360e+01 2.653e-02 0.000e+00
3.370e+01 4.687e-02 0.000e+00
3.380e+01 6.187e-02 0.000e+00
3.390e+01 7.052e-02 0.000e+00
3.400e+01 5.639e-02 0.000e+00
3.410e+01 5.323e-02 0.000e+00
3.420e+01 3.069e-02 0.000e+00
3.430e+01 1.398e-02 0.000e+00
3.440e+01 3.812e-02 0.000e+00
3.450e+01 4.617e-02 0.000e+00
3.460e+01 3.631e-02 0.000e+00
3.470e+01 4.130e-02 0.000e+00
3.480e+01 2.161e-02 0.000e+00
3.490e+01 1.955e-02 0.000e+00
3.500e+01 1.861e-02 0.000e+00
3.510e+01 4.127e-02 0.000e+00
3.520e+01 2.931e-02 0.000e+00
3.530e+01 3.200e-02 0.000e+00
3.540e+01 5.405e-02 0.000e+00
3.550e+01 7.184e-02 0.000e+00
3.560e+01 7.756e-02 0.000e+00
3.570e+01 9.597e-02 0.000e+00
3.580e+01 6.517e-02 0.000e+00
3.590e+01 7.909e-02 0.000e+00
3.600e+01 5.098e-02 0.000e+00
3.610e+01 7.001e-02 0.000e+00
3.620e+01 4.919e-02 0.000e+00
3.630e+01 4.515e-02 0.000e+00
3.640e+01 3.377e-02 0.000e+00
3.650e+01 3.150e-02 0.000e+00
3.660e+01 5.510e-02 0.000e+00
3.670e+01 3.804e-02 0.000e+00
3.680e+01 3.255e-02 0.000e+00
3.690e+01 3.327e-02 0.000e+00
3.700e+01 4.388e-02 0.000e+00
3.710e+01 3.652e-02 0.000e+00
3.720e+01 3.239e-02 0.000e+00
3.730e+01 2.312e-02 0.000e+00
3.740e+01 1.551e-02 0.000e+00
3.750e+01 2.954e-02 0.000e+00
3.760e+01 1.535e-02 0.000e+00
3.770e+01 1.421e-02 0.000e+00
3.780e+01 1.984e-02 0.000e+00
3.790e+01 2.337e-02 0.000e+00
3.800e+01 1.040e-02 0.000e+00
3.810e+01 2.035e-02 0.000e+00
3.820e+01 2.114e-02 0.000e+00
3.830e+01 9.322e-03 0.000e+00
3.840e+01 9.375e-03 0.000e+00
3.850e+01 2.230e-02 0.000e+00
3.860e+01 2.185e-02 0.000e+00
3.870e+01 1.598e-02 0.000e+00
3.880e+01 6.239e-03 0.000e+00
3.890e+01 4.358e-03 0.000e+00
3.900e+01 9.325e-03 0.000e+00
3.910e+01 1.189e-02 0.000e+00
3.920e+01 1.140e-02 0.000e+00
3.930e+01 4.723e-03 0.000e+00
3.940e+01 2.090e-03 0.000e+00
3.950e+01 3.983e-04 0.000e+00
3.960e+01 6.090e-03 0.000e+00
3.970e+01 1.445e-02 0.000e+00
3.980e+01 1.377e-02 0.000e+00
3.990e+01 1.908e-02 0.000e+00
4.000e+01 2.662e-02 0.000e+00
4.010e+01 2.834e-02 0.000e+00
4.020e+01 2.449e-02 0.000e+00
4.030e+01 1.213e-02 0.000e+00
4.040e+01 6.946e-03 0.000e+00
4.050e+01 6.760e-03 0.000e+00
4.060e+01 1.325e-02 0.000e+00
4.070e+01 9.993e-03 0.000e+00
4.080e+01 9.371e-03 0.000e+00
4.090e+01 6.665e-03 0.000e+00
4.100e+01 6.677e-03 0.000e+00
4.110e+01 4.752e-03 0.000e+00
4.120e+01 5.438e-03 0.000e+00
4.130e+01 8.380e-03 0.000e+00
4.140e+01 6.743e-03 0.000e+00
4.150e+01 1.703e-03 0.000e+00
4.160e+01 7.568e-03 0.000e+00
4.170e+01 8.318e-03 0.000e+00
4.180e+01 1.004e-02 0.000e+00
4.190e+01 1.987e-03 0.000e+00
4.200e+01 -4.736e-03 0.000e+00
4.210e+01 -7.206e-03 0.000e+00
4.220e+01 -5.371e-03 0.000e+00
4.230e+01 2.172e-03 0.000e+00
4.240e+01 5.647e-04 0.000e+00
4.250e+01 -2.756e-03 0.000e+00
4.260e+01 9.093e-04 0.000e+00
4.270e+01 -3.503e-03 0.000e+00
4.280e+01 -1.346e-02 0.000e+00
4.290e+01 -6.902e-03 0.000e+00
4.300e+01 -1.319e-03 0.000e+00
4.310e+01 8.201e-04 0.000e+00
4.320e+01 4.661e-03 0.000e+00
4.330e+01 1.647e-03 0.000e+00
4.340e+01 2.799e-03 0.000e+00
4.350e+01 -6.144e-04 0.000e+00
4.360e+01 -4.084e-04 0.000e+00
4.370e+01 -7.269e-03 0.000e+00
4.380e+01 -9.376e-03 0.000e+00
4.390e+01 3.150e-04 0.000e+00
4.400e+01 8.413e-04 0.000e+00
4.410e+01 4.168e-03 0.000e+00
4.420e+01 4.759e-03 0.000e+00
4.430e+01 4.625e-03 0.000e+00
4.440e+01 7.158e-04 0.000e+00
4.450e+01 2.048e-03 0.000e+00
4.460e+01 -6.287e-04 0.000e+00
4.470e+01 5.295e-04 0.000e+00
4.480e+01 -2.304e-04 0.000e+00
4.490e+01 -1.048e-03 0.000e+00
4.500e+01 -2.127e-03 0.000e+00
4.510e+01 -6.768e-03 0.000e+00
4.520e+01 -3.515e-03 0.000e+00
4.530e+01 -4.777e-03 0.000e+00
4.540e+01 -2.469e-04 0.000e+00
4.550e+01 -1.801e-03 0.000e+00
4.560e+01 -2.577e-03 0.000e+00
4.570e+01 -2.787e-03 0.000e+00
4.580e+01 -1.916e-03 0.000e+00
4.590e+01 -2.784e-03 0.000e+00
4.600e+01 -3.248e-03 0.000e+00
4.610e+01 -5.520e-03 0.000e+00
4.620e+01 -4.604e-03 0.000e+00
4.630e+01 -1.211e-02 0.000e+00
4.640e+01 -1.068e-02 0.000e+00
4.650e+01 -6.319e-03 0.000e+00
4.660e+01 -1.625e-02 0.000e+00
4.670e+01 -1.190e-02 0.000e+00
4.680e+01 -1.407e-02 0.000e+00
4.690e+01 -1.546e-02 0.000e+00
4.700e+01 -9.667e-03 0.000e+00
4.710e+01 -1.511e-02 0.000e+00
4.720e+01 -1.413e-02 0.000e+00
4.730e+01 -1.275e-02 0.000e+00
4.740e+01 -4.160e-03 0.000e+00
4.750e+01 -8.929e-03 0.000e+00
4.760e+01 -2.005e-03 0.000e+00
4.770e+01 -4.964e-04 0.000e+00
4.780e+01 -7.855e-03 0.000e+00
4.790e+01 -1.052e-02 0.000e+00
4.800e+01 -7.991e-03 0.000e+00
4.810e+01 -1.153e-02 0.000e+00
4.820e+01 -7.782e-03 0.000e+00
4.830e+01 -3.481e-03 0.000e+00
4.840e+01 -2.392e-03 0.000e+00
4.850e+01 -4.579e-04 0.000e+00
4.860e+01 -2.450e-03 0.000e+00
4.870e+01 -3.277e-03 0.000e+00
4.880e+01 -4.334e-03 0.000e+00
4.890e+01 -8.264e-03 0.000e+00
4.900e+01 -2.016e-03 0.000e+00
4.910e+01 -2.084e-03 0.000e+00
4.920e+01 -8.377e-03 0.000e+00
4.930e+01 -1.548e-02 0.000e+00
4.940e+01 -3.990e-03 0.000e+00
4.950e+01 -1.530e-03 0.000e+00
4.960e+01 -2.728e-03 0.000e+00
4.970e+01 -6.258e-03 0.000e+00
4.980e+01 -1.191e-02 0.000e+00
4.990e+01 -1.261e-02 0.000e+00
5.000e+01 -5.391e-03 0.000e+00
5.010e+01 -1.567e-03 0.000e+00
5.020e+01 5.137e-03 0.000e+00
5.030e+01 7.923e-03 0.000e+00
5.040e+01 1.637e-03 0.000e+00
5.050e+01 2.122e-03 0.000e+00
5.060e+01 4.224e-03 0.000e+00
5.070e+01 4.455e-03 0.000e+00
5.080e+01 3.601e-03 0.000e+00
5.090e+01 2.263e-03 0.000e+00
5.100e+01 3.362e-03 0.000e+00
5.110e+01 7.611e-04 0.000e+00
5.120e+01 2.188e-03 0.000e+00
5.130e+01 1.257e-04 0.000e+00
5.140e+01 2.387e-03 0.000e+00
5.150e+01 1.807e-03 0.000e+00
5.160e+01 -2.536e-03 0.000e+00
5.170e+01 -5.127e-03 0.000e+00
5.180e+01 3.613e-03 0.000e+00
5.190e+01 2.777e-03 0.000e+00
5.200e+01 4.249e-03 0.000e+00
5.210e+01 5.481e-03 0.000e+00
5.220e+01 2.430e-03 0.000e+00
5.230e+01 3.005e-03 0.000e+00
5.240e+01 3.174e-03 0.000e+00
5.250e+01 3.905e-03 0.000e+00
5.260e+01 3.159e-03 0.000e+00
5.270e+01 6.513e-03 0.000e+00
5.280e+01 9.035e-03 0.000e+00
5.290e+01 1.059e-02 0.000e+00
5.300e+01 3.380e-03 0.000e+00
5.310e+01 4.143e-03 0.000e+00
5.320e+01 1.234e-02 0.000e+00
5.330e+01 1.524e-02 0.000e+00
5.340e+01 1.520e-02 0.000e+00
5.350e+01 2.104e-02 0.000e+00
5.360e+01 1.258e-02 0.000e+00
5.370e+01 5.979e-03 0.000e+00
5.380e+01 1.701e-02 0.000e+00
5.390e+01 6.149e-03 0.000e+00
5.400e+01 1.313e-02 0.000e+00
5.410e+01 1.105e-02 0.000e+00
5.420e+01 1.836e-02 0.000e+00
5.430e+01 1.453e-02 0.000e+00
5.440e+01 1.722e-02 0.000e+00
5.450e+01 1.812e-02 0.000e+00
5.460e+01 1.452e-02 0.000e+00
5.470e+01 1.075e-02 0.000e+00
5.480e+01 1.003e-02 0.000e+00
5.490e+01 1.163e-02 0.000e+00
5.500e+01 1.490e-02 0.000e+00
5.510e+01 1.096e-02 0.000e+00
5.520e+01 1.078e-02 0.000e+00
5.530e+01 5.581e-03 0.000e+00
5.540e+01 5.044e-03 0.000e+00
5.550e+01 2.056e-03 0.000e+00
5.560e+01 6.584e-03 0.000e+00
5.570e+01 9.708e-03 0.000e+00
5.580e+01 1.069e-02 0.000e+00
5.590e+01 1.099e-02 0.000e+00
5.600e+01 1.300e-02 0.000e+00
5.610e+01 1.174e-02 0.000e+00
5.620e+01 1.757e-02 0.000e+00
5.630e+01 1.599e-02 0.000e+00
5.640e+01 1.218e-02 0.000e+00
5.650e+01 1.538e-02 0.000e+00
5.660e+01 1.843e-02 0.000e+00
5.670e+01 1.477e-02 0.000e+00
5.680e+01 9.667e-03 0.000e+00
5.690e+01 1.138e-02 0.000e+00
5.700e+01 8.260e-03 0.000e+00
5.710e+01 7.422e-03 0.000e+00
5.720e+01 4.306e-03 0.000e+00
5.730e+01 1.686e-03 0.000e+00
5.740e+01 -1.085e-03 0.000e+00
5.750e+01 -5.091e-03 0.000e+00
5.760e+01 3.087e-04 0.000e+00
5.770e+01 -2.163e-03 0.000e+00
5.780e+01 -2.996e-03 0.000e+00
5.790e+01 7.369e-03 0.000e+00
5.800e+01 1.808e-03 0.000e+00
5.810e+01 -2.683e-03 0.000e+00
5.820e+01 2.186e-03 0.000e+00
5.830e+01 9.213e-03 0.000e+00
5.840e+01 8.707e-03 0.000e+00
5.850e+01 8.576e-03 0.000e+00
5.860e+01 1.201e-02 0.000e+00
5.870e+01 8.326e-03 0.000e+00
5.880e+01 1.334e-02 0.000e+00
5.890e+01 1.483e-02 0.000e+00
5.900e+01 1.817e-02 0.000e+00
5.910e+01 1.475e-02 0.000e+00
5.920e+01 1.815e-02 0.000e+00
5.930e+01 1.191e-02 0.000e+00
5.940e+01 1.674e-02 0.000e+00
5.950e+01 1.652e-02 0.000e+00
5.960e+01 1.285e-02 0.000e+00
5.970e+01 9.474e-03 0.000e+00
5.980e+01 9.320e-03 0.000e+00
5.990e+01 5.567e-03 0.000e+00
6.000e+01 3.669e-03 0.000e+00
6.010e+01 6.175e-03 0.000e+00
6.020e+01 9.204e-03 0.000e+00
6.030e+01 9.254e-03 0.000e+00
6.040e+01 8.439e-03 0.000e+00
6.050e+01 8.943e-03 0.000e+00
6.060e+01 1.103e-02 0.000e+00
6.070e+01 1.238e-02 0.000e+00
6.080e+01 7.255e-03 0.000e+00
6.090e+01 7.651e-03 0.000e+00
6.100e+01 1.345e-02 0.000e+00
6.110e+01 1.286e-02 0.000e+00
6.120e+01 1.041e-02 0.000e+00
6.130e+01 9.370e-03 0.000e+00
6.140e+01 9.818e-03 0.000e+00
6.150e+01 1.735e-03 0.000e+00
6.160e+01 -3.035e-04 0.000e+00
6.170e+01 2.462e-03 0.000e+00
6.180e+01 -2.436e-03 0.000e+00
6.190e+01 -4.234e-03 0.000e+00
6.200e+01 -9.274e-03 0.000e+00
6.210e+01 -4.922e-03 0.000e+00
6.220e+01 -7.777e-03 0.000e+00
6.230e+01 -3.207e-03 0.000e+00
6.240e+01 -2.927e-03 0.000e+00
6.250e+01 3.151e-03 0.000e+00
6.260e+01 1.481e-03 0.000e+00
6.270e+01 2.030e-03 0.000e+00
6.280e+01 3.495e-03 0.000e+00
6.290e+01 -8.728e-04 0.000e+00
6.300e+01 -2.911e-03 0.000e+00
6.310e+01 -1.932e-04 0.000e+00
6.320e+01 2.149e-03 0.000e+00
6.330e+01 -5.245e-04 0.000e+00
6.340e+01 1.923e-03 0.000e+00
6.350e+01 9.034e-04 0.000e+00
6.360e+01 1.630e-04 0.000e+00
6.370e+01 -2.261e-03 0.000e+00
6.380e+01 -3.989e-03 0.000e+00
6.390e+01 -4.122e-03 0.000e+00
6.400e+01 -6.134e-03 0.000e+00
6.410e+01 -9.513e-03 0.000e+00
6.420e+01 -1.019e-02 0.000e+00
6.430e+01 -9.331e-03 0.000e+00
6.440e+01 -8.679e-03 0.000e+00
6.450e+01 -5.814e-03 0.000e+00
6.460e+01 -3.101e-03 0.000e+00
6.470e+01 -6.247e-03 0.000e+00
6.480e+01 -1.058e-03 0.000e+00
6.490e+01 -4.168e-03 0.000e+00
6.500e+01 -4.380e-03 0.000e+00
6.510e+01 -4.943e-03 0.000e+00
6.520e+01 -4.320e-03 0.000e+00
6.530e+01 5.652e-04 0.000e+00
6.540e+01 -5.946e-04 0.000e+00
6.550e+01 4.384e-04 0.000e+00
6.560e+01 -2.590e-03 0.000e+00
6.570e+01 7.113e-04 0.000e+00
6.580e+01 6.505e-04 0.000e+00
6.590e+01 -3.013e-04 0.000e+00
6.600e+01 -2.615e-04 0.000e+00
6.610e+01 1.159e-03 0.000e+00
6.620e+01 2.989e-03 0.000e+00
6.630e+01 3.393e-03 0.000e+00
6.640e+01 -9.821e-04 0.000e+00
6.650e+01 2.166e-03 0.000e+00
6.660e+01 -1.949e-03 0.000e+00
6.670e+01 1.637e-03 0.000e+00
6.680e+01 1.529e-03 0.000e+00
6.690e+01 -2.501e-03 0.000e+00
6.700e+01 -1.495e-03 0.000e+00
6.710e+01 -1.080e-04 0.000e+00
6.720e+01 -5.700e-04 0.000e+00
6.730e+01 1.928e-04 0.000e+00
6.740e+01 -7.806e-04 0.000e+00
6.750e+01 1.500e-03 0.000e+00
6.760e+01 4.569e-03 0.000e+00
6.770e+01 4.584e-03 0.000e+00
6.780e+01 2.918e-04 0.000e+00
6.790e+01 4.371e-05 0.000e+00
6.800e+01 -1.756e-03 0.000e+00
6.810e+01 -1.452e-03 0.000e+00
6.820e+01 1.743e-04 0.000e+00
6.830e+01 2.435e-03 0.000e+00
6.840e+01 4.083e-03 0.000e+00
6.850e+01 5.242e-03 0.000e+00
6.860e+01 3.079e-03 0.000e+00
6.870e+01 4.317e-03 0.000e+00
6.880e+01 3.570e-03 0.000e+00
6.890e+01 3.255e-03 0.000e+00
6.900e+01 7.055e-04 0.000e+00
6.910e+01 1.004e-03 0.000e+00
6.920e+01 1.903e-03 0.000e+00
6.930e+01 2.039e-03 0.000e+00
6.940e+01 3.812e-05 0.000e+00
6.950e+01 4.341e-03 0.000e+00
6.960e+01 2.144e-03 0.000e+00
6.970e+01 5.039e-03 0.000e+00
6.980e+01 3.368e-04 0.000e+00
6.990e+01 -1.968e-03 0.000e+00
7.000e+01 2.845e-04 0.000e+00
7.010e+01 3.344e-03 0.000e+00
7.020e+01 1.186e-03 0.000e+00
7.030e+01 -2.175e-03 0.000e+00
7.040e+01 -2.455e-04 0.000e+00
7.050e+01 -7.016e-04 0.000e+00
7.060e+01 -8.328e-04 0.000e+00
7.070e+01 -4.109e-04 0.000e+00
7.080e+01 1.815e-03 0.000e+00
7.090e+01 -1.150e-03 0.000e+00
7.100e+01 -2.255e-03 0.000e+00
7.110e+01 -3.398e-03 0.000e+00
7.120e+01 2.623e-03 0.000e+00
7.130e+01 1.620e-03 0.000e+00
7.140e+01 6.344e-05 0.000e+00
7.150e+01 3.361e-03 0.000e+00
7.160e+01 5.874e-04 0.000e+00
7.170e+01 1.598e-03 0.000e+00
7.180e+01 1.887e-03 0.000e+00
7.190e+01 2.340e-04 0.000e+00
7.200e+01 -1.043e-03 0.000e+00
7.210e+01 3.317e-04 0.000e+00
7.220e+01 5.025e-04 0.000e+00
7.230e+01 2.485e-05 0.000e+00
7.240e+01 1.080e-03 0.000e+00
7.250e+01 -2.632e-03 0.000e+00
7.260e+01 -2.771e-03 0.000e+00
7.270e+01 -1.043e-02 0.000e+00
7.280e+01 4.351e-04 0.000e+00
7.290e+01 1.618e-03 0.000e+00
7.300e+01 7.286e-03 0.000e+00
7.310e+01 7.428e-03 0.000e+00
7.320e+01 7.931e-03 0.000e+00
7.330e+01 4.663e-03 0.000e+00
7.340e+01 3.923e-03 0.000e+00
7.350e+01 3.762e-03 0.000e+00
7.360e+01 3.897e-03 0.000e+00
7.370e+01 5.312e-03 0.000e+00
7.380e+01 6.146e-03 0.000e+00
7.390e+01 4.274e-03 0.000e+00
7.400e+01 4.263e-03 0.000e+00
7.410e+01 3.376e-03 0.000e+00
7.420e+01 5.155e-04 0.000e+00
7.430e+01 -2.512e-03 0.000e+00
7.440e+01 -1.829e-03 0.000e+00
7.450e+01 3.419e-03 0.000e+00
7.460e+01 1.137e-02 0.000e+00
7.470e+01 8.957e-03 0.000e+00
7.480e+01 5.860e-03 0.000e+00
7.490e+01 5.065e-03 0.000e+00
7.500e+01 2.597e-03 0.000e+00
7.510e+01 7.808e-04 0.000e+00
7.520e+01 1.957e-03 0.000e+00
7.530e+01 6.642e-04 0.000e+00
7.540e+01 4.685e-03 0.000e+00
7.550e+01 7.088e-03 0.000e+00
7.560e+01 7.742e-03 0.000e+00
7.570e+01 6.157e-03 0.000e+00
7.580e+01 3.595e-03 0.000e+00
7.590e+01 -2.437e-03 0.000e+00
7.600e+01 3.043e-04 0.000e+00
7.610e+01 -5.279e-03 0.000e+00
7.620e+01 -9.770e-03 0.000e+00
7.630e+01 -9.481e-03 0.000e+00
7.640e+01 -6.556e-03 0.000e+00
7.650e+01 6.868e-04 0.000e+00
7.660e+01 -3.111e-03 0.000e+00
7.670e+01 -4.646e-03 0.000e+00
7.680e+01 -5.359e-03 0.000e+00
7.690e+01 -7.652e-03 0.000e+00
7.700e+01 -2.779e-03 0.000e+00
7.710e+01 -6.014e-03 0.000e+00
7.720e+01 -8.014e-03 0.000e+00
7.730e+01 -8.425e-03 0.000e+00
7.740e+01 -1.141e-02 0.000e+00
7.750e+01 -9.629e-03 0.000e+00
7.760e+01 -6.861e-03 0.000e+00
7.770e+01 -1.099e-02 0.000e+00
7.780e+01 -9.758e-03 0.000e+00
7.790e+01 -9.143e-03 0.000e+00
7.800e+01 -5.348e-03 0.000e+00
7.810e+01 -8.110e-03 0.000e+00
7.820e+01 -7.094e-03 0.000e+00
7.830e+01 -2.344e-03 0.000e+00
7.840e+01 -4.566e-03 0.000e+00
7.850e+01 -7.856e-03 0.000e+00
7.860e+01 -3.753e-03 0.000e+00
7.870e+01 -6.885e-03 0.000e+00
7.880e+01 -1.571e-03 0.000e+00
7.890e+01 -1.361e-03 0.000e+00
7.900e+01 1.042e-03 0.000e+00
7.910e+01 -2.040e-03 0.000e+00
7.920e+01 -1.923e-03 0.000e+00
7.930e+01 -2.270e-03 0.000e+00
7.940e+01 -4.142e-03 0.000e+00
7.950e+01 -1.301e-03 0.000e+00
7.960e+01 -7.682e-04 0.000e+00
7.970e+01 -6.079e-04 0.000e+00
7.980e+01 -3.789e-03 0.000e+00
7.990e+01 9.645e-04 0.000e+00
8.000e+01 1.825e-03 0.000e+00
8.010e+01 8.538e-05 0.000e+00
8.020e+01 -2.591e-04 0.000e+00
8.030e+01 2.379e-03 0.000e+00
8.040e+01 -6.949e-04 0.000e+00
8.050e+01 3.344e-04 0.000e+00
8.060e+01 3.774e-03 0.000e+00
8.070e+01 1.590e-03 0.000e+00
8.080e+01 -8.667e-05 0.000e+00
8.090e+01 -6.989e-03 0.000e+00
8.100e+01 -1.707e-02 0.000e+00
8.110e+01 -1.472e-02 0.000e+00
8.120e+01 -3.641e-03 0.000e+00
8.130e+01 -3.177e-03 0.000e+00
8.140e+01 3.094e-03 0.000e+00
8.150e+01 7.916e-03 0.000e+00
8.160e+01 7.272e-03 0.000e+00
8.170e+01 3.096e-03 0.000e+00
8.180e+01 -6.513e-03 0.000e+00
8.190e+01 -5.003e-03 0.000e+00
8.200e+01 -5.261e-04 0.000e+00
8.210e+01 4.139e-03 0.000e+00
8.220e+01 3.248e-03 0.000e+00
8.230e+01 6.093e-03 0.000e+00
8.240e+01 4.368e-03 0.000e+00
8.250e+01 2.823e-03 0.000e+00
8.260e+01 3.615e-03 0.000e+00
8.270e+01 2.269e-03 0.000e+00
8.280e+01 4.516e-03 0.000e+00
8.290e+01 4.103e-03 0.000e+00
8.300e+01 7.437e-03 0.000e+00
8.310e+01 6.440e-03 0.000e+00
8.320e+01 3.726e-03 0.000e+00
8.330e+01 2.350e-03 0.000e+00
8.340e+01 -5.124e-04 0.000e+00
8.350e+01 -6.714e-04 0.000e+00
8.360e+01 -7.833e-04 0.000e+00
8.370e+01 9.628e-04 0.000e+00
8.380e+01 -3.026e-03 0.000e+00
8.390e+01 -3.981e-04 0.000e+00
8.400e+01 -3.308e-04 0.000e+00
8.410e+01 1.857e-03 0.000e+00
8.420e+01 1.806e-03 0.000e+00
8.430e+01 4.003e-04 0.000e+00
8.440e+01 1.844e-03 0.000e+00
8.450e+01 4.503e-04 0.000e+00
8.460e+01 7.745e-04 0.000e+00
8.470e+01 -4.147e-04 0.000e+00
8.480e+01 2.645e-04 0.000e+00
8.490e+01 9.209e-04 0.000e+00
8.500e+01 2.325e-03 0.000e+00
8.510e+01 3.248e-03 0.000e+00
8.520e+01 -2.153e-04 0.000e+00
8.530e+01 1.558e-03 0.000e+00
8.540e+01 -6.511e-04 0.000e+00
8.550e+01 -2.500e-03 0.000e+00
8.560e+01 9.731e-04 0.000e+00
8.570e+01 2.426e-03 0.000e+00
8.580e+01 -9.081e-04 0.000e+00
8.590e+01 -1.775e-03 0.000e+00
8.600e+01 4.178e-03 0.000e+00
8.610e+01 5.602e-04 0.000e+00
8.620e+01 2.601e-04 0.000e+00
8.630e+01 7.425e-04 0.000e+00
8.640e+01 -3.684e-03 0.000e+00
8.650e+01 -5.306e-03 0.000e+00
8.660e+01 -3.278e-03 0.000e+00
8.670e+01 5.203e-03 0.000e+00
8.680e+01 6.944e-03 0.000e+00
8.690e+01 3.975e-03 0.000e+00
8.700e+01 3.034e-03 0.000e+00
8.710e+01 3.817e-03 0.000e+00
8.720e+01 -2.695e-04 0.000e+00
8.730e+01 -1.504e-03 0.000e+00
8.740e+01 -1.709e-03 0.000e+00
8.750e+01 -9.059e-05 0.000e+00
8.760e+01 -5.689e-03 0.000e+00
8.770e+01 -2.581e-03 0.000e+00
8.780e+01 -6.474e-03 0.000e+00
8.790e+01 -6.768e-03 0.000e+00
8.800e+01 -3.919e-03 0.000e+00
8.810e+01 1.422e-03 0.000e+00
8.820e+01 6.287e-03 0.000e+00
8.830e+01 4.999e-03 0.000e+00
8.840e+01 6.099e-03 0.000e+00
8.850e+01 5.084e-03 0.000e+00
8.860e+01 1.002e-02 0.000e+00
8.870e+01 8.914e-03 0.000e+00
8.880e+01 1.056e-02 0.000e+00
8.890e+01 1.198e-02 0.000e+00
8.900e+01 1.088e-02 0.000e+00
8.910e+01 1.175e-02 0.000e+00
8.920e+01 9.376e-03 0.000e+00
8.930e+01 1.218e-02 0.000e+00
8.940e+01 9.154e-03 0.000e+00
8.950e+01 9.416e-03 0.000e+00
8.960e+01 8.206e-03 0.000e+00
8.970e+01 1.100e-02 0.000e+00
8.980e+01 1.182e-02 0.000e+00
8.990e+01 7.499e-03 0.000e+00
9.000e+01 6.116e-03 0.000e+00
9.010e+01 7.638e-03 0.000e+00
9.020e+01 7.184e-03 0.000e+00
9.030e+01 6.505e-03 0.000e+00
9.040e+01 6.454e-03 0.000e+00
9.050e+01 8.808e-03 0.000e+00
9.060e+01 7.297e-03 0.000e+00
9.070e+01 8.629e-03 0.000e+00
9.080e+01 8.598e-03 0.000e+00
9.090e+01 9.340e-03 0.000e+00
9.100e+01 9.180e-03 0.000e+00
9.110e+01 9.565e-03 0.000e+00
9.120e+01 9.396e-03 0.000e+00
9.130e+01 4.827e-03 0.000e+00
9.140e+01 6.438e-03 0.000e+00
9.150e+01 6.603e-03 0.000e+00
9.160e+01 8.640e-03 0.000e+00
9.170e+01 1.099e-02 0.000e+00
9.180e+01 9.281e-03 0.000e+00
9.190e+01 6.439e-03 0.000e+00
9.200e+01 6.173e-03 0.000e+00
9.210e+01 5.038e-03 0.000e+00
9.220e+01 4.216e-03 0.000e+00
9.230e+01 3.642e-03 0.000e+00
9.240e+01 3.866e-03 0.000e+00
9.250e+01 2.807e-03 0.000e+00
9.260e+01 2.087e-03 0.000e+00
9.270e+01 1.239e-03 0.000e+00
9.280e+01 1.255e-03 0.000e+00
9.290e+01 5.734e-04 0.000e+00
9.300e+01 9.826e-04 0.000e+00
9.310e+01 -2.483e-04 0.000e+00
9.320e+01 -2.863e-03 0.000e+00
9.330e+01 -3.037e-03 0.000e+00
9.340e+01 -4.603e-03 0.000e+00
9.350e+01 -2.434e-03 0.000e+00
9.360e+01 -1.892e-03 0.000e+00
9.370e+01 -1.070e-03 0.000e+00
9.380e+01 6.512e-05 0.000e+00
9.390e+01 2.137e-03 0.000e+00
9.400e+01 -1.203e-05 0.000e+00
9.410e+01 -8.323e-04 0.000e+00
9.420e+01 7.949e-05 0.000e+00
9.430e+01 1.070e-03 0.000e+00
9.440e+01 4.899e-04 0.000e+00
9.450e+01 1.579e-04 0.000e+00
9.460e+01 1.061e-03 0.000e+00
9.470e+01 -6.224e-04 0.000e+00
9.480e+01 1.468e-03 0.000e+00
9.490e+01 2.331e-03 0.000e+00
9.500e+01 -3.475e-05 0.000e+00
9.510e+01 3.508e-04 0.000e+00
9.520e+01 1.477e-04 0.000e+00
9.530e+01 2.658e-03 0.000e+00
9.540e+01 3.435e-03 0.000e+00
9.550e+01 1.206e-03 0.000e+00
9.560e+01 2.565e-03 0.000e+00
9.570e+01 1.446e-03 0.000e+00
9.580e+01 2.074e-03 0.000e+00
9.590e+01 2.953e-03 0.000e+00
9.600e+01 3.718e-03 0.000e+00
9.610e+01 2.766e-03 0.000e+00
9.620e+01 -4.539e-04 0.000e+00
9.630e+01 -1.101e-03 0.000e+00
9.640e+01 6.607e-04 0.000e+00
9.650e+01 1.406e-03 0.000e+00
9.660e+01 1.181e-03 0.000e+00
9.670e+01 -7.949e-04 0.000e+00
9.680e+01 -2.309e-03 0.000e+00
9.690e+01 -3.235e-04 0.000e+00
9.700e+01 -1.999e-03 0.000e+00
9.710e+01 -1.945e-03 0.000e+00
9.720e+01 -2.480e-03 0.000e+00
9.730e+01 -2.607e-03 0.000e+00
9.740e+01 -3.634e-03 0.000e+00
9.750e+01 -5.041e-03 0.000e+00
9.760e+01 -7.743e-03 0.000e+00
9.770e+01 -8.069e-03 0.000e+00
9.780e+01 -7.763e-03 0.000e+00
9.790e+01 -3.980e-03 0.000e+00
9.800e+01 -2.322e-03 0.000e+00
9.810e+01 -1.772e-03 0.000e+00
9.820e+01 -2.258e-03 0.000e+00
9.830e+01 -2.780e-03 0.000e+00
9.840e+01 -5.997e-03 0.000e+00
9.850e+01 -5.585e-03 0.000e+00
9.860e+01 -3.585e-03 0.000e+00
9.870e+01 -5.613e-03 0.000e+00
9.880e+01 -4.715e-03 0.000e+00
9.890e+01 -5.794e-03 0.000e+00
9.900e+01 -3.849e-03 0.000e+00
9.910e+01 -4.433e-03 0.000e+00
9.920e+01 -2.015e-03 0.000e+00
9.930e+01 5.536e-04 0.000e+00
9.940e+01 2.651e-04 0.000e+00
9.950e+01 -1.871e-03 0.000e+00
9.960e+01 6.774e-04 0.000e+00
9.970e+01 1.148e-03 0.000e+00
9.980e+01 -1.119e-03 0.000e+00
9.990e+01 -2.715e-03 0.000e+00
