# Frequency (1.0/ps)      real(fft(F_1))
0.000e+00 1.458e+02
1.000e-02 4.175e+01
2.000e-02 2.450e+01
3.000e-02 1.725e+01
4.000e-02 9.073e+00
5.000e-02 8.888e+00
6.000e-02 9.942e+00
7.000e-02 1.971e+00
8.000e-02 4.581e-01
9.000e-02 9.176e-02
1.000e-01 5.324e+00
1.100e-01 3.177e+00
1.200e-01 2.491e+00
1.300e-01 5.096e+00
1.400e-01 4.642e+00
1.500e-01 3.240e+00
1.600e-01 3.862e+00
1.700e-01 3.073e+00
1.800e-01 1.144e+00
1.900e-01 -2.699e-01
2.000e-01 2.797e+00
2.100e-01 2.015e+00
2.200e-01 7.475e-01
2.300e-01 1.697e+00
2.400e-01 4.109e-01
2.500e-01 1.525e+00
2.600e-01 -1.594e+00
2.700e-01 -1.970e-02
2.800e-01 -3.407e-01
2.900e-01 -3.850e-02
3.000e-01 -8.973e-02
3.100e-01 -5.113e-01
3.200e-01 1.430e+00
3.300e-01 6.277e-01
3.400e-01 2.815e+00
3.500e-01 1.494e+00
3.600e-01 1.091e+00
3.700e-01 1.202e+00
3.800e-01 -3.254e-01
3.900e-01 -6.857e-01
4.000e-01 3.433e-01
4.100e-01 9.415e-01
4.200e-01 3.813e-01
4.300e-01 1.132e+00
4.400e-01 1.751e+00
4.500e-01 7.448e-01
4.600e-01 6.013e-01
4.700e-01 2.250e+00
4.800e-01 2.416e+00
4.900e-01 6.110e-01
5.000e-01 1.536e+00
5.100e-01 6.862e-01
5.200e-01 1.597e+00
5.300e-01 1.084e+00
5.400e-01 1.820e+00
5.500e-01 2.253e+00
5.600e-01 5.026e-01
5.700e-01 1.218e+00
5.800e-01 1.645e+00
5.900e-01 1.032e+00
6.000e-01 2.289e+00
6.100e-01 1.924e+00
6.200e-01 1.459e+00
6.300e-01 9.833e-01
6.400e-01 1.388e+00
6.500e-01 8.111e-01
6.600e-01 8.988e-01
6.700e-01 8.545e-01
6.800e-01 7.406e-01
6.900e-01 9.959e-01
7.000e-01 5.109e-01
7.100e-01 9.245e-01
7.200e-01 1.081e+00
7.300e-01 1.577e+00
7.400e-01 1.910e+00
7.500e-01 1.285e+00
7.600e-01 1.193e+00
7.700e-01 1.714e+00
7.800e-01 2.593e+00
7.900e-01 1.553e+00
8.000e-01 1.160e+00
8.100e-01 1.135e+00
8.200e-01 7.276e-01
8.300e-01 3.231e-01
8.400e-01 2.069e-01
8.500e-01 8.133e-01
8.600e-01 1.426e+00
8.700e-01 1.142e+00
8.800e-01 7.648e-01
8.900e-01 5.506e-01
9.000e-01 7.188e-01
9.100e-01 7.891e-01
9.200e-01 8.646e-01
9.300e-01 4.501e-01
9.400e-01 6.007e-01
9.500e-01 1.604e+00
9.600e-01 1.243e+00
9.700e-01 2.033e+00
9.800e-01 1.487e+00
9.900e-01 1.402e+00
1.000e+00 1.558e+00
1.010e+00 1.534e+00
1.020e+00 2.101e+00
1.030e+00 1.563e+00
1.040e+00 7.162e-01
1.050e+00 5.244e-01
1.060e+00 1.423e+00
1.070e+00 1.568e+00
1.080e+00 1.090e+00
1.090e+00 4.781e-01
1.100e+00 9.923e-01
1.110e+00 -1.671e-01
1.120e+00 9.114e-02
1.130e+00 4.809e-01
1.140e+00 8.050e-01
1.150e+00 5.275e-01
1.160e+00 3.543e-01
1.170e+00 3.259e-01
1.180e+00 5.728e-02
1.190e+00 2.992e-01
1.200e+00 1.291e+00
1.210e+00 8.670e-01
1.220e+00 1.444e+00
1.230e+00 1.659e+00
1.240e+00 1.299e+00
1.250e+00 1.067e+00
1.260e+00 1.033e+00
1.270e+00 6.149e-01
1.280e+00 9.216e-01
1.290e+00 4.357e-01
1.300e+00 -3.809e-01
1.310e+00 6.478e-01
1.320e+00 6.452e-01
1.330e+00 1.023e+00
1.340e+00 4.850e-01
1.350e+00 3.915e-01
1.360e+00 3.995e-01
1.370e+00 6.439e-01
1.380e+00 7.413e-01
1.390e+00 4.744e-01
1.400e+00 1.248e+00
1.410e+00 2.432e-01
1.420e+00 3.145e-01
1.430e+00 6.934e-01
1.440e+00 7.077e-01
1.450e+00 9.454e-01
1.460e+00 5.794e-01
1.470e+00 8.736e-01
1.480e+00 1.608e+00
1.490e+00 7.184e-01
1.500e+00 8.321e-01
1.510e+00 9.413e-01
1.520e+00 7.614e-01
1.530e+00 5.227e-01
1.540e+00 7.907e-01
1.550e+00 7.772e-01
1.560e+00 4.388e-01
1.570e+00 8.210e-01
1.580e+00 9.127e-01
1.590e+00 1.011e+00
1.600e+00 1.115e+00
1.610e+00 6.312e-01
1.620e+00 5.458e-01
1.630e+00 1.471e+00
1.640e+00 8.587e-01
1.650e+00 6.647e-01
1.660e+00 7.128e-01
1.670e+00 4.141e-01
1.680e+00 4.784e-02
1.690e+00 3.876e-02
1.700e+00 3.042e-01
1.710e+00 5.395e-02
1.720e+00 4.058e-01
1.730e+00 8.005e-01
1.740e+00 8.170e-01
1.750e+00 1.213e+00
1.760e+00 1.439e+00
1.770e+00 4.748e-01
1.780e+00 3.499e-01
1.790e+00 -1.521e-01
1.800e+00 4.077e-01
1.810e+00 7.059e-01
1.820e+00 5.401e-01
1.830e+00 5.718e-01
1.840e+00 -7.108e-03
1.850e+00 2.034e-01
1.860e+00 5.262e-01
1.870e+00 6.028e-01
1.880e+00 4.825e-01
1.890e+00 3.971e-01
1.900e+00 6.764e-01
1.910e+00 3.010e-01
1.920e+00 6.053e-01
1.930e+00 1.371e+00
1.940e+00 1.149e+00
1.950e+00 8.894e-01
1.960e+00 7.638e-01
1.970e+00 5.461e-01
1.980e+00 3.245e-02
1.990e+00 5.041e-01
2.000e+00 7.895e-01
2.010e+00 5.640e-01
2.020e+00 6.293e-01
2.030e+00 3.232e-01
2.040e+00 2.040e-02
2.050e+00 6.777e-01
2.060e+00 9.813e-01
2.070e+00 1.995e-01
2.080e+00 5.709e-01
2.090e+00 4.738e-01
2.100e+00 5.263e-01
2.110e+00 9.866e-01
2.120e+00 6.490e-01
2.130e+00 1.145e-01
2.140e+00 6.612e-01
2.150e+00 5.607e-01
2.160e+00 5.292e-01
2.170e+00 1.116e+00
2.180e+00 8.087e-01
2.190e+00 9.737e-01
2.200e+00 1.401e-01
2.210e+00 5.607e-01
2.220e+00 6.312e-01
2.230e+00 6.224e-01
2.240e+00 3.865e-01
2.250e+00 5.116e-01
2.260e+00 8.520e-01
2.270e+00 8.515e-01
2.280e+00 7.525e-01
2.290e+00 3.388e-01
2.300e+00 6.930e-01
2.310e+00 7.618e-01
2.320e+00 8.304e-01
2.330e+00 2.581e-01
2.340e+00 5.927e-01
2.350e+00 8.004e-01
2.360e+00 7.218e-01
2.370e+00 1.223e+00
2.380e+00 1.628e+00
2.390e+00 1.487e+00
2.400e+00 1.298e+00
2.410e+00 1.027e+00
2.420e+00 1.002e+00
2.430e+00 1.026e+00
2.440e+00 1.064e+00
2.450e+00 6.026e-01
2.460e+00 5.579e-01
2.470e+00 5.252e-01
2.480e+00 7.863e-01
2.490e+00 6.938e-01
2.500e+00 2.102e-01
2.510e+00 5.572e-01
2.520e+00 2.285e-01
2.530e+00 3.898e-01
2.540e+00 2.503e-01
2.550e+00 6.980e-01
2.560e+00 8.384e-01
2.570e+00 7.359e-01
2.580e+00 5.919e-01
2.590e+00 8.320e-01
2.600e+00 1.356e+00
2.610e+00 1.404e+00
2.620e+00 7.375e-01
2.630e+00 8.214e-01
2.640e+00 8.341e-01
2.650e+00 9.141e-01
2.660e+00 1.024e+00
2.670e+00 9.433e-01
2.680e+00 5.709e-01
2.690e+00 3.280e-01
2.700e+00 -1.437e-01
2.710e+00 8.561e-02
2.720e+00 3.208e-01
2.730e+00 7.070e-01
2.740e+00 6.728e-01
2.750e+00 5.021e-01
2.760e+00 4.698e-01
2.770e+00 2.555e-01
2.780e+00 4.188e-01
2.790e+00 4.426e-01
2.800e+00 2.210e-01
2.810e+00 5.878e-01
2.820e+00 8.049e-01
2.830e+00 5.843e-01
2.840e+00 5.298e-01
2.850e+00 5.967e-01
2.860e+00 6.294e-01
2.870e+00 6.454e-01
2.880e+00 3.046e-01
2.890e+00 4.410e-01
2.900e+00 -2.340e-02
2.910e+00 1.229e-02
2.920e+00 4.437e-01
2.930e+00 2.925e-01
2.940e+00 4.596e-01
2.950e+00 6.635e-01
2.960e+00 8.802e-01
2.970e+00 9.789e-01
2.980e+00 6.127e-01
2.990e+00 5.619e-01
3.000e+00 7.050e-01
3.010e+00 6.494e-01
3.020e+00 5.960e-01
3.030e+00 3.730e-01
3.040e+00 7.644e-01
3.050e+00 1.042e+00
3.060e+00 1.007e+00
3.070e+00 9.169e-01
3.080e+00 5.600e-01
3.090e+00 9.713e-01
3.100e+00 3.397e-01
3.110e+00 1.136e-01
3.120e+00 3.212e-01
3.130e+00 5.679e-01
3.140e+00 7.259e-01
3.150e+00 9.081e-01
3.160e+00 5.867e-01
3.170e+00 6.414e-01
3.180e+00 5.157e-01
3.190e+00 7.131e-01
3.200e+00 4.900e-01
3.210e+00 7.757e-01
3.220e+00 7.089e-01
3.230e+00 6.047e-01
3.240e+00 7.496e-01
3.250e+00 9.575e-01
3.260e+00 1.189e+00
3.270e+00 9.721e-01
3.280e+00 1.057e+00
3.290e+00 9.705e-01
3.300e+00 4.931e-01
3.310e+00 3.701e-01
3.320e+00 3.184e-01
3.330e+00 9.068e-01
3.340e+00 9.152e-01
3.350e+00 6.155e-01
3.360e+00 2.710e-01
3.370e+00 1.042e-01
3.380e+00 2.857e-01
3.390e+00 3.592e-01
3.400e+00 5.267e-01
3.410e+00 7.421e-01
3.420e+00 6.769e-01
3.430e+00 4.604e-01
3.440e+00 6.962e-01
3.450e+00 5.198e-01
3.460e+00 5.717e-01
3.470e+00 2.507e-01
3.480e+00 3.853e-01
3.490e+00 2.114e-02
3.500e+00 4.492e-01
3.510e+00 5.675e-01
3.520e+00 5.135e-01
3.530e+00 9.086e-01
3.540e+00 8.360e-01
3.550e+00 5.716e-01
3.560e+00 4.472e-02
3.570e+00 4.894e-01
3.580e+00 6.474e-01
3.590e+00 7.550e-01
3.600e+00 6.049e-01
3.610e+00 3.041e-01
3.620e+00 9.413e-01
3.630e+00 6.675e-01
3.640e+00 3.797e-01
3.650e+00 2.365e-01
3.660e+00 1.668e-01
3.670e+00 1.345e-01
3.680e+00 5.483e-01
3.690e+00 8.089e-01
3.700e+00 5.625e-01
3.710e+00 6.316e-01
3.720e+00 7.182e-01
3.730e+00 4.501e-01
3.740e+00 3.696e-03
3.750e+00 1.575e-02
3.760e+00 1.122e-01
3.770e+00 4.083e-01
3.780e+00 8.266e-01
3.790e+00 7.011e-01
3.800e+00 4.101e-01
3.810e+00 3.767e-01
3.820e+00 8.248e-01
3.830e+00 3.769e-01
3.840e+00 6.278e-01
3.850e+00 4.634e-01
3.860e+00 3.066e-01
3.870e+00 2.186e-01
3.880e+00 3.399e-01
3.890e+00 4.767e-01
3.900e+00 2.533e-01
3.910e+00 1.935e-01
3.920e+00 2.191e-01
3.930e+00 1.033e-01
3.940e+00 1.796e-01
3.950e+00 -9.298e-02
3.960e+00 -2.888e-01
3.970e+00 2.223e-01
3.980e+00 4.417e-01
3.990e+00 5.514e-01
4.000e+00 6.115e-01
4.010e+00 5.956e-01
4.020e+00 8.242e-01
4.030e+00 7.258e-01
4.040e+00 7.751e-01
4.050e+00 7.231e-01
4.060e+00 5.195e-01
4.070e+00 2.399e-01
4.080e+00 2.436e-01
4.090e+00 2.331e-01
4.100e+00 1.291e-01
4.110e+00 6.029e-01
4.120e+00 7.766e-01
4.130e+00 7.710e-01
4.140e+00 1.097e+00
4.150e+00 6.280e-01
4.160e+00 8.564e-01
4.170e+00 8.347e-01
4.180e+00 7.076e-01
4.190e+00 4.024e-01
4.200e+00 3.924e-01
4.210e+00 1.738e-01
4.220e+00 4.101e-01
4.230e+00 6.443e-01
4.240e+00 2.864e-01
4.250e+00 4.408e-01
4.260e+00 1.968e-01
4.270e+00 3.169e-01
4.280e+00 4.703e-01
4.290e+00 3.152e-01
4.300e+00 3.571e-01
4.310e+00 2.713e-01
4.320e+00 1.430e-01
4.330e+00 -7.651e-02
4.340e+00 5.916e-01
4.350e+00 3.248e-01
4.360e+00 3.289e-01
4.370e+00 3.275e-01
4.380e+00 6.256e-01
4.390e+00 2.645e-01
4.400e+00 5.165e-01
4.410e+00 7.169e-01
4.420e+00 3.066e-01
4.430e+00 3.694e-01
4.440e+00 3.703e-01
4.450e+00 5.565e-01
4.460e+00 1.029e+00
4.470e+00 9.225e-01
4.480e+00 2.445e-01
4.490e+00 8.145e-01
4.500e+00 4.068e-01
4.510e+00 7.409e-01
4.520e+00 6.047e-01
4.530e+00 4.435e-01
4.540e+00 6.642e-01
4.550e+00 3.417e-01
4.560e+00 3.909e-01
4.570e+00 1.351e-01
4.580e+00 3.190e-01
4.590e+00 3.185e-01
4.600e+00 5.845e-01
4.610e+00 6.490e-01
4.620e+00 7.050e-01
4.630e+00 6.040e-01
4.640e+00 6.624e-01
4.650e+00 5.756e-01
4.660e+00 2.481e-01
4.670e+00 6.205e-01
4.680e+00 1.062e+00
4.690e+00 7.874e-01
4.700e+00 4.552e-01
4.710e+00 2.411e-01
4.720e+00 2.298e-01
4.730e+00 3.622e-01
4.740e+00 7.548e-01
4.750e+00 6.633e-01
4.760e+00 6.440e-01
4.770e+00 8.604e-02
4.780e+00 3.370e-01
4.790e+00 5.937e-01
4.800e+00 6.026e-01
4.810e+00 3.863e-01
4.820e+00 2.381e-01
4.830e+00 2.976e-01
4.840e+00 5.115e-01
4.850e+00 8.289e-01
4.860e+00 7.324e-01
4.870e+00 2.238e-01
4.880e+00 4.378e-01
4.890e+00 5.819e-01
4.900e+00 4.820e-01
4.910e+00 2.353e-01
4.920e+00 5.840e-02
4.930e+00 5.669e-01
4.940e+00 2.959e-01
4.950e+00 3.709e-01
4.960e+00 3.768e-01
4.970e+00 3.134e-01
4.980e+00 3.845e-01
4.990e+00 4.344e-01
-5.000e+00 4.255e-01
-4.990e+00 6.113e-01
-4.980e+00 1.122e-01
-4.970e+00 -1.160e-01
-4.960e+00 8.503e-02
-4.950e+00 1.369e-01
-4.940e+00 3.253e-02
-4.930e+00 3.041e-01
-4.920e+00 4.262e-01
-4.910e+00 7.350e-01
-4.900e+00 3.581e-01
-4.890e+00 7.019e-02
-4.880e+00 1.108e-01
-4.870e+00 -5.217e-03
-4.860e+00 5.948e-01
-4.850e+00 8.960e-01
-4.840e+00 7.306e-01
-4.830e+00 3.894e-01
-4.820e+00 2.760e-01
-4.810e+00 4.016e-01
-4.800e+00 4.954e-01
-4.790e+00 6.666e-01
-4.780e+00 1.285e-01
-4.770e+00 2.768e-01
-4.760e+00 6.031e-01
-4.750e+00 6.129e-01
-4.740e+00 5.551e-01
-4.730e+00 3.407e-01
-4.720e+00 5.325e-01
-4.710e+00 5.124e-01
-4.700e+00 5.157e-01
-4.690e+00 6.977e-01
-4.680e+00 7.900e-01
-4.670e+00 8.809e-01
-4.660e+00 7.599e-01
-4.650e+00 6.440e-01
-4.640e+00 6.293e-01
-4.630e+00 4.514e-01
-4.620e+00 7.145e-01
-4.610e+00 7.667e-01
-4.600e+00 5.933e-01
-4.590e+00 1.944e-01
-4.580e+00 1.296e-01
-4.570e+00 6.697e-01
-4.560e+00 1.076e+00
-4.550e+00 6.518e-01
-4.540e+00 1.288e+00
-4.530e+00 1.059e+00
-4.520e+00 9.331e-01
-4.510e+00 8.277e-01
-4.500e+00 9.167e-01
-4.490e+00 6.783e-01
-4.480e+00 4.493e-01
-4.470e+00 7.827e-01
-4.460e+00 9.001e-01
-4.450e+00 1.007e+00
-4.440e+00 6.658e-01
-4.430e+00 -8.878e-04
-4.420e+00 8.003e-02
-4.410e+00 3.477e-01
-4.400e+00 4.154e-01
-4.390e+00 5.979e-01
-4.380e+00 6.174e-01
-4.370e+00 5.454e-01
-4.360e+00 5.387e-01
-4.350e+00 7.844e-01
-4.340e+00 5.746e-01
-4.330e+00 5.330e-01
-4.320e+00 4.054e-01
-4.310e+00 1.304e-01
-4.300e+00 -7.162e-02
-4.290e+00 1.766e-01
-4.280e+00 2.979e-01
-4.270e+00 2.029e-01
-4.260e+00 -2.596e-02
-4.250e+00 6.740e-02
-4.240e+00 1.630e-01
-4.230e+00 5.182e-02
-4.220e+00 2.371e-01
-4.210e+00 -6.154e-02
-4.200e+00 4.060e-01
-4.190e+00 3.104e-01
-4.180e+00 6.478e-01
-4.170e+00 6.447e-01
-4.160e+00 5.066e-01
-4.150e+00 3.108e-01
-4.140e+00 5.039e-01
-4.130e+00 8.329e-01
-4.120e+00 7.000e-01
-4.110e+00 7.543e-01
-4.100e+00 3.416e-01
-4.090e+00 4.508e-01
-4.080e+00 3.248e-01
-4.070e+00 5.530e-01
-4.060e+00 5.798e-01
-4.050e+00 5.807e-01
-4.040e+00 5.883e-01
-4.030e+00 1.149e+00
-4.020e+00 9.906e-01
-4.010e+00 7.297e-01
-4.000e+00 8.216e-01
-3.990e+00 7.114e-01
-3.980e+00 4.136e-01
-3.970e+00 3.964e-01
-3.960e+00 1.328e-01
-3.950e+00 -6.330e-02
-3.940e+00 1.252e-01
-3.930e+00 3.556e-01
-3.920e+00 4.651e-01
-3.910e+00 2.930e-01
-3.900e+00 2.195e-01
-3.890e+00 4.120e-01
-3.880e+00 6.070e-01
-3.870e+00 3.625e-01
-3.860e+00 3.825e-01
-3.850e+00 5.691e-01
-3.840e+00 4.180e-01
-3.830e+00 6.425e-01
-3.820e+00 7.564e-01
-3.810e+00 3.516e-01
-3.800e+00 5.017e-01
-3.790e+00 4.024e-01
-3.780e+00 4.196e-01
-3.770e+00 8.152e-01
-3.760e+00 6.102e-01
-3.750e+00 5.576e-01
-3.740e+00 3.361e-01
-3.730e+00 2.341e-01
-3.720e+00 6.936e-01
-3.710e+00 6.528e-01
-3.700e+00 6.977e-01
-3.690e+00 6.033e-01
-3.680e+00 8.386e-01
-3.670e+00 3.763e-01
-3.660e+00 5.436e-01
-3.650e+00 7.406e-01
-3.640e+00 5.242e-01
-3.630e+00 5.327e-01
-3.620e+00 5.659e-01
-3.610e+00 -6.082e-02
-3.600e+00 5.005e-01
-3.590e+00 4.764e-01
-3.580e+00 3.700e-01
-3.570e+00 6.078e-01
-3.560e+00 7.459e-02
-3.550e+00 3.701e-01
-3.540e+00 7.156e-01
-3.530e+00 9.991e-01
-3.520e+00 7.816e-01
-3.510e+00 6.961e-01
-3.500e+00 3.767e-01
-3.490e+00 4.409e-01
-3.480e+00 1.998e-01
-3.470e+00 2.210e-01
-3.460e+00 2.228e-01
-3.450e+00 6.199e-01
-3.440e+00 4.673e-01
-3.430e+00 4.311e-01
-3.420e+00 9.008e-02
-3.410e+00 4.230e-02
-3.400e+00 3.663e-01
-3.390e+00 2.875e-01
-3.380e+00 3.339e-01
-3.370e+00 5.896e-01
-3.360e+00 4.154e-01
-3.350e+00 4.815e-01
-3.340e+00 8.203e-01
-3.330e+00 6.921e-01
-3.320e+00 6.051e-01
-3.310e+00 9.818e-01
-3.300e+00 9.143e-01
-3.290e+00 7.363e-01
-3.280e+00 8.164e-01
-3.270e+00 7.413e-01
-3.260e+00 4.908e-01
-3.250e+00 5.224e-01
-3.240e+00 2.554e-01
-3.230e+00 6.320e-01
-3.220e+00 9.661e-01
-3.210e+00 8.320e-01
-3.200e+00 7.337e-01
-3.190e+00 3.258e-01
-3.180e+00 2.151e-01
-3.170e+00 4.879e-01
-3.160e+00 3.425e-01
-3.150e+00 4.154e-01
-3.140e+00 4.394e-01
-3.130e+00 4.579e-01
-3.120e+00 5.444e-01
-3.110e+00 5.371e-01
-3.100e+00 3.350e-01
-3.090e+00 5.567e-01
-3.080e+00 6.653e-01
-3.070e+00 6.548e-01
-3.060e+00 8.195e-01
-3.050e+00 1.041e+00
-3.040e+00 1.255e+00
-3.030e+00 6.061e-01
-3.020e+00 5.037e-01
-3.010e+00 8.432e-01
-3.000e+00 1.195e+00
-2.990e+00 7.736e-01
-2.980e+00 9.484e-01
-2.970e+00 6.689e-01
-2.960e+00 7.580e-01
-2.950e+00 7.898e-01
-2.940e+00 4.111e-01
-2.930e+00 5.489e-01
-2.920e+00 5.193e-01
-2.910e+00 8.129e-01
-2.900e+00 2.436e-01
-2.890e+00 6.813e-01
-2.880e+00 1.777e-01
-2.870e+00 3.916e-02
-2.860e+00 1.015e-01
-2.850e+00 3.358e-01
-2.840e+00 8.162e-01
-2.830e+00 7.138e-01
-2.820e+00 1.122e+00
-2.810e+00 8.921e-01
-2.800e+00 8.194e-01
-2.790e+00 1.906e-02
-2.780e+00 3.138e-01
-2.770e+00 6.213e-01
-2.760e+00 9.482e-01
-2.750e+00 4.552e-01
-2.740e+00 5.984e-01
-2.730e+00 5.975e-01
-2.720e+00 4.613e-01
-2.710e+00 5.089e-01
-2.700e+00 5.676e-01
-2.690e+00 6.039e-01
-2.680e+00 7.346e-01
-2.670e+00 7.630e-01
-2.660e+00 5.864e-01
-2.650e+00 8.551e-01
-2.640e+00 5.593e-01
-2.630e+00 2.175e-01
-2.620e+00 2.727e-01
-2.610e+00 7.608e-01
-2.600e+00 5.267e-01
-2.590e+00 5.316e-01
-2.580e+00 5.066e-01
-2.570e+00 1.927e-01
-2.560e+00 6.621e-01
-2.550e+00 9.518e-01
-2.540e+00 8.762e-01
-2.530e+00 9.836e-01
-2.520e+00 8.585e-01
-2.510e+00 7.351e-01
-2.500e+00 7.747e-01
-2.490e+00 6.455e-01
-2.480e+00 8.278e-01
-2.470e+00 6.624e-01
-2.460e+00 7.497e-01
-2.450e+00 6.823e-01
-2.440e+00 6.865e-01
-2.430e+00 9.466e-01
-2.420e+00 6.268e-01
-2.410e+00 9.242e-02
-2.400e+00 3.650e-01
-2.390e+00 2.761e-01
-2.380e+00 5.824e-01
-2.370e+00 6.681e-01
-2.360e+00 7.929e-01
-2.350e+00 6.682e-01
-2.340e+00 6.081e-01
-2.330e+00 1.314e+00
-2.320e+00 9.123e-01
-2.310e+00 2.475e-01
-2.300e+00 8.324e-01
-2.290e+00 3.265e-01
-2.280e+00 1.107e+00
-2.270e+00 4.750e-01
-2.260e+00 7.335e-01
-2.250e+00 7.798e-01
-2.240e+00 9.124e-01
-2.230e+00 7.322e-01
-2.220e+00 3.153e-01
-2.210e+00 6.045e-01
-2.200e+00 2.747e-01
-2.190e+00 2.849e-01
-2.180e+00 5.485e-01
-2.170e+00 1.223e-01
-2.160e+00 -2.652e-01
-2.150e+00 1.631e-03
-2.140e+00 1.453e-01
-2.130e+00 9.123e-01
-2.120e+00 1.108e+00
-2.110e+00 7.918e-01
-2.100e+00 5.334e-01
-2.090e+00 5.147e-01
-2.080e+00 3.588e-01
-2.070e+00 2.128e-01
-2.060e+00 8.669e-01
-2.050e+00 7.529e-01
-2.040e+00 3.301e-01
-2.030e+00 1.268e+00
-2.020e+00 1.050e+00
-2.010e+00 9.786e-01
-2.000e+00 7.506e-01
-1.990e+00 4.243e-01
-1.980e+00 -1.517e-01
-1.970e+00 -3.145e-01
-1.960e+00 3.362e-01
-1.950e+00 4.215e-01
-1.940e+00 1.454e+00
-1.930e+00 1.185e+00
-1.920e+00 8.610e-01
-1.910e+00 1.101e+00
-1.900e+00 2.792e-01
-1.890e+00 2.128e-01
-1.880e+00 -1.109e-01
-1.870e+00 -7.484e-03
-1.860e+00 2.696e-01
-1.850e+00 -9.853e-02
-1.840e+00 3.013e-01
-1.830e+00 3.859e-02
-1.820e+00 9.251e-01
-1.810e+00 5.345e-01
-1.800e+00 3.010e-01
-1.790e+00 3.316e-01
-1.780e+00 7.466e-02
-1.770e+00 5.434e-01
-1.760e+00 1.140e+00
-1.750e+00 7.722e-01
-1.740e+00 6.016e-01
-1.730e+00 5.261e-01
-1.720e+00 2.684e-01
-1.710e+00 3.460e-01
-1.700e+00 4.893e-01
-1.690e+00 2.563e-01
-1.680e+00 4.243e-01
-1.670e+00 6.847e-01
-1.660e+00 6.972e-01
-1.650e+00 6.721e-01
-1.640e+00 3.466e-02
-1.630e+00 6.528e-01
-1.620e+00 1.561e+00
-1.610e+00 1.051e+00
-1.600e+00 7.319e-01
-1.590e+00 3.202e-02
-1.580e+00 7.423e-01
-1.570e+00 9.306e-01
-1.560e+00 7.899e-01
-1.550e+00 2.205e-01
-1.540e+00 -7.397e-02
-1.530e+00 -6.468e-02
-1.520e+00 3.714e-01
-1.510e+00 5.237e-01
-1.500e+00 6.788e-01
-1.490e+00 8.778e-01
-1.480e+00 1.034e+00
-1.470e+00 1.254e+00
-1.460e+00 1.002e+00
-1.450e+00 9.828e-01
-1.440e+00 8.967e-01
-1.430e+00 1.528e+00
-1.420e+00 9.866e-01
-1.410e+00 1.025e+00
-1.400e+00 -3.092e-01
-1.390e+00 -3.380e-01
-1.380e+00 -4.962e-01
-1.370e+00 -4.468e-01
-1.360e+00 -5.687e-01
-1.350e+00 -5.286e-01
-1.340e+00 3.578e-02
-1.330e+00 4.069e-01
-1.320e+00 5.941e-01
-1.310e+00 1.610e-01
-1.300e+00 3.010e-01
-1.290e+00 6.825e-01
-1.280e+00 5.424e-01
-1.270e+00 5.265e-01
-1.260e+00 -3.693e-04
-1.250e+00 3.111e-01
-1.240e+00 6.396e-01
-1.230e+00 3.170e-02
-1.220e+00 4.438e-01
-1.210e+00 -2.600e-01
-1.200e+00 -1.559e-01
-1.190e+00 -3.668e-01
-1.180e+00 -6.334e-01
-1.170e+00 2.934e-01
-1.160e+00 1.577e-01
-1.150e+00 3.876e-01
-1.140e+00 -7.379e-01
-1.130e+00 1.626e+00
-1.120e+00 8.574e-01
-1.110e+00 8.575e-01
-1.100e+00 8.860e-01
-1.090e+00 6.900e-01
-1.080e+00 9.691e-01
-1.070e+00 4.357e-01
-1.060e+00 2.872e-01
-1.050e+00 6.666e-01
-1.040e+00 1.278e-01
-1.030e+00 7.978e-01
-1.020e+00 1.951e+00
-1.010e+00 1.264e+00
-1.000e+00 1.930e+00
-9.900e-01 1.181e+00
-9.800e-01 1.143e+00
-9.700e-01 1.111e+00
-9.600e-01 9.696e-01
-9.500e-01 4.716e-01
-9.400e-01 9.338e-01
-9.300e-01 8.779e-01
-9.200e-01 1.042e+00
-9.100e-01 1.041e+00
-9.000e-01 4.239e-01
-8.900e-01 6.138e-01
-8.800e-01 1.402e-01
-8.700e-01 1.872e-01
-8.600e-01 2.971e-01
-8.500e-01 5.475e-01
-8.400e-01 1.054e+00
-8.300e-01 5.622e-01
-8.200e-01 4.232e-01
-8.100e-01 1.340e-01
-8.000e-01 6.788e-01
-7.900e-01 2.475e-01
-7.800e-01 1.322e+00
-7.700e-01 8.857e-01
-7.600e-01 2.323e-01
-7.500e-01 5.783e-01
-7.400e-01 1.040e+00
-7.300e-01 2.467e-01
-7.200e-01 5.471e-01
-7.100e-01 4.275e-01
-7.000e-01 3.373e-01
-6.900e-01 -1.185e-01
-6.800e-01 2.206e-01
-6.700e-01 1.873e+00
-6.600e-01 7.516e-01
-6.500e-01 1.813e+00
-6.400e-01 1.852e+00
-6.300e-01 1.804e+00
-6.200e-01 1.513e+00
-6.100e-01 1.451e+00
-6.000e-01 1.168e+00
-5.900e-01 1.265e+00
-5.800e-01 1.732e+00
-5.700e-01 -1.793e-01
-5.600e-01 1.040e+00
-5.500e-01 1.376e+00
-5.400e-01 1.925e+00
-5.300e-01 1.582e+00
-5.200e-01 2.002e+00
-5.100e-01 1.456e+00
-5.000e-01 7.367e-01
-4.900e-01 1.629e+00
-4.800e-01 4.351e-01
-4.700e-01 4.542e-01
-4.600e-01 1.066e+00
-4.500e-01 1.375e+00
-4.400e-01 1.248e+00
-4.300e-01 1.101e-01
-4.200e-01 1.356e+00
-4.100e-01 -1.862e-01
-4.000e-01 3.356e-01
-3.900e-01 8.818e-03
-3.800e-01 2.717e-01
-3.700e-01 1.492e-01
-3.600e-01 3.372e-01
-3.500e-01 -7.993e-01
-3.400e-01 1.439e-01
-3.300e-01 1.205e-02
-3.200e-01 6.442e-01
-3.100e-01 3.198e-01
-3.000e-01 -1.590e+00
-2.900e-01 6.320e-01
-2.800e-01 2.919e-02
-2.700e-01 3.699e-01
-2.600e-01 3.933e-01
-2.500e-01 9.755e-01
-2.400e-01 2.451e+00
-2.300e-01 6.284e-01
-2.200e-01 8.949e-01
-2.100e-01 -2.274e-01
-2.000e-01 1.172e+00
-1.900e-01 3.921e-01
-1.800e-01 3.043e-01
-1.700e-01 4.676e+00
-1.600e-01 1.086e-01
-1.500e-01 -4.648e-01
-1.400e-01 -2.355e+00
-1.300e-01 -1.486e-01
-1.200e-01 2.086e-01
-1.100e-01 5.424e-01
-1.000e-01 5.298e-01
-9.000e-02 9.353e-01
-8.000e-02 -1.439e+00
-7.000e-02 3.631e+00
-6.000e-02 4.492e+00
-5.000e-02 1.101e+01
-4.000e-02 1.202e+01
-3.000e-02 1.088e+01
-2.000e-02 2.216e+01
-1.000e-02 4.978e+01
