# Frequency (1.0/ps)      real(fft(F_0))
0.000e+00 1.661e+02
1.000e-02 5.404e+01
2.000e-02 2.634e+01
3.000e-02 1.416e+01
4.000e-02 1.416e+01
5.000e-02 9.198e+00
6.000e-02 2.285e+00
7.000e-02 3.634e+00
8.000e-02 2.102e+00
9.000e-02 2.619e+00
1.000e-01 3.641e+00
1.100e-01 1.843e+00
1.200e-01 5.645e-01
1.300e-01 6.950e-01
1.400e-01 5.378e-01
1.500e-01 1.364e+00
1.600e-01 1.265e+00
1.700e-01 2.041e+00
1.800e-01 1.390e+00
1.900e-01 4.284e-01
2.000e-01 1.297e+00
2.100e-01 9.491e-01
2.200e-01 2.002e+00
2.300e-01 2.196e+00
2.400e-01 2.896e+00
2.500e-01 2.365e+00
2.600e-01 5.298e-01
2.700e-01 1.995e+00
2.800e-01 9.198e-01
2.900e-01 5.286e-01
3.000e-01 1.622e+00
3.100e-01 1.516e+00
3.200e-01 2.100e+00
3.300e-01 1.449e+00
3.400e-01 1.674e+00
3.500e-01 2.174e+00
3.600e-01 1.299e+00
3.700e-01 2.657e+00
3.800e-01 1.238e+00
3.900e-01 -3.626e-01
4.000e-01 1.420e+00
4.100e-01 8.428e-01
4.200e-01 3.067e-01
4.300e-01 1.187e+00
4.400e-01 1.022e-03
4.500e-01 3.274e-01
4.600e-01 8.861e-01
4.700e-01 4.204e-01
4.800e-01 5.996e-01
4.900e-01 7.150e-01
5.000e-01 1.548e-02
5.100e-01 1.467e-01
5.200e-01 4.399e-01
5.300e-01 1.160e+00
5.400e-01 8.882e-01
5.500e-01 4.696e-01
5.600e-01 9.798e-02
5.700e-01 4.292e-01
5.800e-01 6.976e-01
5.900e-01 1.147e+00
6.000e-01 1.670e-01
6.100e-01 8.074e-02
6.200e-01 4.357e-01
6.300e-01 5.236e-01
6.400e-01 2.710e-01
6.500e-01 2.454e-01
6.600e-01 7.314e-01
6.700e-01 8.857e-01
6.800e-01 9.851e-02
6.900e-01 5.614e-01
7.000e-01 -4.815e-01
7.100e-01 5.822e-01
7.200e-01 5.931e-01
7.300e-01 9.335e-01
7.400e-01 9.934e-01
7.500e-01 6.629e-01
7.600e-01 -4.155e-02
7.700e-01 -7.467e-02
7.800e-01 2.297e-01
7.900e-01 -3.189e-01
8.000e-01 -8.720e-01
8.100e-01 4.992e-01
8.200e-01 1.182e+00
8.300e-01 2.047e+00
8.400e-01 1.572e+00
8.500e-01 1.410e+00
8.600e-01 1.046e+00
8.700e-01 6.838e-01
8.800e-01 4.646e-01
8.900e-01 1.137e+00
9.000e-01 1.096e+00
9.100e-01 7.256e-01
9.200e-01 9.012e-01
9.300e-01 1.742e+00
9.400e-01 1.865e+00
9.500e-01 1.380e+00
9.600e-01 9.849e-01
9.700e-01 5.919e-01
9.800e-01 3.759e-01
9.900e-01 1.027e+00
1.000e+00 1.145e+00
1.010e+00 7.085e-01
1.020e+00 3.616e-01
1.030e+00 2.561e-01
1.040e+00 6.099e-01
1.050e+00 7.390e-01
1.060e+00 8.655e-01
1.070e+00 6.262e-01
1.080e+00 1.054e+00
1.090e+00 1.085e+00
1.100e+00 7.031e-01
1.110e+00 9.987e-02
1.120e+00 7.856e-01
1.130e+00 5.333e-01
1.140e+00 3.664e-01
1.150e+00 -3.207e-01
1.160e+00 3.681e-01
1.170e+00 7.275e-01
1.180e+00 3.804e-01
1.190e+00 9.141e-04
1.200e+00 -3.539e-01
1.210e+00 3.384e-01
1.220e+00 1.019e+00
1.230e+00 9.425e-01
1.240e+00 1.339e+00
1.250e+00 1.006e+00
1.260e+00 4.103e-01
1.270e+00 6.149e-01
1.280e+00 8.957e-02
1.290e+00 4.946e-03
1.300e+00 6.550e-01
1.310e+00 1.409e-01
1.320e+00 3.776e-01
1.330e+00 -8.107e-02
1.340e+00 3.281e-01
1.350e+00 7.648e-01
1.360e+00 6.661e-01
1.370e+00 -4.367e-01
1.380e+00 9.361e-02
1.390e+00 6.326e-01
1.400e+00 1.384e+00
1.410e+00 1.785e+00
1.420e+00 1.115e+00
1.430e+00 2.750e-01
1.440e+00 2.364e-01
1.450e+00 3.780e-01
1.460e+00 4.242e-01
1.470e+00 3.900e-01
1.480e+00 2.803e-01
1.490e+00 2.269e-01
1.500e+00 4.573e-01
1.510e+00 2.133e-01
1.520e+00 2.485e-01
1.530e+00 4.404e-01
1.540e+00 4.692e-01
1.550e+00 2.392e-01
1.560e+00 7.538e-01
1.570e+00 8.744e-01
1.580e+00 6.237e-01
1.590e+00 2.889e-01
1.600e+00 -6.049e-02
1.610e+00 4.106e-01
1.620e+00 7.300e-02
1.630e+00 -3.258e-01
1.640e+00 -3.069e-01
1.650e+00 -2.414e-01
1.660e+00 6.360e-02
1.670e+00 7.393e-01
1.680e+00 6.437e-01
1.690e+00 7.853e-01
1.700e+00 6.019e-01
1.710e+00 -1.392e-01
1.720e+00 -3.908e-01
1.730e+00 -3.448e-01
1.740e+00 3.465e-01
1.750e+00 7.195e-01
1.760e+00 7.485e-01
1.770e+00 7.805e-01
1.780e+00 1.021e+00
1.790e+00 9.500e-01
1.800e+00 2.263e-01
1.810e+00 2.512e-01
1.820e+00 4.570e-01
1.830e+00 8.570e-02
1.840e+00 4.641e-01
1.850e+00 6.696e-01
1.860e+00 1.194e-01
1.870e+00 2.774e-01
1.880e+00 2.132e-01
1.890e+00 -1.339e-01
1.900e+00 4.918e-01
1.910e+00 -6.693e-02
1.920e+00 5.213e-01
1.930e+00 1.143e+00
1.940e+00 5.184e-01
1.950e+00 4.549e-01
1.960e+00 2.657e-01
1.970e+00 5.336e-01
1.980e+00 5.165e-01
1.990e+00 5.506e-01
2.000e+00 6.506e-01
2.010e+00 2.650e-01
2.020e+00 6.301e-01
2.030e+00 1.344e+00
2.040e+00 6.560e-01
2.050e+00 2.558e-02
2.060e+00 1.989e-01
2.070e+00 5.863e-01
2.080e+00 1.239e-01
2.090e+00 -1.736e-01
2.100e+00 -2.466e-01
2.110e+00 2.998e-01
2.120e+00 7.504e-01
2.130e+00 6.901e-01
2.140e+00 1.311e-01
2.150e+00 4.107e-02
2.160e+00 4.264e-01
2.170e+00 6.022e-01
2.180e+00 2.154e-01
2.190e+00 5.367e-01
2.200e+00 5.465e-01
2.210e+00 1.508e-01
2.220e+00 1.063e+00
2.230e+00 7.363e-01
2.240e+00 4.856e-01
2.250e+00 3.867e-01
2.260e+00 6.081e-01
2.270e+00 1.048e+00
2.280e+00 3.661e-01
2.290e+00 4.767e-01
2.300e+00 9.188e-01
2.310e+00 7.264e-01
2.320e+00 1.111e+00
2.330e+00 1.461e+00
2.340e+00 4.813e-01
2.350e+00 3.340e-01
2.360e+00 5.435e-01
2.370e+00 4.180e-01
2.380e+00 4.455e-01
2.390e+00 8.576e-01
2.400e+00 4.768e-01
2.410e+00 3.747e-01
2.420e+00 3.147e-01
2.430e+00 6.684e-01
2.440e+00 5.389e-01
2.450e+00 2.123e-01
2.460e+00 5.206e-01
2.470e+00 8.486e-01
2.480e+00 8.091e-01
2.490e+00 6.825e-01
2.500e+00 5.572e-02
2.510e+00 2.852e-01
2.520e+00 5.420e-01
2.530e+00 6.687e-01
2.540e+00 4.915e-01
2.550e+00 6.007e-01
2.560e+00 5.776e-01
2.570e+00 1.001e+00
2.580e+00 1.056e+00
2.590e+00 5.885e-01
2.600e+00 1.582e-01
2.610e+00 9.895e-01
2.620e+00 6.086e-01
2.630e+00 2.995e-01
2.640e+00 4.410e-01
2.650e+00 1.507e-01
2.660e+00 3.305e-01
2.670e+00 2.633e-01
2.680e+00 1.626e-01
2.690e+00 4.369e-01
2.700e+00 2.312e-01
2.710e+00 4.897e-01
2.720e+00 5.370e-01
2.730e+00 2.756e-01
2.740e+00 3.630e-01
2.750e+00 2.163e-01
2.760e+00 1.492e-01
2.770e+00 6.782e-01
2.780e+00 4.173e-01
2.790e+00 6.262e-01
2.800e+00 1.472e+00
2.810e+00 1.022e+00
2.820e+00 7.158e-01
2.830e+00 9.534e-01
2.840e+00 8.415e-01
2.850e+00 6.135e-01
2.860e+00 5.574e-01
2.870e+00 2.002e-01
2.880e+00 7.252e-01
2.890e+00 5.587e-01
2.900e+00 5.866e-01
2.910e+00 5.988e-01
2.920e+00 4.210e-01
2.930e+00 4.150e-01
2.940e+00 3.936e-01
2.950e+00 2.208e-01
2.960e+00 4.335e-01
2.970e+00 3.525e-01
2.980e+00 1.429e-01
2.990e+00 3.363e-01
3.000e+00 3.085e-01
3.010e+00 3.439e-01
3.020e+00 8.242e-01
3.030e+00 6.747e-01
3.040e+00 3.618e-01
3.050e+00 4.468e-01
3.060e+00 1.875e-01
3.070e+00 4.571e-01
3.080e+00 3.136e-01
3.090e+00 3.849e-01
3.100e+00 9.616e-01
3.110e+00 5.189e-01
3.120e+00 3.664e-01
3.130e+00 4.913e-01
3.140e+00 4.805e-01
3.150e+00 6.718e-01
3.160e+00 6.852e-01
3.170e+00 6.632e-01
3.180e+00 9.801e-01
3.190e+00 9.934e-01
3.200e+00 7.826e-01
3.210e+00 8.873e-01
3.220e+00 6.555e-01
3.230e+00 2.392e-01
3.240e+00 5.037e-01
3.250e+00 9.524e-01
3.260e+00 6.311e-01
3.270e+00 5.772e-01
3.280e+00 4.040e-01
3.290e+00 4.100e-01
3.300e+00 3.492e-01
3.310e+00 1.192e-01
3.320e+00 1.531e-01
3.330e+00 1.365e-01
3.340e+00 6.835e-02
3.350e+00 4.625e-01
3.360e+00 5.496e-01
3.370e+00 7.232e-01
3.380e+00 9.305e-01
3.390e+00 5.964e-01
3.400e+00 4.560e-01
3.410e+00 5.251e-01
3.420e+00 6.761e-01
3.430e+00 6.540e-01
3.440e+00 5.372e-01
3.450e+00 8.800e-01
3.460e+00 5.255e-01
3.470e+00 5.836e-01
3.480e+00 4.011e-01
3.490e+00 -1.506e-02
3.500e+00 6.381e-01
3.510e+00 8.907e-01
3.520e+00 7.220e-01
3.530e+00 5.168e-01
3.540e+00 6.816e-01
3.550e+00 8.463e-01
3.560e+00 7.923e-01
3.570e+00 7.586e-01
3.580e+00 6.272e-01
3.590e+00 5.282e-01
3.600e+00 4.227e-01
3.610e+00 4.038e-01
3.620e+00 5.157e-01
3.630e+00 7.607e-01
3.640e+00 5.748e-01
3.650e+00 8.269e-01
3.660e+00 6.732e-01
3.670e+00 5.114e-01
3.680e+00 5.302e-01
3.690e+00 3.627e-01
3.700e+00 5.057e-01
3.710e+00 6.889e-01
3.720e+00 6.328e-01
3.730e+00 5.197e-01
3.740e+00 3.791e-01
3.750e+00 5.310e-01
3.760e+00 4.805e-01
3.770e+00 2.549e-01
3.780e+00 2.639e-01
3.790e+00 4.236e-01
3.800e+00 2.531e-01
3.810e+00 6.341e-02
3.820e+00 3.103e-01
3.830e+00 1.220e-01
3.840e+00 5.297e-01
3.850e+00 6.618e-01
3.860e+00 4.507e-01
3.870e+00 7.957e-01
3.880e+00 5.549e-01
3.890e+00 5.341e-01
3.900e+00 5.887e-01
3.910e+00 7.041e-01
3.920e+00 9.417e-01
3.930e+00 1.191e+00
3.940e+00 5.591e-01
3.950e+00 3.810e-01
3.960e+00 3.028e-01
3.970e+00 6.814e-01
3.980e+00 5.201e-01
3.990e+00 6.246e-01
4.000e+00 7.779e-01
4.010e+00 8.374e-01
4.020e+00 9.154e-01
4.030e+00 9.664e-01
4.040e+00 5.448e-01
4.050e+00 7.488e-01
4.060e+00 7.623e-01
4.070e+00 6.704e-01
4.080e+00 8.634e-01
4.090e+00 8.494e-01
4.100e+00 3.955e-01
4.110e+00 4.824e-01
4.120e+00 6.387e-01
4.130e+00 4.792e-01
4.140e+00 3.608e-01
4.150e+00 3.420e-01
4.160e+00 8.567e-01
4.170e+00 5.546e-01
4.180e+00 9.255e-02
4.190e+00 3.416e-01
4.200e+00 6.389e-01
4.210e+00 5.564e-01
4.220e+00 3.716e-01
4.230e+00 4.052e-01
4.240e+00 7.981e-01
4.250e+00 6.303e-01
4.260e+00 3.430e-01
4.270e+00 7.890e-01
4.280e+00 6.377e-01
4.290e+00 7.165e-01
4.300e+00 1.053e+00
4.310e+00 8.726e-01
4.320e+00 7.929e-01
4.330e+00 1.211e+00
4.340e+00 8.026e-01
4.350e+00 4.024e-01
4.360e+00 6.028e-01
4.370e+00 9.451e-01
4.380e+00 9.537e-01
4.390e+00 9.315e-01
4.400e+00 1.092e-01
4.410e+00 4.925e-01
4.420e+00 6.678e-01
4.430e+00 4.032e-01
4.440e+00 6.353e-01
4.450e+00 1.847e-01
4.460e+00 1.861e-01
4.470e+00 3.242e-01
4.480e+00 2.773e-01
4.490e+00 2.744e-01
4.500e+00 5.852e-01
4.510e+00 4.940e-01
4.520e+00 6.854e-01
4.530e+00 8.471e-01
4.540e+00 8.268e-02
4.550e+00 3.796e-01
4.560e+00 8.629e-01
4.570e+00 6.140e-01
4.580e+00 6.483e-01
4.590e+00 5.704e-01
4.600e+00 4.188e-01
4.610e+00 4.991e-01
4.620e+00 2.478e-01
4.630e+00 1.023e-01
4.640e+00 1.707e-01
4.650e+00 3.266e-01
4.660e+00 3.224e-01
4.670e+00 4.335e-01
4.680e+00 1.192e-01
4.690e+00 7.324e-02
4.700e+00 -5.277e-02
4.710e+00 -5.741e-03
4.720e+00 3.026e-01
4.730e+00 3.850e-01
4.740e+00 1.574e-01
4.750e+00 2.647e-01
4.760e+00 2.247e-01
4.770e+00 4.135e-01
4.780e+00 2.361e-01
4.790e+00 4.253e-01
4.800e+00 4.778e-01
4.810e+00 5.737e-01
4.820e+00 6.646e-01
4.830e+00 8.683e-01
4.840e+00 6.523e-01
4.850e+00 3.374e-01
4.860e+00 6.128e-01
4.870e+00 2.956e-01
4.880e+00 4.664e-01
4.890e+00 6.373e-01
4.900e+00 7.527e-01
4.910e+00 8.401e-01
4.920e+00 4.850e-01
4.930e+00 3.869e-01
4.940e+00 1.506e-01
4.950e+00 4.067e-01
4.960e+00 7.521e-01
4.970e+00 7.885e-01
4.980e+00 9.244e-01
4.990e+00 1.102e+00
-5.000e+00 9.153e-01
-4.990e+00 1.102e+00
-4.980e+00 9.244e-01
-4.970e+00 7.885e-01
-4.960e+00 7.521e-01
-4.950e+00 4.067e-01
-4.940e+00 1.506e-01
-4.930e+00 3.869e-01
-4.920e+00 4.850e-01
-4.910e+00 8.401e-01
-4.900e+00 7.527e-01
-4.890e+00 6.373e-01
-4.880e+00 4.664e-01
-4.870e+00 2.956e-01
-4.860e+00 6.128e-01
-4.850e+00 3.374e-01
-4.840e+00 6.523e-01
-4.830e+00 8.683e-01
-4.820e+00 6.646e-01
-4.810e+00 5.737e-01
-4.800e+00 4.778e-01
-4.790e+00 4.253e-01
-4.780e+00 2.361e-01
-4.770e+00 4.135e-01
-4.760e+00 2.247e-01
-4.750e+00 2.647e-01
-4.740e+00 1.574e-01
-4.730e+00 3.850e-01
-4.720e+00 3.026e-01
-4.710e+00 -5.741e-03
-4.700e+00 -5.277e-02
-4.690e+00 7.324e-02
-4.680e+00 1.192e-01
-4.670e+00 4.335e-01
-4.660e+00 3.224e-01
-4.650e+00 3.266e-01
-4.640e+00 1.707e-01
-4.630e+00 1.023e-01
-4.620e+00 2.478e-01
-4.610e+00 4.991e-01
-4.600e+00 4.188e-01
-4.590e+00 5.704e-01
-4.580e+00 6.483e-01
-4.570e+00 6.140e-01
-4.560e+00 8.629e-01
-4.550e+00 3.796e-01
-4.540e+00 8.268e-02
-4.530e+00 8.471e-01
-4.520e+00 6.854e-01
-4.510e+00 4.940e-01
-4.500e+00 5.852e-01
-4.490e+00 2.744e-01
-4.480e+00 2.773e-01
-4.470e+00 3.242e-01
-4.460e+00 1.861e-01
-4.450e+00 1.847e-01
-4.440e+00 6.353e-01
-4.430e+00 4.032e-01
-4.420e+00 6.678e-01
-4.410e+00 4.925e-01
-4.400e+00 1.092e-01
-4.390e+00 9.315e-01
-4.380e+00 9.537e-01
-4.370e+00 9.451e-01
-4.360e+00 6.028e-01
-4.350e+00 4.024e-01
-4.340e+00 8.026e-01
-4.330e+00 1.211e+00
-4.320e+00 7.929e-01
-4.310e+00 8.726e-01
-4.300e+00 1.053e+00
-4.290e+00 7.165e-01
-4.280e+00 6.377e-01
-4.270e+00 7.890e-01
-4.260e+00 3.430e-01
-4.250e+00 6.303e-01
-4.240e+00 7.981e-01
-4.230e+00 4.052e-01
-4.220e+00 3.716e-01
-4.210e+00 5.564e-01
-4.200e+00 6.389e-01
-4.190e+00 3.416e-01
-4.180e+00 9.255e-02
-4.170e+00 5.546e-01
-4.160e+00 8.567e-01
-4.150e+00 3.420e-01
-4.140e+00 3.608e-01
-4.130e+00 4.792e-01
-4.120e+00 6.387e-01
-4.110e+00 4.824e-01
-4.100e+00 3.955e-01
-4.090e+00 8.494e-01
-4.080e+00 8.634e-01
-4.070e+00 6.704e-01
-4.060e+00 7.623e-01
-4.050e+00 7.488e-01
-4.040e+00 5.448e-01
-4.030e+00 9.664e-01
-4.020e+00 9.154e-01
-4.010e+00 8.374e-01
-4.000e+00 7.779e-01
-3.990e+00 6.246e-01
-3.980e+00 5.201e-01
-3.970e+00 6.814e-01
-3.960e+00 3.028e-01
-3.950e+00 3.810e-01
-3.940e+00 5.591e-01
-3.930e+00 1.191e+00
-3.920e+00 9.417e-01
-3.910e+00 7.041e-01
-3.900e+00 5.887e-01
-3.890e+00 5.341e-01
-3.880e+00 5.549e-01
-3.870e+00 7.957e-01
-3.860e+00 4.507e-01
-3.850e+00 6.618e-01
-3.840e+00 5.297e-01
-3.830e+00 1.220e-01
-3.820e+00 3.103e-01
-3.810e+00 6.341e-02
-3.800e+00 2.531e-01
-3.790e+00 4.236e-01
-3.780e+00 2.639e-01
-3.770e+00 2.549e-01
-3.760e+00 4.805e-01
-3.750e+00 5.310e-01
-3.740e+00 3.791e-01
-3.730e+00 5.197e-01
-3.720e+00 6.328e-01
-3.710e+00 6.889e-01
-3.700e+00 5.057e-01
-3.690e+00 3.627e-01
-3.680e+00 5.302e-01
-3.670e+00 5.114e-01
-3.660e+00 6.732e-01
-3.650e+00 8.269e-01
-3.640e+00 5.748e-01
-3.630e+00 7.607e-01
-3.620e+00 5.157e-01
-3.610e+00 4.038e-01
-3.600e+00 4.227e-01
-3.590e+00 5.282e-01
-3.580e+00 6.272e-01
-3.570e+00 7.586e-01
-3.560e+00 7.923e-01
-3.550e+00 8.463e-01
-3.540e+00 6.816e-01
-3.530e+00 5.168e-01
-3.520e+00 7.220e-01
-3.510e+00 8.907e-01
-3.500e+00 6.381e-01
-3.490e+00 -1.506e-02
-3.480e+00 4.011e-01
-3.470e+00 5.836e-01
-3.460e+00 5.255e-01
-3.450e+00 8.800e-01
-3.440e+00 5.372e-01
-3.430e+00 6.540e-01
-3.420e+00 6.761e-01
-3.410e+00 5.251e-01
-3.400e+00 4.560e-01
-3.390e+00 5.964e-01
-3.380e+00 9.305e-01
-3.370e+00 7.232e-01
-3.360e+00 5.496e-01
-3.350e+00 4.625e-01
-3.340e+00 6.835e-02
-3.330e+00 1.365e-01
-3.320e+00 1.531e-01
-3.310e+00 1.192e-01
-3.300e+00 3.492e-01
-3.290e+00 4.100e-01
-3.280e+00 4.040e-01
-3.270e+00 5.772e-01
-3.260e+00 6.311e-01
-3.250e+00 9.524e-01
-3.240e+00 5.037e-01
-3.230e+00 2.392e-01
-3.220e+00 6.555e-01
-3.210e+00 8.873e-01
-3.200e+00 7.826e-01
-3.190e+00 9.934e-01
-3.180e+00 9.801e-01
-3.170e+00 6.632e-01
-3.160e+00 6.852e-01
-3.150e+00 6.718e-01
-3.140e+00 4.805e-01
-3.130e+00 4.913e-01
-3.120e+00 3.664e-01
-3.110e+00 5.189e-01
-3.100e+00 9.616e-01
-3.090e+00 3.849e-01
-3.080e+00 3.136e-01
-3.070e+00 4.571e-01
-3.060e+00 1.875e-01
-3.050e+00 4.468e-01
-3.040e+00 3.618e-01
-3.030e+00 6.747e-01
-3.020e+00 8.242e-01
-3.010e+00 3.439e-01
-3.000e+00 3.085e-01
-2.990e+00 3.363e-01
-2.980e+00 1.429e-01
-2.970e+00 3.525e-01
-2.960e+00 4.335e-01
-2.950e+00 2.208e-01
-2.940e+00 3.936e-01
-2.930e+00 4.150e-01
-2.920e+00 4.210e-01
-2.910e+00 5.988e-01
-2.900e+00 5.866e-01
-2.890e+00 5.587e-01
-2.880e+00 7.252e-01
-2.870e+00 2.002e-01
-2.860e+00 5.574e-01
-2.850e+00 6.135e-01
-2.840e+00 8.415e-01
-2.830e+00 9.534e-01
-2.820e+00 7.158e-01
-2.810e+00 1.022e+00
-2.800e+00 1.472e+00
-2.790e+00 6.262e-01
-2.780e+00 4.173e-01
-2.770e+00 6.782e-01
-2.760e+00 1.492e-01
-2.750e+00 2.163e-01
-2.740e+00 3.630e-01
-2.730e+00 2.756e-01
-2.720e+00 5.370e-01
-2.710e+00 4.897e-01
-2.700e+00 2.312e-01
-2.690e+00 4.369e-01
-2.680e+00 1.626e-01
-2.670e+00 2.633e-01
-2.660e+00 3.305e-01
-2.650e+00 1.507e-01
-2.640e+00 4.410e-01
-2.630e+00 2.995e-01
-2.620e+00 6.086e-01
-2.610e+00 9.895e-01
-2.600e+00 1.582e-01
-2.590e+00 5.885e-01
-2.580e+00 1.056e+00
-2.570e+00 1.001e+00
-2.560e+00 5.776e-01
-2.550e+00 6.007e-01
-2.540e+00 4.915e-01
-2.530e+00 6.687e-01
-2.520e+00 5.420e-01
-2.510e+00 2.852e-01
-2.500e+00 5.572e-02
-2.490e+00 6.825e-01
-2.480e+00 8.091e-01
-2.470e+00 8.486e-01
-2.460e+00 5.206e-01
-2.450e+00 2.123e-01
-2.440e+00 5.389e-01
-2.430e+00 6.684e-01
-2.420e+00 3.147e-01
-2.410e+00 3.747e-01
-2.400e+00 4.768e-01
-2.390e+00 8.576e-01
-2.380e+00 4.455e-01
-2.370e+00 4.180e-01
-2.360e+00 5.435e-01
-2.350e+00 3.340e-01
-2.340e+00 4.813e-01
-2.330e+00 1.461e+00
-2.320e+00 1.111e+00
-2.310e+00 7.264e-01
-2.300e+00 9.188e-01
-2.290e+00 4.767e-01
-2.280e+00 3.661e-01
-2.270e+00 1.048e+00
-2.260e+00 6.081e-01
-2.250e+00 3.867e-01
-2.240e+00 4.856e-01
-2.230e+00 7.363e-01
-2.220e+00 1.063e+00
-2.210e+00 1.508e-01
-2.200e+00 5.465e-01
-2.190e+00 5.367e-01
-2.180e+00 2.154e-01
-2.170e+00 6.022e-01
-2.160e+00 4.264e-01
-2.150e+00 4.107e-02
-2.140e+00 1.311e-01
-2.130e+00 6.901e-01
-2.120e+00 7.504e-01
-2.110e+00 2.998e-01
-2.100e+00 -2.466e-01
-2.090e+00 -1.736e-01
-2.080e+00 1.239e-01
-2.070e+00 5.863e-01
-2.060e+00 1.989e-01
-2.050e+00 2.558e-02
-2.040e+00 6.560e-01
-2.030e+00 1.344e+00
-2.020e+00 6.301e-01
-2.010e+00 2.650e-01
-2.000e+00 6.506e-01
-1.990e+00 5.506e-01
-1.980e+00 5.165e-01
-1.970e+00 5.336e-01
-1.960e+00 2.657e-01
-1.950e+00 4.549e-01
-1.940e+00 5.184e-01
-1.930e+00 1.143e+00
-1.920e+00 5.213e-01
-1.910e+00 -6.693e-02
-1.900e+00 4.918e-01
-1.890e+00 -1.339e-01
-1.880e+00 2.132e-01
-1.870e+00 2.774e-01
-1.860e+00 1.194e-01
-1.850e+00 6.696e-01
-1.840e+00 4.641e-01
-1.830e+00 8.570e-02
-1.820e+00 4.570e-01
-1.810e+00 2.512e-01
-1.800e+00 2.263e-01
-1.790e+00 9.500e-01
-1.780e+00 1.021e+00
-1.770e+00 7.805e-01
-1.760e+00 7.485e-01
-1.750e+00 7.195e-01
-1.740e+00 3.465e-01
-1.730e+00 -3.448e-01
-1.720e+00 -3.908e-01
-1.710e+00 -1.392e-01
-1.700e+00 6.019e-01
-1.690e+00 7.853e-01
-1.680e+00 6.437e-01
-1.670e+00 7.393e-01
-1.660e+00 6.360e-02
-1.650e+00 -2.414e-01
-1.640e+00 -3.069e-01
-1.630e+00 -3.258e-01
-1.620e+00 7.300e-02
-1.610e+00 4.106e-01
-1.600e+00 -6.049e-02
-1.590e+00 2.889e-01
-1.580e+00 6.237e-01
-1.570e+00 8.744e-01
-1.560e+00 7.538e-01
-1.550e+00 2.392e-01
-1.540e+00 4.692e-01
-1.530e+00 4.404e-01
-1.520e+00 2.485e-01
-1.510e+00 2.133e-01
-1.500e+00 4.573e-01
-1.490e+00 2.269e-01
-1.480e+00 2.803e-01
-1.470e+00 3.900e-01
-1.460e+00 4.242e-01
-1.450e+00 3.780e-01
-1.440e+00 2.364e-01
-1.430e+00 2.750e-01
-1.420e+00 1.115e+00
-1.410e+00 1.785e+00
-1.400e+00 1.384e+00
-1.390e+00 6.326e-01
-1.380e+00 9.361e-02
-1.370e+00 -4.367e-01
-1.360e+00 6.661e-01
-1.350e+00 7.648e-01
-1.340e+00 3.281e-01
-1.330e+00 -8.107e-02
-1.320e+00 3.776e-01
-1.310e+00 1.409e-01
-1.300e+00 6.550e-01
-1.290e+00 4.946e-03
-1.280e+00 8.957e-02
-1.270e+00 6.149e-01
-1.260e+00 4.103e-01
-1.250e+00 1.006e+00
-1.240e+00 1.339e+00
-1.230e+00 9.425e-01
-1.220e+00 1.019e+00
-1.210e+00 3.384e-01
-1.200e+00 -3.539e-01
-1.190e+00 9.141e-04
-1.180e+00 3.804e-01
-1.170e+00 7.275e-01
-1.160e+00 3.681e-01
-1.150e+00 -3.207e-01
-1.140e+00 3.664e-01
-1.130e+00 5.333e-01
-1.120e+00 7.856e-01
-1.110e+00 9.987e-02
-1.100e+00 7.031e-01
-1.090e+00 1.085e+00
-1.080e+00 1.054e+00
-1.070e+00 6.262e-01
-1.060e+00 8.655e-01
-1.050e+00 7.390e-01
-1.040e+00 6.099e-01
-1.030e+00 2.561e-01
-1.020e+00 3.616e-01
-1.010e+00 7.085e-01
-1.000e+00 1.145e+00
-9.900e-01 1.027e+00
-9.800e-01 3.759e-01
-9.700e-01 5.919e-01
-9.600e-01 9.849e-01
-9.500e-01 1.380e+00
-9.400e-01 1.865e+00
-9.300e-01 1.742e+00
-9.200e-01 9.012e-01
-9.100e-01 7.256e-01
-9.000e-01 1.096e+00
-8.900e-01 1.137e+00
-8.800e-01 4.646e-01
-8.700e-01 6.838e-01
-8.600e-01 1.046e+00
-8.500e-01 1.410e+00
-8.400e-01 1.572e+00
-8.300e-01 2.047e+00
-8.200e-01 1.182e+00
-8.100e-01 4.992e-01
-8.000e-01 -8.720e-01
-7.900e-01 -3.189e-01
-7.800e-01 2.297e-01
-7.700e-01 -7.467e-02
-7.600e-01 -4.155e-02
-7.500e-01 6.629e-01
-7.400e-01 9.934e-01
-7.300e-01 9.335e-01
-7.200e-01 5.931e-01
-7.100e-01 5.822e-01
-7.000e-01 -4.815e-01
-6.900e-01 5.614e-01
-6.800e-01 9.851e-02
-6.700e-01 8.857e-01
-6.600e-01 7.314e-01
-6.500e-01 2.454e-01
-6.400e-01 2.710e-01
-6.300e-01 5.236e-01
-6.200e-01 4.357e-01
-6.100e-01 8.074e-02
-6.000e-01 1.670e-01
-5.900e-01 1.147e+00
-5.800e-01 6.976e-01
-5.700e-01 4.292e-01
-5.600e-01 9.798e-02
-5.500e-01 4.696e-01
-5.400e-01 8.882e-01
-5.300e-01 1.160e+00
-5.200e-01 4.399e-01
-5.100e-01 1.467e-01
-5.000e-01 1.548e-02
-4.900e-01 7.150e-01
-4.800e-01 5.996e-01
-4.700e-01 4.204e-01
-4.600e-01 8.861e-01
-4.500e-01 3.274e-01
-4.400e-01 1.022e-03
-4.300e-01 1.187e+00
-4.200e-01 3.067e-01
-4.100e-01 8.428e-01
-4.000e-01 1.420e+00
-3.900e-01 -3.626e-01
-3.800e-01 1.238e+00
-3.700e-01 2.657e+00
-3.600e-01 1.299e+00
-3.500e-01 2.174e+00
-3.400e-01 1.674e+00
-3.300e-01 1.449e+00
-3.200e-01 2.100e+00
-3.100e-01 1.516e+00
-3.000e-01 1.622e+00
-2.900e-01 5.286e-01
-2.800e-01 9.198e-01
-2.700e-01 1.995e+00
-2.600e-01 5.298e-01
-2.500e-01 2.365e+00
-2.400e-01 2.896e+00
-2.300e-01 2.196e+00
-2.200e-01 2.002e+00
-2.100e-01 9.491e-01
-2.000e-01 1.297e+00
-1.900e-01 4.284e-01
-1.800e-01 1.390e+00
-1.700e-01 2.041e+00
-1.600e-01 1.265e+00
-1.500e-01 1.364e+00
-1.400e-01 5.378e-01
-1.300e-01 6.950e-01
-1.200e-01 5.645e-01
-1.100e-01 1.843e+00
-1.000e-01 3.641e+00
-9.000e-02 2.619e+00
-8.000e-02 2.102e+00
-7.000e-02 3.634e+00
-6.000e-02 2.285e+00
-5.000e-02 9.198e+00
-4.000e-02 1.416e+01
-3.000e-02 1.416e+01
-2.000e-02 2.634e+01
-1.000e-02 5.404e+01
