# Frequency (1.0/ps)      real(fft(F_1))
0.000e+00 1.699e+02
1.000e-02 5.526e+01
2.000e-02 2.425e+01
3.000e-02 1.557e+01
4.000e-02 9.462e+00
5.000e-02 6.626e+00
6.000e-02 2.437e+00
7.000e-02 2.698e+00
8.000e-02 4.209e+00
9.000e-02 4.989e+00
1.000e-01 1.111e+00
1.100e-01 3.468e+00
1.200e-01 2.233e+00
1.300e-01 1.922e+00
1.400e-01 1.406e+00
1.500e-01 1.755e+00
1.600e-01 -9.449e-01
1.700e-01 2.654e+00
1.800e-01 1.194e+00
1.900e-01 2.356e+00
2.000e-01 1.797e+00
2.100e-01 1.104e+00
2.200e-01 1.608e+00
2.300e-01 1.147e+00
2.400e-01 1.419e+00
2.500e-01 7.739e-01
2.600e-01 4.763e-01
2.700e-01 8.318e-01
2.800e-01 1.146e+00
2.900e-01 1.263e-01
3.000e-01 1.441e+00
3.100e-01 1.190e+00
3.200e-01 1.528e+00
3.300e-01 2.078e+00
3.400e-01 4.068e-01
3.500e-01 4.342e-01
3.600e-01 2.604e-01
3.700e-01 9.754e-01
3.800e-01 9.367e-01
3.900e-01 5.355e-01
4.000e-01 5.759e-01
4.100e-01 7.445e-01
4.200e-01 1.224e+00
4.300e-01 9.519e-01
4.400e-01 1.272e+00
4.500e-01 1.106e+00
4.600e-01 1.771e+00
4.700e-01 1.252e+00
4.800e-01 1.422e-01
4.900e-01 -5.794e-02
5.000e-01 7.436e-02
5.100e-01 -3.890e-02
5.200e-01 1.502e-01
5.300e-01 -5.372e-01
5.400e-01 7.251e-01
5.500e-01 1.270e+00
5.600e-01 1.212e+00
5.700e-01 9.710e-01
5.800e-01 8.479e-01
5.900e-01 4.719e-01
6.000e-01 1.719e+00
6.100e-01 7.965e-01
6.200e-01 1.335e+00
6.300e-01 5.290e-01
6.400e-01 9.251e-01
6.500e-01 1.080e+00
6.600e-01 1.020e+00
6.700e-01 5.831e-01
6.800e-01 2.024e-01
6.900e-01 6.124e-01
7.000e-01 6.251e-01
7.100e-01 7.454e-01
7.200e-01 9.068e-01
7.300e-01 5.249e-01
7.400e-01 8.743e-01
7.500e-01 -8.174e-02
7.600e-01 1.378e+00
7.700e-01 -4.542e-02
7.800e-01 3.374e-01
7.900e-01 6.864e-01
8.000e-01 1.152e+00
8.100e-01 1.048e+00
8.200e-01 9.470e-01
8.300e-01 1.075e+00
8.400e-01 7.729e-01
8.500e-01 2.567e-01
8.600e-01 1.171e-01
8.700e-01 3.594e-01
8.800e-01 1.964e-01
8.900e-01 1.165e+00
9.000e-01 8.992e-02
9.100e-01 3.439e-01
9.200e-01 1.955e-01
9.300e-01 3.824e-01
9.400e-01 1.002e+00
9.500e-01 1.229e+00
9.600e-01 8.090e-01
9.700e-01 8.409e-01
9.800e-01 1.234e+00
9.900e-01 6.521e-01
1.000e+00 1.346e-01
1.010e+00 -6.110e-01
1.020e+00 5.190e-01
1.030e+00 7.250e-01
1.040e+00 1.401e-01
1.050e+00 2.543e-01
1.060e+00 7.118e-01
1.070e+00 2.933e-01
1.080e+00 6.867e-01
1.090e+00 5.157e-01
1.100e+00 4.751e-01
1.110e+00 4.649e-01
1.120e+00 1.374e-01
1.130e+00 1.890e-01
1.140e+00 5.408e-01
1.150e+00 4.144e-01
1.160e+00 5.430e-01
1.170e+00 7.918e-01
1.180e+00 1.379e-01
1.190e+00 7.609e-01
1.200e+00 1.038e+00
1.210e+00 3.809e-01
1.220e+00 1.075e+00
1.230e+00 -1.276e-01
1.240e+00 1.182e+00
1.250e+00 7.710e-01
1.260e+00 1.038e-01
1.270e+00 7.155e-01
1.280e+00 4.099e-04
1.290e+00 6.847e-01
1.300e+00 4.945e-01
1.310e+00 6.925e-01
1.320e+00 8.065e-01
1.330e+00 9.951e-01
1.340e+00 9.563e-01
1.350e+00 5.719e-01
1.360e+00 2.844e-01
1.370e+00 -2.833e-02
1.380e+00 6.143e-01
1.390e+00 1.226e+00
1.400e+00 1.063e+00
1.410e+00 1.254e+00
1.420e+00 1.034e+00
1.430e+00 6.824e-01
1.440e+00 1.128e+00
1.450e+00 7.639e-01
1.460e+00 9.656e-01
1.470e+00 3.765e-01
1.480e+00 6.235e-01
1.490e+00 8.198e-01
1.500e+00 5.046e-01
1.510e+00 4.384e-01
1.520e+00 8.564e-01
1.530e+00 8.912e-01
1.540e+00 9.202e-01
1.550e+00 5.608e-01
1.560e+00 3.303e-01
1.570e+00 3.668e-01
1.580e+00 -1.841e-01
1.590e+00 -2.051e-02
1.600e+00 4.106e-01
1.610e+00 5.094e-01
1.620e+00 2.864e-01
1.630e+00 2.517e-01
1.640e+00 5.138e-01
1.650e+00 4.882e-01
1.660e+00 4.835e-01
1.670e+00 1.130e+00
1.680e+00 1.363e+00
1.690e+00 1.758e+00
1.700e+00 9.463e-01
1.710e+00 6.523e-01
1.720e+00 8.509e-01
1.730e+00 1.583e+00
1.740e+00 9.156e-01
1.750e+00 5.928e-01
1.760e+00 4.860e-01
1.770e+00 1.223e-01
1.780e+00 5.413e-01
1.790e+00 1.001e+00
1.800e+00 4.062e-01
1.810e+00 3.679e-01
1.820e+00 4.439e-01
1.830e+00 8.796e-01
1.840e+00 6.674e-01
1.850e+00 4.882e-01
1.860e+00 5.866e-01
1.870e+00 3.178e-01
1.880e+00 3.524e-02
1.890e+00 -3.636e-02
1.900e+00 8.230e-02
1.910e+00 1.293e-01
1.920e+00 4.772e-01
1.930e+00 7.036e-01
1.940e+00 8.700e-01
1.950e+00 5.352e-01
1.960e+00 5.650e-01
1.970e+00 8.618e-01
1.980e+00 8.425e-01
1.990e+00 9.086e-01
2.000e+00 9.641e-01
2.010e+00 9.195e-01
2.020e+00 6.028e-01
2.030e+00 1.002e+00
2.040e+00 5.148e-01
2.050e+00 2.865e-01
2.060e+00 3.332e-01
2.070e+00 3.489e-01
2.080e+00 4.301e-01
2.090e+00 1.518e-01
2.100e+00 1.169e-01
2.110e+00 5.163e-01
2.120e+00 5.557e-01
2.130e+00 4.774e-01
2.140e+00 4.312e-01
2.150e+00 3.861e-01
2.160e+00 4.547e-01
2.170e+00 4.402e-01
2.180e+00 3.472e-01
2.190e+00 5.321e-01
2.200e+00 8.472e-01
2.210e+00 6.161e-01
2.220e+00 5.067e-01
2.230e+00 9.117e-01
2.240e+00 5.844e-01
2.250e+00 7.800e-01
2.260e+00 5.326e-01
2.270e+00 7.204e-01
2.280e+00 4.830e-01
2.290e+00 6.662e-01
2.300e+00 4.166e-01
2.310e+00 2.709e-01
2.320e+00 3.678e-01
2.330e+00 2.014e-01
2.340e+00 5.989e-01
2.350e+00 4.576e-01
2.360e+00 7.837e-01
2.370e+00 1.349e-01
2.380e+00 8.672e-01
2.390e+00 4.669e-01
2.400e+00 1.654e-01
2.410e+00 5.998e-01
2.420e+00 4.251e-01
2.430e+00 4.933e-01
2.440e+00 4.044e-01
2.450e+00 4.065e-01
2.460e+00 4.778e-01
2.470e+00 6.402e-01
2.480e+00 4.989e-01
2.490e+00 6.552e-01
2.500e+00 5.014e-01
2.510e+00 6.519e-01
2.520e+00 9.846e-01
2.530e+00 6.215e-01
2.540e+00 8.232e-01
2.550e+00 4.157e-01
2.560e+00 4.218e-01
2.570e+00 5.372e-01
2.580e+00 5.126e-01
2.590e+00 4.062e-01
2.600e+00 5.915e-01
2.610e+00 3.962e-01
2.620e+00 3.742e-01
2.630e+00 3.983e-01
2.640e+00 4.992e-01
2.650e+00 3.852e-01
2.660e+00 1.954e-01
2.670e+00 3.298e-01
2.680e+00 4.735e-01
2.690e+00 2.973e-02
2.700e+00 3.242e-01
2.710e+00 6.804e-01
2.720e+00 6.103e-01
2.730e+00 8.680e-01
2.740e+00 8.371e-01
2.750e+00 4.941e-01
2.760e+00 2.577e-01
2.770e+00 5.684e-01
2.780e+00 5.855e-01
2.790e+00 7.324e-01
2.800e+00 9.798e-01
2.810e+00 9.406e-01
2.820e+00 9.739e-01
2.830e+00 7.489e-01
2.840e+00 6.983e-01
2.850e+00 7.291e-01
2.860e+00 6.578e-01
2.870e+00 4.964e-01
2.880e+00 6.151e-01
2.890e+00 3.159e-01
2.900e+00 4.357e-01
2.910e+00 6.031e-01
2.920e+00 3.836e-01
2.930e+00 6.077e-01
2.940e+00 4.051e-01
2.950e+00 4.730e-01
2.960e+00 1.873e-01
2.970e+00 6.503e-01
2.980e+00 4.030e-01
2.990e+00 4.414e-01
3.000e+00 4.365e-01
3.010e+00 5.765e-01
3.020e+00 6.274e-01
3.030e+00 7.593e-01
3.040e+00 5.049e-01
3.050e+00 6.380e-01
3.060e+00 8.629e-01
3.070e+00 5.015e-01
3.080e+00 4.275e-01
3.090e+00 5.895e-01
3.100e+00 6.880e-01
3.110e+00 2.847e-01
3.120e+00 2.940e-01
3.130e+00 3.263e-01
3.140e+00 3.581e-01
3.150e+00 5.485e-02
3.160e+00 4.027e-01
3.170e+00 6.482e-01
3.180e+00 7.576e-01
3.190e+00 4.647e-01
3.200e+00 3.637e-01
3.210e+00 1.653e-01
3.220e+00 4.177e-01
3.230e+00 5.115e-01
3.240e+00 3.779e-01
3.250e+00 3.366e-01
3.260e+00 3.747e-01
3.270e+00 3.005e-01
3.280e+00 4.550e-01
3.290e+00 2.849e-01
3.300e+00 7.079e-01
3.310e+00 8.669e-01
3.320e+00 3.907e-01
3.330e+00 4.151e-01
3.340e+00 2.488e-01
3.350e+00 4.988e-01
3.360e+00 5.023e-01
3.370e+00 4.680e-01
3.380e+00 6.631e-01
3.390e+00 6.799e-01
3.400e+00 8.191e-01
3.410e+00 6.792e-01
3.420e+00 7.210e-01
3.430e+00 7.412e-01
3.440e+00 7.244e-01
3.450e+00 1.368e-01
3.460e+00 4.129e-01
3.470e+00 6.239e-01
3.480e+00 7.146e-01
3.490e+00 6.693e-01
3.500e+00 7.547e-01
3.510e+00 7.440e-01
3.520e+00 8.308e-01
3.530e+00 7.306e-01
3.540e+00 1.102e+00
3.550e+00 5.274e-01
3.560e+00 7.033e-01
3.570e+00 5.352e-01
3.580e+00 5.075e-01
3.590e+00 5.062e-01
3.600e+00 6.704e-01
3.610e+00 8.126e-01
3.620e+00 8.176e-01
3.630e+00 4.944e-01
3.640e+00 2.898e-01
3.650e+00 3.310e-01
3.660e+00 3.141e-01
3.670e+00 4.747e-01
3.680e+00 3.087e-01
3.690e+00 4.225e-01
3.700e+00 6.858e-01
3.710e+00 7.029e-01
3.720e+00 4.854e-01
3.730e+00 4.941e-01
3.740e+00 2.655e-01
3.750e+00 6.870e-01
3.760e+00 6.555e-01
3.770e+00 1.950e-01
3.780e+00 -5.523e-02
3.790e+00 2.470e-01
3.800e+00 5.081e-01
3.810e+00 5.260e-01
3.820e+00 6.254e-01
3.830e+00 7.584e-01
3.840e+00 4.929e-01
3.850e+00 8.444e-01
3.860e+00 7.884e-01
3.870e+00 2.509e-01
3.880e+00 2.555e-01
3.890e+00 3.119e-01
3.900e+00 9.528e-01
3.910e+00 7.580e-01
3.920e+00 7.136e-01
3.930e+00 7.053e-01
3.940e+00 3.898e-01
3.950e+00 7.515e-01
3.960e+00 5.677e-01
3.970e+00 4.669e-01
3.980e+00 2.105e-01
3.990e+00 3.833e-01
4.000e+00 7.997e-01
4.010e+00 5.640e-01
4.020e+00 5.540e-01
4.030e+00 4.554e-01
4.040e+00 3.764e-01
4.050e+00 5.264e-01
4.060e+00 5.347e-01
4.070e+00 4.658e-01
4.080e+00 1.884e-01
4.090e+00 4.111e-01
4.100e+00 6.380e-01
4.110e+00 3.598e-01
4.120e+00 6.381e-01
4.130e+00 5.021e-01
4.140e+00 2.773e-01
4.150e+00 3.045e-01
4.160e+00 4.617e-01
4.170e+00 2.895e-01
4.180e+00 4.154e-01
4.190e+00 6.891e-01
4.200e+00 1.607e-02
4.210e+00 4.153e-01
4.220e+00 6.048e-01
4.230e+00 1.191e+00
4.240e+00 8.056e-01
4.250e+00 7.535e-01
4.260e+00 2.717e-01
4.270e+00 3.086e-01
4.280e+00 6.269e-01
4.290e+00 6.631e-01
4.300e+00 5.085e-01
4.310e+00 4.138e-01
4.320e+00 4.427e-01
4.330e+00 6.651e-01
4.340e+00 6.782e-01
4.350e+00 6.599e-02
4.360e+00 6.279e-02
4.370e+00 4.431e-01
4.380e+00 6.837e-01
4.390e+00 5.938e-01
4.400e+00 3.886e-01
4.410e+00 3.281e-01
4.420e+00 6.113e-01
4.430e+00 2.918e-01
4.440e+00 4.340e-01
4.450e+00 3.726e-01
4.460e+00 3.465e-01
4.470e+00 1.354e-01
4.480e+00 3.024e-01
4.490e+00 3.548e-01
4.500e+00 5.267e-01
4.510e+00 7.720e-01
4.520e+00 3.883e-01
4.530e+00 2.478e-01
4.540e+00 3.678e-01
4.550e+00 3.117e-01
4.560e+00 6.412e-01
4.570e+00 5.061e-01
4.580e+00 5.863e-01
4.590e+00 5.004e-01
4.600e+00 6.749e-01
4.610e+00 4.012e-01
4.620e+00 5.256e-01
4.630e+00 5.942e-01
4.640e+00 5.383e-01
4.650e+00 6.869e-01
4.660e+00 5.725e-01
4.670e+00 2.779e-01
4.680e+00 3.446e-01
4.690e+00 1.189e-01
4.700e+00 1.972e-01
4.710e+00 1.444e-01
4.720e+00 2.857e-01
4.730e+00 2.858e-01
4.740e+00 4.547e-01
4.750e+00 4.107e-01
4.760e+00 5.876e-01
4.770e+00 3.462e-01
4.780e+00 3.134e-01
4.790e+00 5.144e-01
4.800e+00 5.428e-01
4.810e+00 4.090e-01
4.820e+00 1.007e+00
4.830e+00 1.251e+00
4.840e+00 8.719e-01
4.850e+00 7.880e-01
4.860e+00 6.428e-01
4.870e+00 6.703e-01
4.880e+00 5.967e-01
4.890e+00 4.947e-01
4.900e+00 6.594e-01
4.910e+00 1.012e+00
4.920e+00 5.444e-01
4.930e+00 2.982e-01
4.940e+00 4.651e-01
4.950e+00 7.339e-01
4.960e+00 1.004e+00
4.970e+00 7.527e-01
4.980e+00 9.195e-01
4.990e+00 7.658e-01
-5.000e+00 1.133e+00
-4.990e+00 8.454e-01
-4.980e+00 7.838e-01
-4.970e+00 4.773e-01
-4.960e+00 5.314e-01
-4.950e+00 3.869e-01
-4.940e+00 2.858e-01
-4.930e+00 2.212e-01
-4.920e+00 1.739e-01
-4.910e+00 2.281e-01
-4.900e+00 1.035e-01
-4.890e+00 -3.670e-02
-4.880e+00 3.697e-01
-4.870e+00 6.955e-01
-4.860e+00 5.300e-01
-4.850e+00 6.079e-01
-4.840e+00 2.082e-01
-4.830e+00 5.582e-01
-4.820e+00 5.586e-01
-4.810e+00 4.595e-01
-4.800e+00 5.443e-01
-4.790e+00 3.843e-01
-4.780e+00 2.266e-01
-4.770e+00 6.716e-02
-4.760e+00 3.550e-01
-4.750e+00 4.192e-01
-4.740e+00 4.180e-01
-4.730e+00 5.951e-01
-4.720e+00 4.868e-01
-4.710e+00 2.817e-01
-4.700e+00 4.623e-01
-4.690e+00 4.416e-01
-4.680e+00 2.620e-01
-4.670e+00 6.921e-01
-4.660e+00 7.301e-01
-4.650e+00 6.836e-01
-4.640e+00 4.686e-01
-4.630e+00 7.631e-01
-4.620e+00 5.134e-01
-4.610e+00 4.993e-01
-4.600e+00 3.335e-01
-4.590e+00 1.955e-01
-4.580e+00 4.692e-01
-4.570e+00 4.271e-01
-4.560e+00 3.455e-01
-4.550e+00 2.193e-01
-4.540e+00 2.525e-01
-4.530e+00 1.953e-01
-4.520e+00 3.127e-01
-4.510e+00 2.244e-01
-4.500e+00 4.147e-01
-4.490e+00 6.805e-01
-4.480e+00 5.221e-01
-4.470e+00 3.964e-01
-4.460e+00 6.958e-01
-4.450e+00 7.859e-01
-4.440e+00 7.853e-01
-4.430e+00 8.078e-01
-4.420e+00 5.791e-01
-4.410e+00 4.713e-01
-4.400e+00 4.295e-01
-4.390e+00 7.898e-01
-4.380e+00 5.810e-01
-4.370e+00 4.673e-01
-4.360e+00 3.655e-01
-4.350e+00 7.854e-01
-4.340e+00 7.384e-01
-4.330e+00 3.032e-01
-4.320e+00 3.098e-01
-4.310e+00 2.199e-01
-4.300e+00 4.823e-01
-4.290e+00 6.990e-01
-4.280e+00 4.289e-01
-4.270e+00 8.929e-02
-4.260e+00 2.378e-01
-4.250e+00 6.629e-01
-4.240e+00 5.120e-01
-4.230e+00 6.751e-01
-4.220e+00 1.346e-01
-4.210e+00 4.585e-01
-4.200e+00 4.021e-01
-4.190e+00 6.137e-01
-4.180e+00 4.438e-01
-4.170e+00 6.357e-01
-4.160e+00 4.281e-01
-4.150e+00 4.386e-01
-4.140e+00 3.287e-01
-4.130e+00 7.233e-01
-4.120e+00 6.958e-01
-4.110e+00 7.035e-01
-4.100e+00 4.973e-01
-4.090e+00 6.510e-01
-4.080e+00 4.104e-01
-4.070e+00 5.139e-01
-4.060e+00 5.523e-01
-4.050e+00 5.404e-01
-4.040e+00 4.506e-01
-4.030e+00 6.934e-01
-4.020e+00 4.602e-01
-4.010e+00 7.147e-01
-4.000e+00 3.651e-01
-3.990e+00 1.761e-01
-3.980e+00 1.468e-01
-3.970e+00 6.367e-01
-3.960e+00 5.440e-01
-3.950e+00 9.949e-01
-3.940e+00 9.254e-01
-3.930e+00 4.082e-01
-3.920e+00 2.852e-01
-3.910e+00 3.684e-01
-3.900e+00 7.866e-01
-3.890e+00 4.270e-01
-3.880e+00 5.749e-01
-3.870e+00 6.748e-01
-3.860e+00 5.696e-01
-3.850e+00 3.327e-01
-3.840e+00 6.179e-01
-3.830e+00 8.380e-01
-3.820e+00 6.884e-01
-3.810e+00 6.569e-01
-3.800e+00 5.650e-01
-3.790e+00 2.738e-01
-3.780e+00 3.737e-01
-3.770e+00 2.600e-01
-3.760e+00 5.737e-01
-3.750e+00 8.341e-01
-3.740e+00 5.942e-01
-3.730e+00 6.893e-01
-3.720e+00 8.392e-01
-3.710e+00 5.901e-01
-3.700e+00 3.038e-01
-3.690e+00 9.444e-02
-3.680e+00 7.249e-02
-3.670e+00 1.187e-01
-3.660e+00 2.530e-01
-3.650e+00 4.237e-01
-3.640e+00 8.993e-01
-3.630e+00 6.026e-01
-3.620e+00 4.047e-01
-3.610e+00 6.684e-01
-3.600e+00 8.014e-01
-3.590e+00 7.374e-01
-3.580e+00 7.085e-01
-3.570e+00 5.857e-01
-3.560e+00 7.669e-01
-3.550e+00 5.024e-01
-3.540e+00 4.255e-01
-3.530e+00 6.876e-01
-3.520e+00 6.401e-01
-3.510e+00 5.789e-01
-3.500e+00 7.306e-01
-3.490e+00 1.179e+00
-3.480e+00 6.851e-01
-3.470e+00 7.671e-01
-3.460e+00 5.636e-01
-3.450e+00 6.120e-01
-3.440e+00 6.590e-01
-3.430e+00 6.283e-01
-3.420e+00 4.608e-01
-3.410e+00 6.536e-01
-3.400e+00 8.344e-01
-3.390e+00 7.242e-01
-3.380e+00 6.899e-01
-3.370e+00 4.929e-01
-3.360e+00 5.147e-01
-3.350e+00 5.156e-01
-3.340e+00 3.438e-01
-3.330e+00 5.005e-01
-3.320e+00 7.555e-01
-3.310e+00 8.200e-01
-3.300e+00 4.909e-01
-3.290e+00 2.017e-01
-3.280e+00 3.501e-01
-3.270e+00 6.013e-01
-3.260e+00 2.791e-01
-3.250e+00 3.195e-01
-3.240e+00 2.182e-01
-3.230e+00 3.323e-01
-3.220e+00 3.246e-01
-3.210e+00 4.837e-01
-3.200e+00 8.329e-01
-3.190e+00 4.847e-01
-3.180e+00 7.050e-01
-3.170e+00 6.377e-01
-3.160e+00 5.393e-01
-3.150e+00 3.175e-01
-3.140e+00 5.285e-01
-3.130e+00 9.312e-04
-3.120e+00 -7.102e-02
-3.110e+00 9.663e-02
-3.100e+00 7.694e-01
-3.090e+00 6.924e-01
-3.080e+00 7.576e-01
-3.070e+00 8.133e-01
-3.060e+00 8.147e-01
-3.050e+00 5.312e-01
-3.040e+00 4.174e-01
-3.030e+00 3.754e-01
-3.020e+00 2.599e-01
-3.010e+00 3.258e-01
-3.000e+00 6.440e-01
-2.990e+00 3.212e-01
-2.980e+00 7.041e-02
-2.970e+00 4.098e-01
-2.960e+00 1.449e-01
-2.950e+00 7.398e-01
-2.940e+00 5.508e-01
-2.930e+00 2.020e-01
-2.920e+00 -2.440e-02
-2.910e+00 2.989e-01
-2.900e+00 2.458e-01
-2.890e+00 6.351e-01
-2.880e+00 6.247e-01
-2.870e+00 3.927e-01
-2.860e+00 6.623e-01
-2.850e+00 7.254e-01
-2.840e+00 1.066e+00
-2.830e+00 3.470e-01
-2.820e+00 6.203e-01
-2.810e+00 6.056e-01
-2.800e+00 6.156e-01
-2.790e+00 3.643e-01
-2.780e+00 4.394e-01
-2.770e+00 5.714e-01
-2.760e+00 5.882e-01
-2.750e+00 7.387e-01
-2.740e+00 6.953e-01
-2.730e+00 8.305e-01
-2.720e+00 2.350e-01
-2.710e+00 1.222e-01
-2.700e+00 8.985e-01
-2.690e+00 6.527e-01
-2.680e+00 5.892e-01
-2.670e+00 9.020e-01
-2.660e+00 3.902e-01
-2.650e+00 2.077e-01
-2.640e+00 1.660e-01
-2.630e+00 4.324e-01
-2.620e+00 4.742e-01
-2.610e+00 2.524e-01
-2.600e+00 4.967e-01
-2.590e+00 6.514e-01
-2.580e+00 8.335e-01
-2.570e+00 8.468e-01
-2.560e+00 9.948e-01
-2.550e+00 1.169e+00
-2.540e+00 7.699e-01
-2.530e+00 4.818e-01
-2.520e+00 4.636e-01
-2.510e+00 1.953e-01
-2.500e+00 3.613e-01
-2.490e+00 5.814e-01
-2.480e+00 -6.309e-02
-2.470e+00 3.696e-01
-2.460e+00 8.011e-01
-2.450e+00 3.424e-01
-2.440e+00 3.436e-01
-2.430e+00 3.921e-01
-2.420e+00 1.219e-01
-2.410e+00 5.922e-01
-2.400e+00 6.333e-01
-2.390e+00 6.256e-01
-2.380e+00 6.526e-01
-2.370e+00 6.418e-01
-2.360e+00 5.931e-01
-2.350e+00 6.957e-01
-2.340e+00 1.068e+00
-2.330e+00 5.832e-01
-2.320e+00 1.250e+00
-2.310e+00 6.533e-01
-2.300e+00 5.198e-01
-2.290e+00 3.737e-01
-2.280e+00 6.652e-01
-2.270e+00 7.184e-01
-2.260e+00 5.872e-01
-2.250e+00 3.933e-01
-2.240e+00 7.016e-01
-2.230e+00 5.005e-01
-2.220e+00 5.036e-01
-2.210e+00 7.002e-01
-2.200e+00 7.528e-01
-2.190e+00 7.214e-01
-2.180e+00 4.774e-01
-2.170e+00 3.591e-01
-2.160e+00 4.559e-01
-2.150e+00 4.405e-01
-2.140e+00 2.418e-01
-2.130e+00 8.716e-01
-2.120e+00 5.729e-01
-2.110e+00 5.675e-01
-2.100e+00 2.798e-01
-2.090e+00 4.140e-01
-2.080e+00 3.319e-01
-2.070e+00 5.016e-01
-2.060e+00 5.038e-01
-2.050e+00 1.541e-01
-2.040e+00 3.387e-01
-2.030e+00 1.997e-01
-2.020e+00 3.758e-01
-2.010e+00 2.832e-01
-2.000e+00 -1.926e-01
-1.990e+00 -2.630e-01
-1.980e+00 3.355e-02
-1.970e+00 6.897e-02
-1.960e+00 3.926e-01
-1.950e+00 6.486e-01
-1.940e+00 8.129e-01
-1.930e+00 8.030e-01
-1.920e+00 8.506e-01
-1.910e+00 4.142e-01
-1.900e+00 -1.196e-01
-1.890e+00 -1.682e-01
-1.880e+00 4.139e-02
-1.870e+00 6.625e-01
-1.860e+00 3.956e-01
-1.850e+00 4.698e-01
-1.840e+00 6.269e-01
-1.830e+00 3.354e-01
-1.820e+00 6.184e-01
-1.810e+00 4.614e-01
-1.800e+00 2.840e-01
-1.790e+00 8.908e-01
-1.780e+00 4.169e-01
-1.770e+00 5.408e-01
-1.760e+00 4.758e-01
-1.750e+00 1.100e+00
-1.740e+00 1.016e+00
-1.730e+00 6.623e-01
-1.720e+00 3.903e-01
-1.710e+00 6.318e-01
-1.700e+00 8.130e-01
-1.690e+00 5.933e-01
-1.680e+00 5.865e-01
-1.670e+00 8.057e-01
-1.660e+00 -3.401e-02
-1.650e+00 4.070e-01
-1.640e+00 1.004e+00
-1.630e+00 1.685e-01
-1.620e+00 6.162e-01
-1.610e+00 7.443e-01
-1.600e+00 7.435e-01
-1.590e+00 3.674e-01
-1.580e+00 7.865e-01
-1.570e+00 5.784e-01
-1.560e+00 2.609e-01
-1.550e+00 1.031e+00
-1.540e+00 5.198e-01
-1.530e+00 6.912e-01
-1.520e+00 8.175e-01
-1.510e+00 1.116e+00
-1.500e+00 1.253e+00
-1.490e+00 1.351e+00
-1.480e+00 9.585e-01
-1.470e+00 5.828e-01
-1.460e+00 5.789e-01
-1.450e+00 2.801e-01
-1.440e+00 8.315e-02
-1.430e+00 1.267e-01
-1.420e+00 5.921e-01
-1.410e+00 -3.013e-01
-1.400e+00 3.615e-02
-1.390e+00 1.851e-01
-1.380e+00 4.731e-02
-1.370e+00 1.832e-01
-1.360e+00 -1.266e-01
-1.350e+00 5.852e-01
-1.340e+00 -4.509e-02
-1.330e+00 7.371e-01
-1.320e+00 3.000e-01
-1.310e+00 2.769e-01
-1.300e+00 -1.151e-01
-1.290e+00 1.633e-01
-1.280e+00 3.553e-02
-1.270e+00 1.102e+00
-1.260e+00 6.838e-01
-1.250e+00 5.701e-01
-1.240e+00 9.697e-01
-1.230e+00 5.158e-01
-1.220e+00 6.435e-02
-1.210e+00 3.822e-01
-1.200e+00 4.911e-01
-1.190e+00 1.067e+00
-1.180e+00 5.274e-01
-1.170e+00 7.672e-01
-1.160e+00 1.474e-01
-1.150e+00 6.540e-01
-1.140e+00 2.436e-02
-1.130e+00 9.602e-01
-1.120e+00 1.386e+00
-1.110e+00 9.150e-01
-1.100e+00 9.045e-01
-1.090e+00 1.001e+00
-1.080e+00 1.155e+00
-1.070e+00 1.242e+00
-1.060e+00 9.204e-01
-1.050e+00 6.233e-01
-1.040e+00 4.575e-01
-1.030e+00 -9.096e-02
-1.020e+00 7.972e-01
-1.010e+00 2.195e-01
-1.000e+00 8.668e-01
-9.900e-01 6.737e-01
-9.800e-01 7.665e-01
-9.700e-01 7.423e-01
-9.600e-01 1.208e+00
-9.500e-01 1.033e+00
-9.400e-01 1.156e+00
-9.300e-01 7.706e-01
-9.200e-01 7.592e-01
-9.100e-01 5.342e-01
-9.000e-01 1.339e-01
-8.900e-01 -9.698e-02
-8.800e-01 6.170e-01
-8.700e-01 7.353e-01
-8.600e-01 8.383e-01
-8.500e-01 2.771e-01
-8.400e-01 3.853e-01
-8.300e-01 4.885e-01
-8.200e-01 2.858e-01
-8.100e-01 5.082e-01
-8.000e-01 5.742e-01
-7.900e-01 3.636e-01
-7.800e-01 5.188e-01
-7.700e-01 5.484e-01
-7.600e-01 1.070e+00
-7.500e-01 6.076e-02
-7.400e-01 1.223e+00
-7.300e-01 4.206e-01
-7.200e-01 8.365e-01
-7.100e-01 2.691e-01
-7.000e-01 7.430e-01
-6.900e-01 2.990e-02
-6.800e-01 -2.012e-01
-6.700e-01 -1.227e-01
-6.600e-01 -3.011e-01
-6.500e-01 5.632e-01
-6.400e-01 6.943e-01
-6.300e-01 -2.984e-01
-6.200e-01 9.032e-01
-6.100e-01 8.732e-01
-6.000e-01 -1.970e-01
-5.900e-01 9.594e-01
-5.800e-01 2.392e-01
-5.700e-01 9.146e-01
-5.600e-01 4.080e-01
-5.500e-01 -1.115e-01
-5.400e-01 3.028e-01
-5.300e-01 2.650e-01
-5.200e-01 4.418e-01
-5.100e-01 8.966e-01
-5.000e-01 6.906e-01
-4.900e-01 -9.804e-02
-4.800e-01 3.872e-01
-4.700e-01 4.546e-01
-4.600e-01 1.882e-01
-4.500e-01 8.800e-01
-4.400e-01 4.012e-01
-4.300e-01 5.382e-01
-4.200e-01 6.213e-01
-4.100e-01 8.141e-01
-4.000e-01 8.721e-01
-3.900e-01 1.788e+00
-3.800e-01 1.638e+00
-3.700e-01 1.942e+00
-3.600e-01 1.726e+00
-3.500e-01 2.485e+00
-3.400e-01 9.262e-01
-3.300e-01 5.632e-01
-3.200e-01 8.281e-01
-3.100e-01 -6.207e-01
-3.000e-01 -3.468e-01
-2.900e-01 1.785e-01
-2.800e-01 1.152e+00
-2.700e-01 1.436e+00
-2.600e-01 9.614e-01
-2.500e-01 6.320e-01
-2.400e-01 2.686e+00
-2.300e-01 -1.079e+00
-2.200e-01 1.864e+00
-2.100e-01 7.033e-01
-2.000e-01 5.995e-01
-1.900e-01 -2.531e-01
-1.800e-01 -3.986e-01
-1.700e-01 7.998e-01
-1.600e-01 3.618e-01
-1.500e-01 2.458e+00
-1.400e-01 2.640e+00
-1.300e-01 1.444e+00
-1.200e-01 -6.792e-01
-1.100e-01 3.082e+00
-1.000e-01 2.277e+00
-9.000e-02 2.984e+00
-8.000e-02 7.012e-01
-7.000e-02 6.443e+00
-6.000e-02 4.123e+00
-5.000e-02 9.795e+00
-4.000e-02 7.188e+00
-3.000e-02 1.580e+01
-2.000e-02 3.568e+01
-1.000e-02 5.775e+01
