# Time (ps)      real(F_0)      im(F_0)
0.000e+00 1.000e+00 0.000e+00
1.000e-01 9.319e-01 0.000e+00
2.000e-01 8.728e-01 0.000e+00
3.000e-01 8.637e-01 0.000e+00
4.000e-01 8.546e-01 0.000e+00
5.000e-01 8.012e-01 0.000e+00
6.000e-01 7.589e-01 0.000e+00
7.000e-01 7.425e-01 0.000e+00
8.000e-01 7.689e-01 0.000e+00
9.000e-01 7.647e-01 0.000e+00
1.000e+00 7.587e-01 0.000e+00
1.100e+00 7.199e-01 0.000e+00
1.200e+00 7.111e-01 0.000e+00
1.300e+00 7.125e-01 0.000e+00
1.400e+00 6.865e-01 0.000e+00
1.500e+00 6.644e-01 0.000e+00
1.600e+00 6.722e-01 0.000e+00
1.700e+00 6.558e-01 0.000e+00
1.800e+00 6.480e-01 0.000e+00
1.900e+00 6.668e-01 0.000e+00
2.000e+00 6.602e-01 0.000e+00
2.100e+00 6.218e-01 0.000e+00
2.200e+00 6.228e-01 0.000e+00
2.300e+00 6.114e-01 0.000e+00
2.400e+00 6.268e-01 0.000e+00
2.500e+00 6.248e-01 0.000e+00
2.600e+00 6.466e-01 0.000e+00
2.700e+00 6.194e-01 0.000e+00
2.800e+00 5.939e-01 0.000e+00
2.900e+00 5.873e-01 0.000e+00
3.000e+00 5.901e-01 0.000e+00
3.100e+00 5.473e-01 0.000e+00
3.200e+00 5.479e-01 0.000e+00
3.300e+00 5.663e-01 0.000e+00
3.400e+00 5.383e-01 0.000e+00
3.500e+00 5.376e-01 0.000e+00
3.600e+00 5.385e-01 0.000e+00
3.700e+00 5.413e-01 0.000e+00
3.800e+00 5.087e-01 0.000e+00
3.900e+00 5.084e-01 0.000e+00
4.000e+00 5.128e-01 0.000e+00
4.100e+00 5.306e-01 0.000e+00
4.200e+00 5.229e-01 0.000e+00
4.300e+00 5.035e-01 0.000e+00
4.400e+00 4.917e-01 0.000e+00
4.500e+00 4.968e-01 0.000e+00
4.600e+00 5.053e-01 0.000e+00
4.700e+00 4.869e-01 0.000e+00
4.800e+00 4.712e-01 0.000e+00
4.900e+00 4.752e-01 0.000e+00
5.000e+00 4.694e-01 0.000e+00
5.100e+00 4.750e-01 0.000e+00
5.200e+00 4.775e-01 0.000e+00
5.300e+00 4.938e-01 0.000e+00
5.400e+00 4.760e-01 0.000e+00
5.500e+00 4.873e-01 0.000e+00
5.600e+00 4.841e-01 0.000e+00
5.700e+00 4.588e-01 0.000e+00
5.800e+00 4.551e-01 0.000e+00
5.900e+00 4.769e-01 0.000e+00
6.000e+00 4.487e-01 0.000e+00
6.100e+00 4.243e-01 0.000e+00
6.200e+00 4.327e-01 0.000e+00
6.300e+00 4.385e-01 0.000e+00
6.400e+00 4.131e-01 0.000e+00
6.500e+00 4.601e-01 0.000e+00
6.600e+00 4.278e-01 0.000e+00
6.700e+00 4.282e-01 0.000e+00
6.800e+00 4.251e-01 0.000e+00
6.900e+00 4.131e-01 0.000e+00
7.000e+00 4.351e-01 0.000e+00
7.100e+00 4.086e-01 0.000e+00
7.200e+00 3.884e-01 0.000e+00
7.300e+00 3.980e-01 0.000e+00
7.400e+00 4.114e-01 0.000e+00
7.500e+00 4.173e-01 0.000e+00
7.600e+00 4.121e-01 0.000e+00
7.700e+00 3.821e-01 0.000e+00
7.800e+00 3.948e-01 0.000e+00
7.900e+00 3.952e-01 0.000e+00
8.000e+00 4.229e-01 0.000e+00
8.100e+00 3.981e-01 0.000e+00
8.200e+00 4.123e-01 0.000e+00
8.300e+00 3.833e-01 0.000e+00
8.400e+00 3.954e-01 0.000e+00
8.500e+00 4.134e-01 0.000e+00
8.600e+00 4.013e-01 0.000e+00
8.700e+00 4.152e-01 0.000e+00
8.800e+00 4.090e-01 0.000e+00
8.900e+00 4.011e-01 0.000e+00
9.000e+00 3.768e-01 0.000e+00
9.100e+00 4.030e-01 0.000e+00
9.200e+00 3.807e-01 0.000e+00
9.300e+00 3.787e-01 0.000e+00
9.400e+00 3.692e-01 0.000e+00
9.500e+00 3.813e-01 0.000e+00
9.600e+00 3.784e-01 0.000e+00
9.700e+00 3.705e-01 0.000e+00
9.800e+00 3.704e-01 0.000e+00
9.900e+00 3.630e-01 0.000e+00
1.000e+01 3.738e-01 0.000e+00
1.010e+01 3.704e-01 0.000e+00
1.020e+01 3.618e-01 0.000e+00
1.030e+01 3.466e-01 0.000e+00
1.040e+01 3.662e-01 0.000e+00
1.050e+01 3.415e-01 0.000e+00
1.060e+01 3.413e-01 0.000e+00
1.070e+01 3.265e-01 0.000e+00
1.080e+01 3.449e-01 0.000e+00
1.090e+01 3.332e-01 0.000e+00
1.100e+01 3.289e-01 0.000e+00
1.110e+01 3.075e-01 0.000e+00
1.120e+01 2.921e-01 0.000e+00
1.130e+01 3.141e-01 0.000e+00
1.140e+01 3.172e-01 0.000e+00
1.150e+01 3.183e-01 0.000e+00
1.160e+01 3.146e-01 0.000e+00
1.170e+01 3.109e-01 0.000e+00
1.180e+01 3.238e-01 0.000e+00
1.190e+01 3.075e-01 0.000e+00
1.200e+01 3.323e-01 0.000e+00
1.210e+01 3.214e-01 0.000e+00
1.220e+01 3.008e-01 0.000e+00
1.230e+01 2.803e-01 0.000e+00
1.240e+01 2.961e-01 0.000e+00
1.250e+01 2.965e-01 0.000e+00
1.260e+01 3.001e-01 0.000e+00
1.270e+01 3.127e-01 0.000e+00
1.280e+01 2.980e-01 0.000e+00
1.290e+01 3.042e-01 0.000e+00
1.300e+01 2.860e-01 0.000e+00
1.310e+01 2.723e-01 0.000e+00
1.320e+01 2.734e-01 0.000e+00
1.330e+01 2.924e-01 0.000e+00
1.340e+01 2.662e-01 0.000e+00
1.350e+01 2.676e-01 0.000e+00
1.360e+01 2.834e-01 0.000e+00
1.370e+01 2.821e-01 0.000e+00
1.380e+01 2.852e-01 0.000e+00
1.390e+01 2.804e-01 0.000e+00
1.400e+01 2.781e-01 0.000e+00
1.410e+01 2.902e-01 0.000e+00
1.420e+01 2.808e-01 0.000e+00
1.430e+01 2.964e-01 0.000e+00
1.440e+01 2.741e-01 0.000e+00
1.450e+01 2.519e-01 0.000e+00
1.460e+01 2.343e-01 0.000e+00
1.470e+01 2.304e-01 0.000e+00
1.480e+01 2.244e-01 0.000e+00
1.490e+01 2.260e-01 0.000e+00
1.500e+01 2.268e-01 0.000e+00
1.510e+01 2.299e-01 0.000e+00
1.520e+01 2.147e-01 0.000e+00
1.530e+01 2.139e-01 0.000e+00
1.540e+01 2.255e-01 0.000e+00
1.550e+01 2.290e-01 0.000e+00
1.560e+01 2.209e-01 0.000e+00
1.570e+01 2.043e-01 0.000e+00
1.580e+01 2.044e-01 0.000e+00
1.590e+01 2.162e-01 0.000e+00
1.600e+01 2.181e-01 0.000e+00
1.610e+01 2.007e-01 0.000e+00
1.620e+01 2.039e-01 0.000e+00
1.630e+01 2.291e-01 0.000e+00
1.640e+01 2.002e-01 0.000e+00
1.650e+01 2.313e-01 0.000e+00
1.660e+01 2.154e-01 0.000e+00
1.670e+01 2.039e-01 0.000e+00
1.680e+01 2.272e-01 0.000e+00
1.690e+01 2.126e-01 0.000e+00
1.700e+01 2.195e-01 0.000e+00
1.710e+01 1.980e-01 0.000e+00
1.720e+01 1.718e-01 0.000e+00
1.730e+01 1.990e-01 0.000e+00
1.740e+01 2.119e-01 0.000e+00
1.750e+01 2.338e-01 0.000e+00
1.760e+01 2.254e-01 0.000e+00
1.770e+01 2.011e-01 0.000e+00
1.780e+01 2.149e-01 0.000e+00
1.790e+01 1.897e-01 0.000e+00
1.800e+01 2.101e-01 0.000e+00
1.810e+01 2.054e-01 0.000e+00
1.820e+01 2.317e-01 0.000e+00
1.830e+01 2.085e-01 0.000e+00
1.840e+01 2.001e-01 0.000e+00
1.850e+01 1.925e-01 0.000e+00
1.860e+01 2.004e-01 0.000e+00
1.870e+01 2.225e-01 0.000e+00
1.880e+01 2.067e-01 0.000e+00
1.890e+01 2.073e-01 0.000e+00
1.900e+01 2.113e-01 0.000e+00
1.910e+01 2.165e-01 0.000e+00
1.920e+01 2.126e-01 0.000e+00
1.930e+01 2.476e-01 0.000e+00
1.940e+01 2.303e-01 0.000e+00
1.950e+01 2.353e-01 0.000e+00
1.960e+01 2.014e-01 0.000e+00
1.970e+01 2.079e-01 0.000e+00
1.980e+01 2.256e-01 0.000e+00
1.990e+01 1.988e-01 0.000e+00
2.000e+01 2.175e-01 0.000e+00
2.010e+01 2.152e-01 0.000e+00
2.020e+01 2.188e-01 0.000e+00
2.030e+01 2.160e-01 0.000e+00
2.040e+01 2.372e-01 0.000e+00
2.050e+01 2.133e-01 0.000e+00
2.060e+01 1.967e-01 0.000e+00
2.070e+01 1.882e-01 0.000e+00
2.080e+01 1.938e-01 0.000e+00
2.090e+01 1.973e-01 0.000e+00
2.100e+01 1.886e-01 0.000e+00
2.110e+01 1.737e-01 0.000e+00
2.120e+01 1.641e-01 0.000e+00
2.130e+01 1.800e-01 0.000e+00
2.140e+01 1.669e-01 0.000e+00
2.150e+01 1.687e-01 0.000e+00
2.160e+01 1.671e-01 0.000e+00
2.170e+01 1.605e-01 0.000e+00
2.180e+01 1.721e-01 0.000e+00
2.190e+01 1.652e-01 0.000e+00
2.200e+01 1.645e-01 0.000e+00
2.210e+01 1.813e-01 0.000e+00
2.220e+01 1.637e-01 0.000e+00
2.230e+01 1.441e-01 0.000e+00
2.240e+01 1.483e-01 0.000e+00
2.250e+01 1.548e-01 0.000e+00
2.260e+01 1.752e-01 0.000e+00
2.270e+01 1.782e-01 0.000e+00
2.280e+01 1.886e-01 0.000e+00
2.290e+01 1.695e-01 0.000e+00
2.300e+01 1.619e-01 0.000e+00
2.310e+01 1.570e-01 0.000e+00
2.320e+01 1.531e-01 0.000e+00
2.330e+01 1.544e-01 0.000e+00
2.340e+01 1.432e-01 0.000e+00
2.350e+01 1.373e-01 0.000e+00
2.360e+01 1.430e-01 0.000e+00
2.370e+01 1.474e-01 0.000e+00
2.380e+01 1.378e-01 0.000e+00
2.390e+01 1.385e-01 0.000e+00
2.400e+01 1.437e-01 0.000e+00
2.410e+01 1.474e-01 0.000e+00
2.420e+01 1.465e-01 0.000e+00
2.430e+01 1.419e-01 0.000e+00
2.440e+01 1.496e-01 0.000e+00
2.450e+01 1.246e-01 0.000e+00
2.460e+01 1.229e-01 0.000e+00
2.470e+01 1.031e-01 0.000e+00
2.480e+01 1.238e-01 0.000e+00
2.490e+01 1.137e-01 0.000e+00
2.500e+01 1.189e-01 0.000e+00
2.510e+01 1.242e-01 0.000e+00
2.520e+01 1.178e-01 0.000e+00
2.530e+01 1.145e-01 0.000e+00
2.540e+01 1.218e-01 0.000e+00
2.550e+01 1.346e-01 0.000e+00
2.560e+01 1.201e-01 0.000e+00
2.570e+01 1.266e-01 0.000e+00
2.580e+01 1.404e-01 0.000e+00
2.590e+01 1.335e-01 0.000e+00
2.600e+01 1.376e-01 0.000e+00
2.610e+01 1.337e-01 0.000e+00
2.620e+01 1.398e-01 0.000e+00
2.630e+01 1.501e-01 0.000e+00
2.640e+01 1.413e-01 0.000e+00
2.650e+01 1.454e-01 0.000e+00
2.660e+01 1.397e-01 0.000e+00
2.670e+01 1.345e-01 0.000e+00
2.680e+01 1.336e-01 0.000e+00
2.690e+01 1.313e-01 0.000e+00
2.700e+01 1.477e-01 0.000e+00
2.710e+01 1.391e-01 0.000e+00
2.720e+01 1.308e-01 0.000e+00
2.730e+01 1.379e-01 0.000e+00
2.740e+01 1.467e-01 0.000e+00
2.750e+01 1.363e-01 0.000e+00
2.760e+01 1.408e-01 0.000e+00
2.770e+01 1.342e-01 0.000e+00
2.780e+01 1.333e-01 0.000e+00
2.790e+01 1.228e-01 0.000e+00
2.800e+01 1.274e-01 0.000e+00
2.810e+01 1.283e-01 0.000e+00
2.820e+01 1.412e-01 0.000e+00
2.830e+01 1.333e-01 0.000e+00
2.840e+01 1.182e-01 0.000e+00
2.850e+01 1.148e-01 0.000e+00
2.860e+01 1.194e-01 0.000e+00
2.870e+01 1.350e-01 0.000e+00
2.880e+01 1.260e-01 0.000e+00
2.890e+01 1.271e-01 0.000e+00
2.900e+01 1.212e-01 0.000e+00
2.910e+01 1.273e-01 0.000e+00
2.920e+01 1.295e-01 0.000e+00
2.930e+01 1.346e-01 0.000e+00
2.940e+01 1.220e-01 0.000e+00
2.950e+01 1.168e-01 0.000e+00
2.960e+01 1.086e-01 0.000e+00
2.970e+01 1.178e-01 0.000e+00
2.980e+01 1.158e-01 0.000e+00
2.990e+01 1.141e-01 0.000e+00
3.000e+01 1.248e-01 0.000e+00
3.010e+01 1.228e-01 0.000e+00
3.020e+01 1.140e-01 0.000e+00
3.030e+01 1.134e-01 0.000e+00
3.040e+01 1.231e-01 0.000e+00
3.050e+01 1.188e-01 0.000e+00
3.060e+01 1.148e-01 0.000e+00
3.070e+01 1.046e-01 0.000e+00
3.080e+01 9.923e-02 0.000e+00
3.090e+01 1.054e-01 0.000e+00
3.100e+01 9.854e-02 0.000e+00
3.110e+01 9.788e-02 0.000e+00
3.120e+01 9.903e-02 0.000e+00
3.130e+01 9.649e-02 0.000e+00
3.140e+01 9.666e-02 0.000e+00
3.150e+01 9.585e-02 0.000e+00
3.160e+01 9.442e-02 0.000e+00
3.170e+01 1.018e-01 0.000e+00
3.180e+01 9.907e-02 0.000e+00
3.190e+01 9.416e-02 0.000e+00
3.200e+01 1.085e-01 0.000e+00
3.210e+01 1.053e-01 0.000e+00
3.220e+01 9.805e-02 0.000e+00
3.230e+01 9.620e-02 0.000e+00
3.240e+01 9.062e-02 0.000e+00
3.250e+01 9.688e-02 0.000e+00
3.260e+01 1.051e-01 0.000e+00
3.270e+01 1.025e-01 0.000e+00
3.280e+01 1.032e-01 0.000e+00
3.290e+01 9.519e-02 0.000e+00
3.300e+01 9.184e-02 0.000e+00
3.310e+01 9.048e-02 0.000e+00
3.320e+01 8.774e-02 0.000e+00
3.330e+01 9.167e-02 0.000e+00
3.340e+01 9.865e-02 0.000e+00
3.350e+01 9.162e-02 0.000e+00
3.360e+01 8.851e-02 0.000e+00
3.370e+01 8.683e-02 0.000e+00
3.380e+01 9.000e-02 0.000e+00
3.390e+01 8.459e-02 0.000e+00
3.400e+01 7.902e-02 0.000e+00
3.410e+01 7.633e-02 0.000e+00
3.420e+01 8.324e-02 0.000e+00
3.430e+01 8.038e-02 0.000e+00
3.440e+01 8.280e-02 0.000e+00
3.450e+01 7.174e-02 0.000e+00
3.460e+01 6.529e-02 0.000e+00
3.470e+01 6.213e-02 0.000e+00
3.480e+01 5.948e-02 0.000e+00
3.490e+01 6.112e-02 0.000e+00
3.500e+01 6.466e-02 0.000e+00
3.510e+01 7.005e-02 0.000e+00
3.520e+01 7.059e-02 0.000e+00
3.530e+01 6.786e-02 0.000e+00
3.540e+01 7.378e-02 0.000e+00
3.550e+01 7.805e-02 0.000e+00
3.560e+01 7.938e-02 0.000e+00
3.570e+01 7.148e-02 0.000e+00
3.580e+01 6.859e-02 0.000e+00
3.590e+01 7.193e-02 0.000e+00
3.600e+01 7.612e-02 0.000e+00
3.610e+01 7.161e-02 0.000e+00
3.620e+01 7.996e-02 0.000e+00
3.630e+01 8.008e-02 0.000e+00
3.640e+01 6.686e-02 0.000e+00
3.650e+01 6.551e-02 0.000e+00
3.660e+01 7.994e-02 0.000e+00
3.670e+01 7.555e-02 0.000e+00
3.680e+01 7.699e-02 0.000e+00
3.690e+01 7.745e-02 0.000e+00
3.700e+01 8.297e-02 0.000e+00
3.710e+01 8.238e-02 0.000e+00
3.720e+01 7.704e-02 0.000e+00
3.730e+01 7.640e-02 0.000e+00
3.740e+01 9.111e-02 0.000e+00
3.750e+01 8.259e-02 0.000e+00
3.760e+01 7.281e-02 0.000e+00
3.770e+01 6.400e-02 0.000e+00
3.780e+01 6.853e-02 0.000e+00
3.790e+01 6.194e-02 0.000e+00
3.800e+01 6.594e-02 0.000e+00
3.810e+01 6.905e-02 0.000e+00
3.820e+01 7.535e-02 0.000e+00
3.830e+01 6.564e-02 0.000e+00
3.840e+01 4.790e-02 0.000e+00
3.850e+01 5.528e-02 0.000e+00
3.860e+01 5.164e-02 0.000e+00
3.870e+01 7.393e-02 0.000e+00
3.880e+01 6.299e-02 0.000e+00
3.890e+01 6.897e-02 0.000e+00
3.900e+01 7.334e-02 0.000e+00
3.910e+01 6.259e-02 0.000e+00
3.920e+01 6.449e-02 0.000e+00
3.930e+01 6.597e-02 0.000e+00
3.940e+01 6.956e-02 0.000e+00
3.950e+01 8.077e-02 0.000e+00
3.960e+01 7.727e-02 0.000e+00
3.970e+01 9.166e-02 0.000e+00
3.980e+01 8.542e-02 0.000e+00
3.990e+01 8.611e-02 0.000e+00
4.000e+01 8.324e-02 0.000e+00
4.010e+01 7.489e-02 0.000e+00
4.020e+01 6.659e-02 0.000e+00
4.030e+01 7.474e-02 0.000e+00
4.040e+01 8.225e-02 0.000e+00
4.050e+01 8.675e-02 0.000e+00
4.060e+01 8.421e-02 0.000e+00
4.070e+01 6.536e-02 0.000e+00
4.080e+01 4.518e-02 0.000e+00
4.090e+01 5.814e-02 0.000e+00
4.100e+01 5.816e-02 0.000e+00
4.110e+01 5.866e-02 0.000e+00
4.120e+01 5.465e-02 0.000e+00
4.130e+01 5.165e-02 0.000e+00
4.140e+01 4.776e-02 0.000e+00
4.150e+01 4.571e-02 0.000e+00
4.160e+01 4.995e-02 0.000e+00
4.170e+01 5.281e-02 0.000e+00
4.180e+01 5.181e-02 0.000e+00
4.190e+01 5.452e-02 0.000e+00
4.200e+01 5.888e-02 0.000e+00
4.210e+01 5.703e-02 0.000e+00
4.220e+01 5.585e-02 0.000e+00
4.230e+01 6.029e-02 0.000e+00
4.240e+01 4.613e-02 0.000e+00
4.250e+01 5.846e-02 0.000e+00
4.260e+01 7.068e-02 0.000e+00
4.270e+01 6.883e-02 0.000e+00
4.280e+01 6.822e-02 0.000e+00
4.290e+01 5.761e-02 0.000e+00
4.300e+01 6.408e-02 0.000e+00
4.310e+01 5.669e-02 0.000e+00
4.320e+01 5.665e-02 0.000e+00
4.330e+01 6.054e-02 0.000e+00
4.340e+01 6.362e-02 0.000e+00
4.350e+01 5.028e-02 0.000e+00
4.360e+01 4.622e-02 0.000e+00
4.370e+01 4.935e-02 0.000e+00
4.380e+01 5.693e-02 0.000e+00
4.390e+01 4.424e-02 0.000e+00
4.400e+01 5.017e-02 0.000e+00
4.410e+01 4.652e-02 0.000e+00
4.420e+01 4.112e-02 0.000e+00
4.430e+01 4.632e-02 0.000e+00
4.440e+01 5.447e-02 0.000e+00
4.450e+01 4.304e-02 0.000e+00
4.460e+01 3.846e-02 0.000e+00
4.470e+01 3.592e-02 0.000e+00
4.480e+01 2.995e-02 0.000e+00
4.490e+01 3.407e-02 0.000e+00
4.500e+01 4.379e-02 0.000e+00
4.510e+01 5.756e-02 0.000e+00
4.520e+01 5.751e-02 0.000e+00
4.530e+01 3.788e-02 0.000e+00
4.540e+01 4.488e-02 0.000e+00
4.550e+01 5.973e-02 0.000e+00
4.560e+01 5.905e-02 0.000e+00
4.570e+01 5.013e-02 0.000e+00
4.580e+01 4.672e-02 0.000e+00
4.590e+01 4.093e-02 0.000e+00
4.600e+01 5.302e-02 0.000e+00
4.610e+01 4.339e-02 0.000e+00
4.620e+01 4.219e-02 0.000e+00
4.630e+01 5.093e-02 0.000e+00
4.640e+01 3.772e-02 0.000e+00
4.650e+01 3.884e-02 0.000e+00
4.660e+01 5.787e-02 0.000e+00
4.670e+01 5.067e-02 0.000e+00
4.680e+01 5.465e-02 0.000e+00
4.690e+01 4.812e-02 0.000e+00
4.700e+01 5.417e-02 0.000e+00
4.710e+01 6.098e-02 0.000e+00
4.720e+01 5.913e-02 0.000e+00
4.730e+01 4.670e-02 0.000e+00
4.740e+01 5.333e-02 0.000e+00
4.750e+01 4.450e-02 0.000e+00
4.760e+01 3.239e-02 0.000e+00
4.770e+01 3.329e-02 0.000e+00
4.780e+01 4.810e-02 0.000e+00
4.790e+01 5.343e-02 0.000e+00
4.800e+01 4.598e-02 0.000e+00
4.810e+01 4.287e-02 0.000e+00
4.820e+01 4.275e-02 0.000e+00
4.830e+01 4.170e-02 0.000e+00
4.840e+01 2.675e-02 0.000e+00
4.850e+01 3.641e-02 0.000e+00
4.860e+01 3.407e-02 0.000e+00
4.870e+01 3.971e-02 0.000e+00
4.880e+01 3.723e-02 0.000e+00
4.890e+01 4.153e-02 0.000e+00
4.900e+01 4.299e-02 0.000e+00
4.910e+01 3.338e-02 0.000e+00
4.920e+01 3.629e-02 0.000e+00
4.930e+01 1.387e-02 0.000e+00
4.940e+01 2.138e-02 0.000e+00
4.950e+01 4.407e-02 0.000e+00
4.960e+01 3.702e-02 0.000e+00
4.970e+01 3.792e-02 0.000e+00
4.980e+01 3.960e-02 0.000e+00
4.990e+01 3.450e-02 0.000e+00
5.000e+01 3.381e-02 0.000e+00
5.010e+01 2.857e-02 0.000e+00
5.020e+01 1.817e-02 0.000e+00
5.030e+01 2.893e-02 0.000e+00
5.040e+01 3.518e-02 0.000e+00
5.050e+01 3.634e-02 0.000e+00
5.060e+01 4.322e-02 0.000e+00
5.070e+01 3.233e-02 0.000e+00
5.080e+01 2.612e-02 0.000e+00
5.090e+01 3.008e-02 0.000e+00
5.100e+01 3.555e-02 0.000e+00
5.110e+01 3.825e-02 0.000e+00
5.120e+01 4.089e-02 0.000e+00
5.130e+01 4.579e-02 0.000e+00
5.140e+01 5.533e-02 0.000e+00
5.150e+01 4.587e-02 0.000e+00
5.160e+01 4.271e-02 0.000e+00
5.170e+01 4.873e-02 0.000e+00
5.180e+01 5.374e-02 0.000e+00
5.190e+01 4.886e-02 0.000e+00
5.200e+01 4.628e-02 0.000e+00
5.210e+01 4.596e-02 0.000e+00
5.220e+01 4.838e-02 0.000e+00
5.230e+01 5.199e-02 0.000e+00
5.240e+01 3.791e-02 0.000e+00
5.250e+01 4.365e-02 0.000e+00
5.260e+01 6.638e-02 0.000e+00
5.270e+01 6.906e-02 0.000e+00
5.280e+01 7.158e-02 0.000e+00
5.290e+01 5.728e-02 0.000e+00
5.300e+01 6.397e-02 0.000e+00
5.310e+01 5.188e-02 0.000e+00
5.320e+01 6.132e-02 0.000e+00
5.330e+01 6.035e-02 0.000e+00
5.340e+01 4.769e-02 0.000e+00
5.350e+01 5.478e-02 0.000e+00
5.360e+01 5.814e-02 0.000e+00
5.370e+01 5.012e-02 0.000e+00
5.380e+01 5.886e-02 0.000e+00
5.390e+01 4.934e-02 0.000e+00
5.400e+01 6.772e-02 0.000e+00
5.410e+01 6.508e-02 0.000e+00
5.420e+01 5.322e-02 0.000e+00
5.430e+01 5.861e-02 0.000e+00
5.440e+01 5.567e-02 0.000e+00
5.450e+01 5.177e-02 0.000e+00
5.460e+01 6.386e-02 0.000e+00
5.470e+01 5.949e-02 0.000e+00
5.480e+01 6.680e-02 0.000e+00
5.490e+01 5.177e-02 0.000e+00
5.500e+01 4.351e-02 0.000e+00
5.510e+01 6.154e-02 0.000e+00
5.520e+01 6.038e-02 0.000e+00
5.530e+01 5.492e-02 0.000e+00
5.540e+01 5.881e-02 0.000e+00
5.550e+01 5.979e-02 0.000e+00
5.560e+01 7.394e-02 0.000e+00
5.570e+01 6.253e-02 0.000e+00
5.580e+01 5.622e-02 0.000e+00
5.590e+01 5.215e-02 0.000e+00
5.600e+01 5.974e-02 0.000e+00
5.610e+01 5.811e-02 0.000e+00
5.620e+01 6.098e-02 0.000e+00
5.630e+01 5.607e-02 0.000e+00
5.640e+01 6.648e-02 0.000e+00
5.650e+01 6.036e-02 0.000e+00
5.660e+01 5.764e-02 0.000e+00
5.670e+01 6.392e-02 0.000e+00
5.680e+01 7.271e-02 0.000e+00
5.690e+01 6.348e-02 0.000e+00
5.700e+01 5.800e-02 0.000e+00
5.710e+01 6.849e-02 0.000e+00
5.720e+01 5.180e-02 0.000e+00
5.730e+01 5.147e-02 0.000e+00
5.740e+01 5.439e-02 0.000e+00
5.750e+01 5.406e-02 0.000e+00
5.760e+01 4.914e-02 0.000e+00
5.770e+01 4.921e-02 0.000e+00
5.780e+01 5.067e-02 0.000e+00
5.790e+01 5.598e-02 0.000e+00
5.800e+01 3.897e-02 0.000e+00
5.810e+01 5.173e-02 0.000e+00
5.820e+01 5.105e-02 0.000e+00
5.830e+01 5.395e-02 0.000e+00
5.840e+01 4.965e-02 0.000e+00
5.850e+01 4.135e-02 0.000e+00
5.860e+01 4.183e-02 0.000e+00
5.870e+01 4.574e-02 0.000e+00
5.880e+01 3.594e-02 0.000e+00
5.890e+01 3.482e-02 0.000e+00
5.900e+01 5.392e-02 0.000e+00
5.910e+01 3.922e-02 0.000e+00
5.920e+01 3.603e-02 0.000e+00
5.930e+01 4.070e-02 0.000e+00
5.940e+01 3.545e-02 0.000e+00
5.950e+01 2.521e-02 0.000e+00
5.960e+01 2.398e-02 0.000e+00
5.970e+01 2.360e-02 0.000e+00
5.980e+01 3.010e-02 0.000e+00
5.990e+01 1.805e-02 0.000e+00
6.000e+01 1.017e-02 0.000e+00
6.010e+01 1.925e-02 0.000e+00
6.020e+01 2.418e-02 0.000e+00
6.030e+01 1.709e-02 0.000e+00
6.040e+01 2.298e-02 0.000e+00
6.050e+01 1.441e-02 0.000e+00
6.060e+01 1.667e-02 0.000e+00
6.070e+01 1.838e-02 0.000e+00
6.080e+01 1.091e-02 0.000e+00
6.090e+01 1.394e-02 0.000e+00
6.100e+01 1.634e-02 0.000e+00
6.110e+01 2.311e-02 0.000e+00
6.120e+01 2.668e-02 0.000e+00
6.130e+01 2.634e-02 0.000e+00
6.140e+01 1.884e-02 0.000e+00
6.150e+01 1.724e-02 0.000e+00
6.160e+01 8.579e-03 0.000e+00
6.170e+01 2.875e-02 0.000e+00
6.180e+01 3.501e-02 0.000e+00
6.190e+01 3.148e-02 0.000e+00
6.200e+01 3.398e-02 0.000e+00
6.210e+01 2.944e-02 0.000e+00
6.220e+01 2.625e-02 0.000e+00
6.230e+01 2.955e-02 0.000e+00
6.240e+01 2.972e-02 0.000e+00
6.250e+01 2.286e-02 0.000e+00
6.260e+01 1.778e-02 0.000e+00
6.270e+01 2.959e-02 0.000e+00
6.280e+01 3.358e-02 0.000e+00
6.290e+01 3.300e-02 0.000e+00
6.300e+01 3.436e-02 0.000e+00
6.310e+01 3.029e-02 0.000e+00
6.320e+01 3.476e-02 0.000e+00
6.330e+01 3.305e-02 0.000e+00
6.340e+01 2.815e-02 0.000e+00
6.350e+01 3.208e-02 0.000e+00
6.360e+01 3.029e-02 0.000e+00
6.370e+01 2.679e-02 0.000e+00
6.380e+01 3.032e-02 0.000e+00
6.390e+01 3.660e-02 0.000e+00
6.400e+01 3.920e-02 0.000e+00
6.410e+01 3.092e-02 0.000e+00
6.420e+01 2.218e-02 0.000e+00
6.430e+01 2.570e-02 0.000e+00
6.440e+01 3.012e-02 0.000e+00
6.450e+01 2.190e-02 0.000e+00
6.460e+01 2.951e-02 0.000e+00
6.470e+01 3.147e-02 0.000e+00
6.480e+01 2.404e-02 0.000e+00
6.490e+01 2.114e-02 0.000e+00
6.500e+01 2.438e-02 0.000e+00
6.510e+01 2.902e-02 0.000e+00
6.520e+01 3.024e-02 0.000e+00
6.530e+01 2.818e-02 0.000e+00
6.540e+01 3.001e-02 0.000e+00
6.550e+01 2.978e-02 0.000e+00
6.560e+01 3.079e-02 0.000e+00
6.570e+01 3.152e-02 0.000e+00
6.580e+01 3.183e-02 0.000e+00
6.590e+01 2.764e-02 0.000e+00
6.600e+01 3.498e-02 0.000e+00
6.610e+01 3.194e-02 0.000e+00
6.620e+01 3.958e-02 0.000e+00
6.630e+01 3.629e-02 0.000e+00
6.640e+01 3.835e-02 0.000e+00
6.650e+01 3.374e-02 0.000e+00
6.660e+01 3.421e-02 0.000e+00
6.670e+01 3.272e-02 0.000e+00
6.680e+01 3.205e-02 0.000e+00
6.690e+01 3.037e-02 0.000e+00
6.700e+01 3.216e-02 0.000e+00
6.710e+01 3.544e-02 0.000e+00
6.720e+01 3.606e-02 0.000e+00
6.730e+01 3.379e-02 0.000e+00
6.740e+01 3.485e-02 0.000e+00
6.750e+01 3.210e-02 0.000e+00
6.760e+01 3.269e-02 0.000e+00
6.770e+01 3.116e-02 0.000e+00
6.780e+01 2.727e-02 0.000e+00
6.790e+01 2.715e-02 0.000e+00
6.800e+01 2.832e-02 0.000e+00
6.810e+01 2.725e-02 0.000e+00
6.820e+01 2.888e-02 0.000e+00
6.830e+01 2.802e-02 0.000e+00
6.840e+01 3.104e-02 0.000e+00
6.850e+01 2.979e-02 0.000e+00
6.860e+01 3.202e-02 0.000e+00
6.870e+01 2.993e-02 0.000e+00
6.880e+01 3.178e-02 0.000e+00
6.890e+01 2.784e-02 0.000e+00
6.900e+01 3.301e-02 0.000e+00
6.910e+01 2.930e-02 0.000e+00
6.920e+01 2.958e-02 0.000e+00
6.930e+01 2.656e-02 0.000e+00
6.940e+01 2.511e-02 0.000e+00
6.950e+01 2.261e-02 0.000e+00
6.960e+01 2.325e-02 0.000e+00
6.970e+01 2.514e-02 0.000e+00
6.980e+01 2.425e-02 0.000e+00
6.990e+01 1.760e-02 0.000e+00
7.000e+01 1.479e-02 0.000e+00
7.010e+01 1.676e-02 0.000e+00
7.020e+01 1.398e-02 0.000e+00
7.030e+01 1.982e-02 0.000e+00
7.040e+01 2.039e-02 0.000e+00
7.050e+01 1.770e-02 0.000e+00
7.060e+01 1.710e-02 0.000e+00
7.070e+01 1.879e-02 0.000e+00
7.080e+01 1.981e-02 0.000e+00
7.090e+01 2.031e-02 0.000e+00
7.100e+01 2.005e-02 0.000e+00
7.110e+01 1.669e-02 0.000e+00
7.120e+01 2.106e-02 0.000e+00
7.130e+01 2.225e-02 0.000e+00
7.140e+01 2.024e-02 0.000e+00
7.150e+01 2.016e-02 0.000e+00
7.160e+01 1.828e-02 0.000e+00
7.170e+01 2.274e-02 0.000e+00
7.180e+01 2.712e-02 0.000e+00
7.190e+01 2.564e-02 0.000e+00
7.200e+01 2.223e-02 0.000e+00
7.210e+01 2.504e-02 0.000e+00
7.220e+01 2.295e-02 0.000e+00
7.230e+01 2.216e-02 0.000e+00
7.240e+01 2.734e-02 0.000e+00
7.250e+01 3.132e-02 0.000e+00
7.260e+01 2.892e-02 0.000e+00
7.270e+01 2.759e-02 0.000e+00
7.280e+01 2.901e-02 0.000e+00
7.290e+01 2.541e-02 0.000e+00
7.300e+01 2.948e-02 0.000e+00
7.310e+01 2.569e-02 0.000e+00
7.320e+01 3.143e-02 0.000e+00
7.330e+01 3.323e-02 0.000e+00
7.340e+01 3.293e-02 0.000e+00
7.350e+01 3.437e-02 0.000e+00
7.360e+01 3.515e-02 0.000e+00
7.370e+01 2.848e-02 0.000e+00
7.380e+01 3.188e-02 0.000e+00
7.390e+01 3.210e-02 0.000e+00
7.400e+01 2.974e-02 0.000e+00
7.410e+01 2.982e-02 0.000e+00
7.420e+01 2.676e-02 0.000e+00
7.430e+01 3.224e-02 0.000e+00
7.440e+01 3.491e-02 0.000e+00
7.450e+01 2.993e-02 0.000e+00
7.460e+01 3.025e-02 0.000e+00
7.470e+01 3.632e-02 0.000e+00
7.480e+01 4.131e-02 0.000e+00
7.490e+01 4.016e-02 0.000e+00
7.500e+01 3.554e-02 0.000e+00
7.510e+01 3.364e-02 0.000e+00
7.520e+01 2.892e-02 0.000e+00
7.530e+01 2.750e-02 0.000e+00
7.540e+01 2.670e-02 0.000e+00
7.550e+01 2.911e-02 0.000e+00
7.560e+01 3.132e-02 0.000e+00
7.570e+01 3.507e-02 0.000e+00
7.580e+01 3.457e-02 0.000e+00
7.590e+01 3.000e-02 0.000e+00
7.600e+01 3.131e-02 0.000e+00
7.610e+01 3.167e-02 0.000e+00
7.620e+01 3.562e-02 0.000e+00
7.630e+01 3.128e-02 0.000e+00
7.640e+01 3.468e-02 0.000e+00
7.650e+01 3.402e-02 0.000e+00
7.660e+01 3.246e-02 0.000e+00
7.670e+01 3.251e-02 0.000e+00
7.680e+01 3.671e-02 0.000e+00
7.690e+01 3.357e-02 0.000e+00
7.700e+01 3.111e-02 0.000e+00
7.710e+01 3.329e-02 0.000e+00
7.720e+01 3.339e-02 0.000e+00
7.730e+01 3.025e-02 0.000e+00
7.740e+01 3.501e-02 0.000e+00
7.750e+01 3.368e-02 0.000e+00
7.760e+01 3.478e-02 0.000e+00
7.770e+01 3.664e-02 0.000e+00
7.780e+01 3.872e-02 0.000e+00
7.790e+01 3.818e-02 0.000e+00
7.800e+01 3.938e-02 0.000e+00
7.810e+01 3.492e-02 0.000e+00
7.820e+01 3.999e-02 0.000e+00
7.830e+01 3.739e-02 0.000e+00
7.840e+01 3.858e-02 0.000e+00
7.850e+01 3.508e-02 0.000e+00
7.860e+01 3.747e-02 0.000e+00
7.870e+01 3.263e-02 0.000e+00
7.880e+01 2.869e-02 0.000e+00
7.890e+01 3.068e-02 0.000e+00
7.900e+01 3.637e-02 0.000e+00
7.910e+01 3.483e-02 0.000e+00
7.920e+01 2.832e-02 0.000e+00
7.930e+01 2.450e-02 0.000e+00
7.940e+01 2.258e-02 0.000e+00
7.950e+01 2.421e-02 0.000e+00
7.960e+01 2.444e-02 0.000e+00
7.970e+01 2.463e-02 0.000e+00
7.980e+01 2.366e-02 0.000e+00
7.990e+01 1.970e-02 0.000e+00
8.000e+01 1.957e-02 0.000e+00
8.010e+01 2.457e-02 0.000e+00
8.020e+01 1.433e-02 0.000e+00
8.030e+01 2.483e-02 0.000e+00
8.040e+01 2.419e-02 0.000e+00
8.050e+01 2.565e-02 0.000e+00
8.060e+01 2.583e-02 0.000e+00
8.070e+01 2.605e-02 0.000e+00
8.080e+01 3.182e-02 0.000e+00
8.090e+01 3.142e-02 0.000e+00
8.100e+01 2.375e-02 0.000e+00
8.110e+01 2.220e-02 0.000e+00
8.120e+01 2.223e-02 0.000e+00
8.130e+01 2.636e-02 0.000e+00
8.140e+01 2.953e-02 0.000e+00
8.150e+01 2.702e-02 0.000e+00
8.160e+01 2.718e-02 0.000e+00
8.170e+01 2.696e-02 0.000e+00
8.180e+01 2.766e-02 0.000e+00
8.190e+01 2.588e-02 0.000e+00
8.200e+01 2.562e-02 0.000e+00
8.210e+01 2.704e-02 0.000e+00
8.220e+01 2.582e-02 0.000e+00
8.230e+01 2.466e-02 0.000e+00
8.240e+01 2.695e-02 0.000e+00
8.250e+01 3.039e-02 0.000e+00
8.260e+01 2.899e-02 0.000e+00
8.270e+01 2.668e-02 0.000e+00
8.280e+01 2.578e-02 0.000e+00
8.290e+01 2.562e-02 0.000e+00
8.300e+01 2.527e-02 0.000e+00
8.310e+01 2.594e-02 0.000e+00
8.320e+01 2.911e-02 0.000e+00
8.330e+01 2.731e-02 0.000e+00
8.340e+01 2.796e-02 0.000e+00
8.350e+01 2.722e-02 0.000e+00
8.360e+01 2.832e-02 0.000e+00
8.370e+01 2.607e-02 0.000e+00
8.380e+01 2.674e-02 0.000e+00
8.390e+01 2.620e-02 0.000e+00
8.400e+01 2.518e-02 0.000e+00
8.410e+01 2.785e-02 0.000e+00
8.420e+01 3.053e-02 0.000e+00
8.430e+01 2.903e-02 0.000e+00
8.440e+01 3.247e-02 0.000e+00
8.450e+01 2.935e-02 0.000e+00
8.460e+01 2.806e-02 0.000e+00
8.470e+01 3.089e-02 0.000e+00
8.480e+01 2.849e-02 0.000e+00
8.490e+01 2.875e-02 0.000e+00
8.500e+01 2.908e-02 0.000e+00
8.510e+01 3.018e-02 0.000e+00
8.520e+01 2.638e-02 0.000e+00
8.530e+01 2.540e-02 0.000e+00
8.540e+01 2.544e-02 0.000e+00
8.550e+01 2.437e-02 0.000e+00
8.560e+01 2.486e-02 0.000e+00
8.570e+01 2.606e-02 0.000e+00
8.580e+01 2.915e-02 0.000e+00
8.590e+01 2.854e-02 0.000e+00
8.600e+01 2.597e-02 0.000e+00
8.610e+01 2.335e-02 0.000e+00
8.620e+01 2.273e-02 0.000e+00
8.630e+01 2.173e-02 0.000e+00
8.640e+01 2.538e-02 0.000e+00
8.650e+01 2.426e-02 0.000e+00
8.660e+01 2.334e-02 0.000e+00
8.670e+01 2.150e-02 0.000e+00
8.680e+01 2.393e-02 0.000e+00
8.690e+01 2.314e-02 0.000e+00
8.700e+01 2.608e-02 0.000e+00
8.710e+01 2.199e-02 0.000e+00
8.720e+01 2.356e-02 0.000e+00
8.730e+01 2.160e-02 0.000e+00
8.740e+01 2.426e-02 0.000e+00
8.750e+01 2.060e-02 0.000e+00
8.760e+01 1.685e-02 0.000e+00
8.770e+01 1.994e-02 0.000e+00
8.780e+01 2.127e-02 0.000e+00
8.790e+01 2.127e-02 0.000e+00
8.800e+01 1.688e-02 0.000e+00
8.810e+01 1.715e-02 0.000e+00
8.820e+01 2.020e-02 0.000e+00
8.830e+01 1.701e-02 0.000e+00
8.840e+01 1.437e-02 0.000e+00
8.850e+01 1.691e-02 0.000e+00
8.860e+01 1.487e-02 0.000e+00
8.870e+01 1.499e-02 0.000e+00
8.880e+01 1.196e-02 0.000e+00
8.890e+01 1.185e-02 0.000e+00
8.900e+01 1.143e-02 0.000e+00
8.910e+01 6.474e-03 0.000e+00
8.920e+01 2.707e-03 0.000e+00
8.930e+01 4.497e-03 0.000e+00
8.940e+01 6.506e-05 0.000e+00
8.950e+01 1.664e-03 0.000e+00
8.960e+01 6.351e-04 0.000e+00
8.970e+01 -1.429e-03 0.000e+00
8.980e+01 1.311e-03 0.000e+00
8.990e+01 -2.397e-03 0.000e+00
9.000e+01 7.632e-04 0.000e+00
9.010e+01 5.282e-04 0.000e+00
9.020e+01 -1.798e-03 0.000e+00
9.030e+01 2.655e-03 0.000e+00
9.040e+01 4.696e-03 0.000e+00
9.050e+01 4.728e-03 0.000e+00
9.060e+01 7.896e-03 0.000e+00
9.070e+01 3.429e-03 0.000e+00
9.080e+01 -1.802e-03 0.000e+00
9.090e+01 -1.661e-03 0.000e+00
9.100e+01 -1.010e-03 0.000e+00
9.110e+01 1.413e-03 0.000e+00
9.120e+01 5.528e-03 0.000e+00
9.130e+01 9.043e-03 0.000e+00
9.140e+01 7.065e-03 0.000e+00
9.150e+01 9.982e-03 0.000e+00
9.160e+01 4.426e-03 0.000e+00
9.170e+01 1.167e-02 0.000e+00
9.180e+01 1.351e-02 0.000e+00
9.190e+01 1.053e-02 0.000e+00
9.200e+01 1.134e-02 0.000e+00
9.210e+01 7.613e-03 0.000e+00
9.220e+01 5.623e-03 0.000e+00
9.230e+01 8.271e-03 0.000e+00
9.240e+01 1.003e-02 0.000e+00
9.250e+01 1.360e-02 0.000e+00
9.260e+01 6.973e-03 0.000e+00
9.270e+01 1.028e-02 0.000e+00
9.280e+01 1.252e-02 0.000e+00
9.290e+01 1.748e-02 0.000e+00
9.300e+01 1.667e-02 0.000e+00
9.310e+01 1.254e-02 0.000e+00
9.320e+01 1.561e-02 0.000e+00
9.330e+01 1.829e-02 0.000e+00
9.340e+01 1.865e-02 0.000e+00
9.350e+01 1.352e-02 0.000e+00
9.360e+01 1.535e-02 0.000e+00
9.370e+01 1.260e-02 0.000e+00
9.380e+01 1.494e-02 0.000e+00
9.390e+01 1.532e-02 0.000e+00
9.400e+01 8.526e-03 0.000e+00
9.410e+01 1.040e-02 0.000e+00
9.420e+01 5.075e-03 0.000e+00
9.430e+01 1.476e-02 0.000e+00
9.440e+01 1.925e-02 0.000e+00
9.450e+01 4.810e-03 0.000e+00
9.460e+01 1.254e-02 0.000e+00
9.470e+01 1.689e-02 0.000e+00
9.480e+01 1.272e-02 0.000e+00
9.490e+01 1.803e-02 0.000e+00
9.500e+01 1.766e-02 0.000e+00
9.510e+01 2.027e-02 0.000e+00
9.520e+01 1.560e-02 0.000e+00
9.530e+01 1.464e-02 0.000e+00
9.540e+01 1.757e-02 0.000e+00
9.550e+01 1.710e-02 0.000e+00
9.560e+01 1.184e-02 0.000e+00
9.570e+01 1.280e-02 0.000e+00
9.580e+01 1.066e-02 0.000e+00
9.590e+01 5.885e-03 0.000e+00
9.600e+01 7.548e-03 0.000e+00
9.610e+01 1.180e-02 0.000e+00
9.620e+01 1.338e-02 0.000e+00
9.630e+01 1.175e-02 0.000e+00
9.640e+01 9.150e-03 0.000e+00
9.650e+01 1.055e-02 0.000e+00
9.660e+01 5.452e-03 0.000e+00
9.670e+01 1.179e-02 0.000e+00
9.680e+01 1.551e-02 0.000e+00
9.690e+01 1.540e-02 0.000e+00
9.700e+01 1.065e-02 0.000e+00
9.710e+01 1.312e-02 0.000e+00
9.720e+01 1.035e-02 0.000e+00
9.730e+01 7.804e-03 0.000e+00
9.740e+01 1.352e-02 0.000e+00
9.750e+01 9.889e-03 0.000e+00
9.760e+01 8.143e-03 0.000e+00
9.770e+01 7.273e-03 0.000e+00
9.780e+01 9.840e-03 0.000e+00
9.790e+01 7.349e-03 0.000e+00
9.800e+01 5.182e-04 0.000e+00
9.810e+01 -5.744e-03 0.000e+00
9.820e+01 6.777e-03 0.000e+00
9.830e+01 4.496e-03 0.000e+00
9.840e+01 7.231e-04 0.000e+00
9.850e+01 1.398e-03 0.000e+00
9.860e+01 6.634e-04 0.000e+00
9.870e+01 -5.081e-04 0.000e+00
9.880e+01 -2.643e-03 0.000e+00
9.890e+01 1.436e-03 0.000e+00
9.900e+01 -7.779e-04 0.000e+00
9.910e+01 -6.458e-03 0.000e+00
9.920e+01 -1.701e-02 0.000e+00
9.930e+01 -2.012e-02 0.000e+00
9.940e+01 -2.030e-02 0.000e+00
9.950e+01 -1.025e-02 0.000e+00
9.960e+01 -1.500e-02 0.000e+00
9.970e+01 -1.411e-02 0.000e+00
9.980e+01 -7.080e-03 0.000e+00
9.990e+01 -1.141e-02 0.000e+00
