# Time (ps)      real(F_0)      im(F_0)
0.000e+00 1.000e+00 0.000e+00
1.000e-01 8.938e-01 0.000e+00
2.000e-01 8.585e-01 0.000e+00
3.000e-01 8.284e-01 0.000e+00
4.000e-01 8.221e-01 0.000e+00
5.000e-01 7.948e-01 0.000e+00
6.000e-01 7.852e-01 0.000e+00
7.000e-01 7.910e-01 0.000e+00
8.000e-01 7.588e-01 0.000e+00
9.000e-01 7.418e-01 0.000e+00
1.000e+00 7.393e-01 0.000e+00
1.100e+00 7.070e-01 0.000e+00
1.200e+00 7.032e-01 0.000e+00
1.300e+00 6.951e-01 0.000e+00
1.400e+00 6.793e-01 0.000e+00
1.500e+00 6.655e-01 0.000e+00
1.600e+00 6.550e-01 0.000e+00
1.700e+00 6.349e-01 0.000e+00
1.800e+00 6.435e-01 0.000e+00
1.900e+00 6.426e-01 0.000e+00
2.000e+00 6.481e-01 0.000e+00
2.100e+00 6.287e-01 0.000e+00
2.200e+00 6.287e-01 0.000e+00
2.300e+00 6.108e-01 0.000e+00
2.400e+00 6.081e-01 0.000e+00
2.500e+00 5.997e-01 0.000e+00
2.600e+00 5.882e-01 0.000e+00
2.700e+00 5.889e-01 0.000e+00
2.800e+00 5.758e-01 0.000e+00
2.900e+00 5.749e-01 0.000e+00
3.000e+00 5.800e-01 0.000e+00
3.100e+00 5.753e-01 0.000e+00
3.200e+00 5.522e-01 0.000e+00
3.300e+00 5.507e-01 0.000e+00
3.400e+00 5.598e-01 0.000e+00
3.500e+00 5.677e-01 0.000e+00
3.600e+00 5.589e-01 0.000e+00
3.700e+00 5.288e-01 0.000e+00
3.800e+00 5.238e-01 0.000e+00
3.900e+00 5.140e-01 0.000e+00
4.000e+00 5.131e-01 0.000e+00
4.100e+00 5.119e-01 0.000e+00
4.200e+00 5.080e-01 0.000e+00
4.300e+00 4.949e-01 0.000e+00
4.400e+00 4.918e-01 0.000e+00
4.500e+00 4.885e-01 0.000e+00
4.600e+00 4.848e-01 0.000e+00
4.700e+00 4.672e-01 0.000e+00
4.800e+00 4.762e-01 0.000e+00
4.900e+00 4.670e-01 0.000e+00
5.000e+00 4.713e-01 0.000e+00
5.100e+00 4.656e-01 0.000e+00
5.200e+00 4.450e-01 0.000e+00
5.300e+00 4.400e-01 0.000e+00
5.400e+00 4.369e-01 0.000e+00
5.500e+00 4.302e-01 0.000e+00
5.600e+00 4.163e-01 0.000e+00
5.700e+00 4.294e-01 0.000e+00
5.800e+00 4.241e-01 0.000e+00
5.900e+00 4.106e-01 0.000e+00
6.000e+00 4.077e-01 0.000e+00
6.100e+00 4.056e-01 0.000e+00
6.200e+00 4.033e-01 0.000e+00
6.300e+00 4.035e-01 0.000e+00
6.400e+00 4.091e-01 0.000e+00
6.500e+00 4.100e-01 0.000e+00
6.600e+00 4.000e-01 0.000e+00
6.700e+00 3.880e-01 0.000e+00
6.800e+00 3.828e-01 0.000e+00
6.900e+00 3.721e-01 0.000e+00
7.000e+00 3.684e-01 0.000e+00
7.100e+00 3.649e-01 0.000e+00
7.200e+00 3.662e-01 0.000e+00
7.300e+00 3.553e-01 0.000e+00
7.400e+00 3.639e-01 0.000e+00
7.500e+00 3.512e-01 0.000e+00
7.600e+00 3.613e-01 0.000e+00
7.700e+00 3.555e-01 0.000e+00
7.800e+00 3.522e-01 0.000e+00
7.900e+00 3.571e-01 0.000e+00
8.000e+00 3.532e-01 0.000e+00
8.100e+00 3.408e-01 0.000e+00
8.200e+00 3.413e-01 0.000e+00
8.300e+00 3.349e-01 0.000e+00
8.400e+00 3.367e-01 0.000e+00
8.500e+00 3.393e-01 0.000e+00
8.600e+00 3.252e-01 0.000e+00
8.700e+00 3.349e-01 0.000e+00
8.800e+00 3.227e-01 0.000e+00
8.900e+00 3.153e-01 0.000e+00
9.000e+00 3.121e-01 0.000e+00
9.100e+00 3.226e-01 0.000e+00
9.200e+00 3.180e-01 0.000e+00
9.300e+00 3.209e-01 0.000e+00
9.400e+00 3.136e-01 0.000e+00
9.500e+00 3.156e-01 0.000e+00
9.600e+00 3.131e-01 0.000e+00
9.700e+00 3.083e-01 0.000e+00
9.800e+00 3.110e-01 0.000e+00
9.900e+00 3.085e-01 0.000e+00
1.000e+01 3.056e-01 0.000e+00
1.010e+01 2.917e-01 0.000e+00
1.020e+01 2.878e-01 0.000e+00
1.030e+01 2.920e-01 0.000e+00
1.040e+01 2.895e-01 0.000e+00
1.050e+01 2.833e-01 0.000e+00
1.060e+01 2.884e-01 0.000e+00
1.070e+01 2.916e-01 0.000e+00
1.080e+01 2.835e-01 0.000e+00
1.090e+01 2.763e-01 0.000e+00
1.100e+01 2.805e-01 0.000e+00
1.110e+01 2.662e-01 0.000e+00
1.120e+01 2.658e-01 0.000e+00
1.130e+01 2.714e-01 0.000e+00
1.140e+01 2.660e-01 0.000e+00
1.150e+01 2.577e-01 0.000e+00
1.160e+01 2.581e-01 0.000e+00
1.170e+01 2.585e-01 0.000e+00
1.180e+01 2.606e-01 0.000e+00
1.190e+01 2.594e-01 0.000e+00
1.200e+01 2.552e-01 0.000e+00
1.210e+01 2.461e-01 0.000e+00
1.220e+01 2.435e-01 0.000e+00
1.230e+01 2.431e-01 0.000e+00
1.240e+01 2.454e-01 0.000e+00
1.250e+01 2.368e-01 0.000e+00
1.260e+01 2.306e-01 0.000e+00
1.270e+01 2.321e-01 0.000e+00
1.280e+01 2.280e-01 0.000e+00
1.290e+01 2.292e-01 0.000e+00
1.300e+01 2.254e-01 0.000e+00
1.310e+01 2.244e-01 0.000e+00
1.320e+01 2.168e-01 0.000e+00
1.330e+01 2.168e-01 0.000e+00
1.340e+01 2.130e-01 0.000e+00
1.350e+01 2.224e-01 0.000e+00
1.360e+01 2.190e-01 0.000e+00
1.370e+01 2.143e-01 0.000e+00
1.380e+01 2.101e-01 0.000e+00
1.390e+01 2.133e-01 0.000e+00
1.400e+01 2.178e-01 0.000e+00
1.410e+01 2.188e-01 0.000e+00
1.420e+01 2.136e-01 0.000e+00
1.430e+01 2.082e-01 0.000e+00
1.440e+01 2.089e-01 0.000e+00
1.450e+01 1.993e-01 0.000e+00
1.460e+01 2.069e-01 0.000e+00
1.470e+01 1.996e-01 0.000e+00
1.480e+01 2.026e-01 0.000e+00
1.490e+01 2.010e-01 0.000e+00
1.500e+01 1.981e-01 0.000e+00
1.510e+01 1.921e-01 0.000e+00
1.520e+01 1.912e-01 0.000e+00
1.530e+01 1.898e-01 0.000e+00
1.540e+01 1.916e-01 0.000e+00
1.550e+01 1.803e-01 0.000e+00
1.560e+01 1.849e-01 0.000e+00
1.570e+01 1.904e-01 0.000e+00
1.580e+01 1.833e-01 0.000e+00
1.590e+01 1.878e-01 0.000e+00
1.600e+01 1.833e-01 0.000e+00
1.610e+01 1.847e-01 0.000e+00
1.620e+01 1.827e-01 0.000e+00
1.630e+01 1.806e-01 0.000e+00
1.640e+01 1.768e-01 0.000e+00
1.650e+01 1.818e-01 0.000e+00
1.660e+01 1.754e-01 0.000e+00
1.670e+01 1.730e-01 0.000e+00
1.680e+01 1.750e-01 0.000e+00
1.690e+01 1.697e-01 0.000e+00
1.700e+01 1.675e-01 0.000e+00
1.710e+01 1.714e-01 0.000e+00
1.720e+01 1.685e-01 0.000e+00
1.730e+01 1.647e-01 0.000e+00
1.740e+01 1.680e-01 0.000e+00
1.750e+01 1.642e-01 0.000e+00
1.760e+01 1.660e-01 0.000e+00
1.770e+01 1.634e-01 0.000e+00
1.780e+01 1.630e-01 0.000e+00
1.790e+01 1.641e-01 0.000e+00
1.800e+01 1.612e-01 0.000e+00
1.810e+01 1.618e-01 0.000e+00
1.820e+01 1.620e-01 0.000e+00
1.830e+01 1.599e-01 0.000e+00
1.840e+01 1.630e-01 0.000e+00
1.850e+01 1.606e-01 0.000e+00
1.860e+01 1.641e-01 0.000e+00
1.870e+01 1.642e-01 0.000e+00
1.880e+01 1.657e-01 0.000e+00
1.890e+01 1.587e-01 0.000e+00
1.900e+01 1.534e-01 0.000e+00
1.910e+01 1.534e-01 0.000e+00
1.920e+01 1.538e-01 0.000e+00
1.930e+01 1.518e-01 0.000e+00
1.940e+01 1.519e-01 0.000e+00
1.950e+01 1.507e-01 0.000e+00
1.960e+01 1.553e-01 0.000e+00
1.970e+01 1.529e-01 0.000e+00
1.980e+01 1.562e-01 0.000e+00
1.990e+01 1.551e-01 0.000e+00
