# Frequency (1.0/ps)      real(fft(F_2))
0.000e+00 9.809e+01
1.000e-02 4.855e+01
2.000e-02 2.490e+01
3.000e-02 1.718e+01
4.000e-02 1.166e+01
5.000e-02 6.618e+00
6.000e-02 5.930e+00
7.000e-02 3.422e+00
8.000e-02 2.270e+00
9.000e-02 6.256e-01
1.000e-01 -8.761e-01
1.100e-01 -4.992e-02
1.200e-01 3.910e+00
1.300e-01 3.222e+00
1.400e-01 2.073e+00
1.500e-01 2.153e+00
1.600e-01 3.185e+00
1.700e-01 1.276e+00
1.800e-01 9.577e-01
1.900e-01 1.379e+00
2.000e-01 -1.316e-02
2.100e-01 1.114e+00
2.200e-01 4.299e-01
2.300e-01 1.077e+00
2.400e-01 1.476e+00
2.500e-01 1.309e+00
2.600e-01 -1.407e-01
2.700e-01 7.349e-01
2.800e-01 1.457e+00
2.900e-01 1.107e+00
3.000e-01 1.038e+00
3.100e-01 1.803e+00
3.200e-01 2.478e+00
3.300e-01 1.814e+00
3.400e-01 2.386e+00
3.500e-01 1.392e+00
3.600e-01 1.426e+00
3.700e-01 2.677e+00
3.800e-01 2.170e+00
3.900e-01 1.947e+00
4.000e-01 1.896e+00
4.100e-01 1.604e+00
4.200e-01 1.213e+00
4.300e-01 1.806e+00
4.400e-01 1.747e+00
4.500e-01 1.490e+00
4.600e-01 1.504e+00
4.700e-01 6.525e-01
4.800e-01 1.101e+00
4.900e-01 1.102e+00
5.000e-01 1.196e+00
5.100e-01 6.428e-01
5.200e-01 1.264e+00
5.300e-01 8.097e-01
5.400e-01 8.237e-01
5.500e-01 1.237e+00
5.600e-01 1.602e-01
5.700e-01 5.775e-01
5.800e-01 1.002e+00
5.900e-01 9.351e-01
6.000e-01 9.974e-01
6.100e-01 6.862e-01
6.200e-01 8.906e-01
6.300e-01 1.298e+00
6.400e-01 6.679e-01
6.500e-01 5.755e-01
6.600e-01 6.415e-01
6.700e-01 4.877e-01
6.800e-01 -1.751e-01
6.900e-01 -8.176e-02
7.000e-01 3.669e-01
7.100e-01 1.069e+00
7.200e-01 5.132e-01
7.300e-01 3.224e-01
7.400e-01 1.013e+00
7.500e-01 9.249e-01
7.600e-01 6.696e-01
7.700e-01 9.461e-01
7.800e-01 5.406e-01
7.900e-01 8.499e-01
8.000e-01 2.496e-01
8.100e-01 1.087e+00
8.200e-01 4.762e-01
8.300e-01 7.889e-01
8.400e-01 1.372e-01
8.500e-01 4.816e-02
8.600e-01 9.050e-02
8.700e-01 1.100e-01
8.800e-01 4.901e-01
8.900e-01 4.771e-01
9.000e-01 9.074e-01
9.100e-01 7.784e-01
9.200e-01 8.709e-01
9.300e-01 1.337e+00
9.400e-01 1.003e+00
9.500e-01 8.831e-01
9.600e-01 6.719e-01
9.700e-01 7.007e-01
9.800e-01 6.316e-01
9.900e-01 7.684e-01
1.000e+00 5.373e-01
1.010e+00 5.140e-01
1.020e+00 2.779e-01
1.030e+00 2.817e-01
1.040e+00 3.761e-01
1.050e+00 3.946e-01
1.060e+00 6.052e-01
1.070e+00 5.690e-01
1.080e+00 5.923e-01
1.090e+00 1.094e+00
1.100e+00 6.228e-01
1.110e+00 8.488e-01
1.120e+00 4.015e-01
1.130e+00 2.496e-01
1.140e+00 8.329e-01
1.150e+00 1.098e+00
1.160e+00 1.213e+00
1.170e+00 8.852e-01
1.180e+00 7.492e-01
1.190e+00 6.979e-01
1.200e+00 6.536e-01
1.210e+00 8.345e-01
1.220e+00 9.112e-01
1.230e+00 7.292e-01
1.240e+00 3.966e-01
1.250e+00 2.213e-01
1.260e+00 3.334e-01
1.270e+00 3.747e-01
1.280e+00 5.557e-01
1.290e+00 2.487e-01
1.300e+00 3.154e-01
1.310e+00 7.991e-01
1.320e+00 7.150e-01
1.330e+00 7.820e-01
1.340e+00 3.227e-01
1.350e+00 6.925e-01
1.360e+00 9.169e-01
1.370e+00 2.707e-01
1.380e+00 5.931e-01
1.390e+00 2.487e-01
1.400e+00 4.698e-01
1.410e+00 4.143e-01
1.420e+00 3.678e-01
1.430e+00 1.545e-01
1.440e+00 5.993e-01
1.450e+00 5.850e-01
1.460e+00 6.967e-01
1.470e+00 1.133e+00
1.480e+00 5.748e-01
1.490e+00 7.104e-01
1.500e+00 3.598e-01
1.510e+00 4.753e-01
1.520e+00 4.059e-01
1.530e+00 6.232e-01
1.540e+00 4.786e-01
1.550e+00 3.871e-01
1.560e+00 5.533e-01
1.570e+00 5.317e-01
1.580e+00 5.273e-01
1.590e+00 2.731e-01
1.600e+00 6.009e-01
1.610e+00 3.720e-01
1.620e+00 4.923e-01
1.630e+00 3.919e-01
1.640e+00 4.968e-01
1.650e+00 6.818e-01
1.660e+00 6.241e-01
1.670e+00 6.423e-01
1.680e+00 5.126e-01
1.690e+00 7.418e-01
1.700e+00 5.294e-01
1.710e+00 6.366e-01
1.720e+00 6.258e-01
1.730e+00 7.094e-01
1.740e+00 7.982e-01
1.750e+00 6.342e-01
1.760e+00 6.206e-01
1.770e+00 8.446e-01
1.780e+00 5.412e-01
1.790e+00 4.073e-01
1.800e+00 3.272e-01
1.810e+00 3.364e-01
1.820e+00 1.687e-01
1.830e+00 3.094e-01
1.840e+00 4.945e-01
1.850e+00 1.071e-01
1.860e+00 2.502e-01
1.870e+00 3.313e-01
1.880e+00 4.717e-01
1.890e+00 1.809e-01
1.900e+00 3.375e-01
1.910e+00 4.067e-01
1.920e+00 3.558e-01
1.930e+00 7.111e-01
1.940e+00 4.920e-01
1.950e+00 4.687e-01
1.960e+00 3.537e-01
1.970e+00 2.017e-01
1.980e+00 5.685e-01
1.990e+00 6.881e-01
2.000e+00 6.432e-01
2.010e+00 7.092e-01
2.020e+00 9.110e-01
2.030e+00 6.899e-01
2.040e+00 8.693e-01
2.050e+00 6.575e-01
2.060e+00 4.514e-01
2.070e+00 6.160e-01
2.080e+00 6.082e-01
2.090e+00 5.231e-01
2.100e+00 4.056e-01
2.110e+00 5.978e-01
2.120e+00 2.852e-01
2.130e+00 5.024e-01
2.140e+00 4.775e-01
2.150e+00 4.500e-01
2.160e+00 4.141e-01
2.170e+00 4.228e-01
2.180e+00 2.758e-01
2.190e+00 6.082e-01
2.200e+00 6.196e-01
2.210e+00 4.974e-01
2.220e+00 6.428e-01
2.230e+00 3.670e-01
2.240e+00 5.149e-01
2.250e+00 5.564e-01
2.260e+00 4.932e-01
2.270e+00 6.078e-01
2.280e+00 3.441e-01
2.290e+00 5.274e-01
2.300e+00 3.896e-01
2.310e+00 6.491e-01
2.320e+00 5.080e-01
2.330e+00 3.534e-01
2.340e+00 6.166e-01
2.350e+00 4.902e-01
2.360e+00 7.315e-01
2.370e+00 5.764e-01
2.380e+00 7.201e-01
2.390e+00 6.779e-01
2.400e+00 7.453e-01
2.410e+00 8.468e-01
2.420e+00 8.801e-01
2.430e+00 8.594e-01
2.440e+00 7.344e-01
2.450e+00 6.048e-01
2.460e+00 7.262e-01
2.470e+00 7.772e-01
2.480e+00 6.109e-01
2.490e+00 7.619e-01
2.500e+00 7.367e-01
2.510e+00 8.262e-01
2.520e+00 5.364e-01
2.530e+00 4.207e-01
2.540e+00 4.788e-01
2.550e+00 6.365e-01
2.560e+00 7.691e-01
2.570e+00 8.724e-01
2.580e+00 5.576e-01
2.590e+00 7.152e-01
2.600e+00 6.078e-01
2.610e+00 6.739e-01
2.620e+00 7.976e-01
2.630e+00 5.992e-01
2.640e+00 6.123e-01
2.650e+00 5.971e-01
2.660e+00 6.860e-01
2.670e+00 6.119e-01
2.680e+00 5.808e-01
2.690e+00 6.995e-01
2.700e+00 4.945e-01
2.710e+00 6.585e-01
2.720e+00 7.169e-01
2.730e+00 7.119e-01
2.740e+00 8.589e-01
2.750e+00 8.330e-01
2.760e+00 7.857e-01
2.770e+00 6.606e-01
2.780e+00 5.273e-01
2.790e+00 4.475e-01
2.800e+00 7.720e-01
2.810e+00 9.095e-01
2.820e+00 9.248e-01
2.830e+00 9.136e-01
2.840e+00 9.454e-01
2.850e+00 7.848e-01
2.860e+00 8.983e-01
2.870e+00 6.951e-01
2.880e+00 6.276e-01
2.890e+00 6.676e-01
2.900e+00 6.795e-01
2.910e+00 4.462e-01
2.920e+00 4.407e-01
2.930e+00 1.946e-01
2.940e+00 4.235e-01
2.950e+00 4.553e-01
2.960e+00 6.017e-01
2.970e+00 8.138e-01
2.980e+00 6.661e-01
2.990e+00 7.006e-01
3.000e+00 6.535e-01
3.010e+00 7.237e-01
3.020e+00 5.510e-01
3.030e+00 7.051e-01
3.040e+00 6.749e-01
3.050e+00 5.181e-01
3.060e+00 6.087e-01
3.070e+00 4.044e-01
3.080e+00 6.526e-01
3.090e+00 4.965e-01
3.100e+00 3.940e-01
3.110e+00 2.553e-01
3.120e+00 3.719e-01
3.130e+00 4.332e-01
3.140e+00 3.756e-01
3.150e+00 5.494e-01
3.160e+00 4.361e-01
3.170e+00 6.574e-01
3.180e+00 6.141e-01
3.190e+00 7.177e-01
3.200e+00 4.837e-01
3.210e+00 4.380e-01
3.220e+00 6.738e-01
3.230e+00 5.177e-01
3.240e+00 3.719e-01
3.250e+00 4.610e-01
3.260e+00 4.276e-01
3.270e+00 5.564e-01
3.280e+00 4.218e-01
3.290e+00 3.584e-01
3.300e+00 5.855e-01
3.310e+00 6.373e-01
3.320e+00 6.310e-01
3.330e+00 5.459e-01
3.340e+00 7.633e-01
3.350e+00 6.353e-01
3.360e+00 6.022e-01
3.370e+00 6.479e-01
3.380e+00 7.012e-01
3.390e+00 9.210e-01
3.400e+00 9.755e-01
3.410e+00 7.250e-01
3.420e+00 7.120e-01
3.430e+00 5.126e-01
3.440e+00 2.773e-01
3.450e+00 3.632e-01
3.460e+00 2.399e-01
3.470e+00 1.964e-01
3.480e+00 2.834e-01
3.490e+00 4.760e-01
3.500e+00 4.363e-01
3.510e+00 4.731e-01
3.520e+00 4.390e-01
3.530e+00 4.002e-01
3.540e+00 6.757e-01
3.550e+00 6.015e-01
3.560e+00 5.166e-01
3.570e+00 6.185e-01
3.580e+00 5.234e-01
3.590e+00 6.432e-01
3.600e+00 4.175e-01
3.610e+00 2.252e-01
3.620e+00 3.144e-01
3.630e+00 4.254e-01
3.640e+00 5.119e-01
3.650e+00 4.825e-01
3.660e+00 5.747e-01
3.670e+00 5.431e-01
3.680e+00 6.075e-01
3.690e+00 6.151e-01
3.700e+00 6.536e-01
3.710e+00 6.143e-01
3.720e+00 5.464e-01
3.730e+00 3.218e-01
3.740e+00 3.751e-01
3.750e+00 4.515e-01
3.760e+00 5.531e-01
3.770e+00 5.943e-01
3.780e+00 5.659e-01
3.790e+00 3.311e-01
3.800e+00 4.631e-01
3.810e+00 4.854e-01
3.820e+00 4.155e-01
3.830e+00 4.536e-01
3.840e+00 3.832e-01
3.850e+00 2.519e-01
3.860e+00 3.257e-01
3.870e+00 4.641e-01
3.880e+00 5.353e-01
3.890e+00 4.177e-01
3.900e+00 3.047e-01
3.910e+00 4.829e-01
3.920e+00 4.809e-01
3.930e+00 5.758e-01
3.940e+00 3.941e-01
3.950e+00 4.611e-01
3.960e+00 4.114e-01
3.970e+00 6.757e-01
3.980e+00 5.911e-01
3.990e+00 5.792e-01
4.000e+00 5.770e-01
4.010e+00 3.686e-01
4.020e+00 3.204e-01
4.030e+00 4.650e-01
4.040e+00 6.646e-01
4.050e+00 6.449e-01
4.060e+00 5.490e-01
4.070e+00 3.793e-01
4.080e+00 2.685e-01
4.090e+00 2.062e-01
4.100e+00 2.021e-01
4.110e+00 1.675e-01
4.120e+00 1.630e-01
4.130e+00 2.845e-01
4.140e+00 3.549e-01
4.150e+00 3.748e-01
4.160e+00 4.926e-01
4.170e+00 5.011e-01
4.180e+00 5.374e-01
4.190e+00 4.328e-01
4.200e+00 6.936e-01
4.210e+00 5.651e-01
4.220e+00 5.201e-01
4.230e+00 4.441e-01
4.240e+00 6.571e-01
4.250e+00 4.501e-01
4.260e+00 4.542e-01
4.270e+00 2.687e-01
4.280e+00 5.923e-01
4.290e+00 6.110e-01
4.300e+00 7.339e-01
4.310e+00 5.940e-01
4.320e+00 6.748e-01
4.330e+00 5.724e-01
4.340e+00 6.499e-01
4.350e+00 6.267e-01
4.360e+00 5.284e-01
4.370e+00 4.344e-01
4.380e+00 3.949e-01
4.390e+00 5.009e-01
4.400e+00 4.153e-01
4.410e+00 2.864e-01
4.420e+00 1.187e-01
4.430e+00 4.456e-01
4.440e+00 3.713e-01
4.450e+00 4.230e-01
4.460e+00 3.808e-01
4.470e+00 4.345e-01
4.480e+00 3.672e-01
4.490e+00 4.354e-01
4.500e+00 3.736e-01
4.510e+00 4.308e-01
4.520e+00 5.112e-01
4.530e+00 4.966e-01
4.540e+00 6.024e-01
4.550e+00 6.156e-01
4.560e+00 6.914e-01
4.570e+00 7.011e-01
4.580e+00 4.843e-01
4.590e+00 4.881e-01
4.600e+00 4.270e-01
4.610e+00 2.818e-01
4.620e+00 3.033e-01
4.630e+00 2.728e-01
4.640e+00 3.970e-01
4.650e+00 5.173e-01
4.660e+00 7.818e-01
4.670e+00 5.961e-01
4.680e+00 6.487e-01
4.690e+00 6.116e-01
4.700e+00 6.230e-01
4.710e+00 6.455e-01
4.720e+00 6.671e-01
4.730e+00 4.449e-01
4.740e+00 5.295e-01
4.750e+00 3.859e-01
4.760e+00 4.465e-01
4.770e+00 3.730e-01
4.780e+00 4.394e-01
4.790e+00 5.356e-01
4.800e+00 3.825e-01
4.810e+00 3.952e-01
4.820e+00 1.187e-01
4.830e+00 3.168e-01
4.840e+00 3.928e-01
4.850e+00 2.603e-01
4.860e+00 2.975e-01
4.870e+00 3.213e-01
4.880e+00 3.977e-01
4.890e+00 5.280e-01
4.900e+00 4.815e-01
4.910e+00 5.812e-01
4.920e+00 5.863e-01
4.930e+00 4.994e-01
4.940e+00 4.429e-01
4.950e+00 4.543e-01
4.960e+00 6.329e-01
4.970e+00 4.990e-01
4.980e+00 3.606e-01
4.990e+00 2.774e-01
-5.000e+00 3.291e-01
-4.990e+00 3.424e-01
-4.980e+00 3.382e-01
-4.970e+00 4.145e-01
-4.960e+00 4.572e-01
-4.950e+00 2.977e-01
-4.940e+00 2.341e-01
-4.930e+00 2.914e-01
-4.920e+00 3.625e-01
-4.910e+00 5.101e-01
-4.900e+00 5.227e-01
-4.890e+00 3.593e-01
-4.880e+00 5.969e-01
-4.870e+00 6.033e-01
-4.860e+00 4.901e-01
-4.850e+00 5.259e-01
-4.840e+00 4.755e-01
-4.830e+00 4.688e-01
-4.820e+00 3.991e-01
-4.810e+00 2.857e-01
-4.800e+00 3.603e-01
-4.790e+00 4.387e-01
-4.780e+00 3.365e-01
-4.770e+00 4.211e-01
-4.760e+00 5.504e-01
-4.750e+00 5.052e-01
-4.740e+00 3.876e-01
-4.730e+00 3.760e-01
-4.720e+00 4.921e-01
-4.710e+00 5.151e-01
-4.700e+00 5.826e-01
-4.690e+00 5.646e-01
-4.680e+00 6.867e-01
-4.670e+00 2.808e-01
-4.660e+00 1.889e-01
-4.650e+00 4.932e-01
-4.640e+00 5.360e-01
-4.630e+00 3.925e-01
-4.620e+00 3.770e-01
-4.610e+00 4.665e-01
-4.600e+00 3.251e-01
-4.590e+00 2.628e-01
-4.580e+00 4.920e-01
-4.570e+00 5.016e-01
-4.560e+00 6.084e-01
-4.550e+00 4.753e-01
-4.540e+00 5.584e-01
-4.530e+00 6.072e-01
-4.520e+00 3.915e-01
-4.510e+00 3.243e-01
-4.500e+00 3.903e-01
-4.490e+00 4.225e-01
-4.480e+00 3.178e-01
-4.470e+00 4.164e-01
-4.460e+00 3.247e-01
-4.450e+00 3.951e-01
-4.440e+00 3.923e-01
-4.430e+00 4.050e-01
-4.420e+00 4.551e-01
-4.410e+00 4.835e-01
-4.400e+00 4.099e-01
-4.390e+00 7.583e-01
-4.380e+00 5.419e-01
-4.370e+00 4.758e-01
-4.360e+00 6.100e-01
-4.350e+00 4.443e-01
-4.340e+00 4.837e-01
-4.330e+00 4.593e-01
-4.320e+00 5.516e-01
-4.310e+00 5.789e-01
-4.300e+00 6.037e-01
-4.290e+00 3.834e-01
-4.280e+00 2.857e-01
-4.270e+00 2.097e-01
-4.260e+00 3.023e-01
-4.250e+00 3.157e-01
-4.240e+00 4.040e-01
-4.230e+00 1.804e-01
-4.220e+00 2.888e-01
-4.210e+00 4.155e-01
-4.200e+00 2.093e-01
-4.190e+00 1.940e-01
-4.180e+00 1.622e-01
-4.170e+00 2.798e-01
-4.160e+00 3.538e-01
-4.150e+00 3.209e-01
-4.140e+00 8.242e-02
-4.130e+00 5.996e-02
-4.120e+00 2.429e-01
-4.110e+00 3.241e-01
-4.100e+00 4.761e-01
-4.090e+00 6.013e-01
-4.080e+00 5.390e-01
-4.070e+00 5.093e-01
-4.060e+00 7.840e-01
-4.050e+00 7.847e-01
-4.040e+00 8.862e-01
-4.030e+00 8.358e-01
-4.020e+00 7.248e-01
-4.010e+00 4.940e-01
-4.000e+00 5.813e-01
-3.990e+00 5.781e-01
-3.980e+00 5.873e-01
-3.970e+00 7.794e-01
-3.960e+00 5.006e-01
-3.950e+00 5.093e-01
-3.940e+00 7.343e-01
-3.930e+00 8.141e-01
-3.920e+00 5.119e-01
-3.910e+00 5.117e-01
-3.900e+00 6.995e-01
-3.890e+00 4.966e-01
-3.880e+00 8.676e-01
-3.870e+00 6.941e-01
-3.860e+00 6.185e-01
-3.850e+00 6.013e-01
-3.840e+00 4.535e-01
-3.830e+00 4.201e-01
-3.820e+00 7.661e-01
-3.810e+00 5.722e-01
-3.800e+00 3.840e-01
-3.790e+00 2.690e-01
-3.780e+00 4.202e-01
-3.770e+00 4.241e-01
-3.760e+00 5.556e-01
-3.750e+00 4.569e-01
-3.740e+00 4.910e-01
-3.730e+00 5.526e-01
-3.720e+00 6.003e-01
-3.710e+00 7.953e-01
-3.700e+00 7.729e-01
-3.690e+00 7.619e-01
-3.680e+00 6.378e-01
-3.670e+00 6.339e-01
-3.660e+00 7.455e-01
-3.650e+00 4.152e-01
-3.640e+00 3.299e-01
-3.630e+00 2.182e-01
-3.620e+00 2.502e-01
-3.610e+00 3.828e-01
-3.600e+00 4.417e-01
-3.590e+00 6.591e-01
-3.580e+00 6.003e-01
-3.570e+00 6.051e-01
-3.560e+00 5.869e-01
-3.550e+00 7.534e-01
-3.540e+00 7.451e-01
-3.530e+00 8.006e-01
-3.520e+00 5.214e-01
-3.510e+00 4.658e-01
-3.500e+00 5.516e-01
-3.490e+00 5.747e-01
-3.480e+00 4.640e-01
-3.470e+00 5.648e-01
-3.460e+00 5.231e-01
-3.450e+00 2.507e-01
-3.440e+00 3.382e-01
-3.430e+00 4.666e-01
-3.420e+00 4.506e-01
-3.410e+00 4.034e-01
-3.400e+00 4.595e-01
-3.390e+00 4.641e-01
-3.380e+00 5.759e-01
-3.370e+00 5.995e-01
-3.360e+00 4.308e-01
-3.350e+00 5.342e-01
-3.340e+00 4.953e-01
-3.330e+00 5.563e-01
-3.320e+00 5.724e-01
-3.310e+00 2.836e-01
-3.300e+00 3.852e-01
-3.290e+00 3.973e-01
-3.280e+00 2.902e-01
-3.270e+00 4.663e-01
-3.260e+00 4.317e-01
-3.250e+00 3.668e-01
-3.240e+00 2.494e-01
-3.230e+00 4.488e-01
-3.220e+00 3.936e-01
-3.210e+00 7.727e-01
-3.200e+00 6.505e-01
-3.190e+00 6.464e-01
-3.180e+00 4.695e-01
-3.170e+00 5.147e-01
-3.160e+00 4.810e-01
-3.150e+00 6.112e-01
-3.140e+00 5.436e-01
-3.130e+00 4.722e-01
-3.120e+00 5.301e-01
-3.110e+00 5.777e-01
-3.100e+00 7.208e-01
-3.090e+00 5.893e-01
-3.080e+00 5.525e-01
-3.070e+00 4.279e-01
-3.060e+00 2.980e-01
-3.050e+00 4.080e-01
-3.040e+00 2.222e-01
-3.030e+00 3.717e-01
-3.020e+00 4.387e-01
-3.010e+00 5.243e-01
-3.000e+00 5.443e-01
-2.990e+00 5.738e-01
-2.980e+00 2.973e-01
-2.970e+00 6.103e-02
-2.960e+00 3.491e-01
-2.950e+00 3.510e-01
-2.940e+00 5.245e-01
-2.930e+00 4.258e-01
-2.920e+00 2.634e-01
-2.910e+00 3.987e-01
-2.900e+00 5.509e-01
-2.890e+00 6.026e-01
-2.880e+00 6.621e-01
-2.870e+00 6.908e-01
-2.860e+00 6.294e-01
-2.850e+00 6.060e-01
-2.840e+00 9.596e-01
-2.830e+00 8.878e-01
-2.820e+00 8.602e-01
-2.810e+00 8.266e-01
-2.800e+00 5.229e-01
-2.790e+00 4.969e-01
-2.780e+00 3.511e-01
-2.770e+00 3.924e-01
-2.760e+00 2.745e-01
-2.750e+00 5.059e-01
-2.740e+00 4.516e-01
-2.730e+00 3.689e-01
-2.720e+00 4.013e-01
-2.710e+00 2.817e-01
-2.700e+00 3.319e-01
-2.690e+00 3.152e-01
-2.680e+00 4.329e-01
-2.670e+00 4.014e-01
-2.660e+00 5.446e-01
-2.650e+00 4.185e-01
-2.640e+00 5.130e-01
-2.630e+00 3.240e-01
-2.620e+00 4.496e-01
-2.610e+00 2.728e-01
-2.600e+00 2.578e-01
-2.590e+00 4.671e-01
-2.580e+00 2.779e-01
-2.570e+00 6.001e-01
-2.560e+00 6.802e-01
-2.550e+00 5.767e-01
-2.540e+00 6.022e-01
-2.530e+00 9.377e-01
-2.520e+00 6.702e-01
-2.510e+00 9.447e-01
-2.500e+00 8.376e-01
-2.490e+00 8.642e-01
-2.480e+00 3.927e-01
-2.470e+00 3.139e-01
-2.460e+00 1.532e-01
-2.450e+00 7.940e-02
-2.440e+00 5.129e-01
-2.430e+00 3.713e-01
-2.420e+00 4.705e-01
-2.410e+00 3.955e-01
-2.400e+00 5.657e-01
-2.390e+00 7.505e-01
-2.380e+00 7.242e-01
-2.370e+00 6.552e-01
-2.360e+00 6.060e-01
-2.350e+00 4.927e-01
-2.340e+00 8.226e-01
-2.330e+00 8.163e-01
-2.320e+00 7.674e-01
-2.310e+00 8.163e-01
-2.300e+00 8.164e-01
-2.290e+00 9.057e-01
-2.280e+00 9.783e-01
-2.270e+00 9.787e-01
-2.260e+00 1.059e+00
-2.250e+00 9.009e-01
-2.240e+00 6.410e-01
-2.230e+00 6.666e-01
-2.220e+00 7.968e-01
-2.210e+00 5.524e-01
-2.200e+00 5.134e-01
-2.190e+00 5.459e-01
-2.180e+00 7.913e-01
-2.170e+00 5.556e-01
-2.160e+00 8.238e-01
-2.150e+00 9.427e-01
-2.140e+00 6.591e-01
-2.130e+00 1.007e+00
-2.120e+00 8.080e-01
-2.110e+00 5.152e-01
-2.100e+00 5.962e-01
-2.090e+00 3.114e-01
-2.080e+00 4.120e-01
-2.070e+00 8.834e-01
-2.060e+00 8.351e-01
-2.050e+00 6.961e-01
-2.040e+00 5.634e-01
-2.030e+00 7.789e-01
-2.020e+00 8.269e-01
-2.010e+00 9.500e-01
-2.000e+00 9.032e-01
-1.990e+00 9.152e-01
-1.980e+00 9.702e-01
-1.970e+00 8.756e-01
-1.960e+00 7.575e-01
-1.950e+00 7.321e-01
-1.940e+00 5.854e-01
-1.930e+00 4.628e-01
-1.920e+00 4.665e-01
-1.910e+00 5.980e-01
-1.900e+00 5.802e-01
-1.890e+00 7.595e-01
-1.880e+00 5.333e-01
-1.870e+00 5.892e-01
-1.860e+00 6.418e-01
-1.850e+00 5.108e-01
-1.840e+00 6.627e-01
-1.830e+00 6.405e-01
-1.820e+00 2.310e-01
-1.810e+00 5.709e-01
-1.800e+00 4.456e-01
-1.790e+00 3.581e-01
-1.780e+00 7.193e-01
-1.770e+00 4.301e-01
-1.760e+00 6.802e-01
-1.750e+00 7.533e-01
-1.740e+00 5.867e-01
-1.730e+00 7.795e-01
-1.720e+00 3.665e-01
-1.710e+00 3.041e-01
-1.700e+00 2.852e-01
-1.690e+00 6.344e-01
-1.680e+00 4.724e-01
-1.670e+00 3.105e-01
-1.660e+00 3.515e-01
-1.650e+00 7.240e-01
-1.640e+00 9.691e-01
-1.630e+00 8.139e-01
-1.620e+00 1.000e+00
-1.610e+00 7.061e-01
-1.600e+00 8.556e-01
-1.590e+00 8.265e-01
-1.580e+00 5.520e-01
-1.570e+00 6.453e-01
-1.560e+00 5.579e-01
-1.550e+00 6.917e-01
-1.540e+00 8.467e-01
-1.530e+00 1.086e+00
-1.520e+00 8.754e-01
-1.510e+00 8.526e-01
-1.500e+00 4.518e-01
-1.490e+00 4.518e-01
-1.480e+00 5.698e-01
-1.470e+00 6.874e-01
-1.460e+00 7.477e-01
-1.450e+00 7.714e-01
-1.440e+00 1.139e+00
-1.430e+00 7.065e-01
-1.420e+00 8.868e-01
-1.410e+00 6.125e-01
-1.400e+00 7.329e-01
-1.390e+00 3.885e-01
-1.380e+00 5.515e-01
-1.370e+00 9.626e-01
-1.360e+00 5.842e-01
-1.350e+00 9.431e-01
-1.340e+00 7.396e-01
-1.330e+00 6.965e-01
-1.320e+00 9.386e-01
-1.310e+00 9.827e-01
-1.300e+00 7.518e-01
-1.290e+00 6.598e-01
-1.280e+00 6.976e-02
-1.270e+00 1.381e-01
-1.260e+00 6.094e-01
-1.250e+00 7.766e-01
-1.240e+00 7.884e-01
-1.230e+00 1.051e+00
-1.220e+00 1.156e+00
-1.210e+00 1.115e+00
-1.200e+00 1.508e+00
-1.190e+00 9.320e-01
-1.180e+00 1.414e+00
-1.170e+00 1.018e+00
-1.160e+00 1.275e+00
-1.150e+00 1.058e+00
-1.140e+00 1.284e+00
-1.130e+00 1.550e+00
-1.120e+00 1.008e+00
-1.110e+00 1.109e+00
-1.100e+00 4.973e-01
-1.090e+00 5.286e-01
-1.080e+00 9.718e-01
-1.070e+00 7.678e-01
-1.060e+00 5.699e-01
-1.050e+00 3.888e-01
-1.040e+00 5.077e-01
-1.030e+00 6.998e-01
-1.020e+00 3.810e-01
-1.010e+00 2.955e-01
-1.000e+00 4.831e-01
-9.900e-01 5.542e-01
-9.800e-01 2.840e-01
-9.700e-01 4.183e-01
-9.600e-01 5.657e-01
-9.500e-01 5.645e-01
-9.400e-01 6.928e-01
-9.300e-01 8.130e-01
-9.200e-01 4.103e-01
-9.100e-01 4.033e-01
-9.000e-01 3.603e-01
-8.900e-01 1.517e-01
-8.800e-01 6.130e-01
-8.700e-01 1.007e+00
-8.600e-01 4.726e-01
-8.500e-01 7.051e-01
-8.400e-01 4.573e-01
-8.300e-01 1.012e+00
-8.200e-01 8.508e-01
-8.100e-01 6.640e-01
-8.000e-01 8.153e-01
-7.900e-01 5.235e-01
-7.800e-01 4.648e-01
-7.700e-01 -9.998e-02
-7.600e-01 3.642e-01
-7.500e-01 4.215e-01
-7.400e-01 6.768e-01
-7.300e-01 4.518e-01
-7.200e-01 8.023e-01
-7.100e-01 7.301e-01
-7.000e-01 6.617e-01
-6.900e-01 4.672e-01
-6.800e-01 6.491e-01
-6.700e-01 7.822e-01
-6.600e-01 2.842e-01
-6.500e-01 4.555e-01
-6.400e-01 6.171e-01
-6.300e-01 8.902e-01
-6.200e-01 5.063e-01
-6.100e-01 5.780e-01
-6.000e-01 9.007e-01
-5.900e-01 7.289e-01
-5.800e-01 3.970e-01
-5.700e-01 8.251e-01
-5.600e-01 3.743e-01
-5.500e-01 7.381e-01
-5.400e-01 6.789e-01
-5.300e-01 1.183e+00
-5.200e-01 1.751e+00
-5.100e-01 1.053e+00
-5.000e-01 4.215e-01
-4.900e-01 5.141e-01
-4.800e-01 6.825e-01
-4.700e-01 4.958e-01
-4.600e-01 9.090e-01
-4.500e-01 1.322e+00
-4.400e-01 1.010e+00
-4.300e-01 2.029e+00
-4.200e-01 2.048e+00
-4.100e-01 1.888e+00
-4.000e-01 2.064e+00
-3.900e-01 1.691e+00
-3.800e-01 1.176e+00
-3.700e-01 1.327e+00
-3.600e-01 1.417e+00
-3.500e-01 7.534e-01
-3.400e-01 1.220e+00
-3.300e-01 1.390e+00
-3.200e-01 1.377e+00
-3.100e-01 1.774e+00
-3.000e-01 1.456e+00
-2.900e-01 1.486e+00
-2.800e-01 2.125e+00
-2.700e-01 2.796e+00
-2.600e-01 2.278e+00
-2.500e-01 2.242e+00
-2.400e-01 1.735e+00
-2.300e-01 4.417e-01
-2.200e-01 1.947e+00
-2.100e-01 2.524e+00
-2.000e-01 2.235e+00
-1.900e-01 2.754e+00
-1.800e-01 3.309e+00
-1.700e-01 3.273e+00
-1.600e-01 3.628e+00
-1.500e-01 2.363e+00
-1.400e-01 8.993e-01
-1.300e-01 2.246e+00
-1.200e-01 2.148e+00
-1.100e-01 2.575e+00
-1.000e-01 2.712e+00
-9.000e-02 6.751e+00
-8.000e-02 5.581e+00
-7.000e-02 5.346e+00
-6.000e-02 6.767e+00
-5.000e-02 9.723e+00
-4.000e-02 1.264e+01
-3.000e-02 2.006e+01
-2.000e-02 2.745e+01
-1.000e-02 4.906e+01
