# Frequency (1.0/ps)      real(fft(F_2))
0.000e+00 1.248e+02
1.000e-02 4.075e+01
2.000e-02 2.747e+01
3.000e-02 1.842e+00
4.000e-02 1.419e+01
5.000e-02 1.051e+01
6.000e-02 6.891e+00
7.000e-02 6.510e+00
8.000e-02 -4.580e-01
9.000e-02 3.260e+00
1.000e-01 2.788e+00
1.100e-01 2.064e+00
1.200e-01 6.954e-01
1.300e-01 1.821e-01
1.400e-01 1.486e-01
1.500e-01 9.735e-01
1.600e-01 1.834e+00
1.700e-01 2.130e+00
1.800e-01 1.969e+00
1.900e-01 2.406e+00
2.000e-01 1.975e+00
2.100e-01 1.494e+00
2.200e-01 1.643e+00
2.300e-01 6.194e-01
2.400e-01 4.422e-01
2.500e-01 2.365e-01
2.600e-01 2.351e+00
2.700e-01 1.790e+00
2.800e-01 2.133e+00
2.900e-01 8.628e-01
3.000e-01 1.272e+00
3.100e-01 1.553e+00
3.200e-01 1.512e+00
3.300e-01 1.481e-01
3.400e-01 8.262e-01
3.500e-01 -8.301e-01
3.600e-01 -5.803e-01
3.700e-01 6.712e-01
3.800e-01 -5.571e-01
3.900e-01 1.055e+00
4.000e-01 5.235e-01
4.100e-01 1.209e+00
4.200e-01 3.775e-01
4.300e-01 -2.121e-03
4.400e-01 7.321e-01
4.500e-01 2.177e-01
4.600e-01 8.919e-01
4.700e-01 1.888e-01
4.800e-01 -6.699e-02
4.900e-01 1.744e-01
5.000e-01 6.083e-01
5.100e-01 7.205e-01
5.200e-01 8.663e-01
5.300e-01 1.348e-01
5.400e-01 1.037e+00
5.500e-01 3.803e-01
5.600e-01 4.954e-01
5.700e-01 3.306e-01
5.800e-01 1.271e+00
5.900e-01 2.119e+00
6.000e-01 1.385e+00
6.100e-01 1.248e+00
6.200e-01 7.569e-01
6.300e-01 6.430e-01
6.400e-01 3.931e-01
6.500e-01 7.002e-01
6.600e-01 1.182e+00
6.700e-01 1.601e+00
6.800e-01 1.085e+00
6.900e-01 9.145e-01
7.000e-01 -3.031e-01
7.100e-01 5.598e-01
7.200e-01 -8.324e-02
7.300e-01 9.813e-01
7.400e-01 2.062e-01
7.500e-01 4.458e-01
7.600e-01 -1.871e-01
7.700e-01 -3.561e-02
7.800e-01 3.053e-01
7.900e-01 5.680e-02
8.000e-01 7.059e-02
8.100e-01 -6.420e-02
8.200e-01 -1.390e-01
8.300e-01 8.771e-01
8.400e-01 3.098e-01
8.500e-01 -1.078e-01
8.600e-01 9.528e-01
8.700e-01 1.037e+00
8.800e-01 1.662e+00
8.900e-01 8.027e-01
9.000e-01 1.102e+00
9.100e-01 5.379e-01
9.200e-01 1.032e+00
9.300e-01 9.707e-01
9.400e-01 5.960e-01
9.500e-01 8.334e-01
9.600e-01 7.016e-01
9.700e-01 5.395e-02
9.800e-01 2.551e-01
9.900e-01 6.912e-01
1.000e+00 1.083e+00
1.010e+00 9.515e-01
1.020e+00 9.882e-01
1.030e+00 7.857e-01
1.040e+00 1.053e+00
1.050e+00 1.772e+00
1.060e+00 1.049e+00
1.070e+00 9.282e-01
1.080e+00 6.517e-01
1.090e+00 7.976e-01
1.100e+00 1.119e+00
1.110e+00 5.072e-02
1.120e+00 3.316e-01
1.130e+00 -2.336e-01
1.140e+00 -1.865e-02
1.150e+00 6.479e-01
1.160e+00 2.185e-01
1.170e+00 4.969e-01
1.180e+00 1.482e-01
1.190e+00 2.868e-01
1.200e+00 3.278e-01
1.210e+00 5.815e-01
1.220e+00 2.412e-01
1.230e+00 8.236e-01
1.240e+00 9.383e-01
1.250e+00 1.292e-01
1.260e+00 3.610e-01
1.270e+00 5.705e-01
1.280e+00 9.382e-02
1.290e+00 6.202e-01
1.300e+00 6.861e-01
1.310e+00 -1.016e-01
1.320e+00 5.377e-01
1.330e+00 4.207e-01
1.340e+00 5.905e-01
1.350e+00 3.285e-01
1.360e+00 6.501e-01
1.370e+00 6.386e-01
1.380e+00 1.353e-01
1.390e+00 1.121e+00
1.400e+00 5.284e-01
1.410e+00 1.038e+00
1.420e+00 1.417e+00
1.430e+00 1.001e+00
1.440e+00 7.320e-01
1.450e+00 -8.125e-03
1.460e+00 8.365e-01
1.470e+00 4.858e-01
1.480e+00 2.779e-01
1.490e+00 5.756e-01
1.500e+00 -1.009e-01
1.510e+00 5.677e-01
1.520e+00 2.255e-01
1.530e+00 3.874e-01
1.540e+00 -1.665e-02
1.550e+00 4.311e-01
1.560e+00 5.051e-01
1.570e+00 -1.592e-01
1.580e+00 -9.009e-02
1.590e+00 4.406e-01
1.600e+00 8.572e-02
1.610e+00 -4.878e-02
1.620e+00 2.737e-01
1.630e+00 4.276e-01
1.640e+00 1.852e-01
1.650e+00 6.033e-01
1.660e+00 1.048e+00
1.670e+00 4.045e-01
1.680e+00 -2.311e-02
1.690e+00 8.058e-01
1.700e+00 3.401e-01
1.710e+00 7.434e-01
1.720e+00 3.173e-01
1.730e+00 8.885e-01
1.740e+00 3.184e-01
1.750e+00 5.977e-01
1.760e+00 3.780e-01
1.770e+00 1.217e-02
1.780e+00 3.282e-01
1.790e+00 2.206e-02
1.800e+00 5.205e-01
1.810e+00 6.893e-01
1.820e+00 5.997e-01
1.830e+00 6.830e-01
1.840e+00 8.288e-01
1.850e+00 1.345e+00
1.860e+00 7.128e-01
1.870e+00 5.973e-01
1.880e+00 4.267e-01
1.890e+00 4.323e-01
1.900e+00 6.167e-01
1.910e+00 3.309e-01
1.920e+00 8.412e-01
1.930e+00 3.288e-01
1.940e+00 6.889e-01
1.950e+00 8.024e-01
1.960e+00 8.027e-01
1.970e+00 1.313e+00
1.980e+00 1.095e+00
1.990e+00 1.405e+00
2.000e+00 1.497e-01
2.010e+00 1.037e+00
2.020e+00 8.038e-02
2.030e+00 8.262e-01
2.040e+00 1.939e-01
2.050e+00 -1.239e-01
2.060e+00 3.590e-01
2.070e+00 4.329e-01
2.080e+00 4.029e-01
2.090e+00 -1.999e-01
2.100e+00 7.388e-02
2.110e+00 3.127e-01
2.120e+00 8.941e-01
2.130e+00 9.909e-01
2.140e+00 7.131e-02
2.150e+00 7.271e-01
2.160e+00 5.257e-01
2.170e+00 1.463e+00
2.180e+00 1.761e-01
2.190e+00 1.058e+00
2.200e+00 5.947e-01
2.210e+00 9.023e-01
2.220e+00 8.449e-01
2.230e+00 5.949e-01
2.240e+00 6.595e-01
2.250e+00 6.231e-01
2.260e+00 5.627e-01
2.270e+00 5.398e-01
2.280e+00 4.799e-01
2.290e+00 7.839e-01
2.300e+00 4.356e-01
2.310e+00 6.857e-01
2.320e+00 5.810e-01
2.330e+00 7.614e-01
2.340e+00 1.115e+00
2.350e+00 1.574e-01
2.360e+00 8.573e-01
2.370e+00 1.029e+00
2.380e+00 9.437e-01
2.390e+00 8.630e-01
2.400e+00 4.939e-01
2.410e+00 4.231e-01
2.420e+00 6.838e-01
2.430e+00 9.117e-01
2.440e+00 6.912e-01
2.450e+00 1.057e+00
2.460e+00 7.494e-01
2.470e+00 7.717e-01
2.480e+00 9.387e-01
2.490e+00 1.104e+00
2.500e+00 4.100e-01
2.510e+00 4.864e-01
2.520e+00 3.191e-02
2.530e+00 3.765e-01
2.540e+00 4.510e-01
2.550e+00 3.079e-01
2.560e+00 6.125e-01
2.570e+00 -1.551e-01
2.580e+00 2.044e-01
2.590e+00 4.881e-01
2.600e+00 5.063e-01
2.610e+00 5.469e-01
2.620e+00 -5.991e-03
2.630e+00 4.232e-01
2.640e+00 5.418e-01
2.650e+00 7.081e-01
2.660e+00 5.701e-01
2.670e+00 3.469e-01
2.680e+00 4.969e-01
2.690e+00 6.268e-01
2.700e+00 1.010e+00
2.710e+00 8.879e-01
2.720e+00 1.253e+00
2.730e+00 8.910e-01
2.740e+00 8.773e-01
2.750e+00 8.813e-01
2.760e+00 4.124e-01
2.770e+00 5.374e-01
2.780e+00 4.102e-01
2.790e+00 2.324e-01
2.800e+00 4.003e-01
2.810e+00 9.773e-02
2.820e+00 4.172e-01
2.830e+00 6.004e-01
2.840e+00 3.288e-01
2.850e+00 3.408e-01
2.860e+00 2.051e-02
2.870e+00 5.931e-01
2.880e+00 5.713e-01
2.890e+00 8.703e-01
2.900e+00 3.292e-01
2.910e+00 5.523e-01
2.920e+00 3.704e-01
2.930e+00 3.831e-01
2.940e+00 5.007e-01
2.950e+00 4.664e-01
2.960e+00 4.474e-01
2.970e+00 8.715e-01
2.980e+00 8.045e-01
2.990e+00 1.098e+00
3.000e+00 8.434e-01
3.010e+00 6.735e-01
3.020e+00 9.435e-01
3.030e+00 5.361e-01
3.040e+00 5.930e-01
3.050e+00 2.588e-01
3.060e+00 7.955e-01
3.070e+00 5.808e-01
3.080e+00 5.849e-01
3.090e+00 4.941e-01
3.100e+00 8.655e-01
3.110e+00 2.360e-01
3.120e+00 6.387e-01
3.130e+00 4.292e-01
3.140e+00 8.282e-01
3.150e+00 5.534e-01
3.160e+00 8.309e-01
3.170e+00 4.517e-01
3.180e+00 6.432e-01
3.190e+00 9.717e-01
3.200e+00 7.558e-01
3.210e+00 9.337e-01
3.220e+00 2.842e-01
3.230e+00 3.477e-01
3.240e+00 7.354e-01
3.250e+00 6.572e-01
3.260e+00 5.147e-01
3.270e+00 7.966e-01
3.280e+00 1.990e-01
3.290e+00 4.654e-01
3.300e+00 -1.906e-01
3.310e+00 5.053e-01
3.320e+00 -1.801e-03
3.330e+00 6.945e-01
3.340e+00 2.317e-01
3.350e+00 5.749e-01
3.360e+00 6.421e-01
3.370e+00 6.529e-01
3.380e+00 3.780e-01
3.390e+00 3.363e-01
3.400e+00 3.302e-01
3.410e+00 8.854e-01
3.420e+00 4.240e-02
3.430e+00 6.943e-01
3.440e+00 5.288e-01
3.450e+00 2.941e-01
3.460e+00 6.790e-01
3.470e+00 5.742e-01
3.480e+00 7.602e-01
3.490e+00 3.175e-01
3.500e+00 4.195e-01
3.510e+00 6.266e-01
3.520e+00 9.103e-01
3.530e+00 4.481e-01
3.540e+00 4.548e-01
3.550e+00 3.601e-01
3.560e+00 2.521e-01
3.570e+00 5.505e-01
3.580e+00 5.815e-01
3.590e+00 5.801e-01
3.600e+00 7.079e-01
3.610e+00 6.934e-01
3.620e+00 1.068e+00
3.630e+00 1.005e+00
3.640e+00 8.981e-01
3.650e+00 6.505e-01
3.660e+00 8.381e-01
3.670e+00 8.894e-01
3.680e+00 7.410e-01
3.690e+00 6.988e-01
3.700e+00 6.679e-01
3.710e+00 6.747e-01
3.720e+00 6.999e-01
3.730e+00 7.579e-01
3.740e+00 1.135e+00
3.750e+00 8.976e-01
3.760e+00 8.230e-01
3.770e+00 2.894e-01
3.780e+00 6.385e-01
3.790e+00 3.201e-01
3.800e+00 1.932e-01
3.810e+00 4.310e-01
3.820e+00 2.788e-01
3.830e+00 4.093e-01
3.840e+00 4.015e-01
3.850e+00 6.053e-01
3.860e+00 4.846e-01
3.870e+00 3.864e-01
3.880e+00 2.183e-01
3.890e+00 5.247e-01
3.900e+00 1.732e-01
3.910e+00 3.493e-01
3.920e+00 3.887e-01
3.930e+00 5.976e-01
3.940e+00 4.987e-01
3.950e+00 9.211e-01
3.960e+00 4.201e-01
3.970e+00 4.169e-01
3.980e+00 5.945e-01
3.990e+00 4.187e-01
4.000e+00 4.840e-01
4.010e+00 2.940e-01
4.020e+00 4.822e-01
4.030e+00 1.058e-01
4.040e+00 5.275e-01
4.050e+00 6.376e-01
4.060e+00 3.993e-01
4.070e+00 2.796e-01
4.080e+00 -3.860e-02
4.090e+00 1.669e-01
4.100e+00 2.376e-01
4.110e+00 2.380e-01
4.120e+00 2.097e-01
4.130e+00 -6.655e-02
4.140e+00 6.574e-01
4.150e+00 1.391e-01
4.160e+00 6.357e-01
4.170e+00 3.058e-01
4.180e+00 5.868e-01
4.190e+00 3.431e-01
4.200e+00 5.417e-01
4.210e+00 5.709e-01
4.220e+00 5.045e-01
4.230e+00 4.633e-01
4.240e+00 8.123e-01
4.250e+00 6.009e-01
4.260e+00 4.727e-01
4.270e+00 7.728e-01
4.280e+00 8.409e-01
4.290e+00 6.808e-01
4.300e+00 7.335e-01
4.310e+00 8.288e-01
4.320e+00 1.069e+00
4.330e+00 5.999e-01
4.340e+00 6.420e-01
4.350e+00 3.652e-01
4.360e+00 6.626e-01
4.370e+00 6.024e-01
4.380e+00 4.066e-01
4.390e+00 8.335e-01
4.400e+00 5.530e-01
4.410e+00 1.040e+00
4.420e+00 2.685e-01
4.430e+00 8.292e-01
4.440e+00 5.399e-01
4.450e+00 5.636e-01
4.460e+00 8.382e-01
4.470e+00 5.040e-01
4.480e+00 7.845e-01
4.490e+00 3.593e-01
4.500e+00 7.042e-01
4.510e+00 5.597e-01
4.520e+00 8.247e-01
4.530e+00 6.642e-01
4.540e+00 6.584e-01
4.550e+00 5.534e-01
4.560e+00 1.385e-01
4.570e+00 1.745e-02
4.580e+00 1.940e-01
4.590e+00 1.743e-01
4.600e+00 1.171e-01
4.610e+00 2.628e-01
4.620e+00 3.808e-01
4.630e+00 5.617e-01
4.640e+00 6.527e-01
4.650e+00 4.939e-01
4.660e+00 9.832e-01
4.670e+00 4.837e-01
4.680e+00 5.251e-01
4.690e+00 7.065e-01
4.700e+00 9.549e-01
4.710e+00 6.940e-01
4.720e+00 7.313e-01
4.730e+00 1.200e+00
4.740e+00 7.401e-01
4.750e+00 7.218e-01
4.760e+00 5.768e-01
4.770e+00 5.010e-01
4.780e+00 3.402e-01
4.790e+00 7.874e-01
4.800e+00 5.738e-01
4.810e+00 4.551e-01
4.820e+00 3.862e-01
4.830e+00 3.505e-01
4.840e+00 8.677e-01
4.850e+00 6.470e-01
4.860e+00 6.914e-01
4.870e+00 4.642e-01
4.880e+00 8.893e-01
4.890e+00 7.982e-01
4.900e+00 8.496e-01
4.910e+00 6.361e-01
4.920e+00 8.157e-01
4.930e+00 5.034e-01
4.940e+00 3.779e-01
4.950e+00 1.540e-01
4.960e+00 8.748e-02
4.970e+00 1.927e-01
4.980e+00 2.024e-01
4.990e+00 7.803e-01
-5.000e+00 -7.764e-02
-4.990e+00 9.305e-01
-4.980e+00 1.280e-01
-4.970e+00 6.033e-01
-4.960e+00 2.551e-01
-4.950e+00 2.538e-01
-4.940e+00 4.447e-01
-4.930e+00 5.112e-01
-4.920e+00 9.165e-01
-4.910e+00 5.776e-01
-4.900e+00 6.423e-01
-4.890e+00 6.466e-01
-4.880e+00 7.355e-01
-4.870e+00 2.650e-01
-4.860e+00 2.466e-01
-4.850e+00 -1.350e-01
-4.840e+00 1.847e-01
-4.830e+00 2.027e-01
-4.820e+00 6.620e-01
-4.810e+00 1.578e-01
-4.800e+00 5.691e-01
-4.790e+00 8.290e-01
-4.780e+00 7.581e-01
-4.770e+00 9.184e-01
-4.760e+00 7.893e-01
-4.750e+00 1.157e+00
-4.740e+00 6.820e-01
-4.730e+00 9.829e-01
-4.720e+00 8.287e-01
-4.710e+00 7.746e-01
-4.700e+00 3.541e-01
-4.690e+00 4.454e-01
-4.680e+00 8.651e-01
-4.670e+00 1.054e+00
-4.660e+00 1.136e+00
-4.650e+00 9.459e-01
-4.640e+00 5.515e-01
-4.630e+00 3.240e-01
-4.620e+00 5.720e-01
-4.610e+00 6.252e-01
-4.600e+00 9.840e-01
-4.590e+00 6.592e-01
-4.580e+00 9.475e-01
-4.570e+00 5.778e-01
-4.560e+00 6.595e-01
-4.550e+00 7.657e-01
-4.540e+00 8.729e-01
-4.530e+00 8.210e-01
-4.520e+00 3.951e-01
-4.510e+00 3.278e-01
-4.500e+00 4.891e-02
-4.490e+00 3.556e-01
-4.480e+00 8.017e-01
-4.470e+00 4.457e-01
-4.460e+00 5.775e-01
-4.450e+00 3.597e-01
-4.440e+00 1.119e+00
-4.430e+00 8.034e-01
-4.420e+00 5.845e-01
-4.410e+00 5.660e-01
-4.400e+00 5.300e-01
-4.390e+00 6.530e-01
-4.380e+00 1.817e-01
-4.370e+00 8.801e-01
-4.360e+00 7.685e-01
-4.350e+00 8.814e-01
-4.340e+00 6.891e-01
-4.330e+00 7.168e-01
-4.320e+00 7.350e-01
-4.310e+00 6.016e-01
-4.300e+00 1.633e-01
-4.290e+00 6.865e-01
-4.280e+00 8.561e-01
-4.270e+00 7.676e-01
-4.260e+00 6.778e-01
-4.250e+00 4.815e-01
-4.240e+00 8.688e-01
-4.230e+00 5.521e-01
-4.220e+00 6.633e-01
-4.210e+00 5.958e-01
-4.200e+00 6.743e-01
-4.190e+00 4.370e-01
-4.180e+00 1.828e-01
-4.170e+00 6.486e-01
-4.160e+00 3.019e-01
-4.150e+00 7.160e-01
-4.140e+00 2.550e-01
-4.130e+00 5.258e-01
-4.120e+00 2.575e-01
-4.110e+00 3.439e-01
-4.100e+00 5.808e-02
-4.090e+00 3.064e-01
-4.080e+00 3.901e-01
-4.070e+00 7.449e-01
-4.060e+00 6.423e-01
-4.050e+00 7.039e-01
-4.040e+00 5.997e-01
-4.030e+00 8.480e-01
-4.020e+00 4.914e-01
-4.010e+00 8.725e-01
-4.000e+00 5.302e-01
-3.990e+00 7.761e-01
-3.980e+00 4.894e-01
-3.970e+00 1.063e+00
-3.960e+00 7.108e-01
-3.950e+00 8.304e-01
-3.940e+00 4.706e-01
-3.930e+00 7.289e-01
-3.920e+00 4.551e-01
-3.910e+00 7.177e-01
-3.900e+00 5.213e-01
-3.890e+00 1.072e+00
-3.880e+00 4.089e-01
-3.870e+00 1.023e+00
-3.860e+00 3.858e-01
-3.850e+00 9.246e-01
-3.840e+00 4.892e-01
-3.830e+00 9.922e-01
-3.820e+00 5.287e-01
-3.810e+00 7.650e-01
-3.800e+00 4.071e-01
-3.790e+00 6.012e-01
-3.780e+00 5.718e-01
-3.770e+00 2.863e-01
-3.760e+00 1.051e-01
-3.750e+00 1.419e-01
-3.740e+00 3.917e-01
-3.730e+00 4.974e-01
-3.720e+00 5.631e-01
-3.710e+00 3.218e-01
-3.700e+00 3.768e-01
-3.690e+00 2.385e-01
-3.680e+00 3.111e-01
-3.670e+00 4.588e-01
-3.660e+00 7.271e-01
-3.650e+00 9.921e-01
-3.640e+00 9.215e-01
-3.630e+00 7.238e-01
-3.620e+00 8.573e-01
-3.610e+00 7.655e-01
-3.600e+00 4.946e-01
-3.590e+00 7.312e-01
-3.580e+00 5.202e-01
-3.570e+00 5.572e-01
-3.560e+00 3.813e-01
-3.550e+00 4.200e-01
-3.540e+00 5.187e-01
-3.530e+00 5.845e-01
-3.520e+00 4.443e-01
-3.510e+00 4.530e-01
-3.500e+00 4.223e-01
-3.490e+00 5.047e-01
-3.480e+00 6.810e-01
-3.470e+00 5.874e-01
-3.460e+00 1.991e-01
-3.450e+00 5.342e-01
-3.440e+00 9.106e-02
-3.430e+00 4.250e-01
-3.420e+00 2.913e-01
-3.410e+00 3.648e-01
-3.400e+00 2.702e-01
-3.390e+00 5.626e-01
-3.380e+00 4.087e-01
-3.370e+00 5.719e-01
-3.360e+00 7.019e-01
-3.350e+00 6.886e-01
-3.340e+00 9.629e-01
-3.330e+00 3.914e-01
-3.320e+00 7.130e-01
-3.310e+00 -4.930e-04
-3.300e+00 6.128e-01
-3.290e+00 2.154e-01
-3.280e+00 3.930e-01
-3.270e+00 5.392e-02
-3.260e+00 6.815e-01
-3.250e+00 5.933e-01
-3.240e+00 7.350e-01
-3.230e+00 6.306e-01
-3.220e+00 6.246e-01
-3.210e+00 6.550e-01
-3.200e+00 4.930e-01
-3.190e+00 4.961e-01
-3.180e+00 6.488e-01
-3.170e+00 5.574e-01
-3.160e+00 8.805e-01
-3.150e+00 6.193e-01
-3.140e+00 7.756e-01
-3.130e+00 6.303e-01
-3.120e+00 5.198e-01
-3.110e+00 4.956e-01
-3.100e+00 5.493e-01
-3.090e+00 5.236e-01
-3.080e+00 3.661e-01
-3.070e+00 7.508e-01
-3.060e+00 6.416e-01
-3.050e+00 8.156e-01
-3.040e+00 7.920e-01
-3.030e+00 8.035e-01
-3.020e+00 7.335e-01
-3.010e+00 5.173e-01
-3.000e+00 3.251e-01
-2.990e+00 4.057e-01
-2.980e+00 2.368e-01
-2.970e+00 6.250e-01
-2.960e+00 1.409e-01
-2.950e+00 7.584e-01
-2.940e+00 4.103e-01
-2.930e+00 4.075e-01
-2.920e+00 7.091e-02
-2.910e+00 1.146e-01
-2.900e+00 4.863e-01
-2.890e+00 4.741e-01
-2.880e+00 5.674e-01
-2.870e+00 1.549e-01
-2.860e+00 6.717e-01
-2.850e+00 6.609e-01
-2.840e+00 5.453e-01
-2.830e+00 4.234e-01
-2.820e+00 6.532e-01
-2.810e+00 4.622e-01
-2.800e+00 9.220e-01
-2.790e+00 4.741e-01
-2.780e+00 7.063e-01
-2.770e+00 5.737e-01
-2.760e+00 1.066e+00
-2.750e+00 7.685e-01
-2.740e+00 6.657e-01
-2.730e+00 5.895e-01
-2.720e+00 6.538e-01
-2.710e+00 1.250e+00
-2.700e+00 6.289e-01
-2.690e+00 1.073e+00
-2.680e+00 5.574e-01
-2.670e+00 3.814e-01
-2.660e+00 5.975e-01
-2.650e+00 3.331e-01
-2.640e+00 6.863e-01
-2.630e+00 3.466e-01
-2.620e+00 6.791e-01
-2.610e+00 3.790e-01
-2.600e+00 5.761e-01
-2.590e+00 4.365e-01
-2.580e+00 6.811e-01
-2.570e+00 2.202e-01
-2.560e+00 8.408e-01
-2.550e+00 5.228e-01
-2.540e+00 4.445e-01
-2.530e+00 2.657e-01
-2.520e+00 5.368e-01
-2.510e+00 -2.613e-02
-2.500e+00 6.162e-01
-2.490e+00 3.814e-01
-2.480e+00 4.383e-01
-2.470e+00 7.201e-01
-2.460e+00 7.233e-01
-2.450e+00 9.460e-01
-2.440e+00 7.958e-01
-2.430e+00 7.375e-01
-2.420e+00 5.121e-01
-2.410e+00 5.914e-01
-2.400e+00 4.103e-01
-2.390e+00 7.828e-01
-2.380e+00 6.388e-01
-2.370e+00 7.113e-01
-2.360e+00 5.799e-01
-2.350e+00 4.283e-01
-2.340e+00 3.526e-01
-2.330e+00 7.971e-01
-2.320e+00 3.608e-01
-2.310e+00 1.070e+00
-2.300e+00 6.107e-01
-2.290e+00 4.694e-01
-2.280e+00 2.863e-01
-2.270e+00 4.496e-01
-2.260e+00 6.060e-01
-2.250e+00 5.402e-01
-2.240e+00 7.068e-01
-2.230e+00 9.543e-01
-2.220e+00 1.040e+00
-2.210e+00 1.316e+00
-2.200e+00 1.150e+00
-2.190e+00 8.278e-01
-2.180e+00 1.028e+00
-2.170e+00 4.818e-01
-2.160e+00 4.322e-01
-2.150e+00 3.392e-01
-2.140e+00 1.426e-01
-2.130e+00 7.893e-01
-2.120e+00 7.944e-01
-2.110e+00 1.156e+00
-2.100e+00 6.572e-01
-2.090e+00 8.787e-01
-2.080e+00 9.411e-01
-2.070e+00 1.066e+00
-2.060e+00 5.724e-01
-2.050e+00 6.948e-01
-2.040e+00 1.288e-01
-2.030e+00 9.043e-01
-2.020e+00 9.081e-01
-2.010e+00 4.608e-01
-2.000e+00 3.346e-01
-1.990e+00 7.183e-01
-1.980e+00 5.474e-01
-1.970e+00 6.247e-01
-1.960e+00 3.686e-01
-1.950e+00 4.823e-01
-1.940e+00 1.041e-02
-1.930e+00 1.901e-01
-1.920e+00 2.850e-01
-1.910e+00 3.811e-01
-1.900e+00 5.133e-01
-1.890e+00 5.649e-02
-1.880e+00 8.097e-01
-1.870e+00 2.057e-01
-1.860e+00 7.015e-01
-1.850e+00 4.998e-01
-1.840e+00 1.134e+00
-1.830e+00 6.327e-01
-1.820e+00 7.755e-01
-1.810e+00 6.858e-01
-1.800e+00 9.455e-01
-1.790e+00 6.184e-01
-1.780e+00 5.811e-01
-1.770e+00 1.210e-01
-1.760e+00 4.988e-01
-1.750e+00 -3.196e-02
-1.740e+00 2.363e-01
-1.730e+00 7.525e-02
-1.720e+00 5.335e-02
-1.710e+00 3.393e-01
-1.700e+00 3.114e-01
-1.690e+00 7.454e-01
-1.680e+00 9.266e-01
-1.670e+00 6.772e-01
-1.660e+00 1.795e-01
-1.650e+00 9.220e-01
-1.640e+00 6.681e-01
-1.630e+00 8.779e-02
-1.620e+00 3.121e-01
-1.610e+00 9.625e-01
-1.600e+00 -3.363e-01
-1.590e+00 3.950e-01
-1.580e+00 1.067e+00
-1.570e+00 7.649e-01
-1.560e+00 1.048e+00
-1.550e+00 5.421e-01
-1.540e+00 7.955e-01
-1.530e+00 7.209e-01
-1.520e+00 8.176e-01
-1.510e+00 1.037e+00
-1.500e+00 9.508e-01
-1.490e+00 8.089e-01
-1.480e+00 8.521e-01
-1.470e+00 8.836e-01
-1.460e+00 1.502e-01
-1.450e+00 8.988e-01
-1.440e+00 1.539e+00
-1.430e+00 8.487e-01
-1.420e+00 1.281e+00
-1.410e+00 7.928e-01
-1.400e+00 2.043e+00
-1.390e+00 1.330e+00
-1.380e+00 7.782e-01
-1.370e+00 7.347e-01
-1.360e+00 6.840e-01
-1.350e+00 1.531e+00
-1.340e+00 1.053e+00
-1.330e+00 9.107e-01
-1.320e+00 5.596e-02
-1.310e+00 3.286e-01
-1.300e+00 1.475e-01
-1.290e+00 7.680e-02
-1.280e+00 4.831e-01
-1.270e+00 -1.231e-01
-1.260e+00 -1.056e-01
-1.250e+00 4.466e-01
-1.240e+00 4.948e-01
-1.230e+00 5.014e-01
-1.220e+00 7.777e-01
-1.210e+00 9.253e-01
-1.200e+00 8.030e-01
-1.190e+00 8.549e-01
-1.180e+00 9.048e-01
-1.170e+00 9.118e-01
-1.160e+00 9.127e-01
-1.150e+00 1.282e+00
-1.140e+00 1.628e+00
-1.130e+00 1.089e+00
-1.120e+00 9.135e-01
-1.110e+00 7.327e-01
-1.100e+00 8.514e-01
-1.090e+00 6.785e-01
-1.080e+00 1.031e+00
-1.070e+00 2.893e-01
-1.060e+00 1.567e-01
-1.050e+00 5.011e-01
-1.040e+00 1.145e+00
-1.030e+00 8.677e-01
-1.020e+00 7.205e-01
-1.010e+00 7.108e-01
-1.000e+00 9.254e-01
-9.900e-01 4.660e-01
-9.800e-01 7.566e-01
-9.700e-01 9.353e-01
-9.600e-01 9.783e-01
-9.500e-01 4.217e-02
-9.400e-01 1.331e+00
-9.300e-01 1.196e+00
-9.200e-01 1.430e+00
-9.100e-01 8.649e-01
-9.000e-01 3.553e-01
-8.900e-01 6.029e-01
-8.800e-01 1.006e+00
-8.700e-01 1.157e+00
-8.600e-01 1.084e+00
-8.500e-01 2.789e-01
-8.400e-01 4.983e-01
-8.300e-01 3.129e-01
-8.200e-01 2.632e-01
-8.100e-01 4.818e-01
-8.000e-01 1.062e+00
-7.900e-01 1.345e+00
-7.800e-01 6.166e-01
-7.700e-01 1.787e+00
-7.600e-01 8.089e-01
-7.500e-01 1.721e+00
-7.400e-01 4.301e-01
-7.300e-01 1.506e-01
-7.200e-01 6.617e-01
-7.100e-01 -1.031e-01
-7.000e-01 2.104e-01
-6.900e-01 6.344e-01
-6.800e-01 1.427e+00
-6.700e-01 6.953e-01
-6.600e-01 7.120e-01
-6.500e-01 1.311e+00
-6.400e-01 8.682e-01
-6.300e-01 1.504e+00
-6.200e-01 5.220e-01
-6.100e-01 1.458e+00
-6.000e-01 1.129e+00
-5.900e-01 1.376e+00
-5.800e-01 1.096e+00
-5.700e-01 5.867e-01
-5.600e-01 1.311e+00
-5.500e-01 9.704e-01
-5.400e-01 5.611e-01
-5.300e-01 1.103e+00
-5.200e-01 2.127e-01
-5.100e-01 1.020e+00
-5.000e-01 1.737e+00
-4.900e-01 1.445e+00
-4.800e-01 1.769e+00
-4.700e-01 1.508e+00
-4.600e-01 5.906e-01
-4.500e-01 1.893e+00
-4.400e-01 1.561e+00
-4.300e-01 2.969e+00
-4.200e-01 2.176e+00
-4.100e-01 2.974e+00
-4.000e-01 1.746e+00
-3.900e-01 1.598e+00
-3.800e-01 2.123e+00
-3.700e-01 1.792e+00
-3.600e-01 1.859e+00
-3.500e-01 1.471e+00
-3.400e-01 2.950e+00
-3.300e-01 3.246e+00
-3.200e-01 2.400e+00
-3.100e-01 2.646e+00
-3.000e-01 1.786e+00
-2.900e-01 9.102e-01
-2.800e-01 9.848e-01
-2.700e-01 5.189e-01
-2.600e-01 2.562e-01
-2.500e-01 -1.032e+00
-2.400e-01 1.596e+00
-2.300e-01 2.519e+00
-2.200e-01 2.695e+00
-2.100e-01 1.913e+00
-2.000e-01 8.482e-02
-1.900e-01 8.973e-01
-1.800e-01 -9.245e-01
-1.700e-01 3.390e+00
-1.600e-01 1.563e+00
-1.500e-01 3.115e+00
-1.400e-01 4.731e+00
-1.300e-01 2.284e+00
-1.200e-01 3.681e+00
-1.100e-01 3.970e+00
-1.000e-01 5.396e+00
-9.000e-02 -5.946e-01
-8.000e-02 -6.528e-01
-7.000e-02 6.907e+00
-6.000e-02 4.367e+00
-5.000e-02 5.449e+00
-4.000e-02 1.296e+01
-3.000e-02 1.118e+01
-2.000e-02 2.658e+01
-1.000e-02 4.295e+01
