# Frequency (1.0/ps)      real(fft(F_1))
0.000e+00 1.090e+02
1.000e-02 5.085e+01
2.000e-02 2.447e+01
3.000e-02 8.987e+00
4.000e-02 1.035e+01
5.000e-02 8.025e+00
6.000e-02 6.376e+00
7.000e-02 4.334e+00
8.000e-02 3.064e+00
9.000e-02 1.595e+00
1.000e-01 4.902e+00
1.100e-01 4.651e+00
1.200e-01 7.302e+00
1.300e-01 5.220e+00
1.400e-01 4.709e+00
1.500e-01 3.453e+00
1.600e-01 2.961e+00
1.700e-01 1.673e+00
1.800e-01 4.060e-01
1.900e-01 2.161e+00
2.000e-01 1.350e+00
2.100e-01 2.063e+00
2.200e-01 2.328e+00
2.300e-01 1.934e+00
2.400e-01 2.427e+00
2.500e-01 1.057e+00
2.600e-01 2.180e+00
2.700e-01 4.913e-01
2.800e-01 6.062e-01
2.900e-01 1.095e+00
3.000e-01 1.493e+00
3.100e-01 1.663e+00
3.200e-01 1.720e+00
3.300e-01 1.713e+00
3.400e-01 8.615e-01
3.500e-01 1.123e+00
3.600e-01 1.672e+00
3.700e-01 1.288e+00
3.800e-01 1.514e+00
3.900e-01 7.424e-01
4.000e-01 2.011e+00
4.100e-01 1.757e+00
4.200e-01 2.419e+00
4.300e-01 2.239e+00
4.400e-01 1.432e+00
4.500e-01 3.687e-01
4.600e-01 4.994e-01
4.700e-01 8.190e-01
4.800e-01 5.735e-01
4.900e-01 9.057e-01
5.000e-01 1.190e+00
5.100e-01 1.148e+00
5.200e-01 6.194e-01
5.300e-01 7.530e-01
5.400e-01 1.327e+00
5.500e-01 1.470e+00
5.600e-01 1.702e+00
5.700e-01 9.350e-01
5.800e-01 9.200e-01
5.900e-01 5.838e-01
6.000e-01 8.479e-01
6.100e-01 9.056e-01
6.200e-01 1.146e+00
6.300e-01 1.458e+00
6.400e-01 5.198e-01
6.500e-01 6.274e-01
6.600e-01 5.686e-01
6.700e-01 1.006e+00
6.800e-01 1.357e+00
6.900e-01 1.186e+00
7.000e-01 9.825e-01
7.100e-01 9.527e-01
7.200e-01 1.051e-01
7.300e-01 1.294e+00
7.400e-01 1.423e+00
7.500e-01 1.243e+00
7.600e-01 7.296e-01
7.700e-01 2.732e-01
7.800e-01 7.079e-02
7.900e-01 1.266e+00
8.000e-01 9.265e-01
8.100e-01 7.768e-01
8.200e-01 8.145e-01
8.300e-01 4.960e-01
8.400e-01 4.483e-01
8.500e-01 5.720e-01
8.600e-01 7.307e-01
8.700e-01 1.098e+00
8.800e-01 1.096e+00
8.900e-01 4.253e-01
9.000e-01 6.014e-01
9.100e-01 1.270e+00
9.200e-01 1.746e+00
9.300e-01 1.608e+00
9.400e-01 1.003e+00
9.500e-01 8.663e-01
9.600e-01 8.555e-01
9.700e-01 1.297e+00
9.800e-01 2.162e-01
9.900e-01 3.677e-01
1.000e+00 2.785e-01
1.010e+00 3.348e-01
1.020e+00 2.973e-01
1.030e+00 3.161e-01
1.040e+00 1.405e+00
1.050e+00 7.262e-01
1.060e+00 1.063e+00
1.070e+00 4.884e-01
1.080e+00 5.872e-01
1.090e+00 6.251e-01
1.100e+00 8.185e-01
1.110e+00 8.821e-01
1.120e+00 9.960e-01
1.130e+00 1.083e+00
1.140e+00 5.772e-01
1.150e+00 9.317e-01
1.160e+00 7.433e-01
1.170e+00 4.744e-01
1.180e+00 9.045e-01
1.190e+00 9.666e-01
1.200e+00 6.756e-01
1.210e+00 3.652e-01
1.220e+00 2.019e-03
1.230e+00 6.091e-01
1.240e+00 7.654e-01
1.250e+00 5.054e-01
1.260e+00 2.840e-01
1.270e+00 1.506e-01
1.280e+00 1.492e-01
1.290e+00 7.193e-01
1.300e+00 3.431e-01
1.310e+00 5.991e-01
1.320e+00 6.053e-01
1.330e+00 9.548e-01
1.340e+00 6.163e-01
1.350e+00 1.133e+00
1.360e+00 1.072e+00
1.370e+00 8.460e-01
1.380e+00 1.208e+00
1.390e+00 9.343e-01
1.400e+00 1.173e+00
1.410e+00 9.876e-01
1.420e+00 6.201e-01
1.430e+00 9.139e-01
1.440e+00 9.857e-01
1.450e+00 9.474e-01
1.460e+00 8.945e-01
1.470e+00 3.987e-01
1.480e+00 5.452e-01
1.490e+00 3.909e-01
1.500e+00 1.382e+00
1.510e+00 6.903e-01
1.520e+00 3.258e-01
1.530e+00 6.344e-02
1.540e+00 7.863e-02
1.550e+00 7.650e-01
1.560e+00 8.799e-01
1.570e+00 1.039e+00
1.580e+00 1.167e+00
1.590e+00 7.091e-01
1.600e+00 1.127e+00
1.610e+00 7.541e-01
1.620e+00 8.391e-01
1.630e+00 6.127e-01
1.640e+00 7.167e-01
1.650e+00 8.287e-01
1.660e+00 7.927e-01
1.670e+00 8.246e-01
1.680e+00 4.341e-01
1.690e+00 8.824e-01
1.700e+00 8.972e-01
1.710e+00 5.348e-01
1.720e+00 1.054e+00
1.730e+00 7.562e-01
1.740e+00 1.065e+00
1.750e+00 5.216e-01
1.760e+00 5.314e-01
1.770e+00 6.057e-01
1.780e+00 5.209e-01
1.790e+00 6.104e-01
1.800e+00 5.015e-01
1.810e+00 1.028e+00
1.820e+00 5.425e-01
1.830e+00 6.814e-01
1.840e+00 4.486e-01
1.850e+00 6.739e-01
1.860e+00 2.868e-01
1.870e+00 5.000e-01
1.880e+00 1.837e-01
1.890e+00 4.029e-01
1.900e+00 6.026e-01
1.910e+00 3.358e-01
1.920e+00 4.736e-01
1.930e+00 1.842e-02
1.940e+00 3.898e-01
1.950e+00 1.544e-01
1.960e+00 5.324e-01
1.970e+00 1.674e-01
1.980e+00 5.505e-01
1.990e+00 6.365e-01
2.000e+00 6.326e-01
2.010e+00 7.563e-01
2.020e+00 9.624e-01
2.030e+00 4.830e-01
2.040e+00 2.246e-01
2.050e+00 3.968e-01
2.060e+00 5.592e-01
2.070e+00 7.341e-01
2.080e+00 6.101e-01
2.090e+00 3.379e-01
2.100e+00 3.289e-02
2.110e+00 4.845e-01
2.120e+00 2.867e-01
2.130e+00 4.587e-01
2.140e+00 4.329e-01
2.150e+00 2.793e-01
2.160e+00 5.891e-01
2.170e+00 -1.372e-01
2.180e+00 8.172e-01
2.190e+00 8.932e-01
2.200e+00 1.119e+00
2.210e+00 7.713e-01
2.220e+00 7.395e-01
2.230e+00 6.620e-01
2.240e+00 3.363e-01
2.250e+00 4.662e-01
2.260e+00 2.748e-01
2.270e+00 7.805e-01
2.280e+00 7.662e-01
2.290e+00 1.279e+00
2.300e+00 7.745e-01
2.310e+00 7.659e-01
2.320e+00 4.925e-01
2.330e+00 4.303e-01
2.340e+00 7.146e-01
2.350e+00 6.329e-01
2.360e+00 8.759e-01
2.370e+00 5.187e-01
2.380e+00 6.983e-01
2.390e+00 2.731e-01
2.400e+00 8.508e-02
2.410e+00 4.901e-01
2.420e+00 7.160e-01
2.430e+00 1.118e+00
2.440e+00 5.430e-01
2.450e+00 2.763e-01
2.460e+00 7.007e-01
2.470e+00 6.910e-01
2.480e+00 9.474e-01
2.490e+00 4.777e-01
2.500e+00 4.114e-01
2.510e+00 2.573e-01
2.520e+00 2.437e-01
2.530e+00 6.049e-01
2.540e+00 2.453e-01
2.550e+00 6.932e-01
2.560e+00 8.470e-01
2.570e+00 7.271e-01
2.580e+00 4.245e-01
2.590e+00 2.824e-01
2.600e+00 7.463e-01
2.610e+00 4.896e-01
2.620e+00 9.364e-01
2.630e+00 4.721e-01
2.640e+00 7.627e-01
2.650e+00 3.827e-01
2.660e+00 1.291e-01
2.670e+00 4.520e-01
2.680e+00 5.254e-01
2.690e+00 5.834e-01
2.700e+00 7.715e-01
2.710e+00 6.511e-01
2.720e+00 9.681e-01
2.730e+00 4.136e-01
2.740e+00 5.805e-01
2.750e+00 4.116e-01
2.760e+00 7.191e-01
2.770e+00 5.440e-01
2.780e+00 4.472e-01
2.790e+00 2.009e-01
2.800e+00 3.723e-01
2.810e+00 8.920e-02
2.820e+00 2.565e-01
2.830e+00 2.635e-01
2.840e+00 5.426e-02
2.850e+00 -6.225e-02
2.860e+00 2.246e-01
2.870e+00 9.866e-02
2.880e+00 5.383e-01
2.890e+00 4.644e-01
2.900e+00 6.194e-01
2.910e+00 5.325e-01
2.920e+00 3.942e-01
2.930e+00 5.527e-01
2.940e+00 6.776e-01
2.950e+00 6.664e-01
2.960e+00 5.042e-01
2.970e+00 2.312e-01
2.980e+00 5.140e-01
2.990e+00 3.388e-01
3.000e+00 8.167e-01
3.010e+00 7.627e-02
3.020e+00 3.702e-01
3.030e+00 4.611e-01
3.040e+00 8.990e-01
3.050e+00 7.300e-01
3.060e+00 6.108e-01
3.070e+00 5.619e-01
3.080e+00 3.925e-01
3.090e+00 7.935e-01
3.100e+00 3.887e-01
3.110e+00 6.933e-01
3.120e+00 6.486e-01
3.130e+00 6.021e-01
3.140e+00 8.284e-01
3.150e+00 6.234e-01
3.160e+00 3.582e-01
3.170e+00 2.583e-01
3.180e+00 2.213e-01
3.190e+00 5.653e-01
3.200e+00 4.217e-01
3.210e+00 9.168e-01
3.220e+00 5.256e-01
3.230e+00 3.857e-01
3.240e+00 6.595e-01
3.250e+00 6.138e-01
3.260e+00 7.172e-01
3.270e+00 3.116e-01
3.280e+00 6.243e-01
3.290e+00 5.453e-01
3.300e+00 4.675e-01
3.310e+00 2.082e-01
3.320e+00 2.327e-01
3.330e+00 6.287e-01
3.340e+00 4.445e-01
3.350e+00 5.689e-01
3.360e+00 7.385e-01
3.370e+00 4.892e-01
3.380e+00 5.888e-01
3.390e+00 6.401e-01
3.400e+00 6.203e-01
3.410e+00 4.247e-01
3.420e+00 4.933e-01
3.430e+00 6.600e-01
3.440e+00 5.699e-01
3.450e+00 5.109e-01
3.460e+00 7.085e-01
3.470e+00 7.596e-01
3.480e+00 6.498e-01
3.490e+00 5.893e-01
3.500e+00 5.888e-01
3.510e+00 7.220e-01
3.520e+00 8.063e-01
3.530e+00 9.409e-01
3.540e+00 7.144e-01
3.550e+00 5.142e-01
3.560e+00 5.504e-01
3.570e+00 6.021e-01
3.580e+00 5.697e-01
3.590e+00 7.314e-01
3.600e+00 5.724e-01
3.610e+00 5.259e-01
3.620e+00 5.554e-01
3.630e+00 1.095e+00
3.640e+00 9.558e-01
3.650e+00 1.108e+00
3.660e+00 4.662e-01
3.670e+00 6.198e-01
3.680e+00 2.579e-01
3.690e+00 6.150e-01
3.700e+00 3.477e-01
3.710e+00 5.324e-01
3.720e+00 3.261e-01
3.730e+00 5.621e-01
3.740e+00 4.901e-01
3.750e+00 5.028e-01
3.760e+00 4.242e-01
3.770e+00 6.455e-01
3.780e+00 7.211e-01
3.790e+00 5.910e-01
3.800e+00 6.477e-01
3.810e+00 8.203e-01
3.820e+00 7.620e-01
3.830e+00 5.780e-01
3.840e+00 1.343e-01
3.850e+00 6.117e-01
3.860e+00 6.179e-01
3.870e+00 1.234e+00
3.880e+00 6.083e-01
3.890e+00 7.473e-01
3.900e+00 7.431e-01
3.910e+00 9.956e-01
3.920e+00 7.389e-01
3.930e+00 7.842e-01
3.940e+00 5.144e-01
3.950e+00 7.711e-01
3.960e+00 5.507e-01
3.970e+00 8.222e-01
3.980e+00 5.880e-01
3.990e+00 6.544e-01
4.000e+00 3.039e-01
4.010e+00 5.311e-01
4.020e+00 6.769e-01
4.030e+00 6.176e-01
4.040e+00 6.538e-01
4.050e+00 5.963e-01
4.060e+00 6.938e-01
4.070e+00 7.510e-01
4.080e+00 6.908e-01
4.090e+00 5.482e-01
4.100e+00 2.967e-01
4.110e+00 5.538e-01
4.120e+00 4.767e-01
4.130e+00 8.236e-01
4.140e+00 5.442e-01
4.150e+00 4.730e-01
4.160e+00 4.988e-01
4.170e+00 6.403e-01
4.180e+00 5.385e-01
4.190e+00 6.456e-01
4.200e+00 4.254e-01
4.210e+00 6.850e-01
4.220e+00 6.951e-01
4.230e+00 7.606e-01
4.240e+00 6.598e-01
4.250e+00 5.083e-01
4.260e+00 4.214e-01
4.270e+00 4.129e-01
4.280e+00 5.705e-01
4.290e+00 5.876e-01
4.300e+00 7.022e-01
4.310e+00 5.788e-01
4.320e+00 7.360e-01
4.330e+00 7.463e-01
4.340e+00 5.545e-01
4.350e+00 5.234e-01
4.360e+00 7.093e-01
4.370e+00 5.233e-01
4.380e+00 4.882e-01
4.390e+00 4.043e-01
4.400e+00 5.043e-01
4.410e+00 5.612e-01
4.420e+00 5.505e-01
4.430e+00 6.473e-01
4.440e+00 6.687e-01
4.450e+00 4.536e-01
4.460e+00 5.466e-01
4.470e+00 6.698e-01
4.480e+00 8.586e-01
4.490e+00 5.817e-01
4.500e+00 3.712e-01
4.510e+00 5.402e-01
4.520e+00 5.065e-01
4.530e+00 5.691e-01
4.540e+00 5.409e-01
4.550e+00 6.611e-01
4.560e+00 5.872e-01
4.570e+00 5.298e-01
4.580e+00 2.199e-01
4.590e+00 5.039e-01
4.600e+00 5.995e-01
4.610e+00 8.782e-01
4.620e+00 4.111e-01
4.630e+00 4.933e-01
4.640e+00 3.317e-01
4.650e+00 8.414e-01
4.660e+00 7.976e-01
4.670e+00 8.132e-01
4.680e+00 4.205e-01
4.690e+00 4.053e-01
4.700e+00 4.176e-01
4.710e+00 5.292e-01
4.720e+00 9.184e-01
4.730e+00 6.267e-01
4.740e+00 4.448e-01
4.750e+00 5.378e-01
4.760e+00 4.224e-01
4.770e+00 7.007e-01
4.780e+00 4.172e-01
4.790e+00 6.182e-01
4.800e+00 3.746e-01
4.810e+00 2.468e-01
4.820e+00 2.633e-01
4.830e+00 -5.462e-02
4.840e+00 4.708e-01
4.850e+00 3.233e-01
4.860e+00 4.163e-01
4.870e+00 6.339e-01
4.880e+00 4.476e-01
4.890e+00 4.396e-01
4.900e+00 4.171e-01
4.910e+00 2.346e-01
4.920e+00 8.163e-01
4.930e+00 7.612e-01
4.940e+00 8.978e-01
4.950e+00 5.046e-01
4.960e+00 2.800e-01
4.970e+00 6.279e-01
4.980e+00 1.373e-01
4.990e+00 5.077e-01
-5.000e+00 2.381e-02
-4.990e+00 5.332e-01
-4.980e+00 1.188e-01
-4.970e+00 3.765e-01
-4.960e+00 3.791e-01
-4.950e+00 3.491e-01
-4.940e+00 8.059e-01
-4.930e+00 5.949e-01
-4.920e+00 7.137e-01
-4.910e+00 6.157e-01
-4.900e+00 5.969e-01
-4.890e+00 6.318e-01
-4.880e+00 3.770e-01
-4.870e+00 4.335e-01
-4.860e+00 5.186e-01
-4.850e+00 7.049e-01
-4.840e+00 6.672e-01
-4.830e+00 2.250e-01
-4.820e+00 3.704e-01
-4.810e+00 5.012e-01
-4.800e+00 5.913e-01
-4.790e+00 4.938e-01
-4.780e+00 2.678e-01
-4.770e+00 5.478e-01
-4.760e+00 2.369e-01
-4.750e+00 6.472e-01
-4.740e+00 7.952e-01
-4.730e+00 8.272e-01
-4.720e+00 7.585e-01
-4.710e+00 3.921e-01
-4.700e+00 5.619e-01
-4.690e+00 6.233e-01
-4.680e+00 7.519e-01
-4.670e+00 5.208e-01
-4.660e+00 5.938e-01
-4.650e+00 7.903e-01
-4.640e+00 8.107e-01
-4.630e+00 7.883e-01
-4.620e+00 5.869e-01
-4.610e+00 4.042e-01
-4.600e+00 2.939e-01
-4.590e+00 4.382e-01
-4.580e+00 5.584e-01
-4.570e+00 3.826e-01
-4.560e+00 4.596e-01
-4.550e+00 8.397e-01
-4.540e+00 8.070e-01
-4.530e+00 9.533e-01
-4.520e+00 5.893e-01
-4.510e+00 6.755e-01
-4.500e+00 4.383e-01
-4.490e+00 6.284e-01
-4.480e+00 8.378e-01
-4.470e+00 6.673e-01
-4.460e+00 4.605e-01
-4.450e+00 2.393e-01
-4.440e+00 3.634e-01
-4.430e+00 4.653e-01
-4.420e+00 5.413e-01
-4.410e+00 7.579e-01
-4.400e+00 4.714e-01
-4.390e+00 5.740e-01
-4.380e+00 8.472e-01
-4.370e+00 6.029e-01
-4.360e+00 5.893e-01
-4.350e+00 2.907e-01
-4.340e+00 7.032e-01
-4.330e+00 6.926e-01
-4.320e+00 7.555e-01
-4.310e+00 5.888e-01
-4.300e+00 5.554e-01
-4.290e+00 7.720e-01
-4.280e+00 5.347e-01
-4.270e+00 4.049e-01
-4.260e+00 4.717e-01
-4.250e+00 5.312e-01
-4.240e+00 5.802e-01
-4.230e+00 7.123e-01
-4.220e+00 2.483e-01
-4.210e+00 5.837e-01
-4.200e+00 4.407e-01
-4.190e+00 6.587e-01
-4.180e+00 4.933e-01
-4.170e+00 3.826e-01
-4.160e+00 4.095e-01
-4.150e+00 4.428e-01
-4.140e+00 4.509e-01
-4.130e+00 4.880e-01
-4.120e+00 2.773e-01
-4.110e+00 5.383e-01
-4.100e+00 4.042e-01
-4.090e+00 4.912e-01
-4.080e+00 2.327e-01
-4.070e+00 2.505e-01
-4.060e+00 5.280e-01
-4.050e+00 5.113e-01
-4.040e+00 5.561e-01
-4.030e+00 5.639e-01
-4.020e+00 5.411e-01
-4.010e+00 3.902e-01
-4.000e+00 6.517e-01
-3.990e+00 3.698e-01
-3.980e+00 4.926e-01
-3.970e+00 6.317e-01
-3.960e+00 5.504e-01
-3.950e+00 5.773e-01
-3.940e+00 6.243e-01
-3.930e+00 4.386e-01
-3.920e+00 5.732e-01
-3.910e+00 6.783e-01
-3.900e+00 5.892e-01
-3.890e+00 6.993e-01
-3.880e+00 4.517e-01
-3.870e+00 6.722e-01
-3.860e+00 6.049e-01
-3.850e+00 5.426e-01
-3.840e+00 6.986e-01
-3.830e+00 5.120e-01
-3.820e+00 6.224e-01
-3.810e+00 6.556e-01
-3.800e+00 6.967e-01
-3.790e+00 2.745e-01
-3.780e+00 3.569e-01
-3.770e+00 6.211e-01
-3.760e+00 6.800e-01
-3.750e+00 9.754e-01
-3.740e+00 3.784e-01
-3.730e+00 8.624e-01
-3.720e+00 5.013e-01
-3.710e+00 8.149e-01
-3.700e+00 3.987e-01
-3.690e+00 6.875e-01
-3.680e+00 6.132e-01
-3.670e+00 8.043e-01
-3.660e+00 3.733e-01
-3.650e+00 7.092e-01
-3.640e+00 4.905e-01
-3.630e+00 6.778e-01
-3.620e+00 7.433e-01
-3.610e+00 4.081e-01
-3.600e+00 8.104e-02
-3.590e+00 3.508e-01
-3.580e+00 9.006e-01
-3.570e+00 8.329e-01
-3.560e+00 3.307e-01
-3.550e+00 2.883e-01
-3.540e+00 3.243e-01
-3.530e+00 8.369e-01
-3.520e+00 6.213e-01
-3.510e+00 7.261e-01
-3.500e+00 5.672e-01
-3.490e+00 5.847e-01
-3.480e+00 7.403e-01
-3.470e+00 6.018e-01
-3.460e+00 6.072e-01
-3.450e+00 5.620e-01
-3.440e+00 4.038e-01
-3.430e+00 3.553e-01
-3.420e+00 4.773e-01
-3.410e+00 8.228e-01
-3.400e+00 7.568e-01
-3.390e+00 3.577e-01
-3.380e+00 3.773e-01
-3.370e+00 5.055e-01
-3.360e+00 4.818e-01
-3.350e+00 3.692e-01
-3.340e+00 4.316e-01
-3.330e+00 8.954e-01
-3.320e+00 8.339e-01
-3.310e+00 8.232e-01
-3.300e+00 6.210e-01
-3.290e+00 3.832e-01
-3.280e+00 3.369e-01
-3.270e+00 4.855e-01
-3.260e+00 6.827e-01
-3.250e+00 6.312e-01
-3.240e+00 5.195e-01
-3.230e+00 6.825e-01
-3.220e+00 4.326e-01
-3.210e+00 6.388e-01
-3.200e+00 2.973e-01
-3.190e+00 3.166e-01
-3.180e+00 4.543e-01
-3.170e+00 3.478e-01
-3.160e+00 2.352e-01
-3.150e+00 1.007e-01
-3.140e+00 2.479e-01
-3.130e+00 5.303e-01
-3.120e+00 5.949e-01
-3.110e+00 8.316e-01
-3.100e+00 8.143e-01
-3.090e+00 8.040e-01
-3.080e+00 5.782e-01
-3.070e+00 8.569e-01
-3.060e+00 7.750e-01
-3.050e+00 8.074e-01
-3.040e+00 5.914e-01
-3.030e+00 3.844e-01
-3.020e+00 4.114e-01
-3.010e+00 2.930e-01
-3.000e+00 3.999e-01
-2.990e+00 2.301e-01
-2.980e+00 5.256e-01
-2.970e+00 4.973e-01
-2.960e+00 5.416e-01
-2.950e+00 5.595e-01
-2.940e+00 3.476e-01
-2.930e+00 5.109e-01
-2.920e+00 4.698e-01
-2.910e+00 4.137e-01
-2.900e+00 6.667e-01
-2.890e+00 6.952e-01
-2.880e+00 6.771e-01
-2.870e+00 3.769e-01
-2.860e+00 4.577e-01
-2.850e+00 2.717e-01
-2.840e+00 6.943e-01
-2.830e+00 4.862e-01
-2.820e+00 3.910e-01
-2.810e+00 4.839e-02
-2.800e+00 2.418e-01
-2.790e+00 4.623e-01
-2.780e+00 6.639e-01
-2.770e+00 7.921e-01
-2.760e+00 9.127e-01
-2.750e+00 5.473e-01
-2.740e+00 1.070e+00
-2.730e+00 1.061e+00
-2.720e+00 1.099e+00
-2.710e+00 5.482e-01
-2.700e+00 6.706e-01
-2.690e+00 3.711e-01
-2.680e+00 5.008e-01
-2.670e+00 2.458e-01
-2.660e+00 7.186e-01
-2.650e+00 5.621e-01
-2.640e+00 4.312e-01
-2.630e+00 5.603e-01
-2.620e+00 4.457e-01
-2.610e+00 3.480e-01
-2.600e+00 3.358e-01
-2.590e+00 4.405e-01
-2.580e+00 8.754e-01
-2.570e+00 7.906e-01
-2.560e+00 7.498e-01
-2.550e+00 6.232e-01
-2.540e+00 6.674e-01
-2.530e+00 4.353e-01
-2.520e+00 3.798e-01
-2.510e+00 2.269e-01
-2.500e+00 2.993e-01
-2.490e+00 8.939e-01
-2.480e+00 9.148e-01
-2.470e+00 1.211e+00
-2.460e+00 8.620e-01
-2.450e+00 6.358e-01
-2.440e+00 5.207e-01
-2.430e+00 1.063e+00
-2.420e+00 6.124e-01
-2.410e+00 9.042e-01
-2.400e+00 6.058e-01
-2.390e+00 5.582e-01
-2.380e+00 6.496e-01
-2.370e+00 2.498e-01
-2.360e+00 7.569e-01
-2.350e+00 3.892e-01
-2.340e+00 1.050e+00
-2.330e+00 8.702e-01
-2.320e+00 6.488e-01
-2.310e+00 6.951e-01
-2.300e+00 1.818e-01
-2.290e+00 7.247e-01
-2.280e+00 5.791e-01
-2.270e+00 8.215e-01
-2.260e+00 2.790e-01
-2.250e+00 9.887e-02
-2.240e+00 9.950e-02
-2.230e+00 5.612e-01
-2.220e+00 6.464e-01
-2.210e+00 5.963e-01
-2.200e+00 7.762e-01
-2.190e+00 4.907e-01
-2.180e+00 5.716e-01
-2.170e+00 5.428e-01
-2.160e+00 5.036e-01
-2.150e+00 6.106e-01
-2.140e+00 8.534e-01
-2.130e+00 8.774e-01
-2.120e+00 4.655e-01
-2.110e+00 5.784e-01
-2.100e+00 2.555e-01
-2.090e+00 2.789e-01
-2.080e+00 7.019e-01
-2.070e+00 5.432e-01
-2.060e+00 2.672e-01
-2.050e+00 5.261e-01
-2.040e+00 2.424e-01
-2.030e+00 5.030e-01
-2.020e+00 5.478e-01
-2.010e+00 7.314e-01
-2.000e+00 9.536e-01
-1.990e+00 5.859e-01
-1.980e+00 1.005e+00
-1.970e+00 9.790e-01
-1.960e+00 8.285e-01
-1.950e+00 1.800e-01
-1.940e+00 4.965e-01
-1.930e+00 6.422e-01
-1.920e+00 6.665e-01
-1.910e+00 3.793e-01
-1.900e+00 6.125e-01
-1.890e+00 5.044e-01
-1.880e+00 2.231e-01
-1.870e+00 5.388e-01
-1.860e+00 6.043e-01
-1.850e+00 9.809e-01
-1.840e+00 9.915e-01
-1.830e+00 1.082e+00
-1.820e+00 2.607e-01
-1.810e+00 6.133e-01
-1.800e+00 7.022e-01
-1.790e+00 8.209e-01
-1.780e+00 6.610e-01
-1.770e+00 7.923e-01
-1.760e+00 7.175e-01
-1.750e+00 6.339e-01
-1.740e+00 9.051e-01
-1.730e+00 2.946e-01
-1.720e+00 7.412e-01
-1.710e+00 1.738e-01
-1.700e+00 7.992e-01
-1.690e+00 5.595e-01
-1.680e+00 5.222e-01
-1.670e+00 7.863e-01
-1.660e+00 5.628e-01
-1.650e+00 1.137e+00
-1.640e+00 3.585e-01
-1.630e+00 3.757e-01
-1.620e+00 5.781e-01
-1.610e+00 3.665e-01
-1.600e+00 1.205e+00
-1.590e+00 9.146e-01
-1.580e+00 7.663e-01
-1.570e+00 4.069e-01
-1.560e+00 1.149e-01
-1.550e+00 4.011e-01
-1.540e+00 3.782e-01
-1.530e+00 9.123e-01
-1.520e+00 6.130e-01
-1.510e+00 2.796e-01
-1.500e+00 4.401e-01
-1.490e+00 1.908e-01
-1.480e+00 9.203e-01
-1.470e+00 6.595e-01
-1.460e+00 7.772e-01
-1.450e+00 5.790e-01
-1.440e+00 8.230e-01
-1.430e+00 7.428e-01
-1.420e+00 8.775e-01
-1.410e+00 9.761e-01
-1.400e+00 6.686e-01
-1.390e+00 9.372e-01
-1.380e+00 2.052e-01
-1.370e+00 8.814e-01
-1.360e+00 4.911e-01
-1.350e+00 8.792e-01
-1.340e+00 6.281e-01
-1.330e+00 1.109e+00
-1.320e+00 7.042e-01
-1.310e+00 7.457e-01
-1.300e+00 9.344e-01
-1.290e+00 1.020e+00
-1.280e+00 8.109e-01
-1.270e+00 9.159e-01
-1.260e+00 4.715e-01
-1.250e+00 9.892e-01
-1.240e+00 6.413e-01
-1.230e+00 2.118e-01
-1.220e+00 2.570e-01
-1.210e+00 1.499e-01
-1.200e+00 3.721e-01
-1.190e+00 6.249e-01
-1.180e+00 8.375e-01
-1.170e+00 -2.100e-01
-1.160e+00 -2.630e-02
-1.150e+00 -4.680e-02
-1.140e+00 2.149e-01
-1.130e+00 4.119e-01
-1.120e+00 -1.281e-01
-1.110e+00 -3.560e-02
-1.100e+00 4.880e-02
-1.090e+00 6.634e-01
-1.080e+00 1.118e+00
-1.070e+00 4.281e-01
-1.060e+00 9.807e-01
-1.050e+00 4.056e-01
-1.040e+00 1.433e+00
-1.030e+00 6.202e-01
-1.020e+00 1.214e+00
-1.010e+00 1.034e+00
-1.000e+00 9.375e-01
-9.900e-01 5.251e-01
-9.800e-01 5.596e-01
-9.700e-01 1.006e+00
-9.600e-01 4.943e-01
-9.500e-01 7.081e-01
-9.400e-01 1.188e+00
-9.300e-01 9.658e-01
-9.200e-01 7.667e-01
-9.100e-01 8.998e-01
-9.000e-01 1.312e+00
-8.900e-01 7.011e-01
-8.800e-01 5.802e-01
-8.700e-01 7.578e-01
-8.600e-01 8.725e-01
-8.500e-01 6.438e-01
-8.400e-01 8.317e-01
-8.300e-01 1.207e+00
-8.200e-01 6.490e-01
-8.100e-01 -6.646e-02
-8.000e-01 1.653e-01
-7.900e-01 5.771e-01
-7.800e-01 1.586e-01
-7.700e-01 8.394e-01
-7.600e-01 -2.124e-01
-7.500e-01 2.036e-01
-7.400e-01 4.626e-01
-7.300e-01 6.381e-03
-7.200e-01 2.952e-01
-7.100e-01 4.892e-01
-7.000e-01 1.164e+00
-6.900e-01 1.229e+00
-6.800e-01 1.239e+00
-6.700e-01 1.183e+00
-6.600e-01 3.838e-01
-6.500e-01 1.062e+00
-6.400e-01 1.413e+00
-6.300e-01 6.752e-01
-6.200e-01 -2.458e-01
-6.100e-01 6.767e-01
-6.000e-01 1.388e+00
-5.900e-01 9.908e-01
-5.800e-01 5.818e-01
-5.700e-01 6.943e-01
-5.600e-01 8.965e-01
-5.500e-01 1.447e+00
-5.400e-01 9.877e-01
-5.300e-01 8.846e-01
-5.200e-01 7.638e-01
-5.100e-01 1.204e+00
-5.000e-01 8.614e-01
-4.900e-01 8.430e-01
-4.800e-01 5.161e-01
-4.700e-01 8.872e-01
-4.600e-01 8.254e-01
-4.500e-01 8.295e-01
-4.400e-01 6.448e-01
-4.300e-01 -5.649e-01
-4.200e-01 5.662e-01
-4.100e-01 1.266e+00
-4.000e-01 1.341e+00
-3.900e-01 -3.518e-01
-3.800e-01 1.312e-01
-3.700e-01 8.322e-01
-3.600e-01 1.152e+00
-3.500e-01 6.459e-01
-3.400e-01 6.141e-01
-3.300e-01 1.105e+00
-3.200e-01 5.311e-01
-3.100e-01 6.027e-01
-3.000e-01 1.004e+00
-2.900e-01 4.966e-01
-2.800e-01 1.110e+00
-2.700e-01 8.893e-02
-2.600e-01 1.554e+00
-2.500e-01 2.176e-01
-2.400e-01 1.930e+00
-2.300e-01 1.895e+00
-2.200e-01 2.649e+00
-2.100e-01 2.373e+00
-2.000e-01 1.734e+00
-1.900e-01 1.806e+00
-1.800e-01 6.660e-01
-1.700e-01 2.202e+00
-1.600e-01 3.274e-01
-1.500e-01 1.437e+00
-1.400e-01 2.397e+00
-1.300e-01 5.595e-01
-1.200e-01 2.338e+00
-1.100e-01 2.779e-01
-1.000e-01 2.846e+00
-9.000e-02 2.017e+00
-8.000e-02 7.124e-01
-7.000e-02 5.388e+00
-6.000e-02 8.524e+00
-5.000e-02 1.212e+01
-4.000e-02 1.012e+01
-3.000e-02 7.071e+00
-2.000e-02 1.682e+01
-1.000e-02 4.201e+01
