# Time (ps)      real(F_1)      im(F_1)
0.000e+00 1.000e+00 0.000e+00
1.000e-01 8.761e-01 -9.073e-03
2.000e-01 8.185e-01 -2.386e-03
3.000e-01 8.384e-01 -2.038e-02
4.000e-01 8.067e-01 -3.034e-02
5.000e-01 8.010e-01 -1.604e-02
6.000e-01 7.965e-01 -1.061e-02
7.000e-01 7.206e-01 -1.191e-02
8.000e-01 7.733e-01 -1.582e-02
9.000e-01 7.604e-01 1.342e-02
1.000e+00 7.200e-01 4.623e-02
1.100e+00 7.333e-01 2.076e-02
1.200e+00 7.218e-01 1.044e-02
1.300e+00 6.740e-01 -2.499e-02
1.400e+00 6.852e-01 1.584e-02
1.500e+00 6.446e-01 5.356e-03
1.600e+00 7.051e-01 8.676e-03
1.700e+00 7.158e-01 -2.564e-02
1.800e+00 6.771e-01 -3.625e-02
1.900e+00 6.917e-01 8.046e-03
2.000e+00 6.557e-01 1.169e-02
2.100e+00 6.546e-01 -1.378e-03
2.200e+00 6.681e-01 3.165e-02
2.300e+00 6.190e-01 2.484e-02
2.400e+00 6.480e-01 3.354e-02
2.500e+00 6.002e-01 6.493e-02
2.600e+00 5.910e-01 2.661e-02
2.700e+00 5.801e-01 -9.645e-03
2.800e+00 5.600e-01 -1.111e-02
2.900e+00 5.600e-01 -1.722e-02
3.000e+00 5.210e-01 -2.531e-02
3.100e+00 5.360e-01 -4.327e-02
3.200e+00 5.724e-01 -1.732e-02
3.300e+00 5.558e-01 -1.905e-02
3.400e+00 5.945e-01 -1.565e-02
3.500e+00 5.414e-01 -6.698e-03
3.600e+00 5.377e-01 -5.759e-03
3.700e+00 5.084e-01 -7.560e-03
3.800e+00 4.717e-01 -6.856e-02
3.900e+00 4.557e-01 -5.340e-02
4.000e+00 4.307e-01 -4.624e-02
4.100e+00 4.565e-01 -4.198e-03
4.200e+00 5.039e-01 1.806e-02
4.300e+00 4.741e-01 1.765e-02
4.400e+00 4.286e-01 2.572e-02
4.500e+00 4.515e-01 5.753e-02
4.600e+00 4.291e-01 2.760e-02
4.700e+00 4.410e-01 3.458e-02
4.800e+00 4.472e-01 5.691e-02
4.900e+00 4.216e-01 2.249e-02
5.000e+00 4.109e-01 1.875e-02
5.100e+00 4.201e-01 2.866e-02
5.200e+00 3.911e-01 4.340e-02
5.300e+00 3.990e-01 4.222e-02
5.400e+00 4.148e-01 3.479e-02
5.500e+00 4.099e-01 5.769e-02
5.600e+00 4.035e-01 6.335e-02
5.700e+00 4.121e-01 4.683e-02
5.800e+00 4.328e-01 9.995e-03
5.900e+00 4.238e-01 6.035e-03
6.000e+00 4.458e-01 3.578e-02
6.100e+00 4.097e-01 1.638e-02
6.200e+00 4.507e-01 1.453e-02
6.300e+00 4.222e-01 -1.755e-02
6.400e+00 4.122e-01 -2.602e-02
6.500e+00 4.076e-01 -1.528e-02
6.600e+00 4.205e-01 2.645e-02
6.700e+00 4.321e-01 2.007e-02
6.800e+00 3.996e-01 2.607e-02
6.900e+00 4.278e-01 2.652e-02
7.000e+00 4.198e-01 3.001e-02
7.100e+00 4.183e-01 2.041e-02
7.200e+00 3.964e-01 2.821e-02
7.300e+00 3.501e-01 -3.743e-03
7.400e+00 3.380e-01 -4.990e-03
7.500e+00 3.537e-01 -4.532e-04
7.600e+00 3.343e-01 1.985e-02
7.700e+00 3.690e-01 1.419e-02
7.800e+00 3.973e-01 4.125e-03
7.900e+00 3.762e-01 -4.110e-04
8.000e+00 3.515e-01 2.645e-03
8.100e+00 3.872e-01 3.251e-02
8.200e+00 3.852e-01 1.791e-02
8.300e+00 3.724e-01 -3.907e-03
8.400e+00 3.693e-01 6.117e-03
8.500e+00 3.602e-01 4.302e-03
8.600e+00 3.088e-01 2.472e-02
8.700e+00 3.099e-01 -4.255e-03
8.800e+00 3.145e-01 1.162e-02
8.900e+00 3.028e-01 -1.312e-02
9.000e+00 2.946e-01 -2.395e-02
9.100e+00 2.822e-01 -2.144e-02
9.200e+00 3.029e-01 7.915e-03
9.300e+00 2.716e-01 -2.856e-03
9.400e+00 2.866e-01 -1.834e-02
9.500e+00 2.853e-01 -5.303e-03
9.600e+00 2.703e-01 -9.503e-03
9.700e+00 3.048e-01 -1.259e-02
9.800e+00 3.013e-01 -1.683e-02
9.900e+00 3.129e-01 -6.603e-03
1.000e+01 3.154e-01 -4.488e-03
1.010e+01 3.358e-01 -2.261e-03
1.020e+01 3.487e-01 -5.792e-03
1.030e+01 3.249e-01 3.448e-03
1.040e+01 3.122e-01 2.601e-02
1.050e+01 3.280e-01 1.884e-02
1.060e+01 3.228e-01 -4.577e-03
1.070e+01 3.204e-01 -8.608e-03
1.080e+01 3.402e-01 5.501e-04
1.090e+01 3.042e-01 1.083e-02
1.100e+01 2.787e-01 3.038e-02
1.110e+01 2.741e-01 2.856e-02
1.120e+01 2.597e-01 4.157e-02
1.130e+01 2.663e-01 1.722e-02
1.140e+01 2.727e-01 2.490e-02
1.150e+01 2.785e-01 2.077e-02
1.160e+01 2.659e-01 3.819e-02
1.170e+01 2.653e-01 1.721e-02
1.180e+01 2.805e-01 5.835e-03
1.190e+01 2.506e-01 -5.688e-03
1.200e+01 2.414e-01 -2.624e-02
1.210e+01 2.613e-01 -1.538e-02
1.220e+01 2.639e-01 1.585e-02
1.230e+01 2.515e-01 5.054e-03
1.240e+01 2.374e-01 5.184e-03
1.250e+01 2.209e-01 -5.413e-03
1.260e+01 2.119e-01 -9.764e-03
1.270e+01 2.202e-01 -1.056e-02
1.280e+01 2.203e-01 -2.192e-02
1.290e+01 2.183e-01 -1.671e-02
1.300e+01 2.160e-01 -2.674e-03
1.310e+01 2.247e-01 6.172e-03
1.320e+01 2.146e-01 1.903e-03
1.330e+01 2.059e-01 -1.472e-03
1.340e+01 2.024e-01 -8.925e-03
1.350e+01 2.065e-01 -5.690e-03
1.360e+01 1.885e-01 -1.287e-02
1.370e+01 1.803e-01 -2.081e-02
1.380e+01 1.943e-01 -2.929e-02
1.390e+01 1.942e-01 -1.978e-02
1.400e+01 1.850e-01 -2.046e-02
1.410e+01 1.866e-01 -1.468e-02
1.420e+01 1.797e-01 -1.930e-02
1.430e+01 1.859e-01 -1.268e-02
1.440e+01 1.873e-01 -1.905e-03
1.450e+01 1.851e-01 -2.128e-03
1.460e+01 1.967e-01 -6.807e-03
1.470e+01 1.831e-01 -9.321e-03
1.480e+01 1.962e-01 -1.428e-02
1.490e+01 1.891e-01 -1.408e-02
1.500e+01 1.800e-01 -1.766e-02
1.510e+01 1.998e-01 -1.390e-02
1.520e+01 2.019e-01 -4.282e-03
1.530e+01 2.012e-01 2.386e-03
1.540e+01 1.933e-01 3.041e-03
1.550e+01 2.031e-01 -1.120e-02
1.560e+01 1.977e-01 -7.514e-03
1.570e+01 1.968e-01 -5.400e-03
1.580e+01 2.087e-01 -3.396e-03
1.590e+01 2.005e-01 -1.434e-02
1.600e+01 2.050e-01 1.280e-02
1.610e+01 1.930e-01 1.604e-02
1.620e+01 1.938e-01 1.723e-02
1.630e+01 1.851e-01 1.097e-02
1.640e+01 1.918e-01 9.885e-03
1.650e+01 1.787e-01 2.010e-02
1.660e+01 1.568e-01 3.533e-02
1.670e+01 1.545e-01 1.491e-02
1.680e+01 1.580e-01 3.405e-02
1.690e+01 1.659e-01 1.669e-02
1.700e+01 1.823e-01 1.671e-02
1.710e+01 1.807e-01 1.926e-02
1.720e+01 1.927e-01 1.714e-02
1.730e+01 1.860e-01 1.865e-02
1.740e+01 1.959e-01 5.578e-04
1.750e+01 1.892e-01 9.111e-03
1.760e+01 1.955e-01 1.332e-02
1.770e+01 2.056e-01 1.411e-02
1.780e+01 2.007e-01 1.416e-02
1.790e+01 1.943e-01 2.533e-02
1.800e+01 2.016e-01 1.813e-02
1.810e+01 2.013e-01 7.550e-03
1.820e+01 1.895e-01 5.058e-03
1.830e+01 1.914e-01 1.853e-03
1.840e+01 1.952e-01 9.365e-03
1.850e+01 1.841e-01 5.813e-03
1.860e+01 1.659e-01 1.841e-02
1.870e+01 1.750e-01 2.236e-02
1.880e+01 1.843e-01 -7.179e-03
1.890e+01 1.829e-01 4.523e-03
1.900e+01 1.935e-01 1.275e-02
1.910e+01 1.808e-01 1.975e-02
1.920e+01 1.714e-01 9.365e-03
1.930e+01 1.734e-01 2.278e-02
1.940e+01 1.832e-01 1.810e-02
1.950e+01 1.730e-01 3.094e-02
1.960e+01 1.794e-01 2.915e-02
1.970e+01 1.796e-01 4.356e-02
1.980e+01 1.527e-01 1.951e-02
1.990e+01 1.572e-01 1.181e-02
2.000e+01 1.664e-01 1.683e-02
2.010e+01 1.638e-01 7.626e-03
2.020e+01 1.494e-01 -6.595e-03
2.030e+01 1.459e-01 -4.674e-03
2.040e+01 1.611e-01 8.128e-03
2.050e+01 1.591e-01 1.067e-02
2.060e+01 1.563e-01 1.287e-02
2.070e+01 1.481e-01 1.999e-02
2.080e+01 1.364e-01 2.800e-02
2.090e+01 1.180e-01 2.673e-02
2.100e+01 1.186e-01 2.561e-02
2.110e+01 1.260e-01 1.788e-02
2.120e+01 1.327e-01 1.248e-02
2.130e+01 1.385e-01 3.092e-02
2.140e+01 1.328e-01 2.313e-02
2.150e+01 1.228e-01 1.977e-02
2.160e+01 1.370e-01 1.573e-02
2.170e+01 1.466e-01 1.286e-02
2.180e+01 1.494e-01 3.056e-02
2.190e+01 1.501e-01 8.460e-03
2.200e+01 1.619e-01 1.633e-02
2.210e+01 1.522e-01 1.513e-03
2.220e+01 1.420e-01 -4.707e-03
2.230e+01 1.476e-01 1.404e-03
2.240e+01 1.560e-01 1.581e-03
2.250e+01 1.467e-01 2.448e-03
2.260e+01 1.499e-01 5.134e-03
2.270e+01 1.616e-01 1.165e-02
2.280e+01 1.415e-01 1.903e-02
2.290e+01 1.369e-01 8.598e-03
2.300e+01 1.408e-01 1.084e-02
2.310e+01 1.433e-01 1.497e-02
2.320e+01 1.411e-01 1.572e-02
2.330e+01 1.422e-01 7.951e-03
2.340e+01 1.380e-01 1.135e-02
2.350e+01 1.356e-01 1.446e-02
2.360e+01 1.325e-01 4.759e-03
2.370e+01 1.343e-01 3.305e-03
2.380e+01 1.229e-01 1.141e-02
2.390e+01 1.201e-01 3.007e-03
2.400e+01 1.156e-01 1.015e-02
2.410e+01 1.148e-01 8.748e-03
2.420e+01 1.013e-01 1.943e-02
2.430e+01 1.036e-01 1.130e-02
2.440e+01 1.019e-01 1.383e-02
2.450e+01 1.111e-01 1.295e-02
2.460e+01 1.224e-01 1.890e-02
2.470e+01 1.197e-01 1.118e-02
2.480e+01 1.295e-01 9.173e-03
2.490e+01 1.248e-01 -6.788e-04
2.500e+01 1.193e-01 1.620e-02
2.510e+01 1.173e-01 8.604e-03
2.520e+01 1.048e-01 1.024e-02
2.530e+01 9.637e-02 1.343e-02
2.540e+01 1.064e-01 1.592e-02
2.550e+01 1.030e-01 1.284e-02
2.560e+01 1.113e-01 1.014e-02
2.570e+01 1.140e-01 1.595e-02
2.580e+01 9.921e-02 3.600e-02
2.590e+01 9.434e-02 4.086e-02
2.600e+01 1.035e-01 3.045e-02
2.610e+01 1.053e-01 1.807e-02
2.620e+01 1.057e-01 1.320e-02
2.630e+01 1.066e-01 1.903e-02
2.640e+01 1.022e-01 8.503e-03
2.650e+01 1.033e-01 1.178e-02
2.660e+01 1.031e-01 1.091e-02
2.670e+01 9.766e-02 1.112e-03
2.680e+01 9.699e-02 -3.038e-03
2.690e+01 1.077e-01 1.522e-03
2.700e+01 9.804e-02 1.830e-03
2.710e+01 9.729e-02 1.298e-02
2.720e+01 9.361e-02 1.152e-02
2.730e+01 1.038e-01 7.570e-03
2.740e+01 9.989e-02 -7.701e-04
2.750e+01 8.333e-02 -4.329e-03
2.760e+01 8.199e-02 -8.168e-03
2.770e+01 8.544e-02 -2.108e-03
2.780e+01 9.500e-02 -4.899e-04
2.790e+01 9.854e-02 9.126e-03
2.800e+01 1.030e-01 6.514e-03
2.810e+01 1.007e-01 1.289e-02
2.820e+01 8.381e-02 5.269e-03
2.830e+01 8.019e-02 7.972e-03
2.840e+01 7.377e-02 2.485e-03
2.850e+01 7.857e-02 4.562e-03
2.860e+01 9.407e-02 1.786e-02
2.870e+01 8.552e-02 1.572e-02
2.880e+01 8.745e-02 1.481e-02
2.890e+01 8.105e-02 1.604e-02
2.900e+01 8.319e-02 2.125e-02
2.910e+01 7.615e-02 2.094e-02
2.920e+01 7.862e-02 -3.950e-03
2.930e+01 6.951e-02 -2.993e-03
2.940e+01 6.741e-02 -6.945e-03
2.950e+01 6.001e-02 -4.784e-03
2.960e+01 5.672e-02 -3.892e-03
2.970e+01 5.837e-02 -4.315e-03
2.980e+01 5.812e-02 4.187e-03
2.990e+01 6.468e-02 4.003e-03
3.000e+01 6.566e-02 7.735e-03
3.010e+01 6.119e-02 2.848e-03
3.020e+01 5.848e-02 3.972e-03
3.030e+01 5.655e-02 7.681e-03
3.040e+01 6.155e-02 5.141e-03
3.050e+01 6.282e-02 6.554e-03
3.060e+01 6.698e-02 1.922e-04
3.070e+01 6.774e-02 -6.953e-03
3.080e+01 6.375e-02 -4.408e-03
3.090e+01 5.911e-02 -2.087e-03
3.100e+01 5.755e-02 -3.228e-03
3.110e+01 6.395e-02 8.708e-04
3.120e+01 6.608e-02 1.520e-03
3.130e+01 7.313e-02 2.276e-03
3.140e+01 7.479e-02 5.704e-03
3.150e+01 7.179e-02 5.265e-03
3.160e+01 7.375e-02 1.311e-03
3.170e+01 7.247e-02 3.596e-03
3.180e+01 6.869e-02 -4.379e-03
3.190e+01 6.851e-02 -3.754e-03
3.200e+01 6.569e-02 -1.496e-03
3.210e+01 6.798e-02 3.269e-03
3.220e+01 7.230e-02 5.007e-03
3.230e+01 7.113e-02 1.027e-03
3.240e+01 7.229e-02 6.387e-03
3.250e+01 6.724e-02 6.013e-03
3.260e+01 6.483e-02 2.560e-03
3.270e+01 6.292e-02 1.347e-02
3.280e+01 6.934e-02 8.332e-03
3.290e+01 6.975e-02 2.327e-04
3.300e+01 6.839e-02 1.913e-03
3.310e+01 7.373e-02 7.442e-03
3.320e+01 6.863e-02 1.266e-02
3.330e+01 6.336e-02 1.619e-02
3.340e+01 6.343e-02 1.155e-02
3.350e+01 6.471e-02 1.043e-02
3.360e+01 6.809e-02 8.737e-03
3.370e+01 6.434e-02 9.523e-03
3.380e+01 6.592e-02 8.132e-03
3.390e+01 5.973e-02 1.139e-02
3.400e+01 6.212e-02 1.464e-02
3.410e+01 6.198e-02 1.672e-02
3.420e+01 6.466e-02 1.623e-02
3.430e+01 6.653e-02 1.455e-02
3.440e+01 6.495e-02 1.158e-02
3.450e+01 6.451e-02 7.886e-03
3.460e+01 6.172e-02 9.588e-03
3.470e+01 5.952e-02 1.250e-02
3.480e+01 6.270e-02 9.560e-03
3.490e+01 6.979e-02 9.541e-03
3.500e+01 6.624e-02 1.152e-02
3.510e+01 6.760e-02 9.343e-03
3.520e+01 6.262e-02 1.184e-02
3.530e+01 6.162e-02 1.685e-02
3.540e+01 6.091e-02 9.704e-03
3.550e+01 5.682e-02 9.311e-03
3.560e+01 6.525e-02 6.672e-03
3.570e+01 6.153e-02 8.721e-03
3.580e+01 6.196e-02 1.008e-02
3.590e+01 6.239e-02 9.286e-03
3.600e+01 5.970e-02 1.213e-02
3.610e+01 6.074e-02 1.343e-02
3.620e+01 6.325e-02 1.117e-02
3.630e+01 5.920e-02 1.112e-02
3.640e+01 6.037e-02 1.190e-02
3.650e+01 6.156e-02 7.699e-03
3.660e+01 6.730e-02 3.684e-03
3.670e+01 6.024e-02 6.814e-03
3.680e+01 5.792e-02 7.413e-03
3.690e+01 5.964e-02 6.671e-03
3.700e+01 6.475e-02 1.203e-02
3.710e+01 6.597e-02 1.070e-02
3.720e+01 5.791e-02 5.974e-03
3.730e+01 5.595e-02 8.315e-03
3.740e+01 6.489e-02 1.925e-02
3.750e+01 6.218e-02 7.515e-03
3.760e+01 5.577e-02 2.737e-03
3.770e+01 5.290e-02 -2.691e-03
3.780e+01 5.187e-02 -4.085e-03
3.790e+01 5.208e-02 -4.361e-03
3.800e+01 5.139e-02 -9.275e-04
3.810e+01 5.043e-02 -3.873e-04
3.820e+01 5.169e-02 -1.804e-03
3.830e+01 5.236e-02 -3.318e-03
3.840e+01 4.936e-02 -1.416e-03
3.850e+01 4.753e-02 2.245e-03
3.860e+01 4.662e-02 6.314e-03
3.870e+01 4.703e-02 3.213e-03
3.880e+01 4.813e-02 2.385e-03
3.890e+01 4.753e-02 4.342e-04
3.900e+01 4.586e-02 -3.110e-03
3.910e+01 4.623e-02 -1.821e-03
3.920e+01 4.397e-02 -1.256e-03
3.930e+01 4.393e-02 -1.025e-03
3.940e+01 4.632e-02 9.135e-04
3.950e+01 4.481e-02 1.141e-03
3.960e+01 4.025e-02 2.167e-03
3.970e+01 4.345e-02 1.496e-03
3.980e+01 4.646e-02 2.521e-03
3.990e+01 4.668e-02 3.939e-03
4.000e+01 4.462e-02 4.052e-03
4.010e+01 4.455e-02 1.421e-03
4.020e+01 4.488e-02 1.689e-03
4.030e+01 4.029e-02 2.452e-03
4.040e+01 4.632e-02 4.573e-03
4.050e+01 4.341e-02 3.168e-03
4.060e+01 4.726e-02 3.242e-03
4.070e+01 4.834e-02 3.027e-03
4.080e+01 4.690e-02 4.883e-03
4.090e+01 4.407e-02 4.639e-03
4.100e+01 4.439e-02 3.767e-03
4.110e+01 4.638e-02 5.606e-03
4.120e+01 4.489e-02 6.965e-03
4.130e+01 4.829e-02 4.970e-03
4.140e+01 5.159e-02 1.488e-03
4.150e+01 4.556e-02 3.639e-03
4.160e+01 4.388e-02 3.766e-03
4.170e+01 4.153e-02 2.596e-03
4.180e+01 4.484e-02 4.635e-03
4.190e+01 4.715e-02 4.603e-03
4.200e+01 4.735e-02 1.896e-03
4.210e+01 5.666e-02 1.158e-04
4.220e+01 5.232e-02 -3.211e-04
4.230e+01 5.835e-02 -5.291e-05
4.240e+01 5.553e-02 6.302e-04
4.250e+01 5.259e-02 -4.232e-04
4.260e+01 4.904e-02 -7.406e-05
4.270e+01 5.892e-02 -1.304e-03
4.280e+01 7.068e-02 -2.917e-03
4.290e+01 5.779e-02 -2.615e-03
4.300e+01 6.089e-02 -5.246e-04
4.310e+01 5.027e-02 2.618e-03
4.320e+01 5.607e-02 -1.954e-04
4.330e+01 6.517e-02 -9.134e-04
4.340e+01 8.531e-02 -1.022e-02
4.350e+01 7.017e-02 -6.668e-03
4.360e+01 6.243e-02 -4.958e-03
4.370e+01 5.927e-02 -9.498e-04
4.380e+01 5.682e-02 -2.294e-03
4.390e+01 5.935e-02 -3.969e-03
4.400e+01 5.986e-02 -2.246e-03
4.410e+01 6.180e-02 -4.884e-03
4.420e+01 5.312e-02 6.621e-05
4.430e+01 5.959e-02 -3.032e-03
4.440e+01 5.037e-02 -2.718e-03
4.450e+01 5.085e-02 -1.511e-03
4.460e+01 6.895e-02 -8.963e-03
4.470e+01 6.300e-02 -8.512e-03
4.480e+01 7.038e-02 -9.070e-03
4.490e+01 6.771e-02 -6.121e-03
4.500e+01 6.237e-02 -5.392e-03
4.510e+01 6.435e-02 -4.221e-03
4.520e+01 7.135e-02 -6.241e-03
4.530e+01 5.957e-02 -5.820e-03
4.540e+01 5.901e-02 -1.105e-02
4.550e+01 6.075e-02 -9.583e-03
4.560e+01 6.505e-02 -6.693e-03
4.570e+01 6.636e-02 -5.803e-03
4.580e+01 6.819e-02 -2.891e-04
4.590e+01 6.649e-02 -3.222e-03
4.600e+01 6.380e-02 -1.189e-02
4.610e+01 5.921e-02 -1.450e-02
4.620e+01 5.443e-02 -1.750e-02
4.630e+01 5.358e-02 -1.419e-02
4.640e+01 6.155e-02 -1.576e-02
4.650e+01 6.508e-02 -1.544e-02
4.660e+01 7.434e-02 -8.470e-03
4.670e+01 6.913e-02 -9.578e-03
4.680e+01 6.732e-02 -1.477e-02
4.690e+01 5.632e-02 -1.028e-02
4.700e+01 6.752e-02 -1.204e-02
4.710e+01 6.129e-02 -5.316e-03
4.720e+01 6.400e-02 -1.069e-02
4.730e+01 6.300e-02 -1.119e-02
4.740e+01 7.222e-02 -1.343e-02
4.750e+01 6.777e-02 -1.199e-02
4.760e+01 6.452e-02 -1.375e-02
4.770e+01 5.881e-02 -1.167e-02
4.780e+01 5.938e-02 -5.544e-03
4.790e+01 6.462e-02 -1.089e-02
4.800e+01 6.312e-02 -9.875e-03
4.810e+01 6.804e-02 -1.239e-02
4.820e+01 5.996e-02 -7.219e-03
4.830e+01 6.285e-02 -6.914e-03
4.840e+01 5.887e-02 -2.824e-04
4.850e+01 5.860e-02 -3.547e-03
4.860e+01 6.460e-02 -3.870e-03
4.870e+01 6.503e-02 8.545e-04
4.880e+01 7.235e-02 6.981e-04
4.890e+01 5.887e-02 -4.704e-03
4.900e+01 6.734e-02 -4.293e-03
4.910e+01 6.022e-02 5.176e-04
4.920e+01 5.815e-02 -6.822e-03
4.930e+01 4.899e-02 -2.786e-03
4.940e+01 4.745e-02 -1.939e-05
4.950e+01 4.280e-02 -3.280e-03
4.960e+01 4.913e-02 -2.149e-03
4.970e+01 3.698e-02 -6.596e-03
4.980e+01 4.592e-02 -7.632e-03
4.990e+01 4.865e-02 -5.144e-03
5.000e+01 4.443e-02 -6.509e-03
5.010e+01 4.280e-02 -6.797e-03
5.020e+01 4.473e-02 -3.111e-03
5.030e+01 4.434e-02 -5.882e-03
5.040e+01 4.637e-02 -5.522e-03
5.050e+01 4.658e-02 -5.500e-03
5.060e+01 4.549e-02 -6.572e-03
5.070e+01 5.100e-02 -7.804e-03
5.080e+01 4.870e-02 -6.180e-03
5.090e+01 4.478e-02 -4.693e-03
5.100e+01 3.779e-02 1.094e-03
5.110e+01 4.124e-02 -5.595e-06
5.120e+01 4.551e-02 -9.775e-04
5.130e+01 4.228e-02 5.740e-04
5.140e+01 5.001e-02 -5.559e-03
5.150e+01 5.284e-02 -1.079e-02
5.160e+01 5.204e-02 -8.672e-03
5.170e+01 5.399e-02 -5.685e-03
5.180e+01 4.092e-02 -5.282e-04
5.190e+01 4.325e-02 -5.772e-03
5.200e+01 5.421e-02 -9.038e-03
5.210e+01 5.715e-02 -9.041e-03
5.220e+01 5.112e-02 -4.184e-03
5.230e+01 5.309e-02 -3.760e-03
5.240e+01 5.467e-02 -3.526e-03
5.250e+01 4.862e-02 -2.192e-03
5.260e+01 4.472e-02 -7.804e-04
5.270e+01 4.421e-02 -1.772e-03
5.280e+01 4.429e-02 -1.353e-03
5.290e+01 3.963e-02 3.805e-03
5.300e+01 4.102e-02 2.523e-03
5.310e+01 4.614e-02 1.932e-03
5.320e+01 5.006e-02 2.855e-03
5.330e+01 4.678e-02 3.727e-03
5.340e+01 4.682e-02 2.526e-03
5.350e+01 3.950e-02 5.775e-03
5.360e+01 4.429e-02 6.762e-03
5.370e+01 5.636e-02 -1.327e-04
5.380e+01 5.684e-02 -3.076e-03
5.390e+01 5.891e-02 -6.873e-04
5.400e+01 5.219e-02 -5.013e-04
5.410e+01 3.937e-02 7.350e-03
5.420e+01 3.462e-02 4.429e-03
5.430e+01 4.073e-02 6.840e-03
5.440e+01 3.820e-02 5.766e-03
5.450e+01 3.691e-02 2.965e-03
5.460e+01 3.611e-02 7.096e-03
5.470e+01 3.383e-02 8.125e-03
5.480e+01 4.028e-02 2.548e-03
5.490e+01 4.077e-02 3.059e-03
5.500e+01 4.846e-02 7.286e-05
5.510e+01 4.095e-02 6.350e-03
5.520e+01 3.901e-02 2.762e-03
5.530e+01 4.542e-02 -2.970e-03
5.540e+01 4.259e-02 -1.738e-03
5.550e+01 4.134e-02 3.773e-03
5.560e+01 3.589e-02 4.860e-03
5.570e+01 3.767e-02 -1.435e-03
5.580e+01 4.002e-02 2.219e-04
5.590e+01 3.488e-02 1.664e-03
5.600e+01 3.703e-02 -3.688e-04
5.610e+01 3.748e-02 -1.791e-03
5.620e+01 3.821e-02 -2.749e-03
5.630e+01 3.984e-02 -1.786e-03
5.640e+01 4.096e-02 -3.110e-03
5.650e+01 4.265e-02 -1.815e-03
5.660e+01 3.819e-02 -5.581e-03
5.670e+01 3.327e-02 -4.599e-03
5.680e+01 3.624e-02 -5.704e-03
5.690e+01 3.582e-02 -3.585e-03
5.700e+01 3.499e-02 -5.703e-03
5.710e+01 3.806e-02 -7.157e-03
5.720e+01 4.534e-02 -1.175e-02
5.730e+01 4.754e-02 -1.020e-02
5.740e+01 4.409e-02 -1.112e-02
5.750e+01 4.280e-02 -1.113e-02
5.760e+01 4.813e-02 -9.458e-03
5.770e+01 4.469e-02 -8.246e-03
5.780e+01 4.379e-02 -6.728e-03
5.790e+01 4.168e-02 -5.723e-03
5.800e+01 4.490e-02 -6.909e-03
5.810e+01 4.706e-02 -7.359e-03
5.820e+01 4.046e-02 -7.880e-03
5.830e+01 4.718e-02 -1.030e-02
5.840e+01 4.483e-02 -9.425e-03
5.850e+01 4.859e-02 -8.183e-03
5.860e+01 4.776e-02 -7.859e-03
5.870e+01 4.083e-02 -7.817e-03
5.880e+01 3.276e-02 -5.166e-03
5.890e+01 3.993e-02 -4.672e-03
5.900e+01 4.139e-02 -7.722e-03
5.910e+01 4.666e-02 -8.253e-03
5.920e+01 4.698e-02 -4.708e-03
5.930e+01 5.856e-02 -1.133e-02
5.940e+01 4.228e-02 -5.674e-03
5.950e+01 3.474e-02 -4.735e-03
5.960e+01 3.471e-02 -5.346e-03
5.970e+01 3.713e-02 -4.856e-03
5.980e+01 3.832e-02 -6.341e-03
5.990e+01 4.133e-02 -4.664e-03
6.000e+01 4.147e-02 -8.746e-03
6.010e+01 3.818e-02 -5.505e-03
6.020e+01 3.605e-02 -4.550e-03
6.030e+01 3.648e-02 -3.586e-03
6.040e+01 3.743e-02 -2.357e-03
6.050e+01 4.035e-02 -3.325e-03
6.060e+01 4.320e-02 -4.281e-03
6.070e+01 4.644e-02 -5.099e-03
6.080e+01 4.087e-02 -5.811e-03
6.090e+01 4.077e-02 -8.210e-03
6.100e+01 4.173e-02 -5.557e-03
6.110e+01 4.160e-02 -4.801e-03
6.120e+01 4.219e-02 -5.198e-03
6.130e+01 4.262e-02 -5.892e-03
6.140e+01 4.448e-02 -7.028e-03
6.150e+01 4.559e-02 -7.655e-03
6.160e+01 4.390e-02 -7.988e-03
6.170e+01 4.137e-02 -7.507e-03
6.180e+01 4.437e-02 -9.570e-03
6.190e+01 4.099e-02 -8.023e-03
6.200e+01 3.959e-02 -6.882e-03
6.210e+01 3.778e-02 -5.834e-03
6.220e+01 3.383e-02 -4.600e-03
6.230e+01 3.539e-02 -5.643e-03
6.240e+01 3.374e-02 -5.344e-03
6.250e+01 3.260e-02 -3.372e-03
6.260e+01 3.426e-02 -2.870e-03
6.270e+01 3.721e-02 -2.177e-04
6.280e+01 3.683e-02 -3.675e-03
6.290e+01 3.685e-02 -1.761e-03
6.300e+01 3.626e-02 -3.932e-03
6.310e+01 3.381e-02 -4.518e-03
6.320e+01 3.413e-02 -1.468e-03
6.330e+01 3.094e-02 -1.493e-03
6.340e+01 3.232e-02 -4.014e-03
6.350e+01 3.577e-02 -5.401e-03
6.360e+01 3.688e-02 -4.320e-03
6.370e+01 3.441e-02 -4.153e-03
6.380e+01 3.313e-02 -6.520e-03
6.390e+01 3.341e-02 -4.140e-03
6.400e+01 3.385e-02 -4.320e-03
6.410e+01 3.165e-02 -3.590e-03
6.420e+01 2.910e-02 -4.338e-03
6.430e+01 2.842e-02 -1.886e-03
6.440e+01 2.960e-02 -3.430e-03
6.450e+01 2.763e-02 -1.227e-03
6.460e+01 3.000e-02 -2.578e-03
6.470e+01 2.925e-02 -3.612e-03
6.480e+01 3.014e-02 -2.397e-03
6.490e+01 3.187e-02 2.482e-05
6.500e+01 3.039e-02 1.900e-04
6.510e+01 3.079e-02 -1.778e-03
6.520e+01 3.181e-02 -1.030e-03
6.530e+01 2.914e-02 1.131e-03
6.540e+01 3.119e-02 -3.343e-04
6.550e+01 2.659e-02 -6.058e-04
6.560e+01 2.941e-02 3.610e-03
6.570e+01 2.780e-02 3.668e-03
6.580e+01 2.767e-02 4.059e-04
6.590e+01 2.881e-02 2.467e-03
6.600e+01 2.941e-02 -5.524e-04
6.610e+01 2.835e-02 -2.459e-03
6.620e+01 2.951e-02 -1.496e-03
6.630e+01 2.920e-02 -2.655e-03
6.640e+01 3.235e-02 -2.297e-04
6.650e+01 3.205e-02 -4.887e-04
6.660e+01 2.955e-02 -4.619e-03
6.670e+01 2.893e-02 -5.923e-03
6.680e+01 2.858e-02 -6.345e-03
6.690e+01 3.115e-02 -4.820e-03
6.700e+01 3.312e-02 -3.820e-03
6.710e+01 2.982e-02 -5.426e-03
6.720e+01 2.620e-02 -7.261e-03
6.730e+01 2.400e-02 -3.596e-03
6.740e+01 2.494e-02 2.379e-04
6.750e+01 2.517e-02 -6.778e-04
6.760e+01 2.597e-02 -3.707e-03
6.770e+01 2.492e-02 -5.262e-03
6.780e+01 2.685e-02 -4.580e-03
6.790e+01 2.747e-02 -5.221e-03
6.800e+01 2.554e-02 -4.966e-03
6.810e+01 2.910e-02 -4.908e-03
6.820e+01 2.939e-02 -3.961e-03
6.830e+01 2.846e-02 -2.575e-03
6.840e+01 2.810e-02 -2.525e-03
6.850e+01 2.569e-02 -1.129e-03
6.860e+01 2.618e-02 -2.788e-03
6.870e+01 2.372e-02 -8.395e-03
6.880e+01 2.333e-02 -5.741e-03
6.890e+01 2.435e-02 -5.831e-03
6.900e+01 2.304e-02 -7.340e-03
6.910e+01 2.463e-02 -8.521e-03
6.920e+01 2.629e-02 -6.440e-03
6.930e+01 2.627e-02 -5.449e-03
6.940e+01 2.711e-02 -3.561e-03
6.950e+01 2.675e-02 -3.079e-03
6.960e+01 2.314e-02 -7.301e-03
6.970e+01 2.435e-02 -6.368e-03
6.980e+01 2.286e-02 -5.091e-03
6.990e+01 2.174e-02 -3.367e-03
7.000e+01 2.220e-02 -3.682e-03
7.010e+01 2.116e-02 -3.405e-03
7.020e+01 2.302e-02 -4.419e-03
7.030e+01 2.278e-02 -2.982e-03
7.040e+01 2.480e-02 -4.314e-03
7.050e+01 2.436e-02 -2.695e-03
7.060e+01 2.418e-02 -2.662e-03
7.070e+01 2.622e-02 8.448e-04
7.080e+01 2.599e-02 6.810e-04
7.090e+01 2.560e-02 3.515e-04
7.100e+01 2.313e-02 -5.086e-04
7.110e+01 2.401e-02 1.267e-03
7.120e+01 2.147e-02 4.558e-04
7.130e+01 2.283e-02 3.250e-04
7.140e+01 2.237e-02 -1.566e-04
7.150e+01 2.233e-02 -1.294e-03
7.160e+01 2.158e-02 -2.991e-03
7.170e+01 2.294e-02 -1.675e-03
7.180e+01 2.114e-02 -9.611e-04
7.190e+01 2.062e-02 -1.461e-03
7.200e+01 2.116e-02 -2.252e-03
7.210e+01 2.191e-02 -3.345e-03
7.220e+01 2.121e-02 -2.029e-03
7.230e+01 2.043e-02 -1.405e-03
7.240e+01 2.158e-02 -1.923e-03
7.250e+01 2.155e-02 -3.055e-03
7.260e+01 2.151e-02 -2.750e-03
7.270e+01 2.184e-02 -2.499e-03
7.280e+01 2.251e-02 -2.034e-03
7.290e+01 2.234e-02 -1.847e-03
7.300e+01 2.026e-02 -2.728e-03
7.310e+01 1.897e-02 1.285e-03
7.320e+01 1.973e-02 -1.174e-03
7.330e+01 1.919e-02 -1.976e-03
7.340e+01 1.894e-02 -2.215e-03
7.350e+01 2.103e-02 -1.618e-03
7.360e+01 2.112e-02 -2.253e-03
7.370e+01 1.819e-02 -2.758e-03
7.380e+01 1.944e-02 -4.690e-03
7.390e+01 2.075e-02 -5.023e-03
7.400e+01 2.168e-02 -5.940e-03
7.410e+01 1.956e-02 -4.159e-03
7.420e+01 1.948e-02 -3.646e-03
7.430e+01 1.947e-02 -3.071e-03
7.440e+01 1.880e-02 -5.948e-03
7.450e+01 1.734e-02 -3.707e-03
7.460e+01 1.878e-02 -3.447e-03
7.470e+01 1.988e-02 -3.134e-03
7.480e+01 2.067e-02 -2.194e-03
7.490e+01 2.149e-02 -2.291e-03
7.500e+01 1.847e-02 -3.435e-03
7.510e+01 2.036e-02 -2.270e-03
7.520e+01 1.826e-02 -4.447e-03
7.530e+01 1.817e-02 -6.469e-04
7.540e+01 1.928e-02 8.446e-04
7.550e+01 2.206e-02 -1.571e-03
7.560e+01 2.129e-02 -2.628e-04
7.570e+01 2.037e-02 -2.197e-03
7.580e+01 1.979e-02 -2.842e-03
7.590e+01 1.907e-02 1.019e-03
7.600e+01 1.825e-02 -1.782e-03
7.610e+01 1.892e-02 -9.719e-04
7.620e+01 1.896e-02 -2.465e-03
7.630e+01 1.923e-02 -1.922e-03
7.640e+01 1.687e-02 -4.830e-03
7.650e+01 1.908e-02 -4.829e-03
7.660e+01 2.095e-02 -2.120e-03
7.670e+01 1.863e-02 -2.762e-03
7.680e+01 1.958e-02 -5.308e-04
7.690e+01 2.108e-02 -1.231e-03
7.700e+01 2.263e-02 -3.291e-03
7.710e+01 2.006e-02 -2.121e-03
7.720e+01 2.218e-02 -5.312e-04
7.730e+01 2.292e-02 -1.935e-03
7.740e+01 2.392e-02 -2.281e-03
7.750e+01 2.303e-02 -3.437e-04
7.760e+01 2.170e-02 -9.371e-04
7.770e+01 2.262e-02 -3.061e-03
7.780e+01 2.009e-02 -1.442e-03
7.790e+01 2.253e-02 -4.869e-04
7.800e+01 2.179e-02 1.562e-05
7.810e+01 2.323e-02 -1.377e-03
7.820e+01 2.516e-02 -2.253e-03
7.830e+01 2.273e-02 -2.151e-03
7.840e+01 2.217e-02 -3.272e-03
7.850e+01 2.289e-02 -2.706e-03
7.860e+01 2.246e-02 -1.141e-03
7.870e+01 2.450e-02 -1.732e-03
7.880e+01 2.458e-02 -3.239e-03
7.890e+01 2.305e-02 -1.215e-03
7.900e+01 2.423e-02 5.770e-04
7.910e+01 2.341e-02 7.742e-04
7.920e+01 2.060e-02 -1.383e-03
7.930e+01 2.093e-02 -3.126e-04
7.940e+01 2.066e-02 8.181e-04
7.950e+01 2.199e-02 -1.158e-03
7.960e+01 2.003e-02 1.292e-04
7.970e+01 1.856e-02 3.365e-03
7.980e+01 1.896e-02 1.746e-03
7.990e+01 2.313e-02 5.576e-05
8.000e+01 2.379e-02 3.251e-04
8.010e+01 2.385e-02 1.504e-03
8.020e+01 2.356e-02 -2.409e-04
8.030e+01 2.327e-02 5.481e-05
8.040e+01 2.097e-02 -5.458e-04
8.050e+01 2.196e-02 7.887e-04
8.060e+01 2.265e-02 3.479e-03
8.070e+01 2.327e-02 8.083e-04
8.080e+01 2.154e-02 4.071e-04
8.090e+01 2.210e-02 2.958e-04
8.100e+01 2.521e-02 -3.192e-05
8.110e+01 2.483e-02 5.920e-04
8.120e+01 2.575e-02 1.453e-03
8.130e+01 2.747e-02 8.801e-04
8.140e+01 2.584e-02 7.047e-04
8.150e+01 2.640e-02 -3.354e-04
8.160e+01 2.313e-02 -5.613e-04
8.170e+01 2.481e-02 -1.905e-03
8.180e+01 2.422e-02 -1.157e-03
8.190e+01 2.437e-02 -1.638e-03
8.200e+01 2.720e-02 -1.915e-03
8.210e+01 2.623e-02 -1.090e-03
8.220e+01 2.277e-02 -2.431e-03
8.230e+01 2.360e-02 -2.858e-03
8.240e+01 2.408e-02 -2.976e-03
8.250e+01 2.309e-02 -2.491e-03
8.260e+01 2.113e-02 -2.920e-03
8.270e+01 2.313e-02 -4.805e-03
8.280e+01 2.005e-02 -4.841e-03
8.290e+01 2.282e-02 -5.118e-03
8.300e+01 2.297e-02 -5.518e-03
8.310e+01 2.248e-02 -6.185e-03
8.320e+01 2.455e-02 -5.766e-03
8.330e+01 2.335e-02 -6.106e-03
8.340e+01 2.518e-02 -5.059e-03
8.350e+01 2.661e-02 -4.091e-03
8.360e+01 2.550e-02 -5.226e-03
8.370e+01 2.575e-02 -4.273e-03
8.380e+01 2.438e-02 -4.453e-03
8.390e+01 2.182e-02 -3.332e-03
8.400e+01 1.855e-02 -4.706e-03
8.410e+01 2.090e-02 -6.313e-03
8.420e+01 1.804e-02 -5.456e-03
8.430e+01 2.130e-02 -4.969e-03
8.440e+01 2.217e-02 -7.241e-03
8.450e+01 2.181e-02 -7.304e-03
8.460e+01 2.133e-02 -5.530e-03
8.470e+01 2.365e-02 -5.897e-03
8.480e+01 2.083e-02 -6.092e-03
8.490e+01 2.002e-02 -5.491e-03
8.500e+01 2.120e-02 -4.527e-03
8.510e+01 2.127e-02 -3.319e-03
8.520e+01 2.120e-02 -4.062e-03
8.530e+01 1.993e-02 -4.180e-03
8.540e+01 1.916e-02 -3.407e-03
8.550e+01 1.948e-02 -3.962e-03
8.560e+01 1.887e-02 -5.257e-03
8.570e+01 1.859e-02 -5.423e-03
8.580e+01 1.689e-02 -6.757e-03
8.590e+01 1.477e-02 -6.724e-03
8.600e+01 1.581e-02 -5.340e-03
8.610e+01 1.718e-02 -6.358e-03
8.620e+01 1.800e-02 -4.941e-03
8.630e+01 1.684e-02 -4.330e-03
8.640e+01 1.797e-02 -4.905e-03
8.650e+01 1.820e-02 -4.681e-03
8.660e+01 1.925e-02 -4.376e-03
8.670e+01 1.843e-02 -3.775e-03
8.680e+01 1.628e-02 -5.093e-03
8.690e+01 1.619e-02 -3.831e-03
8.700e+01 1.592e-02 -5.281e-03
8.710e+01 1.802e-02 -4.278e-03
8.720e+01 1.578e-02 -5.727e-03
8.730e+01 1.537e-02 -4.611e-03
8.740e+01 1.562e-02 -7.352e-03
8.750e+01 1.691e-02 -5.687e-03
8.760e+01 1.875e-02 -7.204e-03
8.770e+01 1.614e-02 -6.269e-03
8.780e+01 1.640e-02 -7.193e-03
8.790e+01 1.804e-02 -8.253e-03
8.800e+01 1.720e-02 -9.258e-03
8.810e+01 1.761e-02 -8.703e-03
8.820e+01 1.944e-02 -8.211e-03
8.830e+01 2.026e-02 -7.369e-03
8.840e+01 1.777e-02 -8.061e-03
8.850e+01 1.753e-02 -7.799e-03
8.860e+01 1.713e-02 -7.612e-03
8.870e+01 1.560e-02 -7.213e-03
8.880e+01 1.535e-02 -7.838e-03
8.890e+01 1.569e-02 -8.685e-03
8.900e+01 1.397e-02 -7.807e-03
8.910e+01 1.468e-02 -7.719e-03
8.920e+01 1.440e-02 -6.272e-03
8.930e+01 1.293e-02 -1.039e-02
8.940e+01 1.135e-02 -9.004e-03
8.950e+01 1.361e-02 -6.040e-03
8.960e+01 1.486e-02 -2.750e-03
8.970e+01 1.485e-02 -4.328e-03
8.980e+01 1.249e-02 -6.545e-03
8.990e+01 1.024e-02 -8.608e-03
9.000e+01 1.042e-02 -8.574e-03
9.010e+01 9.311e-03 -7.664e-03
9.020e+01 1.078e-02 -5.870e-03
9.030e+01 1.164e-02 -5.637e-03
9.040e+01 1.097e-02 -4.200e-03
9.050e+01 1.315e-02 -1.952e-03
9.060e+01 1.444e-02 -3.729e-03
9.070e+01 1.231e-02 -4.568e-03
9.080e+01 1.266e-02 -4.588e-03
9.090e+01 1.229e-02 -2.896e-03
9.100e+01 1.154e-02 -5.039e-03
9.110e+01 1.514e-02 -4.558e-03
9.120e+01 1.271e-02 -4.783e-03
9.130e+01 1.226e-02 -4.702e-03
9.140e+01 1.059e-02 -5.591e-03
9.150e+01 1.330e-02 -5.113e-03
9.160e+01 1.225e-02 -7.826e-03
9.170e+01 1.412e-02 -4.240e-03
9.180e+01 1.524e-02 -4.255e-03
9.190e+01 1.514e-02 -3.986e-03
9.200e+01 1.529e-02 -4.549e-03
9.210e+01 1.752e-02 -1.502e-03
9.220e+01 1.712e-02 -1.364e-03
9.230e+01 1.898e-02 -1.088e-03
9.240e+01 1.737e-02 1.140e-03
9.250e+01 1.794e-02 4.301e-04
9.260e+01 1.970e-02 1.921e-03
9.270e+01 2.067e-02 1.396e-03
9.280e+01 1.927e-02 8.108e-04
9.290e+01 2.043e-02 -7.739e-04
9.300e+01 1.990e-02 -1.807e-03
9.310e+01 1.935e-02 -1.080e-03
9.320e+01 2.017e-02 8.002e-04
9.330e+01 1.884e-02 1.369e-03
9.340e+01 1.747e-02 -5.373e-05
9.350e+01 1.723e-02 -1.215e-03
9.360e+01 1.892e-02 -1.911e-03
9.370e+01 1.670e-02 -1.838e-03
9.380e+01 1.818e-02 -1.762e-03
9.390e+01 2.007e-02 -3.994e-03
9.400e+01 1.833e-02 -1.601e-03
9.410e+01 1.773e-02 7.484e-04
9.420e+01 1.840e-02 1.985e-03
9.430e+01 1.875e-02 2.813e-03
9.440e+01 1.790e-02 1.729e-03
9.450e+01 1.662e-02 2.243e-03
9.460e+01 1.777e-02 9.086e-04
9.470e+01 1.713e-02 1.847e-03
9.480e+01 1.795e-02 2.505e-03
9.490e+01 1.984e-02 3.303e-03
9.500e+01 1.713e-02 1.621e-03
9.510e+01 1.730e-02 -5.311e-05
9.520e+01 1.577e-02 2.081e-04
9.530e+01 1.514e-02 3.359e-03
9.540e+01 1.592e-02 2.341e-03
9.550e+01 1.393e-02 9.408e-04
9.560e+01 1.509e-02 1.320e-03
9.570e+01 1.313e-02 2.296e-03
9.580e+01 1.255e-02 9.150e-04
9.590e+01 1.451e-02 2.661e-03
9.600e+01 1.475e-02 1.949e-03
9.610e+01 1.312e-02 7.634e-04
9.620e+01 1.410e-02 2.923e-03
9.630e+01 1.356e-02 1.194e-03
9.640e+01 1.409e-02 1.907e-03
9.650e+01 1.332e-02 1.895e-03
9.660e+01 1.204e-02 7.444e-04
9.670e+01 1.233e-02 8.415e-04
9.680e+01 1.238e-02 -6.334e-05
9.690e+01 1.083e-02 9.628e-04
9.700e+01 1.246e-02 1.784e-03
9.710e+01 1.247e-02 1.852e-03
9.720e+01 1.056e-02 1.127e-03
9.730e+01 1.175e-02 3.628e-03
9.740e+01 1.138e-02 4.861e-03
9.750e+01 1.159e-02 3.317e-03
9.760e+01 1.056e-02 2.815e-03
9.770e+01 9.439e-03 2.915e-03
9.780e+01 1.031e-02 2.693e-03
9.790e+01 1.104e-02 2.987e-03
9.800e+01 1.030e-02 1.558e-03
9.810e+01 8.238e-03 1.931e-03
9.820e+01 1.012e-02 5.113e-04
9.830e+01 1.151e-02 2.151e-03
9.840e+01 1.169e-02 1.693e-03
9.850e+01 9.019e-03 3.181e-03
9.860e+01 8.008e-03 2.375e-04
9.870e+01 7.995e-03 -1.055e-04
9.880e+01 8.927e-03 -1.065e-03
9.890e+01 8.603e-03 7.293e-04
9.900e+01 8.311e-03 -2.281e-03
9.910e+01 7.242e-03 -2.869e-03
9.920e+01 6.067e-03 -5.473e-03
9.930e+01 4.515e-03 -2.105e-03
9.940e+01 5.944e-03 -1.563e-03
9.950e+01 6.287e-03 -4.836e-04
9.960e+01 5.276e-03 -2.501e-03
9.970e+01 5.470e-03 -5.283e-03
9.980e+01 8.005e-03 -4.420e-03
9.990e+01 6.608e-03 -5.585e-04
