# Frequency (1.0/ps)      real(fft(F_0))
0.000e+00 1.008e+02
1.000e-02 4.790e+01
2.000e-02 1.940e+01
3.000e-02 1.409e+01
4.000e-02 1.297e+01
5.000e-02 1.102e+01
6.000e-02 7.514e+00
7.000e-02 5.978e+00
8.000e-02 3.754e+00
9.000e-02 -9.617e-02
1.000e-01 7.992e-01
1.100e-01 1.729e+00
1.200e-01 2.209e+00
1.300e-01 3.438e+00
1.400e-01 2.389e+00
1.500e-01 1.795e+00
1.600e-01 1.653e+00
1.700e-01 3.151e+00
1.800e-01 3.201e+00
1.900e-01 2.547e+00
2.000e-01 2.643e+00
2.100e-01 2.443e+00
2.200e-01 1.171e+00
2.300e-01 1.510e-01
2.400e-01 6.325e-01
2.500e-01 1.220e+00
2.600e-01 1.952e+00
2.700e-01 1.308e+00
2.800e-01 1.303e-01
2.900e-01 5.300e-02
3.000e-01 1.190e+00
3.100e-01 1.269e+00
3.200e-01 6.932e-01
3.300e-01 2.785e-01
3.400e-01 4.802e-01
3.500e-01 1.009e+00
3.600e-01 1.712e+00
3.700e-01 1.843e+00
3.800e-01 1.171e+00
3.900e-01 8.652e-01
4.000e-01 1.247e+00
4.100e-01 1.626e+00
4.200e-01 1.668e+00
4.300e-01 1.236e+00
4.400e-01 9.265e-01
4.500e-01 9.460e-01
4.600e-01 6.359e-01
4.700e-01 7.948e-01
4.800e-01 8.542e-01
4.900e-01 1.073e+00
5.000e-01 1.058e+00
5.100e-01 1.679e+00
5.200e-01 1.496e+00
5.300e-01 9.879e-01
5.400e-01 7.102e-01
5.500e-01 9.751e-01
5.600e-01 2.096e-01
5.700e-01 1.586e-01
5.800e-01 7.070e-01
5.900e-01 8.312e-01
6.000e-01 3.108e-01
6.100e-01 -2.717e-02
6.200e-01 9.619e-01
6.300e-01 1.154e+00
6.400e-01 5.552e-01
6.500e-01 2.522e-01
6.600e-01 3.817e-01
6.700e-01 5.128e-01
6.800e-01 3.181e-01
6.900e-01 4.675e-01
7.000e-01 5.384e-01
7.100e-01 9.368e-01
7.200e-01 9.813e-01
7.300e-01 8.448e-01
7.400e-01 6.891e-01
7.500e-01 1.034e+00
7.600e-01 1.291e+00
7.700e-01 1.118e+00
7.800e-01 6.735e-01
7.900e-01 7.113e-01
8.000e-01 5.097e-01
8.100e-01 5.421e-01
8.200e-01 6.859e-01
8.300e-01 7.140e-01
8.400e-01 6.978e-01
8.500e-01 7.115e-01
8.600e-01 8.614e-01
8.700e-01 5.396e-01
8.800e-01 5.345e-01
8.900e-01 9.787e-01
9.000e-01 8.695e-01
9.100e-01 1.214e+00
9.200e-01 1.636e+00
9.300e-01 1.524e+00
9.400e-01 1.107e+00
9.500e-01 6.305e-01
9.600e-01 5.931e-01
9.700e-01 3.128e-01
9.800e-01 -8.933e-02
9.900e-01 -8.704e-02
1.000e+00 1.320e-01
1.010e+00 2.958e-01
1.020e+00 7.024e-01
1.030e+00 7.562e-01
1.040e+00 3.852e-01
1.050e+00 1.737e-01
1.060e+00 6.003e-01
1.070e+00 3.845e-01
1.080e+00 3.340e-02
1.090e+00 4.324e-01
1.100e+00 6.203e-01
1.110e+00 6.767e-01
1.120e+00 6.670e-01
1.130e+00 6.181e-01
1.140e+00 5.103e-01
1.150e+00 4.382e-01
1.160e+00 6.084e-01
1.170e+00 1.043e+00
1.180e+00 9.971e-01
1.190e+00 6.986e-01
1.200e+00 6.835e-01
1.210e+00 8.371e-01
1.220e+00 1.085e+00
1.230e+00 1.217e+00
1.240e+00 9.268e-01
1.250e+00 6.956e-01
1.260e+00 6.796e-01
1.270e+00 1.138e+00
1.280e+00 1.356e+00
1.290e+00 1.371e+00
1.300e+00 1.573e+00
1.310e+00 2.010e+00
1.320e+00 1.544e+00
1.330e+00 8.555e-01
1.340e+00 9.768e-01
1.350e+00 1.146e+00
1.360e+00 1.263e+00
1.370e+00 1.127e+00
1.380e+00 1.236e+00
1.390e+00 1.119e+00
1.400e+00 7.362e-01
1.410e+00 4.071e-01
1.420e+00 3.156e-01
1.430e+00 5.784e-01
1.440e+00 1.226e+00
1.450e+00 1.062e+00
1.460e+00 8.757e-01
1.470e+00 5.724e-01
1.480e+00 2.034e-01
1.490e+00 4.537e-01
1.500e+00 8.329e-01
1.510e+00 1.030e+00
1.520e+00 1.037e+00
1.530e+00 8.312e-01
1.540e+00 8.838e-01
1.550e+00 8.020e-01
1.560e+00 9.606e-01
1.570e+00 1.160e+00
1.580e+00 8.695e-01
1.590e+00 7.076e-01
1.600e+00 5.431e-01
1.610e+00 7.151e-01
1.620e+00 7.490e-01
1.630e+00 1.086e+00
1.640e+00 1.081e+00
1.650e+00 6.608e-01
1.660e+00 4.942e-01
1.670e+00 8.200e-01
1.680e+00 8.259e-01
1.690e+00 6.286e-01
1.700e+00 5.130e-01
1.710e+00 5.272e-01
1.720e+00 3.517e-01
1.730e+00 3.403e-01
1.740e+00 5.914e-01
1.750e+00 9.102e-01
1.760e+00 1.116e+00
1.770e+00 8.423e-01
1.780e+00 6.284e-01
1.790e+00 6.161e-01
1.800e+00 9.627e-01
1.810e+00 1.111e+00
1.820e+00 1.200e+00
1.830e+00 9.522e-01
1.840e+00 1.051e+00
1.850e+00 1.183e+00
1.860e+00 1.443e+00
1.870e+00 1.003e+00
1.880e+00 6.852e-01
1.890e+00 7.201e-01
1.900e+00 7.842e-01
1.910e+00 8.160e-01
1.920e+00 7.374e-01
1.930e+00 9.307e-01
1.940e+00 8.471e-01
1.950e+00 4.833e-01
1.960e+00 3.135e-01
1.970e+00 2.627e-01
1.980e+00 7.189e-01
1.990e+00 1.035e+00
2.000e+00 8.170e-01
2.010e+00 7.439e-01
2.020e+00 8.531e-01
2.030e+00 9.252e-01
2.040e+00 6.883e-01
2.050e+00 5.869e-01
2.060e+00 3.703e-01
2.070e+00 3.312e-01
2.080e+00 3.451e-01
2.090e+00 5.506e-01
2.100e+00 7.368e-01
2.110e+00 5.392e-01
2.120e+00 5.363e-01
2.130e+00 6.660e-01
2.140e+00 6.525e-01
2.150e+00 5.043e-01
2.160e+00 5.535e-01
2.170e+00 5.615e-01
2.180e+00 3.410e-01
2.190e+00 3.692e-01
2.200e+00 4.559e-01
2.210e+00 4.405e-01
2.220e+00 2.271e-01
2.230e+00 4.862e-01
2.240e+00 6.385e-01
2.250e+00 6.336e-01
2.260e+00 4.175e-01
2.270e+00 5.681e-01
2.280e+00 6.728e-01
2.290e+00 6.000e-01
2.300e+00 3.209e-01
2.310e+00 4.774e-01
2.320e+00 7.347e-01
2.330e+00 4.460e-01
2.340e+00 4.518e-01
2.350e+00 6.896e-01
2.360e+00 8.846e-01
2.370e+00 6.254e-01
2.380e+00 2.102e-01
2.390e+00 2.182e-01
2.400e+00 3.235e-01
2.410e+00 2.490e-01
2.420e+00 4.319e-02
2.430e+00 -1.433e-01
2.440e+00 1.690e-01
2.450e+00 3.819e-01
2.460e+00 1.835e-01
2.470e+00 2.952e-02
2.480e+00 2.168e-01
2.490e+00 3.667e-01
2.500e+00 3.409e-01
2.510e+00 3.628e-01
2.520e+00 4.793e-01
2.530e+00 3.098e-01
2.540e+00 2.728e-01
2.550e+00 2.753e-01
2.560e+00 4.957e-01
2.570e+00 6.388e-01
2.580e+00 9.539e-01
2.590e+00 8.740e-01
2.600e+00 3.188e-01
2.610e+00 1.616e-01
2.620e+00 3.059e-01
2.630e+00 3.094e-01
2.640e+00 5.644e-01
2.650e+00 7.665e-01
2.660e+00 9.012e-01
2.670e+00 5.947e-01
2.680e+00 4.533e-01
2.690e+00 5.353e-01
2.700e+00 8.710e-01
2.710e+00 8.707e-01
2.720e+00 5.253e-01
2.730e+00 3.684e-01
2.740e+00 4.415e-01
2.750e+00 6.313e-01
2.760e+00 7.246e-01
2.770e+00 6.453e-01
2.780e+00 5.221e-01
2.790e+00 4.258e-01
2.800e+00 5.365e-01
2.810e+00 8.236e-01
2.820e+00 8.409e-01
2.830e+00 7.041e-01
2.840e+00 6.583e-01
2.850e+00 7.662e-01
2.860e+00 7.610e-01
2.870e+00 6.985e-01
2.880e+00 6.622e-01
2.890e+00 5.204e-01
2.900e+00 4.913e-01
2.910e+00 7.146e-01
2.920e+00 8.693e-01
2.930e+00 7.568e-01
2.940e+00 5.591e-01
2.950e+00 4.521e-01
2.960e+00 5.462e-01
2.970e+00 7.085e-01
2.980e+00 6.360e-01
2.990e+00 2.928e-01
3.000e+00 3.062e-01
3.010e+00 5.866e-01
3.020e+00 7.881e-01
3.030e+00 8.605e-01
3.040e+00 7.683e-01
3.050e+00 7.576e-01
3.060e+00 7.892e-01
3.070e+00 8.268e-01
3.080e+00 6.668e-01
3.090e+00 4.175e-01
3.100e+00 2.984e-01
3.110e+00 4.450e-01
3.120e+00 6.056e-01
3.130e+00 7.838e-01
3.140e+00 6.351e-01
3.150e+00 5.628e-01
3.160e+00 4.451e-01
3.170e+00 3.133e-01
3.180e+00 1.591e-01
3.190e+00 -5.175e-02
3.200e+00 1.536e-01
3.210e+00 3.473e-01
3.220e+00 3.651e-01
3.230e+00 3.640e-01
3.240e+00 1.180e-01
3.250e+00 2.085e-01
3.260e+00 3.636e-01
3.270e+00 7.486e-01
3.280e+00 8.893e-01
3.290e+00 7.281e-01
3.300e+00 6.843e-01
3.310e+00 5.892e-01
3.320e+00 4.900e-01
3.330e+00 6.727e-01
3.340e+00 7.348e-01
3.350e+00 6.828e-01
3.360e+00 3.634e-01
3.370e+00 2.416e-01
3.380e+00 5.156e-01
3.390e+00 7.060e-01
3.400e+00 6.652e-01
3.410e+00 6.549e-01
3.420e+00 7.248e-01
3.430e+00 7.624e-01
3.440e+00 5.903e-01
3.450e+00 4.598e-01
3.460e+00 5.857e-01
3.470e+00 4.505e-01
3.480e+00 4.866e-01
3.490e+00 6.302e-01
3.500e+00 4.185e-01
3.510e+00 3.279e-01
3.520e+00 1.148e-01
3.530e+00 1.624e-01
3.540e+00 3.957e-01
3.550e+00 5.509e-01
3.560e+00 5.615e-01
3.570e+00 4.928e-01
3.580e+00 6.030e-01
3.590e+00 6.660e-01
3.600e+00 6.759e-01
3.610e+00 6.074e-01
3.620e+00 6.020e-01
3.630e+00 5.921e-01
3.640e+00 4.435e-01
3.650e+00 2.220e-01
3.660e+00 1.075e-01
3.670e+00 1.056e-01
3.680e+00 2.449e-01
3.690e+00 4.878e-01
3.700e+00 6.310e-01
3.710e+00 4.393e-01
3.720e+00 2.301e-01
3.730e+00 3.502e-01
3.740e+00 4.821e-01
3.750e+00 4.707e-01
3.760e+00 4.332e-01
3.770e+00 2.908e-01
3.780e+00 2.458e-01
3.790e+00 2.439e-01
3.800e+00 3.604e-01
3.810e+00 4.287e-01
3.820e+00 4.023e-01
3.830e+00 4.240e-01
3.840e+00 6.478e-01
3.850e+00 5.205e-01
3.860e+00 3.685e-01
3.870e+00 4.964e-01
3.880e+00 5.722e-01
3.890e+00 5.584e-01
3.900e+00 5.436e-01
3.910e+00 5.632e-01
3.920e+00 5.693e-01
3.930e+00 4.425e-01
3.940e+00 3.330e-01
3.950e+00 2.918e-01
3.960e+00 3.093e-01
3.970e+00 3.524e-01
3.980e+00 5.431e-01
3.990e+00 5.864e-01
4.000e+00 5.311e-01
4.010e+00 4.507e-01
4.020e+00 3.275e-01
4.030e+00 2.325e-01
4.040e+00 4.772e-01
4.050e+00 7.463e-01
4.060e+00 8.323e-01
4.070e+00 5.116e-01
4.080e+00 4.469e-01
4.090e+00 7.957e-01
4.100e+00 9.329e-01
4.110e+00 7.290e-01
4.120e+00 4.778e-01
4.130e+00 4.088e-01
4.140e+00 5.877e-01
4.150e+00 5.814e-01
4.160e+00 5.097e-01
4.170e+00 4.697e-01
4.180e+00 3.740e-01
4.190e+00 5.961e-01
4.200e+00 7.335e-01
4.210e+00 6.898e-01
4.220e+00 7.252e-01
4.230e+00 6.597e-01
4.240e+00 7.527e-01
4.250e+00 6.047e-01
4.260e+00 5.597e-01
4.270e+00 4.560e-01
4.280e+00 3.089e-01
4.290e+00 4.409e-01
4.300e+00 5.341e-01
4.310e+00 6.251e-01
4.320e+00 5.187e-01
4.330e+00 5.353e-01
4.340e+00 6.680e-01
4.350e+00 8.495e-01
4.360e+00 7.888e-01
4.370e+00 5.542e-01
4.380e+00 1.342e-01
4.390e+00 4.376e-02
4.400e+00 2.213e-01
4.410e+00 4.398e-01
4.420e+00 6.509e-01
4.430e+00 7.766e-01
4.440e+00 6.490e-01
4.450e+00 7.334e-01
4.460e+00 8.589e-01
4.470e+00 8.097e-01
4.480e+00 6.560e-01
4.490e+00 5.656e-01
4.500e+00 6.314e-01
4.510e+00 5.861e-01
4.520e+00 4.997e-01
4.530e+00 5.460e-01
4.540e+00 5.530e-01
4.550e+00 6.907e-01
4.560e+00 6.537e-01
4.570e+00 5.200e-01
4.580e+00 6.534e-01
4.590e+00 7.084e-01
4.600e+00 5.922e-01
4.610e+00 5.172e-01
4.620e+00 4.008e-01
4.630e+00 5.561e-01
4.640e+00 7.395e-01
4.650e+00 8.189e-01
4.660e+00 7.443e-01
4.670e+00 3.978e-01
4.680e+00 4.800e-02
4.690e+00 1.994e-01
4.700e+00 3.714e-01
4.710e+00 5.429e-01
4.720e+00 5.065e-01
4.730e+00 2.425e-01
4.740e+00 1.549e-01
4.750e+00 3.749e-01
4.760e+00 5.400e-01
4.770e+00 2.704e-01
4.780e+00 8.881e-02
4.790e+00 2.083e-01
4.800e+00 4.002e-01
4.810e+00 4.477e-01
4.820e+00 4.510e-01
4.830e+00 3.890e-01
4.840e+00 3.686e-01
4.850e+00 2.295e-01
4.860e+00 1.570e-01
4.870e+00 3.344e-01
4.880e+00 4.551e-01
4.890e+00 4.847e-01
4.900e+00 7.551e-01
4.910e+00 7.012e-01
4.920e+00 7.458e-01
4.930e+00 8.482e-01
4.940e+00 7.997e-01
4.950e+00 4.876e-01
4.960e+00 2.509e-01
4.970e+00 2.039e-01
4.980e+00 2.363e-01
4.990e+00 4.980e-01
-5.000e+00 5.168e-01
-4.990e+00 4.980e-01
-4.980e+00 2.363e-01
-4.970e+00 2.039e-01
-4.960e+00 2.509e-01
-4.950e+00 4.876e-01
-4.940e+00 7.997e-01
-4.930e+00 8.482e-01
-4.920e+00 7.458e-01
-4.910e+00 7.012e-01
-4.900e+00 7.551e-01
-4.890e+00 4.847e-01
-4.880e+00 4.551e-01
-4.870e+00 3.344e-01
-4.860e+00 1.570e-01
-4.850e+00 2.295e-01
-4.840e+00 3.686e-01
-4.830e+00 3.890e-01
-4.820e+00 4.510e-01
-4.810e+00 4.477e-01
-4.800e+00 4.002e-01
-4.790e+00 2.083e-01
-4.780e+00 8.881e-02
-4.770e+00 2.704e-01
-4.760e+00 5.400e-01
-4.750e+00 3.749e-01
-4.740e+00 1.549e-01
-4.730e+00 2.425e-01
-4.720e+00 5.065e-01
-4.710e+00 5.429e-01
-4.700e+00 3.714e-01
-4.690e+00 1.994e-01
-4.680e+00 4.800e-02
-4.670e+00 3.978e-01
-4.660e+00 7.443e-01
-4.650e+00 8.189e-01
-4.640e+00 7.395e-01
-4.630e+00 5.561e-01
-4.620e+00 4.008e-01
-4.610e+00 5.172e-01
-4.600e+00 5.922e-01
-4.590e+00 7.084e-01
-4.580e+00 6.534e-01
-4.570e+00 5.200e-01
-4.560e+00 6.537e-01
-4.550e+00 6.907e-01
-4.540e+00 5.530e-01
-4.530e+00 5.460e-01
-4.520e+00 4.997e-01
-4.510e+00 5.861e-01
-4.500e+00 6.314e-01
-4.490e+00 5.656e-01
-4.480e+00 6.560e-01
-4.470e+00 8.097e-01
-4.460e+00 8.589e-01
-4.450e+00 7.334e-01
-4.440e+00 6.490e-01
-4.430e+00 7.766e-01
-4.420e+00 6.509e-01
-4.410e+00 4.398e-01
-4.400e+00 2.213e-01
-4.390e+00 4.376e-02
-4.380e+00 1.342e-01
-4.370e+00 5.542e-01
-4.360e+00 7.888e-01
-4.350e+00 8.495e-01
-4.340e+00 6.680e-01
-4.330e+00 5.353e-01
-4.320e+00 5.187e-01
-4.310e+00 6.251e-01
-4.300e+00 5.341e-01
-4.290e+00 4.409e-01
-4.280e+00 3.089e-01
-4.270e+00 4.560e-01
-4.260e+00 5.597e-01
-4.250e+00 6.047e-01
-4.240e+00 7.527e-01
-4.230e+00 6.597e-01
-4.220e+00 7.252e-01
-4.210e+00 6.898e-01
-4.200e+00 7.335e-01
-4.190e+00 5.961e-01
-4.180e+00 3.740e-01
-4.170e+00 4.697e-01
-4.160e+00 5.097e-01
-4.150e+00 5.814e-01
-4.140e+00 5.877e-01
-4.130e+00 4.088e-01
-4.120e+00 4.778e-01
-4.110e+00 7.290e-01
-4.100e+00 9.329e-01
-4.090e+00 7.957e-01
-4.080e+00 4.469e-01
-4.070e+00 5.116e-01
-4.060e+00 8.323e-01
-4.050e+00 7.463e-01
-4.040e+00 4.772e-01
-4.030e+00 2.325e-01
-4.020e+00 3.275e-01
-4.010e+00 4.507e-01
-4.000e+00 5.311e-01
-3.990e+00 5.864e-01
-3.980e+00 5.431e-01
-3.970e+00 3.524e-01
-3.960e+00 3.093e-01
-3.950e+00 2.918e-01
-3.940e+00 3.330e-01
-3.930e+00 4.425e-01
-3.920e+00 5.693e-01
-3.910e+00 5.632e-01
-3.900e+00 5.436e-01
-3.890e+00 5.584e-01
-3.880e+00 5.722e-01
-3.870e+00 4.964e-01
-3.860e+00 3.685e-01
-3.850e+00 5.205e-01
-3.840e+00 6.478e-01
-3.830e+00 4.240e-01
-3.820e+00 4.023e-01
-3.810e+00 4.287e-01
-3.800e+00 3.604e-01
-3.790e+00 2.439e-01
-3.780e+00 2.458e-01
-3.770e+00 2.908e-01
-3.760e+00 4.332e-01
-3.750e+00 4.707e-01
-3.740e+00 4.821e-01
-3.730e+00 3.502e-01
-3.720e+00 2.301e-01
-3.710e+00 4.393e-01
-3.700e+00 6.310e-01
-3.690e+00 4.878e-01
-3.680e+00 2.449e-01
-3.670e+00 1.056e-01
-3.660e+00 1.075e-01
-3.650e+00 2.220e-01
-3.640e+00 4.435e-01
-3.630e+00 5.921e-01
-3.620e+00 6.020e-01
-3.610e+00 6.074e-01
-3.600e+00 6.759e-01
-3.590e+00 6.660e-01
-3.580e+00 6.030e-01
-3.570e+00 4.928e-01
-3.560e+00 5.615e-01
-3.550e+00 5.509e-01
-3.540e+00 3.957e-01
-3.530e+00 1.624e-01
-3.520e+00 1.148e-01
-3.510e+00 3.279e-01
-3.500e+00 4.185e-01
-3.490e+00 6.302e-01
-3.480e+00 4.866e-01
-3.470e+00 4.505e-01
-3.460e+00 5.857e-01
-3.450e+00 4.598e-01
-3.440e+00 5.903e-01
-3.430e+00 7.624e-01
-3.420e+00 7.248e-01
-3.410e+00 6.549e-01
-3.400e+00 6.652e-01
-3.390e+00 7.060e-01
-3.380e+00 5.156e-01
-3.370e+00 2.416e-01
-3.360e+00 3.634e-01
-3.350e+00 6.828e-01
-3.340e+00 7.348e-01
-3.330e+00 6.727e-01
-3.320e+00 4.900e-01
-3.310e+00 5.892e-01
-3.300e+00 6.843e-01
-3.290e+00 7.281e-01
-3.280e+00 8.893e-01
-3.270e+00 7.486e-01
-3.260e+00 3.636e-01
-3.250e+00 2.085e-01
-3.240e+00 1.180e-01
-3.230e+00 3.640e-01
-3.220e+00 3.651e-01
-3.210e+00 3.473e-01
-3.200e+00 1.536e-01
-3.190e+00 -5.175e-02
-3.180e+00 1.591e-01
-3.170e+00 3.133e-01
-3.160e+00 4.451e-01
-3.150e+00 5.628e-01
-3.140e+00 6.351e-01
-3.130e+00 7.838e-01
-3.120e+00 6.056e-01
-3.110e+00 4.450e-01
-3.100e+00 2.984e-01
-3.090e+00 4.175e-01
-3.080e+00 6.668e-01
-3.070e+00 8.268e-01
-3.060e+00 7.892e-01
-3.050e+00 7.576e-01
-3.040e+00 7.683e-01
-3.030e+00 8.605e-01
-3.020e+00 7.881e-01
-3.010e+00 5.866e-01
-3.000e+00 3.062e-01
-2.990e+00 2.928e-01
-2.980e+00 6.360e-01
-2.970e+00 7.085e-01
-2.960e+00 5.462e-01
-2.950e+00 4.521e-01
-2.940e+00 5.591e-01
-2.930e+00 7.568e-01
-2.920e+00 8.693e-01
-2.910e+00 7.146e-01
-2.900e+00 4.913e-01
-2.890e+00 5.204e-01
-2.880e+00 6.622e-01
-2.870e+00 6.985e-01
-2.860e+00 7.610e-01
-2.850e+00 7.662e-01
-2.840e+00 6.583e-01
-2.830e+00 7.041e-01
-2.820e+00 8.409e-01
-2.810e+00 8.236e-01
-2.800e+00 5.365e-01
-2.790e+00 4.258e-01
-2.780e+00 5.221e-01
-2.770e+00 6.453e-01
-2.760e+00 7.246e-01
-2.750e+00 6.313e-01
-2.740e+00 4.415e-01
-2.730e+00 3.684e-01
-2.720e+00 5.253e-01
-2.710e+00 8.707e-01
-2.700e+00 8.710e-01
-2.690e+00 5.353e-01
-2.680e+00 4.533e-01
-2.670e+00 5.947e-01
-2.660e+00 9.012e-01
-2.650e+00 7.665e-01
-2.640e+00 5.644e-01
-2.630e+00 3.094e-01
-2.620e+00 3.059e-01
-2.610e+00 1.616e-01
-2.600e+00 3.188e-01
-2.590e+00 8.740e-01
-2.580e+00 9.539e-01
-2.570e+00 6.388e-01
-2.560e+00 4.957e-01
-2.550e+00 2.753e-01
-2.540e+00 2.728e-01
-2.530e+00 3.098e-01
-2.520e+00 4.793e-01
-2.510e+00 3.628e-01
-2.500e+00 3.409e-01
-2.490e+00 3.667e-01
-2.480e+00 2.168e-01
-2.470e+00 2.952e-02
-2.460e+00 1.835e-01
-2.450e+00 3.819e-01
-2.440e+00 1.690e-01
-2.430e+00 -1.433e-01
-2.420e+00 4.319e-02
-2.410e+00 2.490e-01
-2.400e+00 3.235e-01
-2.390e+00 2.182e-01
-2.380e+00 2.102e-01
-2.370e+00 6.254e-01
-2.360e+00 8.846e-01
-2.350e+00 6.896e-01
-2.340e+00 4.518e-01
-2.330e+00 4.460e-01
-2.320e+00 7.347e-01
-2.310e+00 4.774e-01
-2.300e+00 3.209e-01
-2.290e+00 6.000e-01
-2.280e+00 6.728e-01
-2.270e+00 5.681e-01
-2.260e+00 4.175e-01
-2.250e+00 6.336e-01
-2.240e+00 6.385e-01
-2.230e+00 4.862e-01
-2.220e+00 2.271e-01
-2.210e+00 4.405e-01
-2.200e+00 4.559e-01
-2.190e+00 3.692e-01
-2.180e+00 3.410e-01
-2.170e+00 5.615e-01
-2.160e+00 5.535e-01
-2.150e+00 5.043e-01
-2.140e+00 6.525e-01
-2.130e+00 6.660e-01
-2.120e+00 5.363e-01
-2.110e+00 5.392e-01
-2.100e+00 7.368e-01
-2.090e+00 5.506e-01
-2.080e+00 3.451e-01
-2.070e+00 3.312e-01
-2.060e+00 3.703e-01
-2.050e+00 5.869e-01
-2.040e+00 6.883e-01
-2.030e+00 9.252e-01
-2.020e+00 8.531e-01
-2.010e+00 7.439e-01
-2.000e+00 8.170e-01
-1.990e+00 1.035e+00
-1.980e+00 7.189e-01
-1.970e+00 2.627e-01
-1.960e+00 3.135e-01
-1.950e+00 4.833e-01
-1.940e+00 8.471e-01
-1.930e+00 9.307e-01
-1.920e+00 7.374e-01
-1.910e+00 8.160e-01
-1.900e+00 7.842e-01
-1.890e+00 7.201e-01
-1.880e+00 6.852e-01
-1.870e+00 1.003e+00
-1.860e+00 1.443e+00
-1.850e+00 1.183e+00
-1.840e+00 1.051e+00
-1.830e+00 9.522e-01
-1.820e+00 1.200e+00
-1.810e+00 1.111e+00
-1.800e+00 9.627e-01
-1.790e+00 6.161e-01
-1.780e+00 6.284e-01
-1.770e+00 8.423e-01
-1.760e+00 1.116e+00
-1.750e+00 9.102e-01
-1.740e+00 5.914e-01
-1.730e+00 3.403e-01
-1.720e+00 3.517e-01
-1.710e+00 5.272e-01
-1.700e+00 5.130e-01
-1.690e+00 6.286e-01
-1.680e+00 8.259e-01
-1.670e+00 8.200e-01
-1.660e+00 4.942e-01
-1.650e+00 6.608e-01
-1.640e+00 1.081e+00
-1.630e+00 1.086e+00
-1.620e+00 7.490e-01
-1.610e+00 7.151e-01
-1.600e+00 5.431e-01
-1.590e+00 7.076e-01
-1.580e+00 8.695e-01
-1.570e+00 1.160e+00
-1.560e+00 9.606e-01
-1.550e+00 8.020e-01
-1.540e+00 8.838e-01
-1.530e+00 8.312e-01
-1.520e+00 1.037e+00
-1.510e+00 1.030e+00
-1.500e+00 8.329e-01
-1.490e+00 4.537e-01
-1.480e+00 2.034e-01
-1.470e+00 5.724e-01
-1.460e+00 8.757e-01
-1.450e+00 1.062e+00
-1.440e+00 1.226e+00
-1.430e+00 5.784e-01
-1.420e+00 3.156e-01
-1.410e+00 4.071e-01
-1.400e+00 7.362e-01
-1.390e+00 1.119e+00
-1.380e+00 1.236e+00
-1.370e+00 1.127e+00
-1.360e+00 1.263e+00
-1.350e+00 1.146e+00
-1.340e+00 9.768e-01
-1.330e+00 8.555e-01
-1.320e+00 1.544e+00
-1.310e+00 2.010e+00
-1.300e+00 1.573e+00
-1.290e+00 1.371e+00
-1.280e+00 1.356e+00
-1.270e+00 1.138e+00
-1.260e+00 6.796e-01
-1.250e+00 6.956e-01
-1.240e+00 9.268e-01
-1.230e+00 1.217e+00
-1.220e+00 1.085e+00
-1.210e+00 8.371e-01
-1.200e+00 6.835e-01
-1.190e+00 6.986e-01
-1.180e+00 9.971e-01
-1.170e+00 1.043e+00
-1.160e+00 6.084e-01
-1.150e+00 4.382e-01
-1.140e+00 5.103e-01
-1.130e+00 6.181e-01
-1.120e+00 6.670e-01
-1.110e+00 6.767e-01
-1.100e+00 6.203e-01
-1.090e+00 4.324e-01
-1.080e+00 3.340e-02
-1.070e+00 3.845e-01
-1.060e+00 6.003e-01
-1.050e+00 1.737e-01
-1.040e+00 3.852e-01
-1.030e+00 7.562e-01
-1.020e+00 7.024e-01
-1.010e+00 2.958e-01
-1.000e+00 1.320e-01
-9.900e-01 -8.704e-02
-9.800e-01 -8.933e-02
-9.700e-01 3.128e-01
-9.600e-01 5.931e-01
-9.500e-01 6.305e-01
-9.400e-01 1.107e+00
-9.300e-01 1.524e+00
-9.200e-01 1.636e+00
-9.100e-01 1.214e+00
-9.000e-01 8.695e-01
-8.900e-01 9.787e-01
-8.800e-01 5.345e-01
-8.700e-01 5.396e-01
-8.600e-01 8.614e-01
-8.500e-01 7.115e-01
-8.400e-01 6.978e-01
-8.300e-01 7.140e-01
-8.200e-01 6.859e-01
-8.100e-01 5.421e-01
-8.000e-01 5.097e-01
-7.900e-01 7.113e-01
-7.800e-01 6.735e-01
-7.700e-01 1.118e+00
-7.600e-01 1.291e+00
-7.500e-01 1.034e+00
-7.400e-01 6.891e-01
-7.300e-01 8.448e-01
-7.200e-01 9.813e-01
-7.100e-01 9.368e-01
-7.000e-01 5.384e-01
-6.900e-01 4.675e-01
-6.800e-01 3.181e-01
-6.700e-01 5.128e-01
-6.600e-01 3.817e-01
-6.500e-01 2.522e-01
-6.400e-01 5.552e-01
-6.300e-01 1.154e+00
-6.200e-01 9.619e-01
-6.100e-01 -2.717e-02
-6.000e-01 3.108e-01
-5.900e-01 8.312e-01
-5.800e-01 7.070e-01
-5.700e-01 1.586e-01
-5.600e-01 2.096e-01
-5.500e-01 9.751e-01
-5.400e-01 7.102e-01
-5.300e-01 9.879e-01
-5.200e-01 1.496e+00
-5.100e-01 1.679e+00
-5.000e-01 1.058e+00
-4.900e-01 1.073e+00
-4.800e-01 8.542e-01
-4.700e-01 7.948e-01
-4.600e-01 6.359e-01
-4.500e-01 9.460e-01
-4.400e-01 9.265e-01
-4.300e-01 1.236e+00
-4.200e-01 1.668e+00
-4.100e-01 1.626e+00
-4.000e-01 1.247e+00
-3.900e-01 8.652e-01
-3.800e-01 1.171e+00
-3.700e-01 1.843e+00
-3.600e-01 1.712e+00
-3.500e-01 1.009e+00
-3.400e-01 4.802e-01
-3.300e-01 2.785e-01
-3.200e-01 6.932e-01
-3.100e-01 1.269e+00
-3.000e-01 1.190e+00
-2.900e-01 5.300e-02
-2.800e-01 1.303e-01
-2.700e-01 1.308e+00
-2.600e-01 1.952e+00
-2.500e-01 1.220e+00
-2.400e-01 6.325e-01
-2.300e-01 1.510e-01
-2.200e-01 1.171e+00
-2.100e-01 2.443e+00
-2.000e-01 2.643e+00
-1.900e-01 2.547e+00
-1.800e-01 3.201e+00
-1.700e-01 3.151e+00
-1.600e-01 1.653e+00
-1.500e-01 1.795e+00
-1.400e-01 2.389e+00
-1.300e-01 3.438e+00
-1.200e-01 2.209e+00
-1.100e-01 1.729e+00
-1.000e-01 7.992e-01
-9.000e-02 -9.617e-02
-8.000e-02 3.754e+00
-7.000e-02 5.978e+00
-6.000e-02 7.514e+00
-5.000e-02 1.102e+01
-4.000e-02 1.297e+01
-3.000e-02 1.409e+01
-2.000e-02 1.940e+01
-1.000e-02 4.790e+01
