# Time (ps)      real(F_1)      im(F_1)
0.000e+00 1.000e+00 0.000e+00
1.000e-01 9.050e-01 -1.423e-02
2.000e-01 8.576e-01 -2.852e-02
3.000e-01 7.830e-01 -3.362e-02
4.000e-01 7.482e-01 -5.348e-02
5.000e-01 7.414e-01 -2.793e-02
6.000e-01 7.569e-01 -2.907e-02
7.000e-01 7.059e-01 -4.684e-02
8.000e-01 6.888e-01 -7.611e-02
9.000e-01 6.031e-01 -8.060e-02
1.000e+00 6.199e-01 -3.859e-02
1.100e+00 6.040e-01 -6.049e-02
1.200e+00 6.158e-01 -4.850e-02
1.300e+00 6.375e-01 -5.986e-02
1.400e+00 5.776e-01 -4.116e-02
1.500e+00 5.493e-01 -5.241e-02
1.600e+00 5.567e-01 -6.883e-02
1.700e+00 5.056e-01 -6.138e-02
1.800e+00 5.174e-01 -8.820e-02
1.900e+00 5.462e-01 -1.030e-02
2.000e+00 4.708e-01 -4.901e-02
2.100e+00 4.089e-01 -7.303e-02
2.200e+00 4.140e-01 -5.970e-02
2.300e+00 3.644e-01 -6.847e-02
2.400e+00 4.075e-01 -6.840e-02
2.500e+00 4.251e-01 -3.908e-02
2.600e+00 4.336e-01 -3.732e-02
2.700e+00 4.151e-01 -2.842e-02
2.800e+00 4.081e-01 -6.184e-02
2.900e+00 3.851e-01 -6.684e-02
3.000e+00 4.079e-01 -6.141e-02
3.100e+00 3.744e-01 -5.917e-02
3.200e+00 3.634e-01 -4.391e-03
3.300e+00 3.565e-01 -1.340e-02
3.400e+00 3.529e-01 -9.700e-03
3.500e+00 3.370e-01 -1.946e-02
3.600e+00 3.805e-01 -4.656e-02
3.700e+00 3.835e-01 -5.824e-02
3.800e+00 3.347e-01 -8.782e-02
3.900e+00 3.236e-01 -7.752e-02
4.000e+00 3.068e-01 -6.934e-02
4.100e+00 2.836e-01 -6.278e-02
4.200e+00 2.762e-01 -8.081e-02
4.300e+00 3.134e-01 -6.274e-02
4.400e+00 2.696e-01 -4.544e-02
4.500e+00 2.857e-01 -2.990e-02
4.600e+00 2.730e-01 4.690e-03
4.700e+00 2.647e-01 -2.645e-02
4.800e+00 2.553e-01 -4.672e-02
4.900e+00 2.230e-01 -4.905e-02
5.000e+00 2.174e-01 -4.227e-02
5.100e+00 2.065e-01 -2.746e-02
5.200e+00 2.175e-01 -1.586e-02
5.300e+00 2.498e-01 -5.451e-02
5.400e+00 2.224e-01 -5.102e-02
5.500e+00 2.358e-01 -2.251e-02
5.600e+00 1.662e-01 -1.685e-02
5.700e+00 1.563e-01 -3.979e-02
5.800e+00 1.472e-01 -2.212e-02
5.900e+00 1.397e-01 -2.419e-02
6.000e+00 1.379e-01 -1.578e-02
6.100e+00 1.428e-01 -1.920e-02
6.200e+00 1.717e-01 -1.183e-02
6.300e+00 1.376e-01 -2.056e-02
6.400e+00 1.618e-01 -1.522e-02
6.500e+00 1.622e-01 1.218e-03
6.600e+00 1.246e-01 -1.252e-02
6.700e+00 9.403e-02 -1.717e-02
6.800e+00 9.847e-02 -3.082e-02
6.900e+00 6.797e-02 -1.141e-02
7.000e+00 7.597e-02 -5.580e-03
7.100e+00 1.334e-01 -7.874e-03
7.200e+00 1.199e-01 -3.171e-02
7.300e+00 1.100e-01 -3.825e-02
7.400e+00 1.476e-01 -2.526e-02
7.500e+00 7.791e-02 -2.589e-02
7.600e+00 1.173e-01 -3.135e-02
7.700e+00 1.246e-01 -4.433e-02
7.800e+00 9.180e-02 -4.289e-02
7.900e+00 4.987e-02 -2.487e-02
8.000e+00 6.274e-02 -3.394e-02
8.100e+00 7.882e-02 -5.167e-02
8.200e+00 9.550e-02 -2.534e-02
8.300e+00 1.116e-01 -2.333e-02
8.400e+00 1.132e-01 -5.299e-02
8.500e+00 9.717e-02 -5.354e-02
8.600e+00 9.216e-02 -6.466e-02
8.700e+00 1.172e-01 -4.284e-02
8.800e+00 1.175e-01 -3.876e-02
8.900e+00 1.151e-01 -4.956e-02
9.000e+00 9.036e-02 -5.034e-02
9.100e+00 8.792e-02 -3.393e-02
9.200e+00 9.036e-02 -3.146e-02
9.300e+00 8.360e-02 -2.407e-02
9.400e+00 7.825e-02 -3.032e-02
9.500e+00 6.839e-02 -3.517e-02
9.600e+00 7.295e-02 -3.417e-02
9.700e+00 7.609e-02 -3.155e-02
9.800e+00 8.100e-02 -3.029e-03
9.900e+00 5.491e-02 -2.166e-02
1.000e+01 5.766e-02 -3.481e-03
1.010e+01 8.614e-02 -2.624e-02
1.020e+01 5.241e-02 -2.002e-02
1.030e+01 7.043e-02 -2.417e-02
1.040e+01 6.536e-02 -2.079e-02
1.050e+01 7.686e-02 -9.878e-03
1.060e+01 6.709e-02 -2.437e-02
1.070e+01 7.477e-02 9.985e-03
1.080e+01 5.483e-02 9.086e-04
1.090e+01 4.907e-02 -5.561e-03
1.100e+01 2.087e-02 -9.745e-03
1.110e+01 4.280e-02 -3.080e-02
1.120e+01 3.029e-02 -3.248e-03
1.130e+01 1.881e-02 -5.079e-03
1.140e+01 3.614e-02 -3.284e-04
1.150e+01 6.939e-02 9.420e-03
1.160e+01 4.696e-02 2.921e-03
1.170e+01 1.856e-02 4.537e-03
1.180e+01 1.759e-02 3.246e-03
1.190e+01 3.201e-03 -2.255e-03
1.200e+01 2.435e-02 -1.297e-02
1.210e+01 3.028e-02 6.504e-03
1.220e+01 2.891e-02 2.247e-04
1.230e+01 5.864e-03 -1.150e-02
1.240e+01 3.471e-02 3.581e-03
1.250e+01 1.609e-02 1.075e-02
1.260e+01 7.737e-03 -1.575e-02
1.270e+01 2.112e-02 -1.484e-02
1.280e+01 9.562e-03 -6.442e-03
1.290e+01 -2.993e-02 -2.162e-02
1.300e+01 -3.155e-02 -6.149e-03
1.310e+01 -5.795e-03 9.892e-03
1.320e+01 3.080e-02 2.491e-02
1.330e+01 2.839e-02 1.350e-02
1.340e+01 5.694e-03 -6.954e-03
1.350e+01 4.026e-02 -1.282e-02
1.360e+01 3.873e-02 7.067e-03
1.370e+01 4.590e-02 2.708e-03
1.380e+01 5.422e-02 1.473e-02
1.390e+01 6.319e-02 -3.266e-03
1.400e+01 7.354e-02 -7.221e-03
1.410e+01 9.022e-02 6.416e-03
1.420e+01 8.309e-02 -2.919e-03
1.430e+01 8.038e-02 -1.421e-02
1.440e+01 5.565e-02 -7.346e-03
1.450e+01 4.418e-02 -2.491e-02
1.460e+01 2.857e-02 -3.028e-02
1.470e+01 2.629e-02 -1.998e-02
1.480e+01 2.329e-02 -1.940e-02
1.490e+01 1.324e-02 -2.430e-02
1.500e+01 3.249e-02 -1.724e-02
1.510e+01 3.573e-02 -1.825e-02
1.520e+01 1.993e-02 -1.860e-02
1.530e+01 3.829e-02 -2.282e-03
1.540e+01 3.623e-02 -8.856e-03
1.550e+01 3.241e-02 -1.715e-02
1.560e+01 9.486e-03 -2.720e-02
1.570e+01 2.110e-02 -1.013e-02
1.580e+01 3.390e-02 -1.738e-02
1.590e+01 4.297e-02 -1.842e-02
1.600e+01 4.932e-02 -1.993e-02
1.610e+01 4.718e-02 -2.080e-02
1.620e+01 2.109e-02 -2.065e-02
1.630e+01 3.355e-02 -1.100e-02
1.640e+01 2.344e-02 -1.680e-02
1.650e+01 3.110e-02 -1.579e-02
1.660e+01 3.928e-02 -9.533e-03
1.670e+01 2.168e-02 -1.929e-02
1.680e+01 4.304e-02 -1.251e-02
1.690e+01 4.910e-02 -1.512e-02
1.700e+01 5.660e-02 1.043e-02
1.710e+01 4.698e-02 5.939e-03
1.720e+01 3.291e-02 -1.149e-04
1.730e+01 4.056e-02 1.948e-02
1.740e+01 5.085e-02 2.946e-02
1.750e+01 3.289e-02 3.763e-03
1.760e+01 2.452e-02 1.436e-02
1.770e+01 4.127e-02 2.591e-02
1.780e+01 2.409e-02 2.224e-02
1.790e+01 2.823e-02 2.821e-02
1.800e+01 1.634e-02 1.357e-02
1.810e+01 3.123e-02 1.326e-02
1.820e+01 4.608e-02 1.466e-02
1.830e+01 5.212e-02 1.312e-02
1.840e+01 6.204e-02 2.934e-02
1.850e+01 4.921e-02 2.742e-02
1.860e+01 5.267e-02 2.798e-02
1.870e+01 5.773e-02 2.758e-02
1.880e+01 5.244e-02 1.753e-02
1.890e+01 4.988e-02 2.911e-02
1.900e+01 3.722e-02 2.564e-02
1.910e+01 5.366e-02 2.883e-02
1.920e+01 5.332e-02 2.445e-02
1.930e+01 3.571e-02 1.119e-02
1.940e+01 2.856e-02 1.315e-02
1.950e+01 3.234e-02 1.851e-02
1.960e+01 5.055e-02 2.368e-02
1.970e+01 6.846e-02 3.084e-02
1.980e+01 7.023e-02 2.919e-02
1.990e+01 6.840e-02 4.239e-02
2.000e+01 7.982e-02 4.383e-02
2.010e+01 6.365e-02 3.806e-02
2.020e+01 6.455e-02 8.077e-03
2.030e+01 4.903e-02 1.448e-02
2.040e+01 5.556e-02 2.593e-02
2.050e+01 4.544e-02 2.510e-02
2.060e+01 4.815e-02 2.438e-02
2.070e+01 4.263e-02 3.198e-02
2.080e+01 5.547e-02 2.923e-02
2.090e+01 4.747e-02 3.106e-02
2.100e+01 3.283e-02 2.822e-02
2.110e+01 3.048e-02 3.546e-02
2.120e+01 3.793e-02 4.727e-02
2.130e+01 2.270e-02 4.872e-02
2.140e+01 2.572e-02 3.482e-02
2.150e+01 2.806e-02 4.243e-02
2.160e+01 1.971e-02 4.670e-02
2.170e+01 2.082e-02 5.197e-02
2.180e+01 1.768e-02 3.594e-02
2.190e+01 1.759e-02 2.595e-02
2.200e+01 2.275e-02 2.963e-02
2.210e+01 3.326e-02 4.519e-02
2.220e+01 4.092e-02 2.169e-02
2.230e+01 3.747e-02 2.667e-02
2.240e+01 4.483e-02 3.549e-02
2.250e+01 4.188e-02 4.632e-02
2.260e+01 2.408e-02 3.819e-02
2.270e+01 2.304e-02 3.825e-02
2.280e+01 2.931e-02 4.626e-02
2.290e+01 3.500e-02 4.890e-02
2.300e+01 2.000e-02 6.164e-02
2.310e+01 2.567e-02 5.875e-02
2.320e+01 4.179e-02 4.903e-02
2.330e+01 3.316e-02 3.752e-02
2.340e+01 1.335e-02 3.625e-02
2.350e+01 3.239e-02 3.951e-02
2.360e+01 2.724e-02 3.990e-02
2.370e+01 3.375e-02 3.114e-02
2.380e+01 9.962e-03 2.730e-02
2.390e+01 1.156e-02 3.060e-02
2.400e+01 9.399e-03 3.198e-02
2.410e+01 2.241e-03 3.012e-02
2.420e+01 1.227e-02 4.584e-02
2.430e+01 -2.582e-03 4.303e-02
2.440e+01 5.403e-03 3.499e-02
2.450e+01 5.141e-03 4.358e-02
2.460e+01 6.080e-03 4.115e-02
2.470e+01 -8.661e-03 3.575e-02
2.480e+01 -4.220e-03 2.602e-02
2.490e+01 4.717e-03 2.139e-02
2.500e+01 7.719e-03 2.527e-02
2.510e+01 2.460e-03 2.185e-02
2.520e+01 -5.223e-03 2.099e-02
2.530e+01 1.999e-03 3.205e-02
2.540e+01 1.914e-02 2.339e-02
2.550e+01 1.260e-02 1.988e-02
2.560e+01 1.895e-02 3.427e-02
2.570e+01 5.227e-03 1.175e-02
2.580e+01 8.471e-03 5.538e-03
2.590e+01 3.314e-03 4.162e-03
2.600e+01 1.516e-02 1.116e-02
2.610e+01 4.055e-03 6.764e-03
2.620e+01 1.462e-02 4.163e-03
2.630e+01 3.575e-03 -5.828e-04
2.640e+01 5.586e-03 5.122e-03
2.650e+01 -4.080e-03 -2.909e-03
2.660e+01 3.627e-03 1.554e-03
2.670e+01 8.692e-03 9.075e-03
2.680e+01 -9.337e-03 -8.065e-03
2.690e+01 -4.092e-03 -1.272e-02
2.700e+01 -3.955e-03 -1.171e-03
2.710e+01 -3.695e-03 6.875e-03
2.720e+01 4.161e-03 -4.694e-03
2.730e+01 7.782e-03 1.841e-03
2.740e+01 -2.942e-04 -1.807e-02
2.750e+01 2.339e-03 -1.749e-02
2.760e+01 -1.492e-02 -4.824e-03
2.770e+01 -2.111e-02 -1.206e-02
2.780e+01 -5.726e-03 -1.502e-02
2.790e+01 -2.944e-03 -1.497e-02
2.800e+01 -8.256e-03 -2.558e-02
2.810e+01 8.889e-04 -3.183e-02
2.820e+01 -7.118e-05 -1.460e-02
2.830e+01 1.649e-03 -8.942e-03
2.840e+01 -1.731e-02 -1.997e-03
2.850e+01 -2.153e-02 -2.292e-02
2.860e+01 -2.284e-02 -3.125e-02
2.870e+01 -1.291e-03 -2.203e-02
2.880e+01 -8.347e-03 -2.222e-02
2.890e+01 -9.072e-03 -1.749e-02
2.900e+01 -1.852e-02 -1.679e-02
2.910e+01 -2.801e-02 -9.344e-03
2.920e+01 -2.823e-02 -2.693e-02
2.930e+01 -3.199e-02 -1.375e-02
2.940e+01 -2.318e-02 -2.920e-02
2.950e+01 -1.978e-02 -1.987e-02
2.960e+01 4.780e-03 -2.823e-02
2.970e+01 2.227e-03 -2.740e-02
2.980e+01 -3.997e-03 -1.183e-02
2.990e+01 -1.308e-02 -2.052e-02
3.000e+01 2.841e-03 -2.162e-02
3.010e+01 -1.177e-02 -3.082e-02
3.020e+01 -1.012e-02 -3.298e-02
3.030e+01 7.832e-04 -2.617e-02
3.040e+01 -8.699e-03 -3.209e-02
3.050e+01 -6.829e-03 -1.969e-02
3.060e+01 -9.204e-03 -1.596e-02
3.070e+01 -7.969e-03 -1.907e-02
3.080e+01 -2.277e-03 -2.086e-02
3.090e+01 1.173e-03 1.135e-03
3.100e+01 -1.106e-02 -1.376e-02
3.110e+01 -2.002e-02 -6.879e-03
3.120e+01 -2.704e-02 -6.600e-03
3.130e+01 -4.093e-02 -1.685e-02
3.140e+01 -2.816e-02 -6.723e-04
3.150e+01 -2.852e-02 -7.790e-03
3.160e+01 -3.844e-02 -5.789e-03
3.170e+01 -2.666e-02 -2.584e-02
3.180e+01 -1.112e-02 -2.026e-02
3.190e+01 -1.653e-02 -1.883e-02
3.200e+01 -1.570e-02 -1.392e-02
3.210e+01 -3.595e-03 -1.860e-02
3.220e+01 -5.123e-04 -2.838e-02
3.230e+01 -1.363e-02 -1.477e-02
3.240e+01 -9.549e-03 -1.554e-02
3.250e+01 3.944e-03 -2.044e-02
3.260e+01 -4.857e-03 -2.434e-02
3.270e+01 -2.396e-03 -7.794e-03
3.280e+01 -5.878e-03 -7.751e-04
3.290e+01 -1.874e-02 -1.478e-02
3.300e+01 -2.122e-02 -7.129e-03
3.310e+01 -9.965e-03 -1.025e-02
3.320e+01 4.124e-03 -1.843e-02
3.330e+01 3.043e-03 -2.180e-02
3.340e+01 -3.429e-04 -9.007e-03
3.350e+01 5.769e-03 8.974e-04
3.360e+01 -8.458e-03 -1.316e-02
3.370e+01 4.585e-03 -1.033e-02
3.380e+01 -3.414e-03 -1.513e-02
3.390e+01 -9.500e-03 -1.582e-02
3.400e+01 -7.659e-03 -1.293e-02
3.410e+01 -1.791e-03 -1.546e-02
3.420e+01 -1.672e-02 -1.697e-02
3.430e+01 -8.318e-03 -1.543e-02
3.440e+01 -6.838e-03 -1.277e-02
3.450e+01 9.248e-04 -2.900e-02
3.460e+01 6.955e-04 -1.954e-02
3.470e+01 -1.800e-02 -2.004e-03
3.480e+01 -1.528e-02 -1.508e-02
3.490e+01 -4.325e-03 -1.759e-02
3.500e+01 2.979e-03 -2.104e-02
3.510e+01 -1.214e-02 -1.637e-02
3.520e+01 -2.454e-02 -1.446e-02
3.530e+01 -2.165e-02 -1.417e-02
3.540e+01 -1.550e-02 1.532e-03
3.550e+01 1.053e-02 -2.467e-02
3.560e+01 -6.487e-03 -1.555e-02
3.570e+01 9.474e-03 -9.679e-03
3.580e+01 -6.760e-03 -9.265e-03
3.590e+01 -4.556e-03 -1.539e-02
3.600e+01 1.997e-03 -5.673e-03
3.610e+01 -1.205e-02 9.369e-04
3.620e+01 6.621e-03 -1.088e-02
3.630e+01 -7.593e-03 -1.452e-02
3.640e+01 -6.795e-03 -1.414e-02
3.650e+01 -1.077e-02 -1.047e-02
3.660e+01 -5.313e-03 -1.078e-02
3.670e+01 -2.016e-03 -8.266e-03
3.680e+01 -5.922e-03 -4.129e-03
3.690e+01 3.553e-03 -2.094e-02
3.700e+01 -9.475e-03 -1.617e-02
3.710e+01 -1.669e-02 -1.205e-02
3.720e+01 -1.615e-02 -9.262e-05
3.730e+01 -1.426e-02 -1.599e-02
3.740e+01 7.888e-03 -2.853e-02
3.750e+01 1.996e-02 -1.006e-02
3.760e+01 1.597e-02 -8.183e-03
3.770e+01 8.580e-03 -2.214e-02
3.780e+01 -6.380e-03 -2.086e-02
3.790e+01 -7.013e-03 -8.881e-03
3.800e+01 -8.567e-04 -2.263e-02
3.810e+01 9.128e-03 -3.954e-03
3.820e+01 -9.443e-04 -1.148e-02
3.830e+01 -1.681e-03 -8.377e-03
3.840e+01 -1.373e-02 -1.602e-02
3.850e+01 -1.117e-02 -5.429e-03
3.860e+01 -1.094e-02 -2.990e-03
3.870e+01 -7.695e-03 -7.048e-03
3.880e+01 -1.193e-02 -1.329e-02
3.890e+01 -1.378e-02 -6.963e-03
3.900e+01 -8.628e-03 -7.003e-03
3.910e+01 -1.320e-02 -2.698e-03
3.920e+01 -1.726e-02 -1.547e-02
3.930e+01 -7.815e-03 -1.500e-03
3.940e+01 1.224e-03 -4.156e-03
3.950e+01 2.058e-04 -4.641e-03
3.960e+01 -9.662e-03 -5.936e-03
3.970e+01 -1.006e-02 2.354e-04
3.980e+01 -6.754e-03 6.239e-04
3.990e+01 -8.482e-03 -1.500e-03
4.000e+01 -6.177e-03 -2.489e-03
4.010e+01 -6.199e-04 -2.923e-03
4.020e+01 1.730e-03 -1.280e-03
4.030e+01 1.733e-03 -6.395e-03
4.040e+01 -7.773e-03 -7.187e-03
4.050e+01 4.967e-03 -1.956e-03
4.060e+01 1.124e-03 -5.011e-03
4.070e+01 2.966e-03 -7.426e-03
4.080e+01 -5.378e-03 -7.598e-03
4.090e+01 -9.379e-03 -1.018e-02
4.100e+01 -6.468e-03 -1.272e-02
4.110e+01 -1.971e-03 -1.405e-02
4.120e+01 -9.498e-04 -9.779e-03
4.130e+01 -4.247e-03 -9.240e-03
4.140e+01 -3.346e-03 -1.499e-02
4.150e+01 -4.634e-03 -1.138e-02
4.160e+01 -3.287e-03 -7.069e-03
4.170e+01 -2.495e-04 -1.018e-02
4.180e+01 2.927e-03 -1.224e-02
4.190e+01 -3.046e-03 -1.072e-02
4.200e+01 -5.462e-03 -1.401e-02
4.210e+01 -2.607e-03 -6.891e-03
4.220e+01 -4.756e-03 -8.541e-03
4.230e+01 -1.449e-02 -2.291e-03
4.240e+01 -3.778e-03 -7.523e-03
4.250e+01 -7.800e-03 -5.421e-03
4.260e+01 -4.848e-03 -5.437e-03
4.270e+01 -2.988e-03 -7.635e-03
4.280e+01 -3.491e-03 -7.206e-03
4.290e+01 -5.078e-03 -2.657e-03
4.300e+01 -1.173e-03 -4.494e-03
4.310e+01 -1.245e-03 -5.314e-03
4.320e+01 2.578e-03 -5.241e-03
4.330e+01 -2.403e-03 -1.159e-03
4.340e+01 9.461e-04 7.353e-03
4.350e+01 1.372e-04 6.350e-03
4.360e+01 4.648e-03 7.319e-03
4.370e+01 7.887e-03 4.518e-03
4.380e+01 4.400e-03 6.010e-03
4.390e+01 -2.093e-03 8.882e-04
4.400e+01 2.429e-03 -6.130e-03
4.410e+01 7.747e-03 -1.080e-02
4.420e+01 4.972e-03 -1.386e-02
4.430e+01 3.086e-03 -1.094e-02
4.440e+01 -2.340e-04 -9.045e-03
4.450e+01 -3.259e-03 -1.152e-02
4.460e+01 -1.098e-02 -4.903e-03
4.470e+01 -1.821e-03 -2.029e-03
4.480e+01 1.277e-03 -7.814e-03
4.490e+01 7.724e-03 -1.178e-02
4.500e+01 1.904e-03 -1.354e-02
4.510e+01 -6.476e-03 -1.694e-03
4.520e+01 -1.386e-03 -7.021e-03
4.530e+01 -8.639e-03 1.586e-03
4.540e+01 -1.690e-03 -7.421e-04
4.550e+01 -9.179e-03 -7.724e-03
4.560e+01 -1.090e-02 -5.439e-03
4.570e+01 8.922e-04 -1.416e-02
4.580e+01 2.913e-03 -1.186e-02
4.590e+01 3.322e-03 -1.249e-02
4.600e+01 7.603e-03 -1.689e-02
4.610e+01 2.555e-03 -1.434e-02
4.620e+01 9.333e-03 -2.185e-02
4.630e+01 9.736e-03 -2.509e-02
4.640e+01 5.272e-03 -2.046e-02
4.650e+01 7.620e-03 -2.935e-02
4.660e+01 5.127e-03 -3.206e-02
4.670e+01 1.422e-02 -3.271e-02
4.680e+01 1.946e-02 -3.002e-02
4.690e+01 2.245e-02 -2.506e-02
4.700e+01 1.898e-02 -2.669e-02
4.710e+01 1.088e-02 -2.069e-02
4.720e+01 9.484e-03 -1.844e-02
4.730e+01 8.929e-03 -2.738e-02
4.740e+01 1.333e-02 -2.381e-02
4.750e+01 1.355e-02 -2.439e-02
4.760e+01 1.619e-02 -2.629e-02
4.770e+01 1.914e-02 -2.677e-02
4.780e+01 1.704e-02 -1.911e-02
4.790e+01 1.011e-02 -1.859e-02
4.800e+01 1.704e-02 -1.821e-02
4.810e+01 2.024e-02 -2.187e-02
4.820e+01 1.708e-02 -2.158e-02
4.830e+01 7.918e-03 -1.658e-02
4.840e+01 1.455e-02 -1.938e-02
4.850e+01 2.419e-02 -1.973e-02
4.860e+01 3.422e-02 -2.716e-02
4.870e+01 2.683e-02 -2.528e-02
4.880e+01 2.466e-02 -2.378e-02
4.890e+01 2.159e-02 -1.527e-02
4.900e+01 2.453e-02 -2.374e-02
4.910e+01 3.097e-02 -2.107e-02
4.920e+01 3.286e-02 -3.102e-02
4.930e+01 3.443e-02 -3.217e-02
4.940e+01 2.795e-02 -3.323e-02
4.950e+01 2.521e-02 -2.720e-02
4.960e+01 2.530e-02 -3.001e-02
4.970e+01 2.808e-02 -1.847e-02
4.980e+01 2.518e-02 -1.636e-02
4.990e+01 3.457e-02 -1.309e-02
5.000e+01 2.606e-02 -1.240e-02
5.010e+01 2.600e-02 -1.376e-02
5.020e+01 1.880e-02 -9.822e-03
5.030e+01 2.026e-02 -6.329e-03
5.040e+01 2.176e-02 -7.941e-03
5.050e+01 1.201e-02 -1.016e-02
5.060e+01 1.102e-02 -1.110e-02
5.070e+01 1.437e-02 -1.130e-02
5.080e+01 1.262e-02 -8.920e-03
5.090e+01 1.154e-02 -1.034e-02
5.100e+01 1.133e-02 -9.507e-03
5.110e+01 6.577e-03 -7.220e-03
5.120e+01 9.079e-03 -1.015e-02
5.130e+01 1.175e-02 -5.099e-03
5.140e+01 7.455e-03 -7.334e-03
5.150e+01 6.510e-03 -1.028e-02
5.160e+01 1.238e-02 -9.099e-03
5.170e+01 1.305e-02 -8.787e-03
5.180e+01 1.595e-02 -6.313e-03
5.190e+01 1.639e-02 -7.753e-03
5.200e+01 1.434e-02 -1.139e-02
5.210e+01 1.296e-02 -8.837e-03
5.220e+01 7.848e-03 -9.377e-03
5.230e+01 1.068e-02 -1.346e-02
5.240e+01 1.319e-02 -1.049e-02
5.250e+01 1.762e-02 -1.498e-02
5.260e+01 1.585e-02 -1.380e-02
5.270e+01 1.622e-02 -1.083e-02
5.280e+01 1.811e-02 -1.133e-02
5.290e+01 1.940e-02 -1.319e-02
5.300e+01 1.997e-02 -1.457e-02
5.310e+01 2.200e-02 -8.574e-03
5.320e+01 2.214e-02 -1.089e-02
5.330e+01 2.035e-02 -7.805e-03
5.340e+01 1.759e-02 -1.212e-02
5.350e+01 1.651e-02 -1.591e-02
5.360e+01 1.429e-02 -9.079e-03
5.370e+01 1.238e-02 -1.241e-02
5.380e+01 1.372e-02 -1.262e-02
5.390e+01 1.255e-02 -1.746e-02
5.400e+01 1.335e-02 -1.337e-02
5.410e+01 1.628e-02 -1.312e-02
5.420e+01 1.316e-02 -8.695e-03
5.430e+01 1.279e-02 -3.446e-03
5.440e+01 1.425e-02 -8.635e-03
5.450e+01 1.891e-02 -4.861e-03
5.460e+01 2.015e-02 -1.193e-02
5.470e+01 1.622e-02 -9.880e-03
5.480e+01 1.269e-02 -1.410e-02
5.490e+01 9.035e-03 -7.976e-03
5.500e+01 6.503e-03 -2.388e-03
5.510e+01 7.335e-03 -3.252e-03
5.520e+01 1.196e-02 -9.778e-03
5.530e+01 1.159e-02 -8.366e-03
5.540e+01 9.401e-03 -7.545e-03
5.550e+01 1.010e-02 -5.990e-03
5.560e+01 1.059e-02 -7.466e-03
5.570e+01 3.374e-03 -8.636e-03
5.580e+01 8.789e-03 -9.884e-03
5.590e+01 1.323e-02 -1.010e-02
5.600e+01 1.279e-02 -1.205e-02
5.610e+01 1.208e-02 -9.096e-03
5.620e+01 8.329e-03 -1.215e-02
5.630e+01 5.925e-03 -7.922e-03
5.640e+01 3.402e-03 -1.064e-02
5.650e+01 6.104e-03 -1.272e-02
5.660e+01 1.066e-02 -1.052e-02
5.670e+01 1.425e-02 -1.506e-02
5.680e+01 8.615e-03 -1.461e-02
5.690e+01 -7.394e-04 -1.590e-02
5.700e+01 -2.070e-03 -1.444e-02
5.710e+01 2.568e-03 -9.184e-03
5.720e+01 4.426e-03 -1.228e-02
5.730e+01 7.508e-03 -1.408e-02
5.740e+01 5.824e-03 -1.409e-02
5.750e+01 1.053e-03 -7.707e-03
5.760e+01 2.139e-03 -1.174e-02
5.770e+01 -2.318e-03 -8.824e-03
5.780e+01 4.308e-03 -8.090e-03
5.790e+01 6.400e-03 -1.174e-02
5.800e+01 1.988e-03 -1.128e-02
5.810e+01 1.197e-03 -8.482e-03
5.820e+01 1.622e-03 -4.644e-03
5.830e+01 -8.010e-04 -4.654e-03
5.840e+01 -1.787e-03 -1.055e-02
5.850e+01 -2.909e-03 -1.021e-02
5.860e+01 -4.868e-03 -9.955e-03
5.870e+01 -1.826e-03 -8.687e-03
5.880e+01 -5.320e-03 -9.952e-03
5.890e+01 -7.418e-03 -9.638e-03
5.900e+01 -3.319e-03 -4.235e-03
5.910e+01 -1.815e-03 -4.112e-03
5.920e+01 -3.060e-04 -3.748e-03
5.930e+01 -5.908e-03 -3.655e-03
5.940e+01 -7.928e-03 -1.010e-02
5.950e+01 -5.735e-03 -1.259e-03
5.960e+01 -4.610e-03 2.494e-03
5.970e+01 3.948e-04 2.702e-03
5.980e+01 -4.490e-03 1.200e-03
5.990e+01 -3.729e-03 -6.837e-03
6.000e+01 -2.231e-03 -1.198e-02
6.010e+01 -4.255e-03 -1.219e-02
6.020e+01 -1.932e-03 -1.343e-02
6.030e+01 -1.484e-03 -1.339e-02
6.040e+01 3.077e-04 -1.310e-02
6.050e+01 -5.901e-05 -1.032e-02
6.060e+01 4.976e-03 -4.188e-03
6.070e+01 6.809e-03 -5.502e-03
6.080e+01 8.988e-03 -7.672e-03
6.090e+01 1.182e-02 -1.081e-02
6.100e+01 8.522e-03 -9.803e-03
6.110e+01 6.793e-03 -7.956e-03
6.120e+01 8.200e-03 -9.365e-03
6.130e+01 6.493e-03 -8.393e-03
6.140e+01 8.702e-03 -9.826e-03
6.150e+01 9.997e-03 -8.232e-03
6.160e+01 1.132e-02 -5.757e-03
6.170e+01 1.283e-02 -4.758e-03
6.180e+01 1.523e-02 -3.960e-03
6.190e+01 1.586e-02 -2.808e-03
6.200e+01 1.202e-02 -7.026e-03
6.210e+01 9.095e-03 -6.927e-03
6.220e+01 5.843e-03 -7.690e-03
6.230e+01 6.597e-03 -3.728e-03
6.240e+01 8.311e-03 -8.347e-03
6.250e+01 1.378e-02 -6.667e-03
6.260e+01 1.586e-02 -1.168e-02
6.270e+01 1.407e-02 -1.496e-02
6.280e+01 1.209e-02 -1.093e-02
6.290e+01 1.099e-02 -9.845e-03
6.300e+01 1.150e-02 -8.804e-03
6.310e+01 1.015e-02 -3.051e-03
6.320e+01 8.733e-03 -4.951e-03
6.330e+01 7.215e-03 -5.312e-03
6.340e+01 9.298e-03 -7.428e-03
6.350e+01 1.224e-02 -6.300e-03
6.360e+01 1.120e-02 -4.947e-03
6.370e+01 1.144e-02 -4.110e-03
6.380e+01 9.401e-03 -5.871e-03
6.390e+01 1.391e-02 -8.341e-03
6.400e+01 1.574e-02 -7.381e-03
6.410e+01 1.404e-02 -9.504e-03
6.420e+01 1.235e-02 -6.160e-03
6.430e+01 1.172e-02 -9.733e-03
6.440e+01 7.528e-03 -8.109e-03
6.450e+01 9.850e-03 -8.037e-03
6.460e+01 1.126e-02 -8.117e-03
6.470e+01 1.163e-02 -7.619e-03
6.480e+01 9.826e-03 -5.079e-03
6.490e+01 8.743e-03 -4.223e-03
6.500e+01 1.029e-02 -3.873e-03
6.510e+01 1.135e-02 -3.781e-03
6.520e+01 1.379e-02 -5.560e-03
6.530e+01 1.687e-02 -5.717e-03
6.540e+01 8.680e-03 -5.106e-03
6.550e+01 8.103e-03 -6.656e-03
6.560e+01 6.753e-03 -5.898e-03
6.570e+01 9.410e-03 -7.507e-03
6.580e+01 9.664e-03 -5.241e-03
6.590e+01 1.048e-02 -5.694e-03
6.600e+01 9.800e-03 -4.257e-03
6.610e+01 8.965e-03 -5.397e-03
6.620e+01 7.772e-03 -4.970e-03
6.630e+01 8.034e-03 -4.008e-03
6.640e+01 1.062e-02 -2.401e-03
6.650e+01 1.224e-02 -2.936e-03
6.660e+01 1.441e-02 -3.061e-03
6.670e+01 1.344e-02 -6.569e-03
6.680e+01 1.274e-02 -5.839e-03
6.690e+01 1.270e-02 -7.827e-03
6.700e+01 1.356e-02 -4.357e-03
6.710e+01 1.100e-02 -4.146e-03
6.720e+01 1.010e-02 -3.985e-04
6.730e+01 1.301e-02 -5.974e-03
6.740e+01 1.382e-02 -5.261e-03
6.750e+01 1.419e-02 -5.461e-03
6.760e+01 1.342e-02 -4.528e-03
6.770e+01 1.295e-02 -4.316e-03
6.780e+01 1.350e-02 -3.080e-03
6.790e+01 1.191e-02 -3.541e-03
6.800e+01 1.119e-02 -6.695e-03
6.810e+01 1.337e-02 -4.651e-03
6.820e+01 1.393e-02 -4.854e-03
6.830e+01 1.061e-02 -5.757e-03
6.840e+01 9.519e-03 -6.186e-03
6.850e+01 7.651e-03 -8.799e-03
6.860e+01 8.560e-03 -7.540e-03
6.870e+01 1.029e-02 -7.194e-03
6.880e+01 8.631e-03 -7.382e-03
6.890e+01 7.746e-03 -4.819e-03
6.900e+01 8.835e-03 -8.553e-03
6.910e+01 7.211e-03 -8.932e-03
6.920e+01 7.712e-03 -8.852e-03
6.930e+01 5.052e-03 -5.075e-03
6.940e+01 1.859e-03 -5.367e-03
6.950e+01 3.041e-03 -6.956e-03
6.960e+01 3.429e-03 -5.983e-03
6.970e+01 5.117e-03 -7.378e-03
6.980e+01 4.871e-03 -7.539e-03
6.990e+01 6.492e-03 -6.694e-03
7.000e+01 7.337e-03 -3.611e-03
7.010e+01 9.291e-03 -2.874e-03
7.020e+01 1.045e-02 -3.675e-03
7.030e+01 1.082e-02 -2.958e-03
7.040e+01 9.889e-03 -4.412e-03
7.050e+01 6.023e-03 -6.687e-03
7.060e+01 5.947e-03 -7.081e-03
7.070e+01 6.910e-03 -6.632e-03
7.080e+01 5.159e-03 -4.723e-03
7.090e+01 6.890e-03 -5.107e-03
7.100e+01 6.046e-03 -1.155e-02
7.110e+01 3.400e-03 -1.415e-02
7.120e+01 3.855e-03 -9.985e-03
7.130e+01 3.276e-03 -9.970e-03
7.140e+01 3.384e-03 -1.065e-02
7.150e+01 6.578e-03 -1.109e-02
7.160e+01 8.677e-03 -8.913e-03
7.170e+01 7.961e-03 -1.162e-02
7.180e+01 5.231e-03 -1.347e-02
7.190e+01 5.080e-03 -1.328e-02
7.200e+01 4.634e-03 -1.106e-02
7.210e+01 4.296e-03 -1.060e-02
7.220e+01 4.291e-03 -9.987e-03
7.230e+01 4.747e-04 -1.028e-02
7.240e+01 -6.522e-04 -9.735e-03
7.250e+01 -1.014e-03 -9.213e-03
7.260e+01 2.858e-03 -1.204e-02
7.270e+01 3.587e-03 -5.646e-03
7.280e+01 4.012e-03 -7.283e-03
7.290e+01 2.218e-03 -9.728e-03
7.300e+01 5.261e-04 -1.161e-02
7.310e+01 2.766e-03 -1.041e-02
7.320e+01 5.824e-03 -8.529e-03
7.330e+01 2.605e-03 -8.504e-03
7.340e+01 1.896e-03 -7.892e-03
7.350e+01 8.885e-04 -8.678e-03
7.360e+01 3.754e-03 -9.022e-03
7.370e+01 6.161e-03 -8.396e-03
7.380e+01 6.532e-03 -9.434e-03
7.390e+01 5.280e-03 -1.151e-02
7.400e+01 3.398e-03 -1.109e-02
7.410e+01 4.232e-03 -1.247e-02
7.420e+01 2.065e-03 -1.501e-02
7.430e+01 2.907e-03 -9.938e-03
7.440e+01 5.842e-03 -8.766e-03
7.450e+01 6.591e-03 -9.071e-03
7.460e+01 6.004e-03 -1.112e-02
7.470e+01 5.859e-03 -1.043e-02
7.480e+01 4.616e-03 -1.309e-02
7.490e+01 4.652e-03 -1.193e-02
7.500e+01 3.638e-03 -1.184e-02
7.510e+01 3.865e-03 -1.281e-02
7.520e+01 3.267e-03 -1.018e-02
7.530e+01 1.406e-03 -1.068e-02
7.540e+01 5.203e-04 -1.184e-02
7.550e+01 3.186e-03 -1.244e-02
7.560e+01 1.464e-03 -1.266e-02
7.570e+01 2.081e-05 -1.381e-02
7.580e+01 4.124e-03 -1.472e-02
7.590e+01 4.355e-03 -1.270e-02
7.600e+01 3.759e-03 -1.170e-02
7.610e+01 2.365e-03 -1.238e-02
7.620e+01 1.666e-03 -1.059e-02
7.630e+01 3.228e-03 -1.276e-02
7.640e+01 2.453e-03 -1.220e-02
7.650e+01 -1.948e-03 -1.341e-02
7.660e+01 5.642e-03 -1.167e-02
7.670e+01 3.709e-04 -1.538e-02
7.680e+01 -3.198e-03 -1.923e-02
7.690e+01 -7.924e-03 -1.922e-02
7.700e+01 -5.366e-04 -1.773e-02
7.710e+01 1.398e-03 -1.495e-02
7.720e+01 4.367e-03 -1.298e-02
7.730e+01 5.613e-03 -1.406e-02
7.740e+01 3.673e-03 -1.420e-02
7.750e+01 1.768e-03 -1.397e-02
7.760e+01 1.059e-03 -1.611e-02
7.770e+01 -2.018e-03 -1.678e-02
7.780e+01 -2.776e-03 -1.609e-02
7.790e+01 -1.538e-03 -1.434e-02
7.800e+01 -3.082e-04 -1.674e-02
7.810e+01 7.273e-04 -1.681e-02
7.820e+01 7.950e-04 -1.553e-02
7.830e+01 1.325e-03 -1.433e-02
7.840e+01 3.749e-03 -1.259e-02
7.850e+01 6.495e-03 -1.159e-02
7.860e+01 5.672e-03 -1.213e-02
7.870e+01 1.037e-02 -1.192e-02
7.880e+01 6.182e-03 -1.538e-02
7.890e+01 6.926e-03 -1.235e-02
7.900e+01 2.192e-03 -1.355e-02
7.910e+01 3.656e-03 -1.052e-02
7.920e+01 1.713e-03 -1.301e-02
7.930e+01 3.830e-03 -1.369e-02
7.940e+01 3.022e-03 -8.505e-03
7.950e+01 4.951e-03 -1.030e-02
7.960e+01 4.826e-03 -1.101e-02
7.970e+01 6.036e-03 -1.041e-02
7.980e+01 5.481e-03 -9.793e-03
7.990e+01 5.526e-03 -9.956e-03
8.000e+01 3.736e-03 -9.793e-03
8.010e+01 5.080e-03 -9.460e-03
8.020e+01 3.897e-03 -1.009e-02
8.030e+01 4.951e-03 -9.238e-03
8.040e+01 6.836e-03 -9.490e-03
8.050e+01 7.247e-03 -9.562e-03
8.060e+01 8.630e-03 -1.187e-02
8.070e+01 9.397e-03 -1.264e-02
8.080e+01 9.279e-03 -1.312e-02
8.090e+01 8.876e-03 -1.080e-02
8.100e+01 1.015e-02 -1.023e-02
8.110e+01 9.702e-03 -9.988e-03
8.120e+01 1.130e-02 -1.310e-02
8.130e+01 7.106e-03 -1.084e-02
8.140e+01 9.074e-03 -9.395e-03
8.150e+01 1.019e-02 -8.274e-03
8.160e+01 9.608e-03 -8.074e-03
8.170e+01 8.159e-03 -8.130e-03
8.180e+01 9.586e-03 -1.117e-02
8.190e+01 1.062e-02 -1.138e-02
8.200e+01 9.784e-03 -1.072e-02
8.210e+01 8.847e-03 -1.004e-02
8.220e+01 8.198e-03 -1.037e-02
8.230e+01 1.045e-02 -9.262e-03
8.240e+01 1.026e-02 -1.081e-02
8.250e+01 9.065e-03 -1.048e-02
8.260e+01 9.700e-03 -8.592e-03
8.270e+01 7.756e-03 -7.916e-03
8.280e+01 7.578e-03 -9.333e-03
8.290e+01 5.473e-03 -9.128e-03
8.300e+01 3.874e-03 -8.711e-03
8.310e+01 3.045e-03 -6.421e-03
8.320e+01 3.624e-03 -7.428e-03
8.330e+01 3.514e-03 -8.113e-03
8.340e+01 3.711e-03 -7.886e-03
8.350e+01 3.992e-03 -9.387e-03
8.360e+01 3.564e-03 -8.536e-03
8.370e+01 2.620e-03 -8.080e-03
8.380e+01 1.708e-03 -7.540e-03
8.390e+01 3.637e-03 -7.760e-03
8.400e+01 3.454e-03 -8.189e-03
8.410e+01 3.090e-03 -7.994e-03
8.420e+01 3.868e-03 -7.124e-03
8.430e+01 3.177e-03 -6.796e-03
8.440e+01 3.085e-03 -6.017e-03
8.450e+01 3.459e-03 -6.714e-03
8.460e+01 2.752e-03 -7.163e-03
8.470e+01 1.892e-03 -6.745e-03
8.480e+01 4.007e-03 -5.957e-03
8.490e+01 4.108e-03 -6.253e-03
8.500e+01 3.179e-03 -5.282e-03
8.510e+01 4.709e-03 -5.914e-03
8.520e+01 4.057e-03 -5.999e-03
8.530e+01 3.976e-03 -5.666e-03
8.540e+01 3.126e-03 -5.542e-03
8.550e+01 4.482e-03 -5.605e-03
8.560e+01 2.722e-03 -6.158e-03
8.570e+01 2.590e-03 -6.223e-03
8.580e+01 1.790e-03 -5.868e-03
8.590e+01 5.294e-03 -4.691e-03
8.600e+01 3.151e-03 -4.715e-03
8.610e+01 2.209e-03 -3.567e-03
8.620e+01 4.315e-03 -5.285e-03
8.630e+01 5.063e-03 -4.658e-03
8.640e+01 5.187e-03 -5.866e-03
8.650e+01 4.337e-03 -4.785e-03
8.660e+01 4.418e-03 -5.068e-03
8.670e+01 3.817e-03 -5.038e-03
8.680e+01 3.211e-03 -3.533e-03
8.690e+01 3.437e-03 -3.437e-03
8.700e+01 2.861e-03 -3.991e-03
8.710e+01 2.162e-03 -1.601e-03
8.720e+01 8.056e-04 -2.152e-03
8.730e+01 -3.523e-04 -6.068e-03
8.740e+01 -1.580e-03 -1.158e-02
8.750e+01 -2.541e-03 -4.872e-03
8.760e+01 2.264e-03 -3.277e-03
8.770e+01 2.007e-03 -5.004e-03
8.780e+01 1.478e-03 -5.304e-03
8.790e+01 1.012e-03 -4.924e-03
8.800e+01 2.805e-04 -4.674e-03
8.810e+01 -9.755e-04 -3.349e-03
8.820e+01 -8.160e-04 -3.478e-03
8.830e+01 -4.564e-04 -4.224e-03
8.840e+01 -3.019e-04 -4.118e-03
8.850e+01 1.004e-03 -5.004e-03
8.860e+01 -1.845e-04 -5.709e-03
8.870e+01 -7.236e-04 -5.275e-03
8.880e+01 -4.112e-04 -3.859e-03
8.890e+01 -1.044e-03 -3.554e-03
8.900e+01 -1.390e-03 -4.013e-03
8.910e+01 -1.255e-04 -4.237e-03
8.920e+01 -5.243e-04 -3.883e-03
8.930e+01 -1.519e-03 -3.168e-03
8.940e+01 1.233e-03 -3.100e-03
8.950e+01 1.545e-03 -2.876e-03
8.960e+01 1.379e-03 -2.493e-03
8.970e+01 1.256e-03 -3.182e-03
8.980e+01 1.149e-03 -2.559e-03
8.990e+01 6.939e-04 -3.314e-03
9.000e+01 7.212e-04 -4.236e-03
9.010e+01 1.078e-03 -4.390e-03
9.020e+01 1.656e-03 -3.998e-03
9.030e+01 2.252e-03 -4.534e-03
9.040e+01 8.569e-04 -3.932e-03
9.050e+01 8.678e-04 -3.766e-03
9.060e+01 1.028e-03 -3.312e-03
9.070e+01 -3.343e-04 -4.221e-03
9.080e+01 9.474e-04 -5.754e-03
9.090e+01 2.801e-03 -6.157e-03
9.100e+01 1.505e-03 -5.561e-03
9.110e+01 1.646e-03 -3.743e-03
9.120e+01 7.069e-04 -5.496e-03
9.130e+01 1.288e-03 -6.570e-03
9.140e+01 2.088e-03 -3.928e-03
9.150e+01 -8.465e-05 -5.007e-03
9.160e+01 4.245e-04 -3.184e-03
9.170e+01 9.794e-04 -3.278e-03
9.180e+01 1.099e-03 -2.336e-03
9.190e+01 1.669e-03 -1.905e-03
9.200e+01 9.104e-04 -2.501e-03
9.210e+01 1.517e-04 -1.715e-03
9.220e+01 -5.870e-05 -2.130e-03
9.230e+01 4.579e-04 -1.432e-03
9.240e+01 1.372e-03 -1.403e-03
9.250e+01 1.108e-03 7.443e-05
9.260e+01 6.600e-04 -1.895e-04
9.270e+01 3.334e-04 -1.272e-03
9.280e+01 5.736e-04 -2.066e-03
9.290e+01 9.435e-04 -2.705e-03
9.300e+01 1.186e-03 -1.603e-03
9.310e+01 5.604e-04 -5.488e-04
9.320e+01 9.610e-04 3.447e-04
9.330e+01 2.195e-03 -9.230e-04
9.340e+01 3.331e-03 -2.002e-03
9.350e+01 3.105e-03 -2.430e-03
9.360e+01 2.811e-03 -2.796e-03
9.370e+01 2.907e-03 -3.466e-03
9.380e+01 2.354e-03 -3.710e-03
9.390e+01 -4.811e-04 -1.562e-03
9.400e+01 -2.772e-03 -3.036e-03
9.410e+01 -5.018e-03 -9.115e-04
9.420e+01 -2.719e-03 -1.829e-03
9.430e+01 -1.367e-03 -3.150e-03
9.440e+01 -1.300e-03 -1.192e-03
9.450e+01 6.555e-05 -1.545e-03
9.460e+01 -1.411e-03 -3.054e-03
9.470e+01 -2.122e-03 -4.321e-03
9.480e+01 -6.787e-04 -2.939e-03
9.490e+01 8.322e-04 -1.973e-03
9.500e+01 3.893e-04 -4.052e-03
9.510e+01 -4.088e-04 -3.941e-03
9.520e+01 -2.256e-03 -3.725e-03
9.530e+01 -4.391e-04 -3.161e-03
9.540e+01 -6.557e-04 -2.055e-03
9.550e+01 -6.816e-05 -2.255e-03
9.560e+01 -1.917e-03 -1.688e-03
9.570e+01 -3.533e-03 -1.497e-03
9.580e+01 -2.516e-03 -9.659e-04
9.590e+01 -2.240e-03 4.869e-05
9.600e+01 -3.545e-03 -7.386e-04
9.610e+01 -1.404e-03 -2.075e-03
9.620e+01 -1.005e-03 -2.776e-03
9.630e+01 1.524e-03 -3.458e-03
9.640e+01 -7.726e-04 -3.539e-03
9.650e+01 1.017e-03 -4.752e-03
9.660e+01 -6.216e-04 -5.356e-03
9.670e+01 -7.836e-04 -3.846e-03
9.680e+01 -4.436e-04 -2.861e-03
9.690e+01 -9.678e-04 -3.317e-03
9.700e+01 -1.353e-03 -4.816e-03
9.710e+01 -5.180e-04 -5.884e-03
9.720e+01 -5.475e-04 -6.533e-03
9.730e+01 -3.482e-03 -3.813e-03
9.740e+01 -3.614e-03 -1.506e-04
9.750e+01 -4.830e-03 -1.618e-03
9.760e+01 -3.929e-03 -1.688e-03
9.770e+01 -2.754e-03 7.292e-04
9.780e+01 -3.274e-03 -8.771e-06
9.790e+01 -2.453e-03 -2.481e-03
9.800e+01 -1.809e-03 -1.728e-03
9.810e+01 -3.625e-03 2.767e-04
9.820e+01 -4.736e-03 -1.202e-03
9.830e+01 -3.638e-03 -1.702e-03
9.840e+01 -4.689e-03 -2.617e-03
9.850e+01 -2.083e-03 -2.529e-03
9.860e+01 -2.299e-03 -3.366e-03
9.870e+01 -1.607e-03 -2.485e-03
9.880e+01 -2.801e-03 -2.316e-03
9.890e+01 -4.106e-03 -2.307e-03
9.900e+01 -4.019e-03 -4.562e-03
9.910e+01 -2.896e-03 -5.598e-03
9.920e+01 -4.258e-03 -5.347e-03
9.930e+01 -3.161e-03 -3.380e-03
9.940e+01 -2.721e-03 -3.956e-03
9.950e+01 -2.165e-03 -3.803e-03
9.960e+01 -2.124e-03 -2.706e-03
9.970e+01 -2.797e-03 -4.436e-03
9.980e+01 -2.844e-03 -3.770e-03
9.990e+01 -2.434e-03 -2.885e-03
