# Frequency (1.0/ps)      real(fft(F_0))
0.000e+00 5.397e+01
1.000e-02 4.156e+01
2.000e-02 2.479e+01
3.000e-02 1.964e+01
4.000e-02 1.460e+01
5.000e-02 1.184e+01
6.000e-02 8.730e+00
7.000e-02 4.619e+00
8.000e-02 6.559e+00
9.000e-02 6.371e+00
1.000e-01 4.075e+00
1.100e-01 3.849e+00
1.200e-01 2.052e+00
1.300e-01 2.171e+00
1.400e-01 2.231e+00
1.500e-01 3.597e+00
1.600e-01 2.587e+00
1.700e-01 2.211e+00
1.800e-01 2.238e+00
1.900e-01 2.254e+00
2.000e-01 2.819e+00
2.100e-01 2.833e+00
2.200e-01 2.440e+00
2.300e-01 2.211e+00
2.400e-01 1.003e+00
2.500e-01 9.067e-01
2.600e-01 9.130e-01
2.700e-01 8.865e-01
2.800e-01 1.803e+00
2.900e-01 1.269e+00
3.000e-01 1.225e+00
3.100e-01 1.327e+00
3.200e-01 1.762e+00
3.300e-01 9.954e-01
3.400e-01 1.147e+00
3.500e-01 2.124e+00
3.600e-01 1.905e+00
3.700e-01 1.295e+00
3.800e-01 1.341e+00
3.900e-01 1.756e+00
4.000e-01 1.699e+00
4.100e-01 1.586e+00
4.200e-01 1.209e+00
4.300e-01 7.958e-01
4.400e-01 1.238e+00
4.500e-01 1.345e+00
4.600e-01 4.391e-01
4.700e-01 1.238e+00
4.800e-01 9.817e-01
4.900e-01 1.242e+00
5.000e-01 1.291e+00
5.100e-01 5.850e-01
5.200e-01 9.283e-01
5.300e-01 7.137e-01
5.400e-01 8.553e-01
5.500e-01 6.470e-01
5.600e-01 6.014e-01
5.700e-01 6.880e-01
5.800e-01 8.804e-01
5.900e-01 7.551e-01
6.000e-01 1.145e+00
6.100e-01 1.133e+00
6.200e-01 8.368e-01
6.300e-01 1.552e-01
6.400e-01 3.217e-01
6.500e-01 8.619e-01
6.600e-01 6.373e-01
6.700e-01 3.690e-01
6.800e-01 9.103e-01
6.900e-01 5.270e-01
7.000e-01 3.405e-01
7.100e-01 7.087e-01
7.200e-01 9.391e-01
7.300e-01 8.002e-01
7.400e-01 1.131e+00
7.500e-01 1.297e+00
7.600e-01 1.110e+00
7.700e-01 4.182e-01
7.800e-01 6.206e-01
7.900e-01 9.400e-01
8.000e-01 7.738e-01
8.100e-01 5.677e-01
8.200e-01 6.660e-01
8.300e-01 1.299e+00
8.400e-01 1.129e+00
8.500e-01 1.077e+00
8.600e-01 8.074e-01
8.700e-01 5.978e-01
8.800e-01 1.013e+00
8.900e-01 1.040e+00
9.000e-01 6.135e-01
9.100e-01 5.154e-01
9.200e-01 4.622e-02
9.300e-01 3.058e-01
9.400e-01 1.568e-02
9.500e-01 1.915e-01
9.600e-01 3.910e-01
9.700e-01 3.097e-01
9.800e-01 5.284e-01
9.900e-01 6.761e-01
1.000e+00 8.046e-01
1.010e+00 1.014e+00
1.020e+00 1.141e+00
1.030e+00 6.052e-01
1.040e+00 3.186e-01
1.050e+00 9.729e-01
1.060e+00 6.598e-01
1.070e+00 2.329e-01
1.080e+00 7.210e-01
1.090e+00 8.734e-01
1.100e+00 9.379e-01
1.110e+00 1.075e+00
1.120e+00 4.100e-01
1.130e+00 6.480e-01
1.140e+00 1.099e+00
1.150e+00 1.817e+00
1.160e+00 1.880e+00
1.170e+00 1.473e+00
1.180e+00 1.176e+00
1.190e+00 7.497e-01
1.200e+00 7.657e-01
1.210e+00 6.541e-01
1.220e+00 6.082e-01
1.230e+00 4.581e-01
1.240e+00 3.090e-01
1.250e+00 -1.006e-01
1.260e+00 2.779e-01
1.270e+00 5.101e-01
1.280e+00 6.974e-01
1.290e+00 7.936e-01
1.300e+00 9.280e-01
1.310e+00 8.426e-01
1.320e+00 9.825e-01
1.330e+00 6.314e-01
1.340e+00 3.642e-01
1.350e+00 4.253e-01
1.360e+00 7.823e-01
1.370e+00 9.726e-01
1.380e+00 1.657e-01
1.390e+00 -1.257e-01
1.400e+00 -1.358e-01
1.410e+00 -2.231e-01
1.420e+00 1.534e-02
1.430e+00 3.554e-01
1.440e+00 9.128e-01
1.450e+00 7.454e-01
1.460e+00 5.292e-01
1.470e+00 6.205e-01
1.480e+00 6.638e-01
1.490e+00 9.944e-01
1.500e+00 9.841e-01
1.510e+00 5.374e-01
1.520e+00 6.495e-01
1.530e+00 1.095e+00
1.540e+00 8.546e-01
1.550e+00 4.529e-01
1.560e+00 4.384e-02
1.570e+00 3.225e-01
1.580e+00 4.548e-01
1.590e+00 5.139e-01
1.600e+00 4.599e-01
1.610e+00 2.009e-01
1.620e+00 1.656e-01
1.630e+00 3.260e-02
1.640e+00 -3.410e-01
1.650e+00 -5.175e-01
1.660e+00 -5.601e-01
1.670e+00 -4.008e-01
1.680e+00 1.066e-01
1.690e+00 3.125e-01
1.700e+00 3.535e-01
1.710e+00 5.074e-01
1.720e+00 3.165e-01
1.730e+00 2.121e-01
1.740e+00 3.403e-01
1.750e+00 1.074e-01
1.760e+00 -2.363e-01
1.770e+00 -5.871e-03
1.780e+00 8.349e-02
1.790e+00 1.056e-01
1.800e+00 1.418e-01
1.810e+00 6.409e-01
1.820e+00 8.118e-01
1.830e+00 3.780e-01
1.840e+00 3.142e-01
1.850e+00 4.948e-01
1.860e+00 5.030e-01
1.870e+00 5.335e-01
1.880e+00 1.067e+00
1.890e+00 1.171e+00
1.900e+00 7.789e-01
1.910e+00 1.019e+00
1.920e+00 9.914e-01
1.930e+00 9.481e-01
1.940e+00 8.518e-01
1.950e+00 6.721e-01
1.960e+00 9.844e-01
1.970e+00 9.163e-01
1.980e+00 6.222e-01
1.990e+00 5.631e-01
2.000e+00 7.496e-01
2.010e+00 8.124e-01
2.020e+00 5.677e-01
2.030e+00 3.684e-01
2.040e+00 2.704e-01
2.050e+00 4.144e-01
2.060e+00 3.823e-01
2.070e+00 1.606e-01
2.080e+00 3.036e-01
2.090e+00 3.551e-01
2.100e+00 3.880e-01
2.110e+00 7.540e-01
2.120e+00 6.628e-01
2.130e+00 4.850e-01
2.140e+00 4.572e-01
2.150e+00 5.280e-01
2.160e+00 2.650e-01
2.170e+00 3.861e-01
2.180e+00 7.051e-01
2.190e+00 5.809e-01
2.200e+00 6.870e-01
2.210e+00 1.011e+00
2.220e+00 8.183e-01
2.230e+00 8.073e-01
2.240e+00 6.774e-01
2.250e+00 7.069e-01
2.260e+00 7.242e-01
2.270e+00 5.223e-01
2.280e+00 5.532e-01
2.290e+00 5.784e-01
2.300e+00 6.088e-01
2.310e+00 6.351e-01
2.320e+00 3.438e-01
2.330e+00 4.869e-01
2.340e+00 6.088e-01
2.350e+00 6.818e-01
2.360e+00 7.124e-01
2.370e+00 5.368e-01
2.380e+00 7.273e-01
2.390e+00 8.783e-01
2.400e+00 7.108e-01
2.410e+00 7.271e-01
2.420e+00 8.958e-01
2.430e+00 7.350e-01
2.440e+00 7.367e-01
2.450e+00 9.392e-01
2.460e+00 8.223e-01
2.470e+00 7.456e-01
2.480e+00 7.919e-01
2.490e+00 8.906e-01
2.500e+00 7.996e-01
2.510e+00 6.920e-01
2.520e+00 8.335e-01
2.530e+00 7.451e-01
2.540e+00 6.032e-01
2.550e+00 8.712e-01
2.560e+00 5.148e-01
2.570e+00 7.025e-01
2.580e+00 8.780e-01
2.590e+00 9.251e-01
2.600e+00 8.552e-01
2.610e+00 4.260e-01
2.620e+00 3.160e-01
2.630e+00 5.026e-01
2.640e+00 4.596e-01
2.650e+00 6.485e-01
2.660e+00 5.622e-01
2.670e+00 7.485e-01
2.680e+00 8.829e-01
2.690e+00 8.555e-01
2.700e+00 5.944e-01
2.710e+00 4.098e-01
2.720e+00 4.107e-01
2.730e+00 3.304e-01
2.740e+00 5.817e-01
2.750e+00 6.254e-01
2.760e+00 7.965e-01
2.770e+00 7.342e-01
2.780e+00 5.767e-01
2.790e+00 6.373e-01
2.800e+00 5.685e-01
2.810e+00 5.809e-01
2.820e+00 5.524e-01
2.830e+00 5.614e-01
2.840e+00 6.693e-01
2.850e+00 6.335e-01
2.860e+00 6.234e-01
2.870e+00 5.637e-01
2.880e+00 5.312e-01
2.890e+00 7.433e-01
2.900e+00 8.333e-01
2.910e+00 7.061e-01
2.920e+00 6.964e-01
2.930e+00 6.731e-01
2.940e+00 7.262e-01
2.950e+00 7.524e-01
2.960e+00 4.966e-01
2.970e+00 3.529e-01
2.980e+00 1.395e-01
2.990e+00 4.045e-01
3.000e+00 5.082e-01
3.010e+00 2.514e-01
3.020e+00 2.183e-01
3.030e+00 6.121e-01
3.040e+00 5.721e-01
3.050e+00 7.277e-01
3.060e+00 7.246e-01
3.070e+00 4.314e-01
3.080e+00 7.297e-01
3.090e+00 6.545e-01
3.100e+00 6.194e-01
3.110e+00 5.675e-01
3.120e+00 5.786e-01
3.130e+00 7.892e-01
3.140e+00 5.902e-01
3.150e+00 5.237e-01
3.160e+00 4.961e-01
3.170e+00 2.986e-01
3.180e+00 3.340e-01
3.190e+00 3.801e-01
3.200e+00 1.981e-01
3.210e+00 3.694e-01
3.220e+00 6.038e-01
3.230e+00 7.739e-01
3.240e+00 8.316e-01
3.250e+00 7.023e-01
3.260e+00 5.021e-01
3.270e+00 5.440e-01
3.280e+00 7.614e-01
3.290e+00 7.280e-01
3.300e+00 8.156e-01
3.310e+00 7.795e-01
3.320e+00 5.750e-01
3.330e+00 3.785e-01
3.340e+00 3.244e-01
3.350e+00 4.044e-01
3.360e+00 6.824e-01
3.370e+00 7.544e-01
3.380e+00 6.925e-01
3.390e+00 6.277e-01
3.400e+00 5.087e-01
3.410e+00 3.165e-01
3.420e+00 2.764e-01
3.430e+00 2.346e-01
3.440e+00 9.198e-02
3.450e+00 1.426e-01
3.460e+00 9.027e-02
3.470e+00 3.433e-01
3.480e+00 5.858e-01
3.490e+00 5.345e-01
3.500e+00 4.468e-01
3.510e+00 5.039e-01
3.520e+00 3.992e-01
3.530e+00 4.906e-01
3.540e+00 4.592e-01
3.550e+00 4.586e-01
3.560e+00 6.776e-01
3.570e+00 8.970e-01
3.580e+00 9.609e-01
3.590e+00 7.143e-01
3.600e+00 7.821e-01
3.610e+00 7.851e-01
3.620e+00 6.185e-01
3.630e+00 7.961e-01
3.640e+00 6.047e-01
3.650e+00 2.894e-01
3.660e+00 6.273e-01
3.670e+00 6.464e-01
3.680e+00 3.980e-01
3.690e+00 4.065e-01
3.700e+00 5.534e-01
3.710e+00 6.371e-01
3.720e+00 3.443e-01
3.730e+00 4.832e-01
3.740e+00 7.634e-01
3.750e+00 6.510e-01
3.760e+00 6.119e-01
3.770e+00 6.208e-01
3.780e+00 3.187e-01
3.790e+00 3.792e-01
3.800e+00 7.054e-01
3.810e+00 4.290e-01
3.820e+00 3.448e-01
3.830e+00 6.166e-01
3.840e+00 8.307e-01
3.850e+00 7.493e-01
3.860e+00 5.528e-01
3.870e+00 4.538e-01
3.880e+00 5.310e-01
3.890e+00 4.693e-01
3.900e+00 4.641e-01
3.910e+00 7.118e-01
3.920e+00 7.410e-01
3.930e+00 3.261e-01
3.940e+00 4.470e-01
3.950e+00 5.617e-01
3.960e+00 5.536e-01
3.970e+00 7.657e-01
3.980e+00 6.405e-01
3.990e+00 4.257e-01
4.000e+00 5.747e-01
4.010e+00 7.712e-01
4.020e+00 8.846e-01
4.030e+00 8.987e-01
4.040e+00 7.266e-01
4.050e+00 7.848e-01
4.060e+00 6.899e-01
4.070e+00 7.222e-01
4.080e+00 7.224e-01
4.090e+00 4.118e-01
4.100e+00 4.745e-01
4.110e+00 5.524e-01
4.120e+00 5.956e-01
4.130e+00 6.105e-01
4.140e+00 4.043e-01
4.150e+00 4.415e-01
4.160e+00 7.386e-01
4.170e+00 6.914e-01
4.180e+00 9.829e-01
4.190e+00 8.573e-01
4.200e+00 3.619e-01
4.210e+00 4.464e-01
4.220e+00 4.038e-01
4.230e+00 4.735e-01
4.240e+00 7.387e-01
4.250e+00 3.824e-01
4.260e+00 3.502e-01
4.270e+00 7.390e-01
4.280e+00 7.839e-01
4.290e+00 6.553e-01
4.300e+00 4.579e-01
4.310e+00 3.074e-01
4.320e+00 5.648e-01
4.330e+00 5.044e-01
4.340e+00 4.902e-01
4.350e+00 5.292e-01
4.360e+00 2.577e-01
4.370e+00 4.529e-01
4.380e+00 3.750e-01
4.390e+00 3.993e-01
4.400e+00 4.351e-01
4.410e+00 5.555e-01
4.420e+00 9.008e-01
4.430e+00 6.702e-01
4.440e+00 7.425e-01
4.450e+00 9.354e-01
4.460e+00 9.313e-01
4.470e+00 1.045e+00
4.480e+00 1.211e+00
4.490e+00 8.790e-01
4.500e+00 8.105e-01
4.510e+00 6.629e-01
4.520e+00 6.016e-01
4.530e+00 5.629e-01
4.540e+00 5.103e-01
4.550e+00 4.675e-01
4.560e+00 5.349e-01
4.570e+00 4.334e-01
4.580e+00 4.507e-01
4.590e+00 4.723e-01
4.600e+00 3.083e-01
4.610e+00 5.333e-01
4.620e+00 8.206e-01
4.630e+00 8.255e-01
4.640e+00 8.557e-01
4.650e+00 6.316e-01
4.660e+00 2.962e-01
4.670e+00 3.039e-01
4.680e+00 3.301e-01
4.690e+00 2.613e-01
4.700e+00 3.481e-01
4.710e+00 3.623e-01
4.720e+00 3.333e-01
4.730e+00 2.599e-01
4.740e+00 5.256e-01
4.750e+00 4.806e-01
4.760e+00 2.644e-01
4.770e+00 3.041e-01
4.780e+00 5.800e-01
4.790e+00 5.026e-01
4.800e+00 4.987e-01
4.810e+00 5.588e-01
4.820e+00 6.162e-01
4.830e+00 5.170e-01
4.840e+00 4.200e-01
4.850e+00 4.624e-01
4.860e+00 5.289e-01
4.870e+00 6.283e-01
4.880e+00 5.243e-01
4.890e+00 3.306e-01
4.900e+00 4.087e-01
4.910e+00 4.678e-01
4.920e+00 4.658e-01
4.930e+00 5.831e-01
4.940e+00 4.402e-01
4.950e+00 2.224e-01
4.960e+00 2.119e-01
4.970e+00 3.503e-01
4.980e+00 3.404e-01
4.990e+00 3.922e-01
-5.000e+00 4.823e-01
-4.990e+00 3.922e-01
-4.980e+00 3.404e-01
-4.970e+00 3.503e-01
-4.960e+00 2.119e-01
-4.950e+00 2.224e-01
-4.940e+00 4.402e-01
-4.930e+00 5.831e-01
-4.920e+00 4.658e-01
-4.910e+00 4.678e-01
-4.900e+00 4.087e-01
-4.890e+00 3.306e-01
-4.880e+00 5.243e-01
-4.870e+00 6.283e-01
-4.860e+00 5.289e-01
-4.850e+00 4.624e-01
-4.840e+00 4.200e-01
-4.830e+00 5.170e-01
-4.820e+00 6.162e-01
-4.810e+00 5.588e-01
-4.800e+00 4.987e-01
-4.790e+00 5.026e-01
-4.780e+00 5.800e-01
-4.770e+00 3.041e-01
-4.760e+00 2.644e-01
-4.750e+00 4.806e-01
-4.740e+00 5.256e-01
-4.730e+00 2.599e-01
-4.720e+00 3.333e-01
-4.710e+00 3.623e-01
-4.700e+00 3.481e-01
-4.690e+00 2.613e-01
-4.680e+00 3.301e-01
-4.670e+00 3.039e-01
-4.660e+00 2.962e-01
-4.650e+00 6.316e-01
-4.640e+00 8.557e-01
-4.630e+00 8.255e-01
-4.620e+00 8.206e-01
-4.610e+00 5.333e-01
-4.600e+00 3.083e-01
-4.590e+00 4.723e-01
-4.580e+00 4.507e-01
-4.570e+00 4.334e-01
-4.560e+00 5.349e-01
-4.550e+00 4.675e-01
-4.540e+00 5.103e-01
-4.530e+00 5.629e-01
-4.520e+00 6.016e-01
-4.510e+00 6.629e-01
-4.500e+00 8.105e-01
-4.490e+00 8.790e-01
-4.480e+00 1.211e+00
-4.470e+00 1.045e+00
-4.460e+00 9.313e-01
-4.450e+00 9.354e-01
-4.440e+00 7.425e-01
-4.430e+00 6.702e-01
-4.420e+00 9.008e-01
-4.410e+00 5.555e-01
-4.400e+00 4.351e-01
-4.390e+00 3.993e-01
-4.380e+00 3.750e-01
-4.370e+00 4.529e-01
-4.360e+00 2.577e-01
-4.350e+00 5.292e-01
-4.340e+00 4.902e-01
-4.330e+00 5.044e-01
-4.320e+00 5.648e-01
-4.310e+00 3.074e-01
-4.300e+00 4.579e-01
-4.290e+00 6.553e-01
-4.280e+00 7.839e-01
-4.270e+00 7.390e-01
-4.260e+00 3.502e-01
-4.250e+00 3.824e-01
-4.240e+00 7.387e-01
-4.230e+00 4.735e-01
-4.220e+00 4.038e-01
-4.210e+00 4.464e-01
-4.200e+00 3.619e-01
-4.190e+00 8.573e-01
-4.180e+00 9.829e-01
-4.170e+00 6.914e-01
-4.160e+00 7.386e-01
-4.150e+00 4.415e-01
-4.140e+00 4.043e-01
-4.130e+00 6.105e-01
-4.120e+00 5.956e-01
-4.110e+00 5.524e-01
-4.100e+00 4.745e-01
-4.090e+00 4.118e-01
-4.080e+00 7.224e-01
-4.070e+00 7.222e-01
-4.060e+00 6.899e-01
-4.050e+00 7.848e-01
-4.040e+00 7.266e-01
-4.030e+00 8.987e-01
-4.020e+00 8.846e-01
-4.010e+00 7.712e-01
-4.000e+00 5.747e-01
-3.990e+00 4.257e-01
-3.980e+00 6.405e-01
-3.970e+00 7.657e-01
-3.960e+00 5.536e-01
-3.950e+00 5.617e-01
-3.940e+00 4.470e-01
-3.930e+00 3.261e-01
-3.920e+00 7.410e-01
-3.910e+00 7.118e-01
-3.900e+00 4.641e-01
-3.890e+00 4.693e-01
-3.880e+00 5.310e-01
-3.870e+00 4.538e-01
-3.860e+00 5.528e-01
-3.850e+00 7.493e-01
-3.840e+00 8.307e-01
-3.830e+00 6.166e-01
-3.820e+00 3.448e-01
-3.810e+00 4.290e-01
-3.800e+00 7.054e-01
-3.790e+00 3.792e-01
-3.780e+00 3.187e-01
-3.770e+00 6.208e-01
-3.760e+00 6.119e-01
-3.750e+00 6.510e-01
-3.740e+00 7.634e-01
-3.730e+00 4.832e-01
-3.720e+00 3.443e-01
-3.710e+00 6.371e-01
-3.700e+00 5.534e-01
-3.690e+00 4.065e-01
-3.680e+00 3.980e-01
-3.670e+00 6.464e-01
-3.660e+00 6.273e-01
-3.650e+00 2.894e-01
-3.640e+00 6.047e-01
-3.630e+00 7.961e-01
-3.620e+00 6.185e-01
-3.610e+00 7.851e-01
-3.600e+00 7.821e-01
-3.590e+00 7.143e-01
-3.580e+00 9.609e-01
-3.570e+00 8.970e-01
-3.560e+00 6.776e-01
-3.550e+00 4.586e-01
-3.540e+00 4.592e-01
-3.530e+00 4.906e-01
-3.520e+00 3.992e-01
-3.510e+00 5.039e-01
-3.500e+00 4.468e-01
-3.490e+00 5.345e-01
-3.480e+00 5.858e-01
-3.470e+00 3.433e-01
-3.460e+00 9.027e-02
-3.450e+00 1.426e-01
-3.440e+00 9.198e-02
-3.430e+00 2.346e-01
-3.420e+00 2.764e-01
-3.410e+00 3.165e-01
-3.400e+00 5.087e-01
-3.390e+00 6.277e-01
-3.380e+00 6.925e-01
-3.370e+00 7.544e-01
-3.360e+00 6.824e-01
-3.350e+00 4.044e-01
-3.340e+00 3.244e-01
-3.330e+00 3.785e-01
-3.320e+00 5.750e-01
-3.310e+00 7.795e-01
-3.300e+00 8.156e-01
-3.290e+00 7.280e-01
-3.280e+00 7.614e-01
-3.270e+00 5.440e-01
-3.260e+00 5.021e-01
-3.250e+00 7.023e-01
-3.240e+00 8.316e-01
-3.230e+00 7.739e-01
-3.220e+00 6.038e-01
-3.210e+00 3.694e-01
-3.200e+00 1.981e-01
-3.190e+00 3.801e-01
-3.180e+00 3.340e-01
-3.170e+00 2.986e-01
-3.160e+00 4.961e-01
-3.150e+00 5.237e-01
-3.140e+00 5.902e-01
-3.130e+00 7.892e-01
-3.120e+00 5.786e-01
-3.110e+00 5.675e-01
-3.100e+00 6.194e-01
-3.090e+00 6.545e-01
-3.080e+00 7.297e-01
-3.070e+00 4.314e-01
-3.060e+00 7.246e-01
-3.050e+00 7.277e-01
-3.040e+00 5.721e-01
-3.030e+00 6.121e-01
-3.020e+00 2.183e-01
-3.010e+00 2.514e-01
-3.000e+00 5.082e-01
-2.990e+00 4.045e-01
-2.980e+00 1.395e-01
-2.970e+00 3.529e-01
-2.960e+00 4.966e-01
-2.950e+00 7.524e-01
-2.940e+00 7.262e-01
-2.930e+00 6.731e-01
-2.920e+00 6.964e-01
-2.910e+00 7.061e-01
-2.900e+00 8.333e-01
-2.890e+00 7.433e-01
-2.880e+00 5.312e-01
-2.870e+00 5.637e-01
-2.860e+00 6.234e-01
-2.850e+00 6.335e-01
-2.840e+00 6.693e-01
-2.830e+00 5.614e-01
-2.820e+00 5.524e-01
-2.810e+00 5.809e-01
-2.800e+00 5.685e-01
-2.790e+00 6.373e-01
-2.780e+00 5.767e-01
-2.770e+00 7.342e-01
-2.760e+00 7.965e-01
-2.750e+00 6.254e-01
-2.740e+00 5.817e-01
-2.730e+00 3.304e-01
-2.720e+00 4.107e-01
-2.710e+00 4.098e-01
-2.700e+00 5.944e-01
-2.690e+00 8.555e-01
-2.680e+00 8.829e-01
-2.670e+00 7.485e-01
-2.660e+00 5.622e-01
-2.650e+00 6.485e-01
-2.640e+00 4.596e-01
-2.630e+00 5.026e-01
-2.620e+00 3.160e-01
-2.610e+00 4.260e-01
-2.600e+00 8.552e-01
-2.590e+00 9.251e-01
-2.580e+00 8.780e-01
-2.570e+00 7.025e-01
-2.560e+00 5.148e-01
-2.550e+00 8.712e-01
-2.540e+00 6.032e-01
-2.530e+00 7.451e-01
-2.520e+00 8.335e-01
-2.510e+00 6.920e-01
-2.500e+00 7.996e-01
-2.490e+00 8.906e-01
-2.480e+00 7.919e-01
-2.470e+00 7.456e-01
-2.460e+00 8.223e-01
-2.450e+00 9.392e-01
-2.440e+00 7.367e-01
-2.430e+00 7.350e-01
-2.420e+00 8.958e-01
-2.410e+00 7.271e-01
-2.400e+00 7.108e-01
-2.390e+00 8.783e-01
-2.380e+00 7.273e-01
-2.370e+00 5.368e-01
-2.360e+00 7.124e-01
-2.350e+00 6.818e-01
-2.340e+00 6.088e-01
-2.330e+00 4.869e-01
-2.320e+00 3.438e-01
-2.310e+00 6.351e-01
-2.300e+00 6.088e-01
-2.290e+00 5.784e-01
-2.280e+00 5.532e-01
-2.270e+00 5.223e-01
-2.260e+00 7.242e-01
-2.250e+00 7.069e-01
-2.240e+00 6.774e-01
-2.230e+00 8.073e-01
-2.220e+00 8.183e-01
-2.210e+00 1.011e+00
-2.200e+00 6.870e-01
-2.190e+00 5.809e-01
-2.180e+00 7.051e-01
-2.170e+00 3.861e-01
-2.160e+00 2.650e-01
-2.150e+00 5.280e-01
-2.140e+00 4.572e-01
-2.130e+00 4.850e-01
-2.120e+00 6.628e-01
-2.110e+00 7.540e-01
-2.100e+00 3.880e-01
-2.090e+00 3.551e-01
-2.080e+00 3.036e-01
-2.070e+00 1.606e-01
-2.060e+00 3.823e-01
-2.050e+00 4.144e-01
-2.040e+00 2.704e-01
-2.030e+00 3.684e-01
-2.020e+00 5.677e-01
-2.010e+00 8.124e-01
-2.000e+00 7.496e-01
-1.990e+00 5.631e-01
-1.980e+00 6.222e-01
-1.970e+00 9.163e-01
-1.960e+00 9.844e-01
-1.950e+00 6.721e-01
-1.940e+00 8.518e-01
-1.930e+00 9.481e-01
-1.920e+00 9.914e-01
-1.910e+00 1.019e+00
-1.900e+00 7.789e-01
-1.890e+00 1.171e+00
-1.880e+00 1.067e+00
-1.870e+00 5.335e-01
-1.860e+00 5.030e-01
-1.850e+00 4.948e-01
-1.840e+00 3.142e-01
-1.830e+00 3.780e-01
-1.820e+00 8.118e-01
-1.810e+00 6.409e-01
-1.800e+00 1.418e-01
-1.790e+00 1.056e-01
-1.780e+00 8.349e-02
-1.770e+00 -5.871e-03
-1.760e+00 -2.363e-01
-1.750e+00 1.074e-01
-1.740e+00 3.403e-01
-1.730e+00 2.121e-01
-1.720e+00 3.165e-01
-1.710e+00 5.074e-01
-1.700e+00 3.535e-01
-1.690e+00 3.125e-01
-1.680e+00 1.066e-01
-1.670e+00 -4.008e-01
-1.660e+00 -5.601e-01
-1.650e+00 -5.175e-01
-1.640e+00 -3.410e-01
-1.630e+00 3.260e-02
-1.620e+00 1.656e-01
-1.610e+00 2.009e-01
-1.600e+00 4.599e-01
-1.590e+00 5.139e-01
-1.580e+00 4.548e-01
-1.570e+00 3.225e-01
-1.560e+00 4.384e-02
-1.550e+00 4.529e-01
-1.540e+00 8.546e-01
-1.530e+00 1.095e+00
-1.520e+00 6.495e-01
-1.510e+00 5.374e-01
-1.500e+00 9.841e-01
-1.490e+00 9.944e-01
-1.480e+00 6.638e-01
-1.470e+00 6.205e-01
-1.460e+00 5.292e-01
-1.450e+00 7.454e-01
-1.440e+00 9.128e-01
-1.430e+00 3.554e-01
-1.420e+00 1.534e-02
-1.410e+00 -2.231e-01
-1.400e+00 -1.358e-01
-1.390e+00 -1.257e-01
-1.380e+00 1.657e-01
-1.370e+00 9.726e-01
-1.360e+00 7.823e-01
-1.350e+00 4.253e-01
-1.340e+00 3.642e-01
-1.330e+00 6.314e-01
-1.320e+00 9.825e-01
-1.310e+00 8.426e-01
-1.300e+00 9.280e-01
-1.290e+00 7.936e-01
-1.280e+00 6.974e-01
-1.270e+00 5.101e-01
-1.260e+00 2.779e-01
-1.250e+00 -1.006e-01
-1.240e+00 3.090e-01
-1.230e+00 4.581e-01
-1.220e+00 6.082e-01
-1.210e+00 6.541e-01
-1.200e+00 7.657e-01
-1.190e+00 7.497e-01
-1.180e+00 1.176e+00
-1.170e+00 1.473e+00
-1.160e+00 1.880e+00
-1.150e+00 1.817e+00
-1.140e+00 1.099e+00
-1.130e+00 6.480e-01
-1.120e+00 4.100e-01
-1.110e+00 1.075e+00
-1.100e+00 9.379e-01
-1.090e+00 8.734e-01
-1.080e+00 7.210e-01
-1.070e+00 2.329e-01
-1.060e+00 6.598e-01
-1.050e+00 9.729e-01
-1.040e+00 3.186e-01
-1.030e+00 6.052e-01
-1.020e+00 1.141e+00
-1.010e+00 1.014e+00
-1.000e+00 8.046e-01
-9.900e-01 6.761e-01
-9.800e-01 5.284e-01
-9.700e-01 3.097e-01
-9.600e-01 3.910e-01
-9.500e-01 1.915e-01
-9.400e-01 1.568e-02
-9.300e-01 3.058e-01
-9.200e-01 4.622e-02
-9.100e-01 5.154e-01
-9.000e-01 6.135e-01
-8.900e-01 1.040e+00
-8.800e-01 1.013e+00
-8.700e-01 5.978e-01
-8.600e-01 8.074e-01
-8.500e-01 1.077e+00
-8.400e-01 1.129e+00
-8.300e-01 1.299e+00
-8.200e-01 6.660e-01
-8.100e-01 5.677e-01
-8.000e-01 7.738e-01
-7.900e-01 9.400e-01
-7.800e-01 6.206e-01
-7.700e-01 4.182e-01
-7.600e-01 1.110e+00
-7.500e-01 1.297e+00
-7.400e-01 1.131e+00
-7.300e-01 8.002e-01
-7.200e-01 9.391e-01
-7.100e-01 7.087e-01
-7.000e-01 3.405e-01
-6.900e-01 5.270e-01
-6.800e-01 9.103e-01
-6.700e-01 3.690e-01
-6.600e-01 6.373e-01
-6.500e-01 8.619e-01
-6.400e-01 3.217e-01
-6.300e-01 1.552e-01
-6.200e-01 8.368e-01
-6.100e-01 1.133e+00
-6.000e-01 1.145e+00
-5.900e-01 7.551e-01
-5.800e-01 8.804e-01
-5.700e-01 6.880e-01
-5.600e-01 6.014e-01
-5.500e-01 6.470e-01
-5.400e-01 8.553e-01
-5.300e-01 7.137e-01
-5.200e-01 9.283e-01
-5.100e-01 5.850e-01
-5.000e-01 1.291e+00
-4.900e-01 1.242e+00
-4.800e-01 9.817e-01
-4.700e-01 1.238e+00
-4.600e-01 4.391e-01
-4.500e-01 1.345e+00
-4.400e-01 1.238e+00
-4.300e-01 7.958e-01
-4.200e-01 1.209e+00
-4.100e-01 1.586e+00
-4.000e-01 1.699e+00
-3.900e-01 1.756e+00
-3.800e-01 1.341e+00
-3.700e-01 1.295e+00
-3.600e-01 1.905e+00
-3.500e-01 2.124e+00
-3.400e-01 1.147e+00
-3.300e-01 9.954e-01
-3.200e-01 1.762e+00
-3.100e-01 1.327e+00
-3.000e-01 1.225e+00
-2.900e-01 1.269e+00
-2.800e-01 1.803e+00
-2.700e-01 8.865e-01
-2.600e-01 9.130e-01
-2.500e-01 9.067e-01
-2.400e-01 1.003e+00
-2.300e-01 2.211e+00
-2.200e-01 2.440e+00
-2.100e-01 2.833e+00
-2.000e-01 2.819e+00
-1.900e-01 2.254e+00
-1.800e-01 2.238e+00
-1.700e-01 2.211e+00
-1.600e-01 2.587e+00
-1.500e-01 3.597e+00
-1.400e-01 2.231e+00
-1.300e-01 2.171e+00
-1.200e-01 2.052e+00
-1.100e-01 3.849e+00
-1.000e-01 4.075e+00
-9.000e-02 6.371e+00
-8.000e-02 6.559e+00
-7.000e-02 4.619e+00
-6.000e-02 8.730e+00
-5.000e-02 1.184e+01
-4.000e-02 1.460e+01
-3.000e-02 1.964e+01
-2.000e-02 2.479e+01
-1.000e-02 4.156e+01
