# Frequency (1.0/ps)      real(fft(F_2))
0.000e+00 7.203e+01
1.000e-02 3.696e+01
2.000e-02 2.256e+01
3.000e-02 1.731e+01
4.000e-02 1.228e+01
5.000e-02 1.189e+01
6.000e-02 1.122e+01
7.000e-02 7.591e+00
8.000e-02 6.438e+00
9.000e-02 4.995e+00
1.000e-01 6.311e+00
1.100e-01 3.511e+00
1.200e-01 3.591e+00
1.300e-01 3.137e+00
1.400e-01 5.366e+00
1.500e-01 3.630e+00
1.600e-01 6.195e-01
1.700e-01 8.207e-01
1.800e-01 2.365e+00
1.900e-01 1.334e+00
2.000e-01 1.029e+00
2.100e-01 2.449e+00
2.200e-01 1.180e+00
2.300e-01 4.682e-01
2.400e-01 1.738e+00
2.500e-01 7.146e-01
2.600e-01 1.343e+00
2.700e-01 4.876e-02
2.800e-01 4.628e-01
2.900e-01 4.768e-01
3.000e-01 3.284e-02
3.100e-01 6.507e-01
3.200e-01 -1.818e-01
3.300e-01 1.987e+00
3.400e-01 2.385e+00
3.500e-01 1.569e+00
3.600e-01 1.375e+00
3.700e-01 1.193e+00
3.800e-01 6.298e-01
3.900e-01 -7.475e-01
4.000e-01 -8.440e-01
4.100e-01 2.413e-02
4.200e-01 1.742e-01
4.300e-01 5.524e-01
4.400e-01 1.109e-01
4.500e-01 4.669e-01
4.600e-01 -1.322e-02
4.700e-01 2.216e-01
4.800e-01 1.272e-01
4.900e-01 4.676e-01
5.000e-01 6.278e-01
5.100e-01 5.987e-01
5.200e-01 5.888e-01
5.300e-01 8.840e-01
5.400e-01 1.140e+00
5.500e-01 2.053e-01
5.600e-01 1.256e+00
5.700e-01 1.361e+00
5.800e-01 5.007e-01
5.900e-01 1.746e+00
6.000e-01 1.033e+00
6.100e-01 8.951e-01
6.200e-01 5.368e-01
6.300e-01 8.305e-02
6.400e-01 -7.035e-02
6.500e-01 7.760e-02
6.600e-01 8.798e-01
6.700e-01 -1.656e-01
6.800e-01 -8.819e-02
6.900e-01 -2.728e-01
7.000e-01 2.591e-01
7.100e-01 3.399e-01
7.200e-01 -2.371e-02
7.300e-01 7.743e-01
7.400e-01 1.191e+00
7.500e-01 1.921e+00
7.600e-01 1.244e+00
7.700e-01 6.076e-01
7.800e-01 4.860e-01
7.900e-01 3.331e-01
8.000e-01 7.026e-01
8.100e-01 1.052e+00
8.200e-01 2.104e+00
8.300e-01 1.258e+00
8.400e-01 6.947e-01
8.500e-01 5.678e-01
8.600e-01 3.914e-01
8.700e-01 5.670e-01
8.800e-01 8.909e-01
8.900e-01 7.337e-01
9.000e-01 6.438e-01
9.100e-01 2.716e-01
9.200e-01 2.984e-01
9.300e-01 2.066e-01
9.400e-01 3.952e-01
9.500e-01 3.050e-02
9.600e-01 2.049e-01
9.700e-01 7.326e-01
9.800e-01 1.324e+00
9.900e-01 1.001e+00
1.000e+00 6.849e-01
1.010e+00 9.472e-01
1.020e+00 1.179e+00
1.030e+00 1.693e+00
1.040e+00 1.757e+00
1.050e+00 9.489e-01
1.060e+00 1.635e-01
1.070e+00 5.537e-01
1.080e+00 7.665e-01
1.090e+00 1.165e+00
1.100e+00 1.870e+00
1.110e+00 1.375e+00
1.120e+00 1.477e+00
1.130e+00 1.417e+00
1.140e+00 8.867e-01
1.150e+00 4.114e-01
1.160e+00 -3.593e-01
1.170e+00 -1.158e-01
1.180e+00 -6.874e-02
1.190e+00 3.881e-01
1.200e+00 9.463e-01
1.210e+00 6.297e-01
1.220e+00 8.083e-01
1.230e+00 -8.627e-02
1.240e+00 1.202e-01
1.250e+00 -3.778e-01
1.260e+00 -7.989e-02
1.270e+00 4.942e-01
1.280e+00 6.647e-01
1.290e+00 5.311e-01
1.300e+00 4.249e-01
1.310e+00 8.015e-01
1.320e+00 5.403e-02
1.330e+00 2.033e-01
1.340e+00 8.307e-01
1.350e+00 1.254e+00
1.360e+00 7.335e-01
1.370e+00 1.048e+00
1.380e+00 8.829e-01
1.390e+00 5.660e-01
1.400e+00 3.524e-01
1.410e+00 5.007e-01
1.420e+00 1.138e+00
1.430e+00 1.294e+00
1.440e+00 5.174e-01
1.450e+00 7.101e-01
1.460e+00 7.197e-01
1.470e+00 8.535e-01
1.480e+00 8.666e-01
1.490e+00 6.723e-01
1.500e+00 8.194e-01
1.510e+00 1.020e+00
1.520e+00 1.720e+00
1.530e+00 1.257e+00
1.540e+00 1.149e+00
1.550e+00 9.180e-01
1.560e+00 5.068e-01
1.570e+00 5.744e-01
1.580e+00 1.026e+00
1.590e+00 5.492e-01
1.600e+00 9.813e-01
1.610e+00 4.806e-01
1.620e+00 5.858e-01
1.630e+00 6.900e-01
1.640e+00 4.896e-01
1.650e+00 5.561e-01
1.660e+00 1.020e+00
1.670e+00 1.109e+00
1.680e+00 8.383e-01
1.690e+00 1.076e+00
1.700e+00 8.370e-01
1.710e+00 6.123e-01
1.720e+00 5.471e-01
1.730e+00 2.960e-01
1.740e+00 1.096e+00
1.750e+00 3.281e-01
1.760e+00 6.939e-01
1.770e+00 5.960e-01
1.780e+00 1.376e+00
1.790e+00 7.696e-01
1.800e+00 5.819e-01
1.810e+00 2.141e-01
1.820e+00 -2.157e-01
1.830e+00 4.562e-01
1.840e+00 1.198e+00
1.850e+00 1.161e+00
1.860e+00 5.383e-01
1.870e+00 1.090e-01
1.880e+00 5.852e-02
1.890e+00 1.538e-01
1.900e+00 5.514e-01
1.910e+00 1.078e+00
1.920e+00 9.665e-01
1.930e+00 3.588e-01
1.940e+00 3.864e-01
1.950e+00 6.705e-01
1.960e+00 6.039e-01
1.970e+00 -2.239e-01
1.980e+00 7.323e-02
1.990e+00 1.410e-01
2.000e+00 3.071e-01
2.010e+00 2.982e-01
2.020e+00 4.957e-01
2.030e+00 1.011e+00
2.040e+00 7.278e-01
2.050e+00 6.426e-01
2.060e+00 6.036e-01
2.070e+00 5.352e-01
2.080e+00 8.030e-01
2.090e+00 1.312e+00
2.100e+00 7.437e-01
2.110e+00 7.632e-01
2.120e+00 1.124e+00
2.130e+00 8.726e-01
2.140e+00 1.007e+00
2.150e+00 8.325e-01
2.160e+00 6.631e-01
2.170e+00 9.300e-01
2.180e+00 3.435e-01
2.190e+00 6.551e-01
2.200e+00 8.629e-01
2.210e+00 9.871e-01
2.220e+00 1.053e+00
2.230e+00 7.127e-01
2.240e+00 6.982e-01
2.250e+00 4.794e-01
2.260e+00 5.826e-01
2.270e+00 6.314e-01
2.280e+00 5.759e-01
2.290e+00 6.678e-01
2.300e+00 3.204e-01
2.310e+00 6.079e-01
2.320e+00 7.921e-01
2.330e+00 1.131e+00
2.340e+00 1.140e+00
2.350e+00 8.280e-01
2.360e+00 7.926e-01
2.370e+00 8.873e-01
2.380e+00 9.389e-01
2.390e+00 7.483e-01
2.400e+00 7.764e-01
2.410e+00 4.781e-01
2.420e+00 5.311e-01
2.430e+00 7.373e-01
2.440e+00 1.073e+00
2.450e+00 9.617e-01
2.460e+00 5.044e-01
2.470e+00 4.289e-01
2.480e+00 8.277e-01
2.490e+00 6.272e-01
2.500e+00 6.013e-01
2.510e+00 4.543e-01
2.520e+00 3.555e-01
2.530e+00 1.016e-01
2.540e+00 5.230e-01
2.550e+00 6.109e-01
2.560e+00 3.581e-01
2.570e+00 2.641e-01
2.580e+00 4.766e-01
2.590e+00 5.365e-01
2.600e+00 4.362e-01
2.610e+00 4.421e-01
2.620e+00 1.789e-01
2.630e+00 4.047e-01
2.640e+00 6.631e-01
2.650e+00 3.027e-01
2.660e+00 5.099e-01
2.670e+00 1.113e+00
2.680e+00 1.159e+00
2.690e+00 1.076e+00
2.700e+00 5.283e-01
2.710e+00 6.750e-01
2.720e+00 7.510e-01
2.730e+00 9.730e-01
2.740e+00 5.604e-01
2.750e+00 7.472e-01
2.760e+00 8.750e-01
2.770e+00 6.112e-01
2.780e+00 6.097e-01
2.790e+00 2.014e-01
2.800e+00 -1.903e-01
2.810e+00 4.576e-01
2.820e+00 6.729e-01
2.830e+00 6.349e-01
2.840e+00 7.982e-01
2.850e+00 7.235e-01
2.860e+00 9.049e-01
2.870e+00 2.872e-01
2.880e+00 5.566e-01
2.890e+00 8.120e-01
2.900e+00 5.556e-01
2.910e+00 7.378e-01
2.920e+00 8.326e-01
2.930e+00 6.948e-01
2.940e+00 7.522e-01
2.950e+00 7.407e-01
2.960e+00 5.033e-01
2.970e+00 7.146e-01
2.980e+00 6.333e-01
2.990e+00 5.091e-01
3.000e+00 6.896e-01
3.010e+00 7.426e-01
3.020e+00 1.113e+00
3.030e+00 9.331e-01
3.040e+00 4.515e-01
3.050e+00 4.356e-01
3.060e+00 7.324e-01
3.070e+00 9.014e-01
3.080e+00 6.206e-01
3.090e+00 7.577e-01
3.100e+00 6.603e-01
3.110e+00 7.941e-01
3.120e+00 7.628e-01
3.130e+00 7.073e-01
3.140e+00 4.380e-01
3.150e+00 4.668e-01
3.160e+00 4.946e-01
3.170e+00 6.753e-01
3.180e+00 6.353e-01
3.190e+00 2.609e-01
3.200e+00 6.125e-01
3.210e+00 3.679e-01
3.220e+00 2.267e-01
3.230e+00 2.657e-01
3.240e+00 5.400e-01
3.250e+00 6.277e-01
3.260e+00 2.608e-01
3.270e+00 3.209e-01
3.280e+00 4.367e-01
3.290e+00 6.478e-01
3.300e+00 6.492e-01
3.310e+00 5.146e-01
3.320e+00 6.814e-01
3.330e+00 3.306e-01
3.340e+00 6.085e-01
3.350e+00 9.215e-01
3.360e+00 6.656e-01
3.370e+00 6.455e-01
3.380e+00 1.978e-01
3.390e+00 3.372e-01
3.400e+00 -8.696e-02
3.410e+00 2.878e-01
3.420e+00 4.383e-01
3.430e+00 4.312e-01
3.440e+00 8.157e-01
3.450e+00 3.819e-01
3.460e+00 3.510e-01
3.470e+00 3.717e-01
3.480e+00 4.884e-01
3.490e+00 9.050e-01
3.500e+00 4.064e-01
3.510e+00 7.749e-01
3.520e+00 7.570e-01
3.530e+00 4.941e-01
3.540e+00 3.525e-01
3.550e+00 4.157e-01
3.560e+00 5.848e-01
3.570e+00 3.686e-01
3.580e+00 4.816e-01
3.590e+00 3.279e-01
3.600e+00 5.544e-01
3.610e+00 5.937e-01
3.620e+00 3.431e-01
3.630e+00 4.661e-01
3.640e+00 1.802e-01
3.650e+00 1.818e-01
3.660e+00 3.668e-01
3.670e+00 3.043e-01
3.680e+00 7.181e-01
3.690e+00 7.152e-01
3.700e+00 7.519e-01
3.710e+00 -2.154e-02
3.720e+00 -5.779e-03
3.730e+00 2.315e-01
3.740e+00 4.223e-01
3.750e+00 6.197e-01
3.760e+00 6.130e-01
3.770e+00 7.290e-01
3.780e+00 2.995e-01
3.790e+00 3.068e-01
3.800e+00 5.046e-01
3.810e+00 5.539e-01
3.820e+00 4.626e-01
3.830e+00 5.269e-01
3.840e+00 7.166e-01
3.850e+00 5.432e-01
3.860e+00 5.067e-01
3.870e+00 2.341e-01
3.880e+00 4.528e-01
3.890e+00 6.949e-01
3.900e+00 8.713e-01
3.910e+00 8.773e-01
3.920e+00 2.580e-01
3.930e+00 5.645e-01
3.940e+00 8.178e-01
3.950e+00 8.074e-01
3.960e+00 7.680e-01
3.970e+00 7.521e-01
3.980e+00 7.370e-01
3.990e+00 4.991e-01
4.000e+00 5.304e-01
4.010e+00 4.003e-01
4.020e+00 3.598e-01
4.030e+00 2.764e-01
4.040e+00 3.339e-01
4.050e+00 4.605e-01
4.060e+00 5.816e-01
4.070e+00 1.214e-01
4.080e+00 2.541e-01
4.090e+00 5.446e-01
4.100e+00 5.810e-01
4.110e+00 3.246e-01
4.120e+00 9.071e-01
4.130e+00 5.453e-01
4.140e+00 4.916e-01
4.150e+00 3.245e-01
4.160e+00 3.445e-01
4.170e+00 6.040e-01
4.180e+00 4.328e-01
4.190e+00 2.913e-01
4.200e+00 4.009e-01
4.210e+00 4.441e-01
4.220e+00 2.377e-01
4.230e+00 7.912e-01
4.240e+00 8.469e-01
4.250e+00 8.148e-01
4.260e+00 7.030e-01
4.270e+00 6.618e-01
4.280e+00 7.032e-01
4.290e+00 7.792e-01
4.300e+00 8.977e-01
4.310e+00 7.448e-01
4.320e+00 7.064e-01
4.330e+00 5.372e-01
4.340e+00 6.176e-01
4.350e+00 4.354e-01
4.360e+00 6.192e-01
4.370e+00 8.588e-01
4.380e+00 7.550e-01
4.390e+00 6.980e-01
4.400e+00 4.566e-01
4.410e+00 5.431e-01
4.420e+00 2.744e-01
4.430e+00 2.275e-01
4.440e+00 4.203e-01
4.450e+00 5.405e-01
4.460e+00 6.238e-01
4.470e+00 7.914e-01
4.480e+00 5.235e-01
4.490e+00 3.518e-01
4.500e+00 5.318e-01
4.510e+00 6.411e-01
4.520e+00 6.526e-01
4.530e+00 6.223e-01
4.540e+00 5.976e-01
4.550e+00 3.951e-01
4.560e+00 6.327e-02
4.570e+00 9.463e-02
4.580e+00 3.416e-01
4.590e+00 3.333e-01
4.600e+00 4.363e-01
4.610e+00 6.606e-01
4.620e+00 5.728e-01
4.630e+00 6.019e-01
4.640e+00 6.675e-01
4.650e+00 7.868e-01
4.660e+00 7.369e-01
4.670e+00 4.822e-01
4.680e+00 5.901e-01
4.690e+00 4.702e-01
4.700e+00 7.134e-01
4.710e+00 4.469e-01
4.720e+00 5.643e-01
4.730e+00 9.348e-01
4.740e+00 6.427e-01
4.750e+00 6.962e-01
4.760e+00 4.252e-01
4.770e+00 5.029e-01
4.780e+00 5.755e-01
4.790e+00 6.758e-01
4.800e+00 6.171e-01
4.810e+00 5.880e-01
4.820e+00 8.170e-01
4.830e+00 4.329e-01
4.840e+00 2.832e-01
4.850e+00 5.652e-01
4.860e+00 7.100e-01
4.870e+00 6.698e-01
4.880e+00 4.507e-01
4.890e+00 4.990e-01
4.900e+00 1.985e-01
4.910e+00 2.478e-01
4.920e+00 4.130e-01
4.930e+00 6.989e-01
4.940e+00 1.061e+00
4.950e+00 1.137e+00
4.960e+00 1.127e+00
4.970e+00 9.812e-01
4.980e+00 9.728e-01
4.990e+00 9.122e-01
-5.000e+00 6.363e-01
-4.990e+00 6.549e-01
-4.980e+00 5.499e-01
-4.970e+00 7.318e-01
-4.960e+00 8.950e-01
-4.950e+00 8.762e-01
-4.940e+00 6.632e-01
-4.930e+00 5.677e-01
-4.920e+00 3.062e-01
-4.910e+00 5.685e-01
-4.900e+00 7.911e-01
-4.890e+00 3.792e-01
-4.880e+00 4.208e-01
-4.870e+00 5.407e-02
-4.860e+00 2.408e-01
-4.850e+00 3.540e-01
-4.840e+00 6.858e-01
-4.830e+00 8.400e-01
-4.820e+00 3.921e-01
-4.810e+00 3.170e-01
-4.800e+00 6.335e-02
-4.790e+00 2.333e-01
-4.780e+00 2.056e-01
-4.770e+00 4.513e-01
-4.760e+00 6.047e-01
-4.750e+00 6.411e-01
-4.740e+00 6.381e-01
-4.730e+00 3.653e-01
-4.720e+00 6.883e-01
-4.710e+00 6.410e-01
-4.700e+00 6.407e-02
-4.690e+00 2.632e-01
-4.680e+00 3.238e-01
-4.670e+00 1.184e-01
-4.660e+00 6.283e-01
-4.650e+00 6.274e-01
-4.640e+00 6.480e-01
-4.630e+00 5.332e-01
-4.620e+00 8.755e-01
-4.610e+00 5.300e-01
-4.600e+00 5.425e-01
-4.590e+00 6.869e-01
-4.580e+00 5.863e-01
-4.570e+00 9.029e-01
-4.560e+00 7.550e-01
-4.550e+00 7.220e-01
-4.540e+00 5.760e-01
-4.530e+00 1.963e-01
-4.520e+00 6.731e-01
-4.510e+00 6.975e-01
-4.500e+00 9.491e-01
-4.490e+00 3.114e-01
-4.480e+00 1.458e-01
-4.470e+00 4.755e-01
-4.460e+00 5.379e-01
-4.450e+00 5.322e-01
-4.440e+00 3.277e-01
-4.430e+00 5.407e-01
-4.420e+00 5.955e-01
-4.410e+00 6.430e-01
-4.400e+00 9.297e-02
-4.390e+00 -3.947e-02
-4.380e+00 -2.191e-02
-4.370e+00 5.113e-01
-4.360e+00 6.079e-01
-4.350e+00 6.552e-01
-4.340e+00 6.871e-01
-4.330e+00 3.634e-01
-4.320e+00 4.934e-01
-4.310e+00 4.724e-01
-4.300e+00 4.252e-01
-4.290e+00 4.991e-01
-4.280e+00 4.576e-01
-4.270e+00 5.910e-01
-4.260e+00 4.480e-01
-4.250e+00 4.177e-01
-4.240e+00 5.838e-02
-4.230e+00 -8.713e-02
-4.220e+00 2.174e-01
-4.210e+00 1.483e-01
-4.200e+00 5.858e-01
-4.190e+00 2.637e-01
-4.180e+00 2.459e-01
-4.170e+00 2.522e-01
-4.160e+00 5.037e-01
-4.150e+00 6.306e-01
-4.140e+00 4.934e-01
-4.130e+00 8.995e-01
-4.120e+00 6.280e-01
-4.110e+00 5.631e-01
-4.100e+00 3.305e-01
-4.090e+00 1.585e-01
-4.080e+00 4.720e-01
-4.070e+00 1.292e-01
-4.060e+00 1.441e-01
-4.050e+00 3.810e-02
-4.040e+00 4.259e-01
-4.030e+00 7.019e-01
-4.020e+00 6.124e-01
-4.010e+00 6.840e-01
-4.000e+00 6.842e-01
-3.990e+00 6.185e-01
-3.980e+00 3.586e-01
-3.970e+00 2.898e-01
-3.960e+00 5.491e-01
-3.950e+00 2.821e-01
-3.940e+00 5.329e-01
-3.930e+00 4.871e-01
-3.920e+00 5.817e-01
-3.910e+00 6.080e-01
-3.900e+00 5.867e-01
-3.890e+00 5.394e-01
-3.880e+00 3.691e-01
-3.870e+00 2.507e-01
-3.860e+00 2.597e-01
-3.850e+00 4.295e-01
-3.840e+00 6.885e-01
-3.830e+00 3.424e-01
-3.820e+00 5.424e-01
-3.810e+00 5.682e-01
-3.800e+00 5.576e-01
-3.790e+00 5.873e-01
-3.780e+00 9.158e-01
-3.770e+00 1.090e+00
-3.760e+00 8.879e-01
-3.750e+00 6.326e-01
-3.740e+00 5.691e-01
-3.730e+00 4.489e-01
-3.720e+00 5.208e-01
-3.710e+00 2.126e-01
-3.700e+00 5.945e-01
-3.690e+00 4.369e-01
-3.680e+00 3.677e-01
-3.670e+00 5.872e-01
-3.660e+00 6.228e-01
-3.650e+00 4.601e-01
-3.640e+00 7.947e-01
-3.630e+00 7.341e-01
-3.620e+00 6.743e-01
-3.610e+00 7.615e-01
-3.600e+00 7.484e-01
-3.590e+00 8.027e-01
-3.580e+00 6.548e-01
-3.570e+00 2.061e-01
-3.560e+00 7.584e-01
-3.550e+00 8.311e-01
-3.540e+00 8.996e-01
-3.530e+00 8.606e-01
-3.520e+00 5.798e-01
-3.510e+00 5.038e-01
-3.500e+00 4.729e-01
-3.490e+00 3.639e-01
-3.480e+00 5.325e-01
-3.470e+00 7.151e-01
-3.460e+00 5.686e-01
-3.450e+00 5.645e-01
-3.440e+00 4.408e-01
-3.430e+00 1.346e-01
-3.420e+00 3.092e-02
-3.410e+00 -2.459e-02
-3.400e+00 9.550e-03
-3.390e+00 8.891e-02
-3.380e+00 4.404e-01
-3.370e+00 3.337e-01
-3.360e+00 3.174e-01
-3.350e+00 4.392e-01
-3.340e+00 5.700e-01
-3.330e+00 6.245e-01
-3.320e+00 7.333e-01
-3.310e+00 8.073e-01
-3.300e+00 7.421e-01
-3.290e+00 6.942e-01
-3.280e+00 1.001e+00
-3.270e+00 6.671e-01
-3.260e+00 5.765e-01
-3.250e+00 6.309e-01
-3.240e+00 8.429e-01
-3.230e+00 6.421e-01
-3.220e+00 5.595e-01
-3.210e+00 2.321e-01
-3.200e+00 2.314e-01
-3.190e+00 -6.275e-03
-3.180e+00 2.514e-01
-3.170e+00 4.700e-01
-3.160e+00 3.906e-01
-3.150e+00 4.552e-01
-3.140e+00 7.058e-01
-3.130e+00 7.068e-01
-3.120e+00 7.061e-01
-3.110e+00 4.850e-01
-3.100e+00 2.490e-01
-3.090e+00 4.197e-01
-3.080e+00 3.889e-01
-3.070e+00 5.413e-01
-3.060e+00 6.229e-01
-3.050e+00 6.456e-01
-3.040e+00 6.786e-01
-3.030e+00 3.496e-01
-3.020e+00 2.341e-01
-3.010e+00 3.449e-03
-3.000e+00 1.796e-01
-2.990e+00 3.434e-01
-2.980e+00 1.058e-01
-2.970e+00 2.735e-01
-2.960e+00 2.982e-01
-2.950e+00 4.016e-01
-2.940e+00 2.486e-01
-2.930e+00 5.904e-01
-2.920e+00 7.054e-01
-2.910e+00 6.542e-01
-2.900e+00 5.847e-01
-2.890e+00 4.613e-01
-2.880e+00 7.741e-01
-2.870e+00 4.521e-01
-2.860e+00 1.352e-01
-2.850e+00 1.644e-01
-2.840e+00 4.984e-01
-2.830e+00 5.957e-01
-2.820e+00 6.954e-01
-2.810e+00 4.184e-01
-2.800e+00 3.219e-01
-2.790e+00 4.024e-01
-2.780e+00 4.305e-01
-2.770e+00 6.783e-01
-2.760e+00 6.196e-01
-2.750e+00 3.480e-01
-2.740e+00 5.964e-01
-2.730e+00 7.028e-01
-2.720e+00 4.932e-01
-2.710e+00 7.652e-01
-2.700e+00 5.665e-01
-2.690e+00 3.679e-01
-2.680e+00 3.124e-01
-2.670e+00 2.361e-01
-2.660e+00 4.078e-01
-2.650e+00 1.841e-01
-2.640e+00 5.083e-01
-2.630e+00 8.495e-01
-2.620e+00 3.126e-01
-2.610e+00 4.429e-01
-2.600e+00 9.955e-01
-2.590e+00 5.301e-01
-2.580e+00 5.272e-01
-2.570e+00 7.778e-01
-2.560e+00 5.425e-01
-2.550e+00 6.776e-01
-2.540e+00 8.167e-01
-2.530e+00 1.008e+00
-2.520e+00 4.493e-01
-2.510e+00 3.949e-01
-2.500e+00 4.220e-01
-2.490e+00 7.304e-01
-2.480e+00 1.035e+00
-2.470e+00 1.114e+00
-2.460e+00 6.062e-01
-2.450e+00 2.554e-01
-2.440e+00 3.031e-01
-2.430e+00 7.563e-01
-2.420e+00 9.200e-01
-2.410e+00 8.285e-01
-2.400e+00 1.028e+00
-2.390e+00 4.048e-01
-2.380e+00 4.810e-01
-2.370e+00 8.714e-01
-2.360e+00 3.537e-01
-2.350e+00 -1.198e-01
-2.340e+00 -8.037e-02
-2.330e+00 4.332e-01
-2.320e+00 4.479e-01
-2.310e+00 5.170e-01
-2.300e+00 3.580e-01
-2.290e+00 1.600e-01
-2.280e+00 2.818e-01
-2.270e+00 5.626e-01
-2.260e+00 8.393e-01
-2.250e+00 1.261e+00
-2.240e+00 1.073e+00
-2.230e+00 7.709e-01
-2.220e+00 -1.121e-01
-2.210e+00 3.193e-01
-2.200e+00 8.869e-01
-2.190e+00 8.537e-01
-2.180e+00 2.344e-01
-2.170e+00 -1.465e-02
-2.160e+00 3.615e-01
-2.150e+00 3.698e-01
-2.140e+00 5.549e-01
-2.130e+00 7.854e-01
-2.120e+00 6.148e-01
-2.110e+00 4.051e-01
-2.100e+00 4.578e-01
-2.090e+00 6.152e-01
-2.080e+00 1.942e-01
-2.070e+00 -4.543e-02
-2.060e+00 4.537e-02
-2.050e+00 2.501e-01
-2.040e+00 1.056e-01
-2.030e+00 -5.521e-02
-2.020e+00 1.242e-01
-2.010e+00 3.801e-01
-2.000e+00 5.093e-01
-1.990e+00 7.268e-01
-1.980e+00 6.010e-01
-1.970e+00 3.799e-01
-1.960e+00 1.190e-01
-1.950e+00 3.270e-02
-1.940e+00 3.396e-01
-1.930e+00 4.407e-01
-1.920e+00 8.568e-01
-1.910e+00 2.160e-01
-1.900e+00 6.626e-01
-1.890e+00 2.341e-01
-1.880e+00 1.755e-01
-1.870e+00 5.614e-01
-1.860e+00 1.509e+00
-1.850e+00 1.112e+00
-1.840e+00 1.274e+00
-1.830e+00 7.887e-01
-1.820e+00 2.271e-01
-1.810e+00 -2.130e-01
-1.800e+00 3.638e-01
-1.790e+00 1.047e+00
-1.780e+00 9.200e-01
-1.770e+00 7.899e-01
-1.760e+00 -2.333e-02
-1.750e+00 1.017e-01
-1.740e+00 3.094e-01
-1.730e+00 5.829e-01
-1.720e+00 2.827e-01
-1.710e+00 1.010e-01
-1.700e+00 7.084e-01
-1.690e+00 8.898e-01
-1.680e+00 6.548e-01
-1.670e+00 4.493e-01
-1.660e+00 -1.545e-02
-1.650e+00 5.428e-01
-1.640e+00 5.554e-01
-1.630e+00 4.214e-01
-1.620e+00 7.321e-01
-1.610e+00 1.231e+00
-1.600e+00 1.947e+00
-1.590e+00 1.220e+00
-1.580e+00 4.304e-01
-1.570e+00 4.715e-01
-1.560e+00 3.748e-01
-1.550e+00 5.074e-01
-1.540e+00 1.161e-01
-1.530e+00 1.017e+00
-1.520e+00 8.024e-01
-1.510e+00 6.478e-01
-1.500e+00 6.405e-01
-1.490e+00 7.306e-01
-1.480e+00 6.530e-01
-1.470e+00 9.097e-01
-1.460e+00 6.914e-01
-1.450e+00 1.201e-01
-1.440e+00 -2.032e-01
-1.430e+00 1.079e+00
-1.420e+00 8.105e-01
-1.410e+00 4.371e-01
-1.400e+00 5.498e-01
-1.390e+00 1.048e+00
-1.380e+00 7.095e-01
-1.370e+00 -2.053e-01
-1.360e+00 5.631e-01
-1.350e+00 -1.359e-01
-1.340e+00 3.413e-01
-1.330e+00 1.332e+00
-1.320e+00 6.956e-01
-1.310e+00 1.085e+00
-1.300e+00 9.406e-01
-1.290e+00 1.058e+00
-1.280e+00 5.026e-01
-1.270e+00 4.958e-01
-1.260e+00 4.968e-01
-1.250e+00 1.171e+00
-1.240e+00 1.239e+00
-1.230e+00 7.684e-01
-1.220e+00 9.866e-01
-1.210e+00 1.102e-01
-1.200e+00 8.680e-01
-1.190e+00 8.071e-01
-1.180e+00 5.125e-01
-1.170e+00 1.016e+00
-1.160e+00 3.892e-01
-1.150e+00 4.440e-01
-1.140e+00 2.939e-01
-1.130e+00 1.249e+00
-1.120e+00 6.983e-01
-1.110e+00 7.337e-01
-1.100e+00 4.225e-01
-1.090e+00 3.072e-01
-1.080e+00 1.711e+00
-1.070e+00 1.055e+00
-1.060e+00 1.708e+00
-1.050e+00 6.218e-01
-1.040e+00 5.496e-01
-1.030e+00 1.816e+00
-1.020e+00 8.143e-01
-1.010e+00 1.002e+00
-1.000e+00 1.507e-01
-9.900e-01 7.191e-01
-9.800e-01 6.698e-01
-9.700e-01 1.259e-01
-9.600e-01 4.332e-01
-9.500e-01 8.477e-01
-9.400e-01 6.182e-01
-9.300e-01 1.007e+00
-9.200e-01 9.952e-01
-9.100e-01 1.443e+00
-9.000e-01 1.768e+00
-8.900e-01 6.679e-01
-8.800e-01 5.009e-01
-8.700e-01 4.215e-01
-8.600e-01 1.290e-01
-8.500e-01 3.620e-01
-8.400e-01 1.446e+00
-8.300e-01 1.204e+00
-8.200e-01 1.096e+00
-8.100e-01 1.259e+00
-8.000e-01 1.503e+00
-7.900e-01 7.684e-01
-7.800e-01 1.059e+00
-7.700e-01 7.303e-01
-7.600e-01 1.010e+00
-7.500e-01 5.973e-01
-7.400e-01 8.623e-01
-7.300e-01 3.343e-01
-7.200e-01 2.371e-01
-7.100e-01 1.330e+00
-7.000e-01 8.927e-01
-6.900e-01 1.196e+00
-6.800e-01 9.811e-01
-6.700e-01 3.018e-01
-6.600e-01 1.660e+00
-6.500e-01 1.566e+00
-6.400e-01 1.371e+00
-6.300e-01 1.109e+00
-6.200e-01 4.665e-01
-6.100e-01 1.764e-01
-6.000e-01 3.324e-01
-5.900e-01 4.981e-01
-5.800e-01 9.075e-01
-5.700e-01 6.271e-01
-5.600e-01 6.302e-01
-5.500e-01 8.117e-01
-5.400e-01 2.936e-01
-5.300e-01 8.963e-01
-5.200e-01 7.998e-01
-5.100e-01 8.902e-01
-5.000e-01 1.777e+00
-4.900e-01 1.318e-01
-4.800e-01 4.411e-01
-4.700e-01 -3.478e-01
-4.600e-01 2.076e-01
-4.500e-01 -2.662e-01
-4.400e-01 -3.437e-01
-4.300e-01 9.004e-01
-4.200e-01 2.480e-01
-4.100e-01 9.709e-01
-4.000e-01 8.668e-01
-3.900e-01 2.133e+00
-3.800e-01 1.424e+00
-3.700e-01 1.351e+00
-3.600e-01 2.233e+00
-3.500e-01 2.355e+00
-3.400e-01 2.743e+00
-3.300e-01 1.544e+00
-3.200e-01 1.452e+00
-3.100e-01 4.510e-01
-3.000e-01 7.836e-01
-2.900e-01 8.565e-01
-2.800e-01 1.622e+00
-2.700e-01 1.705e+00
-2.600e-01 9.906e-01
-2.500e-01 1.743e+00
-2.400e-01 2.663e+00
-2.300e-01 1.230e+00
-2.200e-01 2.041e+00
-2.100e-01 2.324e+00
-2.000e-01 2.396e+00
-1.900e-01 9.870e-01
-1.800e-01 1.309e+00
-1.700e-01 4.917e-01
-1.600e-01 1.034e+00
-1.500e-01 3.526e+00
-1.400e-01 1.648e+00
-1.300e-01 1.032e+00
-1.200e-01 2.832e+00
-1.100e-01 1.654e+00
-1.000e-01 5.438e+00
-9.000e-02 5.626e+00
-8.000e-02 6.247e+00
-7.000e-02 6.612e+00
-6.000e-02 5.808e+00
-5.000e-02 1.165e+01
-4.000e-02 1.396e+01
-3.000e-02 2.383e+01
-2.000e-02 3.277e+01
-1.000e-02 4.899e+01
