# Frequency (1.0/ps)      real(fft(F_1))
0.000e+00 5.167e+02
1.000e-02 2.380e+01
2.000e-02 1.151e+01
3.000e-02 7.130e+00
4.000e-02 4.487e+00
5.000e-02 -7.573e+00
6.000e-02 2.306e+00
7.000e-02 -1.042e+00
8.000e-02 2.558e+00
9.000e-02 -5.196e-01
1.000e-01 8.930e-01
1.100e-01 2.303e+00
1.200e-01 7.476e-01
1.300e-01 1.687e+00
1.400e-01 3.858e+00
1.500e-01 4.508e+00
1.600e-01 8.404e-01
1.700e-01 6.603e-01
1.800e-01 7.075e-01
1.900e-01 -8.205e-03
2.000e-01 5.330e-01
2.100e-01 1.156e+00
2.200e-01 2.307e-01
2.300e-01 3.298e-01
2.400e-01 -1.698e-01
2.500e-01 3.940e+00
2.600e-01 1.255e+00
2.700e-01 1.157e+00
2.800e-01 2.246e+00
2.900e-01 -6.200e-02
3.000e-01 -2.839e-01
3.100e-01 1.264e+00
3.200e-01 1.514e+00
3.300e-01 1.547e+00
3.400e-01 1.383e+00
3.500e-01 1.705e+00
3.600e-01 -5.847e-01
3.700e-01 5.173e-02
3.800e-01 -8.653e-01
3.900e-01 2.152e+00
4.000e-01 1.252e+00
4.100e-01 5.536e-02
4.200e-01 9.256e-01
4.300e-01 4.211e-01
4.400e-01 7.507e-01
4.500e-01 2.931e-02
4.600e-01 8.265e-01
4.700e-01 4.632e-01
4.800e-01 -3.555e-01
4.900e-01 -4.807e-01
5.000e-01 1.798e+00
5.100e-01 -3.388e-01
5.200e-01 -8.348e-01
5.300e-01 -3.123e-01
5.400e-01 -8.885e-01
5.500e-01 -2.642e+00
5.600e-01 -3.629e-01
5.700e-01 2.142e-01
5.800e-01 3.761e-01
5.900e-01 1.651e-01
6.000e-01 1.613e+00
6.100e-01 4.354e-01
6.200e-01 1.165e+00
6.300e-01 3.966e-01
6.400e-01 9.922e-02
6.500e-01 -1.253e+00
6.600e-01 1.151e-01
6.700e-01 3.581e-01
6.800e-01 7.321e-01
6.900e-01 9.195e-01
7.000e-01 3.155e-01
7.100e-01 2.226e-01
7.200e-01 5.240e-01
7.300e-01 3.381e-01
7.400e-01 2.427e-01
7.500e-01 -1.510e+00
7.600e-01 7.561e-01
7.700e-01 5.752e-01
7.800e-01 1.201e+00
7.900e-01 4.187e-01
8.000e-01 1.106e+00
8.100e-01 8.864e-01
8.200e-01 4.044e-01
8.300e-01 7.134e-01
8.400e-01 4.506e-01
8.500e-01 1.321e+00
8.600e-01 -4.571e-01
8.700e-01 -2.511e-01
8.800e-01 -2.898e-01
8.900e-01 1.178e+00
9.000e-01 1.875e+00
9.100e-01 7.858e-01
9.200e-01 6.526e-01
9.300e-01 9.473e-01
9.400e-01 1.003e+00
9.500e-01 -2.387e-01
9.600e-01 2.794e-01
9.700e-01 -2.474e-02
9.800e-01 -3.634e-01
9.900e-01 -1.352e-01
1.000e+00 6.127e-01
1.010e+00 2.671e-01
1.020e+00 3.915e-01
1.030e+00 -9.923e-02
1.040e+00 7.335e-02
1.050e+00 5.619e-01
1.060e+00 4.946e-01
1.070e+00 -7.063e-01
1.080e+00 1.569e-01
1.090e+00 6.788e-01
1.100e+00 7.382e-01
1.110e+00 -5.913e-02
1.120e+00 -1.047e-01
1.130e+00 1.280e-01
1.140e+00 -1.440e+00
1.150e+00 1.121e+00
1.160e+00 1.202e+00
1.170e+00 1.737e+00
1.180e+00 9.878e-01
1.190e+00 1.063e+00
1.200e+00 1.447e+00
1.210e+00 1.129e+00
1.220e+00 3.108e-01
1.230e+00 1.482e-01
1.240e+00 8.489e-01
1.250e+00 4.158e-02
1.260e+00 1.554e+00
1.270e+00 4.249e-01
1.280e+00 5.041e-01
1.290e+00 1.288e+00
1.300e+00 -2.329e+00
1.310e+00 9.695e-01
1.320e+00 3.458e-01
1.330e+00 1.310e+00
1.340e+00 4.019e-01
1.350e+00 2.719e+00
1.360e+00 1.085e+00
1.370e+00 5.252e-01
1.380e+00 4.722e-01
1.390e+00 1.487e-01
1.400e+00 4.908e-01
1.410e+00 5.944e-01
1.420e+00 6.636e-01
1.430e+00 3.234e-01
1.440e+00 1.656e-01
1.450e+00 4.998e-01
1.460e+00 4.613e-01
1.470e+00 -3.513e-02
1.480e+00 4.264e-01
1.490e+00 5.291e-01
1.500e+00 3.700e-01
1.510e+00 8.403e-02
1.520e+00 9.082e-02
1.530e+00 -8.626e-02
1.540e+00 7.408e-01
1.550e+00 1.756e+00
1.560e+00 -4.779e-02
1.570e+00 5.523e-01
1.580e+00 6.698e-01
1.590e+00 -2.237e-02
1.600e+00 1.703e+00
1.610e+00 8.688e-01
1.620e+00 4.187e-01
1.630e+00 1.834e-01
1.640e+00 -4.902e-02
1.650e+00 1.296e+00
1.660e+00 3.482e-01
1.670e+00 6.631e-01
1.680e+00 5.945e-01
1.690e+00 6.220e-01
1.700e+00 7.783e-01
1.710e+00 8.720e-01
1.720e+00 3.151e-01
1.730e+00 4.609e-01
1.740e+00 1.930e-01
1.750e+00 1.825e+00
1.760e+00 5.227e-01
1.770e+00 4.233e-01
1.780e+00 3.565e-01
1.790e+00 3.965e-01
1.800e+00 9.092e-01
1.810e+00 1.124e+00
1.820e+00 1.679e-01
1.830e+00 2.983e-01
1.840e+00 8.930e-01
1.850e+00 1.270e+00
1.860e+00 -2.485e-03
1.870e+00 1.025e-01
1.880e+00 5.928e-01
1.890e+00 6.842e-01
1.900e+00 5.620e-01
1.910e+00 -1.502e-02
1.920e+00 -1.473e-01
1.930e+00 6.054e-01
1.940e+00 5.305e-01
1.950e+00 6.493e-01
1.960e+00 3.844e-01
1.970e+00 1.284e-01
1.980e+00 3.249e-01
1.990e+00 2.229e-01
2.000e+00 -3.705e-01
2.010e+00 4.536e-01
2.020e+00 7.481e-01
2.030e+00 7.464e-01
2.040e+00 7.472e-01
2.050e+00 3.394e-01
2.060e+00 -7.163e-01
2.070e+00 -3.218e-01
2.080e+00 1.930e-01
2.090e+00 6.653e-01
2.100e+00 3.297e-01
2.110e+00 5.437e-01
2.120e+00 -1.652e-01
2.130e+00 -1.208e-01
2.140e+00 2.453e-01
2.150e+00 4.895e-01
2.160e+00 2.896e-01
2.170e+00 2.444e-01
2.180e+00 3.495e-01
2.190e+00 3.043e-01
2.200e+00 2.889e-01
2.210e+00 7.326e-02
2.220e+00 5.090e-01
2.230e+00 -3.963e-02
2.240e+00 2.767e-01
2.250e+00 -8.456e-02
2.260e+00 1.340e-01
2.270e+00 4.227e-01
2.280e+00 7.335e-01
2.290e+00 -3.612e-01
2.300e+00 2.555e-01
2.310e+00 1.293e+00
2.320e+00 7.718e-01
2.330e+00 2.366e-01
2.340e+00 1.182e-01
2.350e+00 1.224e+00
2.360e+00 9.684e-01
2.370e+00 5.128e-01
2.380e+00 7.221e-01
2.390e+00 7.691e-01
2.400e+00 7.217e-01
2.410e+00 7.276e-01
2.420e+00 7.237e-01
2.430e+00 5.143e-01
2.440e+00 2.093e-01
2.450e+00 9.280e-01
2.460e+00 4.311e-01
2.470e+00 7.460e-01
2.480e+00 5.079e-01
2.490e+00 -3.624e-01
2.500e+00 -1.137e-01
2.510e+00 1.026e+00
2.520e+00 6.742e-01
2.530e+00 1.096e+00
2.540e+00 7.193e-01
2.550e+00 8.201e-01
2.560e+00 -2.679e-01
2.570e+00 8.204e-01
2.580e+00 5.032e-01
2.590e+00 5.252e-01
2.600e+00 1.639e+00
2.610e+00 7.004e-01
2.620e+00 2.347e-02
2.630e+00 5.626e-01
2.640e+00 1.215e+00
2.650e+00 -8.336e-01
2.660e+00 -2.383e-01
2.670e+00 1.360e-01
2.680e+00 1.544e-01
2.690e+00 -1.496e-01
2.700e+00 3.631e-01
2.710e+00 8.208e-01
2.720e+00 4.510e-02
2.730e+00 7.382e-01
2.740e+00 6.011e-01
2.750e+00 -1.098e-01
2.760e+00 1.526e-01
2.770e+00 4.265e-01
2.780e+00 3.625e-01
2.790e+00 8.622e-01
2.800e+00 -1.519e-01
2.810e+00 -2.786e-02
2.820e+00 4.510e-01
2.830e+00 6.822e-02
2.840e+00 -8.583e-02
2.850e+00 4.061e-01
2.860e+00 8.085e-01
2.870e+00 3.564e-01
2.880e+00 1.344e-01
2.890e+00 5.610e-01
2.900e+00 6.226e-01
2.910e+00 3.595e-01
2.920e+00 1.971e-02
2.930e+00 1.454e-01
2.940e+00 3.708e-03
2.950e+00 -4.336e-01
2.960e+00 3.019e-02
2.970e+00 8.118e-01
2.980e+00 3.683e-01
2.990e+00 2.021e-01
3.000e+00 8.763e-01
3.010e+00 7.004e-01
3.020e+00 1.881e-01
3.030e+00 2.673e-01
3.040e+00 1.944e-01
3.050e+00 -3.278e-02
3.060e+00 3.788e-01
3.070e+00 1.734e-01
3.080e+00 1.294e-01
3.090e+00 -2.394e-01
3.100e+00 6.457e-01
3.110e+00 5.251e-01
3.120e+00 7.088e-01
3.130e+00 6.320e-03
3.140e+00 3.017e-01
3.150e+00 -2.791e-01
3.160e+00 5.846e-01
3.170e+00 2.880e-01
3.180e+00 2.025e-01
3.190e+00 2.378e-01
3.200e+00 -3.938e-01
3.210e+00 6.461e-01
3.220e+00 2.456e-01
3.230e+00 4.643e-01
3.240e+00 6.641e-01
3.250e+00 5.678e-01
3.260e+00 2.639e-01
3.270e+00 8.274e-01
3.280e+00 8.246e-01
3.290e+00 6.233e-01
3.300e+00 -4.456e-02
3.310e+00 -5.720e-01
3.320e+00 -1.610e-01
3.330e+00 7.663e-02
3.340e+00 1.789e-01
3.350e+00 4.376e-01
3.360e+00 2.524e-01
3.370e+00 2.682e-01
3.380e+00 8.085e-01
3.390e+00 8.129e-01
3.400e+00 1.016e+00
3.410e+00 2.832e-01
3.420e+00 5.354e-01
3.430e+00 5.356e-01
3.440e+00 1.662e-01
3.450e+00 6.393e-01
3.460e+00 7.042e-01
3.470e+00 5.386e-01
3.480e+00 4.593e-01
3.490e+00 1.088e-01
3.500e+00 -1.046e-01
3.510e+00 4.436e-01
3.520e+00 4.086e-03
3.530e+00 2.821e-01
3.540e+00 8.427e-02
3.550e+00 1.116e+00
3.560e+00 -4.377e-03
3.570e+00 2.588e-01
3.580e+00 2.971e-01
3.590e+00 4.727e-02
3.600e+00 -7.659e-01
3.610e+00 1.723e-01
3.620e+00 4.815e-03
3.630e+00 2.765e-01
3.640e+00 1.856e-01
3.650e+00 7.572e-01
3.660e+00 3.638e-01
3.670e+00 6.323e-01
3.680e+00 1.119e-01
3.690e+00 2.004e-01
3.700e+00 6.835e-01
3.710e+00 4.968e-01
3.720e+00 8.334e-02
3.730e+00 2.081e-01
3.740e+00 6.944e-01
3.750e+00 3.852e-02
3.760e+00 -1.978e-01
3.770e+00 5.289e-01
3.780e+00 3.535e-02
3.790e+00 -1.373e-01
3.800e+00 4.590e-01
3.810e+00 5.629e-01
3.820e+00 3.599e-01
3.830e+00 2.921e-02
3.840e+00 -1.090e-01
3.850e+00 -4.187e-01
3.860e+00 4.029e-01
3.870e+00 6.058e-01
3.880e+00 3.275e-01
3.890e+00 9.137e-01
3.900e+00 2.211e-01
3.910e+00 2.515e-01
3.920e+00 1.664e-02
3.930e+00 -1.709e-01
3.940e+00 -1.306e-01
3.950e+00 4.659e-01
3.960e+00 1.076e+00
3.970e+00 1.750e-01
3.980e+00 5.438e-01
3.990e+00 6.933e-01
4.000e+00 8.119e-01
4.010e+00 4.324e-01
4.020e+00 1.794e-01
4.030e+00 3.354e-01
4.040e+00 2.130e-01
4.050e+00 9.072e-01
4.060e+00 4.730e-01
4.070e+00 8.228e-02
4.080e+00 3.009e-01
4.090e+00 4.564e-01
4.100e+00 -8.908e-02
4.110e+00 2.876e-01
4.120e+00 7.256e-01
4.130e+00 7.583e-01
4.140e+00 5.196e-01
4.150e+00 2.586e-01
4.160e+00 -1.901e-01
4.170e+00 1.881e-01
4.180e+00 3.139e-01
4.190e+00 2.499e-01
4.200e+00 3.224e-01
4.210e+00 1.446e-01
4.220e+00 2.116e-01
4.230e+00 5.378e-01
4.240e+00 1.833e-01
4.250e+00 1.042e+00
4.260e+00 3.672e-01
4.270e+00 2.612e-01
4.280e+00 2.295e-01
4.290e+00 1.966e-01
4.300e+00 4.484e-01
4.310e+00 4.376e-01
4.320e+00 4.428e-01
4.330e+00 6.765e-01
4.340e+00 2.234e-01
4.350e+00 7.891e-01
4.360e+00 4.796e-01
4.370e+00 2.857e-01
4.380e+00 -1.481e-01
4.390e+00 9.423e-02
4.400e+00 1.592e+00
4.410e+00 3.176e-01
4.420e+00 4.315e-01
4.430e+00 6.951e-02
4.440e+00 3.112e-01
4.450e+00 9.213e-01
4.460e+00 7.624e-01
4.470e+00 6.688e-01
4.480e+00 7.345e-02
4.490e+00 2.151e-01
4.500e+00 1.027e+00
4.510e+00 9.200e-01
4.520e+00 1.712e-01
4.530e+00 2.676e-01
4.540e+00 7.763e-01
4.550e+00 4.297e-01
4.560e+00 5.922e-02
4.570e+00 -8.628e-03
4.580e+00 3.213e-01
4.590e+00 3.513e-02
4.600e+00 3.567e-01
4.610e+00 -1.661e-01
4.620e+00 -1.624e-01
4.630e+00 4.462e-01
4.640e+00 1.184e-01
4.650e+00 -9.407e-02
4.660e+00 6.450e-01
4.670e+00 7.703e-01
4.680e+00 1.074e-01
4.690e+00 3.451e-01
4.700e+00 3.800e-01
4.710e+00 3.362e-01
4.720e+00 6.510e-01
4.730e+00 4.516e-01
4.740e+00 5.543e-01
4.750e+00 3.407e-01
4.760e+00 1.252e-01
4.770e+00 4.604e-01
4.780e+00 5.029e-01
4.790e+00 2.615e-01
4.800e+00 -2.567e-01
4.810e+00 6.805e-02
4.820e+00 5.279e-01
4.830e+00 5.126e-01
4.840e+00 9.818e-02
4.850e+00 6.935e-01
4.860e+00 5.452e-01
4.870e+00 6.513e-01
4.880e+00 2.312e-01
4.890e+00 3.383e-01
4.900e+00 3.428e-01
4.910e+00 7.901e-01
4.920e+00 5.661e-02
4.930e+00 2.136e-02
4.940e+00 2.369e-01
4.950e+00 4.594e-01
4.960e+00 6.399e-01
4.970e+00 6.250e-01
4.980e+00 -1.639e-01
4.990e+00 1.447e-01
-5.000e+00 7.790e-01
-4.990e+00 5.047e-01
-4.980e+00 -2.426e-03
-4.970e+00 7.471e-01
-4.960e+00 5.474e-01
-4.950e+00 2.469e-01
-4.940e+00 2.212e-01
-4.930e+00 4.801e-01
-4.920e+00 4.943e-01
-4.910e+00 5.616e-01
-4.900e+00 -3.816e-01
-4.890e+00 -3.169e-01
-4.880e+00 2.519e-01
-4.870e+00 9.671e-01
-4.860e+00 4.192e-01
-4.850e+00 -1.064e-01
-4.840e+00 3.212e-01
-4.830e+00 6.728e-01
-4.820e+00 2.639e-01
-4.810e+00 2.785e-02
-4.800e+00 2.204e-01
-4.790e+00 2.369e-01
-4.780e+00 2.200e-01
-4.770e+00 3.687e-01
-4.760e+00 -2.071e-01
-4.750e+00 3.395e-01
-4.740e+00 1.915e-01
-4.730e+00 -6.910e-02
-4.720e+00 2.029e-01
-4.710e+00 1.163e-02
-4.700e+00 8.486e-01
-4.690e+00 1.768e-01
-4.680e+00 3.006e-01
-4.670e+00 4.418e-01
-4.660e+00 7.255e-01
-4.650e+00 -3.878e-01
-4.640e+00 -2.137e-02
-4.630e+00 3.565e-01
-4.620e+00 -2.792e-01
-4.610e+00 -4.008e-01
-4.600e+00 9.012e-01
-4.590e+00 4.090e-01
-4.580e+00 3.609e-01
-4.570e+00 5.337e-01
-4.560e+00 2.464e-02
-4.550e+00 4.071e-01
-4.540e+00 7.502e-01
-4.530e+00 5.358e-01
-4.520e+00 3.233e-01
-4.510e+00 6.640e-01
-4.500e+00 9.921e-02
-4.490e+00 2.997e-01
-4.480e+00 6.214e-01
-4.470e+00 5.838e-01
-4.460e+00 4.643e-01
-4.450e+00 5.524e-01
-4.440e+00 2.401e-01
-4.430e+00 3.771e-01
-4.420e+00 8.809e-01
-4.410e+00 3.767e-01
-4.400e+00 6.349e-01
-4.390e+00 -1.555e-01
-4.380e+00 -3.166e-01
-4.370e+00 -3.218e-01
-4.360e+00 -1.512e-02
-4.350e+00 -3.250e-01
-4.340e+00 -1.586e-01
-4.330e+00 6.058e-01
-4.320e+00 7.199e-01
-4.310e+00 3.012e-01
-4.300e+00 1.977e-01
-4.290e+00 5.626e-01
-4.280e+00 4.366e-01
-4.270e+00 1.565e-01
-4.260e+00 1.906e-01
-4.250e+00 1.116e+00
-4.240e+00 5.772e-01
-4.230e+00 4.867e-01
-4.220e+00 1.205e-01
-4.210e+00 -2.285e-01
-4.200e+00 -8.846e-01
-4.190e+00 -4.878e-02
-4.180e+00 2.388e-01
-4.170e+00 6.433e-01
-4.160e+00 -1.747e-01
-4.150e+00 1.151e+00
-4.140e+00 9.923e-01
-4.130e+00 5.165e-01
-4.120e+00 4.876e-01
-4.110e+00 4.130e-01
-4.100e+00 -2.508e-01
-4.090e+00 4.615e-01
-4.080e+00 1.916e-01
-4.070e+00 -1.064e-02
-4.060e+00 1.402e-01
-4.050e+00 5.778e-01
-4.040e+00 5.722e-01
-4.030e+00 4.794e-01
-4.020e+00 2.294e-01
-4.010e+00 4.098e-01
-4.000e+00 1.468e+00
-3.990e+00 1.269e+00
-3.980e+00 8.236e-01
-3.970e+00 1.104e-01
-3.960e+00 6.983e-01
-3.950e+00 3.282e-01
-3.940e+00 1.632e-01
-3.930e+00 7.378e-02
-3.920e+00 9.529e-02
-3.910e+00 1.259e-01
-3.900e+00 7.388e-01
-3.890e+00 9.801e-01
-3.880e+00 3.167e-01
-3.870e+00 5.654e-01
-3.860e+00 2.717e-01
-3.850e+00 -4.092e-01
-3.840e+00 1.913e-01
-3.830e+00 5.711e-01
-3.820e+00 8.602e-01
-3.810e+00 7.810e-01
-3.800e+00 1.001e+00
-3.790e+00 9.764e-03
-3.780e+00 3.529e-02
-3.770e+00 3.449e-01
-3.760e+00 -5.633e-02
-3.750e+00 4.815e-01
-3.740e+00 1.410e-01
-3.730e+00 1.313e-01
-3.720e+00 3.139e-01
-3.710e+00 7.231e-01
-3.700e+00 5.756e-01
-3.690e+00 -4.172e-01
-3.680e+00 2.087e-01
-3.670e+00 4.532e-01
-3.660e+00 3.648e-01
-3.650e+00 4.173e-01
-3.640e+00 2.805e-01
-3.630e+00 2.323e-01
-3.620e+00 -1.096e-01
-3.610e+00 2.379e-01
-3.600e+00 -6.102e-02
-3.590e+00 1.966e-01
-3.580e+00 2.586e-01
-3.570e+00 1.589e-01
-3.560e+00 -1.075e-01
-3.550e+00 1.099e+00
-3.540e+00 5.592e-01
-3.530e+00 4.478e-01
-3.520e+00 2.788e-01
-3.510e+00 2.010e-01
-3.500e+00 2.411e-01
-3.490e+00 4.492e-01
-3.480e+00 5.433e-01
-3.470e+00 5.189e-01
-3.460e+00 3.197e-01
-3.450e+00 3.838e-01
-3.440e+00 1.531e-01
-3.430e+00 3.286e-01
-3.420e+00 5.746e-01
-3.410e+00 3.413e-01
-3.400e+00 -1.331e-01
-3.390e+00 7.212e-01
-3.380e+00 6.272e-01
-3.370e+00 5.204e-01
-3.360e+00 3.501e-01
-3.350e+00 3.649e-01
-3.340e+00 2.724e-01
-3.330e+00 1.054e-01
-3.320e+00 -2.080e-02
-3.310e+00 -2.347e-03
-3.300e+00 -8.981e-02
-3.290e+00 4.407e-01
-3.280e+00 4.923e-01
-3.270e+00 5.323e-01
-3.260e+00 3.870e-01
-3.250e+00 4.773e-01
-3.240e+00 1.028e+00
-3.230e+00 5.881e-01
-3.220e+00 3.941e-01
-3.210e+00 8.551e-01
-3.200e+00 8.290e-02
-3.190e+00 6.524e-02
-3.180e+00 1.419e-01
-3.170e+00 -4.381e-02
-3.160e+00 2.626e-01
-3.150e+00 1.090e-01
-3.140e+00 1.088e-01
-3.130e+00 1.189e-01
-3.120e+00 5.471e-01
-3.110e+00 1.491e-01
-3.100e+00 3.282e-01
-3.090e+00 4.039e-01
-3.080e+00 2.707e-01
-3.070e+00 1.260e-01
-3.060e+00 4.081e-01
-3.050e+00 1.579e-01
-3.040e+00 -7.621e-02
-3.030e+00 1.779e-01
-3.020e+00 6.616e-01
-3.010e+00 6.309e-02
-3.000e+00 7.738e-01
-2.990e+00 5.011e-01
-2.980e+00 3.555e-01
-2.970e+00 6.827e-01
-2.960e+00 7.220e-01
-2.950e+00 -5.751e-01
-2.940e+00 -1.240e-02
-2.930e+00 1.024e-02
-2.920e+00 5.065e-02
-2.910e+00 5.065e-01
-2.900e+00 1.186e+00
-2.890e+00 2.873e-01
-2.880e+00 2.892e-01
-2.870e+00 3.288e-01
-2.860e+00 6.814e-01
-2.850e+00 3.474e-01
-2.840e+00 5.918e-01
-2.830e+00 1.068e-01
-2.820e+00 4.750e-01
-2.810e+00 6.333e-01
-2.800e+00 7.729e-01
-2.790e+00 5.400e-01
-2.780e+00 4.962e-02
-2.770e+00 2.207e-01
-2.760e+00 1.479e-01
-2.750e+00 -6.125e-01
-2.740e+00 2.325e-01
-2.730e+00 7.725e-01
-2.720e+00 5.828e-02
-2.710e+00 4.057e-01
-2.700e+00 -2.223e-01
-2.690e+00 8.580e-02
-2.680e+00 1.207e-02
-2.670e+00 1.081e-01
-2.660e+00 -2.424e-02
-2.650e+00 8.452e-01
-2.640e+00 1.477e+00
-2.630e+00 5.131e-01
-2.620e+00 3.339e-01
-2.610e+00 6.039e-01
-2.600e+00 1.244e+00
-2.590e+00 3.736e-01
-2.580e+00 2.285e-01
-2.570e+00 2.931e-01
-2.560e+00 -3.011e-01
-2.550e+00 2.122e-01
-2.540e+00 1.004e+00
-2.530e+00 1.310e+00
-2.520e+00 3.836e-01
-2.510e+00 9.103e-01
-2.500e+00 -1.185e-01
-2.490e+00 2.222e-01
-2.480e+00 -1.784e-01
-2.470e+00 7.581e-01
-2.460e+00 -1.089e-01
-2.450e+00 6.050e-01
-2.440e+00 5.299e-01
-2.430e+00 4.641e-01
-2.420e+00 5.951e-01
-2.410e+00 3.306e-01
-2.400e+00 1.287e-01
-2.390e+00 8.562e-01
-2.380e+00 5.630e-01
-2.370e+00 5.853e-01
-2.360e+00 9.008e-01
-2.350e+00 -2.153e-01
-2.340e+00 1.943e-01
-2.330e+00 3.444e-01
-2.320e+00 4.800e-01
-2.310e+00 8.097e-01
-2.300e+00 -7.706e-01
-2.290e+00 -6.091e-01
-2.280e+00 9.436e-01
-2.270e+00 -1.118e-01
-2.260e+00 2.697e-01
-2.250e+00 2.040e-01
-2.240e+00 7.403e-01
-2.230e+00 8.063e-01
-2.220e+00 3.028e-01
-2.210e+00 1.242e-01
-2.200e+00 7.589e-01
-2.190e+00 3.493e-01
-2.180e+00 6.656e-01
-2.170e+00 3.723e-01
-2.160e+00 2.814e-01
-2.150e+00 1.805e-01
-2.140e+00 -1.832e-01
-2.130e+00 3.202e-01
-2.120e+00 -1.094e-01
-2.110e+00 7.857e-01
-2.100e+00 -1.112e-01
-2.090e+00 7.599e-02
-2.080e+00 -2.562e-01
-2.070e+00 -5.929e-01
-2.060e+00 -4.628e-01
-2.050e+00 -1.512e-01
-2.040e+00 9.031e-01
-2.030e+00 1.246e+00
-2.020e+00 1.038e+00
-2.010e+00 2.876e-01
-2.000e+00 2.278e-01
-1.990e+00 3.228e-01
-1.980e+00 -2.605e-01
-1.970e+00 4.978e-01
-1.960e+00 9.421e-01
-1.950e+00 -3.522e-01
-1.940e+00 3.966e-01
-1.930e+00 7.552e-01
-1.920e+00 1.144e-01
-1.910e+00 3.628e-01
-1.900e+00 2.848e-01
-1.890e+00 3.987e-01
-1.880e+00 1.154e+00
-1.870e+00 4.235e-01
-1.860e+00 6.342e-01
-1.850e+00 1.933e+00
-1.840e+00 5.373e-01
-1.830e+00 -3.896e-02
-1.820e+00 -4.000e-01
-1.810e+00 6.453e-01
-1.800e+00 -1.319e-01
-1.790e+00 -1.317e-01
-1.780e+00 5.216e-01
-1.770e+00 -7.217e-02
-1.760e+00 4.177e-01
-1.750e+00 1.313e+00
-1.740e+00 4.325e-01
-1.730e+00 1.862e-01
-1.720e+00 2.866e-01
-1.710e+00 6.734e-01
-1.700e+00 5.647e-01
-1.690e+00 2.254e-01
-1.680e+00 7.287e-03
-1.670e+00 3.869e-01
-1.660e+00 3.805e-01
-1.650e+00 9.473e-01
-1.640e+00 1.896e-01
-1.630e+00 8.052e-01
-1.620e+00 1.833e-01
-1.610e+00 7.179e-01
-1.600e+00 9.863e-01
-1.590e+00 7.119e-03
-1.580e+00 1.151e+00
-1.570e+00 5.569e-01
-1.560e+00 4.098e-01
-1.550e+00 1.831e+00
-1.540e+00 1.492e-01
-1.530e+00 -2.360e-01
-1.520e+00 9.576e-01
-1.510e+00 1.299e+00
-1.500e+00 -1.291e+00
-1.490e+00 -2.946e-01
-1.480e+00 -8.358e-02
-1.470e+00 1.133e-01
-1.460e+00 1.713e-01
-1.450e+00 3.263e-01
-1.440e+00 -6.571e-01
-1.430e+00 2.942e-01
-1.420e+00 3.553e-01
-1.410e+00 4.913e-01
-1.400e+00 1.348e+00
-1.390e+00 4.109e-01
-1.380e+00 8.416e-01
-1.370e+00 3.273e-01
-1.360e+00 4.526e-01
-1.350e+00 7.354e-01
-1.340e+00 1.845e+00
-1.330e+00 6.077e-01
-1.320e+00 6.209e-01
-1.310e+00 7.397e-01
-1.300e+00 -5.730e-01
-1.290e+00 1.260e+00
-1.280e+00 4.311e-01
-1.270e+00 1.290e+00
-1.260e+00 9.196e-01
-1.250e+00 1.373e-01
-1.240e+00 7.967e-01
-1.230e+00 6.904e-02
-1.220e+00 1.546e-01
-1.210e+00 5.763e-01
-1.200e+00 -1.512e-01
-1.190e+00 -5.942e-01
-1.180e+00 2.902e-02
-1.170e+00 4.985e-01
-1.160e+00 1.861e-01
-1.150e+00 1.118e+00
-1.140e+00 2.345e-01
-1.130e+00 4.339e-01
-1.120e+00 5.853e-01
-1.110e+00 7.602e-01
-1.100e+00 1.606e+00
-1.090e+00 1.890e-02
-1.080e+00 2.033e-01
-1.070e+00 -4.350e-02
-1.060e+00 -3.646e-01
-1.050e+00 3.301e-01
-1.040e+00 -3.235e-01
-1.030e+00 -2.067e-01
-1.020e+00 7.843e-01
-1.010e+00 4.320e-01
-1.000e+00 3.957e-01
-9.900e-01 2.229e-01
-9.800e-01 5.172e-01
-9.700e-01 -4.388e-01
-9.600e-01 4.677e-01
-9.500e-01 -5.109e-01
-9.400e-01 1.342e+00
-9.300e-01 1.518e-02
-9.200e-01 7.644e-01
-9.100e-01 8.151e-01
-9.000e-01 6.891e-01
-8.900e-01 1.563e+00
-8.800e-01 -2.866e-02
-8.700e-01 -5.962e-01
-8.600e-01 -1.133e+00
-8.500e-01 3.389e-01
-8.400e-01 -7.427e-02
-8.300e-01 7.189e-01
-8.200e-01 7.196e-01
-8.100e-01 4.194e-01
-8.000e-01 5.432e-01
-7.900e-01 4.476e-01
-7.800e-01 4.918e-02
-7.700e-01 5.576e-01
-7.600e-01 -1.389e+00
-7.500e-01 -1.787e+00
-7.400e-01 7.917e-01
-7.300e-01 -1.557e-01
-7.200e-01 2.079e-01
-7.100e-01 3.524e-01
-7.000e-01 1.563e+00
-6.900e-01 5.018e-01
-6.800e-01 1.333e+00
-6.700e-01 6.957e-01
-6.600e-01 5.099e-01
-6.500e-01 -3.055e+00
-6.400e-01 1.025e-01
-6.300e-01 -7.104e-01
-6.200e-01 5.257e-02
-6.100e-01 3.884e-01
-6.000e-01 1.136e+00
-5.900e-01 1.825e-01
-5.800e-01 8.746e-02
-5.700e-01 -2.926e-01
-5.600e-01 2.513e-02
-5.500e-01 -3.083e+00
-5.400e-01 -2.978e-01
-5.300e-01 7.192e-01
-5.200e-01 -8.807e-01
-5.100e-01 -1.807e+00
-5.000e-01 1.144e+00
-4.900e-01 6.954e-02
-4.800e-01 -2.601e-01
-4.700e-01 1.713e+00
-4.600e-01 7.229e-01
-4.500e-01 2.727e+00
-4.400e-01 1.606e+00
-4.300e-01 1.607e+00
-4.200e-01 1.142e+00
-4.100e-01 2.151e+00
-4.000e-01 -8.901e-01
-3.900e-01 3.448e-01
-3.800e-01 -1.187e+00
-3.700e-01 7.338e-01
-3.600e-01 -4.840e-01
-3.500e-01 1.885e+00
-3.400e-01 1.045e+00
-3.300e-01 9.562e-01
-3.200e-01 6.321e-02
-3.100e-01 -2.532e-01
-3.000e-01 4.591e-01
-2.900e-01 1.419e+00
-2.800e-01 2.133e+00
-2.700e-01 9.052e-01
-2.600e-01 2.064e+00
-2.500e-01 4.314e+00
-2.400e-01 -1.228e+00
-2.300e-01 8.809e-01
-2.200e-01 5.254e-01
-2.100e-01 -6.239e-02
-2.000e-01 9.252e-02
-1.900e-01 -8.719e-01
-1.800e-01 1.224e+00
-1.700e-01 6.222e-01
-1.600e-01 7.277e-01
-1.500e-01 1.763e+00
-1.400e-01 2.210e+00
-1.300e-01 1.429e+00
-1.200e-01 5.028e-01
-1.100e-01 2.331e+00
-1.000e-01 5.733e+00
-9.000e-02 2.463e+00
-8.000e-02 3.126e+00
-7.000e-02 7.433e-01
-6.000e-02 2.231e+00
-5.000e-02 -5.648e+00
-4.000e-02 2.126e+00
-3.000e-02 6.014e+00
-2.000e-02 1.274e+01
-1.000e-02 2.182e+01
