# Time (ps)      real(F_1)      im(F_1)
0.000e+00 1.000e+00 0.000e+00
1.000e-01 8.651e-01 -1.764e-03
2.000e-01 8.639e-01 4.140e-02
3.000e-01 8.248e-01 3.082e-02
4.000e-01 7.878e-01 4.163e-02
5.000e-01 7.875e-01 5.025e-02
6.000e-01 7.790e-01 2.543e-02
7.000e-01 8.043e-01 2.497e-02
8.000e-01 7.352e-01 1.898e-02
9.000e-01 7.667e-01 4.511e-02
1.000e+00 7.520e-01 2.173e-02
1.100e+00 7.490e-01 9.770e-03
1.200e+00 7.984e-01 5.228e-03
1.300e+00 8.073e-01 1.411e-02
1.400e+00 7.548e-01 2.943e-02
1.500e+00 7.709e-01 1.973e-02
1.600e+00 8.070e-01 3.393e-02
1.700e+00 7.609e-01 2.481e-02
1.800e+00 7.411e-01 2.229e-02
1.900e+00 7.341e-01 1.159e-02
2.000e+00 7.749e-01 3.485e-02
2.100e+00 7.383e-01 4.769e-02
2.200e+00 7.205e-01 3.176e-02
2.300e+00 7.138e-01 1.870e-02
2.400e+00 7.365e-01 2.396e-02
2.500e+00 7.314e-01 2.293e-02
2.600e+00 7.201e-01 3.668e-02
2.700e+00 7.053e-01 3.479e-02
2.800e+00 6.682e-01 3.938e-02
2.900e+00 6.500e-01 3.210e-02
3.000e+00 6.603e-01 2.798e-02
3.100e+00 6.629e-01 4.155e-02
3.200e+00 5.760e-01 -2.067e-03
3.300e+00 6.319e-01 -2.261e-02
3.400e+00 6.164e-01 -3.233e-02
3.500e+00 6.152e-01 8.405e-03
3.600e+00 5.476e-01 2.023e-02
3.700e+00 5.495e-01 1.677e-02
3.800e+00 5.781e-01 3.672e-03
3.900e+00 5.806e-01 -2.899e-03
4.000e+00 5.694e-01 2.570e-02
4.100e+00 5.368e-01 1.924e-02
4.200e+00 5.674e-01 -7.939e-03
4.300e+00 5.578e-01 -9.379e-03
4.400e+00 5.606e-01 2.247e-03
4.500e+00 5.572e-01 9.168e-03
4.600e+00 5.555e-01 -2.150e-02
4.700e+00 5.659e-01 -2.778e-02
4.800e+00 5.709e-01 -3.139e-02
4.900e+00 5.671e-01 -8.003e-03
5.000e+00 5.498e-01 1.710e-02
5.100e+00 5.118e-01 -1.287e-03
5.200e+00 4.882e-01 -1.946e-03
5.300e+00 5.000e-01 -4.343e-03
5.400e+00 4.872e-01 -1.005e-02
5.500e+00 4.878e-01 -3.250e-04
5.600e+00 4.580e-01 -8.596e-03
5.700e+00 4.706e-01 -1.334e-02
5.800e+00 4.887e-01 -6.142e-03
5.900e+00 4.659e-01 1.893e-04
6.000e+00 4.560e-01 -4.336e-04
6.100e+00 4.793e-01 8.985e-03
6.200e+00 4.820e-01 -1.299e-02
6.300e+00 4.478e-01 -9.494e-03
6.400e+00 4.701e-01 -1.433e-02
6.500e+00 4.607e-01 -4.084e-03
6.600e+00 4.731e-01 -3.312e-03
6.700e+00 4.295e-01 1.516e-02
6.800e+00 4.338e-01 7.942e-04
6.900e+00 4.116e-01 -1.143e-02
7.000e+00 4.071e-01 6.281e-03
7.100e+00 3.767e-01 -1.357e-03
7.200e+00 3.828e-01 -1.431e-02
7.300e+00 3.789e-01 9.011e-04
7.400e+00 3.755e-01 -2.186e-03
7.500e+00 3.993e-01 -1.153e-02
7.600e+00 3.747e-01 7.365e-03
7.700e+00 3.866e-01 3.584e-03
7.800e+00 4.200e-01 1.485e-02
7.900e+00 3.829e-01 2.213e-02
8.000e+00 3.950e-01 8.981e-03
8.100e+00 4.136e-01 8.739e-03
8.200e+00 4.145e-01 -8.314e-03
8.300e+00 4.161e-01 -8.160e-03
8.400e+00 4.086e-01 -2.411e-02
8.500e+00 4.017e-01 -1.511e-02
8.600e+00 4.037e-01 -5.509e-03
8.700e+00 4.361e-01 2.480e-02
8.800e+00 4.327e-01 1.994e-03
8.900e+00 4.102e-01 9.382e-03
9.000e+00 4.668e-01 -2.351e-03
9.100e+00 4.100e-01 2.248e-02
9.200e+00 3.885e-01 2.907e-02
9.300e+00 3.546e-01 1.675e-02
9.400e+00 3.431e-01 1.503e-02
9.500e+00 3.536e-01 1.173e-02
9.600e+00 3.609e-01 1.830e-02
9.700e+00 3.497e-01 2.692e-03
9.800e+00 3.642e-01 -4.408e-03
9.900e+00 3.600e-01 -1.079e-02
1.000e+01 3.717e-01 4.854e-03
1.010e+01 3.630e-01 5.945e-03
1.020e+01 3.463e-01 3.602e-03
1.030e+01 3.708e-01 -6.787e-03
1.040e+01 3.503e-01 1.363e-02
1.050e+01 3.658e-01 -3.705e-03
1.060e+01 3.460e-01 -7.655e-03
1.070e+01 3.230e-01 4.453e-03
1.080e+01 3.248e-01 6.637e-03
1.090e+01 3.147e-01 -5.922e-03
1.100e+01 3.310e-01 3.003e-03
1.110e+01 3.359e-01 -2.218e-04
1.120e+01 3.425e-01 5.667e-03
1.130e+01 3.498e-01 -6.467e-03
1.140e+01 3.529e-01 -1.934e-03
1.150e+01 3.229e-01 -1.660e-02
1.160e+01 3.347e-01 -2.949e-02
1.170e+01 3.221e-01 -1.484e-02
1.180e+01 3.424e-01 1.184e-02
1.190e+01 3.411e-01 -9.884e-04
1.200e+01 3.506e-01 7.881e-03
1.210e+01 3.337e-01 -3.696e-03
1.220e+01 3.322e-01 -2.499e-03
1.230e+01 2.994e-01 1.854e-03
1.240e+01 2.861e-01 5.815e-03
1.250e+01 3.275e-01 2.541e-02
1.260e+01 3.122e-01 -3.496e-03
1.270e+01 3.180e-01 -2.401e-02
1.280e+01 3.074e-01 -1.291e-02
1.290e+01 3.535e-01 -9.300e-03
1.300e+01 3.317e-01 3.729e-03
1.310e+01 3.266e-01 -2.206e-02
1.320e+01 2.947e-01 -2.835e-02
1.330e+01 2.927e-01 -9.813e-03
1.340e+01 2.907e-01 -1.097e-02
1.350e+01 3.394e-01 -1.760e-02
1.360e+01 2.982e-01 9.673e-03
1.370e+01 3.019e-01 -8.119e-03
1.380e+01 3.293e-01 -9.148e-03
1.390e+01 3.120e-01 -1.537e-02
1.400e+01 3.141e-01 -2.052e-02
1.410e+01 3.037e-01 6.017e-03
1.420e+01 3.107e-01 -7.119e-03
1.430e+01 3.401e-01 -3.276e-02
1.440e+01 3.259e-01 -1.442e-02
1.450e+01 3.033e-01 -8.341e-03
1.460e+01 3.041e-01 1.468e-02
1.470e+01 3.040e-01 2.780e-02
1.480e+01 3.072e-01 -7.417e-03
1.490e+01 2.832e-01 5.051e-03
1.500e+01 2.980e-01 -5.785e-03
1.510e+01 2.864e-01 1.770e-02
1.520e+01 2.843e-01 -8.663e-03
1.530e+01 2.732e-01 -2.058e-02
1.540e+01 2.401e-01 3.346e-03
1.550e+01 2.674e-01 -3.682e-03
1.560e+01 2.727e-01 2.109e-02
1.570e+01 2.740e-01 1.920e-02
1.580e+01 2.744e-01 1.843e-02
1.590e+01 2.225e-01 2.496e-02
1.600e+01 2.429e-01 1.833e-02
1.610e+01 2.810e-01 3.807e-03
1.620e+01 2.834e-01 1.549e-03
1.630e+01 2.894e-01 -2.678e-02
1.640e+01 2.482e-01 -1.338e-02
1.650e+01 2.418e-01 -1.605e-02
1.660e+01 2.320e-01 -2.225e-02
1.670e+01 2.144e-01 -1.035e-02
1.680e+01 2.334e-01 1.534e-02
1.690e+01 2.402e-01 1.147e-02
1.700e+01 2.507e-01 4.199e-02
1.710e+01 2.685e-01 3.177e-02
1.720e+01 2.256e-01 3.904e-02
1.730e+01 2.512e-01 3.475e-04
1.740e+01 2.694e-01 -9.930e-03
1.750e+01 2.426e-01 -2.637e-03
1.760e+01 2.569e-01 1.131e-02
1.770e+01 2.559e-01 6.148e-03
1.780e+01 2.594e-01 -1.046e-02
1.790e+01 2.749e-01 -1.450e-02
1.800e+01 2.593e-01 -8.416e-03
1.810e+01 2.503e-01 -3.721e-03
1.820e+01 2.435e-01 -6.527e-03
1.830e+01 2.322e-01 -6.910e-03
1.840e+01 2.638e-01 -3.030e-02
1.850e+01 2.522e-01 -3.797e-02
1.860e+01 2.537e-01 -3.620e-02
1.870e+01 2.590e-01 -2.836e-02
1.880e+01 2.504e-01 -1.110e-02
1.890e+01 2.337e-01 -2.294e-02
1.900e+01 2.441e-01 -3.667e-02
1.910e+01 2.649e-01 -4.259e-02
1.920e+01 2.422e-01 -2.821e-02
1.930e+01 2.388e-01 -2.516e-02
1.940e+01 2.341e-01 -1.987e-02
1.950e+01 2.313e-01 -3.902e-02
1.960e+01 2.277e-01 -4.793e-02
1.970e+01 2.435e-01 -3.949e-02
1.980e+01 2.228e-01 -3.031e-02
1.990e+01 2.490e-01 -6.196e-02
2.000e+01 2.392e-01 -3.785e-02
2.010e+01 2.178e-01 -2.244e-02
2.020e+01 2.445e-01 -3.244e-02
2.030e+01 2.374e-01 -1.239e-02
2.040e+01 2.322e-01 -4.937e-03
2.050e+01 2.420e-01 -1.233e-02
2.060e+01 2.386e-01 -3.204e-03
2.070e+01 2.416e-01 -1.045e-02
2.080e+01 2.206e-01 -3.580e-02
2.090e+01 2.353e-01 -2.491e-02
2.100e+01 2.247e-01 -2.382e-02
2.110e+01 2.448e-01 -2.335e-02
2.120e+01 2.104e-01 -3.227e-02
2.130e+01 2.125e-01 -2.237e-02
2.140e+01 2.146e-01 -3.432e-02
2.150e+01 2.185e-01 -2.185e-02
2.160e+01 2.256e-01 -2.794e-02
2.170e+01 2.254e-01 -4.080e-02
2.180e+01 2.143e-01 -2.632e-02
2.190e+01 2.433e-01 -9.573e-03
2.200e+01 2.098e-01 -1.985e-02
2.210e+01 2.245e-01 -3.199e-02
2.220e+01 1.871e-01 -1.206e-02
2.230e+01 1.999e-01 -1.807e-03
2.240e+01 2.111e-01 -1.483e-02
2.250e+01 2.203e-01 -1.666e-02
2.260e+01 2.436e-01 8.708e-03
2.270e+01 2.110e-01 1.849e-02
2.280e+01 2.233e-01 1.394e-02
2.290e+01 2.215e-01 6.841e-03
2.300e+01 2.113e-01 4.546e-03
2.310e+01 2.094e-01 -3.545e-03
2.320e+01 2.153e-01 1.562e-02
2.330e+01 2.120e-01 2.237e-02
2.340e+01 2.103e-01 2.683e-02
2.350e+01 2.051e-01 6.788e-03
2.360e+01 2.218e-01 2.101e-02
2.370e+01 2.151e-01 2.180e-04
2.380e+01 2.098e-01 -8.714e-03
2.390e+01 2.139e-01 2.502e-03
2.400e+01 2.128e-01 7.731e-03
2.410e+01 2.044e-01 4.188e-02
2.420e+01 1.926e-01 1.963e-02
2.430e+01 1.961e-01 -5.124e-04
2.440e+01 1.743e-01 2.192e-03
2.450e+01 1.865e-01 9.200e-03
2.460e+01 1.653e-01 1.120e-02
2.470e+01 1.554e-01 3.637e-03
2.480e+01 1.605e-01 -9.821e-03
2.490e+01 1.713e-01 -9.642e-03
2.500e+01 1.701e-01 -1.348e-02
2.510e+01 1.966e-01 7.901e-03
2.520e+01 1.931e-01 1.639e-04
2.530e+01 2.060e-01 2.574e-04
2.540e+01 1.949e-01 9.982e-03
2.550e+01 1.812e-01 1.990e-02
2.560e+01 1.769e-01 2.050e-02
2.570e+01 1.821e-01 7.330e-03
2.580e+01 1.909e-01 -3.839e-03
2.590e+01 1.900e-01 -2.473e-04
2.600e+01 1.575e-01 5.664e-03
2.610e+01 1.957e-01 1.218e-02
2.620e+01 1.776e-01 1.033e-02
2.630e+01 1.890e-01 -5.681e-03
2.640e+01 1.500e-01 4.507e-03
2.650e+01 1.582e-01 -8.912e-03
2.660e+01 1.587e-01 5.631e-04
2.670e+01 1.813e-01 8.895e-03
2.680e+01 1.632e-01 -7.479e-03
2.690e+01 1.794e-01 -1.248e-02
2.700e+01 1.858e-01 -2.435e-02
2.710e+01 1.839e-01 -2.830e-02
2.720e+01 1.637e-01 -2.942e-02
2.730e+01 1.527e-01 -3.113e-02
2.740e+01 1.564e-01 -2.512e-02
2.750e+01 1.497e-01 -2.079e-02
2.760e+01 1.723e-01 -2.685e-02
2.770e+01 1.794e-01 -2.417e-02
2.780e+01 1.813e-01 -1.535e-02
2.790e+01 1.626e-01 -1.986e-02
2.800e+01 1.483e-01 -2.382e-02
2.810e+01 1.650e-01 -2.639e-02
2.820e+01 1.626e-01 -2.233e-02
2.830e+01 1.561e-01 -9.481e-03
2.840e+01 1.442e-01 -1.109e-02
2.850e+01 1.718e-01 -2.547e-02
2.860e+01 1.576e-01 -8.700e-03
2.870e+01 1.445e-01 -1.101e-03
2.880e+01 1.596e-01 -1.633e-03
2.890e+01 1.613e-01 -4.041e-03
2.900e+01 1.687e-01 1.684e-03
2.910e+01 1.835e-01 -1.082e-02
2.920e+01 1.917e-01 -1.138e-03
2.930e+01 1.859e-01 -1.066e-02
2.940e+01 1.769e-01 -4.652e-03
2.950e+01 1.719e-01 -7.519e-03
2.960e+01 1.629e-01 -3.117e-03
2.970e+01 1.571e-01 -1.247e-02
2.980e+01 1.587e-01 -2.855e-02
2.990e+01 1.325e-01 -2.289e-02
3.000e+01 1.218e-01 -1.684e-02
3.010e+01 1.135e-01 -1.373e-02
3.020e+01 1.022e-01 -7.152e-03
3.030e+01 1.076e-01 -1.917e-02
3.040e+01 1.104e-01 -8.415e-03
3.050e+01 1.123e-01 -1.232e-02
3.060e+01 1.055e-01 -2.263e-02
3.070e+01 1.159e-01 -2.340e-02
3.080e+01 1.211e-01 -1.803e-02
3.090e+01 1.212e-01 -1.570e-02
3.100e+01 1.175e-01 -2.967e-02
3.110e+01 1.146e-01 -2.018e-02
3.120e+01 1.110e-01 -3.503e-02
3.130e+01 1.100e-01 -2.131e-02
3.140e+01 1.032e-01 -2.194e-02
3.150e+01 1.036e-01 -2.102e-02
3.160e+01 9.993e-02 -2.309e-02
3.170e+01 9.958e-02 -2.211e-02
3.180e+01 1.008e-01 -2.001e-02
3.190e+01 1.029e-01 -1.860e-02
3.200e+01 1.007e-01 -2.287e-02
3.210e+01 1.014e-01 -2.135e-02
3.220e+01 8.940e-02 -1.677e-02
3.230e+01 8.840e-02 -1.336e-02
3.240e+01 9.011e-02 -1.101e-02
3.250e+01 9.193e-02 -1.354e-02
3.260e+01 9.634e-02 -1.600e-02
3.270e+01 9.845e-02 -1.984e-02
3.280e+01 9.884e-02 -2.334e-02
3.290e+01 9.959e-02 -2.117e-02
3.300e+01 1.034e-01 -2.654e-02
3.310e+01 1.027e-01 -2.053e-02
3.320e+01 9.929e-02 -2.536e-02
3.330e+01 9.986e-02 -1.751e-02
3.340e+01 1.024e-01 -2.198e-02
3.350e+01 9.473e-02 -2.371e-02
3.360e+01 9.354e-02 -2.316e-02
3.370e+01 8.905e-02 -2.473e-02
3.380e+01 9.267e-02 -2.516e-02
3.390e+01 9.622e-02 -2.071e-02
3.400e+01 1.019e-01 -1.986e-02
3.410e+01 9.425e-02 -1.902e-02
3.420e+01 8.884e-02 -1.792e-02
3.430e+01 8.962e-02 -1.681e-02
3.440e+01 9.490e-02 -2.241e-02
3.450e+01 9.513e-02 -2.126e-02
3.460e+01 9.358e-02 -2.499e-02
3.470e+01 1.016e-01 -2.633e-02
3.480e+01 1.020e-01 -2.331e-02
3.490e+01 1.006e-01 -2.284e-02
3.500e+01 1.042e-01 -2.205e-02
3.510e+01 1.032e-01 -1.973e-02
3.520e+01 9.823e-02 -2.243e-02
3.530e+01 1.029e-01 -2.921e-02
3.540e+01 1.006e-01 -3.647e-02
3.550e+01 1.033e-01 -3.121e-02
3.560e+01 9.844e-02 -2.513e-02
3.570e+01 9.529e-02 -2.474e-02
3.580e+01 9.781e-02 -2.662e-02
3.590e+01 9.725e-02 -2.324e-02
3.600e+01 1.062e-01 -2.502e-02
3.610e+01 1.013e-01 -3.082e-02
3.620e+01 9.954e-02 -2.280e-02
3.630e+01 9.345e-02 -1.358e-02
3.640e+01 9.302e-02 -1.958e-02
3.650e+01 9.547e-02 -2.533e-02
3.660e+01 8.985e-02 -1.599e-02
3.670e+01 9.291e-02 -1.671e-02
3.680e+01 8.861e-02 -1.492e-02
3.690e+01 8.988e-02 -1.673e-02
3.700e+01 9.094e-02 -2.323e-02
3.710e+01 8.980e-02 -2.031e-02
3.720e+01 8.951e-02 -1.641e-02
3.730e+01 8.915e-02 -1.662e-02
3.740e+01 8.438e-02 -4.000e-03
3.750e+01 9.055e-02 -4.951e-03
3.760e+01 8.988e-02 -9.170e-03
3.770e+01 8.913e-02 -7.608e-03
3.780e+01 9.186e-02 -7.490e-03
3.790e+01 9.446e-02 -6.345e-03
3.800e+01 8.829e-02 -4.884e-03
3.810e+01 9.147e-02 -9.987e-03
3.820e+01 8.773e-02 -1.176e-02
3.830e+01 9.351e-02 -1.050e-02
3.840e+01 9.342e-02 -1.468e-02
3.850e+01 9.391e-02 -1.746e-02
3.860e+01 8.821e-02 -1.444e-02
3.870e+01 8.488e-02 -1.517e-02
3.880e+01 8.609e-02 -1.512e-02
3.890e+01 8.431e-02 -1.432e-02
3.900e+01 8.319e-02 -1.673e-02
3.910e+01 8.231e-02 -1.081e-02
3.920e+01 8.144e-02 -9.334e-03
3.930e+01 8.475e-02 -1.216e-02
3.940e+01 8.440e-02 -1.151e-02
3.950e+01 8.458e-02 -1.146e-02
3.960e+01 8.270e-02 -1.103e-02
3.970e+01 8.696e-02 -8.878e-03
3.980e+01 8.783e-02 -6.082e-03
3.990e+01 8.924e-02 -7.828e-03
4.000e+01 8.954e-02 -5.901e-03
4.010e+01 8.793e-02 -5.355e-03
4.020e+01 8.835e-02 -7.178e-03
4.030e+01 8.817e-02 -2.522e-03
4.040e+01 8.392e-02 -7.837e-04
4.050e+01 8.392e-02 -4.737e-03
4.060e+01 8.449e-02 -6.294e-03
4.070e+01 8.437e-02 -6.561e-03
4.080e+01 8.500e-02 -6.218e-03
4.090e+01 8.611e-02 -7.517e-03
4.100e+01 8.771e-02 -6.762e-03
4.110e+01 8.466e-02 -4.466e-03
4.120e+01 8.411e-02 -8.554e-03
4.130e+01 8.520e-02 -1.361e-02
4.140e+01 8.216e-02 -9.551e-03
4.150e+01 7.855e-02 -1.070e-02
4.160e+01 8.180e-02 -1.475e-02
4.170e+01 7.962e-02 -1.785e-02
4.180e+01 8.234e-02 -1.318e-02
4.190e+01 7.917e-02 -1.027e-02
4.200e+01 7.447e-02 -9.127e-03
4.210e+01 7.534e-02 -9.746e-03
4.220e+01 7.539e-02 -1.107e-02
4.230e+01 7.219e-02 -1.408e-02
4.240e+01 7.103e-02 -1.692e-02
4.250e+01 6.842e-02 -1.600e-02
4.260e+01 6.868e-02 -1.823e-02
4.270e+01 7.156e-02 -1.599e-02
4.280e+01 6.747e-02 -1.442e-02
4.290e+01 6.801e-02 -1.675e-02
4.300e+01 6.804e-02 -1.370e-02
4.310e+01 6.882e-02 -1.428e-02
4.320e+01 6.829e-02 -1.402e-02
4.330e+01 7.236e-02 -1.191e-02
4.340e+01 6.956e-02 -1.536e-02
4.350e+01 7.639e-02 -1.454e-02
4.360e+01 7.445e-02 -1.724e-02
4.370e+01 7.383e-02 -1.445e-02
4.380e+01 6.862e-02 -1.470e-02
4.390e+01 7.229e-02 -1.400e-02
4.400e+01 7.100e-02 -1.059e-02
4.410e+01 6.577e-02 -1.016e-02
4.420e+01 6.642e-02 -1.135e-02
4.430e+01 6.613e-02 -1.356e-02
4.440e+01 7.094e-02 -1.361e-02
4.450e+01 6.765e-02 -1.585e-02
4.460e+01 7.114e-02 -9.700e-03
4.470e+01 6.963e-02 -8.321e-03
4.480e+01 6.918e-02 -1.122e-02
4.490e+01 6.618e-02 -1.505e-02
4.500e+01 6.661e-02 -1.554e-02
4.510e+01 6.603e-02 -1.171e-02
4.520e+01 6.802e-02 -1.596e-02
4.530e+01 6.489e-02 -1.173e-02
4.540e+01 6.067e-02 -1.020e-02
4.550e+01 6.322e-02 -9.014e-03
4.560e+01 6.564e-02 -2.009e-03
4.570e+01 6.582e-02 -5.334e-03
4.580e+01 6.427e-02 -4.775e-03
4.590e+01 5.976e-02 -1.033e-02
4.600e+01 5.605e-02 -1.131e-02
4.610e+01 5.803e-02 -8.569e-03
4.620e+01 6.250e-02 -8.014e-03
4.630e+01 6.041e-02 -5.565e-03
4.640e+01 6.170e-02 -4.558e-03
4.650e+01 5.799e-02 -6.622e-03
4.660e+01 6.000e-02 -5.190e-03
4.670e+01 6.235e-02 -1.002e-02
4.680e+01 6.022e-02 -7.335e-03
4.690e+01 5.811e-02 -9.900e-03
4.700e+01 5.762e-02 -1.033e-02
4.710e+01 5.799e-02 -4.665e-03
4.720e+01 5.616e-02 -6.690e-03
4.730e+01 5.881e-02 -6.524e-03
4.740e+01 5.216e-02 -9.524e-03
4.750e+01 5.289e-02 -8.476e-03
4.760e+01 6.355e-02 -6.298e-03
4.770e+01 6.065e-02 -5.207e-03
4.780e+01 6.420e-02 -6.969e-03
4.790e+01 5.865e-02 -2.774e-03
4.800e+01 5.708e-02 -4.172e-03
4.810e+01 5.777e-02 -2.847e-03
4.820e+01 5.604e-02 -6.198e-03
4.830e+01 5.408e-02 -1.113e-02
4.840e+01 6.040e-02 -1.393e-02
4.850e+01 5.787e-02 -1.544e-02
4.860e+01 5.396e-02 -1.646e-02
4.870e+01 5.598e-02 -7.146e-03
4.880e+01 5.518e-02 -7.983e-03
4.890e+01 5.420e-02 -8.396e-03
4.900e+01 5.806e-02 -1.312e-02
4.910e+01 5.669e-02 -1.139e-02
4.920e+01 5.528e-02 -1.358e-02
4.930e+01 5.512e-02 -1.225e-02
4.940e+01 5.274e-02 -1.274e-02
4.950e+01 5.097e-02 -1.449e-02
4.960e+01 4.842e-02 -1.155e-02
4.970e+01 4.920e-02 -1.109e-02
4.980e+01 4.818e-02 -9.862e-03
4.990e+01 4.879e-02 -1.191e-02
5.000e+01 4.780e-02 -8.780e-03
5.010e+01 4.954e-02 -1.011e-02
5.020e+01 5.228e-02 -9.357e-03
5.030e+01 5.760e-02 -2.441e-03
5.040e+01 5.495e-02 -4.144e-03
5.050e+01 5.023e-02 -3.441e-04
5.060e+01 5.078e-02 7.957e-04
5.070e+01 5.048e-02 3.253e-03
5.080e+01 4.870e-02 -5.830e-04
5.090e+01 5.298e-02 -1.002e-03
5.100e+01 5.212e-02 -2.290e-03
5.110e+01 4.418e-02 -7.635e-04
5.120e+01 4.745e-02 1.869e-04
5.130e+01 4.354e-02 -9.303e-04
5.140e+01 5.028e-02 -4.671e-03
5.150e+01 4.647e-02 -7.570e-03
5.160e+01 4.927e-02 -6.867e-03
5.170e+01 4.637e-02 -2.208e-03
5.180e+01 4.243e-02 1.033e-03
5.190e+01 4.551e-02 4.154e-03
5.200e+01 4.137e-02 2.805e-04
5.210e+01 4.291e-02 -1.761e-03
5.220e+01 4.010e-02 -1.955e-03
5.230e+01 4.186e-02 -1.637e-03
5.240e+01 4.770e-02 2.816e-04
5.250e+01 4.748e-02 -1.047e-03
5.260e+01 4.628e-02 4.014e-04
5.270e+01 4.679e-02 -2.018e-03
5.280e+01 4.648e-02 -1.053e-04
5.290e+01 4.932e-02 -3.136e-04
5.300e+01 4.832e-02 6.003e-03
5.310e+01 4.555e-02 2.953e-03
5.320e+01 4.483e-02 2.316e-03
5.330e+01 4.645e-02 -3.844e-03
5.340e+01 4.552e-02 -5.675e-04
5.350e+01 4.116e-02 -3.729e-03
5.360e+01 3.992e-02 -4.176e-03
5.370e+01 4.321e-02 -5.971e-03
5.380e+01 4.443e-02 -7.978e-03
5.390e+01 4.478e-02 -1.686e-03
5.400e+01 4.716e-02 -2.173e-03
5.410e+01 5.136e-02 1.435e-03
5.420e+01 4.866e-02 4.761e-03
5.430e+01 4.836e-02 -5.042e-04
5.440e+01 4.305e-02 4.935e-04
5.450e+01 4.149e-02 -2.552e-03
5.460e+01 4.071e-02 -2.499e-03
5.470e+01 3.930e-02 -6.014e-03
5.480e+01 3.827e-02 -1.117e-02
5.490e+01 3.693e-02 -9.354e-03
5.500e+01 3.460e-02 -5.403e-03
5.510e+01 3.839e-02 -5.438e-03
5.520e+01 3.350e-02 -6.234e-03
5.530e+01 3.622e-02 -5.964e-03
5.540e+01 3.867e-02 -3.296e-03
5.550e+01 4.250e-02 -5.634e-03
5.560e+01 4.155e-02 -1.623e-03
5.570e+01 4.338e-02 -3.609e-04
5.580e+01 4.936e-02 1.981e-03
5.590e+01 4.433e-02 1.268e-03
5.600e+01 4.460e-02 2.364e-04
5.610e+01 4.560e-02 -6.420e-04
5.620e+01 4.189e-02 -3.110e-03
5.630e+01 4.124e-02 -2.761e-03
5.640e+01 4.064e-02 -2.423e-03
5.650e+01 4.126e-02 -8.184e-03
5.660e+01 4.263e-02 -9.937e-03
5.670e+01 4.285e-02 -4.847e-03
5.680e+01 4.012e-02 -6.497e-03
5.690e+01 4.088e-02 -7.165e-03
5.700e+01 4.304e-02 -1.070e-02
5.710e+01 4.210e-02 -1.324e-02
5.720e+01 4.009e-02 -9.300e-03
5.730e+01 3.964e-02 -1.205e-02
5.740e+01 3.800e-02 -1.354e-02
5.750e+01 3.952e-02 -9.560e-03
5.760e+01 4.200e-02 -6.600e-03
5.770e+01 4.308e-02 -3.195e-03
5.780e+01 4.356e-02 -5.401e-03
5.790e+01 3.901e-02 -5.765e-03
5.800e+01 3.819e-02 -7.090e-03
5.810e+01 4.003e-02 -7.004e-03
5.820e+01 4.493e-02 -5.861e-03
5.830e+01 4.356e-02 -6.439e-03
5.840e+01 4.555e-02 -7.535e-03
5.850e+01 4.553e-02 -4.222e-03
5.860e+01 4.363e-02 -6.093e-03
5.870e+01 4.446e-02 -6.222e-03
5.880e+01 4.346e-02 -9.305e-03
5.890e+01 4.596e-02 -7.790e-03
5.900e+01 4.720e-02 -5.181e-03
5.910e+01 4.771e-02 -5.148e-03
5.920e+01 4.912e-02 -4.328e-03
5.930e+01 4.610e-02 -1.264e-03
5.940e+01 4.822e-02 -3.090e-03
5.950e+01 4.920e-02 -6.277e-03
5.960e+01 4.938e-02 -6.927e-03
5.970e+01 5.077e-02 -4.766e-03
5.980e+01 5.223e-02 -2.240e-03
5.990e+01 4.850e-02 -2.998e-03
6.000e+01 4.507e-02 -3.902e-03
6.010e+01 4.392e-02 -3.967e-03
6.020e+01 4.881e-02 -2.501e-03
6.030e+01 4.873e-02 -4.405e-04
6.040e+01 4.669e-02 -2.264e-03
6.050e+01 4.729e-02 -3.561e-03
6.060e+01 4.308e-02 -3.058e-03
6.070e+01 4.579e-02 -7.261e-04
6.080e+01 4.570e-02 -1.481e-03
6.090e+01 4.971e-02 -2.852e-03
6.100e+01 4.652e-02 -1.055e-03
6.110e+01 4.521e-02 2.587e-04
6.120e+01 4.363e-02 7.023e-04
6.130e+01 4.299e-02 -7.111e-05
6.140e+01 4.458e-02 5.127e-04
6.150e+01 4.707e-02 -8.649e-04
6.160e+01 4.693e-02 -5.395e-04
6.170e+01 4.458e-02 6.998e-04
6.180e+01 4.462e-02 1.068e-03
6.190e+01 4.285e-02 3.781e-03
6.200e+01 4.123e-02 4.833e-03
6.210e+01 3.866e-02 3.934e-03
6.220e+01 3.604e-02 -1.681e-04
6.230e+01 3.638e-02 -1.454e-03
6.240e+01 3.620e-02 -2.222e-03
6.250e+01 3.620e-02 -6.348e-04
6.260e+01 3.756e-02 1.625e-03
6.270e+01 3.821e-02 1.156e-03
6.280e+01 3.698e-02 1.704e-03
6.290e+01 3.765e-02 2.577e-03
6.300e+01 3.836e-02 9.673e-04
6.310e+01 4.420e-02 -3.600e-04
6.320e+01 3.874e-02 -1.595e-04
6.330e+01 4.294e-02 -1.397e-03
6.340e+01 4.190e-02 5.582e-04
6.350e+01 4.063e-02 2.567e-05
6.360e+01 3.656e-02 -1.749e-03
6.370e+01 3.840e-02 -3.267e-03
6.380e+01 3.424e-02 -3.108e-03
6.390e+01 3.320e-02 -1.722e-03
6.400e+01 3.601e-02 -2.476e-05
6.410e+01 3.516e-02 -3.543e-03
6.420e+01 3.672e-02 -4.870e-03
6.430e+01 3.461e-02 -4.278e-03
6.440e+01 3.355e-02 -3.783e-03
6.450e+01 3.326e-02 -3.616e-03
6.460e+01 3.684e-02 -2.572e-04
6.470e+01 4.517e-02 2.901e-03
6.480e+01 4.421e-02 5.336e-03
6.490e+01 4.832e-02 8.609e-04
6.500e+01 4.803e-02 2.390e-03
6.510e+01 4.478e-02 4.225e-03
6.520e+01 4.236e-02 -2.048e-04
6.530e+01 4.374e-02 2.591e-03
6.540e+01 4.164e-02 -3.265e-04
6.550e+01 4.035e-02 -4.217e-04
6.560e+01 3.793e-02 -9.495e-04
6.570e+01 3.755e-02 1.827e-03
6.580e+01 3.742e-02 -2.536e-03
6.590e+01 3.719e-02 1.072e-03
6.600e+01 3.587e-02 -2.828e-03
6.610e+01 4.081e-02 -5.187e-03
6.620e+01 3.867e-02 -6.272e-03
6.630e+01 3.577e-02 -5.928e-03
6.640e+01 3.467e-02 -6.924e-03
6.650e+01 3.601e-02 -6.023e-03
6.660e+01 3.370e-02 -6.053e-03
6.670e+01 3.558e-02 -5.357e-03
6.680e+01 3.299e-02 -2.982e-03
6.690e+01 3.264e-02 -4.307e-03
6.700e+01 3.438e-02 -4.790e-03
6.710e+01 3.102e-02 -7.401e-03
6.720e+01 2.924e-02 -4.940e-03
6.730e+01 2.812e-02 -3.491e-03
6.740e+01 2.826e-02 1.850e-03
6.750e+01 2.997e-02 1.783e-03
6.760e+01 3.123e-02 2.885e-03
6.770e+01 2.862e-02 3.912e-03
6.780e+01 3.070e-02 3.948e-03
6.790e+01 3.009e-02 1.434e-03
6.800e+01 2.955e-02 -2.621e-04
6.810e+01 2.915e-02 6.776e-04
6.820e+01 2.740e-02 -8.607e-04
6.830e+01 2.867e-02 -1.288e-03
6.840e+01 3.004e-02 -2.889e-03
6.850e+01 3.016e-02 -5.554e-03
6.860e+01 2.896e-02 -3.206e-03
6.870e+01 3.006e-02 -4.954e-03
6.880e+01 2.924e-02 -5.486e-03
6.890e+01 2.778e-02 -4.803e-03
6.900e+01 2.601e-02 -3.088e-03
6.910e+01 2.618e-02 -1.960e-03
6.920e+01 2.772e-02 -6.460e-03
6.930e+01 2.651e-02 -7.098e-03
6.940e+01 2.273e-02 -5.407e-04
6.950e+01 2.436e-02 7.188e-04
6.960e+01 2.682e-02 1.618e-03
6.970e+01 2.191e-02 1.830e-03
6.980e+01 2.151e-02 -6.367e-04
6.990e+01 2.252e-02 -3.094e-03
7.000e+01 2.107e-02 -4.440e-03
7.010e+01 2.133e-02 2.733e-03
7.020e+01 1.834e-02 1.983e-03
7.030e+01 2.399e-02 1.791e-03
7.040e+01 1.978e-02 3.354e-03
7.050e+01 2.364e-02 3.998e-05
7.060e+01 1.990e-02 -6.931e-06
7.070e+01 1.381e-02 1.236e-03
7.080e+01 1.695e-02 6.348e-04
7.090e+01 1.973e-02 2.289e-03
7.100e+01 2.515e-02 6.909e-04
7.110e+01 2.642e-02 3.065e-03
7.120e+01 2.705e-02 -4.412e-06
7.130e+01 2.365e-02 1.756e-03
7.140e+01 2.201e-02 5.545e-03
7.150e+01 2.475e-02 3.154e-03
7.160e+01 2.394e-02 1.884e-03
7.170e+01 2.102e-02 8.956e-04
7.180e+01 2.042e-02 3.676e-03
7.190e+01 1.869e-02 6.634e-03
7.200e+01 1.728e-02 8.774e-03
7.210e+01 1.956e-02 6.359e-03
7.220e+01 1.893e-02 4.032e-03
7.230e+01 1.936e-02 5.896e-03
7.240e+01 2.053e-02 5.802e-03
7.250e+01 1.957e-02 1.900e-03
7.260e+01 2.124e-02 4.972e-03
7.270e+01 1.904e-02 5.140e-03
7.280e+01 1.733e-02 5.849e-03
7.290e+01 1.726e-02 5.550e-03
7.300e+01 2.003e-02 4.280e-03
7.310e+01 2.134e-02 1.937e-03
7.320e+01 2.101e-02 2.285e-03
7.330e+01 2.215e-02 1.660e-03
7.340e+01 2.322e-02 3.459e-03
7.350e+01 2.381e-02 1.803e-03
7.360e+01 2.400e-02 -7.108e-04
7.370e+01 2.209e-02 1.686e-03
7.380e+01 2.272e-02 -2.442e-05
7.390e+01 2.417e-02 -6.222e-04
7.400e+01 2.162e-02 -1.488e-04
7.410e+01 1.984e-02 1.155e-03
7.420e+01 2.104e-02 1.396e-03
7.430e+01 2.038e-02 -3.269e-03
7.440e+01 1.973e-02 -3.400e-03
7.450e+01 2.120e-02 -2.419e-03
7.460e+01 2.073e-02 5.860e-04
7.470e+01 2.129e-02 -4.089e-04
7.480e+01 1.912e-02 1.448e-03
7.490e+01 2.040e-02 1.819e-03
7.500e+01 2.043e-02 3.264e-03
7.510e+01 2.196e-02 2.558e-03
7.520e+01 2.362e-02 4.506e-03
7.530e+01 2.110e-02 4.250e-03
7.540e+01 2.359e-02 3.929e-03
7.550e+01 2.577e-02 3.674e-03
7.560e+01 2.601e-02 5.511e-03
7.570e+01 2.535e-02 5.029e-03
7.580e+01 2.588e-02 3.286e-03
7.590e+01 2.290e-02 5.667e-03
7.600e+01 2.329e-02 5.629e-03
7.610e+01 2.140e-02 4.934e-03
7.620e+01 1.895e-02 3.497e-03
7.630e+01 2.327e-02 3.013e-03
7.640e+01 2.392e-02 4.418e-03
7.650e+01 2.333e-02 7.764e-03
7.660e+01 2.509e-02 6.936e-03
7.670e+01 2.547e-02 6.161e-03
7.680e+01 2.389e-02 4.517e-03
7.690e+01 2.535e-02 4.130e-03
7.700e+01 2.369e-02 5.332e-03
7.710e+01 2.744e-02 4.670e-03
7.720e+01 2.656e-02 4.072e-03
7.730e+01 2.838e-02 3.320e-03
7.740e+01 2.679e-02 2.778e-04
7.750e+01 2.472e-02 8.787e-05
7.760e+01 2.604e-02 2.133e-04
7.770e+01 2.698e-02 1.039e-03
7.780e+01 2.855e-02 7.236e-04
7.790e+01 2.915e-02 4.697e-03
7.800e+01 3.094e-02 4.923e-03
7.810e+01 3.069e-02 4.182e-03
7.820e+01 3.262e-02 1.136e-03
7.830e+01 3.205e-02 8.470e-04
7.840e+01 3.567e-02 9.557e-04
7.850e+01 3.208e-02 7.469e-04
7.860e+01 3.355e-02 1.980e-03
7.870e+01 3.641e-02 3.558e-03
7.880e+01 3.542e-02 3.678e-03
7.890e+01 3.382e-02 4.709e-03
7.900e+01 3.339e-02 2.574e-03
7.910e+01 3.080e-02 5.259e-03
7.920e+01 2.936e-02 4.771e-03
7.930e+01 2.968e-02 2.625e-03
7.940e+01 3.105e-02 1.814e-03
7.950e+01 3.113e-02 2.863e-03
7.960e+01 3.360e-02 4.367e-03
7.970e+01 3.189e-02 4.171e-03
7.980e+01 3.150e-02 2.002e-03
7.990e+01 3.195e-02 4.083e-03
8.000e+01 3.070e-02 5.558e-03
8.010e+01 3.039e-02 6.726e-03
8.020e+01 2.985e-02 8.648e-03
8.030e+01 3.068e-02 6.563e-03
8.040e+01 3.164e-02 7.807e-03
8.050e+01 3.169e-02 8.757e-03
8.060e+01 3.360e-02 5.989e-03
8.070e+01 2.831e-02 7.336e-03
8.080e+01 2.834e-02 8.918e-03
8.090e+01 3.015e-02 8.664e-03
8.100e+01 2.906e-02 6.903e-03
8.110e+01 2.963e-02 4.705e-03
8.120e+01 3.073e-02 5.280e-03
8.130e+01 3.071e-02 4.976e-03
8.140e+01 3.088e-02 4.896e-03
8.150e+01 3.129e-02 3.177e-03
8.160e+01 3.205e-02 4.012e-03
8.170e+01 3.122e-02 3.389e-03
8.180e+01 2.908e-02 4.124e-03
8.190e+01 3.072e-02 5.592e-03
8.200e+01 2.839e-02 6.331e-03
8.210e+01 2.745e-02 4.023e-03
8.220e+01 2.727e-02 5.678e-03
8.230e+01 2.797e-02 6.478e-03
8.240e+01 2.819e-02 6.745e-03
8.250e+01 2.651e-02 8.029e-03
8.260e+01 2.653e-02 6.851e-03
8.270e+01 2.614e-02 6.966e-03
8.280e+01 2.793e-02 7.652e-03
8.290e+01 2.977e-02 5.770e-03
8.300e+01 2.673e-02 7.875e-03
8.310e+01 2.562e-02 5.982e-03
8.320e+01 2.544e-02 7.056e-03
8.330e+01 2.467e-02 3.369e-03
8.340e+01 2.262e-02 4.692e-03
8.350e+01 2.157e-02 2.375e-03
8.360e+01 2.266e-02 4.124e-03
8.370e+01 2.635e-02 4.946e-03
8.380e+01 2.590e-02 5.080e-03
8.390e+01 2.501e-02 3.575e-03
8.400e+01 2.442e-02 5.153e-03
8.410e+01 2.721e-02 9.330e-03
8.420e+01 2.680e-02 8.642e-03
8.430e+01 2.618e-02 4.992e-03
8.440e+01 2.664e-02 2.170e-03
8.450e+01 2.411e-02 5.628e-03
8.460e+01 2.544e-02 6.289e-03
8.470e+01 2.429e-02 4.236e-03
8.480e+01 2.443e-02 3.920e-03
8.490e+01 2.487e-02 6.421e-03
8.500e+01 2.511e-02 5.789e-03
8.510e+01 2.445e-02 5.438e-03
8.520e+01 2.345e-02 6.006e-03
8.530e+01 2.631e-02 5.300e-03
8.540e+01 2.396e-02 6.337e-03
8.550e+01 2.350e-02 5.870e-03
8.560e+01 2.412e-02 9.301e-03
8.570e+01 2.487e-02 7.107e-03
8.580e+01 2.635e-02 5.871e-03
8.590e+01 2.519e-02 6.794e-03
8.600e+01 2.696e-02 6.586e-03
8.610e+01 2.603e-02 6.263e-03
8.620e+01 2.513e-02 4.541e-03
8.630e+01 2.440e-02 7.373e-03
8.640e+01 2.636e-02 6.339e-03
8.650e+01 2.438e-02 5.584e-03
8.660e+01 2.612e-02 4.743e-03
8.670e+01 2.606e-02 4.375e-03
8.680e+01 2.608e-02 3.424e-03
8.690e+01 2.519e-02 2.819e-03
8.700e+01 2.337e-02 1.327e-03
8.710e+01 2.536e-02 1.345e-03
8.720e+01 2.842e-02 4.649e-03
8.730e+01 2.487e-02 4.715e-03
8.740e+01 2.127e-02 1.534e-03
8.750e+01 2.144e-02 -6.091e-04
8.760e+01 2.174e-02 8.446e-04
8.770e+01 2.135e-02 -1.930e-03
8.780e+01 2.307e-02 -3.151e-03
8.790e+01 2.149e-02 -2.869e-03
8.800e+01 2.290e-02 -5.043e-04
8.810e+01 2.500e-02 1.908e-03
8.820e+01 2.424e-02 4.616e-04
8.830e+01 2.644e-02 -3.887e-04
8.840e+01 2.465e-02 6.579e-05
8.850e+01 2.483e-02 1.874e-03
8.860e+01 2.175e-02 2.084e-03
8.870e+01 2.565e-02 5.830e-03
8.880e+01 3.437e-02 1.107e-02
8.890e+01 2.742e-02 6.369e-03
8.900e+01 2.568e-02 4.717e-03
8.910e+01 2.666e-02 2.908e-03
8.920e+01 2.613e-02 6.720e-03
8.930e+01 2.247e-02 2.182e-03
8.940e+01 2.698e-02 1.322e-03
8.950e+01 2.654e-02 -2.570e-04
8.960e+01 2.541e-02 9.678e-05
8.970e+01 1.952e-02 9.561e-04
8.980e+01 2.139e-02 1.399e-03
8.990e+01 2.061e-02 -1.616e-03
9.000e+01 2.244e-02 -3.205e-03
9.010e+01 2.397e-02 -8.333e-04
9.020e+01 2.399e-02 -6.991e-04
9.030e+01 2.285e-02 -1.178e-04
9.040e+01 2.484e-02 2.143e-03
9.050e+01 2.544e-02 9.182e-03
9.060e+01 2.385e-02 4.515e-03
9.070e+01 2.177e-02 5.962e-03
9.080e+01 2.346e-02 8.559e-03
9.090e+01 2.181e-02 5.870e-03
9.100e+01 1.962e-02 4.775e-03
9.110e+01 1.897e-02 3.222e-03
9.120e+01 2.125e-02 3.705e-03
9.130e+01 1.929e-02 3.509e-03
9.140e+01 2.117e-02 3.644e-03
9.150e+01 2.158e-02 7.784e-03
9.160e+01 1.891e-02 3.581e-03
9.170e+01 1.883e-02 4.611e-03
9.180e+01 2.244e-02 4.360e-03
9.190e+01 2.432e-02 4.589e-03
9.200e+01 2.112e-02 3.245e-03
9.210e+01 2.009e-02 2.682e-03
9.220e+01 1.941e-02 3.150e-03
9.230e+01 1.857e-02 2.386e-03
9.240e+01 1.946e-02 1.374e-03
9.250e+01 2.047e-02 -3.836e-04
9.260e+01 1.905e-02 1.444e-04
9.270e+01 1.967e-02 1.301e-03
9.280e+01 2.074e-02 1.713e-03
9.290e+01 2.136e-02 2.672e-03
9.300e+01 2.166e-02 -5.656e-04
9.310e+01 1.881e-02 -7.938e-04
9.320e+01 1.894e-02 -4.779e-04
9.330e+01 1.993e-02 -3.408e-06
9.340e+01 2.104e-02 -4.770e-05
9.350e+01 2.020e-02 1.114e-04
9.360e+01 1.951e-02 2.136e-03
9.370e+01 1.898e-02 1.205e-03
9.380e+01 1.923e-02 -8.536e-05
9.390e+01 1.877e-02 -4.498e-05
9.400e+01 1.836e-02 6.935e-04
9.410e+01 1.937e-02 2.319e-03
9.420e+01 1.891e-02 2.165e-03
9.430e+01 1.630e-02 -2.237e-04
9.440e+01 1.673e-02 -1.519e-03
9.450e+01 1.977e-02 -1.427e-03
9.460e+01 2.092e-02 -1.867e-04
9.470e+01 2.110e-02 5.174e-04
9.480e+01 2.167e-02 1.267e-03
9.490e+01 2.172e-02 1.112e-03
9.500e+01 2.357e-02 9.028e-04
9.510e+01 2.234e-02 1.091e-03
9.520e+01 1.864e-02 1.734e-03
9.530e+01 1.916e-02 9.835e-04
9.540e+01 1.894e-02 1.409e-03
9.550e+01 2.051e-02 2.902e-04
9.560e+01 2.220e-02 3.542e-04
9.570e+01 2.095e-02 2.019e-03
9.580e+01 2.255e-02 1.565e-03
9.590e+01 2.055e-02 7.973e-04
9.600e+01 1.960e-02 -1.036e-03
9.610e+01 1.953e-02 -3.295e-03
9.620e+01 2.119e-02 -1.577e-03
9.630e+01 2.049e-02 -1.952e-03
9.640e+01 2.148e-02 -2.672e-03
9.650e+01 2.053e-02 -7.986e-04
9.660e+01 2.100e-02 -2.242e-03
9.670e+01 2.251e-02 -2.165e-03
9.680e+01 2.188e-02 -4.186e-03
9.690e+01 2.409e-02 -1.541e-03
9.700e+01 2.396e-02 -2.499e-03
9.710e+01 2.416e-02 -1.086e-03
9.720e+01 2.273e-02 -1.956e-03
9.730e+01 2.162e-02 -9.480e-04
9.740e+01 2.046e-02 5.817e-04
9.750e+01 1.911e-02 1.868e-03
9.760e+01 1.774e-02 1.917e-03
9.770e+01 2.027e-02 -1.438e-03
9.780e+01 2.089e-02 -2.243e-03
9.790e+01 2.074e-02 -2.270e-03
9.800e+01 1.957e-02 -8.227e-04
9.810e+01 1.906e-02 4.468e-04
9.820e+01 1.781e-02 9.062e-04
9.830e+01 1.928e-02 -7.846e-04
9.840e+01 1.815e-02 -2.406e-03
9.850e+01 1.792e-02 -2.272e-03
9.860e+01 1.529e-02 -1.683e-03
9.870e+01 1.486e-02 -4.772e-04
9.880e+01 1.593e-02 -5.824e-04
9.890e+01 1.710e-02 -2.443e-03
9.900e+01 1.653e-02 -1.641e-03
9.910e+01 1.614e-02 -5.714e-04
9.920e+01 1.856e-02 -1.704e-03
9.930e+01 1.836e-02 -5.171e-04
9.940e+01 1.784e-02 4.696e-04
9.950e+01 1.817e-02 3.336e-03
9.960e+01 1.912e-02 3.731e-03
9.970e+01 1.800e-02 4.345e-03
9.980e+01 2.009e-02 3.346e-03
9.990e+01 1.913e-02 2.219e-03
