# Time (ps)      real(F_1)      im(F_1)
0.000e+00 1.000e+00 0.000e+00
1.000e-01 9.132e-01 -4.112e-02
2.000e-01 8.603e-01 -4.434e-02
3.000e-01 8.591e-01 -4.388e-02
4.000e-01 7.760e-01 -5.174e-02
5.000e-01 7.870e-01 -5.864e-02
6.000e-01 7.753e-01 -2.867e-02
7.000e-01 7.682e-01 -2.980e-02
8.000e-01 7.679e-01 -2.006e-02
9.000e-01 8.140e-01 1.343e-02
1.000e+00 7.880e-01 -1.884e-03
1.100e+00 7.865e-01 -1.640e-02
1.200e+00 7.397e-01 -1.284e-02
1.300e+00 6.579e-01 -1.920e-02
1.400e+00 7.173e-01 -3.896e-02
1.500e+00 6.931e-01 -4.802e-02
1.600e+00 6.743e-01 -1.909e-02
1.700e+00 6.527e-01 7.171e-03
1.800e+00 6.671e-01 8.497e-03
1.900e+00 6.481e-01 1.223e-02
2.000e+00 6.545e-01 3.434e-03
2.100e+00 6.433e-01 -1.507e-02
2.200e+00 6.678e-01 -5.816e-03
2.300e+00 6.445e-01 -1.327e-02
2.400e+00 6.331e-01 -2.078e-02
2.500e+00 6.577e-01 -9.631e-03
2.600e+00 6.683e-01 -1.552e-02
2.700e+00 6.399e-01 -1.096e-02
2.800e+00 6.766e-01 -2.004e-02
2.900e+00 6.934e-01 -8.713e-03
3.000e+00 6.326e-01 8.465e-03
3.100e+00 6.321e-01 5.133e-03
3.200e+00 6.013e-01 -8.013e-03
3.300e+00 5.764e-01 -5.036e-03
3.400e+00 5.613e-01 -8.256e-03
3.500e+00 5.480e-01 6.073e-04
3.600e+00 5.406e-01 9.201e-03
3.700e+00 5.457e-01 1.716e-02
3.800e+00 5.101e-01 1.326e-02
3.900e+00 5.312e-01 -7.531e-03
4.000e+00 5.108e-01 -5.828e-03
4.100e+00 4.999e-01 -5.137e-03
4.200e+00 5.137e-01 9.847e-03
4.300e+00 5.309e-01 5.753e-03
4.400e+00 5.016e-01 4.063e-03
4.500e+00 4.961e-01 9.841e-03
4.600e+00 4.862e-01 2.165e-02
4.700e+00 4.804e-01 1.756e-02
4.800e+00 4.819e-01 -1.004e-02
4.900e+00 4.729e-01 -2.048e-02
5.000e+00 4.572e-01 -2.750e-03
5.100e+00 4.592e-01 1.057e-02
5.200e+00 4.222e-01 1.715e-02
5.300e+00 4.583e-01 1.430e-02
5.400e+00 4.602e-01 2.895e-02
5.500e+00 4.915e-01 2.358e-02
5.600e+00 4.670e-01 2.855e-02
5.700e+00 4.668e-01 3.656e-02
5.800e+00 4.707e-01 3.863e-02
5.900e+00 4.611e-01 2.179e-02
6.000e+00 4.288e-01 1.966e-02
6.100e+00 4.480e-01 8.877e-03
6.200e+00 4.045e-01 2.769e-02
6.300e+00 4.250e-01 2.475e-02
6.400e+00 4.079e-01 1.533e-02
6.500e+00 4.291e-01 2.263e-02
6.600e+00 4.164e-01 8.777e-03
6.700e+00 3.950e-01 1.932e-03
6.800e+00 3.862e-01 9.450e-03
6.900e+00 4.160e-01 3.486e-02
7.000e+00 4.007e-01 1.335e-02
7.100e+00 4.344e-01 1.997e-02
7.200e+00 4.302e-01 1.982e-02
7.300e+00 4.123e-01 2.307e-02
7.400e+00 3.942e-01 1.438e-02
7.500e+00 3.731e-01 2.487e-02
7.600e+00 3.801e-01 1.502e-02
7.700e+00 3.917e-01 1.459e-02
7.800e+00 3.824e-01 1.635e-02
7.900e+00 3.591e-01 1.754e-02
8.000e+00 3.751e-01 1.856e-02
8.100e+00 3.552e-01 9.675e-03
8.200e+00 3.792e-01 1.007e-02
8.300e+00 4.091e-01 1.510e-02
8.400e+00 4.067e-01 1.058e-02
8.500e+00 3.804e-01 2.291e-02
8.600e+00 3.860e-01 3.417e-02
8.700e+00 4.080e-01 1.496e-02
8.800e+00 3.685e-01 2.305e-02
8.900e+00 3.927e-01 2.924e-02
9.000e+00 3.845e-01 3.174e-02
9.100e+00 3.785e-01 2.447e-02
9.200e+00 3.805e-01 3.203e-02
9.300e+00 3.766e-01 2.880e-02
9.400e+00 3.811e-01 3.606e-02
9.500e+00 3.840e-01 3.490e-02
9.600e+00 4.164e-01 2.956e-02
9.700e+00 4.034e-01 2.025e-02
9.800e+00 3.976e-01 1.153e-02
9.900e+00 3.830e-01 1.421e-02
1.000e+01 3.517e-01 9.679e-03
1.010e+01 3.332e-01 2.841e-03
1.020e+01 3.369e-01 5.695e-03
1.030e+01 3.554e-01 2.721e-03
1.040e+01 4.057e-01 -8.467e-04
1.050e+01 3.899e-01 2.340e-02
1.060e+01 3.596e-01 -5.950e-04
1.070e+01 3.655e-01 8.026e-03
1.080e+01 3.703e-01 -1.252e-02
1.090e+01 3.794e-01 1.511e-03
1.100e+01 3.758e-01 -2.636e-03
1.110e+01 3.680e-01 -1.357e-02
1.120e+01 3.688e-01 5.164e-03
1.130e+01 3.792e-01 1.275e-02
1.140e+01 3.600e-01 1.227e-02
1.150e+01 3.555e-01 9.785e-03
1.160e+01 3.603e-01 1.429e-02
1.170e+01 3.543e-01 1.371e-02
1.180e+01 3.573e-01 1.975e-02
1.190e+01 3.630e-01 2.897e-02
1.200e+01 3.528e-01 2.055e-02
1.210e+01 3.401e-01 1.551e-02
1.220e+01 3.530e-01 1.853e-02
1.230e+01 3.273e-01 2.313e-02
1.240e+01 3.235e-01 2.061e-02
1.250e+01 3.202e-01 1.366e-02
1.260e+01 3.180e-01 3.087e-02
1.270e+01 3.339e-01 3.278e-02
1.280e+01 3.347e-01 2.580e-02
1.290e+01 3.549e-01 2.148e-02
1.300e+01 3.262e-01 1.358e-02
1.310e+01 3.180e-01 1.198e-02
1.320e+01 3.216e-01 2.019e-02
1.330e+01 3.160e-01 1.686e-03
1.340e+01 3.049e-01 6.585e-03
1.350e+01 3.207e-01 -1.038e-02
1.360e+01 3.151e-01 3.137e-04
1.370e+01 3.189e-01 -1.349e-03
1.380e+01 3.262e-01 8.259e-03
1.390e+01 3.181e-01 -4.576e-03
1.400e+01 3.148e-01 3.790e-03
1.410e+01 3.181e-01 -9.555e-03
1.420e+01 3.252e-01 -1.598e-02
1.430e+01 3.206e-01 -2.144e-02
1.440e+01 3.050e-01 -1.972e-02
1.450e+01 2.998e-01 -1.223e-02
1.460e+01 3.044e-01 -5.113e-03
1.470e+01 3.228e-01 -1.098e-02
1.480e+01 3.173e-01 -1.211e-02
1.490e+01 2.987e-01 -5.839e-04
1.500e+01 2.842e-01 4.693e-03
1.510e+01 2.765e-01 1.552e-02
1.520e+01 2.840e-01 8.264e-03
1.530e+01 2.741e-01 8.507e-03
1.540e+01 2.707e-01 9.354e-03
1.550e+01 2.833e-01 9.606e-03
1.560e+01 2.758e-01 1.851e-02
1.570e+01 2.572e-01 2.711e-02
1.580e+01 2.556e-01 2.752e-02
1.590e+01 2.692e-01 1.988e-02
1.600e+01 2.676e-01 8.213e-03
1.610e+01 2.842e-01 -1.035e-03
1.620e+01 2.991e-01 6.753e-04
1.630e+01 2.873e-01 1.058e-02
1.640e+01 2.872e-01 1.262e-02
1.650e+01 2.901e-01 -2.219e-03
1.660e+01 2.894e-01 -6.692e-03
1.670e+01 2.680e-01 -9.863e-03
1.680e+01 2.644e-01 -1.028e-02
1.690e+01 2.709e-01 -1.432e-02
1.700e+01 2.621e-01 -1.178e-02
1.710e+01 2.826e-01 -1.647e-02
1.720e+01 2.683e-01 -1.316e-02
1.730e+01 2.641e-01 -4.873e-03
1.740e+01 2.744e-01 -1.571e-02
1.750e+01 2.571e-01 -4.316e-03
1.760e+01 2.613e-01 -6.703e-03
1.770e+01 2.619e-01 -8.540e-03
1.780e+01 2.550e-01 -9.465e-03
1.790e+01 2.662e-01 -6.273e-03
1.800e+01 2.809e-01 -1.247e-02
1.810e+01 2.739e-01 -6.435e-03
1.820e+01 2.871e-01 -5.477e-03
1.830e+01 2.892e-01 -6.919e-03
1.840e+01 2.855e-01 -1.151e-02
1.850e+01 2.964e-01 -2.383e-02
1.860e+01 2.929e-01 -2.687e-02
1.870e+01 2.829e-01 -2.969e-02
1.880e+01 2.857e-01 -2.354e-02
1.890e+01 2.830e-01 -1.527e-02
1.900e+01 2.787e-01 -1.298e-02
1.910e+01 2.683e-01 -1.215e-02
1.920e+01 2.730e-01 -1.614e-02
1.930e+01 2.778e-01 -1.167e-02
1.940e+01 2.780e-01 -1.942e-03
1.950e+01 2.522e-01 -4.632e-03
1.960e+01 2.469e-01 -4.158e-03
1.970e+01 2.504e-01 -8.350e-03
1.980e+01 2.749e-01 -3.602e-04
1.990e+01 2.473e-01 1.674e-03
2.000e+01 2.577e-01 2.072e-03
2.010e+01 2.558e-01 -9.236e-03
2.020e+01 2.553e-01 -7.463e-03
2.030e+01 2.427e-01 -7.802e-03
2.040e+01 2.503e-01 -4.268e-03
2.050e+01 2.443e-01 -8.246e-04
2.060e+01 2.505e-01 -3.795e-03
2.070e+01 2.559e-01 -9.609e-04
2.080e+01 2.416e-01 -2.080e-03
2.090e+01 2.472e-01 2.326e-04
2.100e+01 2.459e-01 2.395e-03
2.110e+01 2.310e-01 9.094e-03
2.120e+01 2.479e-01 1.248e-02
2.130e+01 2.307e-01 -3.145e-03
2.140e+01 2.443e-01 -4.412e-03
2.150e+01 2.346e-01 -2.416e-03
2.160e+01 2.248e-01 -1.246e-02
2.170e+01 2.199e-01 3.050e-03
2.180e+01 2.378e-01 1.016e-02
2.190e+01 2.316e-01 1.050e-02
2.200e+01 2.145e-01 6.859e-03
2.210e+01 2.186e-01 4.572e-03
2.220e+01 2.232e-01 3.999e-03
2.230e+01 2.138e-01 -6.456e-03
2.240e+01 2.249e-01 -1.500e-02
2.250e+01 2.211e-01 -9.344e-03
2.260e+01 2.321e-01 -8.561e-03
2.270e+01 2.179e-01 -5.539e-03
2.280e+01 2.342e-01 -1.585e-02
2.290e+01 2.347e-01 -2.240e-02
2.300e+01 2.207e-01 -1.613e-02
2.310e+01 2.200e-01 -1.044e-02
2.320e+01 2.083e-01 -5.172e-03
2.330e+01 2.145e-01 -8.643e-03
2.340e+01 2.107e-01 -7.673e-03
2.350e+01 2.118e-01 4.627e-03
2.360e+01 2.020e-01 2.359e-03
2.370e+01 2.129e-01 -1.020e-02
2.380e+01 1.973e-01 -7.700e-03
2.390e+01 1.975e-01 -3.359e-03
2.400e+01 1.986e-01 4.234e-04
2.410e+01 2.102e-01 -1.442e-02
2.420e+01 2.058e-01 7.148e-03
2.430e+01 2.084e-01 9.945e-03
2.440e+01 1.981e-01 1.103e-02
2.450e+01 2.036e-01 1.128e-02
2.460e+01 2.081e-01 3.854e-03
2.470e+01 2.087e-01 7.053e-03
2.480e+01 2.043e-01 -1.333e-02
2.490e+01 2.081e-01 1.463e-03
2.500e+01 1.937e-01 -1.915e-03
2.510e+01 1.876e-01 -5.349e-03
2.520e+01 1.876e-01 -3.797e-03
2.530e+01 1.934e-01 4.116e-04
2.540e+01 2.092e-01 4.639e-03
2.550e+01 2.034e-01 -1.162e-03
2.560e+01 1.908e-01 7.689e-04
2.570e+01 1.906e-01 2.855e-03
2.580e+01 1.985e-01 1.273e-02
2.590e+01 2.001e-01 1.138e-02
2.600e+01 1.970e-01 9.271e-03
2.610e+01 2.097e-01 2.332e-04
2.620e+01 1.881e-01 5.185e-03
2.630e+01 1.894e-01 6.936e-03
2.640e+01 1.930e-01 3.214e-03
2.650e+01 2.060e-01 -4.293e-03
2.660e+01 2.031e-01 -9.037e-04
2.670e+01 2.052e-01 8.546e-03
2.680e+01 1.924e-01 2.054e-03
2.690e+01 2.070e-01 5.500e-04
2.700e+01 2.010e-01 -5.235e-04
2.710e+01 2.031e-01 4.625e-03
2.720e+01 2.022e-01 4.242e-03
2.730e+01 1.896e-01 -4.736e-03
2.740e+01 1.974e-01 -5.566e-03
2.750e+01 1.872e-01 -7.976e-03
2.760e+01 1.945e-01 3.404e-04
2.770e+01 2.027e-01 -4.715e-03
2.780e+01 2.000e-01 -2.020e-03
2.790e+01 1.933e-01 -9.803e-03
2.800e+01 1.953e-01 -1.018e-02
2.810e+01 1.926e-01 -1.040e-02
2.820e+01 1.930e-01 -1.804e-02
2.830e+01 1.900e-01 -1.310e-02
2.840e+01 1.848e-01 -1.660e-02
2.850e+01 1.815e-01 -3.745e-03
2.860e+01 1.985e-01 -1.098e-02
2.870e+01 1.986e-01 -4.199e-03
2.880e+01 1.888e-01 -7.757e-03
2.890e+01 1.899e-01 -3.056e-03
2.900e+01 1.908e-01 -1.195e-03
2.910e+01 1.917e-01 4.502e-03
2.920e+01 1.823e-01 -1.153e-03
2.930e+01 1.701e-01 -2.875e-03
2.940e+01 1.740e-01 -3.474e-03
2.950e+01 1.737e-01 3.955e-04
2.960e+01 1.899e-01 -3.034e-03
2.970e+01 1.764e-01 -1.424e-02
2.980e+01 1.761e-01 -1.138e-02
2.990e+01 1.757e-01 -7.831e-03
3.000e+01 1.744e-01 -5.321e-03
3.010e+01 1.630e-01 3.284e-03
3.020e+01 1.631e-01 -6.168e-05
3.030e+01 1.654e-01 -1.021e-02
3.040e+01 1.682e-01 -2.341e-02
3.050e+01 1.693e-01 -2.084e-02
3.060e+01 1.628e-01 -6.400e-03
3.070e+01 1.647e-01 -8.117e-03
3.080e+01 1.562e-01 -3.831e-03
3.090e+01 1.675e-01 -1.190e-02
3.100e+01 1.658e-01 -8.003e-03
3.110e+01 1.593e-01 -5.693e-03
3.120e+01 1.722e-01 -1.167e-03
3.130e+01 1.748e-01 -2.022e-03
3.140e+01 1.842e-01 -7.632e-03
3.150e+01 1.659e-01 2.541e-03
3.160e+01 1.610e-01 9.588e-04
3.170e+01 1.660e-01 -2.578e-03
3.180e+01 1.625e-01 1.926e-03
3.190e+01 1.732e-01 -2.589e-03
3.200e+01 1.561e-01 1.668e-03
3.210e+01 1.615e-01 -5.522e-03
3.220e+01 1.612e-01 2.159e-03
3.230e+01 1.593e-01 1.186e-02
3.240e+01 1.416e-01 4.994e-03
3.250e+01 1.561e-01 -7.151e-03
3.260e+01 1.533e-01 -1.709e-03
3.270e+01 1.671e-01 -9.578e-03
3.280e+01 1.807e-01 1.316e-03
3.290e+01 1.735e-01 -5.653e-03
3.300e+01 1.439e-01 1.147e-02
3.310e+01 1.645e-01 8.295e-03
3.320e+01 1.632e-01 -3.931e-03
3.330e+01 1.623e-01 -1.913e-03
3.340e+01 1.555e-01 -7.626e-03
3.350e+01 1.536e-01 -5.509e-03
3.360e+01 1.564e-01 -9.872e-03
3.370e+01 1.510e-01 -7.490e-03
3.380e+01 1.539e-01 -1.462e-02
3.390e+01 1.482e-01 3.438e-03
3.400e+01 1.384e-01 4.672e-03
3.410e+01 1.474e-01 3.211e-03
3.420e+01 1.443e-01 5.710e-04
3.430e+01 1.438e-01 -9.202e-04
3.440e+01 1.445e-01 -6.225e-04
3.450e+01 1.456e-01 -2.032e-03
3.460e+01 1.598e-01 -5.124e-03
3.470e+01 1.537e-01 -6.437e-03
3.480e+01 1.476e-01 -1.560e-03
3.490e+01 1.573e-01 3.574e-03
3.500e+01 1.462e-01 2.483e-03
3.510e+01 1.432e-01 1.733e-03
3.520e+01 1.549e-01 6.576e-03
3.530e+01 1.484e-01 7.780e-03
3.540e+01 1.377e-01 2.800e-03
3.550e+01 1.409e-01 -1.228e-03
3.560e+01 1.312e-01 6.151e-03
3.570e+01 1.360e-01 1.394e-02
3.580e+01 1.412e-01 1.123e-02
3.590e+01 1.429e-01 1.350e-02
3.600e+01 1.586e-01 -7.202e-04
3.610e+01 1.484e-01 -8.104e-03
3.620e+01 1.499e-01 -2.212e-03
3.630e+01 1.523e-01 -7.467e-03
3.640e+01 1.489e-01 -7.060e-03
3.650e+01 1.464e-01 -1.306e-02
3.660e+01 1.410e-01 -5.630e-03
3.670e+01 1.353e-01 -5.217e-04
3.680e+01 1.373e-01 -1.493e-02
3.690e+01 1.231e-01 -4.162e-03
3.700e+01 1.109e-01 5.985e-03
3.710e+01 1.167e-01 6.578e-03
3.720e+01 1.228e-01 8.149e-03
3.730e+01 1.231e-01 1.999e-02
3.740e+01 1.288e-01 6.265e-03
3.750e+01 1.159e-01 1.913e-02
3.760e+01 1.182e-01 5.601e-03
3.770e+01 1.264e-01 -1.151e-02
3.780e+01 1.270e-01 -2.188e-03
3.790e+01 1.196e-01 -1.062e-02
3.800e+01 1.214e-01 4.657e-03
3.810e+01 1.312e-01 -4.965e-03
3.820e+01 1.360e-01 -2.873e-03
3.830e+01 1.385e-01 -1.194e-02
3.840e+01 1.324e-01 -1.264e-02
3.850e+01 1.321e-01 -1.180e-02
3.860e+01 1.318e-01 -3.894e-04
3.870e+01 1.376e-01 -1.326e-02
3.880e+01 1.421e-01 -1.722e-02
3.890e+01 1.385e-01 -2.263e-03
3.900e+01 1.495e-01 -7.429e-03
3.910e+01 1.383e-01 -7.218e-03
3.920e+01 1.456e-01 -1.506e-02
3.930e+01 1.466e-01 -1.944e-02
3.940e+01 1.439e-01 -1.634e-02
3.950e+01 1.246e-01 -7.385e-03
3.960e+01 1.335e-01 -1.528e-02
3.970e+01 1.256e-01 -6.173e-03
3.980e+01 1.170e-01 -4.989e-03
3.990e+01 1.273e-01 -1.066e-02
4.000e+01 1.280e-01 -8.583e-03
4.010e+01 1.171e-01 -9.911e-03
4.020e+01 1.254e-01 -1.061e-02
4.030e+01 1.258e-01 -1.057e-02
4.040e+01 1.306e-01 -3.113e-03
4.050e+01 1.219e-01 4.170e-03
4.060e+01 1.228e-01 -5.380e-03
4.070e+01 1.250e-01 1.323e-03
4.080e+01 1.171e-01 -7.048e-03
4.090e+01 1.179e-01 2.431e-03
4.100e+01 1.095e-01 6.438e-03
4.110e+01 1.121e-01 8.940e-03
4.120e+01 1.161e-01 5.950e-03
4.130e+01 1.092e-01 5.116e-03
4.140e+01 1.026e-01 -5.435e-03
4.150e+01 1.100e-01 -1.564e-02
4.160e+01 1.063e-01 -1.256e-02
4.170e+01 1.105e-01 -1.262e-02
4.180e+01 1.029e-01 -1.035e-02
4.190e+01 9.828e-02 -2.046e-02
4.200e+01 1.003e-01 -1.525e-02
4.210e+01 1.025e-01 -1.266e-02
4.220e+01 1.042e-01 -8.245e-03
4.230e+01 9.772e-02 -7.505e-03
4.240e+01 1.016e-01 -6.011e-03
4.250e+01 1.122e-01 -1.324e-02
4.260e+01 1.107e-01 -3.065e-03
4.270e+01 1.105e-01 -8.201e-03
4.280e+01 1.112e-01 -1.213e-02
4.290e+01 9.930e-02 -9.858e-03
4.300e+01 1.014e-01 -1.027e-02
4.310e+01 1.032e-01 -7.471e-03
4.320e+01 1.033e-01 -4.897e-03
4.330e+01 1.051e-01 -2.452e-03
4.340e+01 1.020e-01 1.167e-03
4.350e+01 1.037e-01 4.075e-03
4.360e+01 1.126e-01 5.164e-03
4.370e+01 9.971e-02 3.514e-03
4.380e+01 9.152e-02 5.453e-04
4.390e+01 9.347e-02 3.385e-03
4.400e+01 9.356e-02 1.182e-03
4.410e+01 1.047e-01 -3.581e-03
4.420e+01 1.021e-01 6.648e-04
4.430e+01 1.056e-01 -4.112e-03
4.440e+01 1.117e-01 3.917e-03
4.450e+01 1.084e-01 3.554e-03
4.460e+01 1.052e-01 -1.612e-03
4.470e+01 1.043e-01 -9.688e-04
4.480e+01 1.133e-01 -1.285e-03
4.490e+01 1.084e-01 3.102e-03
4.500e+01 1.091e-01 1.313e-03
4.510e+01 1.109e-01 -2.066e-03
4.520e+01 1.024e-01 5.541e-03
4.530e+01 9.963e-02 3.841e-03
4.540e+01 9.842e-02 1.932e-03
4.550e+01 1.003e-01 6.768e-03
4.560e+01 9.065e-02 2.123e-03
4.570e+01 1.026e-01 6.635e-03
4.580e+01 8.672e-02 8.463e-03
4.590e+01 8.573e-02 9.140e-03
4.600e+01 9.158e-02 1.136e-02
4.610e+01 9.113e-02 5.957e-03
4.620e+01 9.079e-02 1.856e-03
4.630e+01 1.007e-01 2.589e-03
4.640e+01 9.658e-02 -2.651e-03
4.650e+01 9.997e-02 -4.746e-03
4.660e+01 1.009e-01 -6.634e-03
4.670e+01 1.117e-01 -6.118e-03
4.680e+01 1.124e-01 -3.816e-04
4.690e+01 1.145e-01 -3.551e-03
4.700e+01 1.069e-01 -3.082e-03
4.710e+01 1.050e-01 4.453e-03
4.720e+01 1.058e-01 2.244e-03
4.730e+01 1.013e-01 4.382e-03
4.740e+01 1.029e-01 6.853e-03
4.750e+01 1.004e-01 7.239e-03
4.760e+01 1.031e-01 4.340e-03
4.770e+01 9.933e-02 3.929e-04
4.780e+01 9.380e-02 5.018e-03
4.790e+01 8.940e-02 8.473e-03
4.800e+01 9.550e-02 1.136e-02
4.810e+01 9.456e-02 5.325e-03
4.820e+01 9.221e-02 3.617e-03
4.830e+01 9.018e-02 3.344e-03
4.840e+01 8.823e-02 4.154e-03
4.850e+01 8.502e-02 1.136e-03
4.860e+01 8.534e-02 8.157e-04
4.870e+01 8.474e-02 7.955e-04
4.880e+01 8.156e-02 -1.569e-03
4.890e+01 7.737e-02 -8.236e-03
4.900e+01 8.487e-02 -8.197e-03
4.910e+01 8.565e-02 -4.491e-03
4.920e+01 9.314e-02 -1.970e-03
4.930e+01 8.970e-02 5.841e-04
4.940e+01 8.818e-02 3.959e-03
4.950e+01 9.223e-02 2.219e-03
4.960e+01 8.892e-02 -7.654e-03
4.970e+01 8.407e-02 -4.772e-03
4.980e+01 8.742e-02 -1.640e-04
4.990e+01 9.011e-02 -5.731e-03
5.000e+01 9.520e-02 -1.226e-03
5.010e+01 8.850e-02 -9.746e-03
5.020e+01 8.971e-02 -4.208e-03
5.030e+01 9.056e-02 -7.251e-03
5.040e+01 9.435e-02 -7.240e-03
5.050e+01 8.941e-02 -2.839e-03
5.060e+01 8.450e-02 -1.889e-03
5.070e+01 8.715e-02 9.942e-04
5.080e+01 9.052e-02 -2.505e-03
5.090e+01 8.356e-02 -6.144e-03
5.100e+01 8.594e-02 -1.862e-03
5.110e+01 8.435e-02 -2.843e-04
5.120e+01 8.612e-02 -1.037e-03
5.130e+01 8.733e-02 -4.797e-03
5.140e+01 8.528e-02 -1.346e-02
5.150e+01 8.628e-02 -4.809e-03
5.160e+01 8.892e-02 -4.589e-03
5.170e+01 8.284e-02 -5.042e-04
5.180e+01 8.545e-02 -1.339e-03
5.190e+01 8.529e-02 2.352e-03
5.200e+01 7.876e-02 7.083e-03
5.210e+01 8.075e-02 2.612e-03
5.220e+01 8.664e-02 1.654e-03
5.230e+01 8.527e-02 8.656e-03
5.240e+01 8.080e-02 6.318e-03
5.250e+01 8.682e-02 7.522e-03
5.260e+01 8.755e-02 8.324e-03
5.270e+01 8.954e-02 6.293e-03
5.280e+01 8.821e-02 4.952e-03
5.290e+01 8.597e-02 6.416e-03
5.300e+01 7.835e-02 9.061e-03
5.310e+01 8.049e-02 9.124e-03
5.320e+01 7.854e-02 8.736e-03
5.330e+01 8.275e-02 6.913e-03
5.340e+01 8.333e-02 8.400e-03
5.350e+01 8.408e-02 9.352e-03
5.360e+01 8.632e-02 7.065e-03
5.370e+01 8.264e-02 9.791e-03
5.380e+01 7.911e-02 8.325e-03
5.390e+01 8.535e-02 1.041e-02
5.400e+01 8.015e-02 8.834e-03
5.410e+01 8.216e-02 7.795e-03
5.420e+01 8.282e-02 7.749e-03
5.430e+01 8.273e-02 9.074e-03
5.440e+01 8.450e-02 1.596e-02
5.450e+01 8.077e-02 1.735e-02
5.460e+01 8.194e-02 1.413e-02
5.470e+01 8.233e-02 1.308e-02
5.480e+01 8.532e-02 1.123e-02
5.490e+01 8.276e-02 1.192e-02
5.500e+01 8.148e-02 1.732e-02
5.510e+01 7.807e-02 1.167e-02
5.520e+01 8.339e-02 1.431e-02
5.530e+01 7.877e-02 8.845e-03
5.540e+01 8.172e-02 9.751e-03
5.550e+01 8.166e-02 5.111e-03
5.560e+01 8.014e-02 1.007e-03
5.570e+01 8.281e-02 1.288e-03
5.580e+01 8.240e-02 2.052e-03
5.590e+01 8.181e-02 2.334e-03
5.600e+01 8.099e-02 -2.797e-03
5.610e+01 8.520e-02 -3.118e-03
5.620e+01 8.523e-02 3.225e-04
5.630e+01 7.307e-02 1.005e-05
5.640e+01 7.613e-02 4.485e-03
5.650e+01 8.081e-02 3.952e-03
5.660e+01 7.852e-02 7.636e-03
5.670e+01 7.673e-02 4.289e-03
5.680e+01 7.399e-02 3.791e-03
5.690e+01 7.168e-02 2.774e-03
5.700e+01 7.204e-02 2.425e-03
5.710e+01 7.409e-02 5.787e-03
5.720e+01 7.788e-02 8.556e-03
5.730e+01 7.777e-02 6.913e-03
5.740e+01 7.743e-02 8.404e-03
5.750e+01 7.850e-02 2.283e-03
5.760e+01 7.744e-02 3.901e-03
5.770e+01 8.088e-02 1.819e-03
5.780e+01 8.162e-02 1.998e-03
5.790e+01 8.033e-02 7.614e-03
5.800e+01 7.921e-02 1.101e-02
5.810e+01 8.085e-02 7.346e-03
5.820e+01 7.871e-02 2.856e-03
5.830e+01 8.527e-02 4.272e-03
5.840e+01 7.987e-02 5.569e-03
5.850e+01 8.236e-02 2.059e-03
5.860e+01 8.011e-02 2.091e-03
5.870e+01 7.432e-02 1.010e-03
5.880e+01 7.253e-02 2.300e-03
5.890e+01 7.420e-02 4.530e-03
5.900e+01 7.735e-02 3.490e-03
5.910e+01 7.485e-02 2.767e-03
5.920e+01 7.223e-02 5.187e-03
5.930e+01 7.545e-02 1.206e-03
5.940e+01 7.467e-02 1.954e-03
5.950e+01 6.938e-02 6.255e-03
5.960e+01 7.192e-02 3.871e-03
5.970e+01 7.051e-02 3.375e-03
5.980e+01 7.387e-02 -9.665e-05
5.990e+01 7.256e-02 -1.318e-03
6.000e+01 7.543e-02 -1.438e-03
6.010e+01 7.006e-02 3.258e-03
6.020e+01 6.621e-02 -7.786e-04
6.030e+01 6.634e-02 -4.855e-03
6.040e+01 6.711e-02 3.274e-04
6.050e+01 6.654e-02 -2.052e-03
6.060e+01 7.009e-02 -3.356e-03
6.070e+01 7.038e-02 1.521e-03
6.080e+01 7.144e-02 2.478e-03
6.090e+01 6.968e-02 6.618e-04
6.100e+01 6.950e-02 4.831e-04
6.110e+01 6.544e-02 2.846e-03
6.120e+01 6.579e-02 2.677e-03
6.130e+01 6.672e-02 2.458e-03
6.140e+01 6.819e-02 2.522e-03
6.150e+01 6.888e-02 4.348e-03
6.160e+01 6.971e-02 5.904e-03
6.170e+01 6.684e-02 6.774e-03
6.180e+01 6.692e-02 4.768e-03
6.190e+01 6.798e-02 3.778e-03
6.200e+01 6.266e-02 3.778e-03
6.210e+01 6.315e-02 2.656e-03
6.220e+01 5.888e-02 5.322e-03
6.230e+01 5.866e-02 4.593e-03
6.240e+01 6.286e-02 3.985e-03
6.250e+01 5.926e-02 1.997e-03
6.260e+01 6.854e-02 8.735e-04
6.270e+01 6.600e-02 -2.030e-04
6.280e+01 6.970e-02 2.707e-03
6.290e+01 6.603e-02 -1.592e-03
6.300e+01 6.412e-02 7.593e-04
6.310e+01 6.413e-02 2.779e-03
6.320e+01 6.667e-02 4.618e-03
6.330e+01 6.839e-02 -3.394e-03
6.340e+01 6.289e-02 1.147e-03
6.350e+01 5.973e-02 1.824e-03
6.360e+01 5.953e-02 1.237e-03
6.370e+01 6.092e-02 6.998e-04
6.380e+01 5.984e-02 4.027e-03
6.390e+01 5.945e-02 9.657e-03
6.400e+01 6.120e-02 7.432e-03
6.410e+01 6.240e-02 4.024e-03
6.420e+01 6.256e-02 5.905e-03
6.430e+01 6.265e-02 2.927e-03
6.440e+01 6.459e-02 1.305e-03
6.450e+01 6.724e-02 2.306e-03
6.460e+01 7.148e-02 -3.061e-03
6.470e+01 7.098e-02 -2.380e-03
6.480e+01 6.754e-02 1.412e-04
6.490e+01 6.752e-02 2.953e-03
6.500e+01 6.281e-02 1.561e-03
6.510e+01 6.366e-02 -2.318e-03
6.520e+01 6.185e-02 -1.253e-03
6.530e+01 6.221e-02 1.980e-03
6.540e+01 6.684e-02 2.709e-03
6.550e+01 6.459e-02 4.743e-03
6.560e+01 6.177e-02 9.181e-03
6.570e+01 6.193e-02 6.148e-03
6.580e+01 6.025e-02 5.529e-03
6.590e+01 6.230e-02 3.884e-03
6.600e+01 6.064e-02 8.458e-03
6.610e+01 6.531e-02 5.364e-03
6.620e+01 6.331e-02 2.473e-03
6.630e+01 6.490e-02 4.487e-03
6.640e+01 6.322e-02 7.456e-03
6.650e+01 6.209e-02 6.674e-03
6.660e+01 6.284e-02 9.489e-03
6.670e+01 6.115e-02 9.084e-03
6.680e+01 6.120e-02 9.457e-03
6.690e+01 6.364e-02 7.463e-03
6.700e+01 6.153e-02 7.273e-03
6.710e+01 5.899e-02 4.719e-03
6.720e+01 5.861e-02 2.461e-03
6.730e+01 6.243e-02 -2.263e-04
6.740e+01 6.845e-02 -6.055e-04
6.750e+01 6.622e-02 4.611e-04
6.760e+01 6.191e-02 1.371e-03
6.770e+01 6.156e-02 7.645e-04
6.780e+01 6.171e-02 -4.782e-04
6.790e+01 6.172e-02 1.152e-03
6.800e+01 5.806e-02 1.830e-03
6.810e+01 5.772e-02 7.548e-04
6.820e+01 5.860e-02 -9.852e-04
6.830e+01 5.316e-02 -3.923e-03
6.840e+01 5.382e-02 -2.882e-03
6.850e+01 5.686e-02 -9.891e-04
6.860e+01 5.413e-02 -2.797e-03
6.870e+01 5.071e-02 1.076e-04
6.880e+01 5.112e-02 -1.308e-03
6.890e+01 5.208e-02 4.066e-03
6.900e+01 4.970e-02 3.456e-03
6.910e+01 4.876e-02 2.598e-04
6.920e+01 4.876e-02 3.839e-03
6.930e+01 5.085e-02 4.959e-04
6.940e+01 5.526e-02 1.357e-03
6.950e+01 5.241e-02 7.042e-03
6.960e+01 5.545e-02 6.651e-03
6.970e+01 5.218e-02 5.253e-03
6.980e+01 5.171e-02 1.032e-03
6.990e+01 5.155e-02 4.233e-03
7.000e+01 5.207e-02 1.048e-03
7.010e+01 5.482e-02 4.135e-03
7.020e+01 4.937e-02 6.472e-03
7.030e+01 4.735e-02 4.697e-03
7.040e+01 4.358e-02 6.680e-03
7.050e+01 4.474e-02 5.022e-03
7.060e+01 4.854e-02 6.990e-03
7.070e+01 4.866e-02 5.705e-03
7.080e+01 5.487e-02 3.973e-03
7.090e+01 4.864e-02 1.423e-03
7.100e+01 4.889e-02 3.473e-03
7.110e+01 4.684e-02 -5.679e-04
7.120e+01 4.852e-02 -8.107e-04
7.130e+01 5.228e-02 -9.023e-04
7.140e+01 5.320e-02 -9.810e-04
7.150e+01 5.593e-02 1.713e-03
7.160e+01 5.542e-02 5.670e-03
7.170e+01 5.458e-02 3.621e-03
7.180e+01 5.474e-02 3.052e-03
7.190e+01 5.311e-02 1.350e-03
7.200e+01 5.253e-02 -3.996e-04
7.210e+01 5.361e-02 2.571e-03
7.220e+01 5.485e-02 1.880e-03
7.230e+01 5.496e-02 4.734e-03
7.240e+01 4.819e-02 5.643e-03
7.250e+01 4.842e-02 1.628e-03
7.260e+01 5.032e-02 8.028e-04
7.270e+01 5.287e-02 3.053e-03
7.280e+01 5.680e-02 4.039e-03
7.290e+01 5.123e-02 5.720e-03
7.300e+01 5.483e-02 7.155e-03
7.310e+01 5.523e-02 5.444e-03
7.320e+01 5.762e-02 4.720e-03
7.330e+01 5.840e-02 5.946e-03
7.340e+01 5.752e-02 5.999e-03
7.350e+01 5.561e-02 3.180e-03
7.360e+01 5.272e-02 3.198e-03
7.370e+01 4.820e-02 6.790e-03
7.380e+01 4.780e-02 9.581e-03
7.390e+01 5.073e-02 1.107e-02
7.400e+01 5.361e-02 7.322e-03
7.410e+01 5.826e-02 3.615e-03
7.420e+01 5.893e-02 3.004e-03
7.430e+01 5.171e-02 4.753e-03
7.440e+01 4.795e-02 7.692e-03
7.450e+01 4.991e-02 5.419e-03
7.460e+01 5.266e-02 2.442e-03
7.470e+01 5.194e-02 1.118e-03
7.480e+01 5.108e-02 2.823e-03
7.490e+01 5.201e-02 5.098e-03
7.500e+01 5.394e-02 7.340e-03
7.510e+01 5.274e-02 5.353e-03
7.520e+01 5.551e-02 1.982e-03
7.530e+01 5.341e-02 6.834e-03
7.540e+01 5.283e-02 3.944e-03
7.550e+01 5.543e-02 8.263e-03
7.560e+01 5.654e-02 7.718e-03
7.570e+01 5.453e-02 7.273e-03
7.580e+01 5.443e-02 7.586e-03
7.590e+01 5.609e-02 5.282e-03
7.600e+01 5.544e-02 3.998e-03
7.610e+01 5.313e-02 1.793e-03
7.620e+01 5.374e-02 3.717e-03
7.630e+01 5.293e-02 -5.101e-04
7.640e+01 5.142e-02 -8.039e-04
7.650e+01 4.983e-02 1.550e-03
7.660e+01 4.669e-02 4.771e-03
7.670e+01 4.688e-02 2.012e-03
7.680e+01 4.319e-02 3.247e-03
7.690e+01 4.166e-02 8.010e-03
7.700e+01 4.386e-02 7.902e-03
7.710e+01 4.712e-02 1.250e-02
7.720e+01 4.522e-02 1.533e-02
7.730e+01 4.900e-02 9.823e-03
7.740e+01 4.865e-02 4.313e-03
7.750e+01 5.203e-02 -1.882e-03
7.760e+01 5.106e-02 -2.808e-03
7.770e+01 4.531e-02 -3.992e-03
7.780e+01 4.556e-02 -2.858e-03
7.790e+01 4.652e-02 -1.882e-03
7.800e+01 4.981e-02 -3.045e-03
7.810e+01 4.943e-02 -2.147e-03
7.820e+01 4.675e-02 -2.288e-03
7.830e+01 4.701e-02 -1.934e-03
7.840e+01 4.955e-02 -4.652e-03
7.850e+01 4.910e-02 -4.826e-03
7.860e+01 4.384e-02 -4.003e-03
7.870e+01 4.633e-02 -3.613e-03
7.880e+01 4.464e-02 -2.346e-03
7.890e+01 4.466e-02 -2.161e-03
7.900e+01 4.400e-02 -4.484e-03
7.910e+01 4.304e-02 -5.738e-04
7.920e+01 4.049e-02 -6.580e-04
7.930e+01 4.265e-02 -2.417e-04
7.940e+01 4.081e-02 2.477e-03
7.950e+01 3.896e-02 3.725e-03
7.960e+01 3.958e-02 -1.624e-03
7.970e+01 3.976e-02 1.379e-03
7.980e+01 3.949e-02 6.485e-04
7.990e+01 3.866e-02 -4.835e-04
8.000e+01 4.011e-02 -2.761e-03
8.010e+01 3.575e-02 4.319e-03
8.020e+01 3.839e-02 6.031e-03
8.030e+01 3.249e-02 2.150e-03
8.040e+01 3.549e-02 4.894e-04
8.050e+01 4.013e-02 -2.944e-04
8.060e+01 4.032e-02 -4.137e-03
8.070e+01 4.242e-02 -1.996e-03
8.080e+01 3.942e-02 -8.730e-04
8.090e+01 3.932e-02 2.042e-03
8.100e+01 3.523e-02 1.492e-03
8.110e+01 3.620e-02 2.486e-03
8.120e+01 3.714e-02 -2.044e-03
8.130e+01 3.782e-02 1.451e-03
8.140e+01 3.629e-02 -1.882e-04
8.150e+01 3.723e-02 -2.475e-03
8.160e+01 4.030e-02 -3.929e-03
8.170e+01 4.243e-02 -6.417e-03
8.180e+01 4.037e-02 -8.827e-03
8.190e+01 3.657e-02 -7.745e-03
8.200e+01 3.403e-02 -7.973e-03
8.210e+01 3.666e-02 -6.902e-03
8.220e+01 3.629e-02 -5.108e-03
8.230e+01 3.558e-02 -5.931e-03
8.240e+01 3.653e-02 -6.542e-03
8.250e+01 3.435e-02 -9.111e-03
8.260e+01 3.958e-02 -5.379e-03
8.270e+01 3.773e-02 -3.727e-03
8.280e+01 3.301e-02 -3.148e-03
8.290e+01 3.322e-02 -5.003e-03
8.300e+01 3.431e-02 -2.956e-03
8.310e+01 3.909e-02 -1.563e-03
8.320e+01 3.886e-02 -2.741e-03
8.330e+01 3.945e-02 -6.228e-03
8.340e+01 4.260e-02 -1.236e-03
8.350e+01 3.885e-02 -3.005e-03
8.360e+01 3.625e-02 -5.446e-03
8.370e+01 3.385e-02 -3.767e-03
8.380e+01 3.641e-02 -4.635e-03
8.390e+01 4.098e-02 -2.842e-03
8.400e+01 3.929e-02 -5.940e-03
8.410e+01 4.068e-02 -7.055e-03
8.420e+01 3.942e-02 -1.323e-04
8.430e+01 4.006e-02 3.111e-04
8.440e+01 3.947e-02 -1.682e-04
8.450e+01 3.542e-02 -6.655e-04
8.460e+01 3.432e-02 -2.427e-04
8.470e+01 3.522e-02 -2.709e-03
8.480e+01 4.120e-02 -3.530e-03
8.490e+01 3.993e-02 -4.663e-03
8.500e+01 3.883e-02 -3.702e-03
8.510e+01 3.770e-02 -4.691e-03
8.520e+01 3.959e-02 1.459e-03
8.530e+01 3.928e-02 -6.759e-04
8.540e+01 3.888e-02 8.279e-04
8.550e+01 3.684e-02 -3.594e-03
8.560e+01 3.325e-02 -2.372e-03
8.570e+01 3.485e-02 -1.084e-03
8.580e+01 3.292e-02 -2.267e-03
8.590e+01 3.019e-02 -9.169e-04
8.600e+01 3.677e-02 -2.518e-03
8.610e+01 3.124e-02 -6.757e-03
8.620e+01 3.083e-02 -6.095e-03
8.630e+01 2.916e-02 -8.468e-03
8.640e+01 3.188e-02 -8.485e-03
8.650e+01 2.810e-02 -7.715e-03
8.660e+01 3.312e-02 -2.849e-03
8.670e+01 3.204e-02 -2.446e-03
8.680e+01 2.886e-02 -6.702e-03
8.690e+01 3.126e-02 -1.241e-02
8.700e+01 2.905e-02 -8.035e-03
8.710e+01 2.836e-02 -3.854e-03
8.720e+01 3.081e-02 -5.060e-03
8.730e+01 3.120e-02 -6.347e-03
8.740e+01 2.740e-02 -6.129e-03
8.750e+01 3.226e-02 -3.650e-03
8.760e+01 3.508e-02 -5.561e-03
8.770e+01 2.872e-02 -3.983e-03
8.780e+01 2.630e-02 1.165e-03
8.790e+01 3.040e-02 -8.183e-04
8.800e+01 3.197e-02 1.873e-03
8.810e+01 2.553e-02 -3.954e-03
8.820e+01 2.814e-02 -2.033e-03
8.830e+01 3.039e-02 -3.152e-04
8.840e+01 3.148e-02 -4.237e-04
8.850e+01 2.849e-02 -1.425e-04
8.860e+01 2.965e-02 1.193e-03
8.870e+01 2.928e-02 3.761e-03
8.880e+01 3.105e-02 3.098e-03
8.890e+01 3.078e-02 -1.314e-03
8.900e+01 3.100e-02 -5.761e-03
8.910e+01 2.592e-02 -4.865e-03
8.920e+01 2.989e-02 -5.275e-03
8.930e+01 2.457e-02 -4.053e-03
8.940e+01 2.863e-02 -7.072e-03
8.950e+01 3.131e-02 -5.520e-03
8.960e+01 2.835e-02 -7.987e-03
8.970e+01 2.396e-02 -7.550e-03
8.980e+01 2.491e-02 -5.259e-03
8.990e+01 2.553e-02 -7.086e-03
9.000e+01 2.663e-02 -4.968e-03
9.010e+01 2.767e-02 -6.102e-03
9.020e+01 2.475e-02 -1.053e-02
9.030e+01 2.686e-02 -7.412e-03
9.040e+01 2.645e-02 -7.471e-03
9.050e+01 2.737e-02 -3.135e-03
9.060e+01 2.533e-02 -4.473e-03
9.070e+01 2.647e-02 -6.445e-03
9.080e+01 2.916e-02 -6.710e-03
9.090e+01 2.464e-02 -8.723e-03
9.100e+01 2.773e-02 -7.466e-03
9.110e+01 2.782e-02 -8.261e-03
9.120e+01 2.795e-02 -3.076e-03
9.130e+01 2.828e-02 -2.976e-03
9.140e+01 2.693e-02 -5.149e-03
9.150e+01 3.136e-02 -5.020e-03
9.160e+01 3.319e-02 -4.372e-03
9.170e+01 3.114e-02 -4.114e-03
9.180e+01 3.011e-02 -5.241e-03
9.190e+01 2.743e-02 -4.169e-03
9.200e+01 2.711e-02 -2.521e-03
9.210e+01 3.032e-02 -4.603e-03
9.220e+01 2.838e-02 -5.329e-03
9.230e+01 2.598e-02 -2.258e-03
9.240e+01 2.798e-02 -3.114e-03
9.250e+01 2.743e-02 -2.363e-03
9.260e+01 2.704e-02 -5.355e-03
9.270e+01 2.897e-02 -3.663e-03
9.280e+01 2.786e-02 -4.936e-03
9.290e+01 2.794e-02 -2.894e-03
9.300e+01 2.670e-02 -6.943e-04
9.310e+01 2.729e-02 -2.595e-03
9.320e+01 2.726e-02 -4.516e-03
9.330e+01 2.662e-02 -2.721e-03
9.340e+01 2.435e-02 -3.243e-03
9.350e+01 2.738e-02 -2.943e-03
9.360e+01 2.812e-02 -3.114e-03
9.370e+01 2.570e-02 -3.741e-03
9.380e+01 2.585e-02 -4.612e-03
9.390e+01 2.493e-02 -3.596e-03
9.400e+01 2.486e-02 -3.293e-03
9.410e+01 2.326e-02 -4.821e-03
9.420e+01 2.667e-02 -2.992e-03
9.430e+01 2.727e-02 -3.643e-03
9.440e+01 2.805e-02 -3.227e-03
9.450e+01 2.886e-02 -1.692e-03
9.460e+01 2.922e-02 -4.606e-03
9.470e+01 2.687e-02 -4.212e-03
9.480e+01 2.670e-02 -3.973e-03
9.490e+01 2.490e-02 -4.171e-03
9.500e+01 2.888e-02 -7.304e-04
9.510e+01 2.883e-02 -2.546e-03
9.520e+01 2.985e-02 -2.829e-03
9.530e+01 2.804e-02 -4.117e-03
9.540e+01 2.896e-02 -6.194e-03
9.550e+01 2.811e-02 -8.055e-03
9.560e+01 2.812e-02 -6.394e-03
9.570e+01 2.937e-02 -4.983e-03
9.580e+01 2.871e-02 -4.418e-03
9.590e+01 2.712e-02 -5.931e-03
9.600e+01 2.622e-02 -1.058e-02
9.610e+01 2.838e-02 -1.397e-02
9.620e+01 2.979e-02 -9.301e-03
9.630e+01 2.759e-02 -5.017e-03
9.640e+01 2.821e-02 -4.546e-03
9.650e+01 3.001e-02 -4.790e-03
9.660e+01 2.898e-02 -4.496e-03
9.670e+01 3.003e-02 -5.855e-03
9.680e+01 2.721e-02 -4.590e-03
9.690e+01 2.703e-02 -5.451e-03
9.700e+01 2.774e-02 -5.936e-03
9.710e+01 2.878e-02 -5.591e-03
9.720e+01 2.691e-02 -6.159e-03
9.730e+01 2.704e-02 -4.700e-03
9.740e+01 2.614e-02 -6.466e-03
9.750e+01 2.831e-02 -9.487e-03
9.760e+01 3.060e-02 -1.092e-02
9.770e+01 2.942e-02 -8.168e-03
9.780e+01 2.750e-02 -7.953e-03
9.790e+01 2.694e-02 -7.221e-03
9.800e+01 2.877e-02 -5.571e-03
9.810e+01 3.071e-02 -4.822e-03
9.820e+01 2.857e-02 -5.976e-03
9.830e+01 2.903e-02 -6.196e-03
9.840e+01 2.648e-02 -5.534e-03
9.850e+01 2.650e-02 -5.356e-03
9.860e+01 2.638e-02 -4.625e-03
9.870e+01 2.840e-02 -1.030e-03
9.880e+01 2.880e-02 -1.995e-03
9.890e+01 2.885e-02 -3.672e-03
9.900e+01 2.889e-02 -4.491e-03
9.910e+01 3.064e-02 -6.469e-03
9.920e+01 3.034e-02 -3.778e-03
9.930e+01 3.026e-02 -3.384e-03
9.940e+01 3.208e-02 -2.804e-03
9.950e+01 3.026e-02 -4.931e-03
9.960e+01 3.081e-02 -7.240e-03
9.970e+01 3.202e-02 -8.730e-03
9.980e+01 3.039e-02 -7.876e-03
9.990e+01 3.117e-02 -3.314e-03
