# Frequency (1.0/ps)      real(fft(F_0))
0.000e+00 1.755e+02
1.000e-02 5.013e+01
2.000e-02 1.825e+01
3.000e-02 1.350e+01
4.000e-02 4.928e+00
5.000e-02 4.187e+00
6.000e-02 1.458e+00
7.000e-02 2.908e+00
8.000e-02 1.865e+00
9.000e-02 3.768e+00
1.000e-01 3.823e+00
1.100e-01 2.399e+00
1.200e-01 2.952e+00
1.300e-01 2.124e+00
1.400e-01 1.838e+00
1.500e-01 -1.436e-01
1.600e-01 1.885e+00
1.700e-01 1.107e+00
1.800e-01 2.770e+00
1.900e-01 2.600e+00
2.000e-01 2.098e+00
2.100e-01 1.349e+00
2.200e-01 1.648e+00
2.300e-01 2.113e+00
2.400e-01 1.914e+00
2.500e-01 1.330e+00
2.600e-01 7.534e-01
2.700e-01 7.683e-01
2.800e-01 1.606e+00
2.900e-01 7.242e-01
3.000e-01 1.404e+00
3.100e-01 1.053e+00
3.200e-01 7.545e-01
3.300e-01 7.364e-01
3.400e-01 8.543e-01
3.500e-01 1.102e-01
3.600e-01 2.824e-01
3.700e-01 2.275e-01
3.800e-01 -1.214e-01
3.900e-01 7.759e-02
4.000e-01 4.058e-01
4.100e-01 1.098e+00
4.200e-01 6.998e-01
4.300e-01 4.191e-01
4.400e-01 1.004e+00
4.500e-01 1.859e+00
4.600e-01 1.551e+00
4.700e-01 4.779e-01
4.800e-01 4.814e-01
4.900e-01 3.549e-01
5.000e-01 1.234e+00
5.100e-01 9.754e-01
5.200e-01 5.890e-01
5.300e-01 1.353e+00
5.400e-01 3.068e-01
5.500e-01 1.766e-01
5.600e-01 6.075e-01
5.700e-01 6.222e-01
5.800e-01 7.051e-01
5.900e-01 1.472e-01
6.000e-01 8.421e-01
6.100e-01 6.898e-01
6.200e-01 6.299e-01
6.300e-01 4.273e-01
6.400e-01 1.159e+00
6.500e-01 1.012e+00
6.600e-01 7.343e-01
6.700e-01 1.010e+00
6.800e-01 7.316e-01
6.900e-01 7.808e-01
7.000e-01 -3.563e-01
7.100e-01 5.490e-01
7.200e-01 3.478e-01
7.300e-01 7.688e-01
7.400e-01 1.145e+00
7.500e-01 1.465e+00
7.600e-01 1.247e+00
7.700e-01 1.153e+00
7.800e-01 1.261e+00
7.900e-01 1.479e+00
8.000e-01 2.164e+00
8.100e-01 1.217e+00
8.200e-01 7.131e-01
8.300e-01 7.658e-01
8.400e-01 8.028e-01
8.500e-01 1.083e+00
8.600e-01 7.612e-01
8.700e-01 8.583e-01
8.800e-01 4.730e-01
8.900e-01 3.163e-01
9.000e-01 8.610e-01
9.100e-01 7.670e-01
9.200e-01 8.337e-01
9.300e-01 5.375e-01
9.400e-01 5.056e-01
9.500e-01 6.468e-01
9.600e-01 1.333e+00
9.700e-01 8.361e-01
9.800e-01 6.723e-01
9.900e-01 6.734e-01
1.000e+00 6.799e-01
1.010e+00 1.437e+00
1.020e+00 1.228e+00
1.030e+00 9.571e-01
1.040e+00 6.502e-01
1.050e+00 8.274e-01
1.060e+00 6.524e-01
1.070e+00 6.423e-01
1.080e+00 7.988e-01
1.090e+00 5.798e-01
1.100e+00 8.466e-01
1.110e+00 6.184e-01
1.120e+00 9.259e-01
1.130e+00 6.746e-01
1.140e+00 8.468e-01
1.150e+00 1.093e+00
1.160e+00 1.616e-01
1.170e+00 5.762e-01
1.180e+00 2.272e-01
1.190e+00 7.263e-03
1.200e+00 5.952e-01
1.210e+00 3.777e-01
1.220e+00 5.182e-01
1.230e+00 3.006e-01
1.240e+00 5.287e-01
1.250e+00 1.769e-01
1.260e+00 6.287e-01
1.270e+00 9.703e-01
1.280e+00 4.731e-01
1.290e+00 4.723e-01
1.300e+00 8.316e-01
1.310e+00 3.549e-01
1.320e+00 3.217e-01
1.330e+00 3.990e-01
1.340e+00 5.523e-01
1.350e+00 9.457e-01
1.360e+00 7.378e-01
1.370e+00 5.294e-01
1.380e+00 6.186e-01
1.390e+00 2.924e-01
1.400e+00 6.111e-01
1.410e+00 6.571e-01
1.420e+00 7.083e-01
1.430e+00 1.839e-01
1.440e+00 9.317e-01
1.450e+00 4.553e-01
1.460e+00 5.012e-01
1.470e+00 6.651e-01
1.480e+00 4.901e-01
1.490e+00 3.263e-01
1.500e+00 5.788e-01
1.510e+00 3.521e-01
1.520e+00 2.932e-01
1.530e+00 2.316e-01
1.540e+00 1.146e-01
1.550e+00 5.340e-02
1.560e+00 5.454e-01
1.570e+00 5.202e-01
1.580e+00 6.408e-01
1.590e+00 7.179e-01
1.600e+00 6.660e-01
1.610e+00 5.568e-01
1.620e+00 3.880e-01
1.630e+00 6.358e-01
1.640e+00 6.346e-01
1.650e+00 1.010e+00
1.660e+00 7.489e-01
1.670e+00 8.146e-01
1.680e+00 6.785e-01
1.690e+00 1.972e-01
1.700e+00 6.420e-01
1.710e+00 4.265e-02
1.720e+00 2.900e-01
1.730e+00 3.898e-01
1.740e+00 1.531e-01
1.750e+00 7.781e-01
1.760e+00 5.909e-01
1.770e+00 6.014e-01
1.780e+00 3.406e-01
1.790e+00 2.616e-01
1.800e+00 3.714e-01
1.810e+00 2.514e-01
1.820e+00 2.096e-01
1.830e+00 2.396e-01
1.840e+00 5.132e-01
1.850e+00 2.603e-01
1.860e+00 2.050e-01
1.870e+00 4.946e-01
1.880e+00 1.717e-01
1.890e+00 3.980e-01
1.900e+00 1.829e-01
1.910e+00 -1.460e-01
1.920e+00 1.285e-01
1.930e+00 1.701e-01
1.940e+00 3.139e-01
1.950e+00 6.639e-01
1.960e+00 4.208e-01
1.970e+00 5.416e-01
1.980e+00 5.377e-01
1.990e+00 5.697e-01
2.000e+00 3.375e-01
2.010e+00 5.632e-01
2.020e+00 5.044e-01
2.030e+00 4.427e-01
2.040e+00 3.818e-01
2.050e+00 4.034e-01
2.060e+00 3.161e-01
2.070e+00 4.103e-01
2.080e+00 7.182e-01
2.090e+00 6.722e-01
2.100e+00 7.494e-01
2.110e+00 9.352e-01
2.120e+00 6.547e-01
2.130e+00 7.721e-01
2.140e+00 7.862e-01
2.150e+00 7.475e-01
2.160e+00 8.887e-01
2.170e+00 6.094e-01
2.180e+00 7.202e-01
2.190e+00 8.601e-01
2.200e+00 1.081e+00
2.210e+00 8.270e-01
2.220e+00 4.294e-01
2.230e+00 4.655e-01
2.240e+00 1.423e-01
2.250e+00 4.892e-01
2.260e+00 6.251e-01
2.270e+00 5.772e-01
2.280e+00 6.081e-01
2.290e+00 3.122e-01
2.300e+00 7.958e-01
2.310e+00 6.907e-01
2.320e+00 6.374e-01
2.330e+00 8.158e-01
2.340e+00 1.203e+00
2.350e+00 1.417e+00
2.360e+00 8.139e-01
2.370e+00 8.938e-01
2.380e+00 6.536e-01
2.390e+00 6.672e-01
2.400e+00 4.529e-01
2.410e+00 3.446e-01
2.420e+00 4.817e-01
2.430e+00 5.676e-01
2.440e+00 5.781e-01
2.450e+00 7.315e-01
2.460e+00 6.838e-01
2.470e+00 5.239e-01
2.480e+00 6.283e-01
2.490e+00 4.250e-01
2.500e+00 2.310e-01
2.510e+00 4.467e-01
2.520e+00 5.015e-01
2.530e+00 6.869e-01
2.540e+00 7.021e-01
2.550e+00 7.087e-01
2.560e+00 6.612e-01
2.570e+00 4.857e-01
2.580e+00 8.443e-01
2.590e+00 8.564e-01
2.600e+00 6.895e-01
2.610e+00 4.533e-01
2.620e+00 4.608e-01
2.630e+00 2.202e-01
2.640e+00 3.152e-01
2.650e+00 4.973e-01
2.660e+00 5.984e-01
2.670e+00 4.312e-01
2.680e+00 3.593e-01
2.690e+00 5.309e-01
2.700e+00 5.719e-01
2.710e+00 4.166e-01
2.720e+00 5.882e-01
2.730e+00 5.674e-01
2.740e+00 7.688e-01
2.750e+00 1.144e+00
2.760e+00 5.269e-01
2.770e+00 4.417e-01
2.780e+00 6.424e-01
2.790e+00 5.382e-01
2.800e+00 9.205e-01
2.810e+00 8.242e-01
2.820e+00 5.286e-01
2.830e+00 7.436e-01
2.840e+00 5.702e-01
2.850e+00 4.416e-01
2.860e+00 4.927e-01
2.870e+00 4.563e-01
2.880e+00 5.081e-01
2.890e+00 6.016e-01
2.900e+00 7.010e-01
2.910e+00 5.665e-01
2.920e+00 4.549e-01
2.930e+00 4.171e-01
2.940e+00 5.235e-01
2.950e+00 9.203e-01
2.960e+00 5.887e-01
2.970e+00 7.230e-01
2.980e+00 6.861e-01
2.990e+00 5.528e-01
3.000e+00 4.797e-01
3.010e+00 8.073e-01
3.020e+00 5.770e-01
3.030e+00 6.821e-01
3.040e+00 6.958e-01
3.050e+00 6.753e-01
3.060e+00 6.313e-01
3.070e+00 6.111e-01
3.080e+00 7.308e-01
3.090e+00 9.317e-01
3.100e+00 8.869e-01
3.110e+00 5.174e-01
3.120e+00 5.606e-01
3.130e+00 3.889e-01
3.140e+00 2.972e-01
3.150e+00 4.802e-01
3.160e+00 7.252e-01
3.170e+00 6.080e-01
3.180e+00 2.731e-01
3.190e+00 4.026e-01
3.200e+00 3.839e-01
3.210e+00 2.924e-01
3.220e+00 3.801e-01
3.230e+00 8.459e-01
3.240e+00 5.581e-01
3.250e+00 8.668e-01
3.260e+00 8.238e-01
3.270e+00 5.558e-01
3.280e+00 6.044e-01
3.290e+00 6.716e-01
3.300e+00 4.389e-01
3.310e+00 6.786e-01
3.320e+00 8.339e-01
3.330e+00 6.726e-01
3.340e+00 4.555e-01
3.350e+00 6.750e-01
3.360e+00 7.008e-01
3.370e+00 4.585e-01
3.380e+00 2.131e-01
3.390e+00 3.999e-01
3.400e+00 6.411e-01
3.410e+00 6.024e-01
3.420e+00 6.067e-01
3.430e+00 5.864e-01
3.440e+00 7.131e-01
3.450e+00 7.784e-01
3.460e+00 5.606e-01
3.470e+00 4.068e-01
3.480e+00 3.907e-01
3.490e+00 6.248e-01
3.500e+00 6.515e-01
3.510e+00 3.568e-01
3.520e+00 4.850e-01
3.530e+00 5.602e-01
3.540e+00 5.332e-01
3.550e+00 6.417e-01
3.560e+00 5.085e-01
3.570e+00 4.335e-01
3.580e+00 6.470e-01
3.590e+00 8.865e-01
3.600e+00 8.647e-01
3.610e+00 7.980e-01
3.620e+00 6.215e-01
3.630e+00 5.507e-01
3.640e+00 7.223e-01
3.650e+00 1.008e+00
3.660e+00 6.216e-01
3.670e+00 8.576e-01
3.680e+00 6.057e-01
3.690e+00 3.887e-01
3.700e+00 3.976e-01
3.710e+00 5.806e-01
3.720e+00 2.400e-01
3.730e+00 1.025e-01
3.740e+00 2.279e-01
3.750e+00 5.723e-01
3.760e+00 6.671e-01
3.770e+00 4.384e-01
3.780e+00 5.437e-01
3.790e+00 6.723e-01
3.800e+00 3.647e-01
3.810e+00 3.635e-01
3.820e+00 3.879e-01
3.830e+00 4.630e-01
3.840e+00 5.362e-01
3.850e+00 2.813e-01
3.860e+00 3.559e-01
3.870e+00 4.236e-01
3.880e+00 7.269e-01
3.890e+00 8.448e-01
3.900e+00 9.413e-01
3.910e+00 4.278e-01
3.920e+00 3.526e-01
3.930e+00 4.371e-01
3.940e+00 5.414e-01
3.950e+00 9.606e-01
3.960e+00 7.876e-01
3.970e+00 5.231e-01
3.980e+00 6.024e-01
3.990e+00 7.038e-01
4.000e+00 8.433e-01
4.010e+00 8.119e-01
4.020e+00 7.865e-01
4.030e+00 6.119e-01
4.040e+00 7.519e-01
4.050e+00 9.756e-01
4.060e+00 6.317e-01
4.070e+00 5.493e-01
4.080e+00 4.615e-01
4.090e+00 3.848e-01
4.100e+00 6.327e-01
4.110e+00 8.366e-01
4.120e+00 5.365e-01
4.130e+00 5.234e-01
4.140e+00 7.216e-01
4.150e+00 8.823e-01
4.160e+00 3.955e-01
4.170e+00 5.110e-01
4.180e+00 2.964e-01
4.190e+00 3.118e-01
4.200e+00 6.020e-01
4.210e+00 4.564e-01
4.220e+00 4.809e-01
4.230e+00 5.361e-01
4.240e+00 5.433e-01
4.250e+00 4.108e-01
4.260e+00 4.458e-01
4.270e+00 5.832e-01
4.280e+00 2.939e-01
4.290e+00 4.902e-01
4.300e+00 3.126e-01
4.310e+00 4.141e-01
4.320e+00 4.646e-01
4.330e+00 4.882e-01
4.340e+00 3.510e-01
4.350e+00 3.470e-01
4.360e+00 6.183e-01
4.370e+00 6.679e-01
4.380e+00 4.275e-01
4.390e+00 3.926e-01
4.400e+00 5.323e-01
4.410e+00 5.389e-01
4.420e+00 3.604e-01
4.430e+00 3.048e-01
4.440e+00 3.136e-01
4.450e+00 5.836e-01
4.460e+00 5.241e-01
4.470e+00 5.107e-01
4.480e+00 3.900e-01
4.490e+00 4.197e-01
4.500e+00 5.108e-01
4.510e+00 4.736e-01
4.520e+00 5.091e-01
4.530e+00 7.102e-01
4.540e+00 5.881e-01
4.550e+00 2.212e-01
4.560e+00 4.470e-01
4.570e+00 4.870e-01
4.580e+00 4.446e-01
4.590e+00 5.173e-01
4.600e+00 6.112e-01
4.610e+00 5.023e-01
4.620e+00 3.734e-01
4.630e+00 6.828e-01
4.640e+00 6.926e-01
4.650e+00 6.700e-01
4.660e+00 6.764e-01
4.670e+00 5.165e-01
4.680e+00 4.495e-01
4.690e+00 3.651e-01
4.700e+00 3.650e-01
4.710e+00 4.203e-01
4.720e+00 4.602e-01
4.730e+00 3.197e-01
4.740e+00 4.165e-01
4.750e+00 9.051e-01
4.760e+00 7.188e-01
4.770e+00 7.506e-01
4.780e+00 5.697e-01
4.790e+00 6.783e-01
4.800e+00 4.392e-01
4.810e+00 1.121e-01
4.820e+00 3.806e-01
4.830e+00 3.934e-01
4.840e+00 4.150e-01
4.850e+00 6.242e-01
4.860e+00 8.015e-01
4.870e+00 5.557e-01
4.880e+00 3.627e-01
4.890e+00 4.562e-01
4.900e+00 1.078e-01
4.910e+00 4.371e-01
4.920e+00 5.734e-01
4.930e+00 6.759e-01
4.940e+00 8.034e-01
4.950e+00 4.098e-01
4.960e+00 2.367e-01
4.970e+00 2.772e-01
4.980e+00 2.927e-01
4.990e+00 2.526e-01
-5.000e+00 8.828e-02
-4.990e+00 2.526e-01
-4.980e+00 2.927e-01
-4.970e+00 2.772e-01
-4.960e+00 2.367e-01
-4.950e+00 4.098e-01
-4.940e+00 8.034e-01
-4.930e+00 6.759e-01
-4.920e+00 5.734e-01
-4.910e+00 4.371e-01
-4.900e+00 1.078e-01
-4.890e+00 4.562e-01
-4.880e+00 3.627e-01
-4.870e+00 5.557e-01
-4.860e+00 8.015e-01
-4.850e+00 6.242e-01
-4.840e+00 4.150e-01
-4.830e+00 3.934e-01
-4.820e+00 3.806e-01
-4.810e+00 1.121e-01
-4.800e+00 4.392e-01
-4.790e+00 6.783e-01
-4.780e+00 5.697e-01
-4.770e+00 7.506e-01
-4.760e+00 7.188e-01
-4.750e+00 9.051e-01
-4.740e+00 4.165e-01
-4.730e+00 3.197e-01
-4.720e+00 4.602e-01
-4.710e+00 4.203e-01
-4.700e+00 3.650e-01
-4.690e+00 3.651e-01
-4.680e+00 4.495e-01
-4.670e+00 5.165e-01
-4.660e+00 6.764e-01
-4.650e+00 6.700e-01
-4.640e+00 6.926e-01
-4.630e+00 6.828e-01
-4.620e+00 3.734e-01
-4.610e+00 5.023e-01
-4.600e+00 6.112e-01
-4.590e+00 5.173e-01
-4.580e+00 4.446e-01
-4.570e+00 4.870e-01
-4.560e+00 4.470e-01
-4.550e+00 2.212e-01
-4.540e+00 5.881e-01
-4.530e+00 7.102e-01
-4.520e+00 5.091e-01
-4.510e+00 4.736e-01
-4.500e+00 5.108e-01
-4.490e+00 4.197e-01
-4.480e+00 3.900e-01
-4.470e+00 5.107e-01
-4.460e+00 5.241e-01
-4.450e+00 5.836e-01
-4.440e+00 3.136e-01
-4.430e+00 3.048e-01
-4.420e+00 3.604e-01
-4.410e+00 5.389e-01
-4.400e+00 5.323e-01
-4.390e+00 3.926e-01
-4.380e+00 4.275e-01
-4.370e+00 6.679e-01
-4.360e+00 6.183e-01
-4.350e+00 3.470e-01
-4.340e+00 3.510e-01
-4.330e+00 4.882e-01
-4.320e+00 4.646e-01
-4.310e+00 4.141e-01
-4.300e+00 3.126e-01
-4.290e+00 4.902e-01
-4.280e+00 2.939e-01
-4.270e+00 5.832e-01
-4.260e+00 4.458e-01
-4.250e+00 4.108e-01
-4.240e+00 5.433e-01
-4.230e+00 5.361e-01
-4.220e+00 4.809e-01
-4.210e+00 4.564e-01
-4.200e+00 6.020e-01
-4.190e+00 3.118e-01
-4.180e+00 2.964e-01
-4.170e+00 5.110e-01
-4.160e+00 3.955e-01
-4.150e+00 8.823e-01
-4.140e+00 7.216e-01
-4.130e+00 5.234e-01
-4.120e+00 5.365e-01
-4.110e+00 8.366e-01
-4.100e+00 6.327e-01
-4.090e+00 3.848e-01
-4.080e+00 4.615e-01
-4.070e+00 5.493e-01
-4.060e+00 6.317e-01
-4.050e+00 9.756e-01
-4.040e+00 7.519e-01
-4.030e+00 6.119e-01
-4.020e+00 7.865e-01
-4.010e+00 8.119e-01
-4.000e+00 8.433e-01
-3.990e+00 7.038e-01
-3.980e+00 6.024e-01
-3.970e+00 5.231e-01
-3.960e+00 7.876e-01
-3.950e+00 9.606e-01
-3.940e+00 5.414e-01
-3.930e+00 4.371e-01
-3.920e+00 3.526e-01
-3.910e+00 4.278e-01
-3.900e+00 9.413e-01
-3.890e+00 8.448e-01
-3.880e+00 7.269e-01
-3.870e+00 4.236e-01
-3.860e+00 3.559e-01
-3.850e+00 2.813e-01
-3.840e+00 5.362e-01
-3.830e+00 4.630e-01
-3.820e+00 3.879e-01
-3.810e+00 3.635e-01
-3.800e+00 3.647e-01
-3.790e+00 6.723e-01
-3.780e+00 5.437e-01
-3.770e+00 4.384e-01
-3.760e+00 6.671e-01
-3.750e+00 5.723e-01
-3.740e+00 2.279e-01
-3.730e+00 1.025e-01
-3.720e+00 2.400e-01
-3.710e+00 5.806e-01
-3.700e+00 3.976e-01
-3.690e+00 3.887e-01
-3.680e+00 6.057e-01
-3.670e+00 8.576e-01
-3.660e+00 6.216e-01
-3.650e+00 1.008e+00
-3.640e+00 7.223e-01
-3.630e+00 5.507e-01
-3.620e+00 6.215e-01
-3.610e+00 7.980e-01
-3.600e+00 8.647e-01
-3.590e+00 8.865e-01
-3.580e+00 6.470e-01
-3.570e+00 4.335e-01
-3.560e+00 5.085e-01
-3.550e+00 6.417e-01
-3.540e+00 5.332e-01
-3.530e+00 5.602e-01
-3.520e+00 4.850e-01
-3.510e+00 3.568e-01
-3.500e+00 6.515e-01
-3.490e+00 6.248e-01
-3.480e+00 3.907e-01
-3.470e+00 4.068e-01
-3.460e+00 5.606e-01
-3.450e+00 7.784e-01
-3.440e+00 7.131e-01
-3.430e+00 5.864e-01
-3.420e+00 6.067e-01
-3.410e+00 6.024e-01
-3.400e+00 6.411e-01
-3.390e+00 3.999e-01
-3.380e+00 2.131e-01
-3.370e+00 4.585e-01
-3.360e+00 7.008e-01
-3.350e+00 6.750e-01
-3.340e+00 4.555e-01
-3.330e+00 6.726e-01
-3.320e+00 8.339e-01
-3.310e+00 6.786e-01
-3.300e+00 4.389e-01
-3.290e+00 6.716e-01
-3.280e+00 6.044e-01
-3.270e+00 5.558e-01
-3.260e+00 8.238e-01
-3.250e+00 8.668e-01
-3.240e+00 5.581e-01
-3.230e+00 8.459e-01
-3.220e+00 3.801e-01
-3.210e+00 2.924e-01
-3.200e+00 3.839e-01
-3.190e+00 4.026e-01
-3.180e+00 2.731e-01
-3.170e+00 6.080e-01
-3.160e+00 7.252e-01
-3.150e+00 4.802e-01
-3.140e+00 2.972e-01
-3.130e+00 3.889e-01
-3.120e+00 5.606e-01
-3.110e+00 5.174e-01
-3.100e+00 8.869e-01
-3.090e+00 9.317e-01
-3.080e+00 7.308e-01
-3.070e+00 6.111e-01
-3.060e+00 6.313e-01
-3.050e+00 6.753e-01
-3.040e+00 6.958e-01
-3.030e+00 6.821e-01
-3.020e+00 5.770e-01
-3.010e+00 8.073e-01
-3.000e+00 4.797e-01
-2.990e+00 5.528e-01
-2.980e+00 6.861e-01
-2.970e+00 7.230e-01
-2.960e+00 5.887e-01
-2.950e+00 9.203e-01
-2.940e+00 5.235e-01
-2.930e+00 4.171e-01
-2.920e+00 4.549e-01
-2.910e+00 5.665e-01
-2.900e+00 7.010e-01
-2.890e+00 6.016e-01
-2.880e+00 5.081e-01
-2.870e+00 4.563e-01
-2.860e+00 4.927e-01
-2.850e+00 4.416e-01
-2.840e+00 5.702e-01
-2.830e+00 7.436e-01
-2.820e+00 5.286e-01
-2.810e+00 8.242e-01
-2.800e+00 9.205e-01
-2.790e+00 5.382e-01
-2.780e+00 6.424e-01
-2.770e+00 4.417e-01
-2.760e+00 5.269e-01
-2.750e+00 1.144e+00
-2.740e+00 7.688e-01
-2.730e+00 5.674e-01
-2.720e+00 5.882e-01
-2.710e+00 4.166e-01
-2.700e+00 5.719e-01
-2.690e+00 5.309e-01
-2.680e+00 3.593e-01
-2.670e+00 4.312e-01
-2.660e+00 5.984e-01
-2.650e+00 4.973e-01
-2.640e+00 3.152e-01
-2.630e+00 2.202e-01
-2.620e+00 4.608e-01
-2.610e+00 4.533e-01
-2.600e+00 6.895e-01
-2.590e+00 8.564e-01
-2.580e+00 8.443e-01
-2.570e+00 4.857e-01
-2.560e+00 6.612e-01
-2.550e+00 7.087e-01
-2.540e+00 7.021e-01
-2.530e+00 6.869e-01
-2.520e+00 5.015e-01
-2.510e+00 4.467e-01
-2.500e+00 2.310e-01
-2.490e+00 4.250e-01
-2.480e+00 6.283e-01
-2.470e+00 5.239e-01
-2.460e+00 6.838e-01
-2.450e+00 7.315e-01
-2.440e+00 5.781e-01
-2.430e+00 5.676e-01
-2.420e+00 4.817e-01
-2.410e+00 3.446e-01
-2.400e+00 4.529e-01
-2.390e+00 6.672e-01
-2.380e+00 6.536e-01
-2.370e+00 8.938e-01
-2.360e+00 8.139e-01
-2.350e+00 1.417e+00
-2.340e+00 1.203e+00
-2.330e+00 8.158e-01
-2.320e+00 6.374e-01
-2.310e+00 6.907e-01
-2.300e+00 7.958e-01
-2.290e+00 3.122e-01
-2.280e+00 6.081e-01
-2.270e+00 5.772e-01
-2.260e+00 6.251e-01
-2.250e+00 4.892e-01
-2.240e+00 1.423e-01
-2.230e+00 4.655e-01
-2.220e+00 4.294e-01
-2.210e+00 8.270e-01
-2.200e+00 1.081e+00
-2.190e+00 8.601e-01
-2.180e+00 7.202e-01
-2.170e+00 6.094e-01
-2.160e+00 8.887e-01
-2.150e+00 7.475e-01
-2.140e+00 7.862e-01
-2.130e+00 7.721e-01
-2.120e+00 6.547e-01
-2.110e+00 9.352e-01
-2.100e+00 7.494e-01
-2.090e+00 6.722e-01
-2.080e+00 7.182e-01
-2.070e+00 4.103e-01
-2.060e+00 3.161e-01
-2.050e+00 4.034e-01
-2.040e+00 3.818e-01
-2.030e+00 4.427e-01
-2.020e+00 5.044e-01
-2.010e+00 5.632e-01
-2.000e+00 3.375e-01
-1.990e+00 5.697e-01
-1.980e+00 5.377e-01
-1.970e+00 5.416e-01
-1.960e+00 4.208e-01
-1.950e+00 6.639e-01
-1.940e+00 3.139e-01
-1.930e+00 1.701e-01
-1.920e+00 1.285e-01
-1.910e+00 -1.460e-01
-1.900e+00 1.829e-01
-1.890e+00 3.980e-01
-1.880e+00 1.717e-01
-1.870e+00 4.946e-01
-1.860e+00 2.050e-01
-1.850e+00 2.603e-01
-1.840e+00 5.132e-01
-1.830e+00 2.396e-01
-1.820e+00 2.096e-01
-1.810e+00 2.514e-01
-1.800e+00 3.714e-01
-1.790e+00 2.616e-01
-1.780e+00 3.406e-01
-1.770e+00 6.014e-01
-1.760e+00 5.909e-01
-1.750e+00 7.781e-01
-1.740e+00 1.531e-01
-1.730e+00 3.898e-01
-1.720e+00 2.900e-01
-1.710e+00 4.265e-02
-1.700e+00 6.420e-01
-1.690e+00 1.972e-01
-1.680e+00 6.785e-01
-1.670e+00 8.146e-01
-1.660e+00 7.489e-01
-1.650e+00 1.010e+00
-1.640e+00 6.346e-01
-1.630e+00 6.358e-01
-1.620e+00 3.880e-01
-1.610e+00 5.568e-01
-1.600e+00 6.660e-01
-1.590e+00 7.179e-01
-1.580e+00 6.408e-01
-1.570e+00 5.202e-01
-1.560e+00 5.454e-01
-1.550e+00 5.340e-02
-1.540e+00 1.146e-01
-1.530e+00 2.316e-01
-1.520e+00 2.932e-01
-1.510e+00 3.521e-01
-1.500e+00 5.788e-01
-1.490e+00 3.263e-01
-1.480e+00 4.901e-01
-1.470e+00 6.651e-01
-1.460e+00 5.012e-01
-1.450e+00 4.553e-01
-1.440e+00 9.317e-01
-1.430e+00 1.839e-01
-1.420e+00 7.083e-01
-1.410e+00 6.571e-01
-1.400e+00 6.111e-01
-1.390e+00 2.924e-01
-1.380e+00 6.186e-01
-1.370e+00 5.294e-01
-1.360e+00 7.378e-01
-1.350e+00 9.457e-01
-1.340e+00 5.523e-01
-1.330e+00 3.990e-01
-1.320e+00 3.217e-01
-1.310e+00 3.549e-01
-1.300e+00 8.316e-01
-1.290e+00 4.723e-01
-1.280e+00 4.731e-01
-1.270e+00 9.703e-01
-1.260e+00 6.287e-01
-1.250e+00 1.769e-01
-1.240e+00 5.287e-01
-1.230e+00 3.006e-01
-1.220e+00 5.182e-01
-1.210e+00 3.777e-01
-1.200e+00 5.952e-01
-1.190e+00 7.263e-03
-1.180e+00 2.272e-01
-1.170e+00 5.762e-01
-1.160e+00 1.616e-01
-1.150e+00 1.093e+00
-1.140e+00 8.468e-01
-1.130e+00 6.746e-01
-1.120e+00 9.259e-01
-1.110e+00 6.184e-01
-1.100e+00 8.466e-01
-1.090e+00 5.798e-01
-1.080e+00 7.988e-01
-1.070e+00 6.423e-01
-1.060e+00 6.524e-01
-1.050e+00 8.274e-01
-1.040e+00 6.502e-01
-1.030e+00 9.571e-01
-1.020e+00 1.228e+00
-1.010e+00 1.437e+00
-1.000e+00 6.799e-01
-9.900e-01 6.734e-01
-9.800e-01 6.723e-01
-9.700e-01 8.361e-01
-9.600e-01 1.333e+00
-9.500e-01 6.468e-01
-9.400e-01 5.056e-01
-9.300e-01 5.375e-01
-9.200e-01 8.337e-01
-9.100e-01 7.670e-01
-9.000e-01 8.610e-01
-8.900e-01 3.163e-01
-8.800e-01 4.730e-01
-8.700e-01 8.583e-01
-8.600e-01 7.612e-01
-8.500e-01 1.083e+00
-8.400e-01 8.028e-01
-8.300e-01 7.658e-01
-8.200e-01 7.131e-01
-8.100e-01 1.217e+00
-8.000e-01 2.164e+00
-7.900e-01 1.479e+00
-7.800e-01 1.261e+00
-7.700e-01 1.153e+00
-7.600e-01 1.247e+00
-7.500e-01 1.465e+00
-7.400e-01 1.145e+00
-7.300e-01 7.688e-01
-7.200e-01 3.478e-01
-7.100e-01 5.490e-01
-7.000e-01 -3.563e-01
-6.900e-01 7.808e-01
-6.800e-01 7.316e-01
-6.700e-01 1.010e+00
-6.600e-01 7.343e-01
-6.500e-01 1.012e+00
-6.400e-01 1.159e+00
-6.300e-01 4.273e-01
-6.200e-01 6.299e-01
-6.100e-01 6.898e-01
-6.000e-01 8.421e-01
-5.900e-01 1.472e-01
-5.800e-01 7.051e-01
-5.700e-01 6.222e-01
-5.600e-01 6.075e-01
-5.500e-01 1.766e-01
-5.400e-01 3.068e-01
-5.300e-01 1.353e+00
-5.200e-01 5.890e-01
-5.100e-01 9.754e-01
-5.000e-01 1.234e+00
-4.900e-01 3.549e-01
-4.800e-01 4.814e-01
-4.700e-01 4.779e-01
-4.600e-01 1.551e+00
-4.500e-01 1.859e+00
-4.400e-01 1.004e+00
-4.300e-01 4.191e-01
-4.200e-01 6.998e-01
-4.100e-01 1.098e+00
-4.000e-01 4.058e-01
-3.900e-01 7.759e-02
-3.800e-01 -1.214e-01
-3.700e-01 2.275e-01
-3.600e-01 2.824e-01
-3.500e-01 1.102e-01
-3.400e-01 8.543e-01
-3.300e-01 7.364e-01
-3.200e-01 7.545e-01
-3.100e-01 1.053e+00
-3.000e-01 1.404e+00
-2.900e-01 7.242e-01
-2.800e-01 1.606e+00
-2.700e-01 7.683e-01
-2.600e-01 7.534e-01
-2.500e-01 1.330e+00
-2.400e-01 1.914e+00
-2.300e-01 2.113e+00
-2.200e-01 1.648e+00
-2.100e-01 1.349e+00
-2.000e-01 2.098e+00
-1.900e-01 2.600e+00
-1.800e-01 2.770e+00
-1.700e-01 1.107e+00
-1.600e-01 1.885e+00
-1.500e-01 -1.436e-01
-1.400e-01 1.838e+00
-1.300e-01 2.124e+00
-1.200e-01 2.952e+00
-1.100e-01 2.399e+00
-1.000e-01 3.823e+00
-9.000e-02 3.768e+00
-8.000e-02 1.865e+00
-7.000e-02 2.908e+00
-6.000e-02 1.458e+00
-5.000e-02 4.187e+00
-4.000e-02 4.928e+00
-3.000e-02 1.350e+01
-2.000e-02 1.825e+01
-1.000e-02 5.013e+01
