# Time (ps)      real(F_0)      im(F_0)
0.000e+00 1.000e+00 0.000e+00
1.000e-01 9.427e-01 0.000e+00
2.000e-01 8.871e-01 0.000e+00
3.000e-01 8.643e-01 0.000e+00
4.000e-01 8.440e-01 0.000e+00
5.000e-01 8.133e-01 0.000e+00
6.000e-01 7.929e-01 0.000e+00
7.000e-01 7.990e-01 0.000e+00
8.000e-01 7.763e-01 0.000e+00
9.000e-01 7.710e-01 0.000e+00
1.000e+00 7.968e-01 0.000e+00
1.100e+00 7.743e-01 0.000e+00
1.200e+00 7.761e-01 0.000e+00
1.300e+00 7.427e-01 0.000e+00
1.400e+00 7.619e-01 0.000e+00
1.500e+00 7.287e-01 0.000e+00
1.600e+00 7.023e-01 0.000e+00
1.700e+00 7.102e-01 0.000e+00
1.800e+00 7.118e-01 0.000e+00
1.900e+00 7.201e-01 0.000e+00
2.000e+00 7.235e-01 0.000e+00
2.100e+00 6.979e-01 0.000e+00
2.200e+00 7.086e-01 0.000e+00
2.300e+00 6.871e-01 0.000e+00
2.400e+00 6.734e-01 0.000e+00
2.500e+00 6.591e-01 0.000e+00
2.600e+00 6.381e-01 0.000e+00
2.700e+00 6.494e-01 0.000e+00
2.800e+00 6.250e-01 0.000e+00
2.900e+00 6.188e-01 0.000e+00
3.000e+00 6.066e-01 0.000e+00
3.100e+00 6.094e-01 0.000e+00
3.200e+00 5.682e-01 0.000e+00
3.300e+00 5.825e-01 0.000e+00
3.400e+00 5.890e-01 0.000e+00
3.500e+00 5.739e-01 0.000e+00
3.600e+00 5.665e-01 0.000e+00
3.700e+00 5.506e-01 0.000e+00
3.800e+00 5.399e-01 0.000e+00
3.900e+00 5.517e-01 0.000e+00
4.000e+00 5.833e-01 0.000e+00
4.100e+00 5.456e-01 0.000e+00
4.200e+00 5.065e-01 0.000e+00
4.300e+00 5.133e-01 0.000e+00
4.400e+00 5.311e-01 0.000e+00
4.500e+00 5.257e-01 0.000e+00
4.600e+00 5.151e-01 0.000e+00
4.700e+00 5.093e-01 0.000e+00
4.800e+00 4.958e-01 0.000e+00
4.900e+00 4.756e-01 0.000e+00
5.000e+00 4.836e-01 0.000e+00
5.100e+00 4.768e-01 0.000e+00
5.200e+00 4.810e-01 0.000e+00
5.300e+00 4.468e-01 0.000e+00
5.400e+00 4.421e-01 0.000e+00
5.500e+00 4.480e-01 0.000e+00
5.600e+00 4.290e-01 0.000e+00
5.700e+00 4.179e-01 0.000e+00
5.800e+00 4.266e-01 0.000e+00
5.900e+00 4.454e-01 0.000e+00
6.000e+00 4.631e-01 0.000e+00
6.100e+00 4.519e-01 0.000e+00
6.200e+00 4.454e-01 0.000e+00
6.300e+00 4.507e-01 0.000e+00
6.400e+00 4.481e-01 0.000e+00
6.500e+00 4.426e-01 0.000e+00
6.600e+00 4.524e-01 0.000e+00
6.700e+00 4.371e-01 0.000e+00
6.800e+00 4.385e-01 0.000e+00
6.900e+00 4.200e-01 0.000e+00
7.000e+00 4.287e-01 0.000e+00
7.100e+00 4.343e-01 0.000e+00
7.200e+00 4.232e-01 0.000e+00
7.300e+00 4.138e-01 0.000e+00
7.400e+00 4.123e-01 0.000e+00
7.500e+00 4.112e-01 0.000e+00
7.600e+00 3.971e-01 0.000e+00
7.700e+00 3.984e-01 0.000e+00
7.800e+00 4.119e-01 0.000e+00
7.900e+00 4.072e-01 0.000e+00
8.000e+00 3.928e-01 0.000e+00
8.100e+00 3.958e-01 0.000e+00
8.200e+00 3.818e-01 0.000e+00
8.300e+00 4.048e-01 0.000e+00
8.400e+00 3.984e-01 0.000e+00
8.500e+00 4.037e-01 0.000e+00
8.600e+00 3.836e-01 0.000e+00
8.700e+00 3.830e-01 0.000e+00
8.800e+00 3.790e-01 0.000e+00
8.900e+00 3.722e-01 0.000e+00
9.000e+00 3.672e-01 0.000e+00
9.100e+00 3.662e-01 0.000e+00
9.200e+00 3.876e-01 0.000e+00
9.300e+00 3.815e-01 0.000e+00
9.400e+00 3.826e-01 0.000e+00
9.500e+00 3.840e-01 0.000e+00
9.600e+00 3.620e-01 0.000e+00
9.700e+00 3.598e-01 0.000e+00
9.800e+00 3.600e-01 0.000e+00
9.900e+00 3.551e-01 0.000e+00
1.000e+01 3.668e-01 0.000e+00
1.010e+01 3.874e-01 0.000e+00
1.020e+01 3.747e-01 0.000e+00
1.030e+01 3.618e-01 0.000e+00
1.040e+01 3.483e-01 0.000e+00
1.050e+01 3.342e-01 0.000e+00
1.060e+01 3.377e-01 0.000e+00
1.070e+01 3.542e-01 0.000e+00
1.080e+01 3.610e-01 0.000e+00
1.090e+01 3.441e-01 0.000e+00
1.100e+01 3.551e-01 0.000e+00
1.110e+01 3.449e-01 0.000e+00
1.120e+01 3.347e-01 0.000e+00
1.130e+01 3.339e-01 0.000e+00
1.140e+01 3.397e-01 0.000e+00
1.150e+01 3.121e-01 0.000e+00
1.160e+01 3.232e-01 0.000e+00
1.170e+01 3.031e-01 0.000e+00
1.180e+01 3.220e-01 0.000e+00
1.190e+01 3.037e-01 0.000e+00
1.200e+01 3.072e-01 0.000e+00
1.210e+01 2.953e-01 0.000e+00
1.220e+01 2.986e-01 0.000e+00
1.230e+01 3.020e-01 0.000e+00
1.240e+01 2.933e-01 0.000e+00
1.250e+01 2.915e-01 0.000e+00
1.260e+01 2.970e-01 0.000e+00
1.270e+01 3.320e-01 0.000e+00
1.280e+01 3.046e-01 0.000e+00
1.290e+01 2.951e-01 0.000e+00
1.300e+01 2.887e-01 0.000e+00
1.310e+01 2.953e-01 0.000e+00
1.320e+01 2.832e-01 0.000e+00
1.330e+01 2.901e-01 0.000e+00
1.340e+01 2.765e-01 0.000e+00
1.350e+01 2.778e-01 0.000e+00
1.360e+01 2.815e-01 0.000e+00
1.370e+01 2.808e-01 0.000e+00
1.380e+01 2.821e-01 0.000e+00
1.390e+01 2.825e-01 0.000e+00
1.400e+01 2.788e-01 0.000e+00
1.410e+01 2.890e-01 0.000e+00
1.420e+01 2.876e-01 0.000e+00
1.430e+01 2.781e-01 0.000e+00
1.440e+01 2.670e-01 0.000e+00
1.450e+01 2.710e-01 0.000e+00
1.460e+01 2.765e-01 0.000e+00
1.470e+01 2.853e-01 0.000e+00
1.480e+01 2.746e-01 0.000e+00
1.490e+01 2.607e-01 0.000e+00
1.500e+01 2.615e-01 0.000e+00
1.510e+01 2.595e-01 0.000e+00
1.520e+01 2.765e-01 0.000e+00
1.530e+01 2.617e-01 0.000e+00
1.540e+01 2.499e-01 0.000e+00
1.550e+01 2.538e-01 0.000e+00
1.560e+01 2.578e-01 0.000e+00
1.570e+01 2.602e-01 0.000e+00
1.580e+01 2.556e-01 0.000e+00
1.590e+01 2.682e-01 0.000e+00
1.600e+01 2.687e-01 0.000e+00
1.610e+01 2.679e-01 0.000e+00
1.620e+01 2.662e-01 0.000e+00
1.630e+01 2.491e-01 0.000e+00
1.640e+01 2.595e-01 0.000e+00
1.650e+01 2.617e-01 0.000e+00
1.660e+01 2.600e-01 0.000e+00
1.670e+01 2.633e-01 0.000e+00
1.680e+01 2.638e-01 0.000e+00
1.690e+01 2.430e-01 0.000e+00
1.700e+01 2.511e-01 0.000e+00
1.710e+01 2.554e-01 0.000e+00
1.720e+01 2.424e-01 0.000e+00
1.730e+01 2.413e-01 0.000e+00
1.740e+01 2.351e-01 0.000e+00
1.750e+01 2.279e-01 0.000e+00
1.760e+01 2.224e-01 0.000e+00
1.770e+01 2.349e-01 0.000e+00
1.780e+01 2.203e-01 0.000e+00
1.790e+01 2.400e-01 0.000e+00
1.800e+01 2.263e-01 0.000e+00
1.810e+01 2.379e-01 0.000e+00
1.820e+01 2.290e-01 0.000e+00
1.830e+01 2.289e-01 0.000e+00
1.840e+01 2.361e-01 0.000e+00
1.850e+01 2.358e-01 0.000e+00
1.860e+01 2.352e-01 0.000e+00
1.870e+01 2.409e-01 0.000e+00
1.880e+01 2.362e-01 0.000e+00
1.890e+01 2.280e-01 0.000e+00
1.900e+01 2.234e-01 0.000e+00
1.910e+01 2.229e-01 0.000e+00
1.920e+01 2.297e-01 0.000e+00
1.930e+01 2.465e-01 0.000e+00
1.940e+01 2.397e-01 0.000e+00
1.950e+01 2.366e-01 0.000e+00
1.960e+01 2.276e-01 0.000e+00
1.970e+01 2.358e-01 0.000e+00
1.980e+01 2.315e-01 0.000e+00
1.990e+01 2.133e-01 0.000e+00
2.000e+01 2.205e-01 0.000e+00
2.010e+01 2.336e-01 0.000e+00
2.020e+01 2.254e-01 0.000e+00
2.030e+01 2.187e-01 0.000e+00
2.040e+01 2.117e-01 0.000e+00
2.050e+01 2.098e-01 0.000e+00
2.060e+01 2.072e-01 0.000e+00
2.070e+01 2.237e-01 0.000e+00
2.080e+01 2.223e-01 0.000e+00
2.090e+01 2.234e-01 0.000e+00
2.100e+01 2.198e-01 0.000e+00
2.110e+01 2.190e-01 0.000e+00
2.120e+01 2.226e-01 0.000e+00
2.130e+01 2.113e-01 0.000e+00
2.140e+01 2.197e-01 0.000e+00
2.150e+01 2.217e-01 0.000e+00
2.160e+01 2.183e-01 0.000e+00
2.170e+01 2.037e-01 0.000e+00
2.180e+01 2.169e-01 0.000e+00
2.190e+01 2.023e-01 0.000e+00
2.200e+01 2.102e-01 0.000e+00
2.210e+01 2.054e-01 0.000e+00
2.220e+01 1.935e-01 0.000e+00
2.230e+01 2.046e-01 0.000e+00
2.240e+01 1.887e-01 0.000e+00
2.250e+01 1.986e-01 0.000e+00
2.260e+01 1.920e-01 0.000e+00
2.270e+01 2.045e-01 0.000e+00
2.280e+01 1.985e-01 0.000e+00
2.290e+01 1.907e-01 0.000e+00
2.300e+01 1.971e-01 0.000e+00
2.310e+01 2.089e-01 0.000e+00
2.320e+01 2.046e-01 0.000e+00
2.330e+01 2.062e-01 0.000e+00
2.340e+01 2.092e-01 0.000e+00
2.350e+01 2.129e-01 0.000e+00
2.360e+01 1.951e-01 0.000e+00
2.370e+01 1.954e-01 0.000e+00
2.380e+01 1.883e-01 0.000e+00
2.390e+01 1.894e-01 0.000e+00
2.400e+01 1.853e-01 0.000e+00
2.410e+01 2.013e-01 0.000e+00
2.420e+01 2.149e-01 0.000e+00
2.430e+01 2.067e-01 0.000e+00
2.440e+01 2.035e-01 0.000e+00
2.450e+01 2.025e-01 0.000e+00
2.460e+01 1.973e-01 0.000e+00
2.470e+01 2.027e-01 0.000e+00
2.480e+01 1.962e-01 0.000e+00
2.490e+01 1.858e-01 0.000e+00
2.500e+01 1.907e-01 0.000e+00
2.510e+01 1.953e-01 0.000e+00
2.520e+01 2.085e-01 0.000e+00
2.530e+01 1.902e-01 0.000e+00
2.540e+01 1.900e-01 0.000e+00
2.550e+01 2.003e-01 0.000e+00
2.560e+01 1.871e-01 0.000e+00
2.570e+01 1.882e-01 0.000e+00
2.580e+01 1.777e-01 0.000e+00
2.590e+01 1.895e-01 0.000e+00
2.600e+01 1.821e-01 0.000e+00
2.610e+01 1.870e-01 0.000e+00
2.620e+01 1.757e-01 0.000e+00
2.630e+01 1.829e-01 0.000e+00
2.640e+01 1.820e-01 0.000e+00
2.650e+01 1.680e-01 0.000e+00
2.660e+01 1.799e-01 0.000e+00
2.670e+01 1.793e-01 0.000e+00
2.680e+01 1.698e-01 0.000e+00
2.690e+01 1.606e-01 0.000e+00
2.700e+01 1.763e-01 0.000e+00
2.710e+01 1.854e-01 0.000e+00
2.720e+01 1.829e-01 0.000e+00
2.730e+01 1.670e-01 0.000e+00
2.740e+01 1.734e-01 0.000e+00
2.750e+01 1.703e-01 0.000e+00
2.760e+01 1.656e-01 0.000e+00
2.770e+01 1.835e-01 0.000e+00
2.780e+01 1.786e-01 0.000e+00
2.790e+01 1.805e-01 0.000e+00
2.800e+01 1.810e-01 0.000e+00
2.810e+01 1.912e-01 0.000e+00
2.820e+01 1.777e-01 0.000e+00
2.830e+01 1.828e-01 0.000e+00
2.840e+01 1.876e-01 0.000e+00
2.850e+01 1.923e-01 0.000e+00
2.860e+01 1.935e-01 0.000e+00
2.870e+01 1.946e-01 0.000e+00
2.880e+01 1.893e-01 0.000e+00
2.890e+01 1.990e-01 0.000e+00
2.900e+01 1.957e-01 0.000e+00
2.910e+01 1.899e-01 0.000e+00
2.920e+01 1.924e-01 0.000e+00
2.930e+01 1.913e-01 0.000e+00
2.940e+01 1.924e-01 0.000e+00
2.950e+01 1.779e-01 0.000e+00
2.960e+01 1.679e-01 0.000e+00
2.970e+01 1.874e-01 0.000e+00
2.980e+01 1.761e-01 0.000e+00
2.990e+01 1.766e-01 0.000e+00
3.000e+01 1.639e-01 0.000e+00
3.010e+01 1.772e-01 0.000e+00
3.020e+01 1.732e-01 0.000e+00
3.030e+01 1.755e-01 0.000e+00
3.040e+01 1.725e-01 0.000e+00
3.050e+01 1.746e-01 0.000e+00
3.060e+01 1.593e-01 0.000e+00
3.070e+01 1.654e-01 0.000e+00
3.080e+01 1.535e-01 0.000e+00
3.090e+01 1.654e-01 0.000e+00
3.100e+01 1.534e-01 0.000e+00
3.110e+01 1.602e-01 0.000e+00
3.120e+01 1.621e-01 0.000e+00
3.130e+01 1.617e-01 0.000e+00
3.140e+01 1.544e-01 0.000e+00
3.150e+01 1.575e-01 0.000e+00
3.160e+01 1.418e-01 0.000e+00
3.170e+01 1.510e-01 0.000e+00
3.180e+01 1.618e-01 0.000e+00
3.190e+01 1.512e-01 0.000e+00
3.200e+01 1.496e-01 0.000e+00
3.210e+01 1.486e-01 0.000e+00
3.220e+01 1.520e-01 0.000e+00
3.230e+01 1.463e-01 0.000e+00
3.240e+01 1.469e-01 0.000e+00
3.250e+01 1.495e-01 0.000e+00
3.260e+01 1.438e-01 0.000e+00
3.270e+01 1.376e-01 0.000e+00
3.280e+01 1.363e-01 0.000e+00
3.290e+01 1.462e-01 0.000e+00
3.300e+01 1.472e-01 0.000e+00
3.310e+01 1.589e-01 0.000e+00
3.320e+01 1.443e-01 0.000e+00
3.330e+01 1.431e-01 0.000e+00
3.340e+01 1.413e-01 0.000e+00
3.350e+01 1.398e-01 0.000e+00
3.360e+01 1.520e-01 0.000e+00
3.370e+01 1.545e-01 0.000e+00
3.380e+01 1.446e-01 0.000e+00
3.390e+01 1.545e-01 0.000e+00
3.400e+01 1.503e-01 0.000e+00
3.410e+01 1.581e-01 0.000e+00
3.420e+01 1.615e-01 0.000e+00
3.430e+01 1.586e-01 0.000e+00
3.440e+01 1.535e-01 0.000e+00
3.450e+01 1.621e-01 0.000e+00
3.460e+01 1.764e-01 0.000e+00
3.470e+01 1.686e-01 0.000e+00
3.480e+01 1.657e-01 0.000e+00
3.490e+01 1.572e-01 0.000e+00
3.500e+01 1.528e-01 0.000e+00
3.510e+01 1.480e-01 0.000e+00
3.520e+01 1.586e-01 0.000e+00
3.530e+01 1.403e-01 0.000e+00
3.540e+01 1.442e-01 0.000e+00
3.550e+01 1.427e-01 0.000e+00
3.560e+01 1.497e-01 0.000e+00
3.570e+01 1.490e-01 0.000e+00
3.580e+01 1.474e-01 0.000e+00
3.590e+01 1.562e-01 0.000e+00
3.600e+01 1.438e-01 0.000e+00
3.610e+01 1.435e-01 0.000e+00
3.620e+01 1.379e-01 0.000e+00
3.630e+01 1.339e-01 0.000e+00
3.640e+01 1.348e-01 0.000e+00
3.650e+01 1.314e-01 0.000e+00
3.660e+01 1.355e-01 0.000e+00
3.670e+01 1.453e-01 0.000e+00
3.680e+01 1.335e-01 0.000e+00
3.690e+01 1.218e-01 0.000e+00
3.700e+01 1.344e-01 0.000e+00
3.710e+01 1.347e-01 0.000e+00
3.720e+01 1.267e-01 0.000e+00
3.730e+01 1.280e-01 0.000e+00
3.740e+01 1.241e-01 0.000e+00
3.750e+01 1.232e-01 0.000e+00
3.760e+01 1.313e-01 0.000e+00
3.770e+01 1.356e-01 0.000e+00
3.780e+01 1.450e-01 0.000e+00
3.790e+01 1.436e-01 0.000e+00
3.800e+01 1.453e-01 0.000e+00
3.810e+01 1.323e-01 0.000e+00
3.820e+01 1.223e-01 0.000e+00
3.830e+01 1.207e-01 0.000e+00
3.840e+01 1.358e-01 0.000e+00
3.850e+01 1.361e-01 0.000e+00
3.860e+01 1.307e-01 0.000e+00
3.870e+01 1.320e-01 0.000e+00
3.880e+01 1.362e-01 0.000e+00
3.890e+01 1.402e-01 0.000e+00
3.900e+01 1.305e-01 0.000e+00
3.910e+01 1.299e-01 0.000e+00
3.920e+01 1.396e-01 0.000e+00
3.930e+01 1.402e-01 0.000e+00
3.940e+01 1.402e-01 0.000e+00
3.950e+01 1.488e-01 0.000e+00
3.960e+01 1.419e-01 0.000e+00
3.970e+01 1.445e-01 0.000e+00
3.980e+01 1.444e-01 0.000e+00
3.990e+01 1.398e-01 0.000e+00
4.000e+01 1.347e-01 0.000e+00
4.010e+01 1.400e-01 0.000e+00
4.020e+01 1.303e-01 0.000e+00
4.030e+01 1.369e-01 0.000e+00
4.040e+01 1.318e-01 0.000e+00
4.050e+01 1.250e-01 0.000e+00
4.060e+01 1.162e-01 0.000e+00
4.070e+01 1.280e-01 0.000e+00
4.080e+01 1.208e-01 0.000e+00
4.090e+01 1.270e-01 0.000e+00
4.100e+01 1.384e-01 0.000e+00
4.110e+01 1.295e-01 0.000e+00
4.120e+01 1.276e-01 0.000e+00
4.130e+01 1.185e-01 0.000e+00
4.140e+01 1.141e-01 0.000e+00
4.150e+01 1.086e-01 0.000e+00
4.160e+01 1.060e-01 0.000e+00
4.170e+01 1.110e-01 0.000e+00
4.180e+01 1.168e-01 0.000e+00
4.190e+01 1.170e-01 0.000e+00
4.200e+01 1.120e-01 0.000e+00
4.210e+01 1.092e-01 0.000e+00
4.220e+01 1.169e-01 0.000e+00
4.230e+01 1.123e-01 0.000e+00
4.240e+01 1.239e-01 0.000e+00
4.250e+01 1.183e-01 0.000e+00
4.260e+01 1.113e-01 0.000e+00
4.270e+01 1.154e-01 0.000e+00
4.280e+01 1.087e-01 0.000e+00
4.290e+01 1.060e-01 0.000e+00
4.300e+01 1.100e-01 0.000e+00
4.310e+01 1.203e-01 0.000e+00
4.320e+01 1.192e-01 0.000e+00
4.330e+01 1.102e-01 0.000e+00
4.340e+01 1.147e-01 0.000e+00
4.350e+01 1.062e-01 0.000e+00
4.360e+01 1.182e-01 0.000e+00
4.370e+01 1.268e-01 0.000e+00
4.380e+01 1.138e-01 0.000e+00
4.390e+01 1.167e-01 0.000e+00
4.400e+01 1.184e-01 0.000e+00
4.410e+01 1.147e-01 0.000e+00
4.420e+01 1.223e-01 0.000e+00
4.430e+01 1.171e-01 0.000e+00
4.440e+01 1.032e-01 0.000e+00
4.450e+01 1.049e-01 0.000e+00
4.460e+01 1.101e-01 0.000e+00
4.470e+01 1.070e-01 0.000e+00
4.480e+01 1.117e-01 0.000e+00
4.490e+01 9.873e-02 0.000e+00
4.500e+01 1.087e-01 0.000e+00
4.510e+01 1.016e-01 0.000e+00
4.520e+01 1.107e-01 0.000e+00
4.530e+01 1.054e-01 0.000e+00
4.540e+01 1.067e-01 0.000e+00
4.550e+01 1.005e-01 0.000e+00
4.560e+01 9.602e-02 0.000e+00
4.570e+01 9.616e-02 0.000e+00
4.580e+01 9.824e-02 0.000e+00
4.590e+01 9.656e-02 0.000e+00
4.600e+01 1.013e-01 0.000e+00
4.610e+01 9.581e-02 0.000e+00
4.620e+01 9.202e-02 0.000e+00
4.630e+01 8.519e-02 0.000e+00
4.640e+01 9.934e-02 0.000e+00
4.650e+01 1.047e-01 0.000e+00
4.660e+01 1.009e-01 0.000e+00
4.670e+01 1.037e-01 0.000e+00
4.680e+01 9.625e-02 0.000e+00
4.690e+01 8.479e-02 0.000e+00
4.700e+01 8.912e-02 0.000e+00
4.710e+01 9.209e-02 0.000e+00
4.720e+01 8.454e-02 0.000e+00
4.730e+01 9.312e-02 0.000e+00
4.740e+01 9.332e-02 0.000e+00
4.750e+01 8.975e-02 0.000e+00
4.760e+01 7.961e-02 0.000e+00
4.770e+01 8.418e-02 0.000e+00
4.780e+01 9.069e-02 0.000e+00
4.790e+01 8.883e-02 0.000e+00
4.800e+01 8.871e-02 0.000e+00
4.810e+01 8.261e-02 0.000e+00
4.820e+01 7.515e-02 0.000e+00
4.830e+01 7.052e-02 0.000e+00
4.840e+01 7.145e-02 0.000e+00
4.850e+01 7.594e-02 0.000e+00
4.860e+01 8.006e-02 0.000e+00
4.870e+01 9.126e-02 0.000e+00
4.880e+01 9.041e-02 0.000e+00
4.890e+01 8.388e-02 0.000e+00
4.900e+01 7.914e-02 0.000e+00
4.910e+01 8.377e-02 0.000e+00
4.920e+01 9.257e-02 0.000e+00
4.930e+01 9.089e-02 0.000e+00
4.940e+01 9.360e-02 0.000e+00
4.950e+01 9.851e-02 0.000e+00
4.960e+01 8.679e-02 0.000e+00
4.970e+01 9.088e-02 0.000e+00
4.980e+01 8.575e-02 0.000e+00
4.990e+01 8.123e-02 0.000e+00
5.000e+01 7.568e-02 0.000e+00
5.010e+01 8.566e-02 0.000e+00
5.020e+01 8.562e-02 0.000e+00
5.030e+01 8.413e-02 0.000e+00
5.040e+01 8.248e-02 0.000e+00
5.050e+01 7.787e-02 0.000e+00
5.060e+01 7.828e-02 0.000e+00
5.070e+01 7.342e-02 0.000e+00
5.080e+01 6.645e-02 0.000e+00
5.090e+01 7.789e-02 0.000e+00
5.100e+01 8.069e-02 0.000e+00
5.110e+01 8.188e-02 0.000e+00
5.120e+01 8.475e-02 0.000e+00
5.130e+01 9.227e-02 0.000e+00
5.140e+01 8.935e-02 0.000e+00
5.150e+01 8.139e-02 0.000e+00
5.160e+01 7.969e-02 0.000e+00
5.170e+01 8.476e-02 0.000e+00
5.180e+01 9.331e-02 0.000e+00
5.190e+01 8.622e-02 0.000e+00
5.200e+01 8.799e-02 0.000e+00
5.210e+01 7.834e-02 0.000e+00
5.220e+01 8.708e-02 0.000e+00
5.230e+01 8.421e-02 0.000e+00
5.240e+01 8.823e-02 0.000e+00
5.250e+01 7.456e-02 0.000e+00
5.260e+01 7.826e-02 0.000e+00
5.270e+01 7.204e-02 0.000e+00
5.280e+01 7.796e-02 0.000e+00
5.290e+01 7.635e-02 0.000e+00
5.300e+01 8.366e-02 0.000e+00
5.310e+01 8.872e-02 0.000e+00
5.320e+01 8.381e-02 0.000e+00
5.330e+01 8.305e-02 0.000e+00
5.340e+01 7.489e-02 0.000e+00
5.350e+01 7.705e-02 0.000e+00
5.360e+01 9.280e-02 0.000e+00
5.370e+01 8.362e-02 0.000e+00
5.380e+01 8.112e-02 0.000e+00
5.390e+01 8.784e-02 0.000e+00
5.400e+01 9.083e-02 0.000e+00
5.410e+01 8.487e-02 0.000e+00
5.420e+01 8.075e-02 0.000e+00
5.430e+01 8.430e-02 0.000e+00
5.440e+01 8.092e-02 0.000e+00
5.450e+01 9.210e-02 0.000e+00
5.460e+01 8.305e-02 0.000e+00
5.470e+01 8.182e-02 0.000e+00
5.480e+01 9.365e-02 0.000e+00
5.490e+01 8.362e-02 0.000e+00
5.500e+01 8.380e-02 0.000e+00
5.510e+01 7.791e-02 0.000e+00
5.520e+01 7.308e-02 0.000e+00
5.530e+01 6.830e-02 0.000e+00
5.540e+01 6.752e-02 0.000e+00
5.550e+01 6.291e-02 0.000e+00
5.560e+01 6.789e-02 0.000e+00
5.570e+01 7.052e-02 0.000e+00
5.580e+01 6.787e-02 0.000e+00
5.590e+01 6.216e-02 0.000e+00
5.600e+01 7.605e-02 0.000e+00
5.610e+01 6.903e-02 0.000e+00
5.620e+01 6.791e-02 0.000e+00
5.630e+01 6.393e-02 0.000e+00
5.640e+01 6.265e-02 0.000e+00
5.650e+01 6.729e-02 0.000e+00
5.660e+01 6.857e-02 0.000e+00
5.670e+01 6.596e-02 0.000e+00
5.680e+01 6.685e-02 0.000e+00
5.690e+01 6.908e-02 0.000e+00
5.700e+01 6.966e-02 0.000e+00
5.710e+01 6.166e-02 0.000e+00
5.720e+01 6.243e-02 0.000e+00
5.730e+01 6.511e-02 0.000e+00
5.740e+01 6.709e-02 0.000e+00
5.750e+01 6.662e-02 0.000e+00
5.760e+01 6.398e-02 0.000e+00
5.770e+01 6.022e-02 0.000e+00
5.780e+01 6.706e-02 0.000e+00
5.790e+01 6.268e-02 0.000e+00
5.800e+01 6.873e-02 0.000e+00
5.810e+01 5.503e-02 0.000e+00
5.820e+01 5.389e-02 0.000e+00
5.830e+01 5.610e-02 0.000e+00
5.840e+01 5.554e-02 0.000e+00
5.850e+01 5.692e-02 0.000e+00
5.860e+01 5.561e-02 0.000e+00
5.870e+01 5.519e-02 0.000e+00
5.880e+01 5.687e-02 0.000e+00
5.890e+01 5.828e-02 0.000e+00
5.900e+01 5.830e-02 0.000e+00
5.910e+01 6.388e-02 0.000e+00
5.920e+01 6.740e-02 0.000e+00
5.930e+01 6.556e-02 0.000e+00
5.940e+01 5.953e-02 0.000e+00
5.950e+01 6.074e-02 0.000e+00
5.960e+01 6.187e-02 0.000e+00
5.970e+01 6.140e-02 0.000e+00
5.980e+01 6.745e-02 0.000e+00
5.990e+01 5.808e-02 0.000e+00
6.000e+01 5.337e-02 0.000e+00
6.010e+01 5.907e-02 0.000e+00
6.020e+01 5.448e-02 0.000e+00
6.030e+01 6.332e-02 0.000e+00
6.040e+01 6.898e-02 0.000e+00
6.050e+01 6.926e-02 0.000e+00
6.060e+01 6.522e-02 0.000e+00
6.070e+01 6.857e-02 0.000e+00
6.080e+01 5.463e-02 0.000e+00
6.090e+01 4.947e-02 0.000e+00
6.100e+01 4.653e-02 0.000e+00
6.110e+01 5.353e-02 0.000e+00
6.120e+01 5.760e-02 0.000e+00
6.130e+01 5.393e-02 0.000e+00
6.140e+01 5.706e-02 0.000e+00
6.150e+01 5.240e-02 0.000e+00
6.160e+01 4.955e-02 0.000e+00
6.170e+01 5.604e-02 0.000e+00
6.180e+01 4.803e-02 0.000e+00
6.190e+01 5.188e-02 0.000e+00
6.200e+01 5.439e-02 0.000e+00
6.210e+01 5.373e-02 0.000e+00
6.220e+01 5.165e-02 0.000e+00
6.230e+01 5.275e-02 0.000e+00
6.240e+01 5.088e-02 0.000e+00
6.250e+01 4.807e-02 0.000e+00
6.260e+01 5.125e-02 0.000e+00
6.270e+01 5.002e-02 0.000e+00
6.280e+01 5.118e-02 0.000e+00
6.290e+01 4.608e-02 0.000e+00
6.300e+01 4.114e-02 0.000e+00
6.310e+01 4.696e-02 0.000e+00
6.320e+01 4.817e-02 0.000e+00
6.330e+01 4.853e-02 0.000e+00
6.340e+01 3.711e-02 0.000e+00
6.350e+01 3.710e-02 0.000e+00
6.360e+01 4.089e-02 0.000e+00
6.370e+01 4.753e-02 0.000e+00
6.380e+01 4.294e-02 0.000e+00
6.390e+01 4.180e-02 0.000e+00
6.400e+01 4.463e-02 0.000e+00
6.410e+01 4.952e-02 0.000e+00
6.420e+01 4.867e-02 0.000e+00
6.430e+01 4.832e-02 0.000e+00
6.440e+01 5.395e-02 0.000e+00
6.450e+01 5.156e-02 0.000e+00
6.460e+01 5.353e-02 0.000e+00
6.470e+01 4.662e-02 0.000e+00
6.480e+01 4.613e-02 0.000e+00
6.490e+01 4.423e-02 0.000e+00
6.500e+01 4.456e-02 0.000e+00
6.510e+01 4.240e-02 0.000e+00
6.520e+01 3.930e-02 0.000e+00
6.530e+01 3.865e-02 0.000e+00
6.540e+01 3.833e-02 0.000e+00
6.550e+01 4.303e-02 0.000e+00
6.560e+01 4.164e-02 0.000e+00
6.570e+01 4.589e-02 0.000e+00
6.580e+01 4.580e-02 0.000e+00
6.590e+01 4.240e-02 0.000e+00
6.600e+01 4.814e-02 0.000e+00
6.610e+01 4.627e-02 0.000e+00
6.620e+01 3.844e-02 0.000e+00
6.630e+01 3.563e-02 0.000e+00
6.640e+01 3.940e-02 0.000e+00
6.650e+01 4.762e-02 0.000e+00
6.660e+01 5.034e-02 0.000e+00
6.670e+01 4.335e-02 0.000e+00
6.680e+01 3.885e-02 0.000e+00
6.690e+01 3.938e-02 0.000e+00
6.700e+01 3.852e-02 0.000e+00
6.710e+01 4.026e-02 0.000e+00
6.720e+01 4.202e-02 0.000e+00
6.730e+01 4.060e-02 0.000e+00
6.740e+01 4.232e-02 0.000e+00
6.750e+01 3.991e-02 0.000e+00
6.760e+01 3.930e-02 0.000e+00
6.770e+01 3.920e-02 0.000e+00
6.780e+01 4.957e-02 0.000e+00
6.790e+01 5.308e-02 0.000e+00
6.800e+01 4.967e-02 0.000e+00
6.810e+01 4.150e-02 0.000e+00
6.820e+01 3.757e-02 0.000e+00
6.830e+01 4.345e-02 0.000e+00
6.840e+01 3.426e-02 0.000e+00
6.850e+01 3.641e-02 0.000e+00
6.860e+01 3.383e-02 0.000e+00
6.870e+01 4.132e-02 0.000e+00
6.880e+01 4.204e-02 0.000e+00
6.890e+01 4.557e-02 0.000e+00
6.900e+01 4.374e-02 0.000e+00
6.910e+01 4.941e-02 0.000e+00
6.920e+01 4.529e-02 0.000e+00
6.930e+01 4.469e-02 0.000e+00
6.940e+01 4.401e-02 0.000e+00
6.950e+01 4.076e-02 0.000e+00
6.960e+01 3.675e-02 0.000e+00
6.970e+01 3.623e-02 0.000e+00
6.980e+01 4.044e-02 0.000e+00
6.990e+01 3.420e-02 0.000e+00
7.000e+01 3.021e-02 0.000e+00
7.010e+01 3.370e-02 0.000e+00
7.020e+01 3.543e-02 0.000e+00
7.030e+01 3.621e-02 0.000e+00
7.040e+01 3.945e-02 0.000e+00
7.050e+01 3.967e-02 0.000e+00
7.060e+01 4.108e-02 0.000e+00
7.070e+01 4.348e-02 0.000e+00
7.080e+01 4.129e-02 0.000e+00
7.090e+01 4.165e-02 0.000e+00
7.100e+01 4.055e-02 0.000e+00
7.110e+01 4.187e-02 0.000e+00
7.120e+01 4.085e-02 0.000e+00
7.130e+01 3.614e-02 0.000e+00
7.140e+01 3.741e-02 0.000e+00
7.150e+01 3.734e-02 0.000e+00
7.160e+01 3.294e-02 0.000e+00
7.170e+01 3.587e-02 0.000e+00
7.180e+01 3.550e-02 0.000e+00
7.190e+01 3.638e-02 0.000e+00
7.200e+01 3.627e-02 0.000e+00
7.210e+01 3.583e-02 0.000e+00
7.220e+01 3.432e-02 0.000e+00
7.230e+01 3.341e-02 0.000e+00
7.240e+01 3.247e-02 0.000e+00
7.250e+01 3.192e-02 0.000e+00
7.260e+01 3.173e-02 0.000e+00
7.270e+01 3.080e-02 0.000e+00
7.280e+01 3.281e-02 0.000e+00
7.290e+01 3.799e-02 0.000e+00
7.300e+01 3.497e-02 0.000e+00
7.310e+01 3.454e-02 0.000e+00
7.320e+01 3.092e-02 0.000e+00
7.330e+01 3.168e-02 0.000e+00
7.340e+01 2.834e-02 0.000e+00
7.350e+01 2.541e-02 0.000e+00
7.360e+01 2.509e-02 0.000e+00
7.370e+01 2.813e-02 0.000e+00
7.380e+01 1.944e-02 0.000e+00
7.390e+01 2.632e-02 0.000e+00
7.400e+01 2.427e-02 0.000e+00
7.410e+01 3.316e-02 0.000e+00
7.420e+01 2.774e-02 0.000e+00
7.430e+01 3.105e-02 0.000e+00
7.440e+01 3.093e-02 0.000e+00
7.450e+01 3.511e-02 0.000e+00
7.460e+01 3.855e-02 0.000e+00
7.470e+01 3.155e-02 0.000e+00
7.480e+01 2.513e-02 0.000e+00
7.490e+01 2.867e-02 0.000e+00
7.500e+01 3.014e-02 0.000e+00
7.510e+01 2.982e-02 0.000e+00
7.520e+01 2.748e-02 0.000e+00
7.530e+01 2.651e-02 0.000e+00
7.540e+01 2.047e-02 0.000e+00
7.550e+01 2.238e-02 0.000e+00
7.560e+01 1.929e-02 0.000e+00
7.570e+01 2.202e-02 0.000e+00
7.580e+01 2.243e-02 0.000e+00
7.590e+01 1.942e-02 0.000e+00
7.600e+01 2.662e-02 0.000e+00
7.610e+01 2.955e-02 0.000e+00
7.620e+01 2.419e-02 0.000e+00
7.630e+01 2.362e-02 0.000e+00
7.640e+01 2.448e-02 0.000e+00
7.650e+01 2.946e-02 0.000e+00
7.660e+01 2.821e-02 0.000e+00
7.670e+01 2.602e-02 0.000e+00
7.680e+01 2.596e-02 0.000e+00
7.690e+01 2.835e-02 0.000e+00
7.700e+01 2.863e-02 0.000e+00
7.710e+01 2.731e-02 0.000e+00
7.720e+01 2.845e-02 0.000e+00
7.730e+01 3.075e-02 0.000e+00
7.740e+01 3.551e-02 0.000e+00
7.750e+01 3.102e-02 0.000e+00
7.760e+01 2.833e-02 0.000e+00
7.770e+01 2.682e-02 0.000e+00
7.780e+01 3.158e-02 0.000e+00
7.790e+01 3.240e-02 0.000e+00
7.800e+01 2.753e-02 0.000e+00
7.810e+01 2.733e-02 0.000e+00
7.820e+01 2.357e-02 0.000e+00
7.830e+01 2.781e-02 0.000e+00
7.840e+01 2.210e-02 0.000e+00
7.850e+01 2.435e-02 0.000e+00
7.860e+01 2.215e-02 0.000e+00
7.870e+01 1.860e-02 0.000e+00
7.880e+01 1.523e-02 0.000e+00
7.890e+01 1.889e-02 0.000e+00
7.900e+01 2.169e-02 0.000e+00
7.910e+01 2.360e-02 0.000e+00
7.920e+01 2.159e-02 0.000e+00
7.930e+01 2.153e-02 0.000e+00
7.940e+01 2.344e-02 0.000e+00
7.950e+01 2.292e-02 0.000e+00
7.960e+01 1.927e-02 0.000e+00
7.970e+01 2.025e-02 0.000e+00
7.980e+01 2.056e-02 0.000e+00
7.990e+01 1.523e-02 0.000e+00
8.000e+01 1.199e-02 0.000e+00
8.010e+01 1.490e-02 0.000e+00
8.020e+01 1.423e-02 0.000e+00
8.030e+01 1.685e-02 0.000e+00
8.040e+01 1.619e-02 0.000e+00
8.050e+01 1.582e-02 0.000e+00
8.060e+01 1.803e-02 0.000e+00
8.070e+01 1.755e-02 0.000e+00
8.080e+01 1.707e-02 0.000e+00
8.090e+01 1.472e-02 0.000e+00
8.100e+01 1.339e-02 0.000e+00
8.110e+01 1.333e-02 0.000e+00
8.120e+01 1.417e-02 0.000e+00
8.130e+01 1.357e-02 0.000e+00
8.140e+01 1.988e-02 0.000e+00
8.150e+01 1.945e-02 0.000e+00
8.160e+01 1.895e-02 0.000e+00
8.170e+01 1.894e-02 0.000e+00
8.180e+01 1.918e-02 0.000e+00
8.190e+01 2.160e-02 0.000e+00
8.200e+01 2.129e-02 0.000e+00
8.210e+01 1.831e-02 0.000e+00
8.220e+01 1.914e-02 0.000e+00
8.230e+01 1.866e-02 0.000e+00
8.240e+01 1.616e-02 0.000e+00
8.250e+01 1.799e-02 0.000e+00
8.260e+01 1.881e-02 0.000e+00
8.270e+01 2.148e-02 0.000e+00
8.280e+01 2.273e-02 0.000e+00
8.290e+01 2.161e-02 0.000e+00
8.300e+01 2.467e-02 0.000e+00
8.310e+01 2.389e-02 0.000e+00
8.320e+01 2.378e-02 0.000e+00
8.330e+01 2.251e-02 0.000e+00
8.340e+01 2.364e-02 0.000e+00
8.350e+01 2.000e-02 0.000e+00
8.360e+01 1.945e-02 0.000e+00
8.370e+01 2.204e-02 0.000e+00
8.380e+01 1.992e-02 0.000e+00
8.390e+01 1.805e-02 0.000e+00
8.400e+01 1.679e-02 0.000e+00
8.410e+01 2.677e-02 0.000e+00
8.420e+01 2.941e-02 0.000e+00
8.430e+01 2.830e-02 0.000e+00
8.440e+01 2.611e-02 0.000e+00
8.450e+01 3.126e-02 0.000e+00
8.460e+01 3.377e-02 0.000e+00
8.470e+01 2.664e-02 0.000e+00
8.480e+01 2.438e-02 0.000e+00
8.490e+01 2.173e-02 0.000e+00
8.500e+01 2.196e-02 0.000e+00
8.510e+01 2.131e-02 0.000e+00
8.520e+01 2.220e-02 0.000e+00
8.530e+01 2.517e-02 0.000e+00
8.540e+01 2.475e-02 0.000e+00
8.550e+01 2.814e-02 0.000e+00
8.560e+01 2.696e-02 0.000e+00
8.570e+01 2.667e-02 0.000e+00
8.580e+01 2.541e-02 0.000e+00
8.590e+01 2.679e-02 0.000e+00
8.600e+01 2.996e-02 0.000e+00
8.610e+01 2.451e-02 0.000e+00
8.620e+01 2.234e-02 0.000e+00
8.630e+01 3.017e-02 0.000e+00
8.640e+01 2.742e-02 0.000e+00
8.650e+01 2.614e-02 0.000e+00
8.660e+01 2.822e-02 0.000e+00
8.670e+01 2.243e-02 0.000e+00
8.680e+01 2.050e-02 0.000e+00
8.690e+01 2.377e-02 0.000e+00
8.700e+01 2.361e-02 0.000e+00
8.710e+01 2.465e-02 0.000e+00
8.720e+01 2.651e-02 0.000e+00
8.730e+01 2.413e-02 0.000e+00
8.740e+01 2.489e-02 0.000e+00
8.750e+01 2.643e-02 0.000e+00
8.760e+01 3.089e-02 0.000e+00
8.770e+01 2.394e-02 0.000e+00
8.780e+01 2.392e-02 0.000e+00
8.790e+01 2.689e-02 0.000e+00
8.800e+01 3.101e-02 0.000e+00
8.810e+01 2.792e-02 0.000e+00
8.820e+01 2.893e-02 0.000e+00
8.830e+01 2.562e-02 0.000e+00
8.840e+01 2.154e-02 0.000e+00
8.850e+01 1.801e-02 0.000e+00
8.860e+01 1.564e-02 0.000e+00
8.870e+01 1.632e-02 0.000e+00
8.880e+01 1.531e-02 0.000e+00
8.890e+01 1.620e-02 0.000e+00
8.900e+01 1.723e-02 0.000e+00
8.910e+01 2.120e-02 0.000e+00
8.920e+01 2.068e-02 0.000e+00
8.930e+01 1.928e-02 0.000e+00
8.940e+01 1.826e-02 0.000e+00
8.950e+01 1.882e-02 0.000e+00
8.960e+01 1.794e-02 0.000e+00
8.970e+01 1.672e-02 0.000e+00
8.980e+01 1.443e-02 0.000e+00
8.990e+01 1.572e-02 0.000e+00
9.000e+01 1.652e-02 0.000e+00
9.010e+01 1.771e-02 0.000e+00
9.020e+01 1.711e-02 0.000e+00
9.030e+01 1.691e-02 0.000e+00
9.040e+01 1.500e-02 0.000e+00
9.050e+01 1.442e-02 0.000e+00
9.060e+01 1.629e-02 0.000e+00
9.070e+01 1.476e-02 0.000e+00
9.080e+01 1.285e-02 0.000e+00
9.090e+01 1.435e-02 0.000e+00
9.100e+01 1.431e-02 0.000e+00
9.110e+01 1.423e-02 0.000e+00
9.120e+01 1.224e-02 0.000e+00
9.130e+01 1.468e-02 0.000e+00
9.140e+01 1.416e-02 0.000e+00
9.150e+01 1.632e-02 0.000e+00
9.160e+01 1.597e-02 0.000e+00
9.170e+01 1.482e-02 0.000e+00
9.180e+01 1.368e-02 0.000e+00
9.190e+01 1.389e-02 0.000e+00
9.200e+01 1.192e-02 0.000e+00
9.210e+01 1.010e-02 0.000e+00
9.220e+01 1.262e-02 0.000e+00
9.230e+01 1.333e-02 0.000e+00
9.240e+01 1.299e-02 0.000e+00
9.250e+01 1.144e-02 0.000e+00
9.260e+01 1.136e-02 0.000e+00
9.270e+01 1.229e-02 0.000e+00
9.280e+01 1.267e-02 0.000e+00
9.290e+01 1.368e-02 0.000e+00
9.300e+01 1.653e-02 0.000e+00
9.310e+01 1.837e-02 0.000e+00
9.320e+01 2.068e-02 0.000e+00
9.330e+01 2.068e-02 0.000e+00
9.340e+01 1.716e-02 0.000e+00
9.350e+01 1.652e-02 0.000e+00
9.360e+01 1.718e-02 0.000e+00
9.370e+01 1.968e-02 0.000e+00
9.380e+01 1.654e-02 0.000e+00
9.390e+01 1.714e-02 0.000e+00
9.400e+01 1.533e-02 0.000e+00
9.410e+01 1.599e-02 0.000e+00
9.420e+01 1.449e-02 0.000e+00
9.430e+01 1.442e-02 0.000e+00
9.440e+01 1.589e-02 0.000e+00
9.450e+01 1.544e-02 0.000e+00
9.460e+01 1.962e-02 0.000e+00
9.470e+01 1.552e-02 0.000e+00
9.480e+01 1.450e-02 0.000e+00
9.490e+01 1.261e-02 0.000e+00
9.500e+01 1.244e-02 0.000e+00
9.510e+01 1.471e-02 0.000e+00
9.520e+01 1.547e-02 0.000e+00
9.530e+01 1.671e-02 0.000e+00
9.540e+01 1.790e-02 0.000e+00
9.550e+01 1.575e-02 0.000e+00
9.560e+01 1.619e-02 0.000e+00
9.570e+01 1.393e-02 0.000e+00
9.580e+01 1.699e-02 0.000e+00
9.590e+01 1.515e-02 0.000e+00
9.600e+01 1.425e-02 0.000e+00
9.610e+01 1.594e-02 0.000e+00
9.620e+01 1.498e-02 0.000e+00
9.630e+01 1.480e-02 0.000e+00
9.640e+01 1.306e-02 0.000e+00
9.650e+01 1.546e-02 0.000e+00
9.660e+01 1.372e-02 0.000e+00
9.670e+01 1.794e-02 0.000e+00
9.680e+01 1.749e-02 0.000e+00
9.690e+01 1.912e-02 0.000e+00
9.700e+01 2.031e-02 0.000e+00
9.710e+01 1.974e-02 0.000e+00
9.720e+01 2.054e-02 0.000e+00
9.730e+01 1.814e-02 0.000e+00
9.740e+01 1.839e-02 0.000e+00
9.750e+01 1.898e-02 0.000e+00
9.760e+01 1.877e-02 0.000e+00
9.770e+01 1.711e-02 0.000e+00
9.780e+01 1.556e-02 0.000e+00
9.790e+01 1.530e-02 0.000e+00
9.800e+01 1.586e-02 0.000e+00
9.810e+01 1.584e-02 0.000e+00
9.820e+01 1.452e-02 0.000e+00
9.830e+01 1.726e-02 0.000e+00
9.840e+01 1.709e-02 0.000e+00
9.850e+01 1.375e-02 0.000e+00
9.860e+01 1.277e-02 0.000e+00
9.870e+01 1.589e-02 0.000e+00
9.880e+01 1.693e-02 0.000e+00
9.890e+01 1.437e-02 0.000e+00
9.900e+01 1.399e-02 0.000e+00
9.910e+01 1.715e-02 0.000e+00
9.920e+01 1.670e-02 0.000e+00
9.930e+01 1.267e-02 0.000e+00
9.940e+01 1.244e-02 0.000e+00
9.950e+01 1.157e-02 0.000e+00
9.960e+01 1.186e-02 0.000e+00
9.970e+01 1.269e-02 0.000e+00
9.980e+01 1.194e-02 0.000e+00
9.990e+01 1.365e-02 0.000e+00
