# Frequency (1.0/ps)      real(fft(F_1))
0.000e+00 1.394e+02
1.000e-02 5.945e+01
2.000e-02 3.422e+01
3.000e-02 1.922e+01
4.000e-02 7.537e+00
5.000e-02 7.348e+00
6.000e-02 1.723e+00
7.000e-02 4.557e+00
8.000e-02 4.083e-01
9.000e-02 1.241e+00
1.000e-01 4.776e+00
1.100e-01 4.092e+00
1.200e-01 5.105e+00
1.300e-01 1.264e+00
1.400e-01 -1.075e+00
1.500e-01 1.103e+00
1.600e-01 2.890e+00
1.700e-01 1.734e+00
1.800e-01 2.373e+00
1.900e-01 5.824e-01
2.000e-01 3.543e+00
2.100e-01 2.561e+00
2.200e-01 2.313e+00
2.300e-01 2.125e+00
2.400e-01 4.697e-01
2.500e-01 7.148e-02
2.600e-01 -8.459e-01
2.700e-01 -9.361e-01
2.800e-01 6.817e-01
2.900e-01 2.014e-01
3.000e-01 -1.913e-01
3.100e-01 4.191e-01
3.200e-01 1.960e-01
3.300e-01 1.745e+00
3.400e-01 1.582e+00
3.500e-01 1.805e+00
3.600e-01 1.314e+00
3.700e-01 3.420e-01
3.800e-01 9.903e-01
3.900e-01 7.566e-01
4.000e-01 7.949e-01
4.100e-01 1.727e+00
4.200e-01 1.194e+00
4.300e-01 1.285e+00
4.400e-01 2.172e+00
4.500e-01 1.546e+00
4.600e-01 7.286e-01
4.700e-01 8.598e-01
4.800e-01 6.156e-01
4.900e-01 -2.100e-01
5.000e-01 1.788e+00
5.100e-01 1.542e+00
5.200e-01 1.554e+00
5.300e-01 5.161e-01
5.400e-01 4.964e-01
5.500e-01 2.099e-01
5.600e-01 8.429e-01
5.700e-01 1.380e+00
5.800e-01 1.390e+00
5.900e-01 1.522e+00
6.000e-01 1.366e+00
6.100e-01 2.007e+00
6.200e-01 1.174e+00
6.300e-01 1.559e+00
6.400e-01 5.781e-01
6.500e-01 4.649e-01
6.600e-01 1.376e+00
6.700e-01 9.180e-01
6.800e-01 1.361e+00
6.900e-01 9.728e-01
7.000e-01 2.054e-01
7.100e-01 1.096e+00
7.200e-01 8.503e-01
7.300e-01 4.886e-01
7.400e-01 5.403e-01
7.500e-01 2.638e-01
7.600e-01 8.040e-01
7.700e-01 2.106e-01
7.800e-01 1.287e+00
7.900e-01 5.782e-01
8.000e-01 -2.758e-01
8.100e-01 -6.614e-01
8.200e-01 -1.718e-01
8.300e-01 -2.938e-01
8.400e-01 4.757e-01
8.500e-01 1.981e-01
8.600e-01 6.662e-02
8.700e-01 7.052e-02
8.800e-01 2.326e-01
8.900e-01 -3.215e-01
9.000e-01 6.669e-01
9.100e-01 5.048e-01
9.200e-01 1.179e+00
9.300e-01 1.140e+00
9.400e-01 4.338e-01
9.500e-01 3.498e-01
9.600e-01 1.083e+00
9.700e-01 2.809e-01
9.800e-01 -4.441e-02
9.900e-01 -4.308e-01
1.000e+00 4.335e-01
1.010e+00 2.472e-01
1.020e+00 5.830e-01
1.030e+00 1.577e+00
1.040e+00 9.945e-01
1.050e+00 8.152e-01
1.060e+00 6.970e-01
1.070e+00 1.103e+00
1.080e+00 1.319e+00
1.090e+00 1.282e+00
1.100e+00 1.797e-01
1.110e+00 3.361e-01
1.120e+00 4.425e-01
1.130e+00 6.246e-01
1.140e+00 5.612e-01
1.150e+00 8.365e-01
1.160e+00 1.334e+00
1.170e+00 1.169e+00
1.180e+00 1.128e+00
1.190e+00 1.279e+00
1.200e+00 9.689e-01
1.210e+00 8.973e-01
1.220e+00 8.418e-01
1.230e+00 8.613e-01
1.240e+00 4.746e-01
1.250e+00 3.741e-01
1.260e+00 4.208e-01
1.270e+00 7.773e-01
1.280e+00 7.840e-01
1.290e+00 5.219e-01
1.300e+00 9.610e-01
1.310e+00 1.113e+00
1.320e+00 1.452e+00
1.330e+00 1.478e+00
1.340e+00 1.159e+00
1.350e+00 9.778e-01
1.360e+00 8.426e-01
1.370e+00 8.256e-01
1.380e+00 6.360e-01
1.390e+00 8.494e-01
1.400e+00 -4.501e-01
1.410e+00 5.244e-01
1.420e+00 5.960e-01
1.430e+00 1.363e+00
1.440e+00 1.471e+00
1.450e+00 9.167e-01
1.460e+00 1.187e+00
1.470e+00 5.626e-01
1.480e+00 6.298e-01
1.490e+00 6.532e-01
1.500e+00 8.729e-01
1.510e+00 9.032e-01
1.520e+00 1.224e+00
1.530e+00 1.312e+00
1.540e+00 6.369e-01
1.550e+00 5.441e-01
1.560e+00 1.059e-01
1.570e+00 4.904e-01
1.580e+00 1.957e-01
1.590e+00 9.369e-01
1.600e+00 8.846e-01
1.610e+00 5.070e-01
1.620e+00 4.423e-01
1.630e+00 3.430e-01
1.640e+00 -2.694e-01
1.650e+00 -8.278e-02
1.660e+00 2.827e-01
1.670e+00 2.930e-01
1.680e+00 5.037e-01
1.690e+00 7.674e-01
1.700e+00 7.795e-02
1.710e+00 -1.341e-01
1.720e+00 -1.070e-01
1.730e+00 -4.210e-02
1.740e+00 2.800e-01
1.750e+00 8.093e-01
1.760e+00 7.938e-01
1.770e+00 8.775e-01
1.780e+00 6.242e-01
1.790e+00 2.849e-01
1.800e+00 3.677e-01
1.810e+00 5.041e-01
1.820e+00 5.871e-01
1.830e+00 4.434e-01
1.840e+00 3.348e-01
1.850e+00 7.907e-01
1.860e+00 1.234e+00
1.870e+00 3.439e-01
1.880e+00 6.801e-01
1.890e+00 -7.711e-02
1.900e+00 -2.593e-02
1.910e+00 3.279e-01
1.920e+00 1.113e-01
1.930e+00 4.193e-01
1.940e+00 6.986e-01
1.950e+00 5.427e-01
1.960e+00 5.261e-01
1.970e+00 3.265e-01
1.980e+00 4.940e-01
1.990e+00 1.062e+00
2.000e+00 8.132e-01
2.010e+00 9.880e-01
2.020e+00 9.158e-01
2.030e+00 6.372e-01
2.040e+00 7.773e-01
2.050e+00 7.549e-01
2.060e+00 4.188e-01
2.070e+00 8.597e-01
2.080e+00 1.743e-01
2.090e+00 6.344e-01
2.100e+00 7.480e-01
2.110e+00 -1.817e-01
2.120e+00 1.272e-01
2.130e+00 -6.647e-02
2.140e+00 -3.486e-02
2.150e+00 3.045e-01
2.160e+00 6.087e-01
2.170e+00 7.866e-01
2.180e+00 4.901e-01
2.190e+00 7.930e-01
2.200e+00 1.154e+00
2.210e+00 8.991e-01
2.220e+00 1.057e+00
2.230e+00 9.497e-01
2.240e+00 7.995e-01
2.250e+00 9.994e-01
2.260e+00 2.909e-01
2.270e+00 3.244e-01
2.280e+00 3.963e-01
2.290e+00 1.698e-01
2.300e+00 1.028e-01
2.310e+00 -1.708e-01
2.320e+00 -1.225e-02
2.330e+00 2.365e-01
2.340e+00 3.677e-01
2.350e+00 7.708e-01
2.360e+00 6.143e-01
2.370e+00 9.039e-01
2.380e+00 8.236e-01
2.390e+00 1.051e+00
2.400e+00 1.055e+00
2.410e+00 8.456e-01
2.420e+00 5.121e-01
2.430e+00 3.892e-01
2.440e+00 5.344e-01
2.450e+00 5.253e-01
2.460e+00 1.148e-01
2.470e+00 4.490e-01
2.480e+00 5.747e-01
2.490e+00 7.434e-01
2.500e+00 4.895e-01
2.510e+00 6.201e-01
2.520e+00 8.142e-01
2.530e+00 3.494e-01
2.540e+00 7.450e-01
2.550e+00 7.897e-01
2.560e+00 7.078e-01
2.570e+00 1.276e-01
2.580e+00 4.855e-01
2.590e+00 8.263e-01
2.600e+00 9.504e-01
2.610e+00 8.055e-01
2.620e+00 4.908e-01
2.630e+00 5.565e-01
2.640e+00 9.909e-01
2.650e+00 8.787e-01
2.660e+00 8.269e-01
2.670e+00 5.383e-01
2.680e+00 5.413e-01
2.690e+00 3.960e-01
2.700e+00 3.299e-01
2.710e+00 7.076e-01
2.720e+00 1.054e+00
2.730e+00 9.867e-01
2.740e+00 1.236e+00
2.750e+00 9.743e-01
2.760e+00 7.393e-01
2.770e+00 2.959e-01
2.780e+00 4.290e-01
2.790e+00 6.979e-01
2.800e+00 5.540e-01
2.810e+00 3.408e-01
2.820e+00 6.344e-01
2.830e+00 8.379e-01
2.840e+00 6.212e-01
2.850e+00 8.030e-01
2.860e+00 5.119e-01
2.870e+00 5.840e-01
2.880e+00 8.731e-01
2.890e+00 9.216e-01
2.900e+00 6.120e-01
2.910e+00 3.273e-01
2.920e+00 3.134e-01
2.930e+00 4.897e-01
2.940e+00 4.557e-01
2.950e+00 3.955e-01
2.960e+00 3.257e-01
2.970e+00 6.115e-01
2.980e+00 5.514e-01
2.990e+00 7.900e-01
3.000e+00 7.198e-01
3.010e+00 2.944e-01
3.020e+00 3.355e-01
3.030e+00 6.386e-01
3.040e+00 5.707e-01
3.050e+00 4.027e-01
3.060e+00 5.746e-01
3.070e+00 5.130e-01
3.080e+00 3.952e-01
3.090e+00 4.761e-01
3.100e+00 4.335e-01
3.110e+00 6.122e-01
3.120e+00 7.186e-01
3.130e+00 6.747e-01
3.140e+00 5.293e-01
3.150e+00 2.911e-01
3.160e+00 2.137e-01
3.170e+00 2.102e-01
3.180e+00 5.613e-01
3.190e+00 6.172e-01
3.200e+00 1.604e-01
3.210e+00 -1.285e-01
3.220e+00 2.588e-01
3.230e+00 3.409e-01
3.240e+00 5.620e-01
3.250e+00 6.300e-01
3.260e+00 8.050e-01
3.270e+00 9.552e-01
3.280e+00 8.811e-01
3.290e+00 3.385e-01
3.300e+00 3.227e-01
3.310e+00 4.635e-01
3.320e+00 6.991e-01
3.330e+00 4.118e-01
3.340e+00 4.480e-01
3.350e+00 2.440e-01
3.360e+00 5.019e-01
3.370e+00 1.212e-01
3.380e+00 1.194e-01
3.390e+00 3.565e-01
3.400e+00 8.637e-01
3.410e+00 6.290e-01
3.420e+00 7.710e-01
3.430e+00 4.588e-01
3.440e+00 5.062e-01
3.450e+00 4.055e-01
3.460e+00 2.948e-01
3.470e+00 6.087e-01
3.480e+00 5.305e-01
3.490e+00 8.267e-01
3.500e+00 6.190e-01
3.510e+00 5.975e-01
3.520e+00 5.416e-01
3.530e+00 2.528e-01
3.540e+00 3.411e-01
3.550e+00 1.106e-01
3.560e+00 2.859e-01
3.570e+00 4.159e-01
3.580e+00 4.998e-01
3.590e+00 6.903e-01
3.600e+00 6.361e-01
3.610e+00 5.789e-01
3.620e+00 7.299e-01
3.630e+00 2.430e-01
3.640e+00 1.543e-01
3.650e+00 6.151e-01
3.660e+00 5.563e-01
3.670e+00 3.680e-01
3.680e+00 3.501e-01
3.690e+00 2.701e-01
3.700e+00 5.424e-01
3.710e+00 4.644e-01
3.720e+00 2.920e-01
3.730e+00 1.653e-01
3.740e+00 5.516e-01
3.750e+00 5.843e-01
3.760e+00 4.886e-01
3.770e+00 7.733e-01
3.780e+00 9.352e-01
3.790e+00 6.248e-01
3.800e+00 6.165e-01
3.810e+00 6.494e-01
3.820e+00 4.606e-01
3.830e+00 5.254e-01
3.840e+00 2.453e-01
3.850e+00 5.240e-01
3.860e+00 2.571e-01
3.870e+00 5.580e-01
3.880e+00 2.950e-01
3.890e+00 2.885e-01
3.900e+00 3.808e-01
3.910e+00 6.014e-01
3.920e+00 7.295e-01
3.930e+00 8.176e-01
3.940e+00 8.372e-01
3.950e+00 6.014e-01
3.960e+00 5.978e-01
3.970e+00 7.002e-01
3.980e+00 4.223e-01
3.990e+00 5.967e-01
4.000e+00 7.842e-03
4.010e+00 3.765e-01
4.020e+00 7.033e-01
4.030e+00 5.150e-01
4.040e+00 2.015e-01
4.050e+00 1.336e-01
4.060e+00 -1.461e-01
4.070e+00 3.918e-02
4.080e+00 5.782e-01
4.090e+00 5.561e-01
4.100e+00 4.403e-01
4.110e+00 3.326e-01
4.120e+00 2.235e-01
4.130e+00 3.480e-01
4.140e+00 3.708e-01
4.150e+00 5.124e-01
4.160e+00 2.563e-01
4.170e+00 2.202e-01
4.180e+00 1.992e-01
4.190e+00 7.655e-01
4.200e+00 1.983e-01
4.210e+00 5.809e-01
4.220e+00 3.532e-01
4.230e+00 3.220e-01
4.240e+00 2.469e-01
4.250e+00 1.292e-01
4.260e+00 -1.823e-02
4.270e+00 -9.852e-02
4.280e+00 3.848e-01
4.290e+00 3.646e-01
4.300e+00 1.013e+00
4.310e+00 7.699e-01
4.320e+00 4.303e-01
4.330e+00 6.707e-01
4.340e+00 6.112e-01
4.350e+00 7.334e-01
4.360e+00 5.488e-01
4.370e+00 5.929e-01
4.380e+00 4.345e-01
4.390e+00 1.045e+00
4.400e+00 1.104e+00
4.410e+00 6.514e-01
4.420e+00 2.183e-01
4.430e+00 2.906e-01
4.440e+00 -3.178e-01
4.450e+00 -2.723e-02
4.460e+00 -3.087e-01
4.470e+00 -1.174e-01
4.480e+00 2.645e-01
4.490e+00 8.540e-01
4.500e+00 1.102e+00
4.510e+00 9.408e-01
4.520e+00 6.288e-01
4.530e+00 6.492e-01
4.540e+00 3.348e-01
4.550e+00 6.112e-01
4.560e+00 6.811e-01
4.570e+00 3.186e-01
4.580e+00 2.951e-01
4.590e+00 1.523e-01
4.600e+00 3.732e-01
4.610e+00 9.759e-01
4.620e+00 1.037e+00
4.630e+00 6.239e-01
4.640e+00 5.640e-01
4.650e+00 6.805e-01
4.660e+00 5.359e-01
4.670e+00 7.489e-01
4.680e+00 4.240e-01
4.690e+00 7.987e-01
4.700e+00 4.423e-01
4.710e+00 6.338e-01
4.720e+00 5.738e-01
4.730e+00 5.160e-01
4.740e+00 3.727e-01
4.750e+00 2.791e-01
4.760e+00 4.361e-01
4.770e+00 5.910e-01
4.780e+00 5.550e-01
4.790e+00 6.508e-01
4.800e+00 5.843e-01
4.810e+00 5.432e-01
4.820e+00 5.807e-01
4.830e+00 3.832e-01
4.840e+00 2.315e-01
4.850e+00 4.639e-01
4.860e+00 2.085e-01
4.870e+00 7.529e-01
4.880e+00 7.733e-01
4.890e+00 6.589e-01
4.900e+00 5.243e-01
4.910e+00 6.546e-01
4.920e+00 4.098e-01
4.930e+00 1.172e-01
4.940e+00 2.574e-01
4.950e+00 6.135e-01
4.960e+00 5.917e-01
4.970e+00 3.927e-01
4.980e+00 5.086e-01
4.990e+00 -9.281e-02
-5.000e+00 3.982e-01
-4.990e+00 4.841e-01
-4.980e+00 6.406e-01
-4.970e+00 8.575e-01
-4.960e+00 7.375e-01
-4.950e+00 8.513e-01
-4.940e+00 4.315e-01
-4.930e+00 4.878e-01
-4.920e+00 3.626e-01
-4.910e+00 5.654e-01
-4.900e+00 7.303e-01
-4.890e+00 8.023e-01
-4.880e+00 8.102e-01
-4.870e+00 1.136e+00
-4.860e+00 6.330e-01
-4.850e+00 8.002e-01
-4.840e+00 8.775e-01
-4.830e+00 4.968e-01
-4.820e+00 7.279e-01
-4.810e+00 5.503e-01
-4.800e+00 7.104e-02
-4.790e+00 6.160e-01
-4.780e+00 5.106e-01
-4.770e+00 6.070e-01
-4.760e+00 9.873e-01
-4.750e+00 6.668e-01
-4.740e+00 6.295e-01
-4.730e+00 6.761e-01
-4.720e+00 4.376e-01
-4.710e+00 2.455e-01
-4.700e+00 1.150e-01
-4.690e+00 7.694e-01
-4.680e+00 5.275e-01
-4.670e+00 6.856e-01
-4.660e+00 3.870e-01
-4.650e+00 3.612e-01
-4.640e+00 5.808e-01
-4.630e+00 7.716e-01
-4.620e+00 7.258e-01
-4.610e+00 1.183e+00
-4.600e+00 8.160e-01
-4.590e+00 3.981e-01
-4.580e+00 5.098e-01
-4.570e+00 2.496e-01
-4.560e+00 5.471e-01
-4.550e+00 8.152e-01
-4.540e+00 5.575e-01
-4.530e+00 5.340e-01
-4.520e+00 4.731e-01
-4.510e+00 5.676e-01
-4.500e+00 5.831e-01
-4.490e+00 4.331e-01
-4.480e+00 7.126e-01
-4.470e+00 3.329e-01
-4.460e+00 2.337e-01
-4.450e+00 2.876e-01
-4.440e+00 1.683e-01
-4.430e+00 3.733e-01
-4.420e+00 5.181e-01
-4.410e+00 7.009e-01
-4.400e+00 5.613e-01
-4.390e+00 6.198e-01
-4.380e+00 4.939e-01
-4.370e+00 8.426e-01
-4.360e+00 8.616e-01
-4.350e+00 7.098e-01
-4.340e+00 5.559e-01
-4.330e+00 2.922e-01
-4.320e+00 4.389e-01
-4.310e+00 5.142e-01
-4.300e+00 9.847e-01
-4.290e+00 4.468e-01
-4.280e+00 3.282e-01
-4.270e+00 6.910e-03
-4.260e+00 -1.513e-01
-4.250e+00 9.026e-02
-4.240e+00 1.010e-01
-4.230e+00 2.625e-01
-4.220e+00 5.961e-02
-4.210e+00 4.757e-01
-4.200e+00 2.879e-01
-4.190e+00 6.499e-01
-4.180e+00 4.045e-01
-4.170e+00 3.948e-01
-4.160e+00 7.176e-01
-4.150e+00 3.964e-01
-4.140e+00 3.033e-01
-4.130e+00 6.858e-02
-4.120e+00 1.825e-01
-4.110e+00 1.188e-01
-4.100e+00 4.128e-01
-4.090e+00 3.255e-01
-4.080e+00 6.101e-01
-4.070e+00 6.514e-01
-4.060e+00 6.389e-01
-4.050e+00 4.547e-01
-4.040e+00 8.984e-02
-4.030e+00 1.877e-01
-4.020e+00 1.709e-01
-4.010e+00 7.310e-02
-4.000e+00 -2.784e-01
-3.990e+00 2.790e-01
-3.980e+00 1.910e-01
-3.970e+00 1.287e-01
-3.960e+00 3.388e-01
-3.950e+00 2.790e-01
-3.940e+00 3.779e-01
-3.930e+00 4.803e-01
-3.920e+00 4.924e-01
-3.910e+00 5.991e-01
-3.900e+00 7.126e-01
-3.890e+00 7.111e-01
-3.880e+00 4.467e-01
-3.870e+00 5.803e-01
-3.860e+00 7.765e-01
-3.850e+00 8.250e-01
-3.840e+00 5.530e-01
-3.830e+00 7.544e-01
-3.820e+00 6.150e-01
-3.810e+00 4.312e-01
-3.800e+00 5.180e-01
-3.790e+00 5.558e-01
-3.780e+00 1.052e+00
-3.770e+00 6.071e-01
-3.760e+00 3.128e-01
-3.750e+00 4.693e-01
-3.740e+00 5.126e-01
-3.730e+00 5.609e-01
-3.720e+00 9.085e-01
-3.710e+00 8.555e-01
-3.700e+00 8.198e-01
-3.690e+00 5.656e-01
-3.680e+00 3.787e-01
-3.670e+00 6.196e-01
-3.660e+00 6.425e-01
-3.650e+00 4.603e-01
-3.640e+00 4.000e-01
-3.630e+00 8.938e-01
-3.620e+00 1.031e+00
-3.610e+00 3.596e-01
-3.600e+00 4.842e-02
-3.590e+00 -1.434e-01
-3.580e+00 1.889e-01
-3.570e+00 2.069e-01
-3.560e+00 6.243e-01
-3.550e+00 4.241e-01
-3.540e+00 3.187e-01
-3.530e+00 3.343e-01
-3.520e+00 5.401e-01
-3.510e+00 5.769e-01
-3.500e+00 2.794e-01
-3.490e+00 2.929e-01
-3.480e+00 1.393e-01
-3.470e+00 3.943e-01
-3.460e+00 9.127e-01
-3.450e+00 7.625e-01
-3.440e+00 9.360e-01
-3.430e+00 5.424e-01
-3.420e+00 7.636e-01
-3.410e+00 9.128e-01
-3.400e+00 1.086e+00
-3.390e+00 7.868e-01
-3.380e+00 6.017e-01
-3.370e+00 5.954e-01
-3.360e+00 6.518e-01
-3.350e+00 3.869e-01
-3.340e+00 4.150e-01
-3.330e+00 5.843e-01
-3.320e+00 4.913e-01
-3.310e+00 5.694e-01
-3.300e+00 1.778e-01
-3.290e+00 1.044e-01
-3.280e+00 6.418e-01
-3.270e+00 7.463e-01
-3.260e+00 9.129e-01
-3.250e+00 1.105e+00
-3.240e+00 1.145e+00
-3.230e+00 6.847e-01
-3.220e+00 6.071e-01
-3.210e+00 3.165e-01
-3.200e+00 3.495e-01
-3.190e+00 3.481e-01
-3.180e+00 5.664e-02
-3.170e+00 3.500e-01
-3.160e+00 2.657e-01
-3.150e+00 1.449e-01
-3.140e+00 2.882e-01
-3.130e+00 1.467e-01
-3.120e+00 5.519e-01
-3.110e+00 5.765e-01
-3.100e+00 4.434e-01
-3.090e+00 2.757e-01
-3.080e+00 4.155e-01
-3.070e+00 2.328e-01
-3.060e+00 3.457e-01
-3.050e+00 2.354e-01
-3.040e+00 2.919e-01
-3.030e+00 5.929e-01
-3.020e+00 4.261e-01
-3.010e+00 4.280e-01
-3.000e+00 7.589e-01
-2.990e+00 9.125e-01
-2.980e+00 6.819e-01
-2.970e+00 4.982e-01
-2.960e+00 3.492e-01
-2.950e+00 4.469e-01
-2.940e+00 7.792e-01
-2.930e+00 5.655e-01
-2.920e+00 5.556e-01
-2.910e+00 6.774e-01
-2.900e+00 7.517e-01
-2.890e+00 1.026e+00
-2.880e+00 6.894e-01
-2.870e+00 5.197e-01
-2.860e+00 3.649e-01
-2.850e+00 5.440e-01
-2.840e+00 9.838e-01
-2.830e+00 9.230e-01
-2.820e+00 6.222e-01
-2.810e+00 4.401e-01
-2.800e+00 8.410e-01
-2.790e+00 9.868e-01
-2.780e+00 7.974e-01
-2.770e+00 5.657e-01
-2.760e+00 4.261e-01
-2.750e+00 4.633e-01
-2.740e+00 9.080e-01
-2.730e+00 9.394e-01
-2.720e+00 1.167e+00
-2.710e+00 8.325e-01
-2.700e+00 1.619e-01
-2.690e+00 5.442e-01
-2.680e+00 8.150e-01
-2.670e+00 2.735e-01
-2.660e+00 4.085e-01
-2.650e+00 1.348e-01
-2.640e+00 5.732e-01
-2.630e+00 2.759e-01
-2.620e+00 1.083e-01
-2.610e+00 5.819e-01
-2.600e+00 6.128e-01
-2.590e+00 6.825e-01
-2.580e+00 1.792e-01
-2.570e+00 7.137e-02
-2.560e+00 5.918e-01
-2.550e+00 9.158e-01
-2.540e+00 1.213e+00
-2.530e+00 5.778e-01
-2.520e+00 6.203e-01
-2.510e+00 5.954e-01
-2.500e+00 1.178e-01
-2.490e+00 5.797e-01
-2.480e+00 4.044e-01
-2.470e+00 3.124e-01
-2.460e+00 2.863e-01
-2.450e+00 5.953e-01
-2.440e+00 1.257e+00
-2.430e+00 1.095e+00
-2.420e+00 1.024e+00
-2.410e+00 8.184e-01
-2.400e+00 2.137e-01
-2.390e+00 3.776e-01
-2.380e+00 4.903e-01
-2.370e+00 4.413e-01
-2.360e+00 4.724e-02
-2.350e+00 6.987e-01
-2.340e+00 2.608e-01
-2.330e+00 8.399e-02
-2.320e+00 2.681e-01
-2.310e+00 -3.763e-02
-2.300e+00 1.586e-01
-2.290e+00 6.707e-01
-2.280e+00 8.513e-01
-2.270e+00 7.355e-01
-2.260e+00 5.013e-01
-2.250e+00 7.888e-01
-2.240e+00 4.813e-01
-2.230e+00 9.602e-01
-2.220e+00 1.044e+00
-2.210e+00 8.305e-01
-2.200e+00 4.111e-01
-2.190e+00 2.518e-01
-2.180e+00 6.226e-02
-2.170e+00 5.049e-01
-2.160e+00 5.131e-01
-2.150e+00 3.391e-01
-2.140e+00 8.798e-02
-2.130e+00 5.720e-01
-2.120e+00 4.127e-01
-2.110e+00 4.259e-01
-2.100e+00 8.167e-01
-2.090e+00 1.127e+00
-2.080e+00 6.326e-01
-2.070e+00 1.314e+00
-2.060e+00 8.037e-01
-2.050e+00 4.277e-01
-2.040e+00 4.157e-01
-2.030e+00 3.173e-01
-2.020e+00 5.502e-01
-2.010e+00 7.071e-01
-2.000e+00 6.505e-01
-1.990e+00 6.474e-01
-1.980e+00 1.312e-01
-1.970e+00 3.997e-01
-1.960e+00 9.772e-01
-1.950e+00 8.744e-01
-1.940e+00 2.958e-01
-1.930e+00 1.964e-01
-1.920e+00 5.034e-01
-1.910e+00 1.208e+00
-1.900e+00 8.471e-01
-1.890e+00 2.921e-01
-1.880e+00 7.852e-01
-1.870e+00 2.887e-01
-1.860e+00 6.345e-01
-1.850e+00 8.048e-01
-1.840e+00 6.148e-01
-1.830e+00 4.727e-01
-1.820e+00 5.790e-01
-1.810e+00 4.523e-01
-1.800e+00 1.044e+00
-1.790e+00 4.393e-01
-1.780e+00 8.945e-01
-1.770e+00 6.841e-01
-1.760e+00 2.765e-01
-1.750e+00 8.543e-01
-1.740e+00 6.128e-01
-1.730e+00 4.422e-01
-1.720e+00 3.618e-01
-1.710e+00 1.182e-01
-1.700e+00 2.536e-01
-1.690e+00 2.674e-01
-1.680e+00 4.236e-01
-1.670e+00 6.765e-01
-1.660e+00 5.295e-01
-1.650e+00 6.792e-01
-1.640e+00 2.799e-01
-1.630e+00 2.398e-01
-1.620e+00 2.671e-01
-1.610e+00 -3.022e-01
-1.600e+00 8.228e-02
-1.590e+00 7.735e-01
-1.580e+00 6.220e-01
-1.570e+00 9.870e-01
-1.560e+00 2.248e-01
-1.550e+00 5.252e-01
-1.540e+00 7.278e-01
-1.530e+00 6.371e-01
-1.520e+00 8.246e-01
-1.510e+00 1.651e-01
-1.500e+00 3.543e-01
-1.490e+00 4.131e-01
-1.480e+00 6.762e-01
-1.470e+00 7.815e-01
-1.460e+00 6.556e-01
-1.450e+00 -5.094e-01
-1.440e+00 -9.157e-02
-1.430e+00 3.099e-01
-1.420e+00 7.885e-01
-1.410e+00 9.394e-01
-1.400e+00 4.714e-01
-1.390e+00 7.987e-01
-1.380e+00 8.351e-01
-1.370e+00 4.008e-01
-1.360e+00 5.218e-01
-1.350e+00 1.159e-01
-1.340e+00 7.045e-01
-1.330e+00 4.936e-01
-1.320e+00 1.589e-01
-1.310e+00 5.162e-01
-1.300e+00 7.944e-02
-1.290e+00 -3.141e-03
-1.280e+00 5.759e-01
-1.270e+00 9.447e-01
-1.260e+00 1.330e+00
-1.250e+00 1.069e+00
-1.240e+00 5.859e-01
-1.230e+00 5.883e-01
-1.220e+00 9.065e-01
-1.210e+00 3.635e-01
-1.200e+00 3.349e-02
-1.190e+00 1.487e-01
-1.180e+00 5.308e-01
-1.170e+00 3.069e-01
-1.160e+00 7.371e-01
-1.150e+00 8.407e-01
-1.140e+00 3.278e-01
-1.130e+00 8.304e-01
-1.120e+00 3.470e-01
-1.110e+00 4.060e-01
-1.100e+00 -8.230e-01
-1.090e+00 9.909e-02
-1.080e+00 6.702e-01
-1.070e+00 8.072e-01
-1.060e+00 1.248e+00
-1.050e+00 5.781e-01
-1.040e+00 7.688e-01
-1.030e+00 8.974e-01
-1.020e+00 9.494e-01
-1.010e+00 7.309e-01
-1.000e+00 8.533e-01
-9.900e-01 2.401e-01
-9.800e-01 3.546e-01
-9.700e-01 7.298e-01
-9.600e-01 1.135e+00
-9.500e-01 5.301e-01
-9.400e-01 3.942e-01
-9.300e-01 1.480e+00
-9.200e-01 2.267e+00
-9.100e-01 1.305e+00
-9.000e-01 6.458e-01
-8.900e-01 1.898e-01
-8.800e-01 1.112e+00
-8.700e-01 1.693e+00
-8.600e-01 1.196e+00
-8.500e-01 -8.912e-02
-8.400e-01 -7.154e-02
-8.300e-01 6.424e-01
-8.200e-01 -4.454e-02
-8.100e-01 -1.437e-01
-8.000e-01 8.162e-01
-7.900e-01 1.178e+00
-7.800e-01 1.072e+00
-7.700e-01 4.358e-01
-7.600e-01 1.322e+00
-7.500e-01 9.112e-01
-7.400e-01 1.392e+00
-7.300e-01 9.101e-01
-7.200e-01 1.201e+00
-7.100e-01 1.318e+00
-7.000e-01 5.427e-01
-6.900e-01 -1.197e-01
-6.800e-01 4.947e-01
-6.700e-01 9.091e-01
-6.600e-01 6.028e-01
-6.500e-01 2.822e-01
-6.400e-01 4.716e-01
-6.300e-01 7.797e-01
-6.200e-01 7.228e-01
-6.100e-01 1.438e+00
-6.000e-01 6.273e-01
-5.900e-01 5.090e-01
-5.800e-01 8.875e-01
-5.700e-01 9.106e-01
-5.600e-01 1.148e+00
-5.500e-01 3.193e-01
-5.400e-01 -3.108e-01
-5.300e-01 4.810e-01
-5.200e-01 7.786e-01
-5.100e-01 1.391e+00
-5.000e-01 2.138e+00
-4.900e-01 5.414e-01
-4.800e-01 6.199e-01
-4.700e-01 6.448e-01
-4.600e-01 2.778e-01
-4.500e-01 1.811e+00
-4.400e-01 1.158e+00
-4.300e-01 4.311e-01
-4.200e-01 1.088e+00
-4.100e-01 3.967e-01
-4.000e-01 1.471e+00
-3.900e-01 1.549e+00
-3.800e-01 8.474e-01
-3.700e-01 -1.125e-01
-3.600e-01 -5.046e-01
-3.500e-01 -5.386e-02
-3.400e-01 -4.600e-02
-3.300e-01 2.076e+00
-3.200e-01 1.868e+00
-3.100e-01 8.980e-01
-3.000e-01 2.179e-01
-2.900e-01 -2.385e-01
-2.800e-01 2.258e+00
-2.700e-01 2.484e+00
-2.600e-01 2.080e+00
-2.500e-01 6.958e-01
-2.400e-01 1.035e+00
-2.300e-01 -9.559e-01
-2.200e-01 -8.239e-01
-2.100e-01 -3.806e-01
-2.000e-01 2.599e-01
-1.900e-01 4.626e-01
-1.800e-01 1.768e+00
-1.700e-01 2.488e+00
-1.600e-01 3.527e+00
-1.500e-01 3.688e+00
-1.400e-01 3.105e+00
-1.300e-01 1.990e+00
-1.200e-01 7.018e-01
-1.100e-01 3.233e+00
-1.000e-01 2.709e+00
-9.000e-02 5.313e+00
-8.000e-02 2.430e+00
-7.000e-02 7.815e-01
-6.000e-02 8.523e+00
-5.000e-02 1.118e+01
-4.000e-02 1.239e+01
-3.000e-02 8.173e+00
-2.000e-02 2.173e+01
-1.000e-02 5.152e+01
