# Time (ps)      real(F_0)      im(F_0)
0.000e+00 1.000e+00 0.000e+00
1.000e-01 9.328e-01 0.000e+00
2.000e-01 8.792e-01 0.000e+00
3.000e-01 8.497e-01 0.000e+00
4.000e-01 8.550e-01 0.000e+00
5.000e-01 8.119e-01 0.000e+00
6.000e-01 7.913e-01 0.000e+00
7.000e-01 7.737e-01 0.000e+00
8.000e-01 7.689e-01 0.000e+00
9.000e-01 8.256e-01 0.000e+00
1.000e+00 8.073e-01 0.000e+00
1.100e+00 7.641e-01 0.000e+00
1.200e+00 7.547e-01 0.000e+00
1.300e+00 8.269e-01 0.000e+00
1.400e+00 7.809e-01 0.000e+00
1.500e+00 7.954e-01 0.000e+00
1.600e+00 7.600e-01 0.000e+00
1.700e+00 7.445e-01 0.000e+00
1.800e+00 6.990e-01 0.000e+00
1.900e+00 6.887e-01 0.000e+00
2.000e+00 6.962e-01 0.000e+00
2.100e+00 7.001e-01 0.000e+00
2.200e+00 6.656e-01 0.000e+00
2.300e+00 6.901e-01 0.000e+00
2.400e+00 7.014e-01 0.000e+00
2.500e+00 7.140e-01 0.000e+00
2.600e+00 6.974e-01 0.000e+00
2.700e+00 6.982e-01 0.000e+00
2.800e+00 6.967e-01 0.000e+00
2.900e+00 6.753e-01 0.000e+00
3.000e+00 6.851e-01 0.000e+00
3.100e+00 6.546e-01 0.000e+00
3.200e+00 6.435e-01 0.000e+00
3.300e+00 6.663e-01 0.000e+00
3.400e+00 6.458e-01 0.000e+00
3.500e+00 6.479e-01 0.000e+00
3.600e+00 6.407e-01 0.000e+00
3.700e+00 6.312e-01 0.000e+00
3.800e+00 5.944e-01 0.000e+00
3.900e+00 5.938e-01 0.000e+00
4.000e+00 5.811e-01 0.000e+00
4.100e+00 5.683e-01 0.000e+00
4.200e+00 5.800e-01 0.000e+00
4.300e+00 5.691e-01 0.000e+00
4.400e+00 5.497e-01 0.000e+00
4.500e+00 5.340e-01 0.000e+00
4.600e+00 5.433e-01 0.000e+00
4.700e+00 5.348e-01 0.000e+00
4.800e+00 5.210e-01 0.000e+00
4.900e+00 5.116e-01 0.000e+00
5.000e+00 5.241e-01 0.000e+00
5.100e+00 5.336e-01 0.000e+00
5.200e+00 5.084e-01 0.000e+00
5.300e+00 5.220e-01 0.000e+00
5.400e+00 4.947e-01 0.000e+00
5.500e+00 4.955e-01 0.000e+00
5.600e+00 5.424e-01 0.000e+00
5.700e+00 5.021e-01 0.000e+00
5.800e+00 4.909e-01 0.000e+00
5.900e+00 5.098e-01 0.000e+00
6.000e+00 5.005e-01 0.000e+00
6.100e+00 4.734e-01 0.000e+00
6.200e+00 4.860e-01 0.000e+00
6.300e+00 4.837e-01 0.000e+00
6.400e+00 5.014e-01 0.000e+00
6.500e+00 4.650e-01 0.000e+00
6.600e+00 4.662e-01 0.000e+00
6.700e+00 4.615e-01 0.000e+00
6.800e+00 4.297e-01 0.000e+00
6.900e+00 4.298e-01 0.000e+00
7.000e+00 4.328e-01 0.000e+00
7.100e+00 4.355e-01 0.000e+00
7.200e+00 4.238e-01 0.000e+00
7.300e+00 4.182e-01 0.000e+00
7.400e+00 4.072e-01 0.000e+00
7.500e+00 3.914e-01 0.000e+00
7.600e+00 4.100e-01 0.000e+00
7.700e+00 4.111e-01 0.000e+00
7.800e+00 4.068e-01 0.000e+00
7.900e+00 3.988e-01 0.000e+00
8.000e+00 3.890e-01 0.000e+00
8.100e+00 3.905e-01 0.000e+00
8.200e+00 4.064e-01 0.000e+00
8.300e+00 3.952e-01 0.000e+00
8.400e+00 3.713e-01 0.000e+00
8.500e+00 3.792e-01 0.000e+00
8.600e+00 3.841e-01 0.000e+00
8.700e+00 3.649e-01 0.000e+00
8.800e+00 3.690e-01 0.000e+00
8.900e+00 3.509e-01 0.000e+00
9.000e+00 3.685e-01 0.000e+00
9.100e+00 3.546e-01 0.000e+00
9.200e+00 3.436e-01 0.000e+00
9.300e+00 3.583e-01 0.000e+00
9.400e+00 3.388e-01 0.000e+00
9.500e+00 3.283e-01 0.000e+00
9.600e+00 3.435e-01 0.000e+00
9.700e+00 3.301e-01 0.000e+00
9.800e+00 3.327e-01 0.000e+00
9.900e+00 3.207e-01 0.000e+00
1.000e+01 3.232e-01 0.000e+00
1.010e+01 3.162e-01 0.000e+00
1.020e+01 3.274e-01 0.000e+00
1.030e+01 3.108e-01 0.000e+00
1.040e+01 3.301e-01 0.000e+00
1.050e+01 3.172e-01 0.000e+00
1.060e+01 3.217e-01 0.000e+00
1.070e+01 3.339e-01 0.000e+00
1.080e+01 3.457e-01 0.000e+00
1.090e+01 3.381e-01 0.000e+00
1.100e+01 3.152e-01 0.000e+00
1.110e+01 3.020e-01 0.000e+00
1.120e+01 2.888e-01 0.000e+00
1.130e+01 3.107e-01 0.000e+00
1.140e+01 3.011e-01 0.000e+00
1.150e+01 3.047e-01 0.000e+00
1.160e+01 2.940e-01 0.000e+00
1.170e+01 2.882e-01 0.000e+00
1.180e+01 2.991e-01 0.000e+00
1.190e+01 2.968e-01 0.000e+00
1.200e+01 2.896e-01 0.000e+00
1.210e+01 2.870e-01 0.000e+00
1.220e+01 2.745e-01 0.000e+00
1.230e+01 2.865e-01 0.000e+00
1.240e+01 2.868e-01 0.000e+00
1.250e+01 2.982e-01 0.000e+00
1.260e+01 2.833e-01 0.000e+00
1.270e+01 2.717e-01 0.000e+00
1.280e+01 2.674e-01 0.000e+00
1.290e+01 2.617e-01 0.000e+00
1.300e+01 2.652e-01 0.000e+00
1.310e+01 2.728e-01 0.000e+00
1.320e+01 2.707e-01 0.000e+00
1.330e+01 2.543e-01 0.000e+00
1.340e+01 2.565e-01 0.000e+00
1.350e+01 2.696e-01 0.000e+00
1.360e+01 2.538e-01 0.000e+00
1.370e+01 2.544e-01 0.000e+00
1.380e+01 2.282e-01 0.000e+00
1.390e+01 2.394e-01 0.000e+00
1.400e+01 2.243e-01 0.000e+00
1.410e+01 2.286e-01 0.000e+00
1.420e+01 2.403e-01 0.000e+00
1.430e+01 2.302e-01 0.000e+00
1.440e+01 2.183e-01 0.000e+00
1.450e+01 2.079e-01 0.000e+00
1.460e+01 2.209e-01 0.000e+00
1.470e+01 2.207e-01 0.000e+00
1.480e+01 2.061e-01 0.000e+00
1.490e+01 2.144e-01 0.000e+00
1.500e+01 2.129e-01 0.000e+00
1.510e+01 2.162e-01 0.000e+00
1.520e+01 2.084e-01 0.000e+00
1.530e+01 1.970e-01 0.000e+00
1.540e+01 1.937e-01 0.000e+00
1.550e+01 1.998e-01 0.000e+00
1.560e+01 2.066e-01 0.000e+00
1.570e+01 2.074e-01 0.000e+00
1.580e+01 2.166e-01 0.000e+00
1.590e+01 2.325e-01 0.000e+00
1.600e+01 2.060e-01 0.000e+00
1.610e+01 2.033e-01 0.000e+00
1.620e+01 2.107e-01 0.000e+00
1.630e+01 1.971e-01 0.000e+00
1.640e+01 2.068e-01 0.000e+00
1.650e+01 2.104e-01 0.000e+00
1.660e+01 2.069e-01 0.000e+00
1.670e+01 2.156e-01 0.000e+00
1.680e+01 1.933e-01 0.000e+00
1.690e+01 1.829e-01 0.000e+00
1.700e+01 1.861e-01 0.000e+00
1.710e+01 2.010e-01 0.000e+00
1.720e+01 2.061e-01 0.000e+00
1.730e+01 1.933e-01 0.000e+00
1.740e+01 1.849e-01 0.000e+00
1.750e+01 1.898e-01 0.000e+00
1.760e+01 1.788e-01 0.000e+00
1.770e+01 1.902e-01 0.000e+00
1.780e+01 1.747e-01 0.000e+00
1.790e+01 1.786e-01 0.000e+00
1.800e+01 1.786e-01 0.000e+00
1.810e+01 1.854e-01 0.000e+00
1.820e+01 1.825e-01 0.000e+00
1.830e+01 1.832e-01 0.000e+00
1.840e+01 1.784e-01 0.000e+00
1.850e+01 1.664e-01 0.000e+00
1.860e+01 1.647e-01 0.000e+00
1.870e+01 1.588e-01 0.000e+00
1.880e+01 1.572e-01 0.000e+00
1.890e+01 1.735e-01 0.000e+00
1.900e+01 1.935e-01 0.000e+00
1.910e+01 1.932e-01 0.000e+00
1.920e+01 1.908e-01 0.000e+00
1.930e+01 1.842e-01 0.000e+00
1.940e+01 1.816e-01 0.000e+00
1.950e+01 1.672e-01 0.000e+00
1.960e+01 1.880e-01 0.000e+00
1.970e+01 1.667e-01 0.000e+00
1.980e+01 1.712e-01 0.000e+00
1.990e+01 1.705e-01 0.000e+00
2.000e+01 1.636e-01 0.000e+00
2.010e+01 1.607e-01 0.000e+00
2.020e+01 1.582e-01 0.000e+00
2.030e+01 1.643e-01 0.000e+00
2.040e+01 1.700e-01 0.000e+00
2.050e+01 1.785e-01 0.000e+00
2.060e+01 1.816e-01 0.000e+00
2.070e+01 1.727e-01 0.000e+00
2.080e+01 1.645e-01 0.000e+00
2.090e+01 1.729e-01 0.000e+00
2.100e+01 1.566e-01 0.000e+00
2.110e+01 1.525e-01 0.000e+00
2.120e+01 1.501e-01 0.000e+00
2.130e+01 1.494e-01 0.000e+00
2.140e+01 1.588e-01 0.000e+00
2.150e+01 1.446e-01 0.000e+00
2.160e+01 1.664e-01 0.000e+00
2.170e+01 1.522e-01 0.000e+00
2.180e+01 1.611e-01 0.000e+00
2.190e+01 1.538e-01 0.000e+00
2.200e+01 1.417e-01 0.000e+00
2.210e+01 1.435e-01 0.000e+00
2.220e+01 1.477e-01 0.000e+00
2.230e+01 1.468e-01 0.000e+00
2.240e+01 1.446e-01 0.000e+00
2.250e+01 1.419e-01 0.000e+00
2.260e+01 1.432e-01 0.000e+00
2.270e+01 1.356e-01 0.000e+00
2.280e+01 1.340e-01 0.000e+00
2.290e+01 1.365e-01 0.000e+00
2.300e+01 1.386e-01 0.000e+00
2.310e+01 1.540e-01 0.000e+00
2.320e+01 1.423e-01 0.000e+00
2.330e+01 1.326e-01 0.000e+00
2.340e+01 1.360e-01 0.000e+00
2.350e+01 1.362e-01 0.000e+00
2.360e+01 1.383e-01 0.000e+00
2.370e+01 1.346e-01 0.000e+00
2.380e+01 1.333e-01 0.000e+00
2.390e+01 1.564e-01 0.000e+00
2.400e+01 1.382e-01 0.000e+00
2.410e+01 1.347e-01 0.000e+00
2.420e+01 1.328e-01 0.000e+00
2.430e+01 1.261e-01 0.000e+00
2.440e+01 1.212e-01 0.000e+00
2.450e+01 1.128e-01 0.000e+00
2.460e+01 1.173e-01 0.000e+00
2.470e+01 1.144e-01 0.000e+00
2.480e+01 1.074e-01 0.000e+00
2.490e+01 1.038e-01 0.000e+00
2.500e+01 1.130e-01 0.000e+00
2.510e+01 1.128e-01 0.000e+00
2.520e+01 1.188e-01 0.000e+00
2.530e+01 1.215e-01 0.000e+00
2.540e+01 1.155e-01 0.000e+00
2.550e+01 1.145e-01 0.000e+00
2.560e+01 1.141e-01 0.000e+00
2.570e+01 1.067e-01 0.000e+00
2.580e+01 1.175e-01 0.000e+00
2.590e+01 1.258e-01 0.000e+00
2.600e+01 1.076e-01 0.000e+00
2.610e+01 1.037e-01 0.000e+00
2.620e+01 1.089e-01 0.000e+00
2.630e+01 1.053e-01 0.000e+00
2.640e+01 1.142e-01 0.000e+00
2.650e+01 1.040e-01 0.000e+00
2.660e+01 1.062e-01 0.000e+00
2.670e+01 1.078e-01 0.000e+00
2.680e+01 1.065e-01 0.000e+00
2.690e+01 9.548e-02 0.000e+00
2.700e+01 9.436e-02 0.000e+00
2.710e+01 1.017e-01 0.000e+00
2.720e+01 9.420e-02 0.000e+00
2.730e+01 9.417e-02 0.000e+00
2.740e+01 9.871e-02 0.000e+00
2.750e+01 1.049e-01 0.000e+00
2.760e+01 1.022e-01 0.000e+00
2.770e+01 1.081e-01 0.000e+00
2.780e+01 1.054e-01 0.000e+00
2.790e+01 1.054e-01 0.000e+00
2.800e+01 1.047e-01 0.000e+00
2.810e+01 1.048e-01 0.000e+00
2.820e+01 1.064e-01 0.000e+00
2.830e+01 1.068e-01 0.000e+00
2.840e+01 1.051e-01 0.000e+00
2.850e+01 1.070e-01 0.000e+00
2.860e+01 9.841e-02 0.000e+00
2.870e+01 9.759e-02 0.000e+00
2.880e+01 1.036e-01 0.000e+00
2.890e+01 1.062e-01 0.000e+00
2.900e+01 1.052e-01 0.000e+00
2.910e+01 1.089e-01 0.000e+00
2.920e+01 1.107e-01 0.000e+00
2.930e+01 1.130e-01 0.000e+00
2.940e+01 1.048e-01 0.000e+00
2.950e+01 1.009e-01 0.000e+00
2.960e+01 1.133e-01 0.000e+00
2.970e+01 1.085e-01 0.000e+00
2.980e+01 1.091e-01 0.000e+00
2.990e+01 1.031e-01 0.000e+00
3.000e+01 9.614e-02 0.000e+00
3.010e+01 9.506e-02 0.000e+00
3.020e+01 1.025e-01 0.000e+00
3.030e+01 1.029e-01 0.000e+00
3.040e+01 9.997e-02 0.000e+00
3.050e+01 9.463e-02 0.000e+00
3.060e+01 1.086e-01 0.000e+00
3.070e+01 9.899e-02 0.000e+00
3.080e+01 9.534e-02 0.000e+00
3.090e+01 9.400e-02 0.000e+00
3.100e+01 9.625e-02 0.000e+00
3.110e+01 9.398e-02 0.000e+00
3.120e+01 9.356e-02 0.000e+00
3.130e+01 9.509e-02 0.000e+00
3.140e+01 9.425e-02 0.000e+00
3.150e+01 8.325e-02 0.000e+00
3.160e+01 1.007e-01 0.000e+00
3.170e+01 9.546e-02 0.000e+00
3.180e+01 1.034e-01 0.000e+00
3.190e+01 1.017e-01 0.000e+00
3.200e+01 9.632e-02 0.000e+00
3.210e+01 9.704e-02 0.000e+00
3.220e+01 1.006e-01 0.000e+00
3.230e+01 9.035e-02 0.000e+00
3.240e+01 9.016e-02 0.000e+00
3.250e+01 9.399e-02 0.000e+00
3.260e+01 9.047e-02 0.000e+00
3.270e+01 8.982e-02 0.000e+00
3.280e+01 9.089e-02 0.000e+00
3.290e+01 9.390e-02 0.000e+00
3.300e+01 9.738e-02 0.000e+00
3.310e+01 9.393e-02 0.000e+00
3.320e+01 8.222e-02 0.000e+00
3.330e+01 9.199e-02 0.000e+00
3.340e+01 8.577e-02 0.000e+00
3.350e+01 8.699e-02 0.000e+00
3.360e+01 7.755e-02 0.000e+00
3.370e+01 7.231e-02 0.000e+00
3.380e+01 8.215e-02 0.000e+00
3.390e+01 9.368e-02 0.000e+00
3.400e+01 9.360e-02 0.000e+00
3.410e+01 8.908e-02 0.000e+00
3.420e+01 8.812e-02 0.000e+00
3.430e+01 8.850e-02 0.000e+00
3.440e+01 8.888e-02 0.000e+00
3.450e+01 8.477e-02 0.000e+00
3.460e+01 8.534e-02 0.000e+00
3.470e+01 7.628e-02 0.000e+00
3.480e+01 7.767e-02 0.000e+00
3.490e+01 7.442e-02 0.000e+00
3.500e+01 7.887e-02 0.000e+00
3.510e+01 8.075e-02 0.000e+00
3.520e+01 8.012e-02 0.000e+00
3.530e+01 8.419e-02 0.000e+00
3.540e+01 7.259e-02 0.000e+00
3.550e+01 7.521e-02 0.000e+00
3.560e+01 7.782e-02 0.000e+00
3.570e+01 8.183e-02 0.000e+00
3.580e+01 8.212e-02 0.000e+00
3.590e+01 8.432e-02 0.000e+00
3.600e+01 7.214e-02 0.000e+00
3.610e+01 7.350e-02 0.000e+00
3.620e+01 8.108e-02 0.000e+00
3.630e+01 7.564e-02 0.000e+00
3.640e+01 7.955e-02 0.000e+00
3.650e+01 6.690e-02 0.000e+00
3.660e+01 6.767e-02 0.000e+00
3.670e+01 6.637e-02 0.000e+00
3.680e+01 6.320e-02 0.000e+00
3.690e+01 6.373e-02 0.000e+00
3.700e+01 6.579e-02 0.000e+00
3.710e+01 6.972e-02 0.000e+00
3.720e+01 6.879e-02 0.000e+00
3.730e+01 6.829e-02 0.000e+00
3.740e+01 6.159e-02 0.000e+00
3.750e+01 6.213e-02 0.000e+00
3.760e+01 6.131e-02 0.000e+00
3.770e+01 6.689e-02 0.000e+00
3.780e+01 6.775e-02 0.000e+00
3.790e+01 7.046e-02 0.000e+00
3.800e+01 6.984e-02 0.000e+00
3.810e+01 7.234e-02 0.000e+00
3.820e+01 7.646e-02 0.000e+00
3.830e+01 7.379e-02 0.000e+00
3.840e+01 7.053e-02 0.000e+00
3.850e+01 7.357e-02 0.000e+00
3.860e+01 7.072e-02 0.000e+00
3.870e+01 7.430e-02 0.000e+00
3.880e+01 7.738e-02 0.000e+00
3.890e+01 7.620e-02 0.000e+00
3.900e+01 7.919e-02 0.000e+00
3.910e+01 7.470e-02 0.000e+00
3.920e+01 6.823e-02 0.000e+00
3.930e+01 6.941e-02 0.000e+00
3.940e+01 6.988e-02 0.000e+00
3.950e+01 7.038e-02 0.000e+00
3.960e+01 7.422e-02 0.000e+00
3.970e+01 7.146e-02 0.000e+00
3.980e+01 7.155e-02 0.000e+00
3.990e+01 6.208e-02 0.000e+00
4.000e+01 6.667e-02 0.000e+00
4.010e+01 6.334e-02 0.000e+00
4.020e+01 6.075e-02 0.000e+00
4.030e+01 6.287e-02 0.000e+00
4.040e+01 5.965e-02 0.000e+00
4.050e+01 6.232e-02 0.000e+00
4.060e+01 6.565e-02 0.000e+00
4.070e+01 6.396e-02 0.000e+00
4.080e+01 5.885e-02 0.000e+00
4.090e+01 6.087e-02 0.000e+00
4.100e+01 5.649e-02 0.000e+00
4.110e+01 6.029e-02 0.000e+00
4.120e+01 6.156e-02 0.000e+00
4.130e+01 6.914e-02 0.000e+00
4.140e+01 6.814e-02 0.000e+00
4.150e+01 6.324e-02 0.000e+00
4.160e+01 6.467e-02 0.000e+00
4.170e+01 6.591e-02 0.000e+00
4.180e+01 6.915e-02 0.000e+00
4.190e+01 7.162e-02 0.000e+00
4.200e+01 7.204e-02 0.000e+00
4.210e+01 7.013e-02 0.000e+00
4.220e+01 6.594e-02 0.000e+00
4.230e+01 7.019e-02 0.000e+00
4.240e+01 6.904e-02 0.000e+00
4.250e+01 6.366e-02 0.000e+00
4.260e+01 6.788e-02 0.000e+00
4.270e+01 6.491e-02 0.000e+00
4.280e+01 6.777e-02 0.000e+00
4.290e+01 6.889e-02 0.000e+00
4.300e+01 6.834e-02 0.000e+00
4.310e+01 6.422e-02 0.000e+00
4.320e+01 5.640e-02 0.000e+00
4.330e+01 5.986e-02 0.000e+00
4.340e+01 6.050e-02 0.000e+00
4.350e+01 6.254e-02 0.000e+00
4.360e+01 6.204e-02 0.000e+00
4.370e+01 5.761e-02 0.000e+00
4.380e+01 5.880e-02 0.000e+00
4.390e+01 6.237e-02 0.000e+00
4.400e+01 5.482e-02 0.000e+00
4.410e+01 5.612e-02 0.000e+00
4.420e+01 5.295e-02 0.000e+00
4.430e+01 5.166e-02 0.000e+00
4.440e+01 5.007e-02 0.000e+00
4.450e+01 5.593e-02 0.000e+00
4.460e+01 5.141e-02 0.000e+00
4.470e+01 5.489e-02 0.000e+00
4.480e+01 5.304e-02 0.000e+00
4.490e+01 5.197e-02 0.000e+00
4.500e+01 5.186e-02 0.000e+00
4.510e+01 5.375e-02 0.000e+00
4.520e+01 5.410e-02 0.000e+00
4.530e+01 5.302e-02 0.000e+00
4.540e+01 4.876e-02 0.000e+00
4.550e+01 5.126e-02 0.000e+00
4.560e+01 5.258e-02 0.000e+00
4.570e+01 5.460e-02 0.000e+00
4.580e+01 5.295e-02 0.000e+00
4.590e+01 5.635e-02 0.000e+00
4.600e+01 5.141e-02 0.000e+00
4.610e+01 5.545e-02 0.000e+00
4.620e+01 5.556e-02 0.000e+00
4.630e+01 5.687e-02 0.000e+00
4.640e+01 5.296e-02 0.000e+00
4.650e+01 5.137e-02 0.000e+00
4.660e+01 5.177e-02 0.000e+00
4.670e+01 5.217e-02 0.000e+00
4.680e+01 5.511e-02 0.000e+00
4.690e+01 5.334e-02 0.000e+00
4.700e+01 4.871e-02 0.000e+00
4.710e+01 5.171e-02 0.000e+00
4.720e+01 5.153e-02 0.000e+00
4.730e+01 5.686e-02 0.000e+00
4.740e+01 5.332e-02 0.000e+00
4.750e+01 4.658e-02 0.000e+00
4.760e+01 4.516e-02 0.000e+00
4.770e+01 4.915e-02 0.000e+00
4.780e+01 4.857e-02 0.000e+00
4.790e+01 4.914e-02 0.000e+00
4.800e+01 4.831e-02 0.000e+00
4.810e+01 5.114e-02 0.000e+00
4.820e+01 5.263e-02 0.000e+00
4.830e+01 4.053e-02 0.000e+00
4.840e+01 4.808e-02 0.000e+00
4.850e+01 4.488e-02 0.000e+00
4.860e+01 4.168e-02 0.000e+00
4.870e+01 4.554e-02 0.000e+00
4.880e+01 4.897e-02 0.000e+00
4.890e+01 5.010e-02 0.000e+00
4.900e+01 5.410e-02 0.000e+00
4.910e+01 5.575e-02 0.000e+00
4.920e+01 5.167e-02 0.000e+00
4.930e+01 5.109e-02 0.000e+00
4.940e+01 4.979e-02 0.000e+00
4.950e+01 5.446e-02 0.000e+00
4.960e+01 5.045e-02 0.000e+00
4.970e+01 5.155e-02 0.000e+00
4.980e+01 5.634e-02 0.000e+00
4.990e+01 4.755e-02 0.000e+00
5.000e+01 4.486e-02 0.000e+00
5.010e+01 4.480e-02 0.000e+00
5.020e+01 5.260e-02 0.000e+00
5.030e+01 4.968e-02 0.000e+00
5.040e+01 5.046e-02 0.000e+00
5.050e+01 6.155e-02 0.000e+00
5.060e+01 5.759e-02 0.000e+00
5.070e+01 5.505e-02 0.000e+00
5.080e+01 5.199e-02 0.000e+00
5.090e+01 5.720e-02 0.000e+00
5.100e+01 4.821e-02 0.000e+00
5.110e+01 5.042e-02 0.000e+00
5.120e+01 5.120e-02 0.000e+00
5.130e+01 5.534e-02 0.000e+00
5.140e+01 5.349e-02 0.000e+00
5.150e+01 5.921e-02 0.000e+00
5.160e+01 5.583e-02 0.000e+00
5.170e+01 5.923e-02 0.000e+00
5.180e+01 6.524e-02 0.000e+00
5.190e+01 6.254e-02 0.000e+00
5.200e+01 6.366e-02 0.000e+00
5.210e+01 5.895e-02 0.000e+00
5.220e+01 6.121e-02 0.000e+00
5.230e+01 6.209e-02 0.000e+00
5.240e+01 6.216e-02 0.000e+00
5.250e+01 5.611e-02 0.000e+00
5.260e+01 5.285e-02 0.000e+00
5.270e+01 5.076e-02 0.000e+00
5.280e+01 5.350e-02 0.000e+00
5.290e+01 5.292e-02 0.000e+00
5.300e+01 5.061e-02 0.000e+00
5.310e+01 4.720e-02 0.000e+00
5.320e+01 4.471e-02 0.000e+00
5.330e+01 4.548e-02 0.000e+00
5.340e+01 4.893e-02 0.000e+00
5.350e+01 5.049e-02 0.000e+00
5.360e+01 4.552e-02 0.000e+00
5.370e+01 5.087e-02 0.000e+00
5.380e+01 5.062e-02 0.000e+00
5.390e+01 5.416e-02 0.000e+00
5.400e+01 5.070e-02 0.000e+00
5.410e+01 5.684e-02 0.000e+00
5.420e+01 4.843e-02 0.000e+00
5.430e+01 5.353e-02 0.000e+00
5.440e+01 4.455e-02 0.000e+00
5.450e+01 6.183e-02 0.000e+00
5.460e+01 5.295e-02 0.000e+00
5.470e+01 5.687e-02 0.000e+00
5.480e+01 5.446e-02 0.000e+00
5.490e+01 5.370e-02 0.000e+00
5.500e+01 4.736e-02 0.000e+00
5.510e+01 5.563e-02 0.000e+00
5.520e+01 5.417e-02 0.000e+00
5.530e+01 5.379e-02 0.000e+00
5.540e+01 5.289e-02 0.000e+00
5.550e+01 5.498e-02 0.000e+00
5.560e+01 5.097e-02 0.000e+00
5.570e+01 6.147e-02 0.000e+00
5.580e+01 6.422e-02 0.000e+00
5.590e+01 7.305e-02 0.000e+00
5.600e+01 5.850e-02 0.000e+00
5.610e+01 5.706e-02 0.000e+00
5.620e+01 5.359e-02 0.000e+00
5.630e+01 5.524e-02 0.000e+00
5.640e+01 4.297e-02 0.000e+00
5.650e+01 4.827e-02 0.000e+00
5.660e+01 4.298e-02 0.000e+00
5.670e+01 4.452e-02 0.000e+00
5.680e+01 4.623e-02 0.000e+00
5.690e+01 4.125e-02 0.000e+00
5.700e+01 4.164e-02 0.000e+00
5.710e+01 4.140e-02 0.000e+00
5.720e+01 4.054e-02 0.000e+00
5.730e+01 4.101e-02 0.000e+00
5.740e+01 4.587e-02 0.000e+00
5.750e+01 4.321e-02 0.000e+00
5.760e+01 4.379e-02 0.000e+00
5.770e+01 4.190e-02 0.000e+00
5.780e+01 4.063e-02 0.000e+00
5.790e+01 3.820e-02 0.000e+00
5.800e+01 4.128e-02 0.000e+00
5.810e+01 4.318e-02 0.000e+00
5.820e+01 4.479e-02 0.000e+00
5.830e+01 4.124e-02 0.000e+00
5.840e+01 4.317e-02 0.000e+00
5.850e+01 4.612e-02 0.000e+00
5.860e+01 4.682e-02 0.000e+00
5.870e+01 4.937e-02 0.000e+00
5.880e+01 4.480e-02 0.000e+00
5.890e+01 4.652e-02 0.000e+00
5.900e+01 5.330e-02 0.000e+00
5.910e+01 4.767e-02 0.000e+00
5.920e+01 4.243e-02 0.000e+00
5.930e+01 3.987e-02 0.000e+00
5.940e+01 3.983e-02 0.000e+00
5.950e+01 3.736e-02 0.000e+00
5.960e+01 3.313e-02 0.000e+00
5.970e+01 3.319e-02 0.000e+00
5.980e+01 3.832e-02 0.000e+00
5.990e+01 3.308e-02 0.000e+00
6.000e+01 3.015e-02 0.000e+00
6.010e+01 3.200e-02 0.000e+00
6.020e+01 3.712e-02 0.000e+00
6.030e+01 3.701e-02 0.000e+00
6.040e+01 3.974e-02 0.000e+00
6.050e+01 4.471e-02 0.000e+00
6.060e+01 4.194e-02 0.000e+00
6.070e+01 4.476e-02 0.000e+00
6.080e+01 4.815e-02 0.000e+00
6.090e+01 5.047e-02 0.000e+00
6.100e+01 4.196e-02 0.000e+00
6.110e+01 4.843e-02 0.000e+00
6.120e+01 4.867e-02 0.000e+00
6.130e+01 4.700e-02 0.000e+00
6.140e+01 4.599e-02 0.000e+00
6.150e+01 4.498e-02 0.000e+00
6.160e+01 3.912e-02 0.000e+00
6.170e+01 4.049e-02 0.000e+00
6.180e+01 4.038e-02 0.000e+00
6.190e+01 3.885e-02 0.000e+00
6.200e+01 3.859e-02 0.000e+00
6.210e+01 3.438e-02 0.000e+00
6.220e+01 3.821e-02 0.000e+00
6.230e+01 4.187e-02 0.000e+00
6.240e+01 3.827e-02 0.000e+00
6.250e+01 3.399e-02 0.000e+00
6.260e+01 3.351e-02 0.000e+00
6.270e+01 3.202e-02 0.000e+00
6.280e+01 3.601e-02 0.000e+00
6.290e+01 3.339e-02 0.000e+00
6.300e+01 3.722e-02 0.000e+00
6.310e+01 3.296e-02 0.000e+00
6.320e+01 3.451e-02 0.000e+00
6.330e+01 3.159e-02 0.000e+00
6.340e+01 3.095e-02 0.000e+00
6.350e+01 3.833e-02 0.000e+00
6.360e+01 3.567e-02 0.000e+00
6.370e+01 3.773e-02 0.000e+00
6.380e+01 3.590e-02 0.000e+00
6.390e+01 3.915e-02 0.000e+00
6.400e+01 3.775e-02 0.000e+00
6.410e+01 3.852e-02 0.000e+00
6.420e+01 4.000e-02 0.000e+00
6.430e+01 3.588e-02 0.000e+00
6.440e+01 3.683e-02 0.000e+00
6.450e+01 4.044e-02 0.000e+00
6.460e+01 2.999e-02 0.000e+00
6.470e+01 3.419e-02 0.000e+00
6.480e+01 3.115e-02 0.000e+00
6.490e+01 3.293e-02 0.000e+00
6.500e+01 2.885e-02 0.000e+00
6.510e+01 3.207e-02 0.000e+00
6.520e+01 3.378e-02 0.000e+00
6.530e+01 2.417e-02 0.000e+00
6.540e+01 2.733e-02 0.000e+00
6.550e+01 3.256e-02 0.000e+00
6.560e+01 2.891e-02 0.000e+00
6.570e+01 3.227e-02 0.000e+00
6.580e+01 3.484e-02 0.000e+00
6.590e+01 3.773e-02 0.000e+00
6.600e+01 3.146e-02 0.000e+00
6.610e+01 3.411e-02 0.000e+00
6.620e+01 2.976e-02 0.000e+00
6.630e+01 3.250e-02 0.000e+00
6.640e+01 2.692e-02 0.000e+00
6.650e+01 3.107e-02 0.000e+00
6.660e+01 2.771e-02 0.000e+00
6.670e+01 2.976e-02 0.000e+00
6.680e+01 3.640e-02 0.000e+00
6.690e+01 3.511e-02 0.000e+00
6.700e+01 3.092e-02 0.000e+00
6.710e+01 3.200e-02 0.000e+00
6.720e+01 2.949e-02 0.000e+00
6.730e+01 2.806e-02 0.000e+00
6.740e+01 2.681e-02 0.000e+00
6.750e+01 2.843e-02 0.000e+00
6.760e+01 2.921e-02 0.000e+00
6.770e+01 3.776e-02 0.000e+00
6.780e+01 3.225e-02 0.000e+00
6.790e+01 2.901e-02 0.000e+00
6.800e+01 2.849e-02 0.000e+00
6.810e+01 2.888e-02 0.000e+00
6.820e+01 2.877e-02 0.000e+00
6.830e+01 2.921e-02 0.000e+00
6.840e+01 3.247e-02 0.000e+00
6.850e+01 2.819e-02 0.000e+00
6.860e+01 2.192e-02 0.000e+00
6.870e+01 2.754e-02 0.000e+00
6.880e+01 2.077e-02 0.000e+00
6.890e+01 2.757e-02 0.000e+00
6.900e+01 3.252e-02 0.000e+00
6.910e+01 4.029e-02 0.000e+00
6.920e+01 3.293e-02 0.000e+00
6.930e+01 3.158e-02 0.000e+00
6.940e+01 2.418e-02 0.000e+00
6.950e+01 2.684e-02 0.000e+00
6.960e+01 2.507e-02 0.000e+00
6.970e+01 2.535e-02 0.000e+00
6.980e+01 3.205e-02 0.000e+00
6.990e+01 2.896e-02 0.000e+00
7.000e+01 2.227e-02 0.000e+00
7.010e+01 2.592e-02 0.000e+00
7.020e+01 3.142e-02 0.000e+00
7.030e+01 3.300e-02 0.000e+00
7.040e+01 3.387e-02 0.000e+00
7.050e+01 3.526e-02 0.000e+00
7.060e+01 2.955e-02 0.000e+00
7.070e+01 2.929e-02 0.000e+00
7.080e+01 2.590e-02 0.000e+00
7.090e+01 3.218e-02 0.000e+00
7.100e+01 2.550e-02 0.000e+00
7.110e+01 2.840e-02 0.000e+00
7.120e+01 3.032e-02 0.000e+00
7.130e+01 3.377e-02 0.000e+00
7.140e+01 3.152e-02 0.000e+00
7.150e+01 3.217e-02 0.000e+00
7.160e+01 2.756e-02 0.000e+00
7.170e+01 3.096e-02 0.000e+00
7.180e+01 2.962e-02 0.000e+00
7.190e+01 2.885e-02 0.000e+00
7.200e+01 2.718e-02 0.000e+00
7.210e+01 2.903e-02 0.000e+00
7.220e+01 2.998e-02 0.000e+00
7.230e+01 2.851e-02 0.000e+00
7.240e+01 3.264e-02 0.000e+00
7.250e+01 2.531e-02 0.000e+00
7.260e+01 3.062e-02 0.000e+00
7.270e+01 2.553e-02 0.000e+00
7.280e+01 2.644e-02 0.000e+00
7.290e+01 2.379e-02 0.000e+00
7.300e+01 2.189e-02 0.000e+00
7.310e+01 1.750e-02 0.000e+00
7.320e+01 2.173e-02 0.000e+00
7.330e+01 1.518e-02 0.000e+00
7.340e+01 1.507e-02 0.000e+00
7.350e+01 2.020e-02 0.000e+00
7.360e+01 2.155e-02 0.000e+00
7.370e+01 2.245e-02 0.000e+00
7.380e+01 1.704e-02 0.000e+00
7.390e+01 2.019e-02 0.000e+00
7.400e+01 1.627e-02 0.000e+00
7.410e+01 1.730e-02 0.000e+00
7.420e+01 2.041e-02 0.000e+00
7.430e+01 2.084e-02 0.000e+00
7.440e+01 2.457e-02 0.000e+00
7.450e+01 2.892e-02 0.000e+00
7.460e+01 2.766e-02 0.000e+00
7.470e+01 2.492e-02 0.000e+00
7.480e+01 2.470e-02 0.000e+00
7.490e+01 2.673e-02 0.000e+00
7.500e+01 2.289e-02 0.000e+00
7.510e+01 2.172e-02 0.000e+00
7.520e+01 2.346e-02 0.000e+00
7.530e+01 2.249e-02 0.000e+00
7.540e+01 2.053e-02 0.000e+00
7.550e+01 2.261e-02 0.000e+00
7.560e+01 1.883e-02 0.000e+00
7.570e+01 2.598e-02 0.000e+00
7.580e+01 2.295e-02 0.000e+00
7.590e+01 2.864e-02 0.000e+00
7.600e+01 2.824e-02 0.000e+00
7.610e+01 2.399e-02 0.000e+00
7.620e+01 2.032e-02 0.000e+00
7.630e+01 2.029e-02 0.000e+00
7.640e+01 1.461e-02 0.000e+00
7.650e+01 1.917e-02 0.000e+00
7.660e+01 1.596e-02 0.000e+00
7.670e+01 2.014e-02 0.000e+00
7.680e+01 1.895e-02 0.000e+00
7.690e+01 1.665e-02 0.000e+00
7.700e+01 1.365e-02 0.000e+00
7.710e+01 1.523e-02 0.000e+00
7.720e+01 1.706e-02 0.000e+00
7.730e+01 2.246e-02 0.000e+00
7.740e+01 2.538e-02 0.000e+00
7.750e+01 2.674e-02 0.000e+00
7.760e+01 2.794e-02 0.000e+00
7.770e+01 2.671e-02 0.000e+00
7.780e+01 2.169e-02 0.000e+00
7.790e+01 2.293e-02 0.000e+00
7.800e+01 2.401e-02 0.000e+00
7.810e+01 2.295e-02 0.000e+00
7.820e+01 2.047e-02 0.000e+00
7.830e+01 2.001e-02 0.000e+00
7.840e+01 2.311e-02 0.000e+00
7.850e+01 2.662e-02 0.000e+00
7.860e+01 2.423e-02 0.000e+00
7.870e+01 2.734e-02 0.000e+00
7.880e+01 2.692e-02 0.000e+00
7.890e+01 3.130e-02 0.000e+00
7.900e+01 3.205e-02 0.000e+00
7.910e+01 3.195e-02 0.000e+00
7.920e+01 3.031e-02 0.000e+00
7.930e+01 2.795e-02 0.000e+00
7.940e+01 2.555e-02 0.000e+00
7.950e+01 2.938e-02 0.000e+00
7.960e+01 2.622e-02 0.000e+00
7.970e+01 2.217e-02 0.000e+00
7.980e+01 2.916e-02 0.000e+00
7.990e+01 3.017e-02 0.000e+00
8.000e+01 2.625e-02 0.000e+00
8.010e+01 2.150e-02 0.000e+00
8.020e+01 2.592e-02 0.000e+00
8.030e+01 2.637e-02 0.000e+00
8.040e+01 3.091e-02 0.000e+00
8.050e+01 2.719e-02 0.000e+00
8.060e+01 2.143e-02 0.000e+00
8.070e+01 2.430e-02 0.000e+00
8.080e+01 2.387e-02 0.000e+00
8.090e+01 2.112e-02 0.000e+00
8.100e+01 2.031e-02 0.000e+00
8.110e+01 2.697e-02 0.000e+00
8.120e+01 2.384e-02 0.000e+00
8.130e+01 2.665e-02 0.000e+00
8.140e+01 2.145e-02 0.000e+00
8.150e+01 1.855e-02 0.000e+00
8.160e+01 1.697e-02 0.000e+00
8.170e+01 1.387e-02 0.000e+00
8.180e+01 1.221e-02 0.000e+00
8.190e+01 1.133e-02 0.000e+00
8.200e+01 9.602e-03 0.000e+00
8.210e+01 1.012e-02 0.000e+00
8.220e+01 1.204e-02 0.000e+00
8.230e+01 1.397e-02 0.000e+00
8.240e+01 1.489e-02 0.000e+00
8.250e+01 1.218e-02 0.000e+00
8.260e+01 1.271e-02 0.000e+00
8.270e+01 9.280e-03 0.000e+00
8.280e+01 1.367e-02 0.000e+00
8.290e+01 1.173e-02 0.000e+00
8.300e+01 1.363e-02 0.000e+00
8.310e+01 1.249e-02 0.000e+00
8.320e+01 1.303e-02 0.000e+00
8.330e+01 1.455e-02 0.000e+00
8.340e+01 1.869e-02 0.000e+00
8.350e+01 2.346e-02 0.000e+00
8.360e+01 2.630e-02 0.000e+00
8.370e+01 3.123e-02 0.000e+00
8.380e+01 2.637e-02 0.000e+00
8.390e+01 2.854e-02 0.000e+00
8.400e+01 2.455e-02 0.000e+00
8.410e+01 2.941e-02 0.000e+00
8.420e+01 2.353e-02 0.000e+00
8.430e+01 3.093e-02 0.000e+00
8.440e+01 2.365e-02 0.000e+00
8.450e+01 3.527e-02 0.000e+00
8.460e+01 2.809e-02 0.000e+00
8.470e+01 2.801e-02 0.000e+00
8.480e+01 2.280e-02 0.000e+00
8.490e+01 2.240e-02 0.000e+00
8.500e+01 1.886e-02 0.000e+00
8.510e+01 2.027e-02 0.000e+00
8.520e+01 1.945e-02 0.000e+00
8.530e+01 2.384e-02 0.000e+00
8.540e+01 2.067e-02 0.000e+00
8.550e+01 2.437e-02 0.000e+00
8.560e+01 1.870e-02 0.000e+00
8.570e+01 2.223e-02 0.000e+00
8.580e+01 2.152e-02 0.000e+00
8.590e+01 2.484e-02 0.000e+00
8.600e+01 2.047e-02 0.000e+00
8.610e+01 1.747e-02 0.000e+00
8.620e+01 1.832e-02 0.000e+00
8.630e+01 1.787e-02 0.000e+00
8.640e+01 1.831e-02 0.000e+00
8.650e+01 1.800e-02 0.000e+00
8.660e+01 1.680e-02 0.000e+00
8.670e+01 2.160e-02 0.000e+00
8.680e+01 1.934e-02 0.000e+00
8.690e+01 1.628e-02 0.000e+00
8.700e+01 1.016e-02 0.000e+00
8.710e+01 1.183e-02 0.000e+00
8.720e+01 1.247e-02 0.000e+00
8.730e+01 1.634e-02 0.000e+00
8.740e+01 2.263e-02 0.000e+00
8.750e+01 1.975e-02 0.000e+00
8.760e+01 2.059e-02 0.000e+00
8.770e+01 2.114e-02 0.000e+00
8.780e+01 2.150e-02 0.000e+00
8.790e+01 1.537e-02 0.000e+00
8.800e+01 1.668e-02 0.000e+00
8.810e+01 1.115e-02 0.000e+00
8.820e+01 1.127e-02 0.000e+00
8.830e+01 1.451e-02 0.000e+00
8.840e+01 1.532e-02 0.000e+00
8.850e+01 1.792e-02 0.000e+00
8.860e+01 1.048e-02 0.000e+00
8.870e+01 1.582e-02 0.000e+00
8.880e+01 1.807e-02 0.000e+00
8.890e+01 2.158e-02 0.000e+00
8.900e+01 2.312e-02 0.000e+00
8.910e+01 1.931e-02 0.000e+00
8.920e+01 1.650e-02 0.000e+00
8.930e+01 2.043e-02 0.000e+00
8.940e+01 1.625e-02 0.000e+00
8.950e+01 1.507e-02 0.000e+00
8.960e+01 1.041e-02 0.000e+00
8.970e+01 1.301e-02 0.000e+00
8.980e+01 1.091e-02 0.000e+00
8.990e+01 1.112e-02 0.000e+00
9.000e+01 1.216e-02 0.000e+00
9.010e+01 1.209e-02 0.000e+00
9.020e+01 1.926e-02 0.000e+00
9.030e+01 1.328e-02 0.000e+00
9.040e+01 1.676e-02 0.000e+00
9.050e+01 1.762e-02 0.000e+00
9.060e+01 2.176e-02 0.000e+00
9.070e+01 1.885e-02 0.000e+00
9.080e+01 2.554e-02 0.000e+00
9.090e+01 2.728e-02 0.000e+00
9.100e+01 2.162e-02 0.000e+00
9.110e+01 2.366e-02 0.000e+00
9.120e+01 1.908e-02 0.000e+00
9.130e+01 2.450e-02 0.000e+00
9.140e+01 2.273e-02 0.000e+00
9.150e+01 2.215e-02 0.000e+00
9.160e+01 1.435e-02 0.000e+00
9.170e+01 1.664e-02 0.000e+00
9.180e+01 1.415e-02 0.000e+00
9.190e+01 1.629e-02 0.000e+00
9.200e+01 2.274e-02 0.000e+00
9.210e+01 1.791e-02 0.000e+00
9.220e+01 2.128e-02 0.000e+00
9.230e+01 1.522e-02 0.000e+00
9.240e+01 1.513e-02 0.000e+00
9.250e+01 1.591e-02 0.000e+00
9.260e+01 2.116e-02 0.000e+00
9.270e+01 2.098e-02 0.000e+00
9.280e+01 1.376e-02 0.000e+00
9.290e+01 1.366e-02 0.000e+00
9.300e+01 1.290e-02 0.000e+00
9.310e+01 1.427e-02 0.000e+00
9.320e+01 1.890e-02 0.000e+00
9.330e+01 2.732e-02 0.000e+00
9.340e+01 2.468e-02 0.000e+00
9.350e+01 2.097e-02 0.000e+00
9.360e+01 2.022e-02 0.000e+00
9.370e+01 2.075e-02 0.000e+00
9.380e+01 2.290e-02 0.000e+00
9.390e+01 2.548e-02 0.000e+00
9.400e+01 2.518e-02 0.000e+00
9.410e+01 2.397e-02 0.000e+00
9.420e+01 2.575e-02 0.000e+00
9.430e+01 2.455e-02 0.000e+00
9.440e+01 2.504e-02 0.000e+00
9.450e+01 2.807e-02 0.000e+00
9.460e+01 2.496e-02 0.000e+00
9.470e+01 2.666e-02 0.000e+00
9.480e+01 2.152e-02 0.000e+00
9.490e+01 2.176e-02 0.000e+00
9.500e+01 2.185e-02 0.000e+00
9.510e+01 2.333e-02 0.000e+00
9.520e+01 2.689e-02 0.000e+00
9.530e+01 2.388e-02 0.000e+00
9.540e+01 2.265e-02 0.000e+00
9.550e+01 2.481e-02 0.000e+00
9.560e+01 2.223e-02 0.000e+00
9.570e+01 2.302e-02 0.000e+00
9.580e+01 2.308e-02 0.000e+00
9.590e+01 2.329e-02 0.000e+00
9.600e+01 1.962e-02 0.000e+00
9.610e+01 2.120e-02 0.000e+00
9.620e+01 2.263e-02 0.000e+00
9.630e+01 2.304e-02 0.000e+00
9.640e+01 2.361e-02 0.000e+00
9.650e+01 2.404e-02 0.000e+00
9.660e+01 1.869e-02 0.000e+00
9.670e+01 1.908e-02 0.000e+00
9.680e+01 1.562e-02 0.000e+00
9.690e+01 2.033e-02 0.000e+00
9.700e+01 1.997e-02 0.000e+00
9.710e+01 2.004e-02 0.000e+00
9.720e+01 2.007e-02 0.000e+00
9.730e+01 1.610e-02 0.000e+00
9.740e+01 1.820e-02 0.000e+00
9.750e+01 1.840e-02 0.000e+00
9.760e+01 1.504e-02 0.000e+00
9.770e+01 1.432e-02 0.000e+00
9.780e+01 1.808e-02 0.000e+00
9.790e+01 1.754e-02 0.000e+00
9.800e+01 2.113e-02 0.000e+00
9.810e+01 1.861e-02 0.000e+00
9.820e+01 1.958e-02 0.000e+00
9.830e+01 1.986e-02 0.000e+00
9.840e+01 1.497e-02 0.000e+00
9.850e+01 1.426e-02 0.000e+00
9.860e+01 1.125e-02 0.000e+00
9.870e+01 1.557e-02 0.000e+00
9.880e+01 2.302e-02 0.000e+00
9.890e+01 1.899e-02 0.000e+00
9.900e+01 1.930e-02 0.000e+00
9.910e+01 1.737e-02 0.000e+00
9.920e+01 1.071e-02 0.000e+00
9.930e+01 1.034e-02 0.000e+00
9.940e+01 1.064e-02 0.000e+00
9.950e+01 1.209e-02 0.000e+00
9.960e+01 1.651e-02 0.000e+00
9.970e+01 1.731e-02 0.000e+00
9.980e+01 1.394e-02 0.000e+00
9.990e+01 1.081e-02 0.000e+00
