# Time (ps)      real(F_0)      im(F_0)
0.000e+00 1.000e+00 0.000e+00
1.000e-01 9.423e-01 0.000e+00
2.000e-01 8.822e-01 0.000e+00
3.000e-01 8.663e-01 0.000e+00
4.000e-01 8.993e-01 0.000e+00
5.000e-01 8.575e-01 0.000e+00
6.000e-01 8.840e-01 0.000e+00
7.000e-01 8.562e-01 0.000e+00
8.000e-01 8.886e-01 0.000e+00
9.000e-01 9.025e-01 0.000e+00
1.000e+00 8.624e-01 0.000e+00
1.100e+00 8.018e-01 0.000e+00
1.200e+00 8.024e-01 0.000e+00
1.300e+00 8.045e-01 0.000e+00
1.400e+00 7.783e-01 0.000e+00
1.500e+00 7.733e-01 0.000e+00
1.600e+00 7.827e-01 0.000e+00
1.700e+00 8.276e-01 0.000e+00
1.800e+00 8.227e-01 0.000e+00
1.900e+00 7.797e-01 0.000e+00
2.000e+00 7.456e-01 0.000e+00
2.100e+00 7.757e-01 0.000e+00
2.200e+00 7.355e-01 0.000e+00
2.300e+00 7.255e-01 0.000e+00
2.400e+00 6.879e-01 0.000e+00
2.500e+00 6.932e-01 0.000e+00
2.600e+00 7.077e-01 0.000e+00
2.700e+00 6.902e-01 0.000e+00
2.800e+00 6.988e-01 0.000e+00
2.900e+00 6.603e-01 0.000e+00
3.000e+00 5.954e-01 0.000e+00
3.100e+00 6.390e-01 0.000e+00
3.200e+00 6.525e-01 0.000e+00
3.300e+00 6.752e-01 0.000e+00
3.400e+00 6.394e-01 0.000e+00
3.500e+00 6.113e-01 0.000e+00
3.600e+00 5.759e-01 0.000e+00
3.700e+00 5.943e-01 0.000e+00
3.800e+00 5.896e-01 0.000e+00
3.900e+00 5.885e-01 0.000e+00
4.000e+00 5.583e-01 0.000e+00
4.100e+00 5.837e-01 0.000e+00
4.200e+00 5.955e-01 0.000e+00
4.300e+00 6.055e-01 0.000e+00
4.400e+00 5.452e-01 0.000e+00
4.500e+00 5.803e-01 0.000e+00
4.600e+00 5.466e-01 0.000e+00
4.700e+00 4.894e-01 0.000e+00
4.800e+00 5.234e-01 0.000e+00
4.900e+00 5.083e-01 0.000e+00
5.000e+00 5.224e-01 0.000e+00
5.100e+00 5.140e-01 0.000e+00
5.200e+00 5.054e-01 0.000e+00
5.300e+00 5.408e-01 0.000e+00
5.400e+00 5.013e-01 0.000e+00
5.500e+00 5.219e-01 0.000e+00
5.600e+00 5.253e-01 0.000e+00
5.700e+00 5.323e-01 0.000e+00
5.800e+00 5.545e-01 0.000e+00
5.900e+00 5.323e-01 0.000e+00
6.000e+00 4.637e-01 0.000e+00
6.100e+00 4.871e-01 0.000e+00
6.200e+00 4.646e-01 0.000e+00
6.300e+00 4.621e-01 0.000e+00
6.400e+00 4.716e-01 0.000e+00
6.500e+00 4.590e-01 0.000e+00
6.600e+00 4.300e-01 0.000e+00
6.700e+00 4.242e-01 0.000e+00
6.800e+00 4.066e-01 0.000e+00
6.900e+00 4.400e-01 0.000e+00
7.000e+00 4.207e-01 0.000e+00
7.100e+00 3.768e-01 0.000e+00
7.200e+00 4.311e-01 0.000e+00
7.300e+00 4.111e-01 0.000e+00
7.400e+00 3.874e-01 0.000e+00
7.500e+00 3.844e-01 0.000e+00
7.600e+00 4.073e-01 0.000e+00
7.700e+00 3.626e-01 0.000e+00
7.800e+00 3.864e-01 0.000e+00
7.900e+00 3.697e-01 0.000e+00
8.000e+00 4.063e-01 0.000e+00
8.100e+00 3.764e-01 0.000e+00
8.200e+00 3.737e-01 0.000e+00
8.300e+00 3.306e-01 0.000e+00
8.400e+00 3.728e-01 0.000e+00
8.500e+00 3.331e-01 0.000e+00
8.600e+00 3.489e-01 0.000e+00
8.700e+00 3.699e-01 0.000e+00
8.800e+00 3.997e-01 0.000e+00
8.900e+00 3.387e-01 0.000e+00
9.000e+00 3.233e-01 0.000e+00
9.100e+00 3.222e-01 0.000e+00
9.200e+00 2.985e-01 0.000e+00
9.300e+00 2.887e-01 0.000e+00
9.400e+00 2.955e-01 0.000e+00
9.500e+00 3.131e-01 0.000e+00
9.600e+00 3.195e-01 0.000e+00
9.700e+00 3.399e-01 0.000e+00
9.800e+00 3.591e-01 0.000e+00
9.900e+00 3.168e-01 0.000e+00
1.000e+01 2.955e-01 0.000e+00
1.010e+01 3.101e-01 0.000e+00
1.020e+01 2.766e-01 0.000e+00
1.030e+01 2.452e-01 0.000e+00
1.040e+01 2.695e-01 0.000e+00
1.050e+01 2.757e-01 0.000e+00
1.060e+01 2.889e-01 0.000e+00
1.070e+01 2.782e-01 0.000e+00
1.080e+01 2.885e-01 0.000e+00
1.090e+01 3.005e-01 0.000e+00
1.100e+01 2.837e-01 0.000e+00
1.110e+01 2.818e-01 0.000e+00
1.120e+01 2.902e-01 0.000e+00
1.130e+01 3.067e-01 0.000e+00
1.140e+01 3.019e-01 0.000e+00
1.150e+01 3.046e-01 0.000e+00
1.160e+01 3.086e-01 0.000e+00
1.170e+01 2.771e-01 0.000e+00
1.180e+01 2.692e-01 0.000e+00
1.190e+01 2.700e-01 0.000e+00
1.200e+01 2.644e-01 0.000e+00
1.210e+01 2.597e-01 0.000e+00
1.220e+01 2.501e-01 0.000e+00
1.230e+01 2.590e-01 0.000e+00
1.240e+01 2.790e-01 0.000e+00
1.250e+01 2.772e-01 0.000e+00
1.260e+01 2.552e-01 0.000e+00
1.270e+01 2.411e-01 0.000e+00
1.280e+01 2.937e-01 0.000e+00
1.290e+01 2.877e-01 0.000e+00
1.300e+01 2.994e-01 0.000e+00
1.310e+01 2.752e-01 0.000e+00
1.320e+01 2.912e-01 0.000e+00
1.330e+01 2.878e-01 0.000e+00
1.340e+01 2.843e-01 0.000e+00
1.350e+01 2.786e-01 0.000e+00
1.360e+01 2.645e-01 0.000e+00
1.370e+01 2.586e-01 0.000e+00
1.380e+01 2.442e-01 0.000e+00
1.390e+01 2.883e-01 0.000e+00
1.400e+01 2.913e-01 0.000e+00
1.410e+01 2.694e-01 0.000e+00
1.420e+01 2.710e-01 0.000e+00
1.430e+01 2.911e-01 0.000e+00
1.440e+01 2.915e-01 0.000e+00
1.450e+01 2.658e-01 0.000e+00
1.460e+01 3.005e-01 0.000e+00
1.470e+01 2.747e-01 0.000e+00
1.480e+01 3.120e-01 0.000e+00
1.490e+01 2.805e-01 0.000e+00
1.500e+01 2.534e-01 0.000e+00
1.510e+01 2.839e-01 0.000e+00
1.520e+01 2.882e-01 0.000e+00
1.530e+01 2.898e-01 0.000e+00
1.540e+01 2.910e-01 0.000e+00
1.550e+01 2.810e-01 0.000e+00
1.560e+01 2.745e-01 0.000e+00
1.570e+01 2.883e-01 0.000e+00
1.580e+01 2.985e-01 0.000e+00
1.590e+01 3.075e-01 0.000e+00
1.600e+01 2.955e-01 0.000e+00
1.610e+01 3.187e-01 0.000e+00
1.620e+01 2.964e-01 0.000e+00
1.630e+01 2.796e-01 0.000e+00
1.640e+01 2.734e-01 0.000e+00
1.650e+01 2.786e-01 0.000e+00
1.660e+01 2.639e-01 0.000e+00
1.670e+01 2.911e-01 0.000e+00
1.680e+01 2.819e-01 0.000e+00
1.690e+01 2.831e-01 0.000e+00
1.700e+01 2.662e-01 0.000e+00
1.710e+01 2.893e-01 0.000e+00
1.720e+01 2.580e-01 0.000e+00
1.730e+01 2.737e-01 0.000e+00
1.740e+01 2.924e-01 0.000e+00
1.750e+01 2.963e-01 0.000e+00
1.760e+01 2.872e-01 0.000e+00
1.770e+01 2.943e-01 0.000e+00
1.780e+01 2.954e-01 0.000e+00
1.790e+01 2.903e-01 0.000e+00
1.800e+01 2.775e-01 0.000e+00
1.810e+01 2.820e-01 0.000e+00
1.820e+01 2.622e-01 0.000e+00
1.830e+01 2.779e-01 0.000e+00
1.840e+01 2.901e-01 0.000e+00
1.850e+01 2.843e-01 0.000e+00
1.860e+01 2.824e-01 0.000e+00
1.870e+01 2.868e-01 0.000e+00
1.880e+01 2.721e-01 0.000e+00
1.890e+01 2.558e-01 0.000e+00
1.900e+01 2.671e-01 0.000e+00
1.910e+01 2.401e-01 0.000e+00
1.920e+01 2.459e-01 0.000e+00
1.930e+01 2.721e-01 0.000e+00
1.940e+01 2.503e-01 0.000e+00
1.950e+01 2.486e-01 0.000e+00
1.960e+01 2.656e-01 0.000e+00
1.970e+01 2.458e-01 0.000e+00
1.980e+01 2.467e-01 0.000e+00
1.990e+01 2.594e-01 0.000e+00
2.000e+01 2.608e-01 0.000e+00
2.010e+01 2.678e-01 0.000e+00
2.020e+01 2.644e-01 0.000e+00
2.030e+01 2.581e-01 0.000e+00
2.040e+01 2.619e-01 0.000e+00
2.050e+01 2.696e-01 0.000e+00
2.060e+01 2.874e-01 0.000e+00
2.070e+01 2.764e-01 0.000e+00
2.080e+01 2.655e-01 0.000e+00
2.090e+01 2.582e-01 0.000e+00
2.100e+01 2.675e-01 0.000e+00
2.110e+01 2.419e-01 0.000e+00
2.120e+01 2.321e-01 0.000e+00
2.130e+01 2.650e-01 0.000e+00
2.140e+01 2.507e-01 0.000e+00
2.150e+01 2.487e-01 0.000e+00
2.160e+01 2.946e-01 0.000e+00
2.170e+01 3.056e-01 0.000e+00
2.180e+01 2.895e-01 0.000e+00
2.190e+01 2.823e-01 0.000e+00
2.200e+01 2.903e-01 0.000e+00
2.210e+01 2.849e-01 0.000e+00
2.220e+01 2.554e-01 0.000e+00
2.230e+01 2.674e-01 0.000e+00
2.240e+01 2.501e-01 0.000e+00
2.250e+01 2.483e-01 0.000e+00
2.260e+01 2.446e-01 0.000e+00
2.270e+01 2.418e-01 0.000e+00
2.280e+01 2.555e-01 0.000e+00
2.290e+01 2.256e-01 0.000e+00
2.300e+01 2.125e-01 0.000e+00
2.310e+01 2.136e-01 0.000e+00
2.320e+01 2.242e-01 0.000e+00
2.330e+01 2.322e-01 0.000e+00
2.340e+01 2.226e-01 0.000e+00
2.350e+01 2.121e-01 0.000e+00
2.360e+01 2.176e-01 0.000e+00
2.370e+01 1.906e-01 0.000e+00
2.380e+01 1.779e-01 0.000e+00
2.390e+01 2.019e-01 0.000e+00
2.400e+01 1.911e-01 0.000e+00
2.410e+01 1.870e-01 0.000e+00
2.420e+01 1.898e-01 0.000e+00
2.430e+01 1.602e-01 0.000e+00
2.440e+01 1.570e-01 0.000e+00
2.450e+01 1.722e-01 0.000e+00
2.460e+01 1.693e-01 0.000e+00
2.470e+01 1.873e-01 0.000e+00
2.480e+01 2.045e-01 0.000e+00
2.490e+01 2.015e-01 0.000e+00
2.500e+01 2.067e-01 0.000e+00
2.510e+01 2.088e-01 0.000e+00
2.520e+01 1.940e-01 0.000e+00
2.530e+01 1.775e-01 0.000e+00
2.540e+01 1.673e-01 0.000e+00
2.550e+01 1.706e-01 0.000e+00
2.560e+01 1.488e-01 0.000e+00
2.570e+01 1.548e-01 0.000e+00
2.580e+01 1.457e-01 0.000e+00
2.590e+01 1.519e-01 0.000e+00
2.600e+01 1.574e-01 0.000e+00
2.610e+01 1.629e-01 0.000e+00
2.620e+01 1.506e-01 0.000e+00
2.630e+01 1.480e-01 0.000e+00
2.640e+01 1.456e-01 0.000e+00
2.650e+01 1.285e-01 0.000e+00
2.660e+01 1.536e-01 0.000e+00
2.670e+01 1.418e-01 0.000e+00
2.680e+01 1.326e-01 0.000e+00
2.690e+01 1.441e-01 0.000e+00
2.700e+01 1.456e-01 0.000e+00
2.710e+01 1.405e-01 0.000e+00
2.720e+01 1.380e-01 0.000e+00
2.730e+01 1.173e-01 0.000e+00
2.740e+01 1.193e-01 0.000e+00
2.750e+01 1.293e-01 0.000e+00
2.760e+01 1.358e-01 0.000e+00
2.770e+01 1.335e-01 0.000e+00
2.780e+01 1.338e-01 0.000e+00
2.790e+01 1.095e-01 0.000e+00
2.800e+01 1.086e-01 0.000e+00
2.810e+01 1.121e-01 0.000e+00
2.820e+01 1.107e-01 0.000e+00
2.830e+01 1.101e-01 0.000e+00
2.840e+01 1.496e-01 0.000e+00
2.850e+01 1.423e-01 0.000e+00
2.860e+01 1.051e-01 0.000e+00
2.870e+01 1.155e-01 0.000e+00
2.880e+01 1.094e-01 0.000e+00
2.890e+01 1.097e-01 0.000e+00
2.900e+01 1.278e-01 0.000e+00
2.910e+01 1.310e-01 0.000e+00
2.920e+01 1.322e-01 0.000e+00
2.930e+01 1.233e-01 0.000e+00
2.940e+01 1.220e-01 0.000e+00
2.950e+01 1.456e-01 0.000e+00
2.960e+01 1.414e-01 0.000e+00
2.970e+01 1.494e-01 0.000e+00
2.980e+01 1.371e-01 0.000e+00
2.990e+01 1.374e-01 0.000e+00
3.000e+01 1.374e-01 0.000e+00
3.010e+01 1.307e-01 0.000e+00
3.020e+01 1.156e-01 0.000e+00
3.030e+01 1.104e-01 0.000e+00
3.040e+01 1.232e-01 0.000e+00
3.050e+01 1.174e-01 0.000e+00
3.060e+01 1.367e-01 0.000e+00
3.070e+01 1.414e-01 0.000e+00
3.080e+01 1.346e-01 0.000e+00
3.090e+01 1.246e-01 0.000e+00
3.100e+01 1.239e-01 0.000e+00
3.110e+01 1.317e-01 0.000e+00
3.120e+01 1.348e-01 0.000e+00
3.130e+01 1.401e-01 0.000e+00
3.140e+01 1.447e-01 0.000e+00
3.150e+01 1.482e-01 0.000e+00
3.160e+01 1.395e-01 0.000e+00
3.170e+01 1.634e-01 0.000e+00
3.180e+01 1.549e-01 0.000e+00
3.190e+01 1.590e-01 0.000e+00
3.200e+01 1.561e-01 0.000e+00
3.210e+01 1.799e-01 0.000e+00
3.220e+01 1.673e-01 0.000e+00
3.230e+01 1.669e-01 0.000e+00
3.240e+01 1.876e-01 0.000e+00
3.250e+01 1.779e-01 0.000e+00
3.260e+01 1.657e-01 0.000e+00
3.270e+01 1.720e-01 0.000e+00
3.280e+01 1.781e-01 0.000e+00
3.290e+01 1.816e-01 0.000e+00
3.300e+01 1.820e-01 0.000e+00
3.310e+01 1.701e-01 0.000e+00
3.320e+01 1.551e-01 0.000e+00
3.330e+01 1.590e-01 0.000e+00
3.340e+01 1.375e-01 0.000e+00
3.350e+01 1.370e-01 0.000e+00
3.360e+01 1.504e-01 0.000e+00
3.370e+01 1.648e-01 0.000e+00
3.380e+01 1.448e-01 0.000e+00
3.390e+01 1.490e-01 0.000e+00
3.400e+01 1.464e-01 0.000e+00
3.410e+01 1.535e-01 0.000e+00
3.420e+01 1.721e-01 0.000e+00
3.430e+01 1.695e-01 0.000e+00
3.440e+01 1.546e-01 0.000e+00
3.450e+01 1.269e-01 0.000e+00
3.460e+01 1.324e-01 0.000e+00
3.470e+01 1.178e-01 0.000e+00
3.480e+01 1.230e-01 0.000e+00
3.490e+01 1.131e-01 0.000e+00
3.500e+01 1.407e-01 0.000e+00
3.510e+01 1.345e-01 0.000e+00
3.520e+01 1.248e-01 0.000e+00
3.530e+01 1.324e-01 0.000e+00
3.540e+01 1.197e-01 0.000e+00
3.550e+01 1.090e-01 0.000e+00
3.560e+01 1.088e-01 0.000e+00
3.570e+01 1.149e-01 0.000e+00
3.580e+01 1.174e-01 0.000e+00
3.590e+01 1.297e-01 0.000e+00
3.600e+01 1.302e-01 0.000e+00
3.610e+01 1.317e-01 0.000e+00
3.620e+01 1.211e-01 0.000e+00
3.630e+01 1.222e-01 0.000e+00
3.640e+01 1.280e-01 0.000e+00
3.650e+01 1.231e-01 0.000e+00
3.660e+01 1.158e-01 0.000e+00
3.670e+01 1.070e-01 0.000e+00
3.680e+01 1.122e-01 0.000e+00
3.690e+01 1.148e-01 0.000e+00
3.700e+01 1.098e-01 0.000e+00
3.710e+01 1.067e-01 0.000e+00
3.720e+01 1.025e-01 0.000e+00
3.730e+01 1.026e-01 0.000e+00
3.740e+01 9.695e-02 0.000e+00
3.750e+01 9.519e-02 0.000e+00
3.760e+01 9.298e-02 0.000e+00
3.770e+01 9.471e-02 0.000e+00
3.780e+01 1.035e-01 0.000e+00
3.790e+01 8.933e-02 0.000e+00
3.800e+01 1.115e-01 0.000e+00
3.810e+01 9.589e-02 0.000e+00
3.820e+01 1.019e-01 0.000e+00
3.830e+01 1.054e-01 0.000e+00
3.840e+01 1.059e-01 0.000e+00
3.850e+01 1.117e-01 0.000e+00
3.860e+01 1.130e-01 0.000e+00
3.870e+01 9.456e-02 0.000e+00
3.880e+01 9.680e-02 0.000e+00
3.890e+01 1.103e-01 0.000e+00
3.900e+01 1.191e-01 0.000e+00
3.910e+01 1.029e-01 0.000e+00
3.920e+01 1.176e-01 0.000e+00
3.930e+01 1.228e-01 0.000e+00
3.940e+01 1.335e-01 0.000e+00
3.950e+01 1.116e-01 0.000e+00
3.960e+01 1.119e-01 0.000e+00
3.970e+01 1.188e-01 0.000e+00
3.980e+01 1.362e-01 0.000e+00
3.990e+01 1.177e-01 0.000e+00
4.000e+01 1.179e-01 0.000e+00
4.010e+01 1.207e-01 0.000e+00
4.020e+01 1.214e-01 0.000e+00
4.030e+01 1.129e-01 0.000e+00
4.040e+01 1.092e-01 0.000e+00
4.050e+01 1.076e-01 0.000e+00
4.060e+01 1.043e-01 0.000e+00
4.070e+01 9.879e-02 0.000e+00
4.080e+01 9.743e-02 0.000e+00
4.090e+01 9.621e-02 0.000e+00
4.100e+01 9.659e-02 0.000e+00
4.110e+01 9.018e-02 0.000e+00
4.120e+01 8.501e-02 0.000e+00
4.130e+01 8.633e-02 0.000e+00
4.140e+01 8.362e-02 0.000e+00
4.150e+01 8.288e-02 0.000e+00
4.160e+01 8.474e-02 0.000e+00
4.170e+01 8.444e-02 0.000e+00
4.180e+01 8.211e-02 0.000e+00
4.190e+01 9.037e-02 0.000e+00
4.200e+01 9.238e-02 0.000e+00
4.210e+01 1.046e-01 0.000e+00
4.220e+01 1.090e-01 0.000e+00
4.230e+01 1.101e-01 0.000e+00
4.240e+01 1.072e-01 0.000e+00
4.250e+01 9.951e-02 0.000e+00
4.260e+01 1.019e-01 0.000e+00
4.270e+01 9.793e-02 0.000e+00
4.280e+01 1.057e-01 0.000e+00
4.290e+01 9.845e-02 0.000e+00
4.300e+01 9.673e-02 0.000e+00
4.310e+01 1.069e-01 0.000e+00
4.320e+01 1.048e-01 0.000e+00
4.330e+01 1.017e-01 0.000e+00
4.340e+01 1.016e-01 0.000e+00
4.350e+01 1.041e-01 0.000e+00
4.360e+01 1.081e-01 0.000e+00
4.370e+01 1.064e-01 0.000e+00
4.380e+01 1.104e-01 0.000e+00
4.390e+01 1.019e-01 0.000e+00
4.400e+01 1.011e-01 0.000e+00
4.410e+01 1.069e-01 0.000e+00
4.420e+01 1.091e-01 0.000e+00
4.430e+01 1.131e-01 0.000e+00
4.440e+01 1.149e-01 0.000e+00
4.450e+01 1.085e-01 0.000e+00
4.460e+01 1.083e-01 0.000e+00
4.470e+01 9.978e-02 0.000e+00
4.480e+01 9.260e-02 0.000e+00
4.490e+01 9.965e-02 0.000e+00
4.500e+01 8.940e-02 0.000e+00
4.510e+01 9.446e-02 0.000e+00
4.520e+01 9.169e-02 0.000e+00
4.530e+01 9.054e-02 0.000e+00
4.540e+01 8.442e-02 0.000e+00
4.550e+01 8.818e-02 0.000e+00
4.560e+01 8.065e-02 0.000e+00
4.570e+01 7.629e-02 0.000e+00
4.580e+01 7.412e-02 0.000e+00
4.590e+01 8.392e-02 0.000e+00
4.600e+01 8.045e-02 0.000e+00
4.610e+01 8.569e-02 0.000e+00
4.620e+01 8.583e-02 0.000e+00
4.630e+01 9.510e-02 0.000e+00
4.640e+01 8.521e-02 0.000e+00
4.650e+01 7.798e-02 0.000e+00
4.660e+01 7.705e-02 0.000e+00
4.670e+01 8.214e-02 0.000e+00
4.680e+01 8.237e-02 0.000e+00
4.690e+01 8.416e-02 0.000e+00
4.700e+01 8.295e-02 0.000e+00
4.710e+01 8.601e-02 0.000e+00
4.720e+01 8.604e-02 0.000e+00
4.730e+01 8.681e-02 0.000e+00
4.740e+01 7.879e-02 0.000e+00
4.750e+01 8.433e-02 0.000e+00
4.760e+01 8.569e-02 0.000e+00
4.770e+01 7.900e-02 0.000e+00
4.780e+01 7.138e-02 0.000e+00
4.790e+01 7.559e-02 0.000e+00
4.800e+01 7.345e-02 0.000e+00
4.810e+01 8.513e-02 0.000e+00
4.820e+01 7.517e-02 0.000e+00
4.830e+01 6.374e-02 0.000e+00
4.840e+01 7.192e-02 0.000e+00
4.850e+01 8.318e-02 0.000e+00
4.860e+01 8.864e-02 0.000e+00
4.870e+01 8.398e-02 0.000e+00
4.880e+01 8.430e-02 0.000e+00
4.890e+01 7.597e-02 0.000e+00
4.900e+01 8.060e-02 0.000e+00
4.910e+01 7.625e-02 0.000e+00
4.920e+01 7.035e-02 0.000e+00
4.930e+01 7.735e-02 0.000e+00
4.940e+01 8.183e-02 0.000e+00
4.950e+01 7.901e-02 0.000e+00
4.960e+01 7.581e-02 0.000e+00
4.970e+01 7.647e-02 0.000e+00
4.980e+01 8.045e-02 0.000e+00
4.990e+01 8.418e-02 0.000e+00
5.000e+01 8.319e-02 0.000e+00
5.010e+01 7.672e-02 0.000e+00
5.020e+01 8.548e-02 0.000e+00
5.030e+01 8.073e-02 0.000e+00
5.040e+01 8.945e-02 0.000e+00
5.050e+01 8.744e-02 0.000e+00
5.060e+01 8.431e-02 0.000e+00
5.070e+01 8.782e-02 0.000e+00
5.080e+01 8.547e-02 0.000e+00
5.090e+01 8.330e-02 0.000e+00
5.100e+01 8.157e-02 0.000e+00
5.110e+01 8.137e-02 0.000e+00
5.120e+01 7.444e-02 0.000e+00
5.130e+01 7.364e-02 0.000e+00
5.140e+01 7.594e-02 0.000e+00
5.150e+01 7.405e-02 0.000e+00
5.160e+01 8.281e-02 0.000e+00
5.170e+01 8.403e-02 0.000e+00
5.180e+01 7.757e-02 0.000e+00
5.190e+01 7.817e-02 0.000e+00
5.200e+01 8.121e-02 0.000e+00
5.210e+01 8.178e-02 0.000e+00
5.220e+01 8.019e-02 0.000e+00
5.230e+01 8.875e-02 0.000e+00
5.240e+01 8.124e-02 0.000e+00
5.250e+01 7.697e-02 0.000e+00
5.260e+01 8.305e-02 0.000e+00
5.270e+01 7.332e-02 0.000e+00
5.280e+01 8.641e-02 0.000e+00
5.290e+01 8.489e-02 0.000e+00
5.300e+01 8.521e-02 0.000e+00
5.310e+01 8.087e-02 0.000e+00
5.320e+01 8.155e-02 0.000e+00
5.330e+01 7.294e-02 0.000e+00
5.340e+01 7.444e-02 0.000e+00
5.350e+01 7.933e-02 0.000e+00
5.360e+01 7.696e-02 0.000e+00
5.370e+01 8.310e-02 0.000e+00
5.380e+01 7.894e-02 0.000e+00
5.390e+01 8.890e-02 0.000e+00
5.400e+01 8.440e-02 0.000e+00
5.410e+01 7.814e-02 0.000e+00
5.420e+01 7.596e-02 0.000e+00
5.430e+01 6.998e-02 0.000e+00
5.440e+01 7.710e-02 0.000e+00
5.450e+01 7.146e-02 0.000e+00
5.460e+01 7.800e-02 0.000e+00
5.470e+01 7.866e-02 0.000e+00
5.480e+01 7.967e-02 0.000e+00
5.490e+01 7.330e-02 0.000e+00
5.500e+01 7.728e-02 0.000e+00
5.510e+01 7.951e-02 0.000e+00
5.520e+01 8.319e-02 0.000e+00
5.530e+01 7.463e-02 0.000e+00
5.540e+01 7.013e-02 0.000e+00
5.550e+01 7.007e-02 0.000e+00
5.560e+01 7.013e-02 0.000e+00
5.570e+01 6.785e-02 0.000e+00
5.580e+01 6.821e-02 0.000e+00
5.590e+01 7.337e-02 0.000e+00
5.600e+01 7.152e-02 0.000e+00
5.610e+01 7.415e-02 0.000e+00
5.620e+01 6.279e-02 0.000e+00
5.630e+01 5.882e-02 0.000e+00
5.640e+01 6.322e-02 0.000e+00
5.650e+01 6.129e-02 0.000e+00
5.660e+01 6.626e-02 0.000e+00
5.670e+01 6.250e-02 0.000e+00
5.680e+01 6.518e-02 0.000e+00
5.690e+01 6.887e-02 0.000e+00
5.700e+01 6.380e-02 0.000e+00
5.710e+01 6.331e-02 0.000e+00
5.720e+01 6.577e-02 0.000e+00
5.730e+01 6.732e-02 0.000e+00
5.740e+01 6.713e-02 0.000e+00
5.750e+01 6.181e-02 0.000e+00
5.760e+01 6.566e-02 0.000e+00
5.770e+01 7.575e-02 0.000e+00
5.780e+01 6.736e-02 0.000e+00
5.790e+01 6.838e-02 0.000e+00
5.800e+01 6.262e-02 0.000e+00
5.810e+01 6.559e-02 0.000e+00
5.820e+01 7.352e-02 0.000e+00
5.830e+01 6.983e-02 0.000e+00
5.840e+01 7.343e-02 0.000e+00
5.850e+01 7.097e-02 0.000e+00
5.860e+01 7.428e-02 0.000e+00
5.870e+01 7.216e-02 0.000e+00
5.880e+01 7.122e-02 0.000e+00
5.890e+01 7.290e-02 0.000e+00
5.900e+01 7.344e-02 0.000e+00
5.910e+01 7.099e-02 0.000e+00
5.920e+01 7.001e-02 0.000e+00
5.930e+01 7.789e-02 0.000e+00
5.940e+01 7.941e-02 0.000e+00
5.950e+01 7.317e-02 0.000e+00
5.960e+01 6.730e-02 0.000e+00
5.970e+01 7.766e-02 0.000e+00
5.980e+01 7.347e-02 0.000e+00
5.990e+01 7.285e-02 0.000e+00
6.000e+01 7.169e-02 0.000e+00
6.010e+01 6.912e-02 0.000e+00
6.020e+01 6.517e-02 0.000e+00
6.030e+01 6.343e-02 0.000e+00
6.040e+01 6.799e-02 0.000e+00
6.050e+01 6.707e-02 0.000e+00
6.060e+01 6.848e-02 0.000e+00
6.070e+01 7.199e-02 0.000e+00
6.080e+01 6.910e-02 0.000e+00
6.090e+01 6.763e-02 0.000e+00
6.100e+01 6.440e-02 0.000e+00
6.110e+01 6.302e-02 0.000e+00
6.120e+01 6.095e-02 0.000e+00
6.130e+01 6.542e-02 0.000e+00
6.140e+01 6.568e-02 0.000e+00
6.150e+01 6.704e-02 0.000e+00
6.160e+01 6.508e-02 0.000e+00
6.170e+01 6.199e-02 0.000e+00
6.180e+01 6.789e-02 0.000e+00
6.190e+01 7.292e-02 0.000e+00
6.200e+01 7.467e-02 0.000e+00
6.210e+01 8.537e-02 0.000e+00
6.220e+01 8.108e-02 0.000e+00
6.230e+01 7.133e-02 0.000e+00
6.240e+01 7.684e-02 0.000e+00
6.250e+01 7.604e-02 0.000e+00
6.260e+01 7.487e-02 0.000e+00
6.270e+01 7.921e-02 0.000e+00
6.280e+01 7.929e-02 0.000e+00
6.290e+01 7.523e-02 0.000e+00
6.300e+01 7.409e-02 0.000e+00
6.310e+01 6.828e-02 0.000e+00
6.320e+01 6.627e-02 0.000e+00
6.330e+01 6.945e-02 0.000e+00
6.340e+01 5.498e-02 0.000e+00
6.350e+01 6.301e-02 0.000e+00
6.360e+01 6.280e-02 0.000e+00
6.370e+01 6.733e-02 0.000e+00
6.380e+01 6.370e-02 0.000e+00
6.390e+01 6.067e-02 0.000e+00
6.400e+01 5.884e-02 0.000e+00
6.410e+01 6.393e-02 0.000e+00
6.420e+01 5.931e-02 0.000e+00
6.430e+01 5.640e-02 0.000e+00
6.440e+01 5.403e-02 0.000e+00
6.450e+01 5.832e-02 0.000e+00
6.460e+01 5.935e-02 0.000e+00
6.470e+01 5.809e-02 0.000e+00
6.480e+01 5.972e-02 0.000e+00
6.490e+01 6.255e-02 0.000e+00
6.500e+01 6.235e-02 0.000e+00
6.510e+01 6.229e-02 0.000e+00
6.520e+01 5.144e-02 0.000e+00
6.530e+01 5.867e-02 0.000e+00
6.540e+01 5.504e-02 0.000e+00
6.550e+01 5.444e-02 0.000e+00
6.560e+01 6.895e-02 0.000e+00
6.570e+01 6.218e-02 0.000e+00
6.580e+01 6.111e-02 0.000e+00
6.590e+01 5.922e-02 0.000e+00
6.600e+01 6.534e-02 0.000e+00
6.610e+01 6.707e-02 0.000e+00
6.620e+01 6.144e-02 0.000e+00
6.630e+01 5.870e-02 0.000e+00
6.640e+01 5.730e-02 0.000e+00
6.650e+01 5.713e-02 0.000e+00
6.660e+01 6.401e-02 0.000e+00
6.670e+01 6.305e-02 0.000e+00
6.680e+01 6.702e-02 0.000e+00
6.690e+01 6.803e-02 0.000e+00
6.700e+01 6.400e-02 0.000e+00
6.710e+01 5.673e-02 0.000e+00
6.720e+01 6.307e-02 0.000e+00
6.730e+01 6.182e-02 0.000e+00
6.740e+01 5.996e-02 0.000e+00
6.750e+01 6.277e-02 0.000e+00
6.760e+01 6.040e-02 0.000e+00
6.770e+01 5.733e-02 0.000e+00
6.780e+01 5.520e-02 0.000e+00
6.790e+01 5.931e-02 0.000e+00
6.800e+01 6.759e-02 0.000e+00
6.810e+01 6.517e-02 0.000e+00
6.820e+01 6.423e-02 0.000e+00
6.830e+01 5.839e-02 0.000e+00
6.840e+01 6.025e-02 0.000e+00
6.850e+01 6.217e-02 0.000e+00
6.860e+01 6.377e-02 0.000e+00
6.870e+01 6.397e-02 0.000e+00
6.880e+01 6.472e-02 0.000e+00
6.890e+01 6.817e-02 0.000e+00
6.900e+01 7.283e-02 0.000e+00
6.910e+01 7.572e-02 0.000e+00
6.920e+01 6.942e-02 0.000e+00
6.930e+01 7.248e-02 0.000e+00
6.940e+01 7.417e-02 0.000e+00
6.950e+01 7.239e-02 0.000e+00
6.960e+01 8.394e-02 0.000e+00
6.970e+01 8.134e-02 0.000e+00
6.980e+01 7.512e-02 0.000e+00
6.990e+01 7.151e-02 0.000e+00
7.000e+01 7.015e-02 0.000e+00
7.010e+01 6.578e-02 0.000e+00
7.020e+01 5.529e-02 0.000e+00
7.030e+01 4.861e-02 0.000e+00
7.040e+01 4.302e-02 0.000e+00
7.050e+01 5.052e-02 0.000e+00
7.060e+01 4.893e-02 0.000e+00
7.070e+01 5.649e-02 0.000e+00
7.080e+01 5.673e-02 0.000e+00
7.090e+01 5.154e-02 0.000e+00
7.100e+01 5.101e-02 0.000e+00
7.110e+01 5.032e-02 0.000e+00
7.120e+01 5.175e-02 0.000e+00
7.130e+01 7.879e-02 0.000e+00
7.140e+01 7.299e-02 0.000e+00
7.150e+01 7.164e-02 0.000e+00
7.160e+01 6.359e-02 0.000e+00
7.170e+01 7.417e-02 0.000e+00
7.180e+01 7.110e-02 0.000e+00
7.190e+01 6.989e-02 0.000e+00
7.200e+01 7.726e-02 0.000e+00
7.210e+01 7.327e-02 0.000e+00
7.220e+01 7.921e-02 0.000e+00
7.230e+01 6.786e-02 0.000e+00
7.240e+01 7.366e-02 0.000e+00
7.250e+01 7.727e-02 0.000e+00
7.260e+01 6.782e-02 0.000e+00
7.270e+01 6.010e-02 0.000e+00
7.280e+01 6.208e-02 0.000e+00
7.290e+01 6.041e-02 0.000e+00
7.300e+01 5.857e-02 0.000e+00
7.310e+01 6.199e-02 0.000e+00
7.320e+01 5.787e-02 0.000e+00
7.330e+01 5.951e-02 0.000e+00
7.340e+01 5.827e-02 0.000e+00
7.350e+01 6.236e-02 0.000e+00
7.360e+01 6.110e-02 0.000e+00
7.370e+01 5.964e-02 0.000e+00
7.380e+01 5.911e-02 0.000e+00
7.390e+01 5.695e-02 0.000e+00
7.400e+01 5.649e-02 0.000e+00
7.410e+01 5.287e-02 0.000e+00
7.420e+01 5.507e-02 0.000e+00
7.430e+01 5.414e-02 0.000e+00
7.440e+01 4.759e-02 0.000e+00
7.450e+01 4.338e-02 0.000e+00
7.460e+01 4.318e-02 0.000e+00
7.470e+01 4.490e-02 0.000e+00
7.480e+01 4.829e-02 0.000e+00
7.490e+01 4.954e-02 0.000e+00
7.500e+01 5.243e-02 0.000e+00
7.510e+01 5.013e-02 0.000e+00
7.520e+01 4.898e-02 0.000e+00
7.530e+01 4.482e-02 0.000e+00
7.540e+01 4.674e-02 0.000e+00
7.550e+01 4.743e-02 0.000e+00
7.560e+01 4.609e-02 0.000e+00
7.570e+01 4.306e-02 0.000e+00
7.580e+01 4.272e-02 0.000e+00
7.590e+01 4.300e-02 0.000e+00
7.600e+01 4.481e-02 0.000e+00
7.610e+01 4.824e-02 0.000e+00
7.620e+01 4.409e-02 0.000e+00
7.630e+01 4.380e-02 0.000e+00
7.640e+01 4.721e-02 0.000e+00
7.650e+01 4.441e-02 0.000e+00
7.660e+01 4.276e-02 0.000e+00
7.670e+01 3.770e-02 0.000e+00
7.680e+01 3.481e-02 0.000e+00
7.690e+01 3.315e-02 0.000e+00
7.700e+01 3.411e-02 0.000e+00
7.710e+01 3.906e-02 0.000e+00
7.720e+01 3.924e-02 0.000e+00
7.730e+01 4.419e-02 0.000e+00
7.740e+01 3.990e-02 0.000e+00
7.750e+01 4.216e-02 0.000e+00
7.760e+01 3.830e-02 0.000e+00
7.770e+01 3.514e-02 0.000e+00
7.780e+01 3.553e-02 0.000e+00
7.790e+01 3.503e-02 0.000e+00
7.800e+01 3.523e-02 0.000e+00
7.810e+01 4.067e-02 0.000e+00
7.820e+01 4.192e-02 0.000e+00
7.830e+01 4.222e-02 0.000e+00
7.840e+01 4.472e-02 0.000e+00
7.850e+01 4.789e-02 0.000e+00
7.860e+01 5.096e-02 0.000e+00
7.870e+01 5.272e-02 0.000e+00
7.880e+01 5.185e-02 0.000e+00
7.890e+01 4.374e-02 0.000e+00
7.900e+01 4.511e-02 0.000e+00
7.910e+01 4.269e-02 0.000e+00
7.920e+01 4.449e-02 0.000e+00
7.930e+01 4.642e-02 0.000e+00
7.940e+01 4.642e-02 0.000e+00
7.950e+01 4.721e-02 0.000e+00
7.960e+01 4.671e-02 0.000e+00
7.970e+01 4.940e-02 0.000e+00
7.980e+01 4.590e-02 0.000e+00
7.990e+01 4.266e-02 0.000e+00
8.000e+01 4.007e-02 0.000e+00
8.010e+01 3.940e-02 0.000e+00
8.020e+01 3.698e-02 0.000e+00
8.030e+01 3.756e-02 0.000e+00
8.040e+01 3.949e-02 0.000e+00
8.050e+01 4.609e-02 0.000e+00
8.060e+01 4.923e-02 0.000e+00
8.070e+01 4.845e-02 0.000e+00
8.080e+01 4.802e-02 0.000e+00
8.090e+01 4.189e-02 0.000e+00
8.100e+01 4.006e-02 0.000e+00
8.110e+01 4.291e-02 0.000e+00
8.120e+01 4.454e-02 0.000e+00
8.130e+01 5.045e-02 0.000e+00
8.140e+01 5.150e-02 0.000e+00
8.150e+01 5.184e-02 0.000e+00
8.160e+01 5.442e-02 0.000e+00
8.170e+01 5.130e-02 0.000e+00
8.180e+01 4.884e-02 0.000e+00
8.190e+01 4.252e-02 0.000e+00
8.200e+01 3.802e-02 0.000e+00
8.210e+01 3.815e-02 0.000e+00
8.220e+01 3.878e-02 0.000e+00
8.230e+01 4.308e-02 0.000e+00
8.240e+01 4.371e-02 0.000e+00
8.250e+01 4.052e-02 0.000e+00
8.260e+01 3.911e-02 0.000e+00
8.270e+01 3.802e-02 0.000e+00
8.280e+01 4.200e-02 0.000e+00
8.290e+01 3.723e-02 0.000e+00
8.300e+01 3.714e-02 0.000e+00
8.310e+01 3.796e-02 0.000e+00
8.320e+01 3.656e-02 0.000e+00
8.330e+01 3.625e-02 0.000e+00
8.340e+01 4.340e-02 0.000e+00
8.350e+01 4.027e-02 0.000e+00
8.360e+01 3.717e-02 0.000e+00
8.370e+01 3.511e-02 0.000e+00
8.380e+01 3.198e-02 0.000e+00
8.390e+01 3.374e-02 0.000e+00
8.400e+01 3.300e-02 0.000e+00
8.410e+01 3.938e-02 0.000e+00
8.420e+01 3.718e-02 0.000e+00
8.430e+01 3.534e-02 0.000e+00
8.440e+01 3.500e-02 0.000e+00
8.450e+01 3.131e-02 0.000e+00
8.460e+01 2.868e-02 0.000e+00
8.470e+01 3.134e-02 0.000e+00
8.480e+01 3.879e-02 0.000e+00
8.490e+01 4.015e-02 0.000e+00
8.500e+01 3.868e-02 0.000e+00
8.510e+01 4.023e-02 0.000e+00
8.520e+01 4.067e-02 0.000e+00
8.530e+01 3.677e-02 0.000e+00
8.540e+01 3.609e-02 0.000e+00
8.550e+01 3.460e-02 0.000e+00
8.560e+01 2.988e-02 0.000e+00
8.570e+01 3.301e-02 0.000e+00
8.580e+01 2.799e-02 0.000e+00
8.590e+01 3.389e-02 0.000e+00
8.600e+01 3.204e-02 0.000e+00
8.610e+01 3.536e-02 0.000e+00
8.620e+01 3.114e-02 0.000e+00
8.630e+01 2.905e-02 0.000e+00
8.640e+01 3.668e-02 0.000e+00
8.650e+01 3.193e-02 0.000e+00
8.660e+01 3.941e-02 0.000e+00
8.670e+01 4.129e-02 0.000e+00
8.680e+01 4.308e-02 0.000e+00
8.690e+01 5.057e-02 0.000e+00
8.700e+01 5.134e-02 0.000e+00
8.710e+01 4.879e-02 0.000e+00
8.720e+01 4.911e-02 0.000e+00
8.730e+01 4.249e-02 0.000e+00
8.740e+01 4.268e-02 0.000e+00
8.750e+01 4.476e-02 0.000e+00
8.760e+01 4.111e-02 0.000e+00
8.770e+01 4.023e-02 0.000e+00
8.780e+01 4.147e-02 0.000e+00
8.790e+01 3.443e-02 0.000e+00
8.800e+01 3.243e-02 0.000e+00
8.810e+01 4.060e-02 0.000e+00
8.820e+01 3.872e-02 0.000e+00
8.830e+01 3.601e-02 0.000e+00
8.840e+01 3.960e-02 0.000e+00
8.850e+01 3.628e-02 0.000e+00
8.860e+01 3.456e-02 0.000e+00
8.870e+01 3.496e-02 0.000e+00
8.880e+01 4.599e-02 0.000e+00
8.890e+01 4.274e-02 0.000e+00
8.900e+01 3.959e-02 0.000e+00
8.910e+01 4.266e-02 0.000e+00
8.920e+01 3.679e-02 0.000e+00
8.930e+01 3.825e-02 0.000e+00
8.940e+01 4.832e-02 0.000e+00
8.950e+01 4.782e-02 0.000e+00
8.960e+01 4.271e-02 0.000e+00
8.970e+01 4.904e-02 0.000e+00
8.980e+01 4.465e-02 0.000e+00
8.990e+01 4.959e-02 0.000e+00
9.000e+01 4.926e-02 0.000e+00
9.010e+01 4.755e-02 0.000e+00
9.020e+01 4.993e-02 0.000e+00
9.030e+01 4.979e-02 0.000e+00
9.040e+01 5.619e-02 0.000e+00
9.050e+01 5.150e-02 0.000e+00
9.060e+01 4.325e-02 0.000e+00
9.070e+01 5.378e-02 0.000e+00
9.080e+01 5.859e-02 0.000e+00
9.090e+01 5.504e-02 0.000e+00
9.100e+01 5.511e-02 0.000e+00
9.110e+01 6.628e-02 0.000e+00
9.120e+01 5.649e-02 0.000e+00
9.130e+01 5.176e-02 0.000e+00
9.140e+01 5.433e-02 0.000e+00
9.150e+01 5.970e-02 0.000e+00
9.160e+01 5.838e-02 0.000e+00
9.170e+01 5.563e-02 0.000e+00
9.180e+01 5.833e-02 0.000e+00
9.190e+01 6.561e-02 0.000e+00
9.200e+01 5.749e-02 0.000e+00
9.210e+01 6.177e-02 0.000e+00
9.220e+01 6.047e-02 0.000e+00
9.230e+01 6.034e-02 0.000e+00
9.240e+01 5.917e-02 0.000e+00
9.250e+01 6.640e-02 0.000e+00
9.260e+01 5.656e-02 0.000e+00
9.270e+01 7.060e-02 0.000e+00
9.280e+01 6.493e-02 0.000e+00
9.290e+01 6.392e-02 0.000e+00
9.300e+01 5.586e-02 0.000e+00
9.310e+01 5.141e-02 0.000e+00
9.320e+01 4.978e-02 0.000e+00
9.330e+01 5.105e-02 0.000e+00
9.340e+01 5.003e-02 0.000e+00
9.350e+01 4.838e-02 0.000e+00
9.360e+01 4.801e-02 0.000e+00
9.370e+01 5.098e-02 0.000e+00
9.380e+01 4.409e-02 0.000e+00
9.390e+01 4.402e-02 0.000e+00
9.400e+01 4.262e-02 0.000e+00
9.410e+01 4.584e-02 0.000e+00
9.420e+01 4.525e-02 0.000e+00
9.430e+01 4.567e-02 0.000e+00
9.440e+01 4.297e-02 0.000e+00
9.450e+01 3.990e-02 0.000e+00
9.460e+01 4.117e-02 0.000e+00
9.470e+01 3.861e-02 0.000e+00
9.480e+01 3.511e-02 0.000e+00
9.490e+01 3.230e-02 0.000e+00
9.500e+01 3.699e-02 0.000e+00
9.510e+01 3.289e-02 0.000e+00
9.520e+01 2.780e-02 0.000e+00
9.530e+01 2.829e-02 0.000e+00
9.540e+01 2.795e-02 0.000e+00
9.550e+01 3.315e-02 0.000e+00
9.560e+01 3.154e-02 0.000e+00
9.570e+01 2.834e-02 0.000e+00
9.580e+01 2.768e-02 0.000e+00
9.590e+01 3.603e-02 0.000e+00
9.600e+01 4.027e-02 0.000e+00
9.610e+01 3.270e-02 0.000e+00
9.620e+01 2.137e-02 0.000e+00
9.630e+01 2.989e-02 0.000e+00
9.640e+01 2.153e-02 0.000e+00
9.650e+01 3.118e-02 0.000e+00
9.660e+01 3.612e-02 0.000e+00
9.670e+01 3.240e-02 0.000e+00
9.680e+01 3.271e-02 0.000e+00
9.690e+01 3.672e-02 0.000e+00
9.700e+01 3.805e-02 0.000e+00
9.710e+01 4.221e-02 0.000e+00
9.720e+01 4.151e-02 0.000e+00
9.730e+01 3.692e-02 0.000e+00
9.740e+01 3.620e-02 0.000e+00
9.750e+01 3.750e-02 0.000e+00
9.760e+01 4.248e-02 0.000e+00
9.770e+01 3.683e-02 0.000e+00
9.780e+01 3.860e-02 0.000e+00
9.790e+01 3.657e-02 0.000e+00
9.800e+01 3.718e-02 0.000e+00
9.810e+01 3.769e-02 0.000e+00
9.820e+01 3.561e-02 0.000e+00
9.830e+01 3.037e-02 0.000e+00
9.840e+01 3.411e-02 0.000e+00
9.850e+01 3.341e-02 0.000e+00
9.860e+01 3.672e-02 0.000e+00
9.870e+01 3.577e-02 0.000e+00
9.880e+01 3.277e-02 0.000e+00
9.890e+01 2.929e-02 0.000e+00
9.900e+01 3.523e-02 0.000e+00
9.910e+01 3.467e-02 0.000e+00
9.920e+01 3.990e-02 0.000e+00
9.930e+01 3.855e-02 0.000e+00
9.940e+01 3.861e-02 0.000e+00
9.950e+01 3.385e-02 0.000e+00
9.960e+01 3.948e-02 0.000e+00
9.970e+01 3.632e-02 0.000e+00
9.980e+01 3.868e-02 0.000e+00
9.990e+01 3.772e-02 0.000e+00
