# Time (ps)      real(F_0)      im(F_0)
0.000e+00 1.000e+00 0.000e+00
1.000e-01 9.160e-01 0.000e+00
2.000e-01 8.952e-01 0.000e+00
3.000e-01 8.421e-01 0.000e+00
4.000e-01 8.586e-01 0.000e+00
5.000e-01 8.272e-01 0.000e+00
6.000e-01 8.066e-01 0.000e+00
7.000e-01 7.951e-01 0.000e+00
8.000e-01 8.407e-01 0.000e+00
9.000e-01 8.104e-01 0.000e+00
1.000e+00 8.001e-01 0.000e+00
1.100e+00 7.498e-01 0.000e+00
1.200e+00 7.630e-01 0.000e+00
1.300e+00 7.497e-01 0.000e+00
1.400e+00 7.253e-01 0.000e+00
1.500e+00 6.960e-01 0.000e+00
1.600e+00 6.870e-01 0.000e+00
1.700e+00 7.013e-01 0.000e+00
1.800e+00 6.698e-01 0.000e+00
1.900e+00 6.814e-01 0.000e+00
2.000e+00 6.710e-01 0.000e+00
2.100e+00 7.074e-01 0.000e+00
2.200e+00 6.929e-01 0.000e+00
2.300e+00 6.550e-01 0.000e+00
2.400e+00 6.728e-01 0.000e+00
2.500e+00 6.459e-01 0.000e+00
2.600e+00 6.432e-01 0.000e+00
2.700e+00 6.170e-01 0.000e+00
2.800e+00 5.984e-01 0.000e+00
2.900e+00 6.045e-01 0.000e+00
3.000e+00 6.054e-01 0.000e+00
3.100e+00 6.039e-01 0.000e+00
3.200e+00 6.101e-01 0.000e+00
3.300e+00 6.113e-01 0.000e+00
3.400e+00 6.044e-01 0.000e+00
3.500e+00 5.843e-01 0.000e+00
3.600e+00 5.866e-01 0.000e+00
3.700e+00 5.973e-01 0.000e+00
3.800e+00 5.562e-01 0.000e+00
3.900e+00 5.969e-01 0.000e+00
4.000e+00 5.699e-01 0.000e+00
4.100e+00 5.702e-01 0.000e+00
4.200e+00 5.434e-01 0.000e+00
4.300e+00 5.511e-01 0.000e+00
4.400e+00 5.558e-01 0.000e+00
4.500e+00 5.281e-01 0.000e+00
4.600e+00 5.093e-01 0.000e+00
4.700e+00 4.849e-01 0.000e+00
4.800e+00 5.102e-01 0.000e+00
4.900e+00 4.670e-01 0.000e+00
5.000e+00 4.651e-01 0.000e+00
5.100e+00 4.628e-01 0.000e+00
5.200e+00 4.816e-01 0.000e+00
5.300e+00 4.602e-01 0.000e+00
5.400e+00 4.500e-01 0.000e+00
5.500e+00 4.581e-01 0.000e+00
5.600e+00 4.711e-01 0.000e+00
5.700e+00 4.771e-01 0.000e+00
5.800e+00 4.628e-01 0.000e+00
5.900e+00 4.536e-01 0.000e+00
6.000e+00 4.640e-01 0.000e+00
6.100e+00 4.450e-01 0.000e+00
6.200e+00 4.377e-01 0.000e+00
6.300e+00 4.174e-01 0.000e+00
6.400e+00 4.261e-01 0.000e+00
6.500e+00 4.365e-01 0.000e+00
6.600e+00 4.137e-01 0.000e+00
6.700e+00 3.931e-01 0.000e+00
6.800e+00 4.087e-01 0.000e+00
6.900e+00 3.832e-01 0.000e+00
7.000e+00 3.929e-01 0.000e+00
7.100e+00 3.743e-01 0.000e+00
7.200e+00 3.879e-01 0.000e+00
7.300e+00 4.025e-01 0.000e+00
7.400e+00 3.816e-01 0.000e+00
7.500e+00 3.702e-01 0.000e+00
7.600e+00 3.628e-01 0.000e+00
7.700e+00 3.773e-01 0.000e+00
7.800e+00 3.545e-01 0.000e+00
7.900e+00 3.460e-01 0.000e+00
8.000e+00 3.647e-01 0.000e+00
8.100e+00 3.580e-01 0.000e+00
8.200e+00 3.875e-01 0.000e+00
8.300e+00 3.619e-01 0.000e+00
8.400e+00 3.390e-01 0.000e+00
8.500e+00 3.347e-01 0.000e+00
8.600e+00 3.283e-01 0.000e+00
8.700e+00 3.261e-01 0.000e+00
8.800e+00 3.323e-01 0.000e+00
8.900e+00 3.267e-01 0.000e+00
9.000e+00 3.196e-01 0.000e+00
9.100e+00 3.213e-01 0.000e+00
9.200e+00 3.175e-01 0.000e+00
9.300e+00 3.102e-01 0.000e+00
9.400e+00 2.912e-01 0.000e+00
9.500e+00 2.743e-01 0.000e+00
9.600e+00 2.774e-01 0.000e+00
9.700e+00 3.047e-01 0.000e+00
9.800e+00 2.789e-01 0.000e+00
9.900e+00 2.931e-01 0.000e+00
1.000e+01 2.946e-01 0.000e+00
1.010e+01 2.974e-01 0.000e+00
1.020e+01 3.093e-01 0.000e+00
1.030e+01 2.693e-01 0.000e+00
1.040e+01 2.778e-01 0.000e+00
1.050e+01 2.917e-01 0.000e+00
1.060e+01 2.858e-01 0.000e+00
1.070e+01 2.876e-01 0.000e+00
1.080e+01 2.894e-01 0.000e+00
1.090e+01 2.752e-01 0.000e+00
1.100e+01 2.635e-01 0.000e+00
1.110e+01 2.660e-01 0.000e+00
1.120e+01 2.818e-01 0.000e+00
1.130e+01 2.793e-01 0.000e+00
1.140e+01 3.022e-01 0.000e+00
1.150e+01 2.748e-01 0.000e+00
1.160e+01 2.571e-01 0.000e+00
1.170e+01 2.544e-01 0.000e+00
1.180e+01 2.477e-01 0.000e+00
1.190e+01 2.522e-01 0.000e+00
1.200e+01 2.258e-01 0.000e+00
1.210e+01 2.393e-01 0.000e+00
1.220e+01 2.558e-01 0.000e+00
1.230e+01 2.614e-01 0.000e+00
1.240e+01 2.422e-01 0.000e+00
1.250e+01 2.424e-01 0.000e+00
1.260e+01 2.503e-01 0.000e+00
1.270e+01 2.515e-01 0.000e+00
1.280e+01 2.457e-01 0.000e+00
1.290e+01 2.411e-01 0.000e+00
1.300e+01 2.300e-01 0.000e+00
1.310e+01 2.357e-01 0.000e+00
1.320e+01 2.234e-01 0.000e+00
1.330e+01 2.239e-01 0.000e+00
1.340e+01 2.138e-01 0.000e+00
1.350e+01 2.188e-01 0.000e+00
1.360e+01 2.314e-01 0.000e+00
1.370e+01 2.384e-01 0.000e+00
1.380e+01 2.444e-01 0.000e+00
1.390e+01 2.545e-01 0.000e+00
1.400e+01 2.416e-01 0.000e+00
1.410e+01 2.202e-01 0.000e+00
1.420e+01 2.140e-01 0.000e+00
1.430e+01 2.118e-01 0.000e+00
1.440e+01 2.147e-01 0.000e+00
1.450e+01 1.976e-01 0.000e+00
1.460e+01 2.071e-01 0.000e+00
1.470e+01 2.100e-01 0.000e+00
1.480e+01 2.092e-01 0.000e+00
1.490e+01 2.072e-01 0.000e+00
1.500e+01 2.128e-01 0.000e+00
1.510e+01 2.044e-01 0.000e+00
1.520e+01 2.097e-01 0.000e+00
1.530e+01 2.018e-01 0.000e+00
1.540e+01 2.060e-01 0.000e+00
1.550e+01 2.176e-01 0.000e+00
1.560e+01 2.252e-01 0.000e+00
1.570e+01 2.157e-01 0.000e+00
1.580e+01 1.961e-01 0.000e+00
1.590e+01 1.955e-01 0.000e+00
1.600e+01 1.933e-01 0.000e+00
1.610e+01 1.975e-01 0.000e+00
1.620e+01 2.011e-01 0.000e+00
1.630e+01 2.031e-01 0.000e+00
1.640e+01 2.189e-01 0.000e+00
1.650e+01 2.111e-01 0.000e+00
1.660e+01 2.035e-01 0.000e+00
1.670e+01 2.080e-01 0.000e+00
1.680e+01 1.935e-01 0.000e+00
1.690e+01 1.879e-01 0.000e+00
1.700e+01 1.872e-01 0.000e+00
1.710e+01 1.775e-01 0.000e+00
1.720e+01 1.892e-01 0.000e+00
1.730e+01 1.932e-01 0.000e+00
1.740e+01 1.821e-01 0.000e+00
1.750e+01 1.840e-01 0.000e+00
1.760e+01 1.884e-01 0.000e+00
1.770e+01 2.098e-01 0.000e+00
1.780e+01 2.062e-01 0.000e+00
1.790e+01 2.066e-01 0.000e+00
1.800e+01 2.098e-01 0.000e+00
1.810e+01 2.063e-01 0.000e+00
1.820e+01 2.120e-01 0.000e+00
1.830e+01 2.026e-01 0.000e+00
1.840e+01 1.876e-01 0.000e+00
1.850e+01 1.955e-01 0.000e+00
1.860e+01 1.830e-01 0.000e+00
1.870e+01 1.848e-01 0.000e+00
1.880e+01 2.017e-01 0.000e+00
1.890e+01 2.128e-01 0.000e+00
1.900e+01 2.024e-01 0.000e+00
1.910e+01 1.965e-01 0.000e+00
1.920e+01 1.935e-01 0.000e+00
1.930e+01 2.023e-01 0.000e+00
1.940e+01 1.951e-01 0.000e+00
1.950e+01 1.859e-01 0.000e+00
1.960e+01 1.937e-01 0.000e+00
1.970e+01 1.985e-01 0.000e+00
1.980e+01 2.019e-01 0.000e+00
1.990e+01 1.934e-01 0.000e+00
2.000e+01 1.961e-01 0.000e+00
2.010e+01 1.986e-01 0.000e+00
2.020e+01 2.011e-01 0.000e+00
2.030e+01 1.919e-01 0.000e+00
2.040e+01 1.883e-01 0.000e+00
2.050e+01 1.888e-01 0.000e+00
2.060e+01 1.997e-01 0.000e+00
2.070e+01 1.974e-01 0.000e+00
2.080e+01 1.898e-01 0.000e+00
2.090e+01 1.929e-01 0.000e+00
2.100e+01 1.717e-01 0.000e+00
2.110e+01 1.738e-01 0.000e+00
2.120e+01 1.829e-01 0.000e+00
2.130e+01 1.845e-01 0.000e+00
2.140e+01 1.937e-01 0.000e+00
2.150e+01 1.871e-01 0.000e+00
2.160e+01 1.863e-01 0.000e+00
2.170e+01 1.536e-01 0.000e+00
2.180e+01 1.546e-01 0.000e+00
2.190e+01 1.494e-01 0.000e+00
2.200e+01 1.333e-01 0.000e+00
2.210e+01 1.505e-01 0.000e+00
2.220e+01 1.594e-01 0.000e+00
2.230e+01 1.529e-01 0.000e+00
2.240e+01 1.555e-01 0.000e+00
2.250e+01 1.533e-01 0.000e+00
2.260e+01 1.703e-01 0.000e+00
2.270e+01 1.651e-01 0.000e+00
2.280e+01 1.453e-01 0.000e+00
2.290e+01 1.503e-01 0.000e+00
2.300e+01 1.534e-01 0.000e+00
2.310e+01 1.634e-01 0.000e+00
2.320e+01 1.575e-01 0.000e+00
2.330e+01 1.575e-01 0.000e+00
2.340e+01 1.540e-01 0.000e+00
2.350e+01 1.470e-01 0.000e+00
2.360e+01 1.590e-01 0.000e+00
2.370e+01 1.565e-01 0.000e+00
2.380e+01 1.491e-01 0.000e+00
2.390e+01 1.692e-01 0.000e+00
2.400e+01 1.547e-01 0.000e+00
2.410e+01 1.500e-01 0.000e+00
2.420e+01 1.524e-01 0.000e+00
2.430e+01 1.478e-01 0.000e+00
2.440e+01 1.401e-01 0.000e+00
2.450e+01 1.393e-01 0.000e+00
2.460e+01 1.357e-01 0.000e+00
2.470e+01 1.313e-01 0.000e+00
2.480e+01 1.243e-01 0.000e+00
2.490e+01 1.356e-01 0.000e+00
2.500e+01 1.350e-01 0.000e+00
2.510e+01 1.381e-01 0.000e+00
2.520e+01 1.340e-01 0.000e+00
2.530e+01 1.094e-01 0.000e+00
2.540e+01 1.121e-01 0.000e+00
2.550e+01 1.177e-01 0.000e+00
2.560e+01 1.189e-01 0.000e+00
2.570e+01 1.164e-01 0.000e+00
2.580e+01 1.200e-01 0.000e+00
2.590e+01 1.382e-01 0.000e+00
2.600e+01 1.348e-01 0.000e+00
2.610e+01 1.384e-01 0.000e+00
2.620e+01 1.335e-01 0.000e+00
2.630e+01 1.296e-01 0.000e+00
2.640e+01 1.290e-01 0.000e+00
2.650e+01 1.368e-01 0.000e+00
2.660e+01 1.362e-01 0.000e+00
2.670e+01 1.290e-01 0.000e+00
2.680e+01 1.328e-01 0.000e+00
2.690e+01 1.079e-01 0.000e+00
2.700e+01 1.120e-01 0.000e+00
2.710e+01 1.091e-01 0.000e+00
2.720e+01 1.231e-01 0.000e+00
2.730e+01 1.251e-01 0.000e+00
2.740e+01 1.045e-01 0.000e+00
2.750e+01 8.918e-02 0.000e+00
2.760e+01 8.703e-02 0.000e+00
2.770e+01 9.566e-02 0.000e+00
2.780e+01 9.288e-02 0.000e+00
2.790e+01 8.267e-02 0.000e+00
2.800e+01 8.790e-02 0.000e+00
2.810e+01 8.746e-02 0.000e+00
2.820e+01 8.504e-02 0.000e+00
2.830e+01 9.649e-02 0.000e+00
2.840e+01 9.692e-02 0.000e+00
2.850e+01 9.361e-02 0.000e+00
2.860e+01 9.525e-02 0.000e+00
2.870e+01 9.126e-02 0.000e+00
2.880e+01 1.104e-01 0.000e+00
2.890e+01 9.806e-02 0.000e+00
2.900e+01 9.453e-02 0.000e+00
2.910e+01 8.947e-02 0.000e+00
2.920e+01 8.753e-02 0.000e+00
2.930e+01 9.831e-02 0.000e+00
2.940e+01 9.664e-02 0.000e+00
2.950e+01 8.959e-02 0.000e+00
2.960e+01 9.641e-02 0.000e+00
2.970e+01 1.022e-01 0.000e+00
2.980e+01 9.542e-02 0.000e+00
2.990e+01 1.006e-01 0.000e+00
3.000e+01 1.057e-01 0.000e+00
3.010e+01 9.410e-02 0.000e+00
3.020e+01 9.567e-02 0.000e+00
3.030e+01 8.759e-02 0.000e+00
3.040e+01 9.439e-02 0.000e+00
3.050e+01 8.675e-02 0.000e+00
3.060e+01 9.048e-02 0.000e+00
3.070e+01 8.494e-02 0.000e+00
3.080e+01 8.298e-02 0.000e+00
3.090e+01 8.073e-02 0.000e+00
3.100e+01 7.930e-02 0.000e+00
3.110e+01 7.661e-02 0.000e+00
3.120e+01 8.990e-02 0.000e+00
3.130e+01 9.135e-02 0.000e+00
3.140e+01 9.483e-02 0.000e+00
3.150e+01 8.045e-02 0.000e+00
3.160e+01 8.870e-02 0.000e+00
3.170e+01 8.071e-02 0.000e+00
3.180e+01 8.797e-02 0.000e+00
3.190e+01 7.584e-02 0.000e+00
3.200e+01 7.507e-02 0.000e+00
3.210e+01 8.482e-02 0.000e+00
3.220e+01 8.338e-02 0.000e+00
3.230e+01 8.012e-02 0.000e+00
3.240e+01 7.829e-02 0.000e+00
3.250e+01 8.729e-02 0.000e+00
3.260e+01 7.348e-02 0.000e+00
3.270e+01 7.467e-02 0.000e+00
3.280e+01 7.164e-02 0.000e+00
3.290e+01 7.570e-02 0.000e+00
3.300e+01 7.050e-02 0.000e+00
3.310e+01 7.094e-02 0.000e+00
3.320e+01 7.157e-02 0.000e+00
3.330e+01 6.528e-02 0.000e+00
3.340e+01 6.222e-02 0.000e+00
3.350e+01 6.721e-02 0.000e+00
3.360e+01 6.346e-02 0.000e+00
3.370e+01 6.969e-02 0.000e+00
3.380e+01 6.168e-02 0.000e+00
3.390e+01 6.272e-02 0.000e+00
3.400e+01 7.052e-02 0.000e+00
3.410e+01 6.193e-02 0.000e+00
3.420e+01 6.018e-02 0.000e+00
3.430e+01 6.732e-02 0.000e+00
3.440e+01 5.404e-02 0.000e+00
3.450e+01 5.037e-02 0.000e+00
3.460e+01 5.457e-02 0.000e+00
3.470e+01 6.022e-02 0.000e+00
3.480e+01 4.916e-02 0.000e+00
3.490e+01 4.420e-02 0.000e+00
3.500e+01 5.214e-02 0.000e+00
3.510e+01 6.056e-02 0.000e+00
3.520e+01 6.634e-02 0.000e+00
3.530e+01 6.090e-02 0.000e+00
3.540e+01 6.215e-02 0.000e+00
3.550e+01 6.313e-02 0.000e+00
3.560e+01 6.287e-02 0.000e+00
3.570e+01 5.955e-02 0.000e+00
3.580e+01 6.045e-02 0.000e+00
3.590e+01 6.464e-02 0.000e+00
3.600e+01 6.145e-02 0.000e+00
3.610e+01 5.867e-02 0.000e+00
3.620e+01 5.696e-02 0.000e+00
3.630e+01 6.632e-02 0.000e+00
3.640e+01 6.715e-02 0.000e+00
3.650e+01 5.937e-02 0.000e+00
3.660e+01 6.720e-02 0.000e+00
3.670e+01 6.830e-02 0.000e+00
3.680e+01 4.848e-02 0.000e+00
3.690e+01 4.192e-02 0.000e+00
3.700e+01 4.106e-02 0.000e+00
3.710e+01 4.335e-02 0.000e+00
3.720e+01 3.710e-02 0.000e+00
3.730e+01 3.527e-02 0.000e+00
3.740e+01 4.434e-02 0.000e+00
3.750e+01 4.840e-02 0.000e+00
3.760e+01 4.404e-02 0.000e+00
3.770e+01 4.078e-02 0.000e+00
3.780e+01 4.849e-02 0.000e+00
3.790e+01 5.135e-02 0.000e+00
3.800e+01 4.911e-02 0.000e+00
3.810e+01 5.424e-02 0.000e+00
3.820e+01 5.362e-02 0.000e+00
3.830e+01 5.481e-02 0.000e+00
3.840e+01 5.204e-02 0.000e+00
3.850e+01 3.249e-02 0.000e+00
3.860e+01 3.743e-02 0.000e+00
3.870e+01 4.491e-02 0.000e+00
3.880e+01 4.683e-02 0.000e+00
3.890e+01 4.029e-02 0.000e+00
3.900e+01 4.176e-02 0.000e+00
3.910e+01 3.197e-02 0.000e+00
3.920e+01 3.952e-02 0.000e+00
3.930e+01 4.321e-02 0.000e+00
3.940e+01 3.217e-02 0.000e+00
3.950e+01 3.239e-02 0.000e+00
3.960e+01 3.432e-02 0.000e+00
3.970e+01 3.734e-02 0.000e+00
3.980e+01 3.788e-02 0.000e+00
3.990e+01 4.947e-02 0.000e+00
4.000e+01 4.194e-02 0.000e+00
4.010e+01 4.354e-02 0.000e+00
4.020e+01 4.684e-02 0.000e+00
4.030e+01 4.643e-02 0.000e+00
4.040e+01 4.872e-02 0.000e+00
4.050e+01 5.168e-02 0.000e+00
4.060e+01 5.342e-02 0.000e+00
4.070e+01 4.695e-02 0.000e+00
4.080e+01 3.893e-02 0.000e+00
4.090e+01 4.058e-02 0.000e+00
4.100e+01 4.029e-02 0.000e+00
4.110e+01 4.661e-02 0.000e+00
4.120e+01 4.915e-02 0.000e+00
4.130e+01 4.588e-02 0.000e+00
4.140e+01 3.654e-02 0.000e+00
4.150e+01 4.546e-02 0.000e+00
4.160e+01 4.549e-02 0.000e+00
4.170e+01 4.683e-02 0.000e+00
4.180e+01 3.944e-02 0.000e+00
4.190e+01 3.613e-02 0.000e+00
4.200e+01 4.162e-02 0.000e+00
4.210e+01 4.238e-02 0.000e+00
4.220e+01 3.866e-02 0.000e+00
4.230e+01 3.234e-02 0.000e+00
4.240e+01 3.674e-02 0.000e+00
4.250e+01 3.261e-02 0.000e+00
4.260e+01 3.479e-02 0.000e+00
4.270e+01 3.388e-02 0.000e+00
4.280e+01 2.992e-02 0.000e+00
4.290e+01 3.522e-02 0.000e+00
4.300e+01 3.563e-02 0.000e+00
4.310e+01 3.577e-02 0.000e+00
4.320e+01 4.248e-02 0.000e+00
4.330e+01 3.854e-02 0.000e+00
4.340e+01 3.151e-02 0.000e+00
4.350e+01 3.226e-02 0.000e+00
4.360e+01 3.781e-02 0.000e+00
4.370e+01 4.034e-02 0.000e+00
4.380e+01 2.908e-02 0.000e+00
4.390e+01 3.264e-02 0.000e+00
4.400e+01 3.831e-02 0.000e+00
4.410e+01 2.892e-02 0.000e+00
4.420e+01 3.607e-02 0.000e+00
4.430e+01 2.692e-02 0.000e+00
4.440e+01 2.963e-02 0.000e+00
4.450e+01 3.531e-02 0.000e+00
4.460e+01 3.565e-02 0.000e+00
4.470e+01 4.104e-02 0.000e+00
4.480e+01 3.169e-02 0.000e+00
4.490e+01 4.301e-02 0.000e+00
4.500e+01 4.862e-02 0.000e+00
4.510e+01 4.967e-02 0.000e+00
4.520e+01 4.648e-02 0.000e+00
4.530e+01 3.192e-02 0.000e+00
4.540e+01 3.239e-02 0.000e+00
4.550e+01 3.675e-02 0.000e+00
4.560e+01 3.532e-02 0.000e+00
4.570e+01 3.385e-02 0.000e+00
4.580e+01 4.011e-02 0.000e+00
4.590e+01 4.314e-02 0.000e+00
4.600e+01 4.055e-02 0.000e+00
4.610e+01 4.500e-02 0.000e+00
4.620e+01 4.273e-02 0.000e+00
4.630e+01 4.961e-02 0.000e+00
4.640e+01 4.017e-02 0.000e+00
4.650e+01 3.523e-02 0.000e+00
4.660e+01 4.270e-02 0.000e+00
4.670e+01 4.568e-02 0.000e+00
4.680e+01 3.287e-02 0.000e+00
4.690e+01 2.284e-02 0.000e+00
4.700e+01 2.207e-02 0.000e+00
4.710e+01 1.329e-02 0.000e+00
4.720e+01 2.913e-02 0.000e+00
4.730e+01 4.028e-02 0.000e+00
4.740e+01 3.000e-02 0.000e+00
4.750e+01 3.272e-02 0.000e+00
4.760e+01 3.769e-02 0.000e+00
4.770e+01 4.040e-02 0.000e+00
4.780e+01 3.307e-02 0.000e+00
4.790e+01 2.710e-02 0.000e+00
4.800e+01 3.241e-02 0.000e+00
4.810e+01 3.250e-02 0.000e+00
4.820e+01 1.829e-02 0.000e+00
4.830e+01 3.114e-02 0.000e+00
4.840e+01 4.036e-02 0.000e+00
4.850e+01 3.476e-02 0.000e+00
4.860e+01 2.230e-02 0.000e+00
4.870e+01 2.187e-02 0.000e+00
4.880e+01 2.916e-02 0.000e+00
4.890e+01 2.893e-02 0.000e+00
4.900e+01 4.029e-02 0.000e+00
4.910e+01 3.513e-02 0.000e+00
4.920e+01 2.424e-02 0.000e+00
4.930e+01 3.043e-02 0.000e+00
4.940e+01 3.142e-02 0.000e+00
4.950e+01 4.335e-02 0.000e+00
4.960e+01 4.349e-02 0.000e+00
4.970e+01 4.378e-02 0.000e+00
4.980e+01 4.685e-02 0.000e+00
4.990e+01 4.003e-02 0.000e+00
5.000e+01 4.974e-02 0.000e+00
5.010e+01 3.850e-02 0.000e+00
5.020e+01 3.440e-02 0.000e+00
5.030e+01 4.532e-02 0.000e+00
5.040e+01 3.931e-02 0.000e+00
5.050e+01 3.383e-02 0.000e+00
5.060e+01 2.997e-02 0.000e+00
5.070e+01 3.251e-02 0.000e+00
5.080e+01 4.798e-02 0.000e+00
5.090e+01 3.935e-02 0.000e+00
5.100e+01 3.577e-02 0.000e+00
5.110e+01 3.052e-02 0.000e+00
5.120e+01 3.538e-02 0.000e+00
5.130e+01 3.273e-02 0.000e+00
5.140e+01 2.866e-02 0.000e+00
5.150e+01 3.913e-02 0.000e+00
5.160e+01 3.479e-02 0.000e+00
5.170e+01 4.119e-02 0.000e+00
5.180e+01 4.143e-02 0.000e+00
5.190e+01 3.618e-02 0.000e+00
5.200e+01 4.330e-02 0.000e+00
5.210e+01 4.809e-02 0.000e+00
5.220e+01 5.524e-02 0.000e+00
5.230e+01 5.270e-02 0.000e+00
5.240e+01 6.108e-02 0.000e+00
5.250e+01 5.753e-02 0.000e+00
5.260e+01 3.790e-02 0.000e+00
5.270e+01 5.135e-02 0.000e+00
5.280e+01 5.006e-02 0.000e+00
5.290e+01 5.876e-02 0.000e+00
5.300e+01 4.841e-02 0.000e+00
5.310e+01 4.955e-02 0.000e+00
5.320e+01 5.004e-02 0.000e+00
5.330e+01 4.695e-02 0.000e+00
5.340e+01 4.129e-02 0.000e+00
5.350e+01 4.591e-02 0.000e+00
5.360e+01 4.923e-02 0.000e+00
5.370e+01 4.945e-02 0.000e+00
5.380e+01 3.981e-02 0.000e+00
5.390e+01 3.936e-02 0.000e+00
5.400e+01 5.029e-02 0.000e+00
5.410e+01 5.082e-02 0.000e+00
5.420e+01 4.305e-02 0.000e+00
5.430e+01 4.679e-02 0.000e+00
5.440e+01 5.154e-02 0.000e+00
5.450e+01 4.316e-02 0.000e+00
5.460e+01 3.384e-02 0.000e+00
5.470e+01 2.927e-02 0.000e+00
5.480e+01 3.352e-02 0.000e+00
5.490e+01 4.329e-02 0.000e+00
5.500e+01 3.731e-02 0.000e+00
5.510e+01 3.667e-02 0.000e+00
5.520e+01 3.535e-02 0.000e+00
5.530e+01 3.852e-02 0.000e+00
5.540e+01 4.283e-02 0.000e+00
5.550e+01 4.411e-02 0.000e+00
5.560e+01 4.727e-02 0.000e+00
5.570e+01 5.538e-02 0.000e+00
5.580e+01 4.925e-02 0.000e+00
5.590e+01 3.957e-02 0.000e+00
5.600e+01 4.829e-02 0.000e+00
5.610e+01 3.913e-02 0.000e+00
5.620e+01 3.176e-02 0.000e+00
5.630e+01 3.386e-02 0.000e+00
5.640e+01 2.835e-02 0.000e+00
5.650e+01 2.854e-02 0.000e+00
5.660e+01 3.210e-02 0.000e+00
5.670e+01 3.494e-02 0.000e+00
5.680e+01 3.059e-02 0.000e+00
5.690e+01 2.399e-02 0.000e+00
5.700e+01 2.134e-02 0.000e+00
5.710e+01 2.658e-02 0.000e+00
5.720e+01 2.940e-02 0.000e+00
5.730e+01 2.503e-02 0.000e+00
5.740e+01 3.165e-02 0.000e+00
5.750e+01 2.712e-02 0.000e+00
5.760e+01 3.715e-02 0.000e+00
5.770e+01 2.165e-02 0.000e+00
5.780e+01 1.930e-02 0.000e+00
5.790e+01 1.675e-02 0.000e+00
5.800e+01 1.512e-02 0.000e+00
5.810e+01 2.542e-02 0.000e+00
5.820e+01 2.069e-02 0.000e+00
5.830e+01 2.982e-02 0.000e+00
5.840e+01 3.146e-02 0.000e+00
5.850e+01 2.172e-02 0.000e+00
5.860e+01 2.510e-02 0.000e+00
5.870e+01 2.731e-02 0.000e+00
5.880e+01 3.402e-02 0.000e+00
5.890e+01 1.904e-02 0.000e+00
5.900e+01 2.547e-02 0.000e+00
5.910e+01 2.464e-02 0.000e+00
5.920e+01 2.170e-02 0.000e+00
5.930e+01 2.067e-02 0.000e+00
5.940e+01 2.210e-02 0.000e+00
5.950e+01 2.721e-02 0.000e+00
5.960e+01 2.088e-02 0.000e+00
5.970e+01 2.733e-02 0.000e+00
5.980e+01 1.911e-02 0.000e+00
5.990e+01 2.778e-02 0.000e+00
6.000e+01 2.990e-02 0.000e+00
6.010e+01 2.329e-02 0.000e+00
6.020e+01 2.754e-02 0.000e+00
6.030e+01 3.213e-02 0.000e+00
6.040e+01 3.429e-02 0.000e+00
6.050e+01 3.694e-02 0.000e+00
6.060e+01 1.960e-02 0.000e+00
6.070e+01 2.318e-02 0.000e+00
6.080e+01 3.034e-02 0.000e+00
6.090e+01 1.459e-02 0.000e+00
6.100e+01 1.886e-02 0.000e+00
6.110e+01 1.912e-02 0.000e+00
6.120e+01 1.194e-02 0.000e+00
6.130e+01 2.014e-02 0.000e+00
6.140e+01 2.951e-02 0.000e+00
6.150e+01 1.511e-02 0.000e+00
6.160e+01 1.635e-02 0.000e+00
6.170e+01 2.605e-02 0.000e+00
6.180e+01 2.611e-02 0.000e+00
6.190e+01 2.891e-02 0.000e+00
6.200e+01 3.489e-02 0.000e+00
6.210e+01 3.422e-02 0.000e+00
6.220e+01 2.433e-02 0.000e+00
6.230e+01 4.483e-02 0.000e+00
6.240e+01 4.085e-02 0.000e+00
6.250e+01 4.307e-02 0.000e+00
6.260e+01 3.722e-02 0.000e+00
6.270e+01 2.704e-02 0.000e+00
6.280e+01 3.441e-02 0.000e+00
6.290e+01 2.571e-02 0.000e+00
6.300e+01 2.702e-02 0.000e+00
6.310e+01 2.441e-02 0.000e+00
6.320e+01 3.454e-02 0.000e+00
6.330e+01 3.875e-02 0.000e+00
6.340e+01 2.887e-02 0.000e+00
6.350e+01 3.891e-02 0.000e+00
6.360e+01 3.693e-02 0.000e+00
6.370e+01 2.945e-02 0.000e+00
6.380e+01 2.942e-02 0.000e+00
6.390e+01 1.666e-02 0.000e+00
6.400e+01 1.768e-02 0.000e+00
6.410e+01 1.670e-02 0.000e+00
6.420e+01 1.501e-02 0.000e+00
6.430e+01 1.406e-02 0.000e+00
6.440e+01 1.021e-02 0.000e+00
6.450e+01 6.750e-03 0.000e+00
6.460e+01 1.609e-02 0.000e+00
6.470e+01 2.110e-02 0.000e+00
6.480e+01 1.452e-02 0.000e+00
6.490e+01 1.625e-02 0.000e+00
6.500e+01 1.294e-02 0.000e+00
6.510e+01 1.092e-02 0.000e+00
6.520e+01 1.505e-02 0.000e+00
6.530e+01 1.722e-02 0.000e+00
6.540e+01 1.982e-02 0.000e+00
6.550e+01 2.105e-02 0.000e+00
6.560e+01 1.829e-02 0.000e+00
6.570e+01 1.253e-02 0.000e+00
6.580e+01 1.426e-02 0.000e+00
6.590e+01 1.248e-02 0.000e+00
6.600e+01 1.366e-02 0.000e+00
6.610e+01 8.113e-03 0.000e+00
6.620e+01 8.573e-03 0.000e+00
6.630e+01 1.481e-02 0.000e+00
6.640e+01 1.616e-02 0.000e+00
6.650e+01 1.308e-02 0.000e+00
6.660e+01 1.327e-02 0.000e+00
6.670e+01 1.188e-02 0.000e+00
6.680e+01 9.478e-03 0.000e+00
6.690e+01 9.160e-03 0.000e+00
6.700e+01 8.988e-03 0.000e+00
6.710e+01 7.426e-03 0.000e+00
6.720e+01 4.626e-03 0.000e+00
6.730e+01 4.770e-04 0.000e+00
6.740e+01 4.480e-03 0.000e+00
6.750e+01 1.133e-02 0.000e+00
6.760e+01 1.598e-02 0.000e+00
6.770e+01 3.210e-02 0.000e+00
6.780e+01 2.681e-02 0.000e+00
6.790e+01 2.460e-02 0.000e+00
6.800e+01 2.642e-02 0.000e+00
6.810e+01 2.102e-02 0.000e+00
6.820e+01 3.715e-02 0.000e+00
6.830e+01 3.766e-02 0.000e+00
6.840e+01 2.759e-02 0.000e+00
6.850e+01 3.655e-02 0.000e+00
6.860e+01 3.055e-02 0.000e+00
6.870e+01 3.370e-02 0.000e+00
6.880e+01 3.543e-02 0.000e+00
6.890e+01 3.642e-02 0.000e+00
6.900e+01 2.811e-02 0.000e+00
6.910e+01 2.301e-02 0.000e+00
6.920e+01 2.193e-02 0.000e+00
6.930e+01 2.338e-02 0.000e+00
6.940e+01 2.851e-02 0.000e+00
6.950e+01 3.282e-02 0.000e+00
6.960e+01 4.165e-02 0.000e+00
6.970e+01 3.128e-02 0.000e+00
6.980e+01 2.506e-02 0.000e+00
6.990e+01 2.573e-02 0.000e+00
7.000e+01 3.633e-02 0.000e+00
7.010e+01 4.061e-02 0.000e+00
7.020e+01 4.091e-02 0.000e+00
7.030e+01 4.624e-02 0.000e+00
7.040e+01 5.203e-02 0.000e+00
7.050e+01 4.172e-02 0.000e+00
7.060e+01 3.867e-02 0.000e+00
7.070e+01 4.178e-02 0.000e+00
7.080e+01 3.984e-02 0.000e+00
7.090e+01 4.148e-02 0.000e+00
7.100e+01 3.652e-02 0.000e+00
7.110e+01 4.143e-02 0.000e+00
7.120e+01 3.327e-02 0.000e+00
7.130e+01 3.729e-02 0.000e+00
7.140e+01 3.252e-02 0.000e+00
7.150e+01 3.588e-02 0.000e+00
7.160e+01 3.936e-02 0.000e+00
7.170e+01 3.045e-02 0.000e+00
7.180e+01 3.372e-02 0.000e+00
7.190e+01 3.530e-02 0.000e+00
7.200e+01 3.236e-02 0.000e+00
7.210e+01 3.294e-02 0.000e+00
7.220e+01 4.727e-02 0.000e+00
7.230e+01 4.614e-02 0.000e+00
7.240e+01 4.860e-02 0.000e+00
7.250e+01 3.862e-02 0.000e+00
7.260e+01 4.554e-02 0.000e+00
7.270e+01 3.790e-02 0.000e+00
7.280e+01 2.410e-02 0.000e+00
7.290e+01 3.004e-02 0.000e+00
7.300e+01 3.621e-02 0.000e+00
7.310e+01 4.734e-02 0.000e+00
7.320e+01 4.463e-02 0.000e+00
7.330e+01 3.934e-02 0.000e+00
7.340e+01 4.006e-02 0.000e+00
7.350e+01 4.304e-02 0.000e+00
7.360e+01 3.961e-02 0.000e+00
7.370e+01 3.826e-02 0.000e+00
7.380e+01 3.839e-02 0.000e+00
7.390e+01 4.575e-02 0.000e+00
7.400e+01 3.823e-02 0.000e+00
7.410e+01 3.745e-02 0.000e+00
7.420e+01 3.285e-02 0.000e+00
7.430e+01 3.551e-02 0.000e+00
7.440e+01 3.807e-02 0.000e+00
7.450e+01 4.254e-02 0.000e+00
7.460e+01 4.606e-02 0.000e+00
7.470e+01 4.367e-02 0.000e+00
7.480e+01 4.051e-02 0.000e+00
7.490e+01 4.558e-02 0.000e+00
7.500e+01 3.830e-02 0.000e+00
7.510e+01 4.153e-02 0.000e+00
7.520e+01 3.496e-02 0.000e+00
7.530e+01 2.088e-02 0.000e+00
7.540e+01 2.294e-02 0.000e+00
7.550e+01 2.888e-02 0.000e+00
7.560e+01 3.346e-02 0.000e+00
7.570e+01 3.982e-02 0.000e+00
7.580e+01 3.592e-02 0.000e+00
7.590e+01 3.638e-02 0.000e+00
7.600e+01 4.271e-02 0.000e+00
7.610e+01 3.686e-02 0.000e+00
7.620e+01 3.789e-02 0.000e+00
7.630e+01 4.155e-02 0.000e+00
7.640e+01 4.091e-02 0.000e+00
7.650e+01 4.148e-02 0.000e+00
7.660e+01 4.118e-02 0.000e+00
7.670e+01 3.783e-02 0.000e+00
7.680e+01 4.572e-02 0.000e+00
7.690e+01 3.846e-02 0.000e+00
7.700e+01 4.007e-02 0.000e+00
7.710e+01 4.233e-02 0.000e+00
7.720e+01 4.961e-02 0.000e+00
7.730e+01 5.047e-02 0.000e+00
7.740e+01 3.754e-02 0.000e+00
7.750e+01 2.398e-02 0.000e+00
7.760e+01 2.779e-02 0.000e+00
7.770e+01 2.680e-02 0.000e+00
7.780e+01 2.038e-02 0.000e+00
7.790e+01 1.689e-02 0.000e+00
7.800e+01 1.999e-02 0.000e+00
7.810e+01 2.081e-02 0.000e+00
7.820e+01 2.294e-02 0.000e+00
7.830e+01 2.414e-02 0.000e+00
7.840e+01 2.096e-02 0.000e+00
7.850e+01 2.327e-02 0.000e+00
7.860e+01 2.140e-02 0.000e+00
7.870e+01 2.245e-02 0.000e+00
7.880e+01 2.531e-02 0.000e+00
7.890e+01 2.425e-02 0.000e+00
7.900e+01 2.343e-02 0.000e+00
7.910e+01 2.208e-02 0.000e+00
7.920e+01 2.134e-02 0.000e+00
7.930e+01 2.149e-02 0.000e+00
7.940e+01 2.026e-02 0.000e+00
7.950e+01 1.934e-02 0.000e+00
7.960e+01 2.184e-02 0.000e+00
7.970e+01 2.408e-02 0.000e+00
7.980e+01 2.492e-02 0.000e+00
7.990e+01 2.252e-02 0.000e+00
8.000e+01 2.840e-02 0.000e+00
8.010e+01 2.601e-02 0.000e+00
8.020e+01 2.960e-02 0.000e+00
8.030e+01 3.100e-02 0.000e+00
8.040e+01 2.792e-02 0.000e+00
8.050e+01 2.829e-02 0.000e+00
8.060e+01 2.068e-02 0.000e+00
8.070e+01 2.333e-02 0.000e+00
8.080e+01 2.267e-02 0.000e+00
8.090e+01 2.082e-02 0.000e+00
8.100e+01 1.858e-02 0.000e+00
8.110e+01 2.067e-02 0.000e+00
8.120e+01 1.860e-02 0.000e+00
8.130e+01 2.188e-02 0.000e+00
8.140e+01 2.116e-02 0.000e+00
8.150e+01 2.051e-02 0.000e+00
8.160e+01 1.796e-02 0.000e+00
8.170e+01 1.611e-02 0.000e+00
8.180e+01 1.823e-02 0.000e+00
8.190e+01 1.969e-02 0.000e+00
8.200e+01 2.093e-02 0.000e+00
8.210e+01 2.382e-02 0.000e+00
8.220e+01 2.742e-02 0.000e+00
8.230e+01 3.007e-02 0.000e+00
8.240e+01 2.719e-02 0.000e+00
8.250e+01 3.156e-02 0.000e+00
8.260e+01 2.957e-02 0.000e+00
8.270e+01 2.281e-02 0.000e+00
8.280e+01 1.987e-02 0.000e+00
8.290e+01 2.154e-02 0.000e+00
8.300e+01 2.260e-02 0.000e+00
8.310e+01 2.322e-02 0.000e+00
8.320e+01 1.789e-02 0.000e+00
8.330e+01 1.792e-02 0.000e+00
8.340e+01 2.109e-02 0.000e+00
8.350e+01 2.485e-02 0.000e+00
8.360e+01 2.047e-02 0.000e+00
8.370e+01 1.751e-02 0.000e+00
8.380e+01 2.007e-02 0.000e+00
8.390e+01 2.585e-02 0.000e+00
8.400e+01 1.999e-02 0.000e+00
8.410e+01 2.166e-02 0.000e+00
8.420e+01 2.213e-02 0.000e+00
8.430e+01 2.537e-02 0.000e+00
8.440e+01 2.973e-02 0.000e+00
8.450e+01 3.060e-02 0.000e+00
8.460e+01 2.496e-02 0.000e+00
8.470e+01 2.775e-02 0.000e+00
8.480e+01 2.537e-02 0.000e+00
8.490e+01 2.796e-02 0.000e+00
8.500e+01 2.947e-02 0.000e+00
8.510e+01 2.592e-02 0.000e+00
8.520e+01 2.314e-02 0.000e+00
8.530e+01 1.687e-02 0.000e+00
8.540e+01 2.221e-02 0.000e+00
8.550e+01 2.593e-02 0.000e+00
8.560e+01 2.760e-02 0.000e+00
8.570e+01 2.912e-02 0.000e+00
8.580e+01 2.467e-02 0.000e+00
8.590e+01 2.240e-02 0.000e+00
8.600e+01 2.015e-02 0.000e+00
8.610e+01 1.347e-02 0.000e+00
8.620e+01 1.238e-02 0.000e+00
8.630e+01 1.831e-02 0.000e+00
8.640e+01 2.035e-02 0.000e+00
8.650e+01 2.111e-02 0.000e+00
8.660e+01 2.363e-02 0.000e+00
8.670e+01 2.101e-02 0.000e+00
8.680e+01 2.195e-02 0.000e+00
8.690e+01 1.947e-02 0.000e+00
8.700e+01 2.085e-02 0.000e+00
8.710e+01 1.952e-02 0.000e+00
8.720e+01 2.380e-02 0.000e+00
8.730e+01 2.364e-02 0.000e+00
8.740e+01 2.297e-02 0.000e+00
8.750e+01 1.406e-02 0.000e+00
8.760e+01 2.087e-02 0.000e+00
8.770e+01 1.769e-02 0.000e+00
8.780e+01 1.582e-02 0.000e+00
8.790e+01 1.874e-02 0.000e+00
8.800e+01 2.068e-02 0.000e+00
8.810e+01 1.603e-02 0.000e+00
8.820e+01 1.829e-02 0.000e+00
8.830e+01 2.265e-02 0.000e+00
8.840e+01 1.796e-02 0.000e+00
8.850e+01 2.233e-02 0.000e+00
8.860e+01 1.794e-02 0.000e+00
8.870e+01 1.705e-02 0.000e+00
8.880e+01 2.275e-02 0.000e+00
8.890e+01 2.152e-02 0.000e+00
8.900e+01 1.958e-02 0.000e+00
8.910e+01 1.999e-02 0.000e+00
8.920e+01 2.023e-02 0.000e+00
8.930e+01 1.860e-02 0.000e+00
8.940e+01 1.720e-02 0.000e+00
8.950e+01 2.067e-02 0.000e+00
8.960e+01 1.994e-02 0.000e+00
8.970e+01 1.780e-02 0.000e+00
8.980e+01 1.849e-02 0.000e+00
8.990e+01 1.614e-02 0.000e+00
9.000e+01 1.728e-02 0.000e+00
9.010e+01 1.520e-02 0.000e+00
9.020e+01 1.491e-02 0.000e+00
9.030e+01 1.613e-02 0.000e+00
9.040e+01 1.691e-02 0.000e+00
9.050e+01 1.371e-02 0.000e+00
9.060e+01 1.063e-02 0.000e+00
9.070e+01 1.409e-02 0.000e+00
9.080e+01 1.597e-02 0.000e+00
9.090e+01 1.598e-02 0.000e+00
9.100e+01 1.628e-02 0.000e+00
9.110e+01 1.960e-02 0.000e+00
9.120e+01 1.527e-02 0.000e+00
9.130e+01 1.401e-02 0.000e+00
9.140e+01 1.397e-02 0.000e+00
9.150e+01 1.500e-02 0.000e+00
9.160e+01 1.670e-02 0.000e+00
9.170e+01 1.858e-02 0.000e+00
9.180e+01 1.957e-02 0.000e+00
9.190e+01 1.729e-02 0.000e+00
9.200e+01 1.637e-02 0.000e+00
9.210e+01 1.666e-02 0.000e+00
9.220e+01 1.782e-02 0.000e+00
9.230e+01 2.174e-02 0.000e+00
9.240e+01 1.968e-02 0.000e+00
9.250e+01 1.869e-02 0.000e+00
9.260e+01 1.739e-02 0.000e+00
9.270e+01 1.580e-02 0.000e+00
9.280e+01 1.267e-02 0.000e+00
9.290e+01 1.024e-02 0.000e+00
9.300e+01 1.206e-02 0.000e+00
9.310e+01 1.367e-02 0.000e+00
9.320e+01 1.520e-02 0.000e+00
9.330e+01 1.492e-02 0.000e+00
9.340e+01 1.370e-02 0.000e+00
9.350e+01 1.628e-02 0.000e+00
9.360e+01 1.161e-02 0.000e+00
9.370e+01 9.483e-03 0.000e+00
9.380e+01 1.084e-02 0.000e+00
9.390e+01 9.596e-03 0.000e+00
9.400e+01 5.565e-03 0.000e+00
9.410e+01 6.572e-03 0.000e+00
9.420e+01 7.534e-03 0.000e+00
9.430e+01 9.175e-03 0.000e+00
9.440e+01 1.385e-02 0.000e+00
9.450e+01 1.459e-02 0.000e+00
9.460e+01 1.450e-02 0.000e+00
9.470e+01 1.430e-02 0.000e+00
9.480e+01 1.277e-02 0.000e+00
9.490e+01 1.401e-02 0.000e+00
9.500e+01 1.232e-02 0.000e+00
9.510e+01 9.786e-03 0.000e+00
9.520e+01 7.649e-03 0.000e+00
9.530e+01 8.427e-03 0.000e+00
9.540e+01 1.119e-02 0.000e+00
9.550e+01 9.252e-03 0.000e+00
9.560e+01 1.133e-02 0.000e+00
9.570e+01 1.598e-02 0.000e+00
9.580e+01 1.608e-02 0.000e+00
9.590e+01 1.504e-02 0.000e+00
9.600e+01 1.101e-02 0.000e+00
9.610e+01 5.744e-03 0.000e+00
9.620e+01 9.499e-03 0.000e+00
9.630e+01 1.309e-02 0.000e+00
9.640e+01 1.628e-02 0.000e+00
9.650e+01 1.429e-02 0.000e+00
9.660e+01 1.328e-02 0.000e+00
9.670e+01 9.675e-03 0.000e+00
9.680e+01 1.040e-02 0.000e+00
9.690e+01 9.334e-03 0.000e+00
9.700e+01 9.732e-03 0.000e+00
9.710e+01 1.138e-02 0.000e+00
9.720e+01 1.662e-02 0.000e+00
9.730e+01 1.541e-02 0.000e+00
9.740e+01 1.173e-02 0.000e+00
9.750e+01 9.400e-03 0.000e+00
9.760e+01 1.076e-02 0.000e+00
9.770e+01 1.303e-02 0.000e+00
9.780e+01 1.181e-02 0.000e+00
9.790e+01 1.361e-02 0.000e+00
9.800e+01 1.032e-02 0.000e+00
9.810e+01 7.449e-03 0.000e+00
9.820e+01 1.118e-02 0.000e+00
9.830e+01 9.390e-03 0.000e+00
9.840e+01 7.695e-03 0.000e+00
9.850e+01 1.516e-02 0.000e+00
9.860e+01 7.614e-03 0.000e+00
9.870e+01 7.740e-03 0.000e+00
9.880e+01 1.003e-02 0.000e+00
9.890e+01 1.440e-02 0.000e+00
9.900e+01 1.154e-02 0.000e+00
9.910e+01 1.240e-02 0.000e+00
9.920e+01 1.123e-02 0.000e+00
9.930e+01 1.350e-02 0.000e+00
9.940e+01 1.679e-02 0.000e+00
9.950e+01 1.718e-02 0.000e+00
9.960e+01 1.875e-02 0.000e+00
9.970e+01 1.917e-02 0.000e+00
9.980e+01 1.575e-02 0.000e+00
9.990e+01 1.512e-02 0.000e+00
