# Time (ps)      real(F_2)      im(F_2)
0.000e+00 1.000e+00 0.000e+00
1.000e-01 8.638e-01 -2.809e-02
2.000e-01 8.429e-01 -3.333e-02
3.000e-01 8.201e-01 1.990e-02
4.000e-01 8.014e-01 -1.874e-03
5.000e-01 7.931e-01 5.621e-02
6.000e-01 7.438e-01 1.790e-02
7.000e-01 7.321e-01 5.175e-03
8.000e-01 7.234e-01 -2.469e-02
9.000e-01 7.712e-01 2.945e-02
1.000e+00 7.419e-01 3.315e-02
1.100e+00 6.962e-01 4.671e-02
1.200e+00 6.504e-01 2.366e-02
1.300e+00 6.462e-01 -1.008e-02
1.400e+00 6.434e-01 -1.470e-02
1.500e+00 6.431e-01 -3.991e-02
1.600e+00 6.658e-01 6.983e-03
1.700e+00 6.655e-01 3.356e-02
1.800e+00 6.208e-01 2.709e-02
1.900e+00 6.382e-01 -2.519e-02
2.000e+00 6.465e-01 -3.601e-02
2.100e+00 6.498e-01 -2.097e-02
2.200e+00 6.467e-01 -6.746e-04
2.300e+00 6.168e-01 -3.732e-03
2.400e+00 5.680e-01 -3.104e-02
2.500e+00 5.549e-01 -4.307e-02
2.600e+00 5.413e-01 -5.269e-02
2.700e+00 5.433e-01 -5.345e-03
2.800e+00 5.145e-01 -1.048e-02
2.900e+00 5.358e-01 1.478e-02
3.000e+00 5.823e-01 7.787e-03
3.100e+00 5.373e-01 1.536e-02
3.200e+00 5.272e-01 4.889e-02
3.300e+00 5.118e-01 7.887e-03
3.400e+00 5.047e-01 3.832e-02
3.500e+00 4.786e-01 5.265e-02
3.600e+00 5.043e-01 4.018e-02
3.700e+00 4.968e-01 4.035e-02
3.800e+00 4.814e-01 6.410e-03
3.900e+00 4.757e-01 1.270e-02
4.000e+00 5.219e-01 -3.751e-04
4.100e+00 4.808e-01 -2.304e-03
4.200e+00 4.930e-01 4.773e-03
4.300e+00 4.712e-01 2.692e-02
4.400e+00 4.456e-01 5.904e-03
4.500e+00 4.203e-01 -1.199e-02
4.600e+00 4.508e-01 -1.505e-03
4.700e+00 4.712e-01 2.469e-02
4.800e+00 4.218e-01 3.243e-02
4.900e+00 4.155e-01 6.869e-02
5.000e+00 4.126e-01 5.517e-02
5.100e+00 3.924e-01 2.344e-02
5.200e+00 4.323e-01 3.224e-02
5.300e+00 4.106e-01 3.157e-02
5.400e+00 4.151e-01 5.036e-02
5.500e+00 4.200e-01 5.474e-02
5.600e+00 4.042e-01 1.946e-02
5.700e+00 4.003e-01 -2.582e-03
5.800e+00 4.379e-01 -2.219e-02
5.900e+00 4.009e-01 -3.542e-03
6.000e+00 4.016e-01 1.078e-02
6.100e+00 3.887e-01 9.902e-03
6.200e+00 3.983e-01 -2.519e-03
6.300e+00 4.321e-01 2.089e-02
6.400e+00 4.035e-01 4.646e-02
6.500e+00 4.162e-01 4.737e-02
6.600e+00 4.152e-01 4.170e-02
6.700e+00 3.979e-01 5.638e-02
6.800e+00 3.588e-01 4.145e-02
6.900e+00 3.456e-01 4.472e-02
7.000e+00 3.237e-01 2.244e-02
7.100e+00 3.113e-01 -1.090e-02
7.200e+00 3.320e-01 1.352e-02
7.300e+00 3.225e-01 1.291e-02
7.400e+00 2.956e-01 -8.778e-04
7.500e+00 3.112e-01 1.268e-02
7.600e+00 2.865e-01 -5.006e-03
7.700e+00 2.660e-01 -1.299e-02
7.800e+00 2.444e-01 -6.817e-03
7.900e+00 2.430e-01 -2.978e-02
8.000e+00 2.661e-01 -1.745e-02
8.100e+00 2.523e-01 -4.186e-02
8.200e+00 2.394e-01 -3.734e-02
8.300e+00 2.685e-01 -3.928e-02
8.400e+00 2.764e-01 -2.054e-02
8.500e+00 2.981e-01 -2.448e-02
8.600e+00 2.598e-01 -2.191e-02
8.700e+00 2.193e-01 -8.481e-03
8.800e+00 2.081e-01 -2.126e-02
8.900e+00 2.406e-01 7.516e-03
9.000e+00 2.449e-01 3.188e-03
9.100e+00 2.354e-01 2.260e-02
9.200e+00 2.545e-01 3.739e-02
9.300e+00 2.478e-01 1.023e-02
9.400e+00 2.346e-01 7.394e-03
9.500e+00 2.099e-01 5.667e-02
9.600e+00 1.822e-01 2.226e-02
9.700e+00 1.849e-01 5.946e-02
9.800e+00 2.119e-01 2.879e-02
9.900e+00 2.064e-01 1.726e-02
1.000e+01 1.955e-01 2.370e-02
1.010e+01 2.025e-01 1.456e-02
1.020e+01 1.884e-01 7.318e-03
1.030e+01 1.904e-01 -1.221e-02
1.040e+01 1.980e-01 2.010e-02
1.050e+01 1.557e-01 -8.950e-03
1.060e+01 1.768e-01 1.634e-02
1.070e+01 1.809e-01 3.057e-03
1.080e+01 1.853e-01 1.797e-02
1.090e+01 1.771e-01 4.439e-03
1.100e+01 1.438e-01 4.154e-02
1.110e+01 1.519e-01 2.686e-02
1.120e+01 1.414e-01 2.596e-02
1.130e+01 1.426e-01 3.983e-02
1.140e+01 1.534e-01 5.295e-02
1.150e+01 1.559e-01 3.380e-02
1.160e+01 1.186e-01 3.042e-02
1.170e+01 1.443e-01 3.443e-02
1.180e+01 1.586e-01 4.755e-02
1.190e+01 1.279e-01 3.042e-02
1.200e+01 1.494e-01 3.253e-02
1.210e+01 1.613e-01 1.296e-02
1.220e+01 1.387e-01 1.411e-02
1.230e+01 1.158e-01 2.882e-02
1.240e+01 1.259e-01 5.235e-02
1.250e+01 1.225e-01 3.748e-02
1.260e+01 1.531e-01 4.390e-02
1.270e+01 1.377e-01 6.105e-03
1.280e+01 1.129e-01 3.724e-02
1.290e+01 1.001e-01 2.676e-02
1.300e+01 1.117e-01 3.315e-02
1.310e+01 1.309e-01 3.395e-02
1.320e+01 1.405e-01 1.133e-02
1.330e+01 1.487e-01 2.036e-02
1.340e+01 1.280e-01 2.938e-02
1.350e+01 1.347e-01 2.416e-02
1.360e+01 1.445e-01 1.261e-02
1.370e+01 1.621e-01 6.441e-02
1.380e+01 1.396e-01 6.098e-02
1.390e+01 1.421e-01 3.527e-02
1.400e+01 1.442e-01 3.485e-02
1.410e+01 1.361e-01 3.772e-02
1.420e+01 1.289e-01 4.863e-02
1.430e+01 1.167e-01 5.082e-02
1.440e+01 1.317e-01 5.027e-02
1.450e+01 1.657e-01 5.958e-02
1.460e+01 1.701e-01 6.673e-02
1.470e+01 1.669e-01 6.252e-02
1.480e+01 1.542e-01 6.235e-02
1.490e+01 1.354e-01 7.695e-02
1.500e+01 1.746e-01 7.846e-02
1.510e+01 1.639e-01 5.247e-02
1.520e+01 1.755e-01 3.156e-02
1.530e+01 1.474e-01 3.186e-02
1.540e+01 1.411e-01 5.449e-02
1.550e+01 1.419e-01 4.438e-02
1.560e+01 1.404e-01 5.690e-02
1.570e+01 1.251e-01 6.030e-02
1.580e+01 1.460e-01 6.740e-02
1.590e+01 1.658e-01 4.317e-02
1.600e+01 1.264e-01 5.519e-02
1.610e+01 1.158e-01 3.549e-02
1.620e+01 1.244e-01 6.018e-02
1.630e+01 1.258e-01 4.263e-02
1.640e+01 1.237e-01 5.667e-02
1.650e+01 1.154e-01 5.431e-02
1.660e+01 1.137e-01 5.553e-02
1.670e+01 1.107e-01 5.252e-02
1.680e+01 1.181e-01 7.119e-02
1.690e+01 1.158e-01 4.752e-02
1.700e+01 1.268e-01 5.881e-02
1.710e+01 1.286e-01 5.639e-02
1.720e+01 1.078e-01 4.242e-02
1.730e+01 7.852e-02 7.291e-02
1.740e+01 1.093e-01 6.402e-02
1.750e+01 7.114e-02 6.304e-02
1.760e+01 1.282e-01 4.049e-02
1.770e+01 1.328e-01 6.050e-02
1.780e+01 1.186e-01 2.834e-02
1.790e+01 1.238e-01 5.902e-02
1.800e+01 1.026e-01 2.198e-02
1.810e+01 1.047e-01 6.395e-02
1.820e+01 1.078e-01 5.078e-02
1.830e+01 1.018e-01 5.035e-02
1.840e+01 1.002e-01 4.861e-02
1.850e+01 8.270e-02 5.912e-02
1.860e+01 9.679e-02 6.143e-02
1.870e+01 1.253e-01 4.537e-02
1.880e+01 1.306e-01 7.057e-02
1.890e+01 1.361e-01 7.323e-02
1.900e+01 1.257e-01 7.118e-02
1.910e+01 1.223e-01 5.851e-02
1.920e+01 1.284e-01 4.521e-02
1.930e+01 9.963e-02 5.879e-02
1.940e+01 9.264e-02 4.422e-02
1.950e+01 7.220e-02 5.405e-02
1.960e+01 8.647e-02 4.521e-02
1.970e+01 1.136e-01 5.618e-02
1.980e+01 1.265e-01 5.347e-02
1.990e+01 1.410e-01 6.248e-02
2.000e+01 1.445e-01 4.548e-02
2.010e+01 1.333e-01 3.628e-02
2.020e+01 1.155e-01 5.283e-02
2.030e+01 1.057e-01 2.557e-02
2.040e+01 1.147e-01 4.310e-02
2.050e+01 1.258e-01 1.411e-02
2.060e+01 1.362e-01 -2.795e-03
2.070e+01 1.229e-01 -5.030e-03
2.080e+01 1.276e-01 4.981e-03
2.090e+01 1.159e-01 1.080e-02
2.100e+01 8.721e-02 4.465e-03
2.110e+01 7.861e-02 2.183e-02
2.120e+01 7.548e-02 4.469e-02
2.130e+01 8.341e-02 2.096e-02
2.140e+01 9.780e-02 2.165e-02
2.150e+01 9.357e-02 1.570e-02
2.160e+01 9.047e-02 6.454e-03
2.170e+01 1.081e-01 1.147e-02
2.180e+01 9.933e-02 1.437e-02
2.190e+01 9.963e-02 1.544e-02
2.200e+01 1.073e-01 2.502e-02
2.210e+01 1.155e-01 2.471e-02
2.220e+01 1.176e-01 1.733e-02
2.230e+01 1.081e-01 7.956e-03
2.240e+01 8.604e-02 1.246e-02
2.250e+01 7.906e-02 4.435e-03
2.260e+01 5.261e-02 6.249e-03
2.270e+01 6.171e-02 1.978e-02
2.280e+01 5.963e-02 2.048e-02
2.290e+01 8.116e-02 3.253e-02
2.300e+01 7.748e-02 5.511e-02
2.310e+01 8.679e-02 4.201e-02
2.320e+01 9.237e-02 1.771e-02
2.330e+01 8.556e-02 1.038e-02
2.340e+01 5.459e-02 -8.472e-03
2.350e+01 7.631e-02 9.777e-03
2.360e+01 7.677e-02 2.008e-02
2.370e+01 6.574e-02 1.500e-02
2.380e+01 5.777e-02 8.361e-03
2.390e+01 7.744e-02 -5.580e-03
2.400e+01 8.318e-02 3.122e-02
2.410e+01 8.627e-02 2.549e-02
2.420e+01 8.216e-02 1.567e-02
2.430e+01 6.621e-02 3.718e-02
2.440e+01 8.626e-02 1.341e-02
2.450e+01 9.238e-02 3.131e-02
2.460e+01 8.631e-02 2.479e-02
2.470e+01 8.634e-02 9.809e-03
2.480e+01 8.039e-02 2.943e-02
2.490e+01 8.891e-02 1.323e-02
2.500e+01 8.778e-02 3.682e-02
2.510e+01 7.909e-02 3.597e-02
2.520e+01 6.050e-02 3.087e-02
2.530e+01 7.027e-02 2.105e-02
2.540e+01 9.180e-02 3.157e-02
2.550e+01 7.376e-02 9.915e-03
2.560e+01 7.747e-02 3.309e-02
2.570e+01 6.391e-02 1.552e-02
2.580e+01 7.684e-02 2.596e-02
2.590e+01 6.747e-02 1.109e-02
2.600e+01 7.765e-02 -5.227e-03
2.610e+01 7.278e-02 5.946e-03
2.620e+01 5.826e-02 2.229e-02
2.630e+01 5.873e-02 2.588e-02
2.640e+01 5.604e-02 -2.828e-03
2.650e+01 5.941e-02 1.322e-02
2.660e+01 4.390e-02 2.204e-02
2.670e+01 3.796e-02 2.304e-02
2.680e+01 3.600e-02 2.899e-02
2.690e+01 5.780e-02 2.763e-02
2.700e+01 4.243e-02 2.962e-02
2.710e+01 4.923e-02 2.498e-02
2.720e+01 4.132e-02 1.999e-02
2.730e+01 4.627e-02 2.374e-02
2.740e+01 5.210e-02 1.902e-02
2.750e+01 6.279e-02 1.532e-02
2.760e+01 5.686e-02 -4.610e-03
2.770e+01 7.333e-02 1.561e-02
2.780e+01 6.019e-02 -2.255e-03
2.790e+01 6.333e-02 6.103e-03
2.800e+01 6.568e-02 -3.978e-04
2.810e+01 6.166e-02 -8.388e-03
2.820e+01 7.052e-02 -4.633e-03
2.830e+01 6.057e-02 -4.749e-03
2.840e+01 5.382e-02 2.292e-02
2.850e+01 6.213e-02 1.187e-02
2.860e+01 7.376e-02 1.290e-02
2.870e+01 5.956e-02 -4.278e-03
2.880e+01 7.175e-02 1.578e-02
2.890e+01 5.934e-02 -4.683e-03
2.900e+01 6.861e-02 -8.913e-03
2.910e+01 6.306e-02 7.020e-03
2.920e+01 5.756e-02 -1.274e-02
2.930e+01 7.640e-02 -1.468e-03
2.940e+01 8.443e-02 3.509e-03
2.950e+01 5.796e-02 1.641e-02
2.960e+01 5.535e-02 9.372e-03
2.970e+01 5.378e-02 2.123e-02
2.980e+01 6.259e-02 1.690e-02
2.990e+01 6.894e-02 7.903e-03
3.000e+01 6.152e-02 4.000e-03
3.010e+01 4.789e-02 5.402e-03
3.020e+01 3.688e-02 2.182e-02
3.030e+01 5.500e-02 1.204e-02
3.040e+01 5.679e-02 3.647e-03
3.050e+01 5.282e-02 -9.572e-03
3.060e+01 5.582e-02 -4.072e-03
3.070e+01 5.306e-02 -3.977e-03
3.080e+01 6.060e-02 -9.815e-03
3.090e+01 6.298e-02 -7.971e-03
3.100e+01 6.248e-02 4.916e-05
3.110e+01 5.399e-02 1.703e-03
3.120e+01 5.486e-02 -9.705e-04
3.130e+01 4.536e-02 -2.672e-03
3.140e+01 5.645e-02 4.531e-03
3.150e+01 4.949e-02 -3.405e-03
3.160e+01 4.894e-02 -3.283e-03
3.170e+01 4.145e-02 -4.887e-03
3.180e+01 4.016e-02 -4.567e-03
3.190e+01 4.093e-02 1.355e-03
3.200e+01 3.672e-02 -1.086e-02
3.210e+01 3.794e-02 -3.035e-03
3.220e+01 4.441e-02 1.229e-03
3.230e+01 3.478e-02 -6.016e-03
3.240e+01 3.056e-02 3.646e-03
3.250e+01 3.245e-02 -6.719e-03
3.260e+01 3.414e-02 -9.585e-03
3.270e+01 4.047e-02 -8.706e-03
3.280e+01 3.207e-02 -1.509e-02
3.290e+01 3.552e-02 -6.304e-03
3.300e+01 3.514e-02 -3.239e-03
3.310e+01 3.643e-02 -6.121e-03
3.320e+01 3.812e-02 -1.918e-02
3.330e+01 3.508e-02 -1.044e-02
3.340e+01 4.217e-02 -8.663e-03
3.350e+01 5.573e-02 -2.104e-02
3.360e+01 5.282e-02 -1.794e-02
3.370e+01 6.012e-02 -1.066e-02
3.380e+01 5.802e-02 2.337e-03
3.390e+01 5.877e-02 -8.360e-03
3.400e+01 5.419e-02 8.800e-03
3.410e+01 5.631e-02 9.762e-04
3.420e+01 3.980e-02 -1.426e-04
3.430e+01 4.934e-02 -1.741e-03
3.440e+01 4.638e-02 -5.562e-04
3.450e+01 4.932e-02 1.030e-02
3.460e+01 4.389e-02 7.129e-03
3.470e+01 5.429e-02 -2.287e-03
3.480e+01 5.337e-02 3.620e-03
3.490e+01 5.088e-02 8.718e-03
3.500e+01 5.055e-02 2.348e-03
3.510e+01 5.042e-02 1.208e-02
3.520e+01 6.123e-02 1.170e-02
3.530e+01 5.822e-02 4.604e-03
3.540e+01 4.962e-02 2.443e-03
3.550e+01 4.637e-02 -2.338e-03
3.560e+01 5.309e-02 1.289e-02
3.570e+01 3.318e-02 5.165e-03
3.580e+01 2.691e-02 1.031e-03
3.590e+01 1.141e-02 1.019e-02
3.600e+01 1.840e-02 1.599e-02
3.610e+01 1.334e-02 1.545e-02
3.620e+01 1.296e-02 6.966e-03
3.630e+01 1.716e-02 1.468e-03
3.640e+01 9.353e-03 1.405e-02
3.650e+01 1.816e-02 1.402e-03
3.660e+01 3.251e-02 -4.724e-03
3.670e+01 1.637e-02 1.310e-02
3.680e+01 7.315e-03 2.268e-02
3.690e+01 1.186e-02 1.790e-02
3.700e+01 2.013e-02 2.603e-02
3.710e+01 1.022e-02 1.918e-02
3.720e+01 2.547e-02 1.307e-02
3.730e+01 7.506e-03 2.793e-03
3.740e+01 1.403e-02 1.051e-02
3.750e+01 2.413e-03 9.953e-03
3.760e+01 1.490e-02 2.624e-02
3.770e+01 9.594e-03 1.801e-02
3.780e+01 1.421e-02 2.071e-02
3.790e+01 1.329e-02 9.520e-03
3.800e+01 3.412e-02 1.064e-02
3.810e+01 3.272e-02 8.831e-03
3.820e+01 1.849e-02 1.453e-02
3.830e+01 1.818e-02 3.663e-03
3.840e+01 2.398e-02 -2.243e-03
3.850e+01 3.651e-02 1.668e-02
3.860e+01 1.118e-02 1.267e-02
3.870e+01 2.053e-02 2.352e-02
3.880e+01 1.680e-02 2.440e-02
3.890e+01 1.748e-02 6.401e-04
3.900e+01 3.191e-02 8.301e-03
3.910e+01 1.750e-02 -4.844e-03
3.920e+01 1.888e-02 -1.117e-04
3.930e+01 1.932e-02 -9.485e-04
3.940e+01 1.210e-02 4.527e-03
3.950e+01 9.046e-03 8.881e-03
3.960e+01 9.469e-03 9.451e-03
3.970e+01 2.078e-02 1.335e-02
3.980e+01 2.816e-02 1.639e-02
3.990e+01 3.651e-02 1.532e-02
4.000e+01 2.329e-02 1.125e-02
4.010e+01 2.011e-02 1.084e-02
4.020e+01 1.109e-02 1.913e-02
4.030e+01 5.615e-03 8.078e-03
4.040e+01 7.296e-03 2.720e-03
4.050e+01 7.341e-03 1.434e-02
4.060e+01 1.370e-02 1.413e-02
4.070e+01 1.559e-02 5.322e-03
4.080e+01 4.810e-03 1.409e-02
4.090e+01 4.445e-03 8.973e-03
4.100e+01 5.378e-03 1.004e-02
4.110e+01 1.476e-02 3.641e-04
4.120e+01 1.475e-02 1.177e-03
4.130e+01 2.271e-02 4.727e-03
4.140e+01 1.640e-02 1.084e-02
4.150e+01 1.066e-02 1.162e-02
4.160e+01 1.971e-02 9.717e-03
4.170e+01 2.610e-02 5.114e-03
4.180e+01 2.593e-02 8.303e-03
4.190e+01 2.357e-02 8.889e-03
4.200e+01 2.766e-02 4.632e-03
4.210e+01 2.622e-02 -2.435e-03
4.220e+01 1.690e-02 -4.739e-03
4.230e+01 1.536e-02 -1.974e-04
4.240e+01 2.326e-02 6.464e-03
4.250e+01 2.375e-02 5.081e-03
4.260e+01 3.596e-02 6.955e-03
4.270e+01 3.776e-02 1.032e-02
4.280e+01 2.152e-02 1.859e-02
4.290e+01 4.669e-03 1.042e-02
4.300e+01 1.370e-02 5.431e-03
4.310e+01 1.060e-02 1.179e-02
4.320e+01 5.382e-03 5.387e-03
4.330e+01 3.701e-03 1.481e-03
4.340e+01 1.023e-02 1.238e-02
4.350e+01 7.079e-04 2.642e-02
4.360e+01 3.996e-03 3.053e-02
4.370e+01 -4.756e-03 1.673e-02
4.380e+01 -6.786e-03 7.631e-03
4.390e+01 -2.284e-03 8.486e-03
4.400e+01 -4.638e-03 1.092e-03
4.410e+01 3.058e-03 1.352e-02
4.420e+01 7.096e-03 8.461e-03
4.430e+01 9.163e-03 7.285e-03
4.440e+01 1.825e-02 4.644e-03
4.450e+01 2.597e-02 5.161e-03
4.460e+01 2.369e-02 2.832e-03
4.470e+01 2.361e-02 -8.363e-03
4.480e+01 2.886e-02 -9.261e-03
4.490e+01 2.405e-02 1.418e-03
4.500e+01 1.455e-02 -1.034e-02
4.510e+01 2.210e-02 1.184e-02
4.520e+01 1.458e-02 6.812e-03
4.530e+01 1.344e-02 8.783e-03
4.540e+01 8.463e-03 2.246e-02
4.550e+01 2.880e-02 1.514e-02
4.560e+01 2.551e-02 5.820e-03
4.570e+01 7.631e-03 2.855e-03
4.580e+01 1.460e-02 -3.485e-03
4.590e+01 2.206e-02 1.767e-03
4.600e+01 1.932e-02 3.636e-03
4.610e+01 1.033e-02 4.180e-03
4.620e+01 1.006e-02 3.557e-04
4.630e+01 5.100e-03 2.162e-03
4.640e+01 2.076e-02 3.920e-03
4.650e+01 1.412e-02 1.319e-02
4.660e+01 1.774e-02 4.163e-03
4.670e+01 2.147e-03 7.604e-03
4.680e+01 2.042e-02 3.141e-03
4.690e+01 1.423e-02 1.606e-02
4.700e+01 2.710e-02 1.122e-02
4.710e+01 1.355e-02 -9.164e-04
4.720e+01 2.538e-02 -4.783e-03
4.730e+01 1.402e-02 -1.072e-02
4.740e+01 1.182e-02 -9.726e-04
4.750e+01 1.693e-02 1.172e-02
4.760e+01 1.222e-02 -8.306e-04
4.770e+01 1.770e-02 -2.854e-03
4.780e+01 2.714e-03 -4.498e-03
4.790e+01 1.762e-04 3.509e-03
4.800e+01 5.501e-03 2.988e-03
4.810e+01 5.957e-03 3.213e-03
4.820e+01 1.922e-02 -2.401e-03
4.830e+01 2.965e-02 6.537e-03
4.840e+01 3.538e-02 5.274e-03
4.850e+01 2.595e-02 5.197e-03
4.860e+01 2.402e-02 6.341e-03
4.870e+01 2.517e-02 1.046e-02
4.880e+01 3.312e-02 6.181e-03
4.890e+01 3.701e-02 -1.927e-03
4.900e+01 3.708e-02 1.324e-03
4.910e+01 3.247e-02 5.220e-03
4.920e+01 2.937e-02 8.438e-03
4.930e+01 2.770e-02 9.856e-03
4.940e+01 2.791e-02 6.452e-03
4.950e+01 2.389e-02 5.354e-03
4.960e+01 2.776e-02 8.961e-03
4.970e+01 3.203e-02 5.450e-03
4.980e+01 3.504e-02 3.967e-03
4.990e+01 3.386e-02 1.049e-02
5.000e+01 3.311e-02 2.900e-03
5.010e+01 2.906e-02 1.514e-03
5.020e+01 3.034e-02 1.434e-02
5.030e+01 3.392e-02 1.029e-02
5.040e+01 2.961e-02 1.031e-02
5.050e+01 3.767e-02 -4.017e-04
5.060e+01 3.775e-02 -2.261e-03
5.070e+01 3.874e-02 1.984e-04
5.080e+01 3.077e-02 -1.075e-02
5.090e+01 2.393e-02 -1.003e-02
5.100e+01 1.989e-02 -5.814e-03
5.110e+01 2.817e-02 1.566e-04
5.120e+01 2.084e-02 1.683e-03
5.130e+01 1.967e-02 -3.775e-03
5.140e+01 3.333e-02 -1.248e-02
5.150e+01 3.019e-02 -1.422e-02
5.160e+01 2.534e-02 -1.447e-02
5.170e+01 2.200e-02 -7.940e-03
5.180e+01 2.109e-02 -8.757e-03
5.190e+01 2.162e-02 -9.623e-03
5.200e+01 2.426e-02 -1.912e-03
5.210e+01 4.206e-02 1.120e-03
5.220e+01 2.485e-02 7.079e-04
5.230e+01 1.857e-02 3.587e-03
5.240e+01 2.747e-02 7.722e-03
5.250e+01 2.288e-02 -3.307e-05
5.260e+01 2.209e-02 -3.088e-03
5.270e+01 2.398e-02 -7.228e-03
5.280e+01 1.957e-02 -5.301e-03
5.290e+01 2.857e-02 -3.131e-05
5.300e+01 1.922e-02 8.971e-03
5.310e+01 1.501e-02 1.489e-02
5.320e+01 1.602e-02 7.658e-03
5.330e+01 1.912e-02 6.785e-03
5.340e+01 1.103e-02 6.271e-03
5.350e+01 1.793e-02 8.526e-03
5.360e+01 1.227e-02 1.442e-02
5.370e+01 1.922e-02 1.025e-02
5.380e+01 1.165e-02 9.907e-03
5.390e+01 2.099e-02 1.204e-02
5.400e+01 2.286e-02 1.956e-02
5.410e+01 1.735e-02 2.211e-02
5.420e+01 1.099e-02 1.998e-02
5.430e+01 9.774e-03 2.021e-02
5.440e+01 1.937e-02 1.586e-02
5.450e+01 1.882e-02 2.315e-02
5.460e+01 1.657e-02 2.053e-02
5.470e+01 2.056e-02 1.286e-02
5.480e+01 2.328e-02 2.108e-02
5.490e+01 2.165e-02 1.281e-02
5.500e+01 2.532e-02 1.908e-02
5.510e+01 1.651e-02 1.753e-02
5.520e+01 1.297e-02 2.161e-02
5.530e+01 1.600e-02 2.614e-02
5.540e+01 1.288e-02 2.641e-02
5.550e+01 1.209e-02 2.244e-02
5.560e+01 1.939e-02 2.362e-02
5.570e+01 1.413e-02 1.460e-02
5.580e+01 1.350e-02 1.221e-02
5.590e+01 1.510e-02 1.216e-02
5.600e+01 1.704e-02 1.086e-02
5.610e+01 1.938e-02 1.113e-02
5.620e+01 1.732e-02 1.330e-02
5.630e+01 2.211e-02 1.560e-02
5.640e+01 2.059e-02 1.314e-02
5.650e+01 2.329e-02 1.690e-02
5.660e+01 1.632e-02 1.926e-02
5.670e+01 2.115e-02 2.792e-02
5.680e+01 1.587e-02 3.259e-02
5.690e+01 1.387e-02 2.614e-02
5.700e+01 1.847e-02 1.718e-02
5.710e+01 2.376e-02 2.115e-02
5.720e+01 2.145e-02 9.339e-03
5.730e+01 2.151e-02 1.216e-02
5.740e+01 3.159e-02 1.123e-02
5.750e+01 3.141e-02 1.824e-02
5.760e+01 3.197e-02 1.266e-02
5.770e+01 3.250e-02 1.368e-02
5.780e+01 3.557e-02 1.153e-02
5.790e+01 3.024e-02 1.829e-02
5.800e+01 3.123e-02 2.489e-02
5.810e+01 2.831e-02 1.956e-02
5.820e+01 3.055e-02 2.137e-02
5.830e+01 2.091e-02 1.838e-02
5.840e+01 2.237e-02 2.345e-02
5.850e+01 1.639e-02 2.465e-02
5.860e+01 2.382e-02 2.652e-02
5.870e+01 2.576e-02 1.776e-02
5.880e+01 2.110e-02 1.585e-02
5.890e+01 2.009e-02 1.328e-02
5.900e+01 1.893e-02 1.500e-02
5.910e+01 1.854e-02 1.906e-02
5.920e+01 2.704e-02 1.365e-02
5.930e+01 3.311e-02 1.030e-02
5.940e+01 2.637e-02 1.948e-02
5.950e+01 2.285e-02 1.207e-02
5.960e+01 2.299e-02 7.692e-03
5.970e+01 2.147e-02 1.543e-02
5.980e+01 2.313e-02 1.153e-02
5.990e+01 2.378e-02 7.497e-03
6.000e+01 2.749e-02 1.838e-03
6.010e+01 2.586e-02 1.873e-04
6.020e+01 2.166e-02 7.399e-03
6.030e+01 2.444e-02 7.318e-03
6.040e+01 1.912e-02 2.598e-03
6.050e+01 1.802e-02 8.759e-03
6.060e+01 1.937e-02 7.662e-03
6.070e+01 2.886e-02 8.215e-03
6.080e+01 2.969e-02 4.150e-03
6.090e+01 2.538e-02 8.988e-03
6.100e+01 2.551e-02 9.032e-03
6.110e+01 1.936e-02 2.259e-03
6.120e+01 1.740e-02 6.674e-03
6.130e+01 1.889e-02 8.501e-03
6.140e+01 2.098e-02 1.398e-02
6.150e+01 1.660e-02 1.681e-02
6.160e+01 1.698e-02 6.661e-03
6.170e+01 1.849e-02 5.718e-04
6.180e+01 1.970e-02 -4.608e-03
6.190e+01 1.825e-02 -1.057e-03
6.200e+01 1.994e-02 2.857e-03
6.210e+01 2.691e-02 5.007e-03
6.220e+01 2.770e-02 3.961e-03
6.230e+01 2.687e-02 -1.854e-03
6.240e+01 2.813e-02 -1.539e-03
6.250e+01 2.154e-02 1.935e-03
6.260e+01 2.161e-02 -2.250e-03
6.270e+01 2.150e-02 -1.590e-03
6.280e+01 2.051e-02 1.081e-03
6.290e+01 2.158e-02 5.799e-04
6.300e+01 2.518e-02 3.209e-03
6.310e+01 2.427e-02 3.017e-03
6.320e+01 2.188e-02 4.324e-03
6.330e+01 2.066e-02 -4.742e-04
6.340e+01 2.045e-02 3.240e-03
6.350e+01 2.430e-02 -3.246e-03
6.360e+01 2.136e-02 -6.215e-03
6.370e+01 1.872e-02 -2.239e-03
6.380e+01 2.074e-02 -5.342e-03
6.390e+01 2.211e-02 -2.548e-04
6.400e+01 1.475e-02 -1.203e-03
6.410e+01 2.100e-02 -2.786e-03
6.420e+01 2.029e-02 1.735e-04
6.430e+01 2.109e-02 4.747e-03
6.440e+01 1.768e-02 6.365e-03
6.450e+01 1.736e-02 1.245e-02
6.460e+01 1.427e-02 8.048e-03
6.470e+01 2.321e-02 7.136e-03
6.480e+01 1.985e-02 -2.070e-03
6.490e+01 2.406e-02 3.800e-03
6.500e+01 2.170e-02 3.292e-03
6.510e+01 1.727e-02 -7.363e-04
6.520e+01 2.541e-02 3.205e-03
6.530e+01 2.437e-02 7.465e-03
6.540e+01 1.823e-02 7.324e-03
6.550e+01 1.896e-02 8.873e-03
6.560e+01 2.300e-02 4.871e-03
6.570e+01 1.979e-02 1.306e-02
6.580e+01 1.486e-02 1.712e-02
6.590e+01 1.199e-02 1.602e-02
6.600e+01 1.425e-02 1.205e-02
6.610e+01 1.318e-02 1.197e-02
6.620e+01 1.094e-02 9.735e-03
6.630e+01 1.453e-02 9.552e-03
6.640e+01 1.897e-02 9.430e-03
6.650e+01 2.111e-02 1.117e-02
6.660e+01 2.177e-02 9.948e-03
6.670e+01 1.618e-02 8.907e-03
6.680e+01 1.530e-02 8.575e-03
6.690e+01 1.262e-02 8.086e-03
6.700e+01 1.149e-02 1.303e-02
6.710e+01 4.619e-03 1.494e-02
6.720e+01 1.160e-02 1.926e-02
6.730e+01 5.759e-03 1.784e-02
6.740e+01 7.584e-03 1.433e-02
6.750e+01 7.912e-03 9.310e-03
6.760e+01 8.038e-03 8.977e-03
6.770e+01 6.584e-03 6.947e-03
6.780e+01 4.642e-03 1.138e-02
6.790e+01 1.646e-03 1.007e-02
6.800e+01 6.315e-03 1.514e-02
6.810e+01 5.099e-03 8.315e-03
6.820e+01 6.606e-03 8.864e-03
6.830e+01 8.957e-03 5.080e-03
6.840e+01 1.323e-02 1.142e-02
6.850e+01 8.606e-03 1.621e-02
6.860e+01 9.607e-03 1.837e-02
6.870e+01 1.324e-02 1.992e-02
6.880e+01 6.825e-03 1.656e-02
6.890e+01 7.284e-03 1.052e-02
6.900e+01 7.993e-03 1.576e-02
6.910e+01 4.183e-03 1.796e-02
6.920e+01 7.732e-03 1.639e-02
6.930e+01 1.937e-03 1.379e-02
6.940e+01 -8.813e-04 6.948e-03
6.950e+01 2.171e-03 1.371e-02
6.960e+01 1.038e-03 1.494e-02
6.970e+01 1.612e-03 9.292e-03
6.980e+01 4.546e-03 9.725e-03
6.990e+01 4.767e-03 3.595e-03
7.000e+01 5.432e-03 4.007e-03
7.010e+01 7.572e-03 9.375e-03
7.020e+01 4.297e-03 1.103e-02
7.030e+01 1.211e-03 1.203e-02
7.040e+01 -3.688e-03 1.188e-02
7.050e+01 -3.216e-03 3.704e-03
7.060e+01 -2.678e-03 6.430e-03
7.070e+01 -7.155e-04 6.722e-03
7.080e+01 3.124e-03 1.208e-02
7.090e+01 2.272e-03 1.526e-02
7.100e+01 5.894e-03 6.964e-03
7.110e+01 7.419e-03 9.217e-03
7.120e+01 5.188e-03 9.145e-03
7.130e+01 4.578e-03 6.319e-03
7.140e+01 5.592e-03 5.048e-03
7.150e+01 7.632e-04 6.273e-03
7.160e+01 2.976e-04 6.093e-03
7.170e+01 -1.754e-04 1.884e-03
7.180e+01 -4.566e-04 5.610e-03
7.190e+01 -3.300e-03 2.377e-03
7.200e+01 -6.811e-03 4.293e-03
7.210e+01 7.645e-04 5.108e-03
7.220e+01 -4.244e-04 4.848e-03
7.230e+01 -3.377e-05 2.736e-03
7.240e+01 -2.462e-04 2.333e-03
7.250e+01 -1.347e-03 -5.092e-06
7.260e+01 2.170e-03 -1.806e-03
7.270e+01 -4.391e-04 5.929e-04
7.280e+01 -7.632e-04 4.896e-03
7.290e+01 -1.332e-03 -2.114e-04
7.300e+01 -5.294e-03 -1.850e-03
7.310e+01 -3.807e-03 -2.549e-04
7.320e+01 -3.852e-03 9.356e-04
7.330e+01 -4.470e-03 -8.613e-05
7.340e+01 -4.517e-03 3.817e-03
7.350e+01 -2.795e-04 1.280e-03
7.360e+01 -6.704e-04 -1.715e-03
7.370e+01 2.634e-03 3.530e-03
7.380e+01 1.344e-03 4.799e-03
7.390e+01 -1.368e-03 7.289e-03
7.400e+01 -6.474e-04 8.010e-03
7.410e+01 4.404e-03 3.342e-03
7.420e+01 2.209e-03 3.169e-03
7.430e+01 1.918e-03 1.800e-03
7.440e+01 4.840e-04 -8.442e-04
7.450e+01 2.549e-04 1.185e-03
7.460e+01 -2.451e-03 1.776e-03
7.470e+01 -3.162e-03 4.362e-03
7.480e+01 1.137e-03 1.656e-04
7.490e+01 8.566e-04 -4.502e-03
7.500e+01 -4.463e-03 8.556e-06
7.510e+01 -5.720e-03 -1.610e-03
7.520e+01 -9.504e-04 9.105e-03
7.530e+01 -4.060e-03 3.398e-03
7.540e+01 -1.199e-03 4.810e-03
7.550e+01 -5.645e-03 1.294e-03
7.560e+01 -1.639e-03 3.833e-03
7.570e+01 -5.810e-03 4.797e-03
7.580e+01 -6.492e-03 5.082e-03
7.590e+01 -6.745e-03 3.835e-03
7.600e+01 -3.762e-03 4.904e-03
7.610e+01 -1.982e-03 1.313e-03
7.620e+01 -7.458e-04 5.299e-03
7.630e+01 -2.160e-03 6.643e-03
7.640e+01 -1.392e-03 4.320e-03
7.650e+01 -3.649e-03 3.850e-03
7.660e+01 -4.763e-03 -2.167e-04
7.670e+01 -2.321e-03 2.182e-03
7.680e+01 1.352e-03 -1.479e-04
7.690e+01 1.619e-03 2.842e-03
7.700e+01 -1.570e-04 -2.425e-03
7.710e+01 -1.733e-03 1.626e-03
7.720e+01 3.196e-05 -8.655e-05
7.730e+01 -2.217e-03 4.989e-04
7.740e+01 -3.828e-03 1.272e-03
7.750e+01 -2.307e-03 6.185e-03
7.760e+01 -3.219e-03 5.563e-03
7.770e+01 -2.529e-03 1.432e-03
7.780e+01 5.791e-04 4.724e-03
7.790e+01 -2.732e-05 6.135e-03
7.800e+01 9.542e-04 5.151e-03
7.810e+01 -2.439e-03 6.711e-03
7.820e+01 3.032e-03 6.719e-03
7.830e+01 3.230e-04 9.743e-03
7.840e+01 -4.580e-03 1.282e-02
7.850e+01 -5.908e-03 1.052e-02
7.860e+01 -2.387e-03 1.072e-02
7.870e+01 -5.701e-04 5.730e-03
7.880e+01 -1.338e-03 5.347e-03
7.890e+01 -2.138e-03 5.595e-03
7.900e+01 -2.886e-03 6.794e-03
7.910e+01 -1.987e-03 8.722e-03
7.920e+01 -3.442e-03 5.198e-03
7.930e+01 -2.210e-03 7.269e-03
7.940e+01 1.495e-03 2.199e-03
7.950e+01 3.731e-04 5.114e-03
7.960e+01 -1.273e-03 6.264e-03
7.970e+01 -1.892e-03 7.236e-03
7.980e+01 -1.854e-04 7.699e-03
7.990e+01 -1.312e-03 6.969e-03
8.000e+01 -5.981e-05 5.968e-03
8.010e+01 2.686e-03 2.989e-03
8.020e+01 -1.298e-04 7.165e-03
8.030e+01 -3.055e-03 8.820e-03
8.040e+01 -2.771e-03 6.675e-03
8.050e+01 -2.463e-04 6.138e-03
8.060e+01 2.001e-03 4.892e-03
8.070e+01 -2.529e-03 6.610e-03
8.080e+01 -3.734e-04 6.801e-03
8.090e+01 -9.151e-04 3.285e-03
8.100e+01 -1.622e-03 3.477e-03
8.110e+01 1.374e-03 1.106e-03
8.120e+01 -1.705e-03 4.476e-03
8.130e+01 -7.305e-04 6.862e-03
8.140e+01 -3.653e-03 8.000e-03
8.150e+01 -1.265e-03 6.415e-03
8.160e+01 4.565e-03 5.791e-03
8.170e+01 7.260e-04 6.546e-03
8.180e+01 7.298e-03 6.053e-03
8.190e+01 8.757e-04 1.211e-02
8.200e+01 -4.814e-03 5.392e-03
8.210e+01 8.823e-03 4.683e-03
8.220e+01 -4.964e-05 1.285e-02
8.230e+01 -4.725e-03 9.384e-03
8.240e+01 -3.585e-04 4.378e-03
8.250e+01 -8.876e-03 1.039e-02
8.260e+01 -3.186e-03 1.083e-02
8.270e+01 -3.820e-03 5.597e-03
8.280e+01 -7.369e-04 -3.971e-03
8.290e+01 8.870e-04 1.252e-02
8.300e+01 -2.747e-03 1.892e-02
8.310e+01 -2.066e-03 1.441e-02
8.320e+01 -7.588e-03 1.054e-02
8.330e+01 -9.803e-03 6.384e-03
8.340e+01 -5.874e-03 4.568e-03
8.350e+01 -2.651e-03 7.373e-03
8.360e+01 -4.320e-03 1.040e-02
8.370e+01 -3.872e-03 1.042e-02
8.380e+01 -2.138e-03 1.968e-03
8.390e+01 -5.403e-03 1.721e-03
8.400e+01 -4.720e-03 7.203e-03
8.410e+01 -9.407e-03 4.137e-03
8.420e+01 -5.325e-03 -5.718e-03
8.430e+01 -2.628e-03 -7.395e-03
8.440e+01 -2.430e-03 -8.517e-03
8.450e+01 -4.327e-03 -2.616e-03
8.460e+01 -1.331e-03 4.802e-03
8.470e+01 -5.416e-04 -3.463e-03
8.480e+01 6.785e-03 -4.669e-03
8.490e+01 5.919e-04 -1.099e-02
8.500e+01 8.627e-04 -5.822e-03
8.510e+01 1.723e-03 -1.663e-04
8.520e+01 4.125e-04 -7.438e-04
8.530e+01 1.753e-03 3.463e-03
8.540e+01 8.850e-03 9.010e-03
8.550e+01 5.291e-03 7.585e-03
8.560e+01 2.536e-03 -6.614e-03
8.570e+01 2.746e-03 -4.662e-03
8.580e+01 2.426e-03 -1.543e-03
8.590e+01 9.040e-03 5.128e-03
8.600e+01 -2.891e-03 3.988e-03
8.610e+01 3.835e-03 -8.527e-04
8.620e+01 7.472e-04 2.292e-04
8.630e+01 -4.485e-03 -6.387e-03
8.640e+01 -4.711e-03 3.167e-03
8.650e+01 -8.286e-03 4.013e-03
8.660e+01 -2.945e-03 1.160e-02
8.670e+01 1.331e-02 7.725e-03
8.680e+01 1.113e-02 7.644e-03
8.690e+01 5.971e-03 1.379e-02
8.700e+01 8.633e-03 1.599e-02
8.710e+01 1.460e-02 1.695e-02
8.720e+01 1.805e-02 7.870e-03
8.730e+01 7.572e-03 1.165e-02
8.740e+01 6.058e-03 1.477e-02
8.750e+01 3.647e-03 1.713e-02
8.760e+01 4.934e-03 8.677e-03
8.770e+01 8.985e-03 1.154e-02
8.780e+01 1.096e-02 2.036e-02
8.790e+01 9.599e-03 2.071e-02
8.800e+01 6.243e-03 2.644e-02
8.810e+01 1.219e-02 2.220e-02
8.820e+01 7.896e-03 1.206e-02
8.830e+01 1.229e-02 4.680e-03
8.840e+01 1.338e-02 1.194e-02
8.850e+01 5.476e-03 1.028e-02
8.860e+01 1.032e-02 1.517e-02
8.870e+01 9.307e-03 1.833e-02
8.880e+01 4.645e-03 7.294e-03
8.890e+01 4.867e-03 1.123e-02
8.900e+01 1.454e-03 1.363e-02
8.910e+01 1.019e-02 2.115e-02
8.920e+01 1.568e-02 1.589e-02
8.930e+01 2.214e-02 1.622e-02
8.940e+01 1.236e-02 1.242e-02
8.950e+01 7.325e-03 1.251e-02
8.960e+01 4.146e-03 1.093e-02
8.970e+01 -5.555e-03 1.059e-02
8.980e+01 -2.057e-03 6.301e-03
8.990e+01 1.462e-03 1.132e-02
9.000e+01 5.272e-03 8.595e-03
9.010e+01 4.808e-04 2.902e-03
9.020e+01 8.660e-03 4.491e-03
9.030e+01 1.311e-02 6.080e-03
9.040e+01 4.439e-03 9.537e-03
9.050e+01 1.158e-03 5.272e-03
9.060e+01 2.831e-03 9.680e-03
9.070e+01 8.024e-03 5.118e-03
9.080e+01 6.904e-03 1.331e-03
9.090e+01 7.092e-03 4.549e-03
9.100e+01 6.748e-03 1.575e-03
9.110e+01 6.179e-03 3.970e-03
9.120e+01 1.045e-02 7.611e-03
9.130e+01 5.121e-03 7.750e-03
9.140e+01 8.894e-03 7.584e-03
9.150e+01 5.773e-03 -1.367e-03
9.160e+01 7.714e-03 -6.504e-04
9.170e+01 4.066e-03 -4.095e-03
9.180e+01 1.040e-03 -1.874e-04
9.190e+01 3.172e-04 -3.170e-03
9.200e+01 7.496e-03 -7.221e-04
9.210e+01 4.611e-03 2.481e-05
9.220e+01 3.461e-03 -2.224e-03
9.230e+01 5.505e-03 -9.449e-05
9.240e+01 9.108e-03 -4.535e-03
9.250e+01 4.725e-03 -9.904e-03
9.260e+01 4.500e-04 -5.142e-03
9.270e+01 1.694e-04 -7.411e-03
9.280e+01 3.648e-03 -1.875e-03
9.290e+01 4.538e-03 -7.376e-03
9.300e+01 1.767e-03 -4.414e-03
9.310e+01 2.031e-03 -2.260e-03
9.320e+01 5.317e-03 2.821e-03
9.330e+01 7.879e-03 3.811e-03
9.340e+01 7.644e-03 4.926e-04
9.350e+01 1.141e-02 2.073e-03
9.360e+01 1.316e-02 -2.819e-03
9.370e+01 1.197e-02 -4.564e-03
9.380e+01 1.292e-02 -5.036e-03
9.390e+01 1.331e-02 -7.389e-03
9.400e+01 1.395e-02 -6.179e-03
9.410e+01 1.397e-02 -4.403e-04
9.420e+01 9.683e-03 -1.281e-03
9.430e+01 7.724e-03 -4.127e-03
9.440e+01 3.478e-03 -5.789e-03
9.450e+01 3.517e-03 -5.219e-04
9.460e+01 6.666e-03 1.854e-05
9.470e+01 9.047e-03 -6.113e-03
9.480e+01 5.432e-03 -4.774e-03
9.490e+01 5.062e-03 -2.858e-03
9.500e+01 3.178e-03 -7.218e-03
9.510e+01 4.724e-03 -1.583e-02
9.520e+01 1.282e-03 -9.829e-03
9.530e+01 -4.540e-03 -1.184e-02
9.540e+01 -7.534e-04 -7.935e-03
9.550e+01 6.327e-03 -1.452e-02
9.560e+01 2.110e-03 -1.291e-02
9.570e+01 3.816e-03 -1.323e-02
9.580e+01 5.814e-03 -1.273e-02
9.590e+01 4.955e-03 -2.016e-03
9.600e+01 1.104e-02 -5.261e-03
9.610e+01 9.702e-03 -7.205e-03
9.620e+01 7.456e-03 -7.692e-03
9.630e+01 1.257e-02 -8.673e-03
9.640e+01 7.760e-03 -5.046e-03
9.650e+01 8.320e-03 -8.126e-03
9.660e+01 9.291e-03 -7.048e-03
9.670e+01 6.976e-03 -4.036e-03
9.680e+01 1.041e-02 -3.023e-03
9.690e+01 9.410e-03 -2.235e-03
9.700e+01 9.328e-03 -2.643e-03
9.710e+01 6.876e-03 -2.856e-03
9.720e+01 7.325e-03 5.810e-04
9.730e+01 1.474e-02 3.641e-03
9.740e+01 1.425e-02 4.550e-03
9.750e+01 1.283e-02 3.640e-03
9.760e+01 1.207e-02 2.970e-03
9.770e+01 1.124e-02 2.142e-03
9.780e+01 1.402e-02 1.045e-03
9.790e+01 1.364e-02 4.028e-04
9.800e+01 1.876e-02 2.657e-03
9.810e+01 1.667e-02 3.246e-03
9.820e+01 1.191e-02 -2.154e-05
9.830e+01 1.100e-02 1.673e-03
9.840e+01 6.813e-03 1.358e-03
9.850e+01 4.781e-03 -2.001e-03
9.860e+01 5.629e-03 -1.167e-04
9.870e+01 6.102e-03 -2.292e-03
9.880e+01 9.969e-03 -4.238e-03
9.890e+01 1.065e-02 1.170e-03
9.900e+01 9.921e-03 2.641e-03
9.910e+01 6.223e-03 2.076e-03
9.920e+01 5.425e-03 5.802e-03
9.930e+01 9.650e-03 1.351e-03
9.940e+01 1.509e-02 -8.454e-04
9.950e+01 8.886e-03 -1.118e-04
9.960e+01 9.142e-03 3.752e-03
9.970e+01 6.794e-03 2.027e-03
9.980e+01 6.599e-03 3.257e-03
9.990e+01 9.785e-03 -1.585e-03
