# Frequency (1.0/ps)      real(fft(F_0))
0.000e+00 1.059e+02
1.000e-02 6.020e+01
2.000e-02 3.661e+01
3.000e-02 2.190e+01
4.000e-02 1.659e+01
5.000e-02 8.381e+00
6.000e-02 5.640e+00
7.000e-02 5.434e+00
8.000e-02 -1.897e+00
9.000e-02 2.531e-01
1.000e-01 2.274e+00
1.100e-01 1.554e+00
1.200e-01 7.787e-01
1.300e-01 3.906e+00
1.400e-01 4.499e+00
1.500e-01 4.703e+00
1.600e-01 4.678e+00
1.700e-01 1.892e+00
1.800e-01 1.108e+00
1.900e-01 1.316e+00
2.000e-01 8.300e-01
2.100e-01 1.753e-01
2.200e-01 1.737e-01
2.300e-01 3.163e-02
2.400e-01 -8.225e-01
2.500e-01 2.208e+00
2.600e-01 1.306e+00
2.700e-01 9.132e-01
2.800e-01 9.273e-01
2.900e-01 4.767e-01
3.000e-01 6.671e-01
3.100e-01 6.957e-01
3.200e-01 1.209e+00
3.300e-01 7.050e-01
3.400e-01 1.152e+00
3.500e-01 1.820e+00
3.600e-01 1.328e+00
3.700e-01 1.352e+00
3.800e-01 4.657e-01
3.900e-01 1.067e+00
4.000e-01 1.624e-01
4.100e-01 1.091e+00
4.200e-01 7.765e-03
4.300e-01 1.397e-01
4.400e-01 9.603e-01
4.500e-01 5.322e-01
4.600e-01 1.012e+00
4.700e-01 1.357e+00
4.800e-01 7.733e-01
4.900e-01 9.874e-01
5.000e-01 4.166e-01
5.100e-01 8.114e-01
5.200e-01 1.327e+00
5.300e-01 1.837e-02
5.400e-01 -2.865e-01
5.500e-01 7.679e-01
5.600e-01 -1.923e-02
5.700e-01 -4.761e-01
5.800e-01 -1.618e-01
5.900e-01 -9.341e-02
6.000e-01 9.383e-01
6.100e-01 3.567e-01
6.200e-01 1.391e+00
6.300e-01 9.427e-01
6.400e-01 1.125e+00
6.500e-01 1.013e+00
6.600e-01 1.914e+00
6.700e-01 1.154e+00
6.800e-01 7.001e-01
6.900e-01 8.926e-01
7.000e-01 3.207e-01
7.100e-01 4.911e-01
7.200e-01 3.326e-01
7.300e-01 6.127e-01
7.400e-01 8.688e-01
7.500e-01 1.286e+00
7.600e-01 1.389e+00
7.700e-01 1.487e+00
7.800e-01 9.002e-01
7.900e-01 1.242e+00
8.000e-01 8.858e-01
8.100e-01 1.942e-01
8.200e-01 5.435e-01
8.300e-01 8.629e-01
8.400e-01 -2.251e-01
8.500e-01 8.632e-02
8.600e-01 1.295e+00
8.700e-01 4.979e-01
8.800e-01 8.832e-01
8.900e-01 3.462e-01
9.000e-01 8.648e-01
9.100e-01 5.545e-01
9.200e-01 7.599e-01
9.300e-01 8.262e-01
9.400e-01 1.363e-01
9.500e-01 1.076e+00
9.600e-01 8.721e-01
9.700e-01 -1.872e-01
9.800e-01 7.784e-01
9.900e-01 1.230e+00
1.000e+00 8.770e-01
1.010e+00 6.692e-01
1.020e+00 9.856e-01
1.030e+00 7.655e-01
1.040e+00 1.655e+00
1.050e+00 1.350e+00
1.060e+00 1.779e+00
1.070e+00 1.440e+00
1.080e+00 7.195e-01
1.090e+00 2.295e-01
1.100e+00 6.782e-01
1.110e+00 7.070e-01
1.120e+00 3.863e-01
1.130e+00 5.148e-01
1.140e+00 2.646e-01
1.150e+00 2.353e-01
1.160e+00 7.628e-01
1.170e+00 5.296e-01
1.180e+00 9.282e-01
1.190e+00 1.287e+00
1.200e+00 1.437e+00
1.210e+00 4.660e-01
1.220e+00 5.028e-01
1.230e+00 6.695e-01
1.240e+00 6.657e-01
1.250e+00 3.657e-01
1.260e+00 5.702e-01
1.270e+00 6.162e-01
1.280e+00 3.172e-01
1.290e+00 3.119e-01
1.300e+00 1.006e+00
1.310e+00 8.671e-01
1.320e+00 9.135e-01
1.330e+00 1.861e+00
1.340e+00 5.595e-01
1.350e+00 7.007e-01
1.360e+00 5.428e-01
1.370e+00 8.632e-01
1.380e+00 3.855e-01
1.390e+00 6.354e-01
1.400e+00 9.299e-01
1.410e+00 2.837e-01
1.420e+00 3.089e-01
1.430e+00 1.117e-01
1.440e+00 -6.925e-02
1.450e+00 1.782e-01
1.460e+00 -1.289e-01
1.470e+00 1.561e-01
1.480e+00 9.344e-01
1.490e+00 1.353e+00
1.500e+00 1.297e+00
1.510e+00 7.408e-01
1.520e+00 1.181e+00
1.530e+00 1.249e+00
1.540e+00 8.403e-01
1.550e+00 1.024e+00
1.560e+00 1.344e+00
1.570e+00 6.683e-01
1.580e+00 2.219e-01
1.590e+00 6.270e-01
1.600e+00 1.113e+00
1.610e+00 6.312e-01
1.620e+00 4.078e-01
1.630e+00 2.761e-01
1.640e+00 5.992e-01
1.650e+00 2.439e-01
1.660e+00 -4.642e-02
1.670e+00 5.176e-02
1.680e+00 5.268e-01
1.690e+00 4.798e-01
1.700e+00 -1.222e-01
1.710e+00 -6.009e-01
1.720e+00 -9.462e-02
1.730e+00 6.001e-01
1.740e+00 1.066e+00
1.750e+00 5.250e-01
1.760e+00 4.658e-01
1.770e+00 7.398e-01
1.780e+00 8.040e-01
1.790e+00 3.464e-01
1.800e+00 8.138e-01
1.810e+00 5.038e-01
1.820e+00 9.699e-01
1.830e+00 2.856e-01
1.840e+00 1.084e-01
1.850e+00 8.896e-02
1.860e+00 1.630e-01
1.870e+00 5.423e-01
1.880e+00 4.628e-01
1.890e+00 1.917e-01
1.900e+00 1.909e-01
1.910e+00 -1.089e-01
1.920e+00 4.129e-01
1.930e+00 1.056e+00
1.940e+00 7.562e-01
1.950e+00 1.583e-01
1.960e+00 8.884e-01
1.970e+00 7.531e-01
1.980e+00 2.280e-01
1.990e+00 3.229e-01
2.000e+00 3.230e-01
2.010e+00 3.030e-01
2.020e+00 3.130e-01
2.030e+00 8.030e-01
2.040e+00 6.236e-01
2.050e+00 7.202e-01
2.060e+00 7.112e-01
2.070e+00 3.697e-01
2.080e+00 3.361e-01
2.090e+00 -2.947e-01
2.100e+00 4.367e-01
2.110e+00 4.467e-01
2.120e+00 5.542e-01
2.130e+00 8.533e-01
2.140e+00 5.025e-01
2.150e+00 2.605e-01
2.160e+00 4.647e-01
2.170e+00 8.783e-01
2.180e+00 5.525e-01
2.190e+00 2.497e-01
2.200e+00 1.812e-01
2.210e+00 4.417e-01
2.220e+00 1.436e-01
2.230e+00 5.068e-01
2.240e+00 7.388e-01
2.250e+00 6.491e-01
2.260e+00 5.092e-01
2.270e+00 4.009e-01
2.280e+00 6.124e-01
2.290e+00 4.299e-01
2.300e+00 1.091e-01
2.310e+00 3.312e-01
2.320e+00 1.415e-01
2.330e+00 2.255e-01
2.340e+00 5.187e-01
2.350e+00 6.720e-01
2.360e+00 7.339e-01
2.370e+00 4.902e-01
2.380e+00 7.240e-01
2.390e+00 6.617e-01
2.400e+00 7.274e-01
2.410e+00 7.784e-02
2.420e+00 4.888e-01
2.430e+00 3.277e-01
2.440e+00 2.672e-01
2.450e+00 5.780e-01
2.460e+00 5.324e-01
2.470e+00 7.448e-02
2.480e+00 2.618e-01
2.490e+00 4.637e-01
2.500e+00 7.254e-01
2.510e+00 4.518e-01
2.520e+00 3.280e-01
2.530e+00 7.298e-01
2.540e+00 4.594e-01
2.550e+00 5.378e-01
2.560e+00 3.889e-01
2.570e+00 4.295e-01
2.580e+00 3.688e-01
2.590e+00 5.401e-01
2.600e+00 1.146e+00
2.610e+00 6.623e-01
2.620e+00 7.528e-01
2.630e+00 9.422e-01
2.640e+00 1.109e+00
2.650e+00 1.004e+00
2.660e+00 8.056e-01
2.670e+00 3.685e-01
2.680e+00 2.790e-01
2.690e+00 5.333e-01
2.700e+00 3.888e-01
2.710e+00 8.549e-01
2.720e+00 7.432e-01
2.730e+00 6.844e-01
2.740e+00 7.578e-01
2.750e+00 7.191e-01
2.760e+00 9.983e-01
2.770e+00 3.163e-01
2.780e+00 2.439e-01
2.790e+00 1.337e-01
2.800e+00 -6.365e-02
2.810e+00 2.967e-01
2.820e+00 5.504e-01
2.830e+00 5.863e-01
2.840e+00 3.510e-01
2.850e+00 4.339e-01
2.860e+00 1.234e-01
2.870e+00 2.584e-01
2.880e+00 1.961e-01
2.890e+00 3.292e-01
2.900e+00 -2.435e-01
2.910e+00 2.183e-01
2.920e+00 2.828e-01
2.930e+00 1.430e-01
2.940e+00 2.452e-01
2.950e+00 1.159e-01
2.960e+00 8.424e-02
2.970e+00 2.045e-01
2.980e+00 8.256e-01
2.990e+00 7.042e-01
3.000e+00 4.404e-01
3.010e+00 4.922e-01
3.020e+00 2.315e-01
3.030e+00 2.559e-01
3.040e+00 5.721e-01
3.050e+00 5.244e-01
3.060e+00 4.293e-01
3.070e+00 1.959e-01
3.080e+00 3.389e-01
3.090e+00 3.606e-01
3.100e+00 1.856e-01
3.110e+00 4.583e-01
3.120e+00 4.906e-01
3.130e+00 2.724e-01
3.140e+00 3.928e-01
3.150e+00 4.586e-01
3.160e+00 1.710e-01
3.170e+00 5.251e-01
3.180e+00 4.691e-01
3.190e+00 2.570e-01
3.200e+00 -2.707e-02
3.210e+00 2.607e-02
3.220e+00 2.011e-01
3.230e+00 4.190e-01
3.240e+00 2.391e-01
3.250e+00 2.882e-01
3.260e+00 3.429e-01
3.270e+00 7.353e-01
3.280e+00 4.700e-01
3.290e+00 3.341e-01
3.300e+00 6.016e-01
3.310e+00 6.089e-01
3.320e+00 8.061e-01
3.330e+00 9.787e-01
3.340e+00 9.597e-01
3.350e+00 7.871e-01
3.360e+00 6.690e-01
3.370e+00 4.805e-01
3.380e+00 6.547e-01
3.390e+00 9.506e-01
3.400e+00 5.028e-01
3.410e+00 6.182e-02
3.420e+00 3.665e-01
3.430e+00 4.499e-01
3.440e+00 3.672e-01
3.450e+00 3.308e-01
3.460e+00 3.865e-01
3.470e+00 6.596e-01
3.480e+00 6.006e-01
3.490e+00 4.062e-01
3.500e+00 4.171e-01
3.510e+00 4.437e-01
3.520e+00 6.460e-01
3.530e+00 3.692e-01
3.540e+00 5.320e-01
3.550e+00 4.711e-01
3.560e+00 6.555e-01
3.570e+00 7.070e-01
3.580e+00 7.090e-01
3.590e+00 7.012e-01
3.600e+00 5.643e-01
3.610e+00 4.440e-01
3.620e+00 4.018e-01
3.630e+00 8.786e-01
3.640e+00 1.004e+00
3.650e+00 7.951e-01
3.660e+00 1.002e+00
3.670e+00 8.395e-01
3.680e+00 3.562e-01
3.690e+00 5.475e-01
3.700e+00 7.075e-01
3.710e+00 7.683e-01
3.720e+00 8.149e-01
3.730e+00 7.065e-01
3.740e+00 3.374e-01
3.750e+00 4.008e-01
3.760e+00 5.451e-01
3.770e+00 2.735e-01
3.780e+00 3.601e-01
3.790e+00 4.227e-01
3.800e+00 6.001e-01
3.810e+00 4.787e-01
3.820e+00 6.458e-01
3.830e+00 8.843e-01
3.840e+00 6.267e-01
3.850e+00 8.216e-01
3.860e+00 1.162e+00
3.870e+00 8.478e-01
3.880e+00 5.061e-01
3.890e+00 5.785e-01
3.900e+00 5.367e-01
3.910e+00 6.901e-01
3.920e+00 4.903e-01
3.930e+00 4.406e-01
3.940e+00 5.035e-01
3.950e+00 2.660e-01
3.960e+00 5.052e-01
3.970e+00 7.156e-01
3.980e+00 8.350e-01
3.990e+00 1.059e+00
4.000e+00 5.201e-01
4.010e+00 6.289e-01
4.020e+00 3.749e-01
4.030e+00 5.584e-01
4.040e+00 4.737e-01
4.050e+00 5.556e-01
4.060e+00 3.819e-01
4.070e+00 5.076e-01
4.080e+00 4.948e-01
4.090e+00 6.731e-01
4.100e+00 8.485e-01
4.110e+00 3.332e-01
4.120e+00 5.272e-01
4.130e+00 6.983e-01
4.140e+00 4.108e-01
4.150e+00 6.037e-01
4.160e+00 6.223e-01
4.170e+00 2.527e-01
4.180e+00 5.224e-01
4.190e+00 2.914e-01
4.200e+00 6.210e-01
4.210e+00 -3.390e-03
4.220e+00 3.326e-01
4.230e+00 1.501e-01
4.240e+00 4.602e-01
4.250e+00 7.084e-01
4.260e+00 8.721e-01
4.270e+00 8.614e-01
4.280e+00 4.879e-01
4.290e+00 8.376e-01
4.300e+00 9.890e-01
4.310e+00 4.980e-01
4.320e+00 4.230e-01
4.330e+00 2.017e-01
4.340e+00 4.416e-01
4.350e+00 5.646e-01
4.360e+00 5.118e-01
4.370e+00 5.950e-01
4.380e+00 2.964e-01
4.390e+00 3.827e-01
4.400e+00 2.469e-01
4.410e+00 3.753e-01
4.420e+00 5.363e-01
4.430e+00 1.005e+00
4.440e+00 3.566e-01
4.450e+00 4.635e-01
4.460e+00 8.483e-01
4.470e+00 7.030e-01
4.480e+00 5.728e-01
4.490e+00 5.523e-01
4.500e+00 1.954e-01
4.510e+00 6.622e-01
4.520e+00 8.426e-01
4.530e+00 7.876e-01
4.540e+00 8.465e-02
4.550e+00 5.065e-01
4.560e+00 2.720e-01
4.570e+00 4.836e-03
4.580e+00 5.118e-01
4.590e+00 4.308e-01
4.600e+00 2.445e-01
4.610e+00 3.305e-01
4.620e+00 3.112e-01
4.630e+00 3.410e-01
4.640e+00 6.515e-01
4.650e+00 6.522e-01
4.660e+00 4.847e-01
4.670e+00 7.693e-01
4.680e+00 4.298e-01
4.690e+00 7.783e-01
4.700e+00 7.281e-01
4.710e+00 5.493e-01
4.720e+00 1.642e-01
4.730e+00 4.285e-01
4.740e+00 5.868e-01
4.750e+00 2.291e-01
4.760e+00 2.189e-01
4.770e+00 4.956e-01
4.780e+00 2.291e-01
4.790e+00 5.209e-01
4.800e+00 6.556e-01
4.810e+00 4.778e-01
4.820e+00 7.076e-01
4.830e+00 4.266e-01
4.840e+00 4.179e-01
4.850e+00 4.787e-01
4.860e+00 6.097e-01
4.870e+00 2.134e-01
4.880e+00 3.142e-01
4.890e+00 4.019e-01
4.900e+00 6.101e-01
4.910e+00 3.251e-01
4.920e+00 3.273e-01
4.930e+00 4.930e-01
4.940e+00 5.365e-01
4.950e+00 4.465e-01
4.960e+00 7.227e-01
4.970e+00 4.036e-01
4.980e+00 1.996e-01
4.990e+00 2.208e-01
-5.000e+00 5.366e-01
-4.990e+00 2.208e-01
-4.980e+00 1.996e-01
-4.970e+00 4.036e-01
-4.960e+00 7.227e-01
-4.950e+00 4.465e-01
-4.940e+00 5.365e-01
-4.930e+00 4.930e-01
-4.920e+00 3.273e-01
-4.910e+00 3.251e-01
-4.900e+00 6.101e-01
-4.890e+00 4.019e-01
-4.880e+00 3.142e-01
-4.870e+00 2.134e-01
-4.860e+00 6.097e-01
-4.850e+00 4.787e-01
-4.840e+00 4.179e-01
-4.830e+00 4.266e-01
-4.820e+00 7.076e-01
-4.810e+00 4.778e-01
-4.800e+00 6.556e-01
-4.790e+00 5.209e-01
-4.780e+00 2.291e-01
-4.770e+00 4.956e-01
-4.760e+00 2.189e-01
-4.750e+00 2.291e-01
-4.740e+00 5.868e-01
-4.730e+00 4.285e-01
-4.720e+00 1.642e-01
-4.710e+00 5.493e-01
-4.700e+00 7.281e-01
-4.690e+00 7.783e-01
-4.680e+00 4.298e-01
-4.670e+00 7.693e-01
-4.660e+00 4.847e-01
-4.650e+00 6.522e-01
-4.640e+00 6.515e-01
-4.630e+00 3.410e-01
-4.620e+00 3.112e-01
-4.610e+00 3.305e-01
-4.600e+00 2.445e-01
-4.590e+00 4.308e-01
-4.580e+00 5.118e-01
-4.570e+00 4.836e-03
-4.560e+00 2.720e-01
-4.550e+00 5.065e-01
-4.540e+00 8.465e-02
-4.530e+00 7.876e-01
-4.520e+00 8.426e-01
-4.510e+00 6.622e-01
-4.500e+00 1.954e-01
-4.490e+00 5.523e-01
-4.480e+00 5.728e-01
-4.470e+00 7.030e-01
-4.460e+00 8.483e-01
-4.450e+00 4.635e-01
-4.440e+00 3.566e-01
-4.430e+00 1.005e+00
-4.420e+00 5.363e-01
-4.410e+00 3.753e-01
-4.400e+00 2.469e-01
-4.390e+00 3.827e-01
-4.380e+00 2.964e-01
-4.370e+00 5.950e-01
-4.360e+00 5.118e-01
-4.350e+00 5.646e-01
-4.340e+00 4.416e-01
-4.330e+00 2.017e-01
-4.320e+00 4.230e-01
-4.310e+00 4.980e-01
-4.300e+00 9.890e-01
-4.290e+00 8.376e-01
-4.280e+00 4.879e-01
-4.270e+00 8.614e-01
-4.260e+00 8.721e-01
-4.250e+00 7.084e-01
-4.240e+00 4.602e-01
-4.230e+00 1.501e-01
-4.220e+00 3.326e-01
-4.210e+00 -3.390e-03
-4.200e+00 6.210e-01
-4.190e+00 2.914e-01
-4.180e+00 5.224e-01
-4.170e+00 2.527e-01
-4.160e+00 6.223e-01
-4.150e+00 6.037e-01
-4.140e+00 4.108e-01
-4.130e+00 6.983e-01
-4.120e+00 5.272e-01
-4.110e+00 3.332e-01
-4.100e+00 8.485e-01
-4.090e+00 6.731e-01
-4.080e+00 4.948e-01
-4.070e+00 5.076e-01
-4.060e+00 3.819e-01
-4.050e+00 5.556e-01
-4.040e+00 4.737e-01
-4.030e+00 5.584e-01
-4.020e+00 3.749e-01
-4.010e+00 6.289e-01
-4.000e+00 5.201e-01
-3.990e+00 1.059e+00
-3.980e+00 8.350e-01
-3.970e+00 7.156e-01
-3.960e+00 5.052e-01
-3.950e+00 2.660e-01
-3.940e+00 5.035e-01
-3.930e+00 4.406e-01
-3.920e+00 4.903e-01
-3.910e+00 6.901e-01
-3.900e+00 5.367e-01
-3.890e+00 5.785e-01
-3.880e+00 5.061e-01
-3.870e+00 8.478e-01
-3.860e+00 1.162e+00
-3.850e+00 8.216e-01
-3.840e+00 6.267e-01
-3.830e+00 8.843e-01
-3.820e+00 6.458e-01
-3.810e+00 4.787e-01
-3.800e+00 6.001e-01
-3.790e+00 4.227e-01
-3.780e+00 3.601e-01
-3.770e+00 2.735e-01
-3.760e+00 5.451e-01
-3.750e+00 4.008e-01
-3.740e+00 3.374e-01
-3.730e+00 7.065e-01
-3.720e+00 8.149e-01
-3.710e+00 7.683e-01
-3.700e+00 7.075e-01
-3.690e+00 5.475e-01
-3.680e+00 3.562e-01
-3.670e+00 8.395e-01
-3.660e+00 1.002e+00
-3.650e+00 7.951e-01
-3.640e+00 1.004e+00
-3.630e+00 8.786e-01
-3.620e+00 4.018e-01
-3.610e+00 4.440e-01
-3.600e+00 5.643e-01
-3.590e+00 7.012e-01
-3.580e+00 7.090e-01
-3.570e+00 7.070e-01
-3.560e+00 6.555e-01
-3.550e+00 4.711e-01
-3.540e+00 5.320e-01
-3.530e+00 3.692e-01
-3.520e+00 6.460e-01
-3.510e+00 4.437e-01
-3.500e+00 4.171e-01
-3.490e+00 4.062e-01
-3.480e+00 6.006e-01
-3.470e+00 6.596e-01
-3.460e+00 3.865e-01
-3.450e+00 3.308e-01
-3.440e+00 3.672e-01
-3.430e+00 4.499e-01
-3.420e+00 3.665e-01
-3.410e+00 6.182e-02
-3.400e+00 5.028e-01
-3.390e+00 9.506e-01
-3.380e+00 6.547e-01
-3.370e+00 4.805e-01
-3.360e+00 6.690e-01
-3.350e+00 7.871e-01
-3.340e+00 9.597e-01
-3.330e+00 9.787e-01
-3.320e+00 8.061e-01
-3.310e+00 6.089e-01
-3.300e+00 6.016e-01
-3.290e+00 3.341e-01
-3.280e+00 4.700e-01
-3.270e+00 7.353e-01
-3.260e+00 3.429e-01
-3.250e+00 2.882e-01
-3.240e+00 2.391e-01
-3.230e+00 4.190e-01
-3.220e+00 2.011e-01
-3.210e+00 2.607e-02
-3.200e+00 -2.707e-02
-3.190e+00 2.570e-01
-3.180e+00 4.691e-01
-3.170e+00 5.251e-01
-3.160e+00 1.710e-01
-3.150e+00 4.586e-01
-3.140e+00 3.928e-01
-3.130e+00 2.724e-01
-3.120e+00 4.906e-01
-3.110e+00 4.583e-01
-3.100e+00 1.856e-01
-3.090e+00 3.606e-01
-3.080e+00 3.389e-01
-3.070e+00 1.959e-01
-3.060e+00 4.293e-01
-3.050e+00 5.244e-01
-3.040e+00 5.721e-01
-3.030e+00 2.559e-01
-3.020e+00 2.315e-01
-3.010e+00 4.922e-01
-3.000e+00 4.404e-01
-2.990e+00 7.042e-01
-2.980e+00 8.256e-01
-2.970e+00 2.045e-01
-2.960e+00 8.424e-02
-2.950e+00 1.159e-01
-2.940e+00 2.452e-01
-2.930e+00 1.430e-01
-2.920e+00 2.828e-01
-2.910e+00 2.183e-01
-2.900e+00 -2.435e-01
-2.890e+00 3.292e-01
-2.880e+00 1.961e-01
-2.870e+00 2.584e-01
-2.860e+00 1.234e-01
-2.850e+00 4.339e-01
-2.840e+00 3.510e-01
-2.830e+00 5.863e-01
-2.820e+00 5.504e-01
-2.810e+00 2.967e-01
-2.800e+00 -6.365e-02
-2.790e+00 1.337e-01
-2.780e+00 2.439e-01
-2.770e+00 3.163e-01
-2.760e+00 9.983e-01
-2.750e+00 7.191e-01
-2.740e+00 7.578e-01
-2.730e+00 6.844e-01
-2.720e+00 7.432e-01
-2.710e+00 8.549e-01
-2.700e+00 3.888e-01
-2.690e+00 5.333e-01
-2.680e+00 2.790e-01
-2.670e+00 3.685e-01
-2.660e+00 8.056e-01
-2.650e+00 1.004e+00
-2.640e+00 1.109e+00
-2.630e+00 9.422e-01
-2.620e+00 7.528e-01
-2.610e+00 6.623e-01
-2.600e+00 1.146e+00
-2.590e+00 5.401e-01
-2.580e+00 3.688e-01
-2.570e+00 4.295e-01
-2.560e+00 3.889e-01
-2.550e+00 5.378e-01
-2.540e+00 4.594e-01
-2.530e+00 7.298e-01
-2.520e+00 3.280e-01
-2.510e+00 4.518e-01
-2.500e+00 7.254e-01
-2.490e+00 4.637e-01
-2.480e+00 2.618e-01
-2.470e+00 7.448e-02
-2.460e+00 5.324e-01
-2.450e+00 5.780e-01
-2.440e+00 2.672e-01
-2.430e+00 3.277e-01
-2.420e+00 4.888e-01
-2.410e+00 7.784e-02
-2.400e+00 7.274e-01
-2.390e+00 6.617e-01
-2.380e+00 7.240e-01
-2.370e+00 4.902e-01
-2.360e+00 7.339e-01
-2.350e+00 6.720e-01
-2.340e+00 5.187e-01
-2.330e+00 2.255e-01
-2.320e+00 1.415e-01
-2.310e+00 3.312e-01
-2.300e+00 1.091e-01
-2.290e+00 4.299e-01
-2.280e+00 6.124e-01
-2.270e+00 4.009e-01
-2.260e+00 5.092e-01
-2.250e+00 6.491e-01
-2.240e+00 7.388e-01
-2.230e+00 5.068e-01
-2.220e+00 1.436e-01
-2.210e+00 4.417e-01
-2.200e+00 1.812e-01
-2.190e+00 2.497e-01
-2.180e+00 5.525e-01
-2.170e+00 8.783e-01
-2.160e+00 4.647e-01
-2.150e+00 2.605e-01
-2.140e+00 5.025e-01
-2.130e+00 8.533e-01
-2.120e+00 5.542e-01
-2.110e+00 4.467e-01
-2.100e+00 4.367e-01
-2.090e+00 -2.947e-01
-2.080e+00 3.361e-01
-2.070e+00 3.697e-01
-2.060e+00 7.112e-01
-2.050e+00 7.202e-01
-2.040e+00 6.236e-01
-2.030e+00 8.030e-01
-2.020e+00 3.130e-01
-2.010e+00 3.030e-01
-2.000e+00 3.230e-01
-1.990e+00 3.229e-01
-1.980e+00 2.280e-01
-1.970e+00 7.531e-01
-1.960e+00 8.884e-01
-1.950e+00 1.583e-01
-1.940e+00 7.562e-01
-1.930e+00 1.056e+00
-1.920e+00 4.129e-01
-1.910e+00 -1.089e-01
-1.900e+00 1.909e-01
-1.890e+00 1.917e-01
-1.880e+00 4.628e-01
-1.870e+00 5.423e-01
-1.860e+00 1.630e-01
-1.850e+00 8.896e-02
-1.840e+00 1.084e-01
-1.830e+00 2.856e-01
-1.820e+00 9.699e-01
-1.810e+00 5.038e-01
-1.800e+00 8.138e-01
-1.790e+00 3.464e-01
-1.780e+00 8.040e-01
-1.770e+00 7.398e-01
-1.760e+00 4.658e-01
-1.750e+00 5.250e-01
-1.740e+00 1.066e+00
-1.730e+00 6.001e-01
-1.720e+00 -9.462e-02
-1.710e+00 -6.009e-01
-1.700e+00 -1.222e-01
-1.690e+00 4.798e-01
-1.680e+00 5.268e-01
-1.670e+00 5.176e-02
-1.660e+00 -4.642e-02
-1.650e+00 2.439e-01
-1.640e+00 5.992e-01
-1.630e+00 2.761e-01
-1.620e+00 4.078e-01
-1.610e+00 6.312e-01
-1.600e+00 1.113e+00
-1.590e+00 6.270e-01
-1.580e+00 2.219e-01
-1.570e+00 6.683e-01
-1.560e+00 1.344e+00
-1.550e+00 1.024e+00
-1.540e+00 8.403e-01
-1.530e+00 1.249e+00
-1.520e+00 1.181e+00
-1.510e+00 7.408e-01
-1.500e+00 1.297e+00
-1.490e+00 1.353e+00
-1.480e+00 9.344e-01
-1.470e+00 1.561e-01
-1.460e+00 -1.289e-01
-1.450e+00 1.782e-01
-1.440e+00 -6.925e-02
-1.430e+00 1.117e-01
-1.420e+00 3.089e-01
-1.410e+00 2.837e-01
-1.400e+00 9.299e-01
-1.390e+00 6.354e-01
-1.380e+00 3.855e-01
-1.370e+00 8.632e-01
-1.360e+00 5.428e-01
-1.350e+00 7.007e-01
-1.340e+00 5.595e-01
-1.330e+00 1.861e+00
-1.320e+00 9.135e-01
-1.310e+00 8.671e-01
-1.300e+00 1.006e+00
-1.290e+00 3.119e-01
-1.280e+00 3.172e-01
-1.270e+00 6.162e-01
-1.260e+00 5.702e-01
-1.250e+00 3.657e-01
-1.240e+00 6.657e-01
-1.230e+00 6.695e-01
-1.220e+00 5.028e-01
-1.210e+00 4.660e-01
-1.200e+00 1.437e+00
-1.190e+00 1.287e+00
-1.180e+00 9.282e-01
-1.170e+00 5.296e-01
-1.160e+00 7.628e-01
-1.150e+00 2.353e-01
-1.140e+00 2.646e-01
-1.130e+00 5.148e-01
-1.120e+00 3.863e-01
-1.110e+00 7.070e-01
-1.100e+00 6.782e-01
-1.090e+00 2.295e-01
-1.080e+00 7.195e-01
-1.070e+00 1.440e+00
-1.060e+00 1.779e+00
-1.050e+00 1.350e+00
-1.040e+00 1.655e+00
-1.030e+00 7.655e-01
-1.020e+00 9.856e-01
-1.010e+00 6.692e-01
-1.000e+00 8.770e-01
-9.900e-01 1.230e+00
-9.800e-01 7.784e-01
-9.700e-01 -1.872e-01
-9.600e-01 8.721e-01
-9.500e-01 1.076e+00
-9.400e-01 1.363e-01
-9.300e-01 8.262e-01
-9.200e-01 7.599e-01
-9.100e-01 5.545e-01
-9.000e-01 8.648e-01
-8.900e-01 3.462e-01
-8.800e-01 8.832e-01
-8.700e-01 4.979e-01
-8.600e-01 1.295e+00
-8.500e-01 8.632e-02
-8.400e-01 -2.251e-01
-8.300e-01 8.629e-01
-8.200e-01 5.435e-01
-8.100e-01 1.942e-01
-8.000e-01 8.858e-01
-7.900e-01 1.242e+00
-7.800e-01 9.002e-01
-7.700e-01 1.487e+00
-7.600e-01 1.389e+00
-7.500e-01 1.286e+00
-7.400e-01 8.688e-01
-7.300e-01 6.127e-01
-7.200e-01 3.326e-01
-7.100e-01 4.911e-01
-7.000e-01 3.207e-01
-6.900e-01 8.926e-01
-6.800e-01 7.001e-01
-6.700e-01 1.154e+00
-6.600e-01 1.914e+00
-6.500e-01 1.013e+00
-6.400e-01 1.125e+00
-6.300e-01 9.427e-01
-6.200e-01 1.391e+00
-6.100e-01 3.567e-01
-6.000e-01 9.383e-01
-5.900e-01 -9.341e-02
-5.800e-01 -1.618e-01
-5.700e-01 -4.761e-01
-5.600e-01 -1.923e-02
-5.500e-01 7.679e-01
-5.400e-01 -2.865e-01
-5.300e-01 1.837e-02
-5.200e-01 1.327e+00
-5.100e-01 8.114e-01
-5.000e-01 4.166e-01
-4.900e-01 9.874e-01
-4.800e-01 7.733e-01
-4.700e-01 1.357e+00
-4.600e-01 1.012e+00
-4.500e-01 5.322e-01
-4.400e-01 9.603e-01
-4.300e-01 1.397e-01
-4.200e-01 7.765e-03
-4.100e-01 1.091e+00
-4.000e-01 1.624e-01
-3.900e-01 1.067e+00
-3.800e-01 4.657e-01
-3.700e-01 1.352e+00
-3.600e-01 1.328e+00
-3.500e-01 1.820e+00
-3.400e-01 1.152e+00
-3.300e-01 7.050e-01
-3.200e-01 1.209e+00
-3.100e-01 6.957e-01
-3.000e-01 6.671e-01
-2.900e-01 4.767e-01
-2.800e-01 9.273e-01
-2.700e-01 9.132e-01
-2.600e-01 1.306e+00
-2.500e-01 2.208e+00
-2.400e-01 -8.225e-01
-2.300e-01 3.163e-02
-2.200e-01 1.737e-01
-2.100e-01 1.753e-01
-2.000e-01 8.300e-01
-1.900e-01 1.316e+00
-1.800e-01 1.108e+00
-1.700e-01 1.892e+00
-1.600e-01 4.678e+00
-1.500e-01 4.703e+00
-1.400e-01 4.499e+00
-1.300e-01 3.906e+00
-1.200e-01 7.787e-01
-1.100e-01 1.554e+00
-1.000e-01 2.274e+00
-9.000e-02 2.531e-01
-8.000e-02 -1.897e+00
-7.000e-02 5.434e+00
-6.000e-02 5.640e+00
-5.000e-02 8.381e+00
-4.000e-02 1.659e+01
-3.000e-02 2.190e+01
-2.000e-02 3.661e+01
-1.000e-02 6.020e+01
