# Frequency (1.0/ps)      real(fft(F_2))
0.000e+00 2.365e+02
1.000e-02 4.270e+01
2.000e-02 1.994e+01
3.000e-02 1.760e+01
4.000e-02 8.346e+00
5.000e-02 7.260e+00
6.000e-02 2.536e+00
7.000e-02 6.623e+00
8.000e-02 5.050e+00
9.000e-02 4.812e+00
1.000e-01 5.212e+00
1.100e-01 5.232e+00
1.200e-01 2.823e+00
1.300e-01 3.751e+00
1.400e-01 2.779e+00
1.500e-01 1.866e+00
1.600e-01 3.276e+00
1.700e-01 2.372e+00
1.800e-01 1.794e+00
1.900e-01 1.960e+00
2.000e-01 2.729e+00
2.100e-01 1.537e+00
2.200e-01 1.528e+00
2.300e-01 1.170e+00
2.400e-01 1.040e+00
2.500e-01 9.819e-01
2.600e-01 1.154e+00
2.700e-01 2.557e+00
2.800e-01 1.160e+00
2.900e-01 7.558e-01
3.000e-01 1.868e-01
3.100e-01 1.065e+00
3.200e-01 8.785e-01
3.300e-01 5.464e-01
3.400e-01 9.661e-01
3.500e-01 5.611e-01
3.600e-01 2.356e+00
3.700e-01 1.009e+00
3.800e-01 9.750e-01
3.900e-01 3.914e-01
4.000e-01 1.963e-01
4.100e-01 3.971e-01
4.200e-01 8.162e-01
4.300e-01 -1.504e-01
4.400e-01 2.003e+00
4.500e-01 9.516e-01
4.600e-01 7.547e-01
4.700e-01 1.140e+00
4.800e-01 5.622e-01
4.900e-01 1.107e+00
5.000e-01 2.061e+00
5.100e-01 9.766e-01
5.200e-01 1.048e+00
5.300e-01 5.538e-01
5.400e-01 3.836e-01
5.500e-01 5.502e-01
5.600e-01 9.798e-01
5.700e-01 3.938e-01
5.800e-01 7.043e-01
5.900e-01 -1.071e-01
6.000e-01 1.001e+00
6.100e-01 1.654e+00
6.200e-01 2.370e+00
6.300e-01 2.486e+00
6.400e-01 3.994e-01
6.500e-01 1.131e+00
6.600e-01 1.827e+00
6.700e-01 5.757e-01
6.800e-01 5.668e-01
6.900e-01 1.167e+00
7.000e-01 1.999e+00
7.100e-01 8.272e-01
7.200e-01 5.892e-01
7.300e-01 1.104e+00
7.400e-01 3.886e-01
7.500e-01 1.018e-01
7.600e-01 1.539e-01
7.700e-01 9.709e-01
7.800e-01 6.263e-01
7.900e-01 3.702e-01
8.000e-01 9.675e-02
8.100e-01 1.539e-01
8.200e-01 7.868e-01
8.300e-01 4.295e-01
8.400e-01 -4.623e-01
8.500e-01 4.139e-01
8.600e-01 5.278e-01
8.700e-01 5.700e-01
8.800e-01 -2.546e-02
8.900e-01 2.744e-01
9.000e-01 3.378e-01
9.100e-01 7.176e-01
9.200e-01 9.537e-01
9.300e-01 1.408e+00
9.400e-01 4.150e-01
9.500e-01 -2.960e-01
9.600e-01 2.640e-01
9.700e-01 6.388e-01
9.800e-01 1.627e-01
9.900e-01 4.795e-01
1.000e+00 1.098e+00
1.010e+00 1.030e+00
1.020e+00 5.777e-01
1.030e+00 5.737e-01
1.040e+00 5.025e-01
1.050e+00 4.050e-01
1.060e+00 1.832e-01
1.070e+00 -1.409e-02
1.080e+00 3.596e-01
1.090e+00 4.973e-01
1.100e+00 9.522e-01
1.110e+00 9.267e-01
1.120e+00 1.054e+00
1.130e+00 2.003e+00
1.140e+00 9.467e-01
1.150e+00 6.252e-01
1.160e+00 1.150e+00
1.170e+00 -3.067e-01
1.180e+00 -4.322e-02
1.190e+00 1.166e+00
1.200e+00 4.473e-01
1.210e+00 3.662e-01
1.220e+00 4.981e-01
1.230e+00 4.781e-01
1.240e+00 8.818e-01
1.250e+00 2.409e-01
1.260e+00 8.809e-01
1.270e+00 1.654e+00
1.280e+00 1.209e+00
1.290e+00 2.649e-01
1.300e+00 2.009e+00
1.310e+00 1.131e+00
1.320e+00 1.510e+00
1.330e+00 8.330e-01
1.340e+00 -1.408e-01
1.350e+00 4.490e-01
1.360e+00 2.971e-01
1.370e+00 -2.278e-03
1.380e+00 1.998e-01
1.390e+00 1.428e+00
1.400e+00 1.020e+00
1.410e+00 6.325e-01
1.420e+00 5.702e-01
1.430e+00 1.077e+00
1.440e+00 2.362e-01
1.450e+00 5.471e-01
1.460e+00 -1.841e-01
1.470e+00 3.869e-01
1.480e+00 5.895e-01
1.490e+00 7.738e-01
1.500e+00 1.861e-02
1.510e+00 -3.248e-01
1.520e+00 1.194e-01
1.530e+00 2.055e-01
1.540e+00 -6.353e-01
1.550e+00 -2.843e-01
1.560e+00 1.947e-01
1.570e+00 -1.174e-01
1.580e+00 1.999e-01
1.590e+00 8.641e-01
1.600e+00 1.485e+00
1.610e+00 4.270e-01
1.620e+00 5.472e-01
1.630e+00 1.337e+00
1.640e+00 3.093e-01
1.650e+00 -3.075e-02
1.660e+00 4.907e-01
1.670e+00 7.245e-01
1.680e+00 7.182e-01
1.690e+00 2.018e-01
1.700e+00 1.316e+00
1.710e+00 9.391e-01
1.720e+00 -1.601e-01
1.730e+00 4.421e-02
1.740e+00 2.814e-01
1.750e+00 1.430e-01
1.760e+00 1.399e-01
1.770e+00 -2.971e-01
1.780e+00 -5.729e-02
1.790e+00 -4.865e-01
1.800e+00 -3.598e-01
1.810e+00 4.256e-01
1.820e+00 -2.088e-01
1.830e+00 -5.676e-02
1.840e+00 6.897e-01
1.850e+00 6.480e-01
1.860e+00 1.996e-01
1.870e+00 6.819e-01
1.880e+00 6.555e-01
1.890e+00 9.293e-01
1.900e+00 5.698e-01
1.910e+00 4.516e-01
1.920e+00 8.551e-01
1.930e+00 7.057e-01
1.940e+00 -9.176e-02
1.950e+00 2.269e-01
1.960e+00 3.276e-01
1.970e+00 -4.084e-01
1.980e+00 1.176e-01
1.990e+00 5.949e-01
2.000e+00 -3.294e-02
2.010e+00 3.764e-01
2.020e+00 7.849e-01
2.030e+00 2.460e-01
2.040e+00 2.025e-01
2.050e+00 2.918e-01
2.060e+00 3.875e-01
2.070e+00 6.264e-01
2.080e+00 4.463e-01
2.090e+00 8.578e-01
2.100e+00 1.303e+00
2.110e+00 7.815e-01
2.120e+00 9.563e-01
2.130e+00 2.776e-01
2.140e+00 7.542e-01
2.150e+00 3.539e-01
2.160e+00 1.047e+00
2.170e+00 -2.794e-02
2.180e+00 7.096e-02
2.190e+00 4.653e-01
2.200e+00 3.079e-01
2.210e+00 1.276e-01
2.220e+00 2.151e-01
2.230e+00 -1.310e-01
2.240e+00 2.363e-01
2.250e+00 1.456e-02
2.260e+00 1.302e-01
2.270e+00 1.338e+00
2.280e+00 1.038e+00
2.290e+00 5.861e-01
2.300e+00 2.072e-01
2.310e+00 5.880e-01
2.320e+00 6.398e-01
2.330e+00 9.877e-02
2.340e+00 6.800e-02
2.350e+00 -2.825e-02
2.360e+00 6.903e-01
2.370e+00 5.343e-01
2.380e+00 4.688e-01
2.390e+00 8.130e-01
2.400e+00 5.897e-01
2.410e+00 6.074e-01
2.420e+00 1.174e+00
2.430e+00 1.276e+00
2.440e+00 4.195e-01
2.450e+00 6.513e-01
2.460e+00 9.364e-01
2.470e+00 6.503e-01
2.480e+00 3.364e-01
2.490e+00 6.176e-01
2.500e+00 8.593e-01
2.510e+00 5.831e-01
2.520e+00 5.662e-01
2.530e+00 8.197e-01
2.540e+00 5.924e-01
2.550e+00 7.535e-01
2.560e+00 9.203e-01
2.570e+00 1.831e-01
2.580e+00 3.527e-02
2.590e+00 8.826e-01
2.600e+00 1.338e+00
2.610e+00 5.842e-01
2.620e+00 3.906e-01
2.630e+00 2.750e-01
2.640e+00 4.807e-01
2.650e+00 4.514e-01
2.660e+00 6.011e-01
2.670e+00 6.304e-01
2.680e+00 6.991e-01
2.690e+00 2.262e-01
2.700e+00 1.746e-01
2.710e+00 4.211e-01
2.720e+00 6.358e-01
2.730e+00 2.199e-01
2.740e+00 -6.807e-03
2.750e+00 1.392e-01
2.760e+00 1.340e-01
2.770e+00 4.261e-01
2.780e+00 6.980e-01
2.790e+00 9.390e-01
2.800e+00 6.111e-01
2.810e+00 5.538e-01
2.820e+00 5.964e-01
2.830e+00 7.109e-01
2.840e+00 5.530e-01
2.850e+00 6.449e-01
2.860e+00 2.321e-01
2.870e+00 3.501e-01
2.880e+00 6.070e-01
2.890e+00 5.607e-01
2.900e+00 -2.295e-01
2.910e+00 4.494e-01
2.920e+00 5.503e-01
2.930e+00 1.089e+00
2.940e+00 5.866e-01
2.950e+00 8.768e-01
2.960e+00 4.745e-01
2.970e+00 1.316e-01
2.980e+00 1.733e-01
2.990e+00 3.034e-01
3.000e+00 6.174e-01
3.010e+00 3.755e-01
3.020e+00 3.925e-01
3.030e+00 4.011e-01
3.040e+00 1.134e-01
3.050e+00 6.032e-01
3.060e+00 6.357e-01
3.070e+00 2.664e-01
3.080e+00 2.506e-01
3.090e+00 8.803e-01
3.100e+00 7.114e-01
3.110e+00 4.303e-01
3.120e+00 6.694e-01
3.130e+00 3.474e-01
3.140e+00 4.676e-01
3.150e+00 6.413e-01
3.160e+00 8.342e-02
3.170e+00 4.387e-01
3.180e+00 6.942e-01
3.190e+00 8.104e-01
3.200e+00 8.739e-01
3.210e+00 2.872e-01
3.220e+00 5.425e-01
3.230e+00 8.419e-01
3.240e+00 7.610e-01
3.250e+00 6.461e-01
3.260e+00 9.516e-01
3.270e+00 7.427e-01
3.280e+00 8.284e-01
3.290e+00 8.664e-01
3.300e+00 9.526e-01
3.310e+00 9.528e-01
3.320e+00 9.107e-01
3.330e+00 8.123e-01
3.340e+00 5.071e-01
3.350e+00 5.872e-01
3.360e+00 5.434e-01
3.370e+00 3.493e-02
3.380e+00 4.662e-01
3.390e+00 1.981e-01
3.400e+00 5.734e-01
3.410e+00 5.166e-01
3.420e+00 4.289e-01
3.430e+00 7.300e-01
3.440e+00 5.691e-01
3.450e+00 5.562e-02
3.460e+00 6.847e-01
3.470e+00 6.704e-01
3.480e+00 3.703e-01
3.490e+00 3.684e-01
3.500e+00 4.281e-01
3.510e+00 3.542e-01
3.520e+00 3.986e-01
3.530e+00 9.399e-01
3.540e+00 6.749e-01
3.550e+00 6.289e-01
3.560e+00 7.201e-01
3.570e+00 6.947e-01
3.580e+00 5.625e-01
3.590e+00 6.903e-01
3.600e+00 1.119e+00
3.610e+00 4.170e-01
3.620e+00 7.539e-01
3.630e+00 3.472e-01
3.640e+00 5.429e-01
3.650e+00 4.988e-01
3.660e+00 6.315e-01
3.670e+00 7.383e-01
3.680e+00 2.819e-01
3.690e+00 7.684e-01
3.700e+00 7.809e-01
3.710e+00 5.743e-01
3.720e+00 5.582e-01
3.730e+00 4.132e-01
3.740e+00 6.570e-01
3.750e+00 7.247e-01
3.760e+00 7.093e-01
3.770e+00 5.173e-01
3.780e+00 5.873e-01
3.790e+00 6.548e-01
3.800e+00 5.622e-01
3.810e+00 5.258e-01
3.820e+00 7.068e-01
3.830e+00 2.264e-01
3.840e+00 -7.455e-02
3.850e+00 3.020e-01
3.860e+00 -6.427e-02
3.870e+00 1.789e-01
3.880e+00 2.784e-01
3.890e+00 3.584e-01
3.900e+00 1.281e-02
3.910e+00 3.514e-01
3.920e+00 6.254e-01
3.930e+00 3.002e-01
3.940e+00 7.263e-01
3.950e+00 5.693e-01
3.960e+00 7.817e-01
3.970e+00 4.655e-01
3.980e+00 4.692e-01
3.990e+00 4.035e-01
4.000e+00 3.998e-01
4.010e+00 3.987e-01
4.020e+00 5.495e-01
4.030e+00 9.185e-01
4.040e+00 1.273e-01
4.050e+00 4.243e-01
4.060e+00 2.949e-01
4.070e+00 4.682e-02
4.080e+00 4.390e-01
4.090e+00 6.742e-01
4.100e+00 1.122e+00
4.110e+00 8.243e-01
4.120e+00 1.087e+00
4.130e+00 1.098e+00
4.140e+00 4.978e-01
4.150e+00 6.483e-01
4.160e+00 6.161e-01
4.170e+00 4.971e-01
4.180e+00 2.586e-01
4.190e+00 6.702e-01
4.200e+00 4.801e-01
4.210e+00 2.671e-02
4.220e+00 4.131e-01
4.230e+00 1.316e-01
4.240e+00 4.634e-01
4.250e+00 4.133e-01
4.260e+00 7.180e-01
4.270e+00 5.229e-01
4.280e+00 5.164e-01
4.290e+00 2.181e-01
4.300e+00 7.645e-01
4.310e+00 3.085e-01
4.320e+00 4.873e-01
4.330e+00 7.777e-01
4.340e+00 6.418e-01
4.350e+00 8.657e-01
4.360e+00 4.869e-01
4.370e+00 8.141e-01
4.380e+00 7.279e-01
4.390e+00 7.039e-01
4.400e+00 4.742e-01
4.410e+00 4.456e-01
4.420e+00 4.528e-01
4.430e+00 2.652e-01
4.440e+00 2.061e-01
4.450e+00 2.373e-01
4.460e+00 3.560e-01
4.470e+00 6.051e-01
4.480e+00 4.533e-01
4.490e+00 4.514e-01
4.500e+00 8.631e-01
4.510e+00 4.750e-01
4.520e+00 7.408e-01
4.530e+00 -1.397e-02
4.540e+00 5.324e-01
4.550e+00 8.155e-01
4.560e+00 4.036e-01
4.570e+00 7.889e-01
4.580e+00 4.896e-01
4.590e+00 7.223e-01
4.600e+00 3.722e-01
4.610e+00 3.659e-01
4.620e+00 5.585e-01
4.630e+00 4.140e-01
4.640e+00 3.268e-01
4.650e+00 6.645e-02
4.660e+00 5.301e-01
4.670e+00 7.691e-01
4.680e+00 4.187e-01
4.690e+00 1.231e-01
4.700e+00 2.268e-01
4.710e+00 4.745e-01
4.720e+00 2.244e-01
4.730e+00 3.976e-01
4.740e+00 4.598e-01
4.750e+00 4.694e-01
4.760e+00 8.304e-01
4.770e+00 6.080e-01
4.780e+00 4.315e-01
4.790e+00 1.002e+00
4.800e+00 7.023e-01
4.810e+00 7.103e-01
4.820e+00 4.869e-01
4.830e+00 2.612e-01
4.840e+00 7.285e-01
4.850e+00 9.836e-01
4.860e+00 1.633e-01
4.870e+00 5.095e-01
4.880e+00 5.275e-01
4.890e+00 -1.564e-02
4.900e+00 -1.601e-01
4.910e+00 3.009e-01
4.920e+00 5.062e-01
4.930e+00 3.421e-01
4.940e+00 9.692e-02
4.950e+00 2.625e-01
4.960e+00 4.544e-01
4.970e+00 6.895e-01
4.980e+00 8.121e-01
4.990e+00 4.592e-01
-5.000e+00 7.295e-01
-4.990e+00 4.859e-01
-4.980e+00 4.726e-01
-4.970e+00 4.560e-01
-4.960e+00 4.094e-01
-4.950e+00 3.845e-01
-4.940e+00 3.397e-01
-4.930e+00 7.336e-02
-4.920e+00 2.649e-01
-4.910e+00 -4.660e-02
-4.900e+00 -2.281e-01
-4.890e+00 3.355e-01
-4.880e+00 1.125e-01
-4.870e+00 3.687e-01
-4.860e+00 5.647e-01
-4.850e+00 5.141e-01
-4.840e+00 5.470e-02
-4.830e+00 5.826e-01
-4.820e+00 6.992e-01
-4.810e+00 8.926e-01
-4.800e+00 1.109e+00
-4.790e+00 5.037e-01
-4.780e+00 6.636e-01
-4.770e+00 1.347e+00
-4.760e+00 4.799e-01
-4.750e+00 3.616e-01
-4.740e+00 9.667e-02
-4.730e+00 -6.250e-02
-4.720e+00 2.721e-01
-4.710e+00 2.185e-01
-4.700e+00 4.590e-01
-4.690e+00 2.810e-01
-4.680e+00 6.425e-01
-4.670e+00 8.434e-01
-4.660e+00 5.714e-01
-4.650e+00 5.554e-01
-4.640e+00 4.907e-01
-4.630e+00 8.189e-01
-4.620e+00 6.444e-01
-4.610e+00 6.839e-01
-4.600e+00 3.943e-01
-4.590e+00 3.805e-01
-4.580e+00 3.031e-01
-4.570e+00 2.229e-01
-4.560e+00 6.638e-01
-4.550e+00 9.235e-01
-4.540e+00 4.428e-01
-4.530e+00 1.012e+00
-4.520e+00 1.085e+00
-4.510e+00 6.622e-01
-4.500e+00 5.636e-02
-4.490e+00 1.063e-01
-4.480e+00 6.503e-01
-4.470e+00 4.181e-01
-4.460e+00 1.062e-01
-4.450e+00 4.408e-01
-4.440e+00 4.120e-01
-4.430e+00 3.528e-02
-4.420e+00 3.472e-01
-4.410e+00 1.622e-01
-4.400e+00 8.187e-01
-4.390e+00 3.924e-01
-4.380e+00 5.782e-01
-4.370e+00 1.038e+00
-4.360e+00 5.594e-01
-4.350e+00 5.790e-01
-4.340e+00 1.961e-01
-4.330e+00 3.286e-01
-4.320e+00 3.137e-01
-4.310e+00 3.473e-01
-4.300e+00 6.461e-01
-4.290e+00 6.110e-01
-4.280e+00 7.687e-01
-4.270e+00 9.763e-01
-4.260e+00 6.121e-01
-4.250e+00 3.604e-01
-4.240e+00 7.932e-01
-4.230e+00 7.574e-01
-4.220e+00 4.951e-01
-4.210e+00 3.892e-01
-4.200e+00 1.196e+00
-4.190e+00 7.583e-01
-4.180e+00 6.970e-01
-4.170e+00 5.765e-01
-4.160e+00 5.897e-01
-4.150e+00 6.751e-01
-4.140e+00 4.821e-01
-4.130e+00 7.102e-01
-4.120e+00 3.718e-01
-4.110e+00 8.184e-01
-4.100e+00 1.079e+00
-4.090e+00 6.092e-01
-4.080e+00 5.446e-01
-4.070e+00 6.649e-01
-4.060e+00 6.343e-01
-4.050e+00 5.780e-01
-4.040e+00 4.658e-01
-4.030e+00 8.482e-01
-4.020e+00 7.015e-01
-4.010e+00 7.250e-01
-4.000e+00 4.137e-01
-3.990e+00 3.771e-01
-3.980e+00 5.428e-01
-3.970e+00 4.711e-01
-3.960e+00 7.692e-01
-3.950e+00 1.011e+00
-3.940e+00 5.211e-01
-3.930e+00 -9.664e-02
-3.920e+00 4.711e-01
-3.910e+00 1.887e-01
-3.900e+00 -8.466e-02
-3.890e+00 3.017e-01
-3.880e+00 5.761e-01
-3.870e+00 6.641e-01
-3.860e+00 4.542e-01
-3.850e+00 4.590e-01
-3.840e+00 4.267e-01
-3.830e+00 9.629e-01
-3.820e+00 3.775e-01
-3.810e+00 4.768e-01
-3.800e+00 3.174e-01
-3.790e+00 5.582e-01
-3.780e+00 2.181e-01
-3.770e+00 4.734e-01
-3.760e+00 3.395e-01
-3.750e+00 2.926e-01
-3.740e+00 5.164e-01
-3.730e+00 1.024e+00
-3.720e+00 8.639e-01
-3.710e+00 1.022e-01
-3.700e+00 3.512e-01
-3.690e+00 5.722e-01
-3.680e+00 4.974e-01
-3.670e+00 5.984e-01
-3.660e+00 3.676e-01
-3.650e+00 3.551e-01
-3.640e+00 4.438e-02
-3.630e+00 4.360e-01
-3.620e+00 5.412e-01
-3.610e+00 3.713e-01
-3.600e+00 8.009e-01
-3.590e+00 4.890e-01
-3.580e+00 3.724e-01
-3.570e+00 8.650e-01
-3.560e+00 5.845e-01
-3.550e+00 5.704e-01
-3.540e+00 7.486e-01
-3.530e+00 4.223e-01
-3.520e+00 5.205e-01
-3.510e+00 6.108e-01
-3.500e+00 9.156e-01
-3.490e+00 6.868e-01
-3.480e+00 9.277e-01
-3.470e+00 9.050e-01
-3.460e+00 6.058e-01
-3.450e+00 8.943e-01
-3.440e+00 8.995e-01
-3.430e+00 4.483e-01
-3.420e+00 2.351e-01
-3.410e+00 3.669e-01
-3.400e+00 4.997e-01
-3.390e+00 4.199e-01
-3.380e+00 3.314e-01
-3.370e+00 7.286e-01
-3.360e+00 7.295e-01
-3.350e+00 7.343e-01
-3.340e+00 7.625e-01
-3.330e+00 8.976e-01
-3.320e+00 7.718e-01
-3.310e+00 3.243e-01
-3.300e+00 4.896e-01
-3.290e+00 6.695e-01
-3.280e+00 4.808e-01
-3.270e+00 2.549e-01
-3.260e+00 4.722e-01
-3.250e+00 9.481e-01
-3.240e+00 1.029e+00
-3.230e+00 1.731e-01
-3.220e+00 2.750e-01
-3.210e+00 4.473e-01
-3.200e+00 1.244e+00
-3.190e+00 7.497e-01
-3.180e+00 7.386e-01
-3.170e+00 5.453e-01
-3.160e+00 2.144e-01
-3.150e+00 5.583e-01
-3.140e+00 -2.432e-02
-3.130e+00 4.500e-01
-3.120e+00 5.275e-01
-3.110e+00 1.779e-01
-3.100e+00 5.007e-01
-3.090e+00 5.279e-01
-3.080e+00 6.424e-01
-3.070e+00 7.894e-01
-3.060e+00 1.214e-01
-3.050e+00 7.998e-02
-3.040e+00 1.550e-01
-3.030e+00 -1.223e-01
-3.020e+00 -1.186e-01
-3.010e+00 4.889e-01
-3.000e+00 6.033e-01
-2.990e+00 4.482e-01
-2.980e+00 1.556e-01
-2.970e+00 4.543e-01
-2.960e+00 6.249e-01
-2.950e+00 7.755e-01
-2.940e+00 7.380e-01
-2.930e+00 1.920e-01
-2.920e+00 3.473e-01
-2.910e+00 2.741e-01
-2.900e+00 -9.997e-02
-2.890e+00 2.271e-01
-2.880e+00 -3.272e-02
-2.870e+00 1.234e-01
-2.860e+00 5.971e-01
-2.850e+00 1.034e+00
-2.840e+00 6.501e-01
-2.830e+00 2.734e-02
-2.820e+00 3.026e-01
-2.810e+00 2.585e-01
-2.800e+00 -3.731e-01
-2.790e+00 6.313e-02
-2.780e+00 4.254e-01
-2.770e+00 5.211e-01
-2.760e+00 6.677e-02
-2.750e+00 3.023e-01
-2.740e+00 1.947e-01
-2.730e+00 7.846e-01
-2.720e+00 5.748e-01
-2.710e+00 5.071e-01
-2.700e+00 1.716e-01
-2.690e+00 3.939e-01
-2.680e+00 7.705e-01
-2.670e+00 4.123e-01
-2.660e+00 1.813e-01
-2.650e+00 7.492e-02
-2.640e+00 1.961e-01
-2.630e+00 4.583e-01
-2.620e+00 3.230e-01
-2.610e+00 2.915e-01
-2.600e+00 -3.475e-01
-2.590e+00 3.157e-01
-2.580e+00 6.462e-01
-2.570e+00 2.715e-01
-2.560e+00 4.636e-01
-2.550e+00 5.650e-01
-2.540e+00 2.612e-01
-2.530e+00 2.298e-01
-2.520e+00 2.261e-01
-2.510e+00 1.884e-02
-2.500e+00 -2.960e-01
-2.490e+00 2.110e-01
-2.480e+00 3.934e-01
-2.470e+00 7.092e-01
-2.460e+00 6.844e-01
-2.450e+00 6.494e-01
-2.440e+00 2.397e-01
-2.430e+00 6.279e-01
-2.420e+00 7.038e-01
-2.410e+00 6.306e-01
-2.400e+00 7.287e-01
-2.390e+00 9.977e-01
-2.380e+00 9.038e-01
-2.370e+00 1.231e+00
-2.360e+00 4.609e-01
-2.350e+00 5.167e-01
-2.340e+00 5.391e-01
-2.330e+00 -1.408e-01
-2.320e+00 2.888e-01
-2.310e+00 -1.368e-01
-2.300e+00 2.827e-02
-2.290e+00 1.640e-01
-2.280e+00 6.799e-01
-2.270e+00 5.814e-01
-2.260e+00 7.395e-01
-2.250e+00 8.244e-01
-2.240e+00 8.284e-01
-2.230e+00 5.909e-01
-2.220e+00 6.820e-01
-2.210e+00 8.281e-01
-2.200e+00 7.851e-01
-2.190e+00 3.852e-01
-2.180e+00 4.303e-01
-2.170e+00 4.384e-01
-2.160e+00 3.476e-01
-2.150e+00 4.728e-01
-2.140e+00 6.406e-01
-2.130e+00 2.072e-01
-2.120e+00 5.000e-01
-2.110e+00 1.443e-01
-2.100e+00 -4.135e-01
-2.090e+00 4.917e-01
-2.080e+00 3.384e-01
-2.070e+00 5.374e-01
-2.060e+00 3.838e-01
-2.050e+00 2.253e-01
-2.040e+00 3.452e-01
-2.030e+00 3.116e-01
-2.020e+00 4.225e-01
-2.010e+00 5.979e-01
-2.000e+00 -3.419e-02
-1.990e+00 6.197e-01
-1.980e+00 3.310e-01
-1.970e+00 1.980e-01
-1.960e+00 5.412e-01
-1.950e+00 8.536e-01
-1.940e+00 9.179e-01
-1.930e+00 3.803e-01
-1.920e+00 4.786e-01
-1.910e+00 2.210e-01
-1.900e+00 8.555e-02
-1.890e+00 2.602e-01
-1.880e+00 2.205e-01
-1.870e+00 5.947e-01
-1.860e+00 4.320e-01
-1.850e+00 4.690e-01
-1.840e+00 -3.684e-01
-1.830e+00 7.723e-01
-1.820e+00 4.499e-01
-1.810e+00 -3.105e-01
-1.800e+00 4.686e-01
-1.790e+00 4.468e-01
-1.780e+00 2.897e-01
-1.770e+00 4.808e-01
-1.760e+00 6.887e-01
-1.750e+00 6.780e-01
-1.740e+00 1.044e+00
-1.730e+00 9.973e-01
-1.720e+00 5.251e-01
-1.710e+00 3.975e-01
-1.700e+00 1.353e+00
-1.690e+00 5.651e-01
-1.680e+00 8.530e-01
-1.670e+00 8.634e-01
-1.660e+00 2.439e-01
-1.650e+00 3.941e-01
-1.640e+00 5.206e-01
-1.630e+00 8.694e-01
-1.620e+00 7.283e-01
-1.610e+00 3.665e-01
-1.600e+00 -8.394e-01
-1.590e+00 3.183e-02
-1.580e+00 7.421e-01
-1.570e+00 1.563e+00
-1.560e+00 7.873e-01
-1.550e+00 9.284e-01
-1.540e+00 7.779e-01
-1.530e+00 5.860e-01
-1.520e+00 -3.663e-02
-1.510e+00 -2.379e-01
-1.500e+00 -2.973e-02
-1.490e+00 -1.667e-01
-1.480e+00 -4.262e-01
-1.470e+00 2.356e-01
-1.460e+00 -2.213e-01
-1.450e+00 2.539e-01
-1.440e+00 1.280e-01
-1.430e+00 -3.444e-02
-1.420e+00 7.080e-02
-1.410e+00 5.390e-01
-1.400e+00 1.125e+00
-1.390e+00 5.932e-03
-1.380e+00 1.391e-02
-1.370e+00 -2.600e-01
-1.360e+00 2.240e-01
-1.350e+00 3.945e-01
-1.340e+00 5.582e-01
-1.330e+00 8.756e-01
-1.320e+00 8.922e-01
-1.310e+00 5.708e-01
-1.300e+00 2.058e-02
-1.290e+00 1.109e-01
-1.280e+00 -1.500e-01
-1.270e+00 -9.484e-02
-1.260e+00 4.034e-01
-1.250e+00 4.899e-01
-1.240e+00 -5.017e-03
-1.230e+00 5.465e-01
-1.220e+00 2.595e-01
-1.210e+00 2.968e-01
-1.200e+00 -1.374e-01
-1.190e+00 2.964e-01
-1.180e+00 1.086e+00
-1.170e+00 6.091e-01
-1.160e+00 6.305e-01
-1.150e+00 3.941e-01
-1.140e+00 1.139e+00
-1.130e+00 4.344e-01
-1.120e+00 5.815e-02
-1.110e+00 1.091e+00
-1.100e+00 1.344e+00
-1.090e+00 1.507e-02
-1.080e+00 8.227e-03
-1.070e+00 6.665e-01
-1.060e+00 4.509e-01
-1.050e+00 3.667e-01
-1.040e+00 -3.088e-01
-1.030e+00 8.181e-01
-1.020e+00 2.570e-01
-1.010e+00 1.606e+00
-1.000e+00 1.570e+00
-9.900e-01 1.320e+00
-9.800e-01 1.067e+00
-9.700e-01 1.255e+00
-9.600e-01 8.293e-01
-9.500e-01 1.033e-02
-9.400e-01 1.935e+00
-9.300e-01 1.113e+00
-9.200e-01 -1.545e-01
-9.100e-01 -1.108e-02
-9.000e-01 1.837e+00
-8.900e-01 2.433e-02
-8.800e-01 -2.395e-02
-8.700e-01 -2.802e-01
-8.600e-01 8.129e-01
-8.500e-01 4.552e-01
-8.400e-01 1.047e+00
-8.300e-01 1.250e+00
-8.200e-01 8.648e-01
-8.100e-01 1.107e+00
-8.000e-01 1.591e+00
-7.900e-01 8.031e-01
-7.800e-01 5.809e-01
-7.700e-01 2.653e-01
-7.600e-01 7.296e-01
-7.500e-01 5.812e-01
-7.400e-01 3.357e-01
-7.300e-01 4.018e-01
-7.200e-01 4.827e-01
-7.100e-01 7.556e-01
-7.000e-01 5.787e-01
-6.900e-01 1.087e+00
-6.800e-01 3.467e-01
-6.700e-01 7.174e-01
-6.600e-01 9.114e-01
-6.500e-01 1.191e+00
-6.400e-01 3.971e-01
-6.300e-01 2.916e-01
-6.200e-01 5.688e-01
-6.100e-01 4.796e-01
-6.000e-01 1.776e+00
-5.900e-01 9.527e-01
-5.800e-01 9.255e-01
-5.700e-01 1.005e+00
-5.600e-01 5.730e-01
-5.500e-01 8.327e-01
-5.400e-01 1.029e+00
-5.300e-01 1.328e+00
-5.200e-01 1.406e+00
-5.100e-01 1.589e+00
-5.000e-01 6.702e-01
-4.900e-01 8.908e-02
-4.800e-01 1.017e-01
-4.700e-01 -1.087e+00
-4.600e-01 6.067e-01
-4.500e-01 1.432e+00
-4.400e-01 -1.573e-01
-4.300e-01 5.191e-01
-4.200e-01 1.278e+00
-4.100e-01 1.327e+00
-4.000e-01 1.505e+00
-3.900e-01 -8.712e-03
-3.800e-01 6.453e-01
-3.700e-01 1.344e+00
-3.600e-01 3.759e-01
-3.500e-01 8.721e-01
-3.400e-01 8.063e-01
-3.300e-01 1.744e+00
-3.200e-01 2.237e+00
-3.100e-01 1.159e+00
-3.000e-01 1.418e+00
-2.900e-01 8.679e-01
-2.800e-01 1.332e+00
-2.700e-01 3.578e-01
-2.600e-01 1.804e-01
-2.500e-01 7.387e-01
-2.400e-01 1.336e+00
-2.300e-01 1.939e+00
-2.200e-01 1.649e+00
-2.100e-01 -4.574e-01
-2.000e-01 -1.313e+00
-1.900e-01 1.080e+00
-1.800e-01 1.837e+00
-1.700e-01 1.465e+00
-1.600e-01 8.810e-01
-1.500e-01 1.336e+00
-1.400e-01 -6.607e-01
-1.300e-01 5.492e-01
-1.200e-01 5.533e-01
-1.100e-01 -2.737e-01
-1.000e-01 -3.104e+00
-9.000e-02 -2.049e+00
-8.000e-02 -2.561e+00
-7.000e-02 9.913e-02
-6.000e-02 2.940e+00
-5.000e-02 5.302e+00
-4.000e-02 7.349e+00
-3.000e-02 1.067e+01
-2.000e-02 1.559e+01
-1.000e-02 5.648e+01
