# Frequency (1.0/ps)      real(fft(F_1))
0.000e+00 2.860e+01
1.000e-02 2.393e+01
2.000e-02 1.900e+01
3.000e-02 1.297e+01
4.000e-02 1.051e+01
5.000e-02 1.017e+01
6.000e-02 4.722e+00
7.000e-02 6.380e+00
8.000e-02 7.186e+00
9.000e-02 6.531e+00
1.000e-01 2.830e+00
1.100e-01 2.217e+00
1.200e-01 4.122e+00
1.300e-01 4.601e+00
1.400e-01 2.130e+00
1.500e-01 2.152e+00
1.600e-01 1.550e+00
1.700e-01 2.453e+00
1.800e-01 3.312e+00
1.900e-01 2.448e+00
2.000e-01 3.053e+00
2.100e-01 2.885e+00
2.200e-01 2.178e+00
2.300e-01 1.672e+00
2.400e-01 1.497e+00
2.500e-01 2.363e+00
2.600e-01 2.230e+00
2.700e-01 1.862e+00
2.800e-01 1.325e+00
2.900e-01 9.415e-01
3.000e-01 1.797e+00
3.100e-01 1.848e+00
3.200e-01 1.364e+00
3.300e-01 1.137e+00
3.400e-01 1.488e+00
3.500e-01 1.416e+00
3.600e-01 1.806e+00
3.700e-01 1.526e+00
3.800e-01 1.998e+00
3.900e-01 1.453e+00
4.000e-01 4.793e-01
4.100e-01 5.531e-01
4.200e-01 1.102e+00
4.300e-01 8.210e-01
4.400e-01 1.481e+00
4.500e-01 1.943e+00
4.600e-01 1.993e+00
4.700e-01 1.504e+00
4.800e-01 1.478e+00
4.900e-01 1.552e+00
5.000e-01 1.807e+00
5.100e-01 1.390e+00
5.200e-01 8.371e-01
5.300e-01 1.219e+00
5.400e-01 1.104e+00
5.500e-01 1.459e+00
5.600e-01 1.636e+00
5.700e-01 1.328e+00
5.800e-01 8.227e-01
5.900e-01 1.389e+00
6.000e-01 1.092e+00
6.100e-01 7.515e-01
6.200e-01 9.272e-01
6.300e-01 3.052e-01
6.400e-01 1.036e+00
6.500e-01 9.194e-01
6.600e-01 7.472e-01
6.700e-01 6.277e-01
6.800e-01 1.407e+00
6.900e-01 6.055e-01
7.000e-01 6.544e-01
7.100e-01 6.328e-01
7.200e-01 9.633e-01
7.300e-01 1.229e+00
7.400e-01 1.376e+00
7.500e-01 1.309e+00
7.600e-01 1.574e+00
7.700e-01 1.214e+00
7.800e-01 8.909e-01
7.900e-01 1.492e+00
8.000e-01 1.571e+00
8.100e-01 1.228e+00
8.200e-01 1.622e+00
8.300e-01 1.300e+00
8.400e-01 6.755e-01
8.500e-01 1.074e+00
8.600e-01 1.230e+00
8.700e-01 1.116e+00
8.800e-01 1.170e+00
8.900e-01 3.849e-01
9.000e-01 6.652e-01
9.100e-01 1.094e+00
9.200e-01 1.003e+00
9.300e-01 7.425e-01
9.400e-01 1.569e+00
9.500e-01 1.336e+00
9.600e-01 1.264e+00
9.700e-01 1.224e+00
9.800e-01 1.296e+00
9.900e-01 1.091e+00
1.000e+00 1.172e+00
1.010e+00 1.167e+00
1.020e+00 1.255e+00
1.030e+00 1.230e+00
1.040e+00 1.217e+00
1.050e+00 1.433e+00
1.060e+00 1.039e+00
1.070e+00 1.057e+00
1.080e+00 8.814e-01
1.090e+00 7.106e-01
1.100e+00 9.136e-01
1.110e+00 9.256e-01
1.120e+00 1.005e+00
1.130e+00 8.136e-01
1.140e+00 5.218e-01
1.150e+00 4.841e-01
1.160e+00 6.698e-01
1.170e+00 1.776e-01
1.180e+00 1.647e-01
1.190e+00 5.354e-01
1.200e+00 6.841e-01
1.210e+00 2.807e-01
1.220e+00 4.697e-01
1.230e+00 6.731e-01
1.240e+00 5.694e-01
1.250e+00 2.459e-01
1.260e+00 2.294e-01
1.270e+00 7.636e-01
1.280e+00 3.485e-01
1.290e+00 8.712e-01
1.300e+00 8.228e-01
1.310e+00 5.438e-01
1.320e+00 5.615e-01
1.330e+00 1.060e+00
1.340e+00 7.585e-01
1.350e+00 9.018e-01
1.360e+00 9.256e-01
1.370e+00 1.136e+00
1.380e+00 8.416e-01
1.390e+00 9.468e-01
1.400e+00 9.499e-01
1.410e+00 1.170e+00
1.420e+00 1.176e+00
1.430e+00 9.324e-01
1.440e+00 1.135e+00
1.450e+00 1.210e+00
1.460e+00 1.157e+00
1.470e+00 7.238e-01
1.480e+00 8.370e-01
1.490e+00 1.093e+00
1.500e+00 1.064e+00
1.510e+00 4.134e-01
1.520e+00 8.276e-01
1.530e+00 8.146e-01
1.540e+00 8.592e-01
1.550e+00 7.501e-01
1.560e+00 1.092e+00
1.570e+00 9.728e-01
1.580e+00 9.636e-01
1.590e+00 9.830e-01
1.600e+00 1.135e+00
1.610e+00 6.028e-01
1.620e+00 7.501e-01
1.630e+00 4.655e-01
1.640e+00 4.764e-01
1.650e+00 1.846e-01
1.660e+00 4.119e-01
1.670e+00 5.670e-01
1.680e+00 7.606e-01
1.690e+00 6.644e-01
1.700e+00 6.805e-01
1.710e+00 6.443e-01
1.720e+00 6.746e-01
1.730e+00 4.888e-01
1.740e+00 7.014e-01
1.750e+00 6.724e-01
1.760e+00 7.981e-01
1.770e+00 6.294e-01
1.780e+00 7.314e-01
1.790e+00 6.153e-01
1.800e+00 6.664e-01
1.810e+00 6.799e-01
1.820e+00 7.252e-01
1.830e+00 5.326e-01
1.840e+00 8.292e-01
1.850e+00 6.439e-01
1.860e+00 6.229e-01
1.870e+00 7.691e-01
1.880e+00 6.067e-01
1.890e+00 9.637e-01
1.900e+00 8.416e-01
1.910e+00 7.268e-01
1.920e+00 9.223e-01
1.930e+00 1.298e+00
1.940e+00 8.887e-01
1.950e+00 9.258e-01
1.960e+00 8.111e-01
1.970e+00 8.421e-01
1.980e+00 6.386e-01
1.990e+00 6.077e-01
2.000e+00 6.396e-01
2.010e+00 7.812e-01
2.020e+00 6.785e-01
2.030e+00 7.333e-01
2.040e+00 6.231e-01
2.050e+00 6.459e-01
2.060e+00 4.101e-01
2.070e+00 7.450e-01
2.080e+00 5.824e-01
2.090e+00 5.599e-01
2.100e+00 4.241e-01
2.110e+00 6.517e-01
2.120e+00 5.477e-01
2.130e+00 5.815e-01
2.140e+00 6.891e-01
2.150e+00 8.662e-01
2.160e+00 7.371e-01
2.170e+00 3.909e-01
2.180e+00 2.683e-01
2.190e+00 6.357e-01
2.200e+00 6.577e-01
2.210e+00 7.807e-01
2.220e+00 5.311e-01
2.230e+00 7.360e-01
2.240e+00 6.741e-01
2.250e+00 7.232e-01
2.260e+00 8.644e-01
2.270e+00 8.464e-01
2.280e+00 7.705e-01
2.290e+00 7.280e-01
2.300e+00 7.679e-01
2.310e+00 6.585e-01
2.320e+00 8.600e-01
2.330e+00 7.061e-01
2.340e+00 6.046e-01
2.350e+00 7.569e-01
2.360e+00 6.859e-01
2.370e+00 6.823e-01
2.380e+00 7.009e-01
2.390e+00 8.584e-01
2.400e+00 7.338e-01
2.410e+00 6.131e-01
2.420e+00 5.029e-01
2.430e+00 7.715e-01
2.440e+00 5.137e-01
2.450e+00 4.263e-01
2.460e+00 5.608e-01
2.470e+00 4.246e-01
2.480e+00 3.815e-01
2.490e+00 4.141e-01
2.500e+00 3.514e-01
2.510e+00 3.381e-01
2.520e+00 4.373e-01
2.530e+00 4.859e-01
2.540e+00 4.101e-01
2.550e+00 4.275e-01
2.560e+00 3.298e-01
2.570e+00 5.516e-01
2.580e+00 5.724e-01
2.590e+00 5.784e-01
2.600e+00 5.805e-01
2.610e+00 6.433e-01
2.620e+00 5.790e-01
2.630e+00 5.886e-01
2.640e+00 4.015e-01
2.650e+00 5.183e-01
2.660e+00 3.573e-01
2.670e+00 7.298e-01
2.680e+00 7.325e-01
2.690e+00 9.436e-01
2.700e+00 6.083e-01
2.710e+00 6.173e-01
2.720e+00 3.837e-01
2.730e+00 5.347e-01
2.740e+00 2.653e-01
2.750e+00 2.503e-01
2.760e+00 2.579e-01
2.770e+00 5.840e-01
2.780e+00 5.563e-01
2.790e+00 4.997e-01
2.800e+00 4.234e-01
2.810e+00 6.049e-01
2.820e+00 5.928e-01
2.830e+00 4.258e-01
2.840e+00 4.732e-01
2.850e+00 5.895e-01
2.860e+00 5.111e-01
2.870e+00 6.828e-01
2.880e+00 6.763e-01
2.890e+00 6.566e-01
2.900e+00 7.008e-01
2.910e+00 6.608e-01
2.920e+00 4.251e-01
2.930e+00 5.771e-01
2.940e+00 5.804e-01
2.950e+00 4.662e-01
2.960e+00 5.194e-01
2.970e+00 6.353e-01
2.980e+00 5.622e-01
2.990e+00 7.485e-01
3.000e+00 6.100e-01
3.010e+00 7.143e-01
3.020e+00 6.995e-01
3.030e+00 8.036e-01
3.040e+00 6.557e-01
3.050e+00 5.114e-01
3.060e+00 5.264e-01
3.070e+00 7.016e-01
3.080e+00 4.220e-01
3.090e+00 2.749e-01
3.100e+00 5.872e-01
3.110e+00 3.831e-01
3.120e+00 3.131e-01
3.130e+00 5.413e-01
3.140e+00 4.442e-01
3.150e+00 2.260e-01
3.160e+00 4.066e-01
3.170e+00 4.961e-01
3.180e+00 5.367e-01
3.190e+00 3.984e-01
3.200e+00 5.380e-01
3.210e+00 6.079e-01
3.220e+00 4.942e-01
3.230e+00 4.195e-01
3.240e+00 4.679e-01
3.250e+00 4.768e-01
3.260e+00 4.008e-01
3.270e+00 4.026e-01
3.280e+00 4.952e-01
3.290e+00 5.373e-01
3.300e+00 4.008e-01
3.310e+00 5.202e-01
3.320e+00 5.121e-01
3.330e+00 4.731e-01
3.340e+00 5.335e-01
3.350e+00 4.152e-01
3.360e+00 4.162e-01
3.370e+00 5.969e-01
3.380e+00 3.203e-01
3.390e+00 4.144e-01
3.400e+00 4.421e-01
3.410e+00 5.062e-01
3.420e+00 5.963e-01
3.430e+00 5.522e-01
3.440e+00 5.543e-01
3.450e+00 6.696e-01
3.460e+00 5.083e-01
3.470e+00 6.282e-01
3.480e+00 5.477e-01
3.490e+00 4.744e-01
3.500e+00 4.383e-01
3.510e+00 5.778e-01
3.520e+00 4.721e-01
3.530e+00 5.821e-01
3.540e+00 6.491e-01
3.550e+00 5.310e-01
3.560e+00 5.465e-01
3.570e+00 4.801e-01
3.580e+00 3.620e-01
3.590e+00 4.939e-01
3.600e+00 5.416e-01
3.610e+00 5.237e-01
3.620e+00 7.070e-01
3.630e+00 5.646e-01
3.640e+00 6.576e-01
3.650e+00 5.161e-01
3.660e+00 6.216e-01
3.670e+00 6.793e-01
3.680e+00 5.387e-01
3.690e+00 4.073e-01
3.700e+00 6.007e-01
3.710e+00 5.564e-01
3.720e+00 6.108e-01
3.730e+00 4.592e-01
3.740e+00 5.322e-01
3.750e+00 5.676e-01
3.760e+00 6.965e-01
3.770e+00 7.176e-01
3.780e+00 4.977e-01
3.790e+00 4.658e-01
3.800e+00 6.816e-01
3.810e+00 5.617e-01
3.820e+00 7.077e-01
3.830e+00 9.136e-01
3.840e+00 8.694e-01
3.850e+00 8.456e-01
3.860e+00 7.855e-01
3.870e+00 7.520e-01
3.880e+00 5.645e-01
3.890e+00 7.761e-01
3.900e+00 6.400e-01
3.910e+00 6.973e-01
3.920e+00 6.769e-01
3.930e+00 4.841e-01
3.940e+00 5.905e-01
3.950e+00 4.955e-01
3.960e+00 4.981e-01
3.970e+00 4.821e-01
3.980e+00 4.944e-01
3.990e+00 3.665e-01
4.000e+00 4.622e-01
4.010e+00 3.586e-01
4.020e+00 4.166e-01
4.030e+00 5.337e-01
4.040e+00 4.400e-01
4.050e+00 5.943e-01
4.060e+00 6.841e-01
4.070e+00 5.540e-01
4.080e+00 5.379e-01
4.090e+00 6.380e-01
4.100e+00 5.343e-01
4.110e+00 4.284e-01
4.120e+00 3.717e-01
4.130e+00 4.040e-01
4.140e+00 4.148e-01
4.150e+00 3.660e-01
4.160e+00 6.101e-01
4.170e+00 5.386e-01
4.180e+00 4.530e-01
4.190e+00 5.947e-01
4.200e+00 5.470e-01
4.210e+00 4.047e-01
4.220e+00 5.172e-01
4.230e+00 4.937e-01
4.240e+00 5.776e-01
4.250e+00 4.206e-01
4.260e+00 6.639e-01
4.270e+00 6.442e-01
4.280e+00 6.945e-01
4.290e+00 5.641e-01
4.300e+00 6.391e-01
4.310e+00 4.635e-01
4.320e+00 6.630e-01
4.330e+00 6.251e-01
4.340e+00 4.798e-01
4.350e+00 4.338e-01
4.360e+00 3.676e-01
4.370e+00 3.479e-01
4.380e+00 3.493e-01
4.390e+00 3.828e-01
4.400e+00 5.060e-01
4.410e+00 5.041e-01
4.420e+00 4.729e-01
4.430e+00 3.447e-01
4.440e+00 4.384e-01
4.450e+00 3.965e-01
4.460e+00 4.086e-01
4.470e+00 4.503e-01
4.480e+00 4.966e-01
4.490e+00 5.458e-01
4.500e+00 4.708e-01
4.510e+00 4.489e-01
4.520e+00 5.339e-01
4.530e+00 4.293e-01
4.540e+00 5.048e-01
4.550e+00 5.669e-01
4.560e+00 4.335e-01
4.570e+00 4.070e-01
4.580e+00 4.801e-01
4.590e+00 6.617e-01
4.600e+00 5.955e-01
4.610e+00 4.741e-01
4.620e+00 6.174e-01
4.630e+00 6.467e-01
4.640e+00 5.613e-01
4.650e+00 5.242e-01
4.660e+00 5.745e-01
4.670e+00 7.177e-01
4.680e+00 5.379e-01
4.690e+00 4.399e-01
4.700e+00 4.919e-01
4.710e+00 2.830e-01
4.720e+00 4.080e-01
4.730e+00 4.231e-01
4.740e+00 4.154e-01
4.750e+00 2.922e-01
4.760e+00 4.988e-01
4.770e+00 3.856e-01
4.780e+00 5.132e-01
4.790e+00 5.504e-01
4.800e+00 4.417e-01
4.810e+00 3.828e-01
4.820e+00 4.898e-01
4.830e+00 4.821e-01
4.840e+00 4.011e-01
4.850e+00 6.009e-01
4.860e+00 6.452e-01
4.870e+00 5.678e-01
4.880e+00 6.419e-01
4.890e+00 5.834e-01
4.900e+00 5.460e-01
4.910e+00 3.951e-01
4.920e+00 4.044e-01
4.930e+00 5.214e-01
4.940e+00 6.303e-01
4.950e+00 4.959e-01
4.960e+00 6.072e-01
4.970e+00 5.301e-01
4.980e+00 5.132e-01
4.990e+00 4.606e-01
-5.000e+00 4.224e-01
-4.990e+00 3.652e-01
-4.980e+00 5.754e-01
-4.970e+00 3.855e-01
-4.960e+00 3.301e-01
-4.950e+00 2.335e-01
-4.940e+00 2.533e-01
-4.930e+00 4.041e-01
-4.920e+00 3.110e-01
-4.910e+00 1.917e-01
-4.900e+00 1.979e-01
-4.890e+00 4.263e-01
-4.880e+00 3.983e-01
-4.870e+00 4.254e-01
-4.860e+00 4.433e-01
-4.850e+00 3.123e-01
-4.840e+00 2.469e-01
-4.830e+00 2.607e-01
-4.820e+00 3.349e-01
-4.810e+00 3.401e-01
-4.800e+00 2.348e-01
-4.790e+00 5.060e-01
-4.780e+00 4.768e-01
-4.770e+00 3.333e-01
-4.760e+00 2.944e-01
-4.750e+00 4.085e-01
-4.740e+00 3.095e-01
-4.730e+00 3.821e-01
-4.720e+00 3.453e-01
-4.710e+00 4.294e-01
-4.700e+00 4.884e-01
-4.690e+00 4.880e-01
-4.680e+00 6.413e-01
-4.670e+00 8.002e-01
-4.660e+00 6.230e-01
-4.650e+00 6.698e-01
-4.640e+00 5.578e-01
-4.630e+00 4.723e-01
-4.620e+00 5.737e-01
-4.610e+00 4.957e-01
-4.600e+00 5.946e-01
-4.590e+00 6.524e-01
-4.580e+00 6.425e-01
-4.570e+00 5.931e-01
-4.560e+00 6.294e-01
-4.550e+00 6.635e-01
-4.540e+00 6.115e-01
-4.530e+00 4.801e-01
-4.520e+00 5.016e-01
-4.510e+00 3.243e-01
-4.500e+00 3.884e-01
-4.490e+00 4.913e-01
-4.480e+00 4.907e-01
-4.470e+00 3.971e-01
-4.460e+00 3.945e-01
-4.450e+00 2.479e-01
-4.440e+00 3.532e-01
-4.430e+00 4.454e-01
-4.420e+00 5.178e-01
-4.410e+00 5.011e-01
-4.400e+00 5.407e-01
-4.390e+00 5.773e-01
-4.380e+00 4.370e-01
-4.370e+00 2.617e-01
-4.360e+00 3.076e-01
-4.350e+00 4.595e-01
-4.340e+00 3.359e-01
-4.330e+00 2.687e-01
-4.320e+00 3.687e-01
-4.310e+00 3.623e-01
-4.300e+00 2.189e-01
-4.290e+00 3.569e-01
-4.280e+00 4.738e-01
-4.270e+00 5.978e-01
-4.260e+00 4.778e-01
-4.250e+00 5.499e-01
-4.240e+00 3.953e-01
-4.230e+00 4.121e-01
-4.220e+00 4.354e-01
-4.210e+00 4.586e-01
-4.200e+00 5.384e-01
-4.190e+00 6.574e-01
-4.180e+00 6.203e-01
-4.170e+00 7.314e-01
-4.160e+00 7.518e-01
-4.150e+00 6.524e-01
-4.140e+00 3.925e-01
-4.130e+00 5.377e-01
-4.120e+00 5.764e-01
-4.110e+00 6.222e-01
-4.100e+00 5.104e-01
-4.090e+00 6.912e-01
-4.080e+00 7.597e-01
-4.070e+00 5.504e-01
-4.060e+00 3.722e-01
-4.050e+00 5.498e-01
-4.040e+00 5.344e-01
-4.030e+00 5.540e-01
-4.020e+00 5.341e-01
-4.010e+00 4.346e-01
-4.000e+00 4.756e-01
-3.990e+00 7.322e-01
-3.980e+00 5.545e-01
-3.970e+00 4.246e-01
-3.960e+00 5.726e-01
-3.950e+00 5.469e-01
-3.940e+00 4.663e-01
-3.930e+00 6.461e-01
-3.920e+00 7.712e-01
-3.910e+00 6.664e-01
-3.900e+00 6.021e-01
-3.890e+00 7.243e-01
-3.880e+00 7.301e-01
-3.870e+00 6.262e-01
-3.860e+00 8.171e-01
-3.850e+00 9.065e-01
-3.840e+00 6.238e-01
-3.830e+00 6.780e-01
-3.820e+00 6.959e-01
-3.810e+00 6.116e-01
-3.800e+00 5.927e-01
-3.790e+00 7.775e-01
-3.780e+00 8.825e-01
-3.770e+00 7.324e-01
-3.760e+00 5.404e-01
-3.750e+00 8.438e-01
-3.740e+00 8.118e-01
-3.730e+00 6.722e-01
-3.720e+00 7.758e-01
-3.710e+00 8.501e-01
-3.700e+00 8.850e-01
-3.690e+00 8.058e-01
-3.680e+00 6.298e-01
-3.670e+00 7.293e-01
-3.660e+00 7.623e-01
-3.650e+00 6.319e-01
-3.640e+00 5.377e-01
-3.630e+00 6.724e-01
-3.620e+00 5.657e-01
-3.610e+00 5.878e-01
-3.600e+00 6.933e-01
-3.590e+00 5.751e-01
-3.580e+00 5.524e-01
-3.570e+00 5.360e-01
-3.560e+00 5.108e-01
-3.550e+00 7.180e-01
-3.540e+00 6.759e-01
-3.530e+00 7.429e-01
-3.520e+00 6.842e-01
-3.510e+00 7.514e-01
-3.500e+00 8.449e-01
-3.490e+00 8.271e-01
-3.480e+00 5.475e-01
-3.470e+00 4.780e-01
-3.460e+00 5.351e-01
-3.450e+00 4.342e-01
-3.440e+00 4.208e-01
-3.430e+00 7.853e-01
-3.420e+00 6.344e-01
-3.410e+00 5.060e-01
-3.400e+00 4.828e-01
-3.390e+00 3.342e-01
-3.380e+00 2.998e-01
-3.370e+00 6.002e-01
-3.360e+00 5.114e-01
-3.350e+00 4.795e-01
-3.340e+00 4.448e-01
-3.330e+00 2.737e-01
-3.320e+00 4.622e-01
-3.310e+00 4.627e-01
-3.300e+00 3.532e-01
-3.290e+00 6.797e-01
-3.280e+00 5.933e-01
-3.270e+00 3.499e-01
-3.260e+00 6.453e-01
-3.250e+00 5.854e-01
-3.240e+00 3.823e-01
-3.230e+00 5.943e-01
-3.220e+00 4.513e-01
-3.210e+00 4.405e-01
-3.200e+00 6.083e-01
-3.190e+00 4.653e-01
-3.180e+00 6.440e-01
-3.170e+00 5.985e-01
-3.160e+00 4.843e-01
-3.150e+00 5.568e-01
-3.140e+00 3.556e-01
-3.130e+00 3.850e-01
-3.120e+00 5.669e-01
-3.110e+00 5.410e-01
-3.100e+00 5.208e-01
-3.090e+00 5.905e-01
-3.080e+00 4.365e-01
-3.070e+00 5.666e-01
-3.060e+00 6.156e-01
-3.050e+00 6.228e-01
-3.040e+00 5.815e-01
-3.030e+00 7.345e-01
-3.020e+00 6.754e-01
-3.010e+00 5.683e-01
-3.000e+00 4.913e-01
-2.990e+00 8.931e-01
-2.980e+00 6.055e-01
-2.970e+00 6.971e-01
-2.960e+00 8.506e-01
-2.950e+00 5.494e-01
-2.940e+00 6.386e-01
-2.930e+00 7.382e-01
-2.920e+00 6.439e-01
-2.910e+00 6.176e-01
-2.900e+00 5.681e-01
-2.890e+00 7.279e-01
-2.880e+00 6.802e-01
-2.870e+00 6.021e-01
-2.860e+00 4.305e-01
-2.850e+00 6.648e-01
-2.840e+00 3.779e-01
-2.830e+00 5.048e-01
-2.820e+00 5.030e-01
-2.810e+00 5.502e-01
-2.800e+00 6.426e-01
-2.790e+00 7.949e-01
-2.780e+00 5.173e-01
-2.770e+00 5.797e-01
-2.760e+00 5.152e-01
-2.750e+00 4.233e-01
-2.740e+00 4.256e-01
-2.730e+00 4.856e-01
-2.720e+00 3.074e-01
-2.710e+00 4.550e-01
-2.700e+00 4.695e-01
-2.690e+00 5.033e-01
-2.680e+00 5.031e-01
-2.670e+00 5.945e-01
-2.660e+00 5.157e-01
-2.650e+00 5.460e-01
-2.640e+00 4.909e-01
-2.630e+00 4.181e-01
-2.620e+00 7.656e-01
-2.610e+00 7.367e-01
-2.600e+00 6.523e-01
-2.590e+00 5.043e-01
-2.580e+00 4.575e-01
-2.570e+00 5.365e-01
-2.560e+00 5.630e-01
-2.550e+00 3.064e-01
-2.540e+00 4.521e-01
-2.530e+00 5.542e-01
-2.520e+00 6.488e-01
-2.510e+00 6.606e-01
-2.500e+00 4.801e-01
-2.490e+00 6.227e-01
-2.480e+00 7.632e-01
-2.470e+00 3.883e-01
-2.460e+00 6.157e-01
-2.450e+00 7.294e-01
-2.440e+00 6.783e-01
-2.430e+00 5.087e-01
-2.420e+00 4.895e-01
-2.410e+00 3.979e-01
-2.400e+00 5.664e-01
-2.390e+00 4.543e-01
-2.380e+00 5.530e-01
-2.370e+00 5.471e-01
-2.360e+00 6.478e-01
-2.350e+00 8.246e-01
-2.340e+00 8.780e-01
-2.330e+00 8.485e-01
-2.320e+00 9.164e-01
-2.310e+00 6.946e-01
-2.300e+00 4.883e-01
-2.290e+00 7.219e-01
-2.280e+00 6.700e-01
-2.270e+00 5.163e-01
-2.260e+00 7.174e-01
-2.250e+00 6.294e-01
-2.240e+00 6.280e-01
-2.230e+00 4.240e-01
-2.220e+00 2.584e-01
-2.210e+00 6.801e-01
-2.200e+00 6.565e-01
-2.190e+00 4.919e-01
-2.180e+00 7.200e-01
-2.170e+00 7.259e-01
-2.160e+00 5.887e-01
-2.150e+00 8.097e-01
-2.140e+00 7.868e-01
-2.130e+00 9.956e-01
-2.120e+00 9.601e-01
-2.110e+00 4.690e-01
-2.100e+00 6.469e-01
-2.090e+00 6.716e-01
-2.080e+00 6.055e-01
-2.070e+00 5.286e-01
-2.060e+00 4.172e-01
-2.050e+00 4.155e-01
-2.040e+00 5.534e-01
-2.030e+00 2.483e-01
-2.020e+00 3.887e-01
-2.010e+00 6.508e-01
-2.000e+00 8.292e-01
-1.990e+00 7.930e-01
-1.980e+00 5.363e-01
-1.970e+00 5.515e-01
-1.960e+00 9.804e-01
-1.950e+00 9.949e-01
-1.940e+00 1.004e+00
-1.930e+00 9.333e-01
-1.920e+00 1.033e+00
-1.910e+00 9.683e-01
-1.900e+00 1.184e+00
-1.890e+00 8.439e-01
-1.880e+00 1.070e+00
-1.870e+00 1.098e+00
-1.860e+00 1.052e+00
-1.850e+00 9.283e-01
-1.840e+00 8.663e-01
-1.830e+00 8.383e-01
-1.820e+00 1.091e+00
-1.810e+00 7.713e-01
-1.800e+00 5.661e-01
-1.790e+00 6.740e-01
-1.780e+00 5.280e-01
-1.770e+00 5.712e-01
-1.760e+00 9.542e-01
-1.750e+00 6.172e-01
-1.740e+00 8.243e-01
-1.730e+00 6.979e-01
-1.720e+00 6.888e-01
-1.710e+00 6.389e-01
-1.700e+00 7.073e-01
-1.690e+00 5.081e-01
-1.680e+00 4.630e-01
-1.670e+00 3.660e-01
-1.660e+00 8.487e-01
-1.650e+00 6.990e-01
-1.640e+00 6.969e-01
-1.630e+00 8.911e-01
-1.620e+00 4.717e-01
-1.610e+00 5.678e-01
-1.600e+00 7.249e-01
-1.590e+00 7.188e-01
-1.580e+00 5.132e-01
-1.570e+00 3.652e-01
-1.560e+00 4.741e-01
-1.550e+00 8.661e-01
-1.540e+00 5.883e-01
-1.530e+00 3.020e-01
-1.520e+00 8.592e-01
-1.510e+00 9.943e-01
-1.500e+00 7.827e-01
-1.490e+00 1.013e+00
-1.480e+00 7.196e-01
-1.470e+00 9.362e-01
-1.460e+00 1.307e+00
-1.450e+00 1.395e+00
-1.440e+00 1.125e+00
-1.430e+00 1.175e+00
-1.420e+00 1.025e+00
-1.410e+00 1.326e+00
-1.400e+00 1.036e+00
-1.390e+00 8.867e-01
-1.380e+00 1.004e+00
-1.370e+00 1.114e+00
-1.360e+00 1.211e+00
-1.350e+00 1.078e+00
-1.340e+00 7.553e-01
-1.330e+00 9.213e-01
-1.320e+00 9.354e-01
-1.310e+00 7.986e-01
-1.300e+00 5.867e-01
-1.290e+00 1.143e+00
-1.280e+00 8.588e-01
-1.270e+00 6.976e-01
-1.260e+00 1.080e+00
-1.250e+00 4.381e-01
-1.240e+00 6.326e-01
-1.230e+00 9.387e-01
-1.220e+00 6.830e-01
-1.210e+00 2.827e-01
-1.200e+00 9.380e-01
-1.190e+00 8.197e-01
-1.180e+00 8.228e-01
-1.170e+00 6.688e-01
-1.160e+00 1.036e+00
-1.150e+00 7.148e-01
-1.140e+00 5.479e-01
-1.130e+00 3.372e-01
-1.120e+00 8.561e-01
-1.110e+00 6.584e-01
-1.100e+00 7.875e-01
-1.090e+00 1.390e+00
-1.080e+00 1.016e+00
-1.070e+00 1.071e+00
-1.060e+00 1.186e+00
-1.050e+00 1.244e+00
-1.040e+00 1.087e+00
-1.030e+00 1.124e+00
-1.020e+00 1.008e+00
-1.010e+00 1.434e+00
-1.000e+00 1.176e+00
-9.900e-01 9.125e-01
-9.800e-01 9.552e-01
-9.700e-01 8.246e-01
-9.600e-01 8.437e-01
-9.500e-01 7.079e-01
-9.400e-01 1.482e+00
-9.300e-01 1.069e+00
-9.200e-01 9.825e-01
-9.100e-01 1.318e+00
-9.000e-01 1.237e+00
-8.900e-01 5.769e-01
-8.800e-01 5.462e-01
-8.700e-01 1.210e+00
-8.600e-01 1.010e+00
-8.500e-01 7.595e-01
-8.400e-01 3.636e-01
-8.300e-01 8.859e-01
-8.200e-01 1.434e+00
-8.100e-01 1.365e+00
-8.000e-01 1.046e+00
-7.900e-01 6.359e-01
-7.800e-01 3.879e-01
-7.700e-01 6.825e-01
-7.600e-01 6.817e-01
-7.500e-01 2.995e-01
-7.400e-01 8.626e-01
-7.300e-01 9.136e-01
-7.200e-01 1.015e+00
-7.100e-01 7.187e-01
-7.000e-01 6.410e-01
-6.900e-01 7.858e-01
-6.800e-01 1.249e+00
-6.700e-01 1.078e+00
-6.600e-01 1.007e+00
-6.500e-01 1.303e+00
-6.400e-01 8.126e-01
-6.300e-01 9.894e-01
-6.200e-01 1.134e+00
-6.100e-01 9.823e-01
-6.000e-01 1.094e+00
-5.900e-01 1.312e+00
-5.800e-01 6.503e-01
-5.700e-01 1.017e+00
-5.600e-01 7.304e-01
-5.500e-01 4.033e-01
-5.400e-01 8.422e-01
-5.300e-01 1.379e+00
-5.200e-01 1.235e+00
-5.100e-01 8.562e-01
-5.000e-01 1.567e+00
-4.900e-01 1.286e+00
-4.800e-01 1.516e+00
-4.700e-01 1.541e+00
-4.600e-01 2.351e+00
-4.500e-01 2.221e+00
-4.400e-01 2.100e+00
-4.300e-01 2.300e+00
-4.200e-01 2.617e+00
-4.100e-01 2.093e+00
-4.000e-01 2.144e+00
-3.900e-01 2.672e+00
-3.800e-01 2.371e+00
-3.700e-01 2.403e+00
-3.600e-01 1.999e+00
-3.500e-01 1.868e+00
-3.400e-01 1.373e+00
-3.300e-01 2.192e+00
-3.200e-01 1.936e+00
-3.100e-01 2.244e+00
-3.000e-01 1.667e+00
-2.900e-01 1.885e+00
-2.800e-01 1.189e+00
-2.700e-01 1.866e+00
-2.600e-01 1.319e+00
-2.500e-01 2.058e+00
-2.400e-01 1.220e+00
-2.300e-01 2.143e+00
-2.200e-01 1.998e+00
-2.100e-01 1.322e+00
-2.000e-01 1.882e+00
-1.900e-01 2.845e+00
-1.800e-01 1.647e+00
-1.700e-01 1.388e+00
-1.600e-01 1.258e+00
-1.500e-01 1.515e+00
-1.400e-01 3.088e+00
-1.300e-01 5.183e+00
-1.200e-01 4.041e+00
-1.100e-01 4.888e+00
-1.000e-01 5.141e+00
-9.000e-02 6.111e+00
-8.000e-02 4.856e+00
-7.000e-02 1.010e+01
-6.000e-02 1.179e+01
-5.000e-02 1.121e+01
-4.000e-02 9.415e+00
-3.000e-02 1.522e+01
-2.000e-02 1.892e+01
-1.000e-02 2.218e+01
