# Time (ps)      real(F_0)      im(F_0)
0.000e+00 1.000e+00 0.000e+00
1.000e-01 9.400e-01 0.000e+00
2.000e-01 8.718e-01 0.000e+00
3.000e-01 8.622e-01 0.000e+00
4.000e-01 8.216e-01 0.000e+00
5.000e-01 7.983e-01 0.000e+00
6.000e-01 7.990e-01 0.000e+00
7.000e-01 8.088e-01 0.000e+00
8.000e-01 8.066e-01 0.000e+00
9.000e-01 7.797e-01 0.000e+00
1.000e+00 7.666e-01 0.000e+00
1.100e+00 7.677e-01 0.000e+00
1.200e+00 7.799e-01 0.000e+00
1.300e+00 7.626e-01 0.000e+00
1.400e+00 7.583e-01 0.000e+00
1.500e+00 7.470e-01 0.000e+00
1.600e+00 7.631e-01 0.000e+00
1.700e+00 7.397e-01 0.000e+00
1.800e+00 7.414e-01 0.000e+00
1.900e+00 7.334e-01 0.000e+00
2.000e+00 7.256e-01 0.000e+00
2.100e+00 7.267e-01 0.000e+00
2.200e+00 6.892e-01 0.000e+00
2.300e+00 7.224e-01 0.000e+00
2.400e+00 7.222e-01 0.000e+00
2.500e+00 6.604e-01 0.000e+00
2.600e+00 6.806e-01 0.000e+00
2.700e+00 6.871e-01 0.000e+00
2.800e+00 7.014e-01 0.000e+00
2.900e+00 6.797e-01 0.000e+00
3.000e+00 7.092e-01 0.000e+00
3.100e+00 7.045e-01 0.000e+00
3.200e+00 6.727e-01 0.000e+00
3.300e+00 6.434e-01 0.000e+00
3.400e+00 6.592e-01 0.000e+00
3.500e+00 6.616e-01 0.000e+00
3.600e+00 7.032e-01 0.000e+00
3.700e+00 6.634e-01 0.000e+00
3.800e+00 7.033e-01 0.000e+00
3.900e+00 6.985e-01 0.000e+00
4.000e+00 7.258e-01 0.000e+00
4.100e+00 7.298e-01 0.000e+00
4.200e+00 7.299e-01 0.000e+00
4.300e+00 7.312e-01 0.000e+00
4.400e+00 6.867e-01 0.000e+00
4.500e+00 7.248e-01 0.000e+00
4.600e+00 7.287e-01 0.000e+00
4.700e+00 7.031e-01 0.000e+00
4.800e+00 6.766e-01 0.000e+00
4.900e+00 6.914e-01 0.000e+00
5.000e+00 6.971e-01 0.000e+00
5.100e+00 6.709e-01 0.000e+00
5.200e+00 6.742e-01 0.000e+00
5.300e+00 6.745e-01 0.000e+00
5.400e+00 6.473e-01 0.000e+00
5.500e+00 6.207e-01 0.000e+00
5.600e+00 6.197e-01 0.000e+00
5.700e+00 6.321e-01 0.000e+00
5.800e+00 6.191e-01 0.000e+00
5.900e+00 6.511e-01 0.000e+00
6.000e+00 6.725e-01 0.000e+00
6.100e+00 6.797e-01 0.000e+00
6.200e+00 6.638e-01 0.000e+00
6.300e+00 6.942e-01 0.000e+00
6.400e+00 6.706e-01 0.000e+00
6.500e+00 6.585e-01 0.000e+00
6.600e+00 6.412e-01 0.000e+00
6.700e+00 6.280e-01 0.000e+00
6.800e+00 5.866e-01 0.000e+00
6.900e+00 6.187e-01 0.000e+00
7.000e+00 5.970e-01 0.000e+00
7.100e+00 5.861e-01 0.000e+00
7.200e+00 5.471e-01 0.000e+00
7.300e+00 5.704e-01 0.000e+00
7.400e+00 6.020e-01 0.000e+00
7.500e+00 5.853e-01 0.000e+00
7.600e+00 6.012e-01 0.000e+00
7.700e+00 5.902e-01 0.000e+00
7.800e+00 5.532e-01 0.000e+00
7.900e+00 5.642e-01 0.000e+00
8.000e+00 5.399e-01 0.000e+00
8.100e+00 5.464e-01 0.000e+00
8.200e+00 5.440e-01 0.000e+00
8.300e+00 4.994e-01 0.000e+00
8.400e+00 5.112e-01 0.000e+00
8.500e+00 5.096e-01 0.000e+00
8.600e+00 5.332e-01 0.000e+00
8.700e+00 5.114e-01 0.000e+00
8.800e+00 5.043e-01 0.000e+00
8.900e+00 4.593e-01 0.000e+00
9.000e+00 4.868e-01 0.000e+00
9.100e+00 4.941e-01 0.000e+00
9.200e+00 5.093e-01 0.000e+00
9.300e+00 5.115e-01 0.000e+00
9.400e+00 5.083e-01 0.000e+00
9.500e+00 5.164e-01 0.000e+00
9.600e+00 5.209e-01 0.000e+00
9.700e+00 5.208e-01 0.000e+00
9.800e+00 5.077e-01 0.000e+00
9.900e+00 4.804e-01 0.000e+00
1.000e+01 5.065e-01 0.000e+00
1.010e+01 5.259e-01 0.000e+00
1.020e+01 4.909e-01 0.000e+00
1.030e+01 5.061e-01 0.000e+00
1.040e+01 4.877e-01 0.000e+00
1.050e+01 5.071e-01 0.000e+00
1.060e+01 5.065e-01 0.000e+00
1.070e+01 5.047e-01 0.000e+00
1.080e+01 4.893e-01 0.000e+00
1.090e+01 4.621e-01 0.000e+00
1.100e+01 4.612e-01 0.000e+00
1.110e+01 4.648e-01 0.000e+00
1.120e+01 4.456e-01 0.000e+00
1.130e+01 4.776e-01 0.000e+00
1.140e+01 5.141e-01 0.000e+00
1.150e+01 4.989e-01 0.000e+00
1.160e+01 4.882e-01 0.000e+00
1.170e+01 4.813e-01 0.000e+00
1.180e+01 4.917e-01 0.000e+00
1.190e+01 4.483e-01 0.000e+00
1.200e+01 4.476e-01 0.000e+00
1.210e+01 4.545e-01 0.000e+00
1.220e+01 4.516e-01 0.000e+00
1.230e+01 4.398e-01 0.000e+00
1.240e+01 4.624e-01 0.000e+00
1.250e+01 4.308e-01 0.000e+00
1.260e+01 4.317e-01 0.000e+00
1.270e+01 4.384e-01 0.000e+00
1.280e+01 4.527e-01 0.000e+00
1.290e+01 4.323e-01 0.000e+00
1.300e+01 4.510e-01 0.000e+00
1.310e+01 4.892e-01 0.000e+00
1.320e+01 4.647e-01 0.000e+00
1.330e+01 4.603e-01 0.000e+00
1.340e+01 4.688e-01 0.000e+00
1.350e+01 4.639e-01 0.000e+00
1.360e+01 4.718e-01 0.000e+00
1.370e+01 4.823e-01 0.000e+00
1.380e+01 4.844e-01 0.000e+00
1.390e+01 4.714e-01 0.000e+00
1.400e+01 4.841e-01 0.000e+00
1.410e+01 4.575e-01 0.000e+00
1.420e+01 4.812e-01 0.000e+00
1.430e+01 5.016e-01 0.000e+00
1.440e+01 4.821e-01 0.000e+00
1.450e+01 4.853e-01 0.000e+00
1.460e+01 5.266e-01 0.000e+00
1.470e+01 5.301e-01 0.000e+00
1.480e+01 5.009e-01 0.000e+00
1.490e+01 4.848e-01 0.000e+00
1.500e+01 4.854e-01 0.000e+00
1.510e+01 4.631e-01 0.000e+00
1.520e+01 4.718e-01 0.000e+00
1.530e+01 4.763e-01 0.000e+00
1.540e+01 4.740e-01 0.000e+00
1.550e+01 4.547e-01 0.000e+00
1.560e+01 4.554e-01 0.000e+00
1.570e+01 4.824e-01 0.000e+00
1.580e+01 4.451e-01 0.000e+00
1.590e+01 4.584e-01 0.000e+00
1.600e+01 4.499e-01 0.000e+00
1.610e+01 4.762e-01 0.000e+00
1.620e+01 4.838e-01 0.000e+00
1.630e+01 4.708e-01 0.000e+00
1.640e+01 4.854e-01 0.000e+00
1.650e+01 4.830e-01 0.000e+00
1.660e+01 4.440e-01 0.000e+00
1.670e+01 4.409e-01 0.000e+00
1.680e+01 4.320e-01 0.000e+00
1.690e+01 4.332e-01 0.000e+00
1.700e+01 4.332e-01 0.000e+00
1.710e+01 4.216e-01 0.000e+00
1.720e+01 4.344e-01 0.000e+00
1.730e+01 4.236e-01 0.000e+00
1.740e+01 4.233e-01 0.000e+00
1.750e+01 4.147e-01 0.000e+00
1.760e+01 4.411e-01 0.000e+00
1.770e+01 4.412e-01 0.000e+00
1.780e+01 4.602e-01 0.000e+00
1.790e+01 4.550e-01 0.000e+00
1.800e+01 4.071e-01 0.000e+00
1.810e+01 4.004e-01 0.000e+00
1.820e+01 4.012e-01 0.000e+00
1.830e+01 3.666e-01 0.000e+00
1.840e+01 3.372e-01 0.000e+00
1.850e+01 3.514e-01 0.000e+00
1.860e+01 3.806e-01 0.000e+00
1.870e+01 3.660e-01 0.000e+00
1.880e+01 3.831e-01 0.000e+00
1.890e+01 3.701e-01 0.000e+00
1.900e+01 3.721e-01 0.000e+00
1.910e+01 3.619e-01 0.000e+00
1.920e+01 3.673e-01 0.000e+00
1.930e+01 3.677e-01 0.000e+00
1.940e+01 3.710e-01 0.000e+00
1.950e+01 3.774e-01 0.000e+00
1.960e+01 3.660e-01 0.000e+00
1.970e+01 3.385e-01 0.000e+00
1.980e+01 3.481e-01 0.000e+00
1.990e+01 3.204e-01 0.000e+00
2.000e+01 3.447e-01 0.000e+00
2.010e+01 3.512e-01 0.000e+00
2.020e+01 3.210e-01 0.000e+00
2.030e+01 3.450e-01 0.000e+00
2.040e+01 3.309e-01 0.000e+00
2.050e+01 3.323e-01 0.000e+00
2.060e+01 3.274e-01 0.000e+00
2.070e+01 3.298e-01 0.000e+00
2.080e+01 3.341e-01 0.000e+00
2.090e+01 3.227e-01 0.000e+00
2.100e+01 2.962e-01 0.000e+00
2.110e+01 3.038e-01 0.000e+00
2.120e+01 3.104e-01 0.000e+00
2.130e+01 3.072e-01 0.000e+00
2.140e+01 3.194e-01 0.000e+00
2.150e+01 3.191e-01 0.000e+00
2.160e+01 3.212e-01 0.000e+00
2.170e+01 3.292e-01 0.000e+00
2.180e+01 3.166e-01 0.000e+00
2.190e+01 2.951e-01 0.000e+00
2.200e+01 2.804e-01 0.000e+00
2.210e+01 2.921e-01 0.000e+00
2.220e+01 2.618e-01 0.000e+00
2.230e+01 2.722e-01 0.000e+00
2.240e+01 2.988e-01 0.000e+00
2.250e+01 2.858e-01 0.000e+00
2.260e+01 2.720e-01 0.000e+00
2.270e+01 2.884e-01 0.000e+00
2.280e+01 2.956e-01 0.000e+00
2.290e+01 2.933e-01 0.000e+00
2.300e+01 3.014e-01 0.000e+00
2.310e+01 3.038e-01 0.000e+00
2.320e+01 3.075e-01 0.000e+00
2.330e+01 2.896e-01 0.000e+00
2.340e+01 3.254e-01 0.000e+00
2.350e+01 3.187e-01 0.000e+00
2.360e+01 3.223e-01 0.000e+00
2.370e+01 3.200e-01 0.000e+00
2.380e+01 3.354e-01 0.000e+00
2.390e+01 3.270e-01 0.000e+00
2.400e+01 3.277e-01 0.000e+00
2.410e+01 3.040e-01 0.000e+00
2.420e+01 3.228e-01 0.000e+00
2.430e+01 3.270e-01 0.000e+00
2.440e+01 3.195e-01 0.000e+00
2.450e+01 2.866e-01 0.000e+00
2.460e+01 3.302e-01 0.000e+00
2.470e+01 3.293e-01 0.000e+00
2.480e+01 3.280e-01 0.000e+00
2.490e+01 2.960e-01 0.000e+00
2.500e+01 3.192e-01 0.000e+00
2.510e+01 2.707e-01 0.000e+00
2.520e+01 2.878e-01 0.000e+00
2.530e+01 2.857e-01 0.000e+00
2.540e+01 2.703e-01 0.000e+00
2.550e+01 2.725e-01 0.000e+00
2.560e+01 2.830e-01 0.000e+00
2.570e+01 2.667e-01 0.000e+00
2.580e+01 2.427e-01 0.000e+00
2.590e+01 2.541e-01 0.000e+00
2.600e+01 2.577e-01 0.000e+00
2.610e+01 2.764e-01 0.000e+00
2.620e+01 2.627e-01 0.000e+00
2.630e+01 2.723e-01 0.000e+00
2.640e+01 2.783e-01 0.000e+00
2.650e+01 2.932e-01 0.000e+00
2.660e+01 2.532e-01 0.000e+00
2.670e+01 2.373e-01 0.000e+00
2.680e+01 2.483e-01 0.000e+00
2.690e+01 2.585e-01 0.000e+00
2.700e+01 2.551e-01 0.000e+00
2.710e+01 2.690e-01 0.000e+00
2.720e+01 2.516e-01 0.000e+00
2.730e+01 2.312e-01 0.000e+00
2.740e+01 2.429e-01 0.000e+00
2.750e+01 2.391e-01 0.000e+00
2.760e+01 2.637e-01 0.000e+00
2.770e+01 2.643e-01 0.000e+00
2.780e+01 2.686e-01 0.000e+00
2.790e+01 2.557e-01 0.000e+00
2.800e+01 2.482e-01 0.000e+00
2.810e+01 2.519e-01 0.000e+00
2.820e+01 2.734e-01 0.000e+00
2.830e+01 2.654e-01 0.000e+00
2.840e+01 2.478e-01 0.000e+00
2.850e+01 2.490e-01 0.000e+00
2.860e+01 2.586e-01 0.000e+00
2.870e+01 2.304e-01 0.000e+00
2.880e+01 2.480e-01 0.000e+00
2.890e+01 2.281e-01 0.000e+00
2.900e+01 2.614e-01 0.000e+00
2.910e+01 2.538e-01 0.000e+00
2.920e+01 2.555e-01 0.000e+00
2.930e+01 2.656e-01 0.000e+00
2.940e+01 2.570e-01 0.000e+00
2.950e+01 2.525e-01 0.000e+00
2.960e+01 2.513e-01 0.000e+00
2.970e+01 2.408e-01 0.000e+00
2.980e+01 2.571e-01 0.000e+00
2.990e+01 2.448e-01 0.000e+00
3.000e+01 2.477e-01 0.000e+00
3.010e+01 2.342e-01 0.000e+00
3.020e+01 2.297e-01 0.000e+00
3.030e+01 2.417e-01 0.000e+00
3.040e+01 2.368e-01 0.000e+00
3.050e+01 2.240e-01 0.000e+00
3.060e+01 2.243e-01 0.000e+00
3.070e+01 2.180e-01 0.000e+00
3.080e+01 2.446e-01 0.000e+00
3.090e+01 2.281e-01 0.000e+00
3.100e+01 2.121e-01 0.000e+00
3.110e+01 2.147e-01 0.000e+00
3.120e+01 2.113e-01 0.000e+00
3.130e+01 2.092e-01 0.000e+00
3.140e+01 2.151e-01 0.000e+00
3.150e+01 2.230e-01 0.000e+00
3.160e+01 2.089e-01 0.000e+00
3.170e+01 2.107e-01 0.000e+00
3.180e+01 2.329e-01 0.000e+00
3.190e+01 2.121e-01 0.000e+00
3.200e+01 2.166e-01 0.000e+00
3.210e+01 2.336e-01 0.000e+00
3.220e+01 2.247e-01 0.000e+00
3.230e+01 2.163e-01 0.000e+00
3.240e+01 2.167e-01 0.000e+00
3.250e+01 2.152e-01 0.000e+00
3.260e+01 2.153e-01 0.000e+00
3.270e+01 2.169e-01 0.000e+00
3.280e+01 2.205e-01 0.000e+00
3.290e+01 1.967e-01 0.000e+00
3.300e+01 2.052e-01 0.000e+00
3.310e+01 2.282e-01 0.000e+00
3.320e+01 2.136e-01 0.000e+00
3.330e+01 1.983e-01 0.000e+00
3.340e+01 1.994e-01 0.000e+00
3.350e+01 2.097e-01 0.000e+00
3.360e+01 2.119e-01 0.000e+00
3.370e+01 2.103e-01 0.000e+00
3.380e+01 2.135e-01 0.000e+00
3.390e+01 2.065e-01 0.000e+00
3.400e+01 2.040e-01 0.000e+00
3.410e+01 1.972e-01 0.000e+00
3.420e+01 2.249e-01 0.000e+00
3.430e+01 2.228e-01 0.000e+00
3.440e+01 2.132e-01 0.000e+00
3.450e+01 2.050e-01 0.000e+00
3.460e+01 2.126e-01 0.000e+00
3.470e+01 2.143e-01 0.000e+00
3.480e+01 2.153e-01 0.000e+00
3.490e+01 2.065e-01 0.000e+00
3.500e+01 2.220e-01 0.000e+00
3.510e+01 2.206e-01 0.000e+00
3.520e+01 2.043e-01 0.000e+00
3.530e+01 2.096e-01 0.000e+00
3.540e+01 1.919e-01 0.000e+00
3.550e+01 1.889e-01 0.000e+00
3.560e+01 2.072e-01 0.000e+00
3.570e+01 1.902e-01 0.000e+00
3.580e+01 1.904e-01 0.000e+00
3.590e+01 1.919e-01 0.000e+00
3.600e+01 1.953e-01 0.000e+00
3.610e+01 2.127e-01 0.000e+00
3.620e+01 2.078e-01 0.000e+00
3.630e+01 2.049e-01 0.000e+00
3.640e+01 2.264e-01 0.000e+00
3.650e+01 2.200e-01 0.000e+00
3.660e+01 1.972e-01 0.000e+00
3.670e+01 1.827e-01 0.000e+00
3.680e+01 1.892e-01 0.000e+00
3.690e+01 1.955e-01 0.000e+00
3.700e+01 1.925e-01 0.000e+00
3.710e+01 1.941e-01 0.000e+00
3.720e+01 1.957e-01 0.000e+00
3.730e+01 1.970e-01 0.000e+00
3.740e+01 1.911e-01 0.000e+00
3.750e+01 2.014e-01 0.000e+00
3.760e+01 2.070e-01 0.000e+00
3.770e+01 1.942e-01 0.000e+00
3.780e+01 2.036e-01 0.000e+00
3.790e+01 1.974e-01 0.000e+00
3.800e+01 1.998e-01 0.000e+00
3.810e+01 1.932e-01 0.000e+00
3.820e+01 1.779e-01 0.000e+00
3.830e+01 1.937e-01 0.000e+00
3.840e+01 1.847e-01 0.000e+00
3.850e+01 1.812e-01 0.000e+00
3.860e+01 1.861e-01 0.000e+00
3.870e+01 1.799e-01 0.000e+00
3.880e+01 1.847e-01 0.000e+00
3.890e+01 1.830e-01 0.000e+00
3.900e+01 2.042e-01 0.000e+00
3.910e+01 2.061e-01 0.000e+00
3.920e+01 2.054e-01 0.000e+00
3.930e+01 2.033e-01 0.000e+00
3.940e+01 2.113e-01 0.000e+00
3.950e+01 1.936e-01 0.000e+00
3.960e+01 2.076e-01 0.000e+00
3.970e+01 2.021e-01 0.000e+00
3.980e+01 1.937e-01 0.000e+00
3.990e+01 1.785e-01 0.000e+00
4.000e+01 1.812e-01 0.000e+00
4.010e+01 1.973e-01 0.000e+00
4.020e+01 1.795e-01 0.000e+00
4.030e+01 1.923e-01 0.000e+00
4.040e+01 1.970e-01 0.000e+00
4.050e+01 2.166e-01 0.000e+00
4.060e+01 2.218e-01 0.000e+00
4.070e+01 2.004e-01 0.000e+00
4.080e+01 1.863e-01 0.000e+00
4.090e+01 1.865e-01 0.000e+00
4.100e+01 1.775e-01 0.000e+00
4.110e+01 1.892e-01 0.000e+00
4.120e+01 1.761e-01 0.000e+00
4.130e+01 1.806e-01 0.000e+00
4.140e+01 2.024e-01 0.000e+00
4.150e+01 1.865e-01 0.000e+00
4.160e+01 1.934e-01 0.000e+00
4.170e+01 1.857e-01 0.000e+00
4.180e+01 1.863e-01 0.000e+00
4.190e+01 1.832e-01 0.000e+00
4.200e+01 1.835e-01 0.000e+00
4.210e+01 1.856e-01 0.000e+00
4.220e+01 1.996e-01 0.000e+00
4.230e+01 1.985e-01 0.000e+00
4.240e+01 2.046e-01 0.000e+00
4.250e+01 1.873e-01 0.000e+00
4.260e+01 1.773e-01 0.000e+00
4.270e+01 1.874e-01 0.000e+00
4.280e+01 1.958e-01 0.000e+00
4.290e+01 1.854e-01 0.000e+00
4.300e+01 1.817e-01 0.000e+00
4.310e+01 1.842e-01 0.000e+00
4.320e+01 1.950e-01 0.000e+00
4.330e+01 1.936e-01 0.000e+00
4.340e+01 1.848e-01 0.000e+00
4.350e+01 1.851e-01 0.000e+00
4.360e+01 1.832e-01 0.000e+00
4.370e+01 2.162e-01 0.000e+00
4.380e+01 1.856e-01 0.000e+00
4.390e+01 1.810e-01 0.000e+00
4.400e+01 1.806e-01 0.000e+00
4.410e+01 1.530e-01 0.000e+00
4.420e+01 1.750e-01 0.000e+00
4.430e+01 1.839e-01 0.000e+00
4.440e+01 1.664e-01 0.000e+00
4.450e+01 1.686e-01 0.000e+00
4.460e+01 1.878e-01 0.000e+00
4.470e+01 1.856e-01 0.000e+00
4.480e+01 1.796e-01 0.000e+00
4.490e+01 1.691e-01 0.000e+00
4.500e+01 1.803e-01 0.000e+00
4.510e+01 1.773e-01 0.000e+00
4.520e+01 1.673e-01 0.000e+00
4.530e+01 1.664e-01 0.000e+00
4.540e+01 1.645e-01 0.000e+00
4.550e+01 1.454e-01 0.000e+00
4.560e+01 1.604e-01 0.000e+00
4.570e+01 1.545e-01 0.000e+00
4.580e+01 1.535e-01 0.000e+00
4.590e+01 1.569e-01 0.000e+00
4.600e+01 1.572e-01 0.000e+00
4.610e+01 1.713e-01 0.000e+00
4.620e+01 1.641e-01 0.000e+00
4.630e+01 1.627e-01 0.000e+00
4.640e+01 1.571e-01 0.000e+00
4.650e+01 1.681e-01 0.000e+00
4.660e+01 1.667e-01 0.000e+00
4.670e+01 1.482e-01 0.000e+00
4.680e+01 1.587e-01 0.000e+00
4.690e+01 1.589e-01 0.000e+00
4.700e+01 1.442e-01 0.000e+00
4.710e+01 1.449e-01 0.000e+00
4.720e+01 1.529e-01 0.000e+00
4.730e+01 1.540e-01 0.000e+00
4.740e+01 1.401e-01 0.000e+00
4.750e+01 1.576e-01 0.000e+00
4.760e+01 1.592e-01 0.000e+00
4.770e+01 1.643e-01 0.000e+00
4.780e+01 1.770e-01 0.000e+00
4.790e+01 1.627e-01 0.000e+00
4.800e+01 1.605e-01 0.000e+00
4.810e+01 1.418e-01 0.000e+00
4.820e+01 1.307e-01 0.000e+00
4.830e+01 1.345e-01 0.000e+00
4.840e+01 1.337e-01 0.000e+00
4.850e+01 1.340e-01 0.000e+00
4.860e+01 1.339e-01 0.000e+00
4.870e+01 1.309e-01 0.000e+00
4.880e+01 1.380e-01 0.000e+00
4.890e+01 1.369e-01 0.000e+00
4.900e+01 1.442e-01 0.000e+00
4.910e+01 1.515e-01 0.000e+00
4.920e+01 1.492e-01 0.000e+00
4.930e+01 1.493e-01 0.000e+00
4.940e+01 1.457e-01 0.000e+00
4.950e+01 1.434e-01 0.000e+00
4.960e+01 1.401e-01 0.000e+00
4.970e+01 1.382e-01 0.000e+00
4.980e+01 1.416e-01 0.000e+00
4.990e+01 1.422e-01 0.000e+00
5.000e+01 1.378e-01 0.000e+00
5.010e+01 1.374e-01 0.000e+00
5.020e+01 1.346e-01 0.000e+00
5.030e+01 1.361e-01 0.000e+00
5.040e+01 1.247e-01 0.000e+00
5.050e+01 1.382e-01 0.000e+00
5.060e+01 1.408e-01 0.000e+00
5.070e+01 1.317e-01 0.000e+00
5.080e+01 1.333e-01 0.000e+00
5.090e+01 1.264e-01 0.000e+00
5.100e+01 1.228e-01 0.000e+00
5.110e+01 1.302e-01 0.000e+00
5.120e+01 1.274e-01 0.000e+00
5.130e+01 1.265e-01 0.000e+00
5.140e+01 1.317e-01 0.000e+00
5.150e+01 1.300e-01 0.000e+00
5.160e+01 1.343e-01 0.000e+00
5.170e+01 1.339e-01 0.000e+00
5.180e+01 1.346e-01 0.000e+00
5.190e+01 1.318e-01 0.000e+00
5.200e+01 1.343e-01 0.000e+00
5.210e+01 1.409e-01 0.000e+00
5.220e+01 1.425e-01 0.000e+00
5.230e+01 1.422e-01 0.000e+00
5.240e+01 1.324e-01 0.000e+00
5.250e+01 1.249e-01 0.000e+00
5.260e+01 1.203e-01 0.000e+00
5.270e+01 1.333e-01 0.000e+00
5.280e+01 1.305e-01 0.000e+00
5.290e+01 1.239e-01 0.000e+00
5.300e+01 1.348e-01 0.000e+00
5.310e+01 1.367e-01 0.000e+00
5.320e+01 1.400e-01 0.000e+00
5.330e+01 1.338e-01 0.000e+00
5.340e+01 1.265e-01 0.000e+00
5.350e+01 1.252e-01 0.000e+00
5.360e+01 1.323e-01 0.000e+00
5.370e+01 1.441e-01 0.000e+00
5.380e+01 1.319e-01 0.000e+00
5.390e+01 1.356e-01 0.000e+00
5.400e+01 1.367e-01 0.000e+00
5.410e+01 1.202e-01 0.000e+00
5.420e+01 1.154e-01 0.000e+00
5.430e+01 1.241e-01 0.000e+00
5.440e+01 1.264e-01 0.000e+00
5.450e+01 1.118e-01 0.000e+00
5.460e+01 1.209e-01 0.000e+00
5.470e+01 1.161e-01 0.000e+00
5.480e+01 1.233e-01 0.000e+00
5.490e+01 1.175e-01 0.000e+00
5.500e+01 1.209e-01 0.000e+00
5.510e+01 1.245e-01 0.000e+00
5.520e+01 1.177e-01 0.000e+00
5.530e+01 1.245e-01 0.000e+00
5.540e+01 1.247e-01 0.000e+00
5.550e+01 1.189e-01 0.000e+00
5.560e+01 1.378e-01 0.000e+00
5.570e+01 1.243e-01 0.000e+00
5.580e+01 1.446e-01 0.000e+00
5.590e+01 1.360e-01 0.000e+00
5.600e+01 1.339e-01 0.000e+00
5.610e+01 1.401e-01 0.000e+00
5.620e+01 1.279e-01 0.000e+00
5.630e+01 1.258e-01 0.000e+00
5.640e+01 1.236e-01 0.000e+00
5.650e+01 1.354e-01 0.000e+00
5.660e+01 1.375e-01 0.000e+00
5.670e+01 1.443e-01 0.000e+00
5.680e+01 1.462e-01 0.000e+00
5.690e+01 1.447e-01 0.000e+00
5.700e+01 1.263e-01 0.000e+00
5.710e+01 1.308e-01 0.000e+00
5.720e+01 1.415e-01 0.000e+00
5.730e+01 1.305e-01 0.000e+00
5.740e+01 1.353e-01 0.000e+00
5.750e+01 1.448e-01 0.000e+00
5.760e+01 1.389e-01 0.000e+00
5.770e+01 1.258e-01 0.000e+00
5.780e+01 1.352e-01 0.000e+00
5.790e+01 1.404e-01 0.000e+00
5.800e+01 1.387e-01 0.000e+00
5.810e+01 1.461e-01 0.000e+00
5.820e+01 1.329e-01 0.000e+00
5.830e+01 1.244e-01 0.000e+00
5.840e+01 1.280e-01 0.000e+00
5.850e+01 1.288e-01 0.000e+00
5.860e+01 1.205e-01 0.000e+00
5.870e+01 1.210e-01 0.000e+00
5.880e+01 1.134e-01 0.000e+00
5.890e+01 1.170e-01 0.000e+00
5.900e+01 1.195e-01 0.000e+00
5.910e+01 1.247e-01 0.000e+00
5.920e+01 1.346e-01 0.000e+00
5.930e+01 1.386e-01 0.000e+00
5.940e+01 1.298e-01 0.000e+00
5.950e+01 1.214e-01 0.000e+00
5.960e+01 1.204e-01 0.000e+00
5.970e+01 1.196e-01 0.000e+00
5.980e+01 1.194e-01 0.000e+00
5.990e+01 1.309e-01 0.000e+00
6.000e+01 1.226e-01 0.000e+00
6.010e+01 1.219e-01 0.000e+00
6.020e+01 1.189e-01 0.000e+00
6.030e+01 1.242e-01 0.000e+00
6.040e+01 1.077e-01 0.000e+00
6.050e+01 1.225e-01 0.000e+00
6.060e+01 1.308e-01 0.000e+00
6.070e+01 1.276e-01 0.000e+00
6.080e+01 1.328e-01 0.000e+00
6.090e+01 1.235e-01 0.000e+00
6.100e+01 1.130e-01 0.000e+00
6.110e+01 1.283e-01 0.000e+00
6.120e+01 1.371e-01 0.000e+00
6.130e+01 1.406e-01 0.000e+00
6.140e+01 1.374e-01 0.000e+00
6.150e+01 1.440e-01 0.000e+00
6.160e+01 1.481e-01 0.000e+00
6.170e+01 1.406e-01 0.000e+00
6.180e+01 1.429e-01 0.000e+00
6.190e+01 1.541e-01 0.000e+00
6.200e+01 1.439e-01 0.000e+00
6.210e+01 1.539e-01 0.000e+00
6.220e+01 1.627e-01 0.000e+00
6.230e+01 1.582e-01 0.000e+00
6.240e+01 1.609e-01 0.000e+00
6.250e+01 1.530e-01 0.000e+00
6.260e+01 1.398e-01 0.000e+00
6.270e+01 1.436e-01 0.000e+00
6.280e+01 1.311e-01 0.000e+00
6.290e+01 1.262e-01 0.000e+00
6.300e+01 1.370e-01 0.000e+00
6.310e+01 1.405e-01 0.000e+00
6.320e+01 1.423e-01 0.000e+00
6.330e+01 1.388e-01 0.000e+00
6.340e+01 1.293e-01 0.000e+00
6.350e+01 1.340e-01 0.000e+00
6.360e+01 1.473e-01 0.000e+00
6.370e+01 1.558e-01 0.000e+00
6.380e+01 1.366e-01 0.000e+00
6.390e+01 1.341e-01 0.000e+00
6.400e+01 1.406e-01 0.000e+00
6.410e+01 1.215e-01 0.000e+00
6.420e+01 1.129e-01 0.000e+00
6.430e+01 1.224e-01 0.000e+00
6.440e+01 1.289e-01 0.000e+00
6.450e+01 1.140e-01 0.000e+00
6.460e+01 1.279e-01 0.000e+00
6.470e+01 1.188e-01 0.000e+00
6.480e+01 1.251e-01 0.000e+00
6.490e+01 1.212e-01 0.000e+00
6.500e+01 1.208e-01 0.000e+00
6.510e+01 1.249e-01 0.000e+00
6.520e+01 1.204e-01 0.000e+00
6.530e+01 1.278e-01 0.000e+00
6.540e+01 1.349e-01 0.000e+00
6.550e+01 1.204e-01 0.000e+00
6.560e+01 1.404e-01 0.000e+00
6.570e+01 1.335e-01 0.000e+00
6.580e+01 1.413e-01 0.000e+00
6.590e+01 1.303e-01 0.000e+00
6.600e+01 1.299e-01 0.000e+00
6.610e+01 1.426e-01 0.000e+00
6.620e+01 1.305e-01 0.000e+00
6.630e+01 1.281e-01 0.000e+00
6.640e+01 1.235e-01 0.000e+00
6.650e+01 1.357e-01 0.000e+00
6.660e+01 1.406e-01 0.000e+00
6.670e+01 1.479e-01 0.000e+00
6.680e+01 1.424e-01 0.000e+00
6.690e+01 1.368e-01 0.000e+00
6.700e+01 1.187e-01 0.000e+00
6.710e+01 1.290e-01 0.000e+00
6.720e+01 1.433e-01 0.000e+00
6.730e+01 1.376e-01 0.000e+00
6.740e+01 1.354e-01 0.000e+00
6.750e+01 1.498e-01 0.000e+00
6.760e+01 1.451e-01 0.000e+00
6.770e+01 1.379e-01 0.000e+00
6.780e+01 1.406e-01 0.000e+00
6.790e+01 1.418e-01 0.000e+00
6.800e+01 1.377e-01 0.000e+00
6.810e+01 1.412e-01 0.000e+00
6.820e+01 1.274e-01 0.000e+00
6.830e+01 1.149e-01 0.000e+00
6.840e+01 1.232e-01 0.000e+00
6.850e+01 1.275e-01 0.000e+00
6.860e+01 1.166e-01 0.000e+00
6.870e+01 1.189e-01 0.000e+00
6.880e+01 1.148e-01 0.000e+00
6.890e+01 1.132e-01 0.000e+00
6.900e+01 1.103e-01 0.000e+00
6.910e+01 1.119e-01 0.000e+00
6.920e+01 1.232e-01 0.000e+00
6.930e+01 1.297e-01 0.000e+00
6.940e+01 1.199e-01 0.000e+00
6.950e+01 1.149e-01 0.000e+00
6.960e+01 1.101e-01 0.000e+00
6.970e+01 1.055e-01 0.000e+00
6.980e+01 1.087e-01 0.000e+00
6.990e+01 1.162e-01 0.000e+00
7.000e+01 1.107e-01 0.000e+00
7.010e+01 1.103e-01 0.000e+00
7.020e+01 1.062e-01 0.000e+00
7.030e+01 1.068e-01 0.000e+00
7.040e+01 9.955e-02 0.000e+00
7.050e+01 1.108e-01 0.000e+00
7.060e+01 1.187e-01 0.000e+00
7.070e+01 1.169e-01 0.000e+00
7.080e+01 1.204e-01 0.000e+00
7.090e+01 1.136e-01 0.000e+00
7.100e+01 1.123e-01 0.000e+00
7.110e+01 1.237e-01 0.000e+00
7.120e+01 1.286e-01 0.000e+00
7.130e+01 1.325e-01 0.000e+00
7.140e+01 1.313e-01 0.000e+00
7.150e+01 1.321e-01 0.000e+00
7.160e+01 1.450e-01 0.000e+00
7.170e+01 1.342e-01 0.000e+00
7.180e+01 1.396e-01 0.000e+00
7.190e+01 1.435e-01 0.000e+00
7.200e+01 1.401e-01 0.000e+00
7.210e+01 1.381e-01 0.000e+00
7.220e+01 1.494e-01 0.000e+00
7.230e+01 1.422e-01 0.000e+00
7.240e+01 1.440e-01 0.000e+00
7.250e+01 1.409e-01 0.000e+00
7.260e+01 1.282e-01 0.000e+00
7.270e+01 1.278e-01 0.000e+00
7.280e+01 1.165e-01 0.000e+00
7.290e+01 1.089e-01 0.000e+00
7.300e+01 1.185e-01 0.000e+00
7.310e+01 1.204e-01 0.000e+00
7.320e+01 1.209e-01 0.000e+00
7.330e+01 1.207e-01 0.000e+00
7.340e+01 1.118e-01 0.000e+00
7.350e+01 1.115e-01 0.000e+00
7.360e+01 1.208e-01 0.000e+00
7.370e+01 1.330e-01 0.000e+00
7.380e+01 1.133e-01 0.000e+00
7.390e+01 1.064e-01 0.000e+00
7.400e+01 1.148e-01 0.000e+00
7.410e+01 1.014e-01 0.000e+00
7.420e+01 9.821e-02 0.000e+00
7.430e+01 1.007e-01 0.000e+00
7.440e+01 1.030e-01 0.000e+00
7.450e+01 9.871e-02 0.000e+00
7.460e+01 1.040e-01 0.000e+00
7.470e+01 9.313e-02 0.000e+00
7.480e+01 1.009e-01 0.000e+00
7.490e+01 9.525e-02 0.000e+00
7.500e+01 9.734e-02 0.000e+00
7.510e+01 1.026e-01 0.000e+00
7.520e+01 1.051e-01 0.000e+00
7.530e+01 1.137e-01 0.000e+00
7.540e+01 1.200e-01 0.000e+00
7.550e+01 1.076e-01 0.000e+00
7.560e+01 1.221e-01 0.000e+00
7.570e+01 1.175e-01 0.000e+00
7.580e+01 1.300e-01 0.000e+00
7.590e+01 1.121e-01 0.000e+00
7.600e+01 1.110e-01 0.000e+00
7.610e+01 1.219e-01 0.000e+00
7.620e+01 1.053e-01 0.000e+00
7.630e+01 1.051e-01 0.000e+00
7.640e+01 1.031e-01 0.000e+00
7.650e+01 1.044e-01 0.000e+00
7.660e+01 1.155e-01 0.000e+00
7.670e+01 1.357e-01 0.000e+00
7.680e+01 1.321e-01 0.000e+00
7.690e+01 1.232e-01 0.000e+00
7.700e+01 1.059e-01 0.000e+00
7.710e+01 1.089e-01 0.000e+00
7.720e+01 1.177e-01 0.000e+00
7.730e+01 1.120e-01 0.000e+00
7.740e+01 1.168e-01 0.000e+00
7.750e+01 1.237e-01 0.000e+00
7.760e+01 1.274e-01 0.000e+00
7.770e+01 1.153e-01 0.000e+00
7.780e+01 1.174e-01 0.000e+00
7.790e+01 1.207e-01 0.000e+00
7.800e+01 1.115e-01 0.000e+00
7.810e+01 1.224e-01 0.000e+00
7.820e+01 1.220e-01 0.000e+00
7.830e+01 1.026e-01 0.000e+00
7.840e+01 1.114e-01 0.000e+00
7.850e+01 1.118e-01 0.000e+00
7.860e+01 1.028e-01 0.000e+00
7.870e+01 1.056e-01 0.000e+00
7.880e+01 9.683e-02 0.000e+00
7.890e+01 9.731e-02 0.000e+00
7.900e+01 9.236e-02 0.000e+00
7.910e+01 1.047e-01 0.000e+00
7.920e+01 1.135e-01 0.000e+00
7.930e+01 1.135e-01 0.000e+00
7.940e+01 1.049e-01 0.000e+00
7.950e+01 9.845e-02 0.000e+00
7.960e+01 9.603e-02 0.000e+00
7.970e+01 9.173e-02 0.000e+00
7.980e+01 9.610e-02 0.000e+00
7.990e+01 9.780e-02 0.000e+00
8.000e+01 9.751e-02 0.000e+00
8.010e+01 9.984e-02 0.000e+00
8.020e+01 8.770e-02 0.000e+00
8.030e+01 8.940e-02 0.000e+00
8.040e+01 8.834e-02 0.000e+00
8.050e+01 9.101e-02 0.000e+00
8.060e+01 1.045e-01 0.000e+00
8.070e+01 1.048e-01 0.000e+00
8.080e+01 1.151e-01 0.000e+00
8.090e+01 1.053e-01 0.000e+00
8.100e+01 1.087e-01 0.000e+00
8.110e+01 1.096e-01 0.000e+00
8.120e+01 1.165e-01 0.000e+00
8.130e+01 1.241e-01 0.000e+00
8.140e+01 1.231e-01 0.000e+00
8.150e+01 1.183e-01 0.000e+00
8.160e+01 1.297e-01 0.000e+00
8.170e+01 1.197e-01 0.000e+00
8.180e+01 1.256e-01 0.000e+00
8.190e+01 1.306e-01 0.000e+00
8.200e+01 1.278e-01 0.000e+00
8.210e+01 1.190e-01 0.000e+00
8.220e+01 1.342e-01 0.000e+00
8.230e+01 1.162e-01 0.000e+00
8.240e+01 1.245e-01 0.000e+00
8.250e+01 1.270e-01 0.000e+00
8.260e+01 1.101e-01 0.000e+00
8.270e+01 1.019e-01 0.000e+00
8.280e+01 9.531e-02 0.000e+00
8.290e+01 9.140e-02 0.000e+00
8.300e+01 9.901e-02 0.000e+00
8.310e+01 1.051e-01 0.000e+00
8.320e+01 1.033e-01 0.000e+00
8.330e+01 1.031e-01 0.000e+00
8.340e+01 1.029e-01 0.000e+00
8.350e+01 1.009e-01 0.000e+00
8.360e+01 1.064e-01 0.000e+00
8.370e+01 1.078e-01 0.000e+00
8.380e+01 9.800e-02 0.000e+00
8.390e+01 9.173e-02 0.000e+00
8.400e+01 9.717e-02 0.000e+00
8.410e+01 8.907e-02 0.000e+00
8.420e+01 9.064e-02 0.000e+00
8.430e+01 8.308e-02 0.000e+00
8.440e+01 8.957e-02 0.000e+00
8.450e+01 9.424e-02 0.000e+00
8.460e+01 9.366e-02 0.000e+00
8.470e+01 8.132e-02 0.000e+00
8.480e+01 8.665e-02 0.000e+00
8.490e+01 8.479e-02 0.000e+00
8.500e+01 8.668e-02 0.000e+00
8.510e+01 9.009e-02 0.000e+00
8.520e+01 9.691e-02 0.000e+00
8.530e+01 1.044e-01 0.000e+00
8.540e+01 1.079e-01 0.000e+00
8.550e+01 9.894e-02 0.000e+00
8.560e+01 1.096e-01 0.000e+00
8.570e+01 9.778e-02 0.000e+00
8.580e+01 1.075e-01 0.000e+00
8.590e+01 9.321e-02 0.000e+00
8.600e+01 9.802e-02 0.000e+00
8.610e+01 1.064e-01 0.000e+00
8.620e+01 9.939e-02 0.000e+00
8.630e+01 9.630e-02 0.000e+00
8.640e+01 9.071e-02 0.000e+00
8.650e+01 9.873e-02 0.000e+00
8.660e+01 1.021e-01 0.000e+00
8.670e+01 1.142e-01 0.000e+00
8.680e+01 1.170e-01 0.000e+00
8.690e+01 1.062e-01 0.000e+00
8.700e+01 9.708e-02 0.000e+00
8.710e+01 1.015e-01 0.000e+00
8.720e+01 1.106e-01 0.000e+00
8.730e+01 1.036e-01 0.000e+00
8.740e+01 1.040e-01 0.000e+00
8.750e+01 1.082e-01 0.000e+00
8.760e+01 1.094e-01 0.000e+00
8.770e+01 1.032e-01 0.000e+00
8.780e+01 1.022e-01 0.000e+00
8.790e+01 1.043e-01 0.000e+00
8.800e+01 9.519e-02 0.000e+00
8.810e+01 1.076e-01 0.000e+00
8.820e+01 1.089e-01 0.000e+00
8.830e+01 9.804e-02 0.000e+00
8.840e+01 1.039e-01 0.000e+00
8.850e+01 1.047e-01 0.000e+00
8.860e+01 9.676e-02 0.000e+00
8.870e+01 1.029e-01 0.000e+00
8.880e+01 9.021e-02 0.000e+00
8.890e+01 8.802e-02 0.000e+00
8.900e+01 8.713e-02 0.000e+00
8.910e+01 8.946e-02 0.000e+00
8.920e+01 9.625e-02 0.000e+00
8.930e+01 9.087e-02 0.000e+00
8.940e+01 9.213e-02 0.000e+00
8.950e+01 8.464e-02 0.000e+00
8.960e+01 8.492e-02 0.000e+00
8.970e+01 7.785e-02 0.000e+00
8.980e+01 7.980e-02 0.000e+00
8.990e+01 7.734e-02 0.000e+00
9.000e+01 8.275e-02 0.000e+00
9.010e+01 8.335e-02 0.000e+00
9.020e+01 7.577e-02 0.000e+00
9.030e+01 8.183e-02 0.000e+00
9.040e+01 7.962e-02 0.000e+00
9.050e+01 8.552e-02 0.000e+00
9.060e+01 9.316e-02 0.000e+00
9.070e+01 9.036e-02 0.000e+00
9.080e+01 1.017e-01 0.000e+00
9.090e+01 9.120e-02 0.000e+00
9.100e+01 9.702e-02 0.000e+00
9.110e+01 9.899e-02 0.000e+00
9.120e+01 1.090e-01 0.000e+00
9.130e+01 1.151e-01 0.000e+00
9.140e+01 1.153e-01 0.000e+00
9.150e+01 1.103e-01 0.000e+00
9.160e+01 1.189e-01 0.000e+00
9.170e+01 1.087e-01 0.000e+00
9.180e+01 1.133e-01 0.000e+00
9.190e+01 1.187e-01 0.000e+00
9.200e+01 1.175e-01 0.000e+00
9.210e+01 1.126e-01 0.000e+00
9.220e+01 1.208e-01 0.000e+00
9.230e+01 1.103e-01 0.000e+00
9.240e+01 1.155e-01 0.000e+00
9.250e+01 1.170e-01 0.000e+00
9.260e+01 1.022e-01 0.000e+00
9.270e+01 9.733e-02 0.000e+00
9.280e+01 9.211e-02 0.000e+00
9.290e+01 8.842e-02 0.000e+00
9.300e+01 8.780e-02 0.000e+00
9.310e+01 9.676e-02 0.000e+00
9.320e+01 9.824e-02 0.000e+00
9.330e+01 9.150e-02 0.000e+00
9.340e+01 8.899e-02 0.000e+00
9.350e+01 8.929e-02 0.000e+00
9.360e+01 8.970e-02 0.000e+00
9.370e+01 9.229e-02 0.000e+00
9.380e+01 8.418e-02 0.000e+00
9.390e+01 7.954e-02 0.000e+00
9.400e+01 8.506e-02 0.000e+00
9.410e+01 7.537e-02 0.000e+00
9.420e+01 7.678e-02 0.000e+00
9.430e+01 7.544e-02 0.000e+00
9.440e+01 7.520e-02 0.000e+00
9.450e+01 7.916e-02 0.000e+00
9.460e+01 8.307e-02 0.000e+00
9.470e+01 7.451e-02 0.000e+00
9.480e+01 7.921e-02 0.000e+00
9.490e+01 7.633e-02 0.000e+00
9.500e+01 7.936e-02 0.000e+00
9.510e+01 8.502e-02 0.000e+00
9.520e+01 8.850e-02 0.000e+00
9.530e+01 8.675e-02 0.000e+00
9.540e+01 9.425e-02 0.000e+00
9.550e+01 8.192e-02 0.000e+00
9.560e+01 9.192e-02 0.000e+00
9.570e+01 8.152e-02 0.000e+00
9.580e+01 8.347e-02 0.000e+00
9.590e+01 7.813e-02 0.000e+00
9.600e+01 8.259e-02 0.000e+00
9.610e+01 8.616e-02 0.000e+00
9.620e+01 8.038e-02 0.000e+00
9.630e+01 8.152e-02 0.000e+00
9.640e+01 8.188e-02 0.000e+00
9.650e+01 8.750e-02 0.000e+00
9.660e+01 8.774e-02 0.000e+00
9.670e+01 9.116e-02 0.000e+00
9.680e+01 8.593e-02 0.000e+00
9.690e+01 8.352e-02 0.000e+00
9.700e+01 7.742e-02 0.000e+00
9.710e+01 7.881e-02 0.000e+00
9.720e+01 7.992e-02 0.000e+00
9.730e+01 7.623e-02 0.000e+00
9.740e+01 8.267e-02 0.000e+00
9.750e+01 7.736e-02 0.000e+00
9.760e+01 7.942e-02 0.000e+00
9.770e+01 8.053e-02 0.000e+00
9.780e+01 8.213e-02 0.000e+00
9.790e+01 8.036e-02 0.000e+00
9.800e+01 7.782e-02 0.000e+00
9.810e+01 7.859e-02 0.000e+00
9.820e+01 7.535e-02 0.000e+00
9.830e+01 7.216e-02 0.000e+00
9.840e+01 7.463e-02 0.000e+00
9.850e+01 7.352e-02 0.000e+00
9.860e+01 6.771e-02 0.000e+00
9.870e+01 7.247e-02 0.000e+00
9.880e+01 7.309e-02 0.000e+00
9.890e+01 6.917e-02 0.000e+00
9.900e+01 7.158e-02 0.000e+00
9.910e+01 7.033e-02 0.000e+00
9.920e+01 8.125e-02 0.000e+00
9.930e+01 7.594e-02 0.000e+00
9.940e+01 7.012e-02 0.000e+00
9.950e+01 6.732e-02 0.000e+00
9.960e+01 7.078e-02 0.000e+00
9.970e+01 6.561e-02 0.000e+00
9.980e+01 6.695e-02 0.000e+00
9.990e+01 6.778e-02 0.000e+00
