# Frequency (1.0/ps)      real(fft(F_2))
0.000e+00 6.025e+01
1.000e-02 2.987e+01
2.000e-02 2.146e+01
3.000e-02 1.570e+01
4.000e-02 1.295e+01
5.000e-02 1.159e+01
6.000e-02 9.108e+00
7.000e-02 8.489e+00
8.000e-02 7.546e+00
9.000e-02 6.941e+00
1.000e-01 3.816e+00
1.100e-01 4.285e+00
1.200e-01 4.766e+00
1.300e-01 4.182e+00
1.400e-01 2.335e+00
1.500e-01 2.715e+00
1.600e-01 1.780e+00
1.700e-01 2.225e+00
1.800e-01 3.932e+00
1.900e-01 3.110e+00
2.000e-01 3.240e+00
2.100e-01 1.776e+00
2.200e-01 2.508e+00
2.300e-01 2.214e+00
2.400e-01 2.550e+00
2.500e-01 1.815e+00
2.600e-01 1.042e+00
2.700e-01 7.426e-01
2.800e-01 9.765e-01
2.900e-01 1.122e+00
3.000e-01 1.009e+00
3.100e-01 1.357e+00
3.200e-01 9.861e-01
3.300e-01 7.495e-01
3.400e-01 -9.899e-02
3.500e-01 5.672e-02
3.600e-01 8.519e-01
3.700e-01 8.356e-01
3.800e-01 9.792e-01
3.900e-01 1.238e+00
4.000e-01 1.593e+00
4.100e-01 1.389e+00
4.200e-01 1.177e+00
4.300e-01 3.084e-01
4.400e-01 4.853e-01
4.500e-01 7.220e-01
4.600e-01 1.163e+00
4.700e-01 1.667e+00
4.800e-01 1.804e+00
4.900e-01 1.603e+00
5.000e-01 1.624e+00
5.100e-01 1.144e+00
5.200e-01 1.040e+00
5.300e-01 1.397e+00
5.400e-01 1.413e+00
5.500e-01 1.368e+00
5.600e-01 1.308e+00
5.700e-01 1.400e+00
5.800e-01 7.443e-01
5.900e-01 1.086e+00
6.000e-01 7.976e-01
6.100e-01 6.506e-01
6.200e-01 4.188e-01
6.300e-01 2.159e-01
6.400e-01 2.113e-01
6.500e-01 1.055e-01
6.600e-01 4.952e-01
6.700e-01 3.105e-01
6.800e-01 4.792e-01
6.900e-01 4.204e-01
7.000e-01 5.874e-01
7.100e-01 1.855e-01
7.200e-01 2.559e-01
7.300e-01 1.718e-01
7.400e-01 1.599e-01
7.500e-01 3.642e-01
7.600e-01 4.826e-01
7.700e-01 5.012e-01
7.800e-01 4.702e-01
7.900e-01 7.613e-01
8.000e-01 3.911e-01
8.100e-01 6.924e-02
8.200e-01 3.358e-01
8.300e-01 4.197e-01
8.400e-01 7.054e-01
8.500e-01 6.523e-01
8.600e-01 4.980e-01
8.700e-01 7.125e-01
8.800e-01 5.515e-01
8.900e-01 4.542e-01
9.000e-01 3.827e-01
9.100e-01 6.003e-01
9.200e-01 1.119e+00
9.300e-01 7.017e-01
9.400e-01 7.781e-01
9.500e-01 5.115e-01
9.600e-01 6.529e-01
9.700e-01 7.286e-01
9.800e-01 8.423e-01
9.900e-01 9.677e-01
1.000e+00 4.626e-01
1.010e+00 2.496e-01
1.020e+00 -2.523e-01
1.030e+00 1.175e-02
1.040e+00 8.060e-02
1.050e+00 3.055e-01
1.060e+00 6.406e-01
1.070e+00 6.358e-01
1.080e+00 4.430e-01
1.090e+00 4.489e-01
1.100e+00 8.522e-01
1.110e+00 7.530e-01
1.120e+00 8.261e-01
1.130e+00 6.610e-01
1.140e+00 5.391e-01
1.150e+00 2.365e-01
1.160e+00 1.697e-01
1.170e+00 3.019e-01
1.180e+00 2.260e-01
1.190e+00 7.037e-01
1.200e+00 5.904e-01
1.210e+00 2.014e-01
1.220e+00 4.973e-01
1.230e+00 3.816e-01
1.240e+00 3.343e-01
1.250e+00 8.113e-01
1.260e+00 1.079e+00
1.270e+00 9.146e-01
1.280e+00 8.657e-01
1.290e+00 8.132e-01
1.300e+00 9.346e-01
1.310e+00 9.237e-01
1.320e+00 1.034e+00
1.330e+00 1.249e+00
1.340e+00 8.962e-01
1.350e+00 6.378e-01
1.360e+00 5.069e-01
1.370e+00 5.580e-01
1.380e+00 6.708e-01
1.390e+00 9.574e-01
1.400e+00 1.009e+00
1.410e+00 1.006e+00
1.420e+00 6.519e-01
1.430e+00 4.684e-01
1.440e+00 6.558e-01
1.450e+00 8.447e-01
1.460e+00 8.324e-01
1.470e+00 8.157e-01
1.480e+00 8.848e-01
1.490e+00 4.165e-01
1.500e+00 2.718e-01
1.510e+00 4.523e-01
1.520e+00 5.555e-01
1.530e+00 6.935e-01
1.540e+00 8.179e-01
1.550e+00 4.610e-01
1.560e+00 2.800e-01
1.570e+00 4.617e-01
1.580e+00 1.072e+00
1.590e+00 1.318e+00
1.600e+00 1.170e+00
1.610e+00 1.017e+00
1.620e+00 5.453e-01
1.630e+00 4.172e-01
1.640e+00 4.003e-01
1.650e+00 7.701e-01
1.660e+00 4.974e-01
1.670e+00 2.701e-01
1.680e+00 3.669e-01
1.690e+00 -1.168e-01
1.700e+00 1.071e-01
1.710e+00 2.670e-02
1.720e+00 7.301e-02
1.730e+00 2.729e-01
1.740e+00 2.154e-01
1.750e+00 2.565e-01
1.760e+00 3.490e-01
1.770e+00 3.192e-01
1.780e+00 3.874e-01
1.790e+00 6.477e-01
1.800e+00 7.159e-01
1.810e+00 6.002e-01
1.820e+00 2.554e-01
1.830e+00 3.944e-02
1.840e+00 -5.668e-02
1.850e+00 4.943e-01
1.860e+00 5.133e-01
1.870e+00 6.537e-01
1.880e+00 6.032e-01
1.890e+00 3.809e-01
1.900e+00 4.332e-01
1.910e+00 6.110e-01
1.920e+00 6.697e-01
1.930e+00 6.342e-01
1.940e+00 5.159e-01
1.950e+00 3.001e-01
1.960e+00 4.092e-01
1.970e+00 4.898e-01
1.980e+00 4.437e-01
1.990e+00 3.911e-01
2.000e+00 4.738e-01
2.010e+00 5.846e-01
2.020e+00 3.739e-01
2.030e+00 6.333e-01
2.040e+00 5.068e-01
2.050e+00 4.736e-01
2.060e+00 5.184e-01
2.070e+00 5.766e-01
2.080e+00 7.126e-01
2.090e+00 7.262e-01
2.100e+00 7.388e-01
2.110e+00 6.081e-01
2.120e+00 6.396e-01
2.130e+00 5.105e-01
2.140e+00 7.052e-01
2.150e+00 5.457e-01
2.160e+00 5.807e-01
2.170e+00 7.560e-01
2.180e+00 5.646e-01
2.190e+00 5.886e-01
2.200e+00 5.455e-01
2.210e+00 4.710e-01
2.220e+00 5.938e-01
2.230e+00 6.479e-01
2.240e+00 5.948e-01
2.250e+00 6.529e-01
2.260e+00 5.488e-01
2.270e+00 2.140e-01
2.280e+00 4.683e-01
2.290e+00 5.996e-01
2.300e+00 6.053e-01
2.310e+00 6.705e-01
2.320e+00 6.493e-01
2.330e+00 5.227e-01
2.340e+00 1.688e-01
2.350e+00 2.939e-01
2.360e+00 5.962e-01
2.370e+00 5.299e-01
2.380e+00 5.283e-01
2.390e+00 6.138e-01
2.400e+00 5.746e-01
2.410e+00 4.028e-01
2.420e+00 4.662e-01
2.430e+00 5.204e-01
2.440e+00 6.467e-01
2.450e+00 4.217e-01
2.460e+00 2.549e-01
2.470e+00 2.371e-01
2.480e+00 3.049e-01
2.490e+00 3.913e-01
2.500e+00 5.064e-01
2.510e+00 6.173e-01
2.520e+00 5.697e-01
2.530e+00 5.694e-01
2.540e+00 6.622e-01
2.550e+00 8.891e-01
2.560e+00 8.156e-01
2.570e+00 7.277e-01
2.580e+00 5.900e-01
2.590e+00 5.277e-01
2.600e+00 5.275e-01
2.610e+00 5.791e-01
2.620e+00 6.638e-01
2.630e+00 7.726e-01
2.640e+00 6.234e-01
2.650e+00 3.727e-01
2.660e+00 2.904e-01
2.670e+00 3.931e-01
2.680e+00 4.605e-01
2.690e+00 4.261e-01
2.700e+00 5.387e-01
2.710e+00 5.477e-01
2.720e+00 4.552e-01
2.730e+00 3.954e-01
2.740e+00 2.323e-01
2.750e+00 2.885e-01
2.760e+00 5.317e-01
2.770e+00 8.121e-01
2.780e+00 7.505e-01
2.790e+00 6.587e-01
2.800e+00 6.742e-01
2.810e+00 5.985e-01
2.820e+00 7.476e-01
2.830e+00 7.701e-01
2.840e+00 8.602e-01
2.850e+00 8.527e-01
2.860e+00 7.331e-01
2.870e+00 9.045e-01
2.880e+00 7.561e-01
2.890e+00 6.708e-01
2.900e+00 7.939e-01
2.910e+00 9.904e-01
2.920e+00 7.760e-01
2.930e+00 7.827e-01
2.940e+00 7.443e-01
2.950e+00 6.540e-01
2.960e+00 7.662e-01
2.970e+00 7.712e-01
2.980e+00 8.651e-01
2.990e+00 7.793e-01
3.000e+00 7.928e-01
3.010e+00 9.384e-01
3.020e+00 7.086e-01
3.030e+00 8.223e-01
3.040e+00 8.780e-01
3.050e+00 7.924e-01
3.060e+00 6.087e-01
3.070e+00 7.078e-01
3.080e+00 6.290e-01
3.090e+00 7.329e-01
3.100e+00 5.886e-01
3.110e+00 6.085e-01
3.120e+00 4.063e-01
3.130e+00 4.064e-01
3.140e+00 4.664e-01
3.150e+00 3.927e-01
3.160e+00 3.563e-01
3.170e+00 2.312e-01
3.180e+00 2.692e-01
3.190e+00 2.537e-01
3.200e+00 3.498e-01
3.210e+00 4.277e-01
3.220e+00 4.606e-01
3.230e+00 4.021e-01
3.240e+00 2.510e-01
3.250e+00 2.900e-01
3.260e+00 3.096e-01
3.270e+00 6.157e-01
3.280e+00 7.531e-01
3.290e+00 5.888e-01
3.300e+00 4.663e-01
3.310e+00 4.546e-01
3.320e+00 4.155e-01
3.330e+00 4.725e-01
3.340e+00 5.293e-01
3.350e+00 5.190e-01
3.360e+00 7.712e-01
3.370e+00 4.965e-01
3.380e+00 5.246e-01
3.390e+00 5.124e-01
3.400e+00 3.728e-01
3.410e+00 5.454e-01
3.420e+00 7.511e-01
3.430e+00 7.354e-01
3.440e+00 5.867e-01
3.450e+00 5.916e-01
3.460e+00 6.472e-01
3.470e+00 6.941e-01
3.480e+00 7.160e-01
3.490e+00 8.110e-01
3.500e+00 8.494e-01
3.510e+00 7.821e-01
3.520e+00 7.264e-01
3.530e+00 5.912e-01
3.540e+00 7.144e-01
3.550e+00 5.951e-01
3.560e+00 6.089e-01
3.570e+00 5.577e-01
3.580e+00 5.810e-01
3.590e+00 6.844e-01
3.600e+00 6.745e-01
3.610e+00 8.032e-01
3.620e+00 7.365e-01
3.630e+00 7.734e-01
3.640e+00 8.490e-01
3.650e+00 8.539e-01
3.660e+00 8.757e-01
3.670e+00 7.467e-01
3.680e+00 5.621e-01
3.690e+00 5.700e-01
3.700e+00 6.494e-01
3.710e+00 5.281e-01
3.720e+00 5.683e-01
3.730e+00 6.050e-01
3.740e+00 7.014e-01
3.750e+00 7.023e-01
3.760e+00 5.266e-01
3.770e+00 5.962e-01
3.780e+00 5.829e-01
3.790e+00 6.877e-01
3.800e+00 7.352e-01
3.810e+00 5.283e-01
3.820e+00 4.424e-01
3.830e+00 2.592e-01
3.840e+00 4.292e-01
3.850e+00 3.800e-01
3.860e+00 4.841e-01
3.870e+00 5.275e-01
3.880e+00 4.006e-01
3.890e+00 4.362e-01
3.900e+00 6.133e-01
3.910e+00 6.651e-01
3.920e+00 5.018e-01
3.930e+00 6.212e-01
3.940e+00 7.040e-01
3.950e+00 7.646e-01
3.960e+00 7.406e-01
3.970e+00 7.644e-01
3.980e+00 6.522e-01
3.990e+00 4.211e-01
4.000e+00 6.397e-01
4.010e+00 6.194e-01
4.020e+00 6.460e-01
4.030e+00 4.689e-01
4.040e+00 5.045e-01
4.050e+00 6.187e-01
4.060e+00 4.603e-01
4.070e+00 5.782e-01
4.080e+00 6.448e-01
4.090e+00 6.661e-01
4.100e+00 5.820e-01
4.110e+00 5.771e-01
4.120e+00 5.505e-01
4.130e+00 6.700e-01
4.140e+00 7.625e-01
4.150e+00 6.524e-01
4.160e+00 4.670e-01
4.170e+00 3.389e-01
4.180e+00 4.652e-01
4.190e+00 4.995e-01
4.200e+00 5.761e-01
4.210e+00 5.885e-01
4.220e+00 4.128e-01
4.230e+00 3.941e-01
4.240e+00 3.290e-01
4.250e+00 5.991e-01
4.260e+00 7.443e-01
4.270e+00 7.243e-01
4.280e+00 9.526e-01
4.290e+00 8.401e-01
4.300e+00 7.954e-01
4.310e+00 6.696e-01
4.320e+00 6.977e-01
4.330e+00 7.084e-01
4.340e+00 9.148e-01
4.350e+00 8.261e-01
4.360e+00 6.162e-01
4.370e+00 4.828e-01
4.380e+00 4.549e-01
4.390e+00 5.727e-01
4.400e+00 5.458e-01
4.410e+00 6.915e-01
4.420e+00 7.053e-01
4.430e+00 6.810e-01
4.440e+00 8.188e-01
4.450e+00 7.177e-01
4.460e+00 7.100e-01
4.470e+00 4.917e-01
4.480e+00 6.817e-01
4.490e+00 6.765e-01
4.500e+00 6.403e-01
4.510e+00 5.521e-01
4.520e+00 6.031e-01
4.530e+00 4.126e-01
4.540e+00 2.918e-01
4.550e+00 4.817e-01
4.560e+00 4.722e-01
4.570e+00 5.682e-01
4.580e+00 6.635e-01
4.590e+00 6.189e-01
4.600e+00 5.589e-01
4.610e+00 7.247e-01
4.620e+00 7.705e-01
4.630e+00 6.564e-01
4.640e+00 6.428e-01
4.650e+00 4.592e-01
4.660e+00 5.057e-01
4.670e+00 5.806e-01
4.680e+00 6.529e-01
4.690e+00 7.187e-01
4.700e+00 7.207e-01
4.710e+00 7.102e-01
4.720e+00 8.141e-01
4.730e+00 7.900e-01
4.740e+00 9.489e-01
4.750e+00 9.984e-01
4.760e+00 8.890e-01
4.770e+00 6.905e-01
4.780e+00 7.408e-01
4.790e+00 6.789e-01
4.800e+00 6.986e-01
4.810e+00 6.879e-01
4.820e+00 6.549e-01
4.830e+00 5.307e-01
4.840e+00 4.322e-01
4.850e+00 5.095e-01
4.860e+00 5.648e-01
4.870e+00 5.228e-01
4.880e+00 5.138e-01
4.890e+00 5.104e-01
4.900e+00 5.349e-01
4.910e+00 4.892e-01
4.920e+00 5.842e-01
4.930e+00 5.728e-01
4.940e+00 6.843e-01
4.950e+00 5.330e-01
4.960e+00 5.983e-01
4.970e+00 6.737e-01
4.980e+00 6.191e-01
4.990e+00 7.597e-01
-5.000e+00 6.081e-01
-4.990e+00 4.153e-01
-4.980e+00 5.129e-01
-4.970e+00 6.798e-01
-4.960e+00 7.073e-01
-4.950e+00 7.571e-01
-4.940e+00 6.985e-01
-4.930e+00 6.730e-01
-4.920e+00 6.853e-01
-4.910e+00 5.877e-01
-4.900e+00 5.728e-01
-4.890e+00 6.254e-01
-4.880e+00 5.417e-01
-4.870e+00 5.569e-01
-4.860e+00 4.287e-01
-4.850e+00 4.360e-01
-4.840e+00 3.864e-01
-4.830e+00 3.919e-01
-4.820e+00 4.886e-01
-4.810e+00 5.749e-01
-4.800e+00 6.079e-01
-4.790e+00 4.979e-01
-4.780e+00 6.816e-01
-4.770e+00 6.603e-01
-4.760e+00 7.422e-01
-4.750e+00 6.793e-01
-4.740e+00 8.136e-01
-4.730e+00 6.909e-01
-4.720e+00 5.573e-01
-4.710e+00 5.661e-01
-4.700e+00 4.382e-01
-4.690e+00 4.436e-01
-4.680e+00 4.361e-01
-4.670e+00 3.850e-01
-4.660e+00 5.198e-01
-4.650e+00 4.742e-01
-4.640e+00 4.535e-01
-4.630e+00 3.872e-01
-4.620e+00 5.182e-01
-4.610e+00 5.593e-01
-4.600e+00 7.424e-01
-4.590e+00 6.938e-01
-4.580e+00 4.343e-01
-4.570e+00 3.473e-01
-4.560e+00 1.688e-01
-4.550e+00 2.239e-01
-4.540e+00 1.985e-01
-4.530e+00 1.926e-01
-4.520e+00 1.085e-01
-4.510e+00 1.770e-01
-4.500e+00 2.655e-01
-4.490e+00 3.753e-01
-4.480e+00 5.601e-01
-4.470e+00 6.177e-01
-4.460e+00 5.951e-01
-4.450e+00 4.935e-01
-4.440e+00 6.570e-01
-4.430e+00 6.288e-01
-4.420e+00 7.176e-01
-4.410e+00 8.774e-01
-4.400e+00 8.780e-01
-4.390e+00 7.646e-01
-4.380e+00 4.462e-01
-4.370e+00 3.990e-01
-4.360e+00 5.121e-01
-4.350e+00 6.628e-01
-4.340e+00 6.266e-01
-4.330e+00 6.382e-01
-4.320e+00 5.437e-01
-4.310e+00 5.964e-01
-4.300e+00 7.631e-01
-4.290e+00 6.324e-01
-4.280e+00 6.492e-01
-4.270e+00 7.369e-01
-4.260e+00 8.428e-01
-4.250e+00 8.214e-01
-4.240e+00 6.781e-01
-4.230e+00 5.792e-01
-4.220e+00 5.085e-01
-4.210e+00 5.821e-01
-4.200e+00 6.464e-01
-4.190e+00 5.160e-01
-4.180e+00 4.203e-01
-4.170e+00 4.080e-01
-4.160e+00 4.385e-01
-4.150e+00 5.410e-01
-4.140e+00 4.365e-01
-4.130e+00 3.542e-01
-4.120e+00 4.875e-01
-4.110e+00 5.560e-01
-4.100e+00 6.295e-01
-4.090e+00 6.507e-01
-4.080e+00 5.063e-01
-4.070e+00 3.767e-01
-4.060e+00 3.769e-01
-4.050e+00 3.400e-01
-4.040e+00 3.866e-01
-4.030e+00 3.564e-01
-4.020e+00 4.903e-01
-4.010e+00 4.695e-01
-4.000e+00 3.747e-01
-3.990e+00 3.382e-01
-3.980e+00 4.281e-01
-3.970e+00 4.313e-01
-3.960e+00 4.836e-01
-3.950e+00 7.667e-01
-3.940e+00 8.198e-01
-3.930e+00 7.023e-01
-3.920e+00 4.940e-01
-3.910e+00 5.109e-01
-3.900e+00 6.271e-01
-3.890e+00 4.477e-01
-3.880e+00 4.388e-01
-3.870e+00 5.008e-01
-3.860e+00 4.269e-01
-3.850e+00 3.566e-01
-3.840e+00 3.296e-01
-3.830e+00 3.115e-01
-3.820e+00 3.244e-01
-3.810e+00 3.849e-01
-3.800e+00 5.254e-01
-3.790e+00 5.070e-01
-3.780e+00 3.536e-01
-3.770e+00 3.890e-01
-3.760e+00 4.938e-01
-3.750e+00 5.398e-01
-3.740e+00 6.126e-01
-3.730e+00 4.261e-01
-3.720e+00 3.218e-01
-3.710e+00 3.728e-01
-3.700e+00 4.634e-01
-3.690e+00 5.574e-01
-3.680e+00 3.922e-01
-3.670e+00 4.069e-01
-3.660e+00 3.749e-01
-3.650e+00 3.815e-01
-3.640e+00 4.212e-01
-3.630e+00 6.184e-01
-3.620e+00 4.931e-01
-3.610e+00 4.128e-01
-3.600e+00 4.842e-01
-3.590e+00 4.208e-01
-3.580e+00 3.821e-01
-3.570e+00 4.612e-01
-3.560e+00 5.271e-01
-3.550e+00 4.894e-01
-3.540e+00 5.048e-01
-3.530e+00 6.408e-01
-3.520e+00 5.576e-01
-3.510e+00 5.735e-01
-3.500e+00 7.191e-01
-3.490e+00 7.820e-01
-3.480e+00 7.281e-01
-3.470e+00 6.712e-01
-3.460e+00 5.550e-01
-3.450e+00 5.683e-01
-3.440e+00 7.768e-01
-3.430e+00 8.530e-01
-3.420e+00 8.029e-01
-3.410e+00 7.995e-01
-3.400e+00 7.556e-01
-3.390e+00 6.562e-01
-3.380e+00 7.533e-01
-3.370e+00 7.534e-01
-3.360e+00 7.619e-01
-3.350e+00 7.604e-01
-3.340e+00 6.717e-01
-3.330e+00 6.591e-01
-3.320e+00 6.323e-01
-3.310e+00 5.476e-01
-3.300e+00 6.624e-01
-3.290e+00 7.085e-01
-3.280e+00 7.018e-01
-3.270e+00 6.971e-01
-3.260e+00 7.344e-01
-3.250e+00 6.591e-01
-3.240e+00 5.651e-01
-3.230e+00 4.217e-01
-3.220e+00 7.092e-01
-3.210e+00 6.686e-01
-3.200e+00 7.259e-01
-3.190e+00 6.613e-01
-3.180e+00 4.104e-01
-3.170e+00 4.079e-01
-3.160e+00 3.563e-01
-3.150e+00 4.374e-01
-3.140e+00 5.265e-01
-3.130e+00 5.084e-01
-3.120e+00 5.898e-01
-3.110e+00 5.734e-01
-3.100e+00 5.383e-01
-3.090e+00 6.259e-01
-3.080e+00 7.903e-01
-3.070e+00 6.408e-01
-3.060e+00 7.126e-01
-3.050e+00 5.981e-01
-3.040e+00 4.970e-01
-3.030e+00 5.999e-01
-3.020e+00 7.290e-01
-3.010e+00 8.278e-01
-3.000e+00 8.819e-01
-2.990e+00 6.578e-01
-2.980e+00 4.500e-01
-2.970e+00 3.880e-01
-2.960e+00 2.880e-01
-2.950e+00 3.019e-01
-2.940e+00 4.914e-01
-2.930e+00 5.714e-01
-2.920e+00 5.761e-01
-2.910e+00 3.358e-01
-2.900e+00 5.256e-01
-2.890e+00 5.376e-01
-2.880e+00 7.203e-01
-2.870e+00 8.257e-01
-2.860e+00 5.776e-01
-2.850e+00 6.982e-01
-2.840e+00 5.385e-01
-2.830e+00 5.523e-01
-2.820e+00 5.858e-01
-2.810e+00 4.582e-01
-2.800e+00 2.756e-01
-2.790e+00 4.535e-01
-2.780e+00 5.168e-01
-2.770e+00 4.537e-01
-2.760e+00 4.119e-01
-2.750e+00 2.952e-01
-2.740e+00 4.416e-01
-2.730e+00 3.692e-01
-2.720e+00 3.414e-01
-2.710e+00 5.501e-01
-2.700e+00 5.641e-01
-2.690e+00 4.981e-01
-2.680e+00 5.678e-01
-2.670e+00 6.389e-01
-2.660e+00 4.484e-01
-2.650e+00 6.303e-01
-2.640e+00 7.148e-01
-2.630e+00 6.764e-01
-2.620e+00 7.416e-01
-2.610e+00 6.582e-01
-2.600e+00 5.985e-01
-2.590e+00 5.181e-01
-2.580e+00 5.610e-01
-2.570e+00 6.646e-01
-2.560e+00 7.544e-01
-2.550e+00 6.412e-01
-2.540e+00 5.648e-01
-2.530e+00 5.884e-01
-2.520e+00 5.714e-01
-2.510e+00 6.149e-01
-2.500e+00 5.822e-01
-2.490e+00 7.030e-01
-2.480e+00 4.600e-01
-2.470e+00 4.701e-01
-2.460e+00 5.588e-01
-2.450e+00 5.277e-01
-2.440e+00 6.917e-01
-2.430e+00 7.111e-01
-2.420e+00 6.615e-01
-2.410e+00 5.253e-01
-2.400e+00 5.165e-01
-2.390e+00 4.856e-01
-2.380e+00 3.891e-01
-2.370e+00 3.235e-01
-2.360e+00 6.725e-01
-2.350e+00 7.668e-01
-2.340e+00 6.163e-01
-2.330e+00 4.200e-01
-2.320e+00 3.390e-01
-2.310e+00 5.085e-01
-2.300e+00 5.698e-01
-2.290e+00 5.862e-01
-2.280e+00 6.822e-01
-2.270e+00 7.054e-01
-2.260e+00 7.044e-01
-2.250e+00 7.196e-01
-2.240e+00 6.663e-01
-2.230e+00 8.291e-01
-2.220e+00 7.776e-01
-2.210e+00 8.075e-01
-2.200e+00 8.106e-01
-2.190e+00 5.076e-01
-2.180e+00 4.786e-01
-2.170e+00 3.941e-01
-2.160e+00 7.432e-01
-2.150e+00 6.827e-01
-2.140e+00 7.604e-01
-2.130e+00 6.851e-01
-2.120e+00 6.281e-01
-2.110e+00 6.236e-01
-2.100e+00 6.174e-01
-2.090e+00 8.108e-01
-2.080e+00 9.013e-01
-2.070e+00 7.872e-01
-2.060e+00 5.542e-01
-2.050e+00 4.081e-01
-2.040e+00 5.405e-01
-2.030e+00 4.446e-01
-2.020e+00 3.936e-01
-2.010e+00 6.113e-01
-2.000e+00 6.190e-01
-1.990e+00 3.468e-01
-1.980e+00 3.190e-01
-1.970e+00 4.149e-01
-1.960e+00 4.774e-01
-1.950e+00 6.140e-01
-1.940e+00 5.541e-01
-1.930e+00 5.156e-01
-1.920e+00 3.435e-01
-1.910e+00 1.122e-01
-1.900e+00 2.837e-01
-1.890e+00 5.751e-01
-1.880e+00 4.903e-01
-1.870e+00 6.172e-01
-1.860e+00 5.534e-01
-1.850e+00 3.168e-01
-1.840e+00 3.941e-01
-1.830e+00 2.231e-01
-1.820e+00 4.905e-01
-1.810e+00 5.170e-01
-1.800e+00 4.832e-01
-1.790e+00 2.653e-01
-1.780e+00 7.631e-02
-1.770e+00 8.156e-02
-1.760e+00 3.441e-01
-1.750e+00 5.790e-01
-1.740e+00 6.450e-01
-1.730e+00 5.133e-01
-1.720e+00 5.366e-01
-1.710e+00 6.326e-01
-1.700e+00 7.238e-01
-1.690e+00 7.104e-01
-1.680e+00 6.883e-01
-1.670e+00 6.565e-01
-1.660e+00 6.345e-01
-1.650e+00 5.374e-01
-1.640e+00 5.547e-01
-1.630e+00 8.028e-01
-1.620e+00 8.452e-01
-1.610e+00 8.098e-01
-1.600e+00 8.865e-01
-1.590e+00 7.424e-01
-1.580e+00 8.594e-01
-1.570e+00 8.483e-01
-1.560e+00 9.512e-01
-1.550e+00 7.215e-01
-1.540e+00 5.577e-01
-1.530e+00 5.482e-01
-1.520e+00 4.144e-01
-1.510e+00 6.405e-01
-1.500e+00 6.009e-01
-1.490e+00 6.088e-01
-1.480e+00 3.187e-01
-1.470e+00 4.058e-01
-1.460e+00 6.032e-01
-1.450e+00 4.325e-01
-1.440e+00 4.231e-01
-1.430e+00 4.761e-01
-1.420e+00 8.259e-01
-1.410e+00 5.780e-01
-1.400e+00 9.705e-01
-1.390e+00 9.033e-01
-1.380e+00 1.133e+00
-1.370e+00 1.030e+00
-1.360e+00 1.189e+00
-1.350e+00 1.112e+00
-1.340e+00 1.161e+00
-1.330e+00 1.179e+00
-1.320e+00 1.035e+00
-1.310e+00 1.463e+00
-1.300e+00 9.934e-01
-1.290e+00 7.996e-01
-1.280e+00 7.729e-01
-1.270e+00 9.048e-01
-1.260e+00 9.635e-01
-1.250e+00 9.567e-01
-1.240e+00 8.562e-01
-1.230e+00 9.520e-01
-1.220e+00 9.040e-01
-1.210e+00 6.428e-01
-1.200e+00 5.404e-01
-1.190e+00 3.126e-01
-1.180e+00 5.156e-01
-1.170e+00 4.026e-01
-1.160e+00 4.377e-01
-1.150e+00 2.107e-01
-1.140e+00 8.833e-02
-1.130e+00 2.433e-01
-1.120e+00 4.477e-01
-1.110e+00 4.844e-01
-1.100e+00 2.894e-01
-1.090e+00 4.286e-01
-1.080e+00 2.861e-01
-1.070e+00 4.081e-01
-1.060e+00 3.603e-01
-1.050e+00 7.672e-01
-1.040e+00 9.808e-01
-1.030e+00 8.506e-01
-1.020e+00 6.388e-01
-1.010e+00 6.749e-01
-1.000e+00 1.039e+00
-9.900e-01 6.088e-01
-9.800e-01 1.106e+00
-9.700e-01 1.201e+00
-9.600e-01 1.101e+00
-9.500e-01 8.686e-01
-9.400e-01 3.590e-01
-9.300e-01 3.142e-01
-9.200e-01 3.463e-01
-9.100e-01 7.642e-01
-9.000e-01 9.550e-01
-8.900e-01 6.383e-01
-8.800e-01 5.111e-01
-8.700e-01 1.022e+00
-8.600e-01 6.647e-01
-8.500e-01 1.001e+00
-8.400e-01 1.444e+00
-8.300e-01 1.480e+00
-8.200e-01 1.570e+00
-8.100e-01 1.481e+00
-8.000e-01 1.783e+00
-7.900e-01 1.509e+00
-7.800e-01 1.293e+00
-7.700e-01 1.508e+00
-7.600e-01 1.659e+00
-7.500e-01 1.298e+00
-7.400e-01 1.535e+00
-7.300e-01 1.539e+00
-7.200e-01 1.267e+00
-7.100e-01 8.863e-01
-7.000e-01 1.623e+00
-6.900e-01 1.675e+00
-6.800e-01 1.351e+00
-6.700e-01 1.410e+00
-6.600e-01 1.728e+00
-6.500e-01 1.454e+00
-6.400e-01 1.115e+00
-6.300e-01 7.976e-01
-6.200e-01 5.916e-01
-6.100e-01 8.126e-01
-6.000e-01 4.878e-01
-5.900e-01 6.675e-01
-5.800e-01 5.338e-01
-5.700e-01 8.632e-01
-5.600e-01 1.252e+00
-5.500e-01 1.210e+00
-5.400e-01 1.109e+00
-5.300e-01 1.836e+00
-5.200e-01 1.420e+00
-5.100e-01 1.213e+00
-5.000e-01 9.598e-01
-4.900e-01 8.350e-01
-4.800e-01 1.267e+00
-4.700e-01 5.857e-01
-4.600e-01 9.700e-01
-4.500e-01 9.274e-01
-4.400e-01 7.982e-01
-4.300e-01 1.149e+00
-4.200e-01 1.332e+00
-4.100e-01 1.051e+00
-4.000e-01 8.396e-01
-3.900e-01 1.172e+00
-3.800e-01 8.992e-01
-3.700e-01 3.842e-01
-3.600e-01 7.679e-01
-3.500e-01 9.916e-01
-3.400e-01 1.339e+00
-3.300e-01 1.549e+00
-3.200e-01 1.868e+00
-3.100e-01 2.178e+00
-3.000e-01 1.579e+00
-2.900e-01 1.861e+00
-2.800e-01 1.035e+00
-2.700e-01 9.043e-01
-2.600e-01 1.538e+00
-2.500e-01 2.104e+00
-2.400e-01 1.065e+00
-2.300e-01 2.774e-01
-2.200e-01 8.713e-01
-2.100e-01 1.664e+00
-2.000e-01 1.998e+00
-1.900e-01 1.029e+00
-1.800e-01 2.485e+00
-1.700e-01 1.528e+00
-1.600e-01 1.754e+00
-1.500e-01 3.536e+00
-1.400e-01 4.336e+00
-1.300e-01 3.071e+00
-1.200e-01 1.880e+00
-1.100e-01 3.129e+00
-1.000e-01 3.145e+00
-9.000e-02 5.237e+00
-8.000e-02 7.711e+00
-7.000e-02 8.508e+00
-6.000e-02 7.724e+00
-5.000e-02 1.063e+01
-4.000e-02 1.306e+01
-3.000e-02 1.840e+01
-2.000e-02 2.568e+01
-1.000e-02 3.349e+01
