# Frequency (1.0/ps)      real(fft(F_2))
0.000e+00 5.125e+01
1.000e-02 3.189e+01
2.000e-02 2.106e+01
3.000e-02 1.342e+01
4.000e-02 1.097e+01
5.000e-02 8.202e+00
6.000e-02 4.961e+00
7.000e-02 4.498e+00
8.000e-02 5.465e+00
9.000e-02 4.775e+00
1.000e-01 3.328e+00
1.100e-01 3.163e+00
1.200e-01 3.003e+00
1.300e-01 2.132e+00
1.400e-01 1.277e+00
1.500e-01 7.547e-01
1.600e-01 1.593e+00
1.700e-01 1.811e+00
1.800e-01 2.431e+00
1.900e-01 2.744e+00
2.000e-01 2.728e+00
2.100e-01 2.087e+00
2.200e-01 1.118e+00
2.300e-01 1.337e+00
2.400e-01 1.472e+00
2.500e-01 1.104e+00
2.600e-01 1.170e+00
2.700e-01 1.957e+00
2.800e-01 2.034e+00
2.900e-01 7.886e-01
3.000e-01 7.624e-01
3.100e-01 1.010e+00
3.200e-01 1.792e+00
3.300e-01 1.325e+00
3.400e-01 1.803e+00
3.500e-01 1.675e+00
3.600e-01 2.065e+00
3.700e-01 1.723e+00
3.800e-01 1.822e+00
3.900e-01 1.731e+00
4.000e-01 1.566e+00
4.100e-01 1.152e+00
4.200e-01 1.744e+00
4.300e-01 1.916e+00
4.400e-01 1.364e+00
4.500e-01 1.657e+00
4.600e-01 1.189e+00
4.700e-01 1.159e+00
4.800e-01 1.380e+00
4.900e-01 1.330e+00
5.000e-01 1.586e+00
5.100e-01 1.329e+00
5.200e-01 1.324e+00
5.300e-01 1.043e+00
5.400e-01 1.308e+00
5.500e-01 1.204e+00
5.600e-01 1.357e+00
5.700e-01 1.500e+00
5.800e-01 1.181e+00
5.900e-01 1.100e+00
6.000e-01 1.344e+00
6.100e-01 1.492e+00
6.200e-01 1.409e+00
6.300e-01 1.215e+00
6.400e-01 9.317e-01
6.500e-01 8.912e-01
6.600e-01 8.559e-01
6.700e-01 6.399e-01
6.800e-01 -1.733e-02
6.900e-01 2.892e-01
7.000e-01 2.956e-01
7.100e-01 4.219e-01
7.200e-01 4.851e-01
7.300e-01 2.568e-01
7.400e-01 6.530e-01
7.500e-01 6.437e-01
7.600e-01 7.553e-01
7.700e-01 3.035e-01
7.800e-01 1.306e-01
7.900e-01 -2.072e-01
8.000e-01 -6.506e-02
8.100e-01 2.127e-01
8.200e-01 4.927e-01
8.300e-01 8.398e-01
8.400e-01 6.925e-01
8.500e-01 8.723e-01
8.600e-01 8.912e-01
8.700e-01 5.428e-01
8.800e-01 6.849e-01
8.900e-01 5.306e-01
9.000e-01 7.217e-01
9.100e-01 7.022e-01
9.200e-01 5.951e-01
9.300e-01 9.978e-01
9.400e-01 9.878e-01
9.500e-01 1.044e+00
9.600e-01 1.152e+00
9.700e-01 1.122e+00
9.800e-01 1.112e+00
9.900e-01 7.926e-01
1.000e+00 5.943e-01
1.010e+00 5.841e-01
1.020e+00 7.599e-01
1.030e+00 5.504e-01
1.040e+00 5.344e-01
1.050e+00 8.427e-01
1.060e+00 7.390e-01
1.070e+00 8.960e-01
1.080e+00 1.143e+00
1.090e+00 1.096e+00
1.100e+00 9.819e-01
1.110e+00 7.204e-01
1.120e+00 7.093e-01
1.130e+00 1.140e+00
1.140e+00 8.790e-01
1.150e+00 8.306e-01
1.160e+00 5.897e-01
1.170e+00 4.590e-01
1.180e+00 3.810e-01
1.190e+00 4.629e-01
1.200e+00 2.059e-01
1.210e+00 4.099e-01
1.220e+00 6.086e-01
1.230e+00 4.659e-01
1.240e+00 4.105e-01
1.250e+00 4.802e-01
1.260e+00 6.556e-01
1.270e+00 6.062e-01
1.280e+00 7.716e-01
1.290e+00 4.960e-01
1.300e+00 5.041e-01
1.310e+00 7.287e-01
1.320e+00 3.450e-01
1.330e+00 4.152e-01
1.340e+00 1.071e-01
1.350e+00 2.675e-01
1.360e+00 3.666e-01
1.370e+00 1.897e-01
1.380e+00 1.916e-01
1.390e+00 4.744e-01
1.400e+00 5.887e-01
1.410e+00 5.558e-01
1.420e+00 6.282e-01
1.430e+00 8.114e-01
1.440e+00 8.124e-01
1.450e+00 7.686e-01
1.460e+00 6.303e-01
1.470e+00 6.405e-01
1.480e+00 3.609e-01
1.490e+00 6.955e-01
1.500e+00 5.458e-01
1.510e+00 6.111e-01
1.520e+00 6.160e-01
1.530e+00 5.817e-01
1.540e+00 8.393e-01
1.550e+00 8.662e-01
1.560e+00 8.033e-01
1.570e+00 9.360e-01
1.580e+00 1.007e+00
1.590e+00 9.670e-01
1.600e+00 9.133e-01
1.610e+00 7.267e-01
1.620e+00 8.443e-01
1.630e+00 6.787e-01
1.640e+00 8.112e-01
1.650e+00 1.022e+00
1.660e+00 9.961e-01
1.670e+00 7.479e-01
1.680e+00 7.296e-01
1.690e+00 7.182e-01
1.700e+00 7.202e-01
1.710e+00 5.273e-01
1.720e+00 5.726e-01
1.730e+00 5.033e-01
1.740e+00 6.331e-01
1.750e+00 3.026e-01
1.760e+00 2.876e-01
1.770e+00 3.321e-01
1.780e+00 5.545e-01
1.790e+00 4.737e-01
1.800e+00 4.889e-01
1.810e+00 4.795e-01
1.820e+00 5.514e-01
1.830e+00 3.215e-01
1.840e+00 4.075e-01
1.850e+00 3.623e-01
1.860e+00 4.366e-01
1.870e+00 4.877e-01
1.880e+00 5.114e-01
1.890e+00 5.159e-01
1.900e+00 5.286e-01
1.910e+00 5.791e-01
1.920e+00 3.776e-01
1.930e+00 3.878e-01
1.940e+00 6.794e-01
1.950e+00 5.361e-01
1.960e+00 3.949e-01
1.970e+00 4.306e-01
1.980e+00 4.296e-01
1.990e+00 4.635e-01
2.000e+00 2.905e-01
2.010e+00 3.194e-01
2.020e+00 4.783e-01
2.030e+00 4.751e-01
2.040e+00 3.827e-01
2.050e+00 5.051e-01
2.060e+00 5.638e-01
2.070e+00 6.274e-01
2.080e+00 5.832e-01
2.090e+00 5.818e-01
2.100e+00 6.313e-01
2.110e+00 5.728e-01
2.120e+00 5.891e-01
2.130e+00 4.954e-01
2.140e+00 6.449e-01
2.150e+00 6.868e-01
2.160e+00 7.130e-01
2.170e+00 6.615e-01
2.180e+00 5.386e-01
2.190e+00 5.591e-01
2.200e+00 6.671e-01
2.210e+00 6.082e-01
2.220e+00 5.314e-01
2.230e+00 4.911e-01
2.240e+00 5.939e-01
2.250e+00 4.595e-01
2.260e+00 4.873e-01
2.270e+00 4.083e-01
2.280e+00 5.172e-01
2.290e+00 4.491e-01
2.300e+00 4.729e-01
2.310e+00 5.360e-01
2.320e+00 4.673e-01
2.330e+00 4.239e-01
2.340e+00 3.882e-01
2.350e+00 4.912e-01
2.360e+00 6.526e-01
2.370e+00 7.225e-01
2.380e+00 5.371e-01
2.390e+00 5.092e-01
2.400e+00 3.210e-01
2.410e+00 2.544e-01
2.420e+00 4.118e-01
2.430e+00 4.432e-01
2.440e+00 6.572e-01
2.450e+00 7.244e-01
2.460e+00 6.422e-01
2.470e+00 7.821e-01
2.480e+00 6.820e-01
2.490e+00 7.885e-01
2.500e+00 7.469e-01
2.510e+00 1.025e+00
2.520e+00 8.479e-01
2.530e+00 8.969e-01
2.540e+00 8.727e-01
2.550e+00 7.028e-01
2.560e+00 6.532e-01
2.570e+00 7.049e-01
2.580e+00 7.169e-01
2.590e+00 7.508e-01
2.600e+00 8.714e-01
2.610e+00 9.435e-01
2.620e+00 8.414e-01
2.630e+00 9.290e-01
2.640e+00 7.395e-01
2.650e+00 7.429e-01
2.660e+00 6.185e-01
2.670e+00 5.271e-01
2.680e+00 5.207e-01
2.690e+00 5.408e-01
2.700e+00 5.358e-01
2.710e+00 4.930e-01
2.720e+00 6.566e-01
2.730e+00 6.342e-01
2.740e+00 6.104e-01
2.750e+00 5.100e-01
2.760e+00 4.450e-01
2.770e+00 5.548e-01
2.780e+00 5.692e-01
2.790e+00 5.841e-01
2.800e+00 6.502e-01
2.810e+00 7.145e-01
2.820e+00 5.844e-01
2.830e+00 5.221e-01
2.840e+00 5.569e-01
2.850e+00 6.017e-01
2.860e+00 7.165e-01
2.870e+00 6.952e-01
2.880e+00 5.796e-01
2.890e+00 5.682e-01
2.900e+00 5.065e-01
2.910e+00 4.273e-01
2.920e+00 2.761e-01
2.930e+00 2.967e-01
2.940e+00 4.370e-01
2.950e+00 5.104e-01
2.960e+00 5.029e-01
2.970e+00 6.959e-01
2.980e+00 7.090e-01
2.990e+00 5.440e-01
3.000e+00 4.632e-01
3.010e+00 4.519e-01
3.020e+00 6.820e-01
3.030e+00 5.050e-01
3.040e+00 7.488e-01
3.050e+00 7.157e-01
3.060e+00 7.315e-01
3.070e+00 4.769e-01
3.080e+00 5.031e-01
3.090e+00 4.208e-01
3.100e+00 5.553e-01
3.110e+00 4.808e-01
3.120e+00 4.282e-01
3.130e+00 4.740e-01
3.140e+00 5.016e-01
3.150e+00 4.883e-01
3.160e+00 5.116e-01
3.170e+00 4.586e-01
3.180e+00 5.936e-01
3.190e+00 5.494e-01
3.200e+00 7.764e-01
3.210e+00 8.135e-01
3.220e+00 8.844e-01
3.230e+00 8.387e-01
3.240e+00 8.604e-01
3.250e+00 5.617e-01
3.260e+00 6.163e-01
3.270e+00 5.639e-01
3.280e+00 6.104e-01
3.290e+00 5.249e-01
3.300e+00 5.997e-01
3.310e+00 5.623e-01
3.320e+00 4.570e-01
3.330e+00 4.009e-01
3.340e+00 3.635e-01
3.350e+00 5.754e-01
3.360e+00 4.987e-01
3.370e+00 4.282e-01
3.380e+00 5.628e-01
3.390e+00 6.057e-01
3.400e+00 6.098e-01
3.410e+00 5.008e-01
3.420e+00 5.240e-01
3.430e+00 5.458e-01
3.440e+00 6.561e-01
3.450e+00 6.224e-01
3.460e+00 5.766e-01
3.470e+00 5.341e-01
3.480e+00 5.871e-01
3.490e+00 4.148e-01
3.500e+00 5.243e-01
3.510e+00 4.699e-01
3.520e+00 4.668e-01
3.530e+00 4.581e-01
3.540e+00 6.071e-01
3.550e+00 5.836e-01
3.560e+00 6.310e-01
3.570e+00 5.148e-01
3.580e+00 4.857e-01
3.590e+00 6.162e-01
3.600e+00 5.835e-01
3.610e+00 5.706e-01
3.620e+00 6.315e-01
3.630e+00 6.261e-01
3.640e+00 7.415e-01
3.650e+00 6.161e-01
3.660e+00 8.285e-01
3.670e+00 6.774e-01
3.680e+00 6.240e-01
3.690e+00 5.570e-01
3.700e+00 6.155e-01
3.710e+00 8.100e-01
3.720e+00 5.578e-01
3.730e+00 5.810e-01
3.740e+00 4.918e-01
3.750e+00 5.604e-01
3.760e+00 4.193e-01
3.770e+00 4.824e-01
3.780e+00 4.477e-01
3.790e+00 4.590e-01
3.800e+00 4.380e-01
3.810e+00 2.373e-01
3.820e+00 4.770e-01
3.830e+00 4.167e-01
3.840e+00 5.281e-01
3.850e+00 6.572e-01
3.860e+00 5.994e-01
3.870e+00 6.399e-01
3.880e+00 5.676e-01
3.890e+00 4.520e-01
3.900e+00 3.898e-01
3.910e+00 4.558e-01
3.920e+00 5.646e-01
3.930e+00 5.699e-01
3.940e+00 5.383e-01
3.950e+00 6.118e-01
3.960e+00 6.468e-01
3.970e+00 5.742e-01
3.980e+00 4.293e-01
3.990e+00 5.264e-01
4.000e+00 5.502e-01
4.010e+00 4.276e-01
4.020e+00 4.127e-01
4.030e+00 4.496e-01
4.040e+00 4.823e-01
4.050e+00 3.311e-01
4.060e+00 2.363e-01
4.070e+00 1.952e-01
4.080e+00 2.914e-01
4.090e+00 3.177e-01
4.100e+00 3.454e-01
4.110e+00 4.844e-01
4.120e+00 5.638e-01
4.130e+00 5.869e-01
4.140e+00 5.025e-01
4.150e+00 4.733e-01
4.160e+00 3.976e-01
4.170e+00 3.816e-01
4.180e+00 5.089e-01
4.190e+00 4.564e-01
4.200e+00 4.528e-01
4.210e+00 5.641e-01
4.220e+00 4.802e-01
4.230e+00 3.804e-01
4.240e+00 3.425e-01
4.250e+00 4.291e-01
4.260e+00 6.122e-01
4.270e+00 4.737e-01
4.280e+00 4.368e-01
4.290e+00 5.381e-01
4.300e+00 6.585e-01
4.310e+00 5.356e-01
4.320e+00 4.213e-01
4.330e+00 5.688e-01
4.340e+00 4.909e-01
4.350e+00 3.511e-01
4.360e+00 3.005e-01
4.370e+00 4.944e-01
4.380e+00 4.710e-01
4.390e+00 4.097e-01
4.400e+00 3.524e-01
4.410e+00 4.184e-01
4.420e+00 6.938e-01
4.430e+00 5.636e-01
4.440e+00 3.952e-01
4.450e+00 3.346e-01
4.460e+00 5.028e-01
4.470e+00 4.788e-01
4.480e+00 3.910e-01
4.490e+00 3.504e-01
4.500e+00 3.332e-01
4.510e+00 3.577e-01
4.520e+00 3.585e-01
4.530e+00 3.283e-01
4.540e+00 2.782e-01
4.550e+00 2.355e-01
4.560e+00 3.047e-01
4.570e+00 3.253e-01
4.580e+00 3.860e-01
4.590e+00 4.590e-01
4.600e+00 4.041e-01
4.610e+00 4.987e-01
4.620e+00 6.022e-01
4.630e+00 7.213e-01
4.640e+00 6.132e-01
4.650e+00 5.575e-01
4.660e+00 5.440e-01
4.670e+00 6.299e-01
4.680e+00 4.484e-01
4.690e+00 2.642e-01
4.700e+00 3.229e-01
4.710e+00 4.067e-01
4.720e+00 5.224e-01
4.730e+00 5.475e-01
4.740e+00 6.703e-01
4.750e+00 6.795e-01
4.760e+00 6.979e-01
4.770e+00 7.289e-01
4.780e+00 7.426e-01
4.790e+00 8.162e-01
4.800e+00 7.479e-01
4.810e+00 7.384e-01
4.820e+00 7.487e-01
4.830e+00 6.521e-01
4.840e+00 6.600e-01
4.850e+00 6.496e-01
4.860e+00 6.129e-01
4.870e+00 5.791e-01
4.880e+00 4.983e-01
4.890e+00 5.383e-01
4.900e+00 6.197e-01
4.910e+00 5.871e-01
4.920e+00 4.126e-01
4.930e+00 5.301e-01
4.940e+00 4.795e-01
4.950e+00 4.029e-01
4.960e+00 4.636e-01
4.970e+00 4.584e-01
4.980e+00 5.650e-01
4.990e+00 6.039e-01
-5.000e+00 5.975e-01
-4.990e+00 4.712e-01
-4.980e+00 3.522e-01
-4.970e+00 4.014e-01
-4.960e+00 4.254e-01
-4.950e+00 3.118e-01
-4.940e+00 4.032e-01
-4.930e+00 4.832e-01
-4.920e+00 4.022e-01
-4.910e+00 3.856e-01
-4.900e+00 4.180e-01
-4.890e+00 3.805e-01
-4.880e+00 4.962e-01
-4.870e+00 5.866e-01
-4.860e+00 5.944e-01
-4.850e+00 7.417e-01
-4.840e+00 7.533e-01
-4.830e+00 8.457e-01
-4.820e+00 7.867e-01
-4.810e+00 7.614e-01
-4.800e+00 6.108e-01
-4.790e+00 6.073e-01
-4.780e+00 5.649e-01
-4.770e+00 6.913e-01
-4.760e+00 6.385e-01
-4.750e+00 7.423e-01
-4.740e+00 7.457e-01
-4.730e+00 7.114e-01
-4.720e+00 5.782e-01
-4.710e+00 6.663e-01
-4.700e+00 4.954e-01
-4.690e+00 4.431e-01
-4.680e+00 3.747e-01
-4.670e+00 3.422e-01
-4.660e+00 5.532e-01
-4.650e+00 6.523e-01
-4.640e+00 5.103e-01
-4.630e+00 5.373e-01
-4.620e+00 6.064e-01
-4.610e+00 6.233e-01
-4.600e+00 4.503e-01
-4.590e+00 3.963e-01
-4.580e+00 4.340e-01
-4.570e+00 5.167e-01
-4.560e+00 4.031e-01
-4.550e+00 2.964e-01
-4.540e+00 4.074e-01
-4.530e+00 3.108e-01
-4.520e+00 2.066e-01
-4.510e+00 1.587e-01
-4.500e+00 3.418e-01
-4.490e+00 5.605e-01
-4.480e+00 4.489e-01
-4.470e+00 4.523e-01
-4.460e+00 3.321e-01
-4.450e+00 2.806e-01
-4.440e+00 2.106e-01
-4.430e+00 2.581e-01
-4.420e+00 4.357e-01
-4.410e+00 5.525e-01
-4.400e+00 6.625e-01
-4.390e+00 5.784e-01
-4.380e+00 5.726e-01
-4.370e+00 7.144e-01
-4.360e+00 7.033e-01
-4.350e+00 6.524e-01
-4.340e+00 4.964e-01
-4.330e+00 5.016e-01
-4.320e+00 5.019e-01
-4.310e+00 7.122e-01
-4.300e+00 5.737e-01
-4.290e+00 6.204e-01
-4.280e+00 6.486e-01
-4.270e+00 5.933e-01
-4.260e+00 5.094e-01
-4.250e+00 4.539e-01
-4.240e+00 5.424e-01
-4.230e+00 6.141e-01
-4.220e+00 5.803e-01
-4.210e+00 5.406e-01
-4.200e+00 5.916e-01
-4.190e+00 5.870e-01
-4.180e+00 5.300e-01
-4.170e+00 4.877e-01
-4.160e+00 5.104e-01
-4.150e+00 7.152e-01
-4.140e+00 6.796e-01
-4.130e+00 7.204e-01
-4.120e+00 7.072e-01
-4.110e+00 6.379e-01
-4.100e+00 5.909e-01
-4.090e+00 4.542e-01
-4.080e+00 4.809e-01
-4.070e+00 4.774e-01
-4.060e+00 5.765e-01
-4.050e+00 5.576e-01
-4.040e+00 6.929e-01
-4.030e+00 7.045e-01
-4.020e+00 6.696e-01
-4.010e+00 7.755e-01
-4.000e+00 6.365e-01
-3.990e+00 7.311e-01
-3.980e+00 5.958e-01
-3.970e+00 5.576e-01
-3.960e+00 6.769e-01
-3.950e+00 6.774e-01
-3.940e+00 6.494e-01
-3.930e+00 4.188e-01
-3.920e+00 3.977e-01
-3.910e+00 5.790e-01
-3.900e+00 3.751e-01
-3.890e+00 3.126e-01
-3.880e+00 3.342e-01
-3.870e+00 5.337e-01
-3.860e+00 6.113e-01
-3.850e+00 5.720e-01
-3.840e+00 5.866e-01
-3.830e+00 7.343e-01
-3.820e+00 6.497e-01
-3.810e+00 3.679e-01
-3.800e+00 2.790e-01
-3.790e+00 3.203e-01
-3.780e+00 5.242e-01
-3.770e+00 4.763e-01
-3.760e+00 3.212e-01
-3.750e+00 5.217e-01
-3.740e+00 4.293e-01
-3.730e+00 4.626e-01
-3.720e+00 3.392e-01
-3.710e+00 3.509e-01
-3.700e+00 3.491e-01
-3.690e+00 4.618e-01
-3.680e+00 6.265e-01
-3.670e+00 5.920e-01
-3.660e+00 7.082e-01
-3.650e+00 7.392e-01
-3.640e+00 7.982e-01
-3.630e+00 7.034e-01
-3.620e+00 7.828e-01
-3.610e+00 9.519e-01
-3.600e+00 9.356e-01
-3.590e+00 8.093e-01
-3.580e+00 7.385e-01
-3.570e+00 7.619e-01
-3.560e+00 7.421e-01
-3.550e+00 6.027e-01
-3.540e+00 6.216e-01
-3.530e+00 7.715e-01
-3.520e+00 8.774e-01
-3.510e+00 6.527e-01
-3.500e+00 7.121e-01
-3.490e+00 7.184e-01
-3.480e+00 5.981e-01
-3.470e+00 4.206e-01
-3.460e+00 3.264e-01
-3.450e+00 4.144e-01
-3.440e+00 4.336e-01
-3.430e+00 5.058e-01
-3.420e+00 6.026e-01
-3.410e+00 6.389e-01
-3.400e+00 6.697e-01
-3.390e+00 5.838e-01
-3.380e+00 5.764e-01
-3.370e+00 7.593e-01
-3.360e+00 5.637e-01
-3.350e+00 6.119e-01
-3.340e+00 5.632e-01
-3.330e+00 6.259e-01
-3.320e+00 5.475e-01
-3.310e+00 7.005e-01
-3.300e+00 7.888e-01
-3.290e+00 8.270e-01
-3.280e+00 6.633e-01
-3.270e+00 5.780e-01
-3.260e+00 6.498e-01
-3.250e+00 6.359e-01
-3.240e+00 5.011e-01
-3.230e+00 5.408e-01
-3.220e+00 5.090e-01
-3.210e+00 6.125e-01
-3.200e+00 6.621e-01
-3.190e+00 6.873e-01
-3.180e+00 9.034e-01
-3.170e+00 9.276e-01
-3.160e+00 1.015e+00
-3.150e+00 9.538e-01
-3.140e+00 9.230e-01
-3.130e+00 8.294e-01
-3.120e+00 7.119e-01
-3.110e+00 7.088e-01
-3.100e+00 6.777e-01
-3.090e+00 5.840e-01
-3.080e+00 5.807e-01
-3.070e+00 5.666e-01
-3.060e+00 5.137e-01
-3.050e+00 5.197e-01
-3.040e+00 6.829e-01
-3.030e+00 6.846e-01
-3.020e+00 7.746e-01
-3.010e+00 8.064e-01
-3.000e+00 9.313e-01
-2.990e+00 9.372e-01
-2.980e+00 7.692e-01
-2.970e+00 8.488e-01
-2.960e+00 7.847e-01
-2.950e+00 7.365e-01
-2.940e+00 6.264e-01
-2.930e+00 4.167e-01
-2.920e+00 3.917e-01
-2.910e+00 4.692e-01
-2.900e+00 4.635e-01
-2.890e+00 5.148e-01
-2.880e+00 6.680e-01
-2.870e+00 6.044e-01
-2.860e+00 6.258e-01
-2.850e+00 6.741e-01
-2.840e+00 6.426e-01
-2.830e+00 7.142e-01
-2.820e+00 6.262e-01
-2.810e+00 7.077e-01
-2.800e+00 6.251e-01
-2.790e+00 6.490e-01
-2.780e+00 5.581e-01
-2.770e+00 7.587e-01
-2.760e+00 5.671e-01
-2.750e+00 4.381e-01
-2.740e+00 4.730e-01
-2.730e+00 5.988e-01
-2.720e+00 5.793e-01
-2.710e+00 5.227e-01
-2.700e+00 5.268e-01
-2.690e+00 5.478e-01
-2.680e+00 6.258e-01
-2.670e+00 6.880e-01
-2.660e+00 6.934e-01
-2.650e+00 6.403e-01
-2.640e+00 6.720e-01
-2.630e+00 7.571e-01
-2.620e+00 7.360e-01
-2.610e+00 6.085e-01
-2.600e+00 6.326e-01
-2.590e+00 7.560e-01
-2.580e+00 8.399e-01
-2.570e+00 8.052e-01
-2.560e+00 6.665e-01
-2.550e+00 5.642e-01
-2.540e+00 6.936e-01
-2.530e+00 5.417e-01
-2.520e+00 5.786e-01
-2.510e+00 6.529e-01
-2.500e+00 7.249e-01
-2.490e+00 7.129e-01
-2.480e+00 8.460e-01
-2.470e+00 8.469e-01
-2.460e+00 1.054e+00
-2.450e+00 9.912e-01
-2.440e+00 8.476e-01
-2.430e+00 7.256e-01
-2.420e+00 7.239e-01
-2.410e+00 8.575e-01
-2.400e+00 8.763e-01
-2.390e+00 6.867e-01
-2.380e+00 6.022e-01
-2.370e+00 5.476e-01
-2.360e+00 5.829e-01
-2.350e+00 6.310e-01
-2.340e+00 6.817e-01
-2.330e+00 7.206e-01
-2.320e+00 5.811e-01
-2.310e+00 4.710e-01
-2.300e+00 5.890e-01
-2.290e+00 6.856e-01
-2.280e+00 5.072e-01
-2.270e+00 4.139e-01
-2.260e+00 4.776e-01
-2.250e+00 5.419e-01
-2.240e+00 3.450e-01
-2.230e+00 3.902e-01
-2.220e+00 3.001e-01
-2.210e+00 6.838e-01
-2.200e+00 6.372e-01
-2.190e+00 6.798e-01
-2.180e+00 7.221e-01
-2.170e+00 9.736e-01
-2.160e+00 8.925e-01
-2.150e+00 7.650e-01
-2.140e+00 5.840e-01
-2.130e+00 6.163e-01
-2.120e+00 4.571e-01
-2.110e+00 4.648e-01
-2.100e+00 3.265e-01
-2.090e+00 4.115e-01
-2.080e+00 6.076e-01
-2.070e+00 6.232e-01
-2.060e+00 6.451e-01
-2.050e+00 5.780e-01
-2.040e+00 6.466e-01
-2.030e+00 5.787e-01
-2.020e+00 4.952e-01
-2.010e+00 5.154e-01
-2.000e+00 6.607e-01
-1.990e+00 5.960e-01
-1.980e+00 4.019e-01
-1.970e+00 5.880e-01
-1.960e+00 3.711e-01
-1.950e+00 5.905e-01
-1.940e+00 3.575e-01
-1.930e+00 5.011e-01
-1.920e+00 4.178e-01
-1.910e+00 5.825e-01
-1.900e+00 5.150e-01
-1.890e+00 5.593e-01
-1.880e+00 5.977e-01
-1.870e+00 5.226e-01
-1.860e+00 5.167e-01
-1.850e+00 3.318e-01
-1.840e+00 4.259e-01
-1.830e+00 5.332e-01
-1.820e+00 5.454e-01
-1.810e+00 5.983e-01
-1.800e+00 4.845e-01
-1.790e+00 5.878e-01
-1.780e+00 5.503e-01
-1.770e+00 4.616e-01
-1.760e+00 4.276e-01
-1.750e+00 5.730e-01
-1.740e+00 6.174e-01
-1.730e+00 4.289e-01
-1.720e+00 4.289e-01
-1.710e+00 6.591e-01
-1.700e+00 4.456e-01
-1.690e+00 3.275e-01
-1.680e+00 2.589e-01
-1.670e+00 3.400e-01
-1.660e+00 5.527e-01
-1.650e+00 4.918e-01
-1.640e+00 3.553e-01
-1.630e+00 5.647e-01
-1.620e+00 6.498e-01
-1.610e+00 7.208e-01
-1.600e+00 8.572e-01
-1.590e+00 8.792e-01
-1.580e+00 7.001e-01
-1.570e+00 6.670e-01
-1.560e+00 7.192e-01
-1.550e+00 1.068e+00
-1.540e+00 7.620e-01
-1.530e+00 5.291e-01
-1.520e+00 5.379e-01
-1.510e+00 4.424e-01
-1.500e+00 7.259e-01
-1.490e+00 4.787e-01
-1.480e+00 4.269e-01
-1.470e+00 6.040e-01
-1.460e+00 6.750e-01
-1.450e+00 6.462e-01
-1.440e+00 4.334e-01
-1.430e+00 4.459e-01
-1.420e+00 7.380e-01
-1.410e+00 8.249e-01
-1.400e+00 7.804e-01
-1.390e+00 1.076e+00
-1.380e+00 1.051e+00
-1.370e+00 6.609e-01
-1.360e+00 5.641e-01
-1.350e+00 7.737e-01
-1.340e+00 7.367e-01
-1.330e+00 1.013e+00
-1.320e+00 1.073e+00
-1.310e+00 9.206e-01
-1.300e+00 7.966e-01
-1.290e+00 1.011e+00
-1.280e+00 8.537e-01
-1.270e+00 7.670e-01
-1.260e+00 6.983e-01
-1.250e+00 7.800e-01
-1.240e+00 9.572e-01
-1.230e+00 8.175e-01
-1.220e+00 6.955e-01
-1.210e+00 8.902e-01
-1.200e+00 7.357e-01
-1.190e+00 8.871e-01
-1.180e+00 9.114e-01
-1.170e+00 7.960e-01
-1.160e+00 9.141e-01
-1.150e+00 8.217e-01
-1.140e+00 6.615e-01
-1.130e+00 8.614e-01
-1.120e+00 9.660e-01
-1.110e+00 6.175e-01
-1.100e+00 6.211e-01
-1.090e+00 6.915e-01
-1.080e+00 5.489e-01
-1.070e+00 3.081e-01
-1.060e+00 2.749e-01
-1.050e+00 6.598e-01
-1.040e+00 4.292e-01
-1.030e+00 5.469e-01
-1.020e+00 1.080e+00
-1.010e+00 1.041e+00
-1.000e+00 1.006e+00
-9.900e-01 6.234e-01
-9.800e-01 7.810e-01
-9.700e-01 5.401e-01
-9.600e-01 7.475e-02
-9.500e-01 -1.729e-01
-9.400e-01 4.852e-02
-9.300e-01 -1.665e-01
-9.200e-01 -1.957e-01
-9.100e-01 2.828e-01
-9.000e-01 2.118e-01
-8.900e-01 7.982e-02
-8.800e-01 1.451e-01
-8.700e-01 3.385e-01
-8.600e-01 8.282e-01
-8.500e-01 2.888e-01
-8.400e-01 2.556e-01
-8.300e-01 8.562e-01
-8.200e-01 6.433e-01
-8.100e-01 5.328e-01
-8.000e-01 6.796e-01
-7.900e-01 8.646e-01
-7.800e-01 6.045e-01
-7.700e-01 4.615e-01
-7.600e-01 6.924e-01
-7.500e-01 6.955e-01
-7.400e-01 5.894e-01
-7.300e-01 4.320e-01
-7.200e-01 2.106e-01
-7.100e-01 3.406e-01
-7.000e-01 4.575e-01
-6.900e-01 1.882e-01
-6.800e-01 4.225e-01
-6.700e-01 3.586e-01
-6.600e-01 5.342e-01
-6.500e-01 1.206e-01
-6.400e-01 1.908e-01
-6.300e-01 1.960e-01
-6.200e-01 5.238e-01
-6.100e-01 4.218e-01
-6.000e-01 1.062e-01
-5.900e-01 2.240e-01
-5.800e-01 4.752e-01
-5.700e-01 1.402e-01
-5.600e-01 3.475e-01
-5.500e-01 4.363e-01
-5.400e-01 4.352e-01
-5.300e-01 7.878e-01
-5.200e-01 7.952e-01
-5.100e-01 7.109e-01
-5.000e-01 7.287e-02
-4.900e-01 2.040e-01
-4.800e-01 5.113e-02
-4.700e-01 3.281e-01
-4.600e-01 2.249e-01
-4.500e-01 5.363e-01
-4.400e-01 1.389e+00
-4.300e-01 1.461e+00
-4.200e-01 1.460e+00
-4.100e-01 1.357e+00
-4.000e-01 1.287e+00
-3.900e-01 1.552e+00
-3.800e-01 1.814e+00
-3.700e-01 1.606e+00
-3.600e-01 7.244e-01
-3.500e-01 1.209e+00
-3.400e-01 1.402e+00
-3.300e-01 7.253e-01
-3.200e-01 5.440e-01
-3.100e-01 6.683e-01
-3.000e-01 9.023e-01
-2.900e-01 1.250e+00
-2.800e-01 9.774e-01
-2.700e-01 9.992e-01
-2.600e-01 2.438e+00
-2.500e-01 2.270e+00
-2.400e-01 1.884e+00
-2.300e-01 2.380e+00
-2.200e-01 3.372e+00
-2.100e-01 3.886e+00
-2.000e-01 3.807e+00
-1.900e-01 3.950e+00
-1.800e-01 4.999e+00
-1.700e-01 5.384e+00
-1.600e-01 5.119e+00
-1.500e-01 5.242e+00
-1.400e-01 6.062e+00
-1.300e-01 5.395e+00
-1.200e-01 6.351e+00
-1.100e-01 6.694e+00
-1.000e-01 8.033e+00
-9.000e-02 9.353e+00
-8.000e-02 8.458e+00
-7.000e-02 9.844e+00
-6.000e-02 1.206e+01
-5.000e-02 1.325e+01
-4.000e-02 1.666e+01
-3.000e-02 2.103e+01
-2.000e-02 2.336e+01
-1.000e-02 3.227e+01
