# Time (ps)      real(F_2)      im(F_2)
0.000e+00 1.000e+00 0.000e+00
1.000e-01 8.789e-01 1.381e-02
2.000e-01 8.138e-01 2.002e-02
3.000e-01 8.112e-01 4.554e-03
4.000e-01 8.443e-01 2.284e-02
5.000e-01 8.063e-01 2.242e-02
6.000e-01 8.215e-01 2.991e-02
7.000e-01 7.937e-01 -1.081e-02
8.000e-01 8.148e-01 9.796e-04
9.000e-01 7.869e-01 2.399e-02
1.000e+00 7.666e-01 4.120e-02
1.100e+00 7.649e-01 3.909e-02
1.200e+00 7.469e-01 3.186e-02
1.300e+00 7.815e-01 2.188e-02
1.400e+00 7.246e-01 -1.738e-02
1.500e+00 7.675e-01 -1.280e-02
1.600e+00 7.382e-01 1.325e-02
1.700e+00 7.425e-01 4.507e-02
1.800e+00 7.283e-01 7.981e-02
1.900e+00 7.280e-01 8.236e-02
2.000e+00 7.230e-01 4.351e-02
2.100e+00 6.905e-01 2.025e-02
2.200e+00 6.777e-01 2.607e-02
2.300e+00 6.491e-01 4.023e-02
2.400e+00 6.882e-01 5.460e-02
2.500e+00 6.961e-01 5.101e-02
2.600e+00 6.945e-01 4.321e-02
2.700e+00 6.979e-01 2.550e-02
2.800e+00 6.676e-01 1.438e-02
2.900e+00 7.031e-01 3.843e-02
3.000e+00 6.291e-01 6.970e-02
3.100e+00 6.612e-01 5.377e-02
3.200e+00 6.708e-01 4.771e-02
3.300e+00 6.449e-01 4.637e-02
3.400e+00 6.623e-01 4.951e-02
3.500e+00 6.155e-01 3.915e-02
3.600e+00 6.379e-01 1.265e-02
3.700e+00 6.118e-01 2.292e-02
3.800e+00 5.911e-01 2.020e-02
3.900e+00 6.008e-01 3.316e-02
4.000e+00 5.734e-01 3.880e-02
4.100e+00 5.964e-01 2.318e-02
4.200e+00 5.500e-01 1.217e-02
4.300e+00 5.589e-01 1.307e-02
4.400e+00 5.786e-01 5.774e-02
4.500e+00 5.402e-01 6.197e-02
4.600e+00 5.647e-01 6.623e-02
4.700e+00 5.605e-01 7.928e-02
4.800e+00 5.518e-01 4.472e-02
4.900e+00 5.263e-01 3.962e-02
5.000e+00 5.241e-01 6.136e-02
5.100e+00 5.193e-01 4.755e-02
5.200e+00 5.481e-01 5.319e-02
5.300e+00 5.419e-01 5.041e-02
5.400e+00 5.496e-01 4.588e-02
5.500e+00 5.236e-01 3.839e-02
5.600e+00 5.178e-01 3.111e-02
5.700e+00 4.898e-01 4.080e-02
5.800e+00 4.737e-01 5.307e-02
5.900e+00 5.212e-01 7.154e-02
6.000e+00 5.102e-01 6.554e-02
6.100e+00 5.096e-01 8.177e-02
6.200e+00 5.007e-01 6.920e-02
6.300e+00 5.107e-01 5.165e-02
6.400e+00 5.015e-01 6.694e-02
6.500e+00 4.983e-01 4.780e-02
6.600e+00 4.883e-01 5.813e-02
6.700e+00 5.039e-01 8.382e-02
6.800e+00 4.849e-01 5.230e-02
6.900e+00 5.251e-01 5.792e-02
7.000e+00 5.028e-01 8.565e-02
7.100e+00 5.158e-01 9.763e-02
7.200e+00 5.118e-01 8.047e-02
7.300e+00 5.178e-01 7.395e-02
7.400e+00 4.994e-01 8.640e-02
7.500e+00 5.035e-01 9.088e-02
7.600e+00 5.166e-01 1.186e-01
7.700e+00 5.151e-01 8.313e-02
7.800e+00 5.110e-01 1.001e-01
7.900e+00 5.204e-01 9.406e-02
8.000e+00 5.020e-01 9.309e-02
8.100e+00 5.141e-01 9.041e-02
8.200e+00 5.065e-01 1.096e-01
8.300e+00 5.000e-01 8.629e-02
8.400e+00 4.984e-01 7.100e-02
8.500e+00 5.293e-01 4.830e-02
8.600e+00 5.033e-01 3.858e-02
8.700e+00 4.914e-01 9.735e-03
8.800e+00 5.040e-01 1.167e-02
8.900e+00 4.901e-01 3.096e-02
9.000e+00 4.787e-01 2.785e-02
9.100e+00 4.705e-01 3.549e-02
9.200e+00 4.795e-01 2.380e-02
9.300e+00 4.934e-01 4.248e-02
9.400e+00 4.909e-01 5.493e-02
9.500e+00 4.631e-01 2.002e-02
9.600e+00 4.590e-01 3.398e-02
9.700e+00 4.414e-01 1.759e-02
9.800e+00 4.281e-01 3.307e-02
9.900e+00 4.737e-01 5.744e-02
1.000e+01 4.740e-01 2.807e-02
1.010e+01 4.495e-01 4.483e-02
1.020e+01 4.453e-01 5.255e-02
1.030e+01 4.234e-01 6.409e-02
1.040e+01 4.443e-01 4.848e-02
1.050e+01 4.335e-01 2.970e-02
1.060e+01 4.545e-01 2.324e-02
1.070e+01 4.361e-01 4.170e-02
1.080e+01 4.508e-01 3.742e-02
1.090e+01 4.448e-01 2.674e-02
1.100e+01 4.557e-01 4.479e-02
1.110e+01 4.599e-01 2.145e-02
1.120e+01 4.400e-01 9.864e-03
1.130e+01 4.370e-01 1.915e-02
1.140e+01 4.770e-01 1.885e-02
1.150e+01 4.430e-01 2.575e-02
1.160e+01 4.269e-01 3.129e-02
1.170e+01 4.329e-01 6.379e-02
1.180e+01 4.284e-01 4.656e-02
1.190e+01 4.239e-01 6.439e-02
1.200e+01 4.308e-01 4.740e-02
1.210e+01 4.402e-01 5.104e-02
1.220e+01 4.286e-01 4.324e-02
1.230e+01 4.369e-01 9.342e-03
1.240e+01 4.383e-01 2.878e-02
1.250e+01 4.478e-01 2.690e-02
1.260e+01 4.496e-01 2.324e-02
1.270e+01 4.290e-01 -7.467e-03
1.280e+01 4.218e-01 1.803e-02
1.290e+01 4.269e-01 1.847e-02
1.300e+01 4.270e-01 3.367e-02
1.310e+01 4.378e-01 1.835e-02
1.320e+01 4.525e-01 3.617e-02
1.330e+01 4.206e-01 3.740e-02
1.340e+01 4.147e-01 2.077e-02
1.350e+01 4.259e-01 2.591e-02
1.360e+01 4.176e-01 1.259e-02
1.370e+01 4.177e-01 3.237e-03
1.380e+01 4.234e-01 2.426e-02
1.390e+01 3.884e-01 1.602e-02
1.400e+01 3.935e-01 1.101e-02
1.410e+01 4.003e-01 8.665e-03
1.420e+01 3.878e-01 2.648e-03
1.430e+01 3.912e-01 -4.869e-04
1.440e+01 4.004e-01 2.298e-02
1.450e+01 4.091e-01 7.276e-04
1.460e+01 3.848e-01 -1.418e-02
1.470e+01 3.733e-01 6.152e-05
1.480e+01 3.802e-01 4.458e-03
1.490e+01 3.703e-01 1.670e-02
1.500e+01 3.869e-01 -1.616e-03
1.510e+01 3.851e-01 -1.334e-02
1.520e+01 3.746e-01 -5.554e-04
1.530e+01 3.725e-01 2.850e-03
1.540e+01 3.814e-01 1.487e-02
1.550e+01 3.661e-01 1.262e-02
1.560e+01 3.678e-01 9.319e-03
1.570e+01 3.641e-01 3.623e-03
1.580e+01 3.789e-01 -3.530e-04
1.590e+01 3.756e-01 -5.629e-03
1.600e+01 3.817e-01 1.318e-02
1.610e+01 3.771e-01 1.341e-02
1.620e+01 3.766e-01 -1.933e-02
1.630e+01 4.011e-01 -3.198e-02
1.640e+01 3.617e-01 -2.841e-02
1.650e+01 3.685e-01 -1.169e-02
1.660e+01 3.709e-01 -7.816e-03
1.670e+01 3.768e-01 -2.932e-02
1.680e+01 3.759e-01 -3.864e-02
1.690e+01 3.607e-01 -8.314e-03
1.700e+01 3.631e-01 -8.990e-03
1.710e+01 3.474e-01 -1.363e-02
1.720e+01 3.408e-01 -5.602e-03
1.730e+01 3.304e-01 -8.169e-03
1.740e+01 3.292e-01 -9.551e-03
1.750e+01 3.290e-01 1.566e-02
1.760e+01 3.195e-01 1.716e-02
1.770e+01 3.175e-01 -6.489e-03
1.780e+01 3.283e-01 -9.709e-04
1.790e+01 3.258e-01 -7.486e-03
1.800e+01 3.117e-01 1.766e-03
1.810e+01 2.941e-01 9.747e-04
1.820e+01 2.943e-01 -2.091e-03
1.830e+01 2.886e-01 -4.433e-04
1.840e+01 2.998e-01 1.928e-02
1.850e+01 3.020e-01 -1.880e-03
1.860e+01 3.227e-01 4.208e-03
1.870e+01 3.464e-01 2.643e-03
1.880e+01 3.277e-01 -2.268e-02
1.890e+01 3.301e-01 -1.228e-02
1.900e+01 3.290e-01 1.611e-04
1.910e+01 3.247e-01 -5.657e-04
1.920e+01 3.126e-01 -4.932e-03
1.930e+01 3.107e-01 9.355e-03
1.940e+01 3.054e-01 1.508e-02
1.950e+01 2.960e-01 1.702e-02
1.960e+01 2.773e-01 5.907e-03
1.970e+01 2.710e-01 1.553e-02
1.980e+01 2.882e-01 2.186e-02
1.990e+01 2.717e-01 2.206e-02
2.000e+01 2.721e-01 2.254e-03
2.010e+01 2.772e-01 6.737e-03
2.020e+01 2.617e-01 2.190e-02
2.030e+01 2.814e-01 4.801e-02
2.040e+01 2.765e-01 3.725e-02
2.050e+01 2.763e-01 3.099e-02
2.060e+01 2.948e-01 1.793e-02
2.070e+01 2.782e-01 1.098e-02
2.080e+01 2.861e-01 1.692e-02
2.090e+01 2.835e-01 3.201e-02
2.100e+01 2.880e-01 2.574e-02
2.110e+01 2.900e-01 2.784e-02
2.120e+01 2.933e-01 2.672e-02
2.130e+01 2.792e-01 2.098e-02
2.140e+01 2.691e-01 -1.487e-03
2.150e+01 2.696e-01 2.908e-02
2.160e+01 2.558e-01 2.660e-02
2.170e+01 2.559e-01 1.510e-02
2.180e+01 2.506e-01 2.906e-02
2.190e+01 2.648e-01 1.976e-02
2.200e+01 2.748e-01 4.564e-04
2.210e+01 2.632e-01 7.235e-03
2.220e+01 2.586e-01 9.397e-03
2.230e+01 2.436e-01 4.520e-03
2.240e+01 2.447e-01 4.132e-03
2.250e+01 2.471e-01 1.655e-03
2.260e+01 2.586e-01 9.243e-03
2.270e+01 2.590e-01 9.379e-03
2.280e+01 2.654e-01 -3.477e-03
2.290e+01 2.529e-01 9.619e-03
2.300e+01 2.223e-01 3.382e-03
2.310e+01 2.403e-01 3.142e-03
2.320e+01 2.429e-01 4.274e-03
2.330e+01 2.411e-01 1.810e-03
2.340e+01 2.546e-01 -8.027e-04
2.350e+01 2.419e-01 4.629e-03
2.360e+01 2.497e-01 8.819e-03
2.370e+01 2.459e-01 1.501e-02
2.380e+01 2.524e-01 7.661e-03
2.390e+01 2.578e-01 1.202e-02
2.400e+01 2.589e-01 1.215e-02
2.410e+01 2.653e-01 1.023e-02
2.420e+01 2.482e-01 8.905e-03
2.430e+01 2.444e-01 1.799e-02
2.440e+01 2.425e-01 3.443e-02
2.450e+01 2.432e-01 3.047e-02
2.460e+01 2.452e-01 2.507e-02
2.470e+01 2.406e-01 4.267e-02
2.480e+01 2.346e-01 3.743e-02
2.490e+01 2.356e-01 3.873e-02
2.500e+01 2.432e-01 4.501e-02
2.510e+01 2.285e-01 5.121e-02
2.520e+01 2.488e-01 4.115e-02
2.530e+01 2.369e-01 3.586e-02
2.540e+01 2.486e-01 3.298e-02
2.550e+01 2.410e-01 3.337e-02
2.560e+01 2.561e-01 2.808e-02
2.570e+01 2.393e-01 1.803e-02
2.580e+01 2.275e-01 2.386e-02
2.590e+01 2.276e-01 3.229e-02
2.600e+01 2.290e-01 2.990e-02
2.610e+01 2.227e-01 2.980e-02
2.620e+01 2.280e-01 2.815e-02
2.630e+01 2.301e-01 3.222e-02
2.640e+01 2.245e-01 3.002e-02
2.650e+01 2.179e-01 2.090e-02
2.660e+01 2.116e-01 2.817e-02
2.670e+01 2.285e-01 3.678e-02
2.680e+01 2.197e-01 2.374e-02
2.690e+01 2.216e-01 1.147e-02
2.700e+01 2.063e-01 2.465e-02
2.710e+01 2.106e-01 2.450e-02
2.720e+01 2.018e-01 2.472e-02
2.730e+01 2.049e-01 2.716e-02
2.740e+01 1.925e-01 4.140e-02
2.750e+01 2.154e-01 2.769e-02
2.760e+01 2.003e-01 2.209e-02
2.770e+01 1.928e-01 3.805e-02
2.780e+01 1.961e-01 3.663e-02
2.790e+01 2.009e-01 3.383e-02
2.800e+01 2.005e-01 3.163e-02
2.810e+01 2.046e-01 9.432e-03
2.820e+01 2.055e-01 2.189e-02
2.830e+01 2.057e-01 2.956e-02
2.840e+01 2.052e-01 2.463e-02
2.850e+01 2.136e-01 1.175e-02
2.860e+01 2.025e-01 1.916e-02
2.870e+01 2.024e-01 4.031e-03
2.880e+01 2.206e-01 1.213e-02
2.890e+01 2.049e-01 8.789e-03
2.900e+01 2.077e-01 3.723e-02
2.910e+01 1.789e-01 3.183e-02
2.920e+01 1.897e-01 5.044e-02
2.930e+01 1.993e-01 5.243e-02
2.940e+01 2.106e-01 4.320e-02
2.950e+01 2.055e-01 3.889e-02
2.960e+01 2.023e-01 4.169e-02
2.970e+01 2.039e-01 3.941e-02
2.980e+01 1.941e-01 6.448e-02
2.990e+01 1.962e-01 5.969e-02
3.000e+01 2.068e-01 4.838e-02
3.010e+01 2.031e-01 5.185e-02
3.020e+01 2.052e-01 3.812e-02
3.030e+01 1.975e-01 4.503e-02
3.040e+01 2.017e-01 4.883e-02
3.050e+01 1.982e-01 3.999e-02
3.060e+01 2.109e-01 4.166e-02
3.070e+01 2.021e-01 3.557e-02
3.080e+01 2.095e-01 4.694e-02
3.090e+01 1.942e-01 4.192e-02
3.100e+01 2.002e-01 4.873e-02
3.110e+01 1.949e-01 4.721e-02
3.120e+01 1.969e-01 4.518e-02
3.130e+01 1.935e-01 4.322e-02
3.140e+01 2.018e-01 2.808e-02
3.150e+01 2.069e-01 3.497e-02
3.160e+01 2.000e-01 5.084e-02
3.170e+01 2.076e-01 5.511e-02
3.180e+01 2.062e-01 4.716e-02
3.190e+01 2.094e-01 4.461e-02
3.200e+01 1.972e-01 5.004e-02
3.210e+01 2.073e-01 4.834e-02
3.220e+01 2.198e-01 4.338e-02
3.230e+01 2.099e-01 4.609e-02
3.240e+01 2.121e-01 3.803e-02
3.250e+01 1.971e-01 2.735e-02
3.260e+01 2.053e-01 3.448e-02
3.270e+01 2.059e-01 3.738e-02
3.280e+01 2.010e-01 5.220e-02
3.290e+01 2.065e-01 5.622e-02
3.300e+01 2.179e-01 5.162e-02
3.310e+01 2.214e-01 4.886e-02
3.320e+01 2.056e-01 5.483e-02
3.330e+01 1.957e-01 5.680e-02
3.340e+01 1.997e-01 5.017e-02
3.350e+01 2.073e-01 3.604e-02
3.360e+01 2.039e-01 3.680e-02
3.370e+01 2.032e-01 3.824e-02
3.380e+01 2.063e-01 3.094e-02
3.390e+01 1.991e-01 3.886e-02
3.400e+01 2.037e-01 3.417e-02
3.410e+01 2.118e-01 4.377e-02
3.420e+01 2.098e-01 4.406e-02
3.430e+01 1.941e-01 3.466e-02
3.440e+01 2.026e-01 3.132e-02
3.450e+01 1.966e-01 3.561e-02
3.460e+01 1.922e-01 3.118e-02
3.470e+01 1.952e-01 1.987e-02
3.480e+01 2.043e-01 1.787e-02
3.490e+01 2.063e-01 2.798e-02
3.500e+01 2.081e-01 1.575e-02
3.510e+01 2.124e-01 9.597e-03
3.520e+01 2.101e-01 2.810e-02
3.530e+01 1.965e-01 2.532e-02
3.540e+01 2.067e-01 1.903e-02
3.550e+01 2.081e-01 3.193e-02
3.560e+01 2.121e-01 4.003e-02
3.570e+01 2.032e-01 3.008e-02
3.580e+01 2.009e-01 5.330e-02
3.590e+01 1.949e-01 3.636e-02
3.600e+01 2.014e-01 2.772e-02
3.610e+01 2.087e-01 3.799e-02
3.620e+01 1.930e-01 3.210e-02
3.630e+01 2.203e-01 2.375e-02
3.640e+01 2.110e-01 2.625e-02
3.650e+01 2.126e-01 2.328e-02
3.660e+01 2.111e-01 2.630e-02
3.670e+01 2.073e-01 2.142e-02
3.680e+01 2.024e-01 3.385e-02
3.690e+01 2.117e-01 3.378e-02
3.700e+01 2.153e-01 4.083e-02
3.710e+01 2.145e-01 2.982e-02
3.720e+01 2.088e-01 1.655e-02
3.730e+01 2.010e-01 9.737e-03
3.740e+01 2.178e-01 2.823e-02
3.750e+01 1.947e-01 3.814e-02
3.760e+01 1.884e-01 2.346e-02
3.770e+01 1.958e-01 1.487e-02
3.780e+01 1.949e-01 1.634e-02
3.790e+01 1.852e-01 2.876e-02
3.800e+01 1.785e-01 3.003e-02
3.810e+01 1.800e-01 2.195e-02
3.820e+01 1.776e-01 2.237e-02
3.830e+01 1.940e-01 1.369e-02
3.840e+01 2.035e-01 2.428e-02
3.850e+01 1.949e-01 1.708e-02
3.860e+01 1.980e-01 1.371e-02
3.870e+01 1.967e-01 1.952e-02
3.880e+01 1.885e-01 2.123e-02
3.890e+01 1.883e-01 2.616e-02
3.900e+01 1.967e-01 2.764e-02
3.910e+01 2.050e-01 1.597e-02
3.920e+01 1.960e-01 1.902e-02
3.930e+01 1.995e-01 2.079e-02
3.940e+01 1.960e-01 2.071e-02
3.950e+01 1.958e-01 1.481e-02
3.960e+01 1.971e-01 2.390e-02
3.970e+01 1.892e-01 2.895e-02
3.980e+01 1.963e-01 3.211e-02
3.990e+01 1.953e-01 2.131e-02
4.000e+01 2.129e-01 2.355e-02
4.010e+01 2.167e-01 2.508e-02
4.020e+01 2.078e-01 2.324e-02
4.030e+01 2.247e-01 2.660e-02
4.040e+01 2.226e-01 2.894e-02
4.050e+01 2.054e-01 3.082e-02
4.060e+01 1.997e-01 3.142e-02
4.070e+01 1.900e-01 1.889e-02
4.080e+01 1.913e-01 2.426e-02
4.090e+01 1.967e-01 2.332e-02
4.100e+01 1.987e-01 2.555e-02
4.110e+01 2.050e-01 1.359e-02
4.120e+01 2.017e-01 1.707e-02
4.130e+01 1.839e-01 2.186e-02
4.140e+01 1.911e-01 1.806e-02
4.150e+01 1.927e-01 1.951e-02
4.160e+01 1.863e-01 3.066e-02
4.170e+01 1.835e-01 3.060e-02
4.180e+01 1.820e-01 3.209e-02
4.190e+01 2.065e-01 1.618e-02
4.200e+01 1.975e-01 6.420e-03
4.210e+01 1.923e-01 -1.549e-02
4.220e+01 1.801e-01 -1.049e-02
4.230e+01 1.610e-01 5.733e-03
4.240e+01 1.784e-01 1.860e-02
4.250e+01 1.847e-01 1.332e-02
4.260e+01 1.856e-01 1.667e-02
4.270e+01 1.833e-01 1.735e-02
4.280e+01 1.788e-01 3.172e-04
4.290e+01 1.719e-01 6.049e-03
4.300e+01 1.637e-01 5.248e-03
4.310e+01 1.801e-01 1.835e-02
4.320e+01 1.762e-01 2.017e-02
4.330e+01 1.706e-01 1.361e-02
4.340e+01 1.678e-01 8.506e-03
4.350e+01 1.634e-01 1.232e-02
4.360e+01 1.779e-01 1.532e-02
4.370e+01 1.685e-01 1.531e-02
4.380e+01 1.755e-01 1.628e-02
4.390e+01 1.690e-01 7.352e-03
4.400e+01 1.761e-01 8.167e-03
4.410e+01 1.887e-01 9.169e-03
4.420e+01 1.755e-01 -4.358e-03
4.430e+01 1.751e-01 1.871e-03
4.440e+01 1.735e-01 6.887e-03
4.450e+01 1.642e-01 7.739e-03
4.460e+01 1.643e-01 1.506e-02
4.470e+01 1.631e-01 1.690e-02
4.480e+01 1.692e-01 3.386e-03
4.490e+01 1.622e-01 1.352e-02
4.500e+01 1.624e-01 1.032e-02
4.510e+01 1.567e-01 1.266e-02
4.520e+01 1.661e-01 -5.084e-04
4.530e+01 1.680e-01 4.115e-03
4.540e+01 1.656e-01 2.480e-03
4.550e+01 1.614e-01 4.947e-03
4.560e+01 1.615e-01 3.716e-03
4.570e+01 1.659e-01 9.636e-03
4.580e+01 1.664e-01 1.011e-02
4.590e+01 1.589e-01 9.824e-03
4.600e+01 1.600e-01 1.522e-02
4.610e+01 1.512e-01 1.073e-02
4.620e+01 1.478e-01 -3.346e-03
4.630e+01 1.670e-01 -6.214e-03
4.640e+01 1.540e-01 -1.369e-03
4.650e+01 1.616e-01 -7.636e-04
4.660e+01 1.559e-01 -6.385e-03
4.670e+01 1.681e-01 -1.228e-03
4.680e+01 1.545e-01 -1.288e-02
4.690e+01 1.523e-01 -1.309e-02
4.700e+01 1.464e-01 -5.826e-03
4.710e+01 1.531e-01 -1.519e-03
4.720e+01 1.621e-01 -9.028e-03
4.730e+01 1.554e-01 3.385e-04
4.740e+01 1.603e-01 -6.677e-03
4.750e+01 1.665e-01 -1.183e-02
4.760e+01 1.541e-01 -7.622e-03
4.770e+01 1.478e-01 -7.104e-04
4.780e+01 1.536e-01 1.213e-02
4.790e+01 1.488e-01 6.029e-03
4.800e+01 1.436e-01 2.477e-02
4.810e+01 1.582e-01 1.236e-02
4.820e+01 1.651e-01 -3.614e-03
4.830e+01 1.592e-01 2.796e-03
4.840e+01 1.480e-01 8.235e-04
4.850e+01 1.488e-01 -1.337e-03
4.860e+01 1.510e-01 -3.917e-03
4.870e+01 1.532e-01 -2.221e-02
4.880e+01 1.609e-01 -1.888e-02
4.890e+01 1.564e-01 -1.168e-02
4.900e+01 1.519e-01 -4.552e-03
4.910e+01 1.398e-01 -4.547e-03
4.920e+01 1.544e-01 -1.979e-03
4.930e+01 1.610e-01 1.638e-02
4.940e+01 1.641e-01 5.035e-03
4.950e+01 1.681e-01 4.455e-03
4.960e+01 1.656e-01 7.852e-03
4.970e+01 1.606e-01 6.894e-03
4.980e+01 1.414e-01 6.841e-03
4.990e+01 1.486e-01 1.777e-02
5.000e+01 1.547e-01 1.126e-02
5.010e+01 1.524e-01 1.256e-02
5.020e+01 1.564e-01 1.503e-02
5.030e+01 1.511e-01 1.466e-02
5.040e+01 1.655e-01 6.203e-03
5.050e+01 1.603e-01 9.678e-03
5.060e+01 1.663e-01 9.774e-04
5.070e+01 1.596e-01 1.442e-02
5.080e+01 1.698e-01 1.351e-02
5.090e+01 1.625e-01 7.799e-03
5.100e+01 1.599e-01 8.176e-03
5.110e+01 1.734e-01 7.470e-03
5.120e+01 1.746e-01 1.846e-02
5.130e+01 1.786e-01 1.323e-02
5.140e+01 1.821e-01 5.530e-03
5.150e+01 1.843e-01 2.259e-03
5.160e+01 1.704e-01 -2.831e-03
5.170e+01 1.785e-01 9.784e-03
5.180e+01 1.721e-01 -4.831e-03
5.190e+01 1.809e-01 1.241e-02
5.200e+01 1.673e-01 9.503e-03
5.210e+01 1.582e-01 2.131e-03
5.220e+01 1.604e-01 -7.260e-03
5.230e+01 1.536e-01 -6.955e-03
5.240e+01 1.483e-01 -1.219e-02
5.250e+01 1.548e-01 3.291e-03
5.260e+01 1.596e-01 7.248e-03
5.270e+01 1.577e-01 1.526e-02
5.280e+01 1.632e-01 1.191e-02
5.290e+01 1.486e-01 8.919e-03
5.300e+01 1.694e-01 1.336e-02
5.310e+01 1.518e-01 8.950e-03
5.320e+01 1.459e-01 1.238e-02
5.330e+01 1.426e-01 1.031e-02
5.340e+01 1.426e-01 1.808e-02
5.350e+01 1.390e-01 7.394e-03
5.360e+01 1.455e-01 1.235e-02
5.370e+01 1.409e-01 6.588e-04
5.380e+01 1.357e-01 5.621e-03
5.390e+01 1.347e-01 1.083e-02
5.400e+01 1.471e-01 8.336e-03
5.410e+01 1.495e-01 1.270e-02
5.420e+01 1.435e-01 7.329e-03
5.430e+01 1.384e-01 3.845e-03
5.440e+01 1.436e-01 8.731e-03
5.450e+01 1.368e-01 8.163e-03
5.460e+01 1.390e-01 6.188e-03
5.470e+01 1.330e-01 -2.789e-03
5.480e+01 1.377e-01 -1.127e-02
5.490e+01 1.431e-01 -6.549e-03
5.500e+01 1.568e-01 8.803e-04
5.510e+01 1.513e-01 3.241e-03
5.520e+01 1.416e-01 2.749e-02
5.530e+01 1.341e-01 3.117e-02
5.540e+01 1.434e-01 1.945e-02
5.550e+01 1.389e-01 2.074e-02
5.560e+01 1.345e-01 1.783e-02
5.570e+01 1.375e-01 2.078e-02
5.580e+01 1.362e-01 1.237e-02
5.590e+01 1.410e-01 9.166e-03
5.600e+01 1.410e-01 2.008e-02
5.610e+01 1.442e-01 2.084e-02
5.620e+01 1.366e-01 1.535e-02
5.630e+01 1.497e-01 1.402e-02
5.640e+01 1.339e-01 1.582e-02
5.650e+01 1.344e-01 1.332e-02
5.660e+01 1.376e-01 8.995e-03
5.670e+01 1.418e-01 3.757e-03
5.680e+01 1.381e-01 1.909e-02
5.690e+01 1.417e-01 2.062e-02
5.700e+01 1.434e-01 2.162e-02
5.710e+01 1.426e-01 1.426e-02
5.720e+01 1.462e-01 1.027e-02
5.730e+01 1.298e-01 1.191e-02
5.740e+01 1.255e-01 5.245e-03
5.750e+01 1.159e-01 7.247e-03
5.760e+01 1.190e-01 8.793e-03
5.770e+01 1.331e-01 1.676e-02
5.780e+01 1.420e-01 2.474e-02
5.790e+01 1.318e-01 2.602e-02
5.800e+01 1.319e-01 1.861e-02
5.810e+01 1.310e-01 1.734e-02
5.820e+01 1.208e-01 1.834e-02
5.830e+01 1.274e-01 1.085e-02
5.840e+01 1.315e-01 7.567e-03
5.850e+01 1.363e-01 -1.447e-04
5.860e+01 1.415e-01 -4.673e-04
5.870e+01 1.515e-01 5.045e-03
5.880e+01 1.524e-01 -3.979e-03
5.890e+01 1.540e-01 -4.853e-03
5.900e+01 1.518e-01 -4.370e-03
5.910e+01 1.578e-01 -6.487e-03
5.920e+01 1.436e-01 -3.288e-03
5.930e+01 1.479e-01 1.425e-03
5.940e+01 1.464e-01 -4.539e-04
5.950e+01 1.382e-01 2.292e-03
5.960e+01 1.394e-01 -9.563e-04
5.970e+01 1.414e-01 9.157e-04
5.980e+01 1.477e-01 1.407e-02
5.990e+01 1.418e-01 1.499e-02
6.000e+01 1.411e-01 1.191e-02
6.010e+01 1.361e-01 1.461e-02
6.020e+01 1.280e-01 1.846e-02
6.030e+01 1.300e-01 2.242e-02
6.040e+01 1.359e-01 3.267e-02
6.050e+01 1.324e-01 3.109e-02
6.060e+01 1.399e-01 2.110e-02
6.070e+01 1.337e-01 1.646e-02
6.080e+01 1.329e-01 2.376e-02
6.090e+01 1.217e-01 2.778e-02
6.100e+01 1.200e-01 1.985e-02
6.110e+01 1.134e-01 1.654e-02
6.120e+01 1.226e-01 1.481e-02
6.130e+01 1.137e-01 1.048e-02
6.140e+01 1.288e-01 8.198e-03
6.150e+01 1.191e-01 1.662e-02
6.160e+01 1.195e-01 2.482e-02
6.170e+01 1.338e-01 2.514e-02
6.180e+01 1.285e-01 3.027e-02
6.190e+01 1.444e-01 2.067e-02
6.200e+01 1.350e-01 3.011e-02
6.210e+01 1.391e-01 1.932e-02
6.220e+01 1.463e-01 1.344e-02
6.230e+01 1.326e-01 1.608e-02
6.240e+01 1.480e-01 1.629e-02
6.250e+01 1.364e-01 1.894e-02
6.260e+01 1.344e-01 1.662e-02
6.270e+01 1.441e-01 1.309e-02
6.280e+01 1.292e-01 5.332e-03
6.290e+01 1.205e-01 1.014e-02
6.300e+01 1.202e-01 5.055e-03
6.310e+01 1.156e-01 8.958e-03
6.320e+01 1.217e-01 1.199e-02
6.330e+01 1.214e-01 4.360e-03
6.340e+01 1.213e-01 7.172e-03
6.350e+01 1.211e-01 1.142e-03
6.360e+01 1.318e-01 -1.655e-03
6.370e+01 1.216e-01 7.008e-03
6.380e+01 1.262e-01 3.858e-04
6.390e+01 1.237e-01 2.379e-03
6.400e+01 1.300e-01 3.981e-03
6.410e+01 1.301e-01 5.683e-03
6.420e+01 1.319e-01 -1.953e-03
6.430e+01 1.247e-01 1.230e-02
6.440e+01 1.192e-01 9.672e-03
6.450e+01 1.264e-01 1.813e-02
6.460e+01 1.181e-01 1.791e-02
6.470e+01 1.178e-01 1.868e-02
6.480e+01 1.309e-01 3.000e-02
6.490e+01 1.301e-01 3.410e-02
6.500e+01 1.199e-01 2.781e-02
6.510e+01 1.117e-01 1.633e-02
6.520e+01 1.205e-01 8.972e-03
6.530e+01 1.178e-01 9.978e-03
6.540e+01 1.166e-01 8.943e-03
6.550e+01 1.189e-01 4.839e-03
6.560e+01 1.286e-01 1.203e-02
6.570e+01 1.361e-01 -6.445e-04
6.580e+01 1.295e-01 4.371e-03
6.590e+01 1.255e-01 -2.792e-04
6.600e+01 1.165e-01 -9.724e-04
6.610e+01 1.142e-01 -4.618e-03
6.620e+01 1.203e-01 -3.786e-03
6.630e+01 1.240e-01 -1.408e-03
6.640e+01 1.180e-01 2.575e-03
6.650e+01 1.350e-01 -6.406e-03
6.660e+01 1.243e-01 1.073e-02
6.670e+01 1.199e-01 7.647e-03
6.680e+01 1.125e-01 -5.437e-03
6.690e+01 1.228e-01 -2.774e-03
6.700e+01 1.263e-01 1.621e-03
6.710e+01 1.058e-01 1.421e-02
6.720e+01 1.225e-01 1.241e-02
6.730e+01 1.176e-01 8.459e-03
6.740e+01 1.084e-01 5.353e-03
6.750e+01 1.138e-01 -5.038e-03
6.760e+01 1.003e-01 9.269e-03
6.770e+01 1.166e-01 7.718e-03
6.780e+01 1.126e-01 1.178e-02
6.790e+01 9.522e-02 1.364e-02
6.800e+01 9.516e-02 1.006e-02
6.810e+01 1.032e-01 1.332e-02
6.820e+01 1.097e-01 9.836e-03
6.830e+01 1.113e-01 4.832e-03
6.840e+01 1.007e-01 6.415e-03
6.850e+01 1.030e-01 1.288e-02
6.860e+01 1.121e-01 1.463e-02
6.870e+01 1.152e-01 6.691e-03
6.880e+01 1.132e-01 3.268e-03
6.890e+01 1.164e-01 6.384e-03
6.900e+01 1.082e-01 1.186e-02
6.910e+01 1.089e-01 2.217e-02
6.920e+01 1.059e-01 1.443e-02
6.930e+01 9.570e-02 2.158e-02
6.940e+01 9.893e-02 6.199e-03
6.950e+01 1.042e-01 1.440e-03
6.960e+01 1.029e-01 7.742e-03
6.970e+01 1.046e-01 3.762e-03
6.980e+01 1.014e-01 1.225e-02
6.990e+01 1.034e-01 2.540e-02
7.000e+01 1.101e-01 1.515e-02
7.010e+01 1.065e-01 8.635e-03
7.020e+01 1.053e-01 1.136e-02
7.030e+01 1.068e-01 3.064e-03
7.040e+01 1.080e-01 1.498e-02
7.050e+01 1.126e-01 6.854e-03
7.060e+01 1.146e-01 2.651e-02
7.070e+01 1.155e-01 1.102e-02
7.080e+01 1.155e-01 1.909e-02
7.090e+01 1.172e-01 2.574e-02
7.100e+01 1.185e-01 2.220e-02
7.110e+01 1.140e-01 2.157e-02
7.120e+01 1.252e-01 1.884e-02
7.130e+01 1.236e-01 1.250e-02
7.140e+01 1.179e-01 1.044e-02
7.150e+01 1.284e-01 1.642e-02
7.160e+01 1.239e-01 2.036e-02
7.170e+01 1.137e-01 2.689e-02
7.180e+01 1.050e-01 1.325e-02
7.190e+01 1.157e-01 2.615e-02
7.200e+01 9.910e-02 2.099e-02
7.210e+01 1.022e-01 1.651e-02
7.220e+01 1.010e-01 1.714e-02
7.230e+01 1.173e-01 1.537e-02
7.240e+01 1.123e-01 7.076e-03
7.250e+01 1.067e-01 2.066e-02
7.260e+01 1.022e-01 2.231e-02
7.270e+01 1.047e-01 2.476e-02
7.280e+01 1.097e-01 2.821e-02
7.290e+01 1.018e-01 2.838e-02
7.300e+01 1.140e-01 2.433e-02
7.310e+01 9.391e-02 2.840e-02
7.320e+01 8.927e-02 2.932e-02
7.330e+01 9.600e-02 1.911e-02
7.340e+01 8.744e-02 2.233e-02
7.350e+01 8.568e-02 1.877e-02
7.360e+01 8.652e-02 1.700e-02
7.370e+01 9.697e-02 2.210e-02
7.380e+01 9.613e-02 1.452e-02
7.390e+01 1.015e-01 9.441e-03
7.400e+01 1.005e-01 1.098e-02
7.410e+01 1.034e-01 2.598e-02
7.420e+01 9.201e-02 2.426e-02
7.430e+01 8.539e-02 1.987e-02
7.440e+01 9.861e-02 2.447e-02
7.450e+01 9.187e-02 2.567e-02
7.460e+01 9.518e-02 2.954e-02
7.470e+01 9.175e-02 1.606e-02
7.480e+01 1.014e-01 1.815e-02
7.490e+01 8.920e-02 2.026e-02
7.500e+01 1.032e-01 1.155e-02
7.510e+01 1.022e-01 1.050e-02
7.520e+01 1.006e-01 2.284e-02
7.530e+01 1.108e-01 1.989e-02
7.540e+01 1.110e-01 2.247e-02
7.550e+01 1.129e-01 3.501e-02
7.560e+01 1.094e-01 3.848e-02
7.570e+01 1.131e-01 2.821e-02
7.580e+01 1.157e-01 1.825e-02
7.590e+01 1.201e-01 1.500e-02
7.600e+01 1.156e-01 2.203e-02
7.610e+01 9.923e-02 2.688e-02
7.620e+01 1.096e-01 2.197e-02
7.630e+01 1.299e-01 3.615e-02
7.640e+01 1.185e-01 3.861e-02
7.650e+01 1.239e-01 3.097e-02
7.660e+01 1.258e-01 2.473e-02
7.670e+01 1.177e-01 2.674e-02
7.680e+01 1.088e-01 2.200e-02
7.690e+01 1.138e-01 2.597e-02
7.700e+01 1.073e-01 3.197e-02
7.710e+01 1.207e-01 1.653e-02
7.720e+01 1.274e-01 1.972e-02
7.730e+01 1.196e-01 1.017e-02
7.740e+01 1.130e-01 1.848e-02
7.750e+01 1.127e-01 9.626e-03
7.760e+01 1.115e-01 1.737e-03
7.770e+01 1.069e-01 9.876e-03
7.780e+01 1.073e-01 1.551e-02
7.790e+01 9.956e-02 9.214e-03
7.800e+01 1.102e-01 -1.003e-03
7.810e+01 1.031e-01 1.041e-02
7.820e+01 9.763e-02 1.433e-02
7.830e+01 1.114e-01 8.860e-03
7.840e+01 1.336e-01 1.862e-02
7.850e+01 1.212e-01 1.394e-02
7.860e+01 1.249e-01 6.718e-03
7.870e+01 1.227e-01 2.631e-03
7.880e+01 1.075e-01 4.614e-03
7.890e+01 1.071e-01 1.763e-02
7.900e+01 1.210e-01 1.647e-02
7.910e+01 1.267e-01 2.749e-02
7.920e+01 1.146e-01 3.250e-02
7.930e+01 1.216e-01 3.095e-02
7.940e+01 1.283e-01 2.251e-02
7.950e+01 1.182e-01 2.016e-02
7.960e+01 1.355e-01 8.664e-03
7.970e+01 1.279e-01 1.117e-02
7.980e+01 1.263e-01 1.571e-02
7.990e+01 1.352e-01 1.771e-02
8.000e+01 1.270e-01 2.714e-02
8.010e+01 1.305e-01 2.795e-02
8.020e+01 1.287e-01 4.370e-02
8.030e+01 1.268e-01 3.701e-02
8.040e+01 1.281e-01 4.733e-02
8.050e+01 1.210e-01 2.507e-02
8.060e+01 1.213e-01 2.837e-02
8.070e+01 1.130e-01 3.133e-02
8.080e+01 1.058e-01 2.248e-02
8.090e+01 1.175e-01 2.552e-02
8.100e+01 1.117e-01 2.056e-02
8.110e+01 1.122e-01 2.267e-02
8.120e+01 1.094e-01 1.404e-02
8.130e+01 1.101e-01 2.201e-02
8.140e+01 1.261e-01 1.672e-02
8.150e+01 1.332e-01 1.141e-02
8.160e+01 1.328e-01 3.009e-02
8.170e+01 1.249e-01 3.214e-02
8.180e+01 1.207e-01 3.589e-02
8.190e+01 1.188e-01 1.843e-02
8.200e+01 1.269e-01 2.101e-02
8.210e+01 1.224e-01 1.722e-02
8.220e+01 1.122e-01 1.953e-02
8.230e+01 1.015e-01 7.446e-03
8.240e+01 1.216e-01 1.861e-02
8.250e+01 1.226e-01 1.493e-02
8.260e+01 1.199e-01 1.888e-02
8.270e+01 1.335e-01 1.813e-02
8.280e+01 1.232e-01 4.907e-03
8.290e+01 1.191e-01 8.967e-03
8.300e+01 1.076e-01 1.118e-02
8.310e+01 1.065e-01 -3.134e-05
8.320e+01 1.088e-01 1.450e-02
8.330e+01 1.047e-01 4.038e-03
8.340e+01 1.185e-01 4.566e-03
8.350e+01 1.113e-01 -1.232e-03
8.360e+01 1.217e-01 1.596e-02
8.370e+01 1.101e-01 -7.093e-04
8.380e+01 1.104e-01 -1.410e-02
8.390e+01 1.130e-01 -1.289e-02
8.400e+01 1.054e-01 -4.376e-03
8.410e+01 9.872e-02 2.139e-03
8.420e+01 9.925e-02 -5.966e-03
8.430e+01 9.947e-02 -2.903e-03
8.440e+01 1.046e-01 -3.955e-03
8.450e+01 9.486e-02 -9.698e-04
8.460e+01 8.969e-02 1.225e-03
8.470e+01 9.459e-02 -4.577e-03
8.480e+01 9.511e-02 -7.486e-03
8.490e+01 9.946e-02 -6.330e-03
8.500e+01 1.016e-01 -7.476e-03
8.510e+01 9.521e-02 -5.118e-03
8.520e+01 9.896e-02 -1.609e-02
8.530e+01 9.565e-02 -1.241e-02
8.540e+01 9.214e-02 -2.496e-02
8.550e+01 9.542e-02 -1.205e-02
8.560e+01 9.393e-02 -1.366e-02
8.570e+01 8.446e-02 -1.756e-02
8.580e+01 8.525e-02 -1.527e-02
8.590e+01 8.922e-02 -5.038e-03
8.600e+01 9.366e-02 -5.929e-03
8.610e+01 9.232e-02 -1.052e-03
8.620e+01 1.003e-01 1.671e-03
8.630e+01 1.098e-01 6.269e-03
8.640e+01 1.036e-01 7.226e-03
8.650e+01 1.006e-01 5.982e-03
8.660e+01 9.837e-02 -7.178e-05
8.670e+01 1.096e-01 1.067e-02
8.680e+01 1.103e-01 2.234e-03
8.690e+01 1.028e-01 -2.267e-03
8.700e+01 1.009e-01 6.942e-04
8.710e+01 1.014e-01 4.275e-03
8.720e+01 1.093e-01 9.347e-03
8.730e+01 1.147e-01 2.064e-02
8.740e+01 1.075e-01 1.589e-02
8.750e+01 1.135e-01 2.720e-02
8.760e+01 1.118e-01 2.512e-02
8.770e+01 1.071e-01 1.429e-02
8.780e+01 1.054e-01 2.361e-02
8.790e+01 9.076e-02 1.245e-02
8.800e+01 9.433e-02 1.621e-02
8.810e+01 9.775e-02 1.604e-02
8.820e+01 9.263e-02 8.099e-03
8.830e+01 1.006e-01 9.731e-03
8.840e+01 9.360e-02 -4.408e-03
8.850e+01 1.033e-01 -9.911e-03
8.860e+01 9.570e-02 -2.522e-04
8.870e+01 1.043e-01 2.516e-03
8.880e+01 1.021e-01 5.615e-03
8.890e+01 9.723e-02 1.144e-03
8.900e+01 1.002e-01 -2.175e-03
8.910e+01 9.807e-02 -2.333e-03
8.920e+01 9.235e-02 -5.019e-03
8.930e+01 9.090e-02 2.877e-03
8.940e+01 8.808e-02 -1.623e-03
8.950e+01 9.342e-02 -1.234e-03
8.960e+01 9.312e-02 6.703e-03
8.970e+01 8.976e-02 7.636e-03
8.980e+01 9.018e-02 -1.500e-03
8.990e+01 9.136e-02 3.621e-03
9.000e+01 8.582e-02 3.373e-03
9.010e+01 8.396e-02 6.329e-03
9.020e+01 8.043e-02 -1.480e-04
9.030e+01 8.013e-02 -3.937e-03
9.040e+01 8.306e-02 -2.784e-03
9.050e+01 8.387e-02 -8.862e-03
9.060e+01 9.323e-02 6.971e-04
9.070e+01 8.596e-02 5.828e-03
9.080e+01 8.705e-02 1.191e-02
9.090e+01 8.495e-02 1.093e-02
9.100e+01 8.429e-02 1.128e-02
9.110e+01 8.128e-02 7.348e-03
9.120e+01 8.386e-02 1.184e-02
9.130e+01 8.051e-02 3.300e-03
9.140e+01 8.872e-02 6.515e-03
9.150e+01 9.050e-02 1.641e-02
9.160e+01 8.269e-02 1.106e-02
9.170e+01 8.480e-02 1.393e-02
9.180e+01 8.914e-02 8.561e-03
9.190e+01 9.063e-02 7.290e-03
9.200e+01 8.500e-02 1.284e-02
9.210e+01 8.372e-02 9.508e-03
9.220e+01 8.290e-02 1.157e-02
9.230e+01 8.549e-02 9.313e-03
9.240e+01 8.718e-02 2.315e-03
9.250e+01 8.808e-02 9.251e-03
9.260e+01 9.039e-02 6.019e-03
9.270e+01 8.820e-02 9.551e-03
9.280e+01 8.853e-02 7.287e-03
9.290e+01 8.924e-02 5.526e-03
9.300e+01 8.701e-02 8.292e-03
9.310e+01 8.748e-02 3.056e-03
9.320e+01 8.274e-02 1.041e-03
9.330e+01 8.325e-02 -5.307e-05
9.340e+01 8.510e-02 8.031e-03
9.350e+01 8.512e-02 1.489e-02
9.360e+01 9.172e-02 7.341e-03
9.370e+01 9.488e-02 -6.333e-04
9.380e+01 8.680e-02 1.671e-03
9.390e+01 7.801e-02 -3.156e-03
9.400e+01 7.936e-02 8.428e-03
9.410e+01 8.323e-02 9.094e-03
9.420e+01 8.458e-02 1.790e-02
9.430e+01 8.513e-02 5.394e-03
9.440e+01 9.018e-02 1.529e-02
9.450e+01 8.577e-02 1.552e-02
9.460e+01 7.838e-02 1.654e-02
9.470e+01 7.839e-02 9.054e-03
9.480e+01 7.938e-02 4.231e-03
9.490e+01 8.295e-02 1.098e-02
9.500e+01 8.134e-02 7.139e-03
9.510e+01 7.926e-02 2.663e-03
9.520e+01 7.821e-02 7.348e-03
9.530e+01 8.011e-02 1.027e-02
9.540e+01 8.065e-02 3.682e-03
9.550e+01 8.148e-02 3.885e-03
9.560e+01 8.356e-02 6.604e-03
9.570e+01 8.158e-02 6.143e-03
9.580e+01 7.720e-02 8.174e-03
9.590e+01 8.379e-02 1.090e-02
9.600e+01 8.512e-02 1.536e-02
9.610e+01 8.037e-02 6.795e-03
9.620e+01 8.729e-02 2.399e-03
9.630e+01 7.968e-02 1.495e-02
9.640e+01 7.714e-02 8.053e-03
9.650e+01 8.322e-02 6.072e-03
9.660e+01 7.995e-02 1.036e-02
9.670e+01 8.056e-02 6.978e-03
9.680e+01 7.778e-02 1.159e-02
9.690e+01 7.773e-02 1.094e-02
9.700e+01 7.800e-02 1.223e-02
9.710e+01 7.850e-02 8.291e-03
9.720e+01 8.018e-02 1.048e-02
9.730e+01 7.291e-02 7.622e-03
9.740e+01 7.275e-02 5.051e-03
9.750e+01 7.638e-02 2.858e-03
9.760e+01 7.132e-02 3.308e-03
9.770e+01 6.887e-02 4.411e-03
9.780e+01 6.916e-02 7.533e-03
9.790e+01 7.063e-02 6.955e-03
9.800e+01 7.489e-02 4.180e-03
9.810e+01 7.229e-02 4.337e-04
9.820e+01 6.983e-02 4.463e-03
9.830e+01 7.062e-02 2.184e-03
9.840e+01 7.427e-02 2.664e-03
9.850e+01 7.383e-02 -1.534e-03
9.860e+01 7.520e-02 2.979e-03
9.870e+01 7.697e-02 3.611e-03
9.880e+01 7.137e-02 8.278e-03
9.890e+01 6.862e-02 2.316e-03
9.900e+01 6.640e-02 3.144e-03
9.910e+01 7.063e-02 4.235e-03
9.920e+01 7.553e-02 3.249e-03
9.930e+01 7.333e-02 4.708e-03
9.940e+01 7.011e-02 -9.813e-04
9.950e+01 6.939e-02 -3.785e-03
9.960e+01 7.015e-02 -3.489e-03
9.970e+01 6.941e-02 -2.643e-03
9.980e+01 7.608e-02 5.088e-04
9.990e+01 7.357e-02 -3.332e-03
