# Frequency (1.0/ps)      real(fft(F_0))
0.000e+00 1.411e+02
1.000e-02 6.551e+01
2.000e-02 3.262e+01
3.000e-02 1.885e+01
4.000e-02 8.614e+00
5.000e-02 5.112e+00
6.000e-02 4.671e+00
7.000e-02 2.629e+00
8.000e-02 4.029e+00
9.000e-02 1.841e+00
1.000e-01 5.162e-01
1.100e-01 -6.001e-01
1.200e-01 3.243e+00
1.300e-01 2.841e+00
1.400e-01 2.104e+00
1.500e-01 3.349e+00
1.600e-01 2.410e+00
1.700e-01 1.769e+00
1.800e-01 8.844e-01
1.900e-01 1.071e+00
2.000e-01 4.349e-01
2.100e-01 1.004e+00
2.200e-01 4.306e-01
2.300e-01 -1.597e-03
2.400e-01 1.194e+00
2.500e-01 1.952e+00
2.600e-01 3.089e+00
2.700e-01 3.242e+00
2.800e-01 1.864e+00
2.900e-01 1.984e+00
3.000e-01 7.045e-01
3.100e-01 1.421e+00
3.200e-01 4.633e-01
3.300e-01 9.337e-01
3.400e-01 9.146e-01
3.500e-01 -1.970e-01
3.600e-01 3.867e-01
3.700e-01 7.855e-01
3.800e-01 8.586e-01
3.900e-01 6.794e-01
4.000e-01 1.739e+00
4.100e-01 2.264e+00
4.200e-01 2.625e+00
4.300e-01 9.448e-01
4.400e-01 7.153e-01
4.500e-01 8.498e-01
4.600e-01 4.575e-01
4.700e-01 2.842e-02
4.800e-01 -5.618e-01
4.900e-01 -4.045e-01
5.000e-01 -3.791e-01
5.100e-01 -3.288e-01
5.200e-01 6.878e-01
5.300e-01 1.268e+00
5.400e-01 7.064e-01
5.500e-01 5.215e-02
5.600e-01 9.569e-01
5.700e-01 8.092e-01
5.800e-01 9.319e-01
5.900e-01 1.215e+00
6.000e-01 6.985e-01
6.100e-01 -3.190e-01
6.200e-01 1.053e-01
6.300e-01 -1.298e-01
6.400e-01 4.825e-01
6.500e-01 7.818e-01
6.600e-01 1.011e+00
6.700e-01 1.088e+00
6.800e-01 5.806e-01
6.900e-01 1.916e-01
7.000e-01 -7.102e-01
7.100e-01 -5.267e-01
7.200e-01 -4.417e-01
7.300e-01 2.442e-01
7.400e-01 -2.184e-01
7.500e-01 -2.136e-03
7.600e-01 6.800e-01
7.700e-01 9.312e-01
7.800e-01 1.018e+00
7.900e-01 9.402e-01
8.000e-01 1.317e+00
8.100e-01 1.724e+00
8.200e-01 1.452e+00
8.300e-01 1.497e+00
8.400e-01 1.339e+00
8.500e-01 5.865e-01
8.600e-01 2.006e-01
8.700e-01 5.434e-01
8.800e-01 1.134e+00
8.900e-01 1.313e+00
9.000e-01 1.571e-01
9.100e-01 -2.520e-01
9.200e-01 4.317e-01
9.300e-01 1.715e-01
9.400e-01 8.273e-01
9.500e-01 9.873e-01
9.600e-01 1.465e+00
9.700e-01 7.761e-01
9.800e-01 5.498e-01
9.900e-01 6.467e-01
1.000e+00 1.137e+00
1.010e+00 1.115e+00
1.020e+00 9.772e-01
1.030e+00 4.324e-01
1.040e+00 3.859e-01
1.050e+00 9.006e-01
1.060e+00 1.019e+00
1.070e+00 5.069e-01
1.080e+00 7.155e-01
1.090e+00 4.005e-02
1.100e+00 1.028e-01
1.110e+00 5.620e-02
1.120e+00 3.239e-01
1.130e+00 4.047e-01
1.140e+00 4.599e-01
1.150e+00 7.248e-02
1.160e+00 4.220e-01
1.170e+00 2.837e-01
1.180e+00 9.212e-01
1.190e+00 8.317e-01
1.200e+00 1.323e+00
1.210e+00 1.671e+00
1.220e+00 1.296e+00
1.230e+00 1.154e+00
1.240e+00 9.611e-01
1.250e+00 9.953e-01
1.260e+00 1.271e+00
1.270e+00 8.933e-01
1.280e+00 3.728e-01
1.290e+00 6.472e-02
1.300e+00 4.430e-01
1.310e+00 4.041e-01
1.320e+00 2.343e-01
1.330e+00 2.366e-01
1.340e+00 3.738e-01
1.350e+00 8.415e-01
1.360e+00 5.642e-01
1.370e+00 5.245e-01
1.380e+00 3.786e-01
1.390e+00 5.300e-01
1.400e+00 5.392e-01
1.410e+00 7.242e-01
1.420e+00 8.239e-01
1.430e+00 8.196e-01
1.440e+00 5.353e-01
1.450e+00 1.014e+00
1.460e+00 7.272e-01
1.470e+00 1.248e+00
1.480e+00 7.854e-01
1.490e+00 3.874e-01
1.500e+00 -2.969e-01
1.510e+00 -1.841e-01
1.520e+00 3.193e-01
1.530e+00 6.026e-01
1.540e+00 9.509e-01
1.550e+00 2.121e-01
1.560e+00 2.043e-01
1.570e+00 3.871e-01
1.580e+00 4.113e-01
1.590e+00 9.985e-01
1.600e+00 6.755e-01
1.610e+00 5.667e-01
1.620e+00 3.988e-01
1.630e+00 4.760e-01
1.640e+00 7.902e-01
1.650e+00 4.454e-01
1.660e+00 6.637e-01
1.670e+00 1.841e-01
1.680e+00 3.922e-01
1.690e+00 3.772e-01
1.700e+00 -6.076e-02
1.710e+00 2.526e-01
1.720e+00 3.043e-01
1.730e+00 4.792e-01
1.740e+00 3.218e-01
1.750e+00 4.118e-01
1.760e+00 6.213e-01
1.770e+00 3.147e-01
1.780e+00 8.360e-01
1.790e+00 4.513e-01
1.800e+00 4.119e-01
1.810e+00 7.155e-01
1.820e+00 3.080e-01
1.830e+00 4.342e-01
1.840e+00 7.380e-01
1.850e+00 3.529e-01
1.860e+00 3.749e-01
1.870e+00 -2.756e-02
1.880e+00 4.943e-01
1.890e+00 5.324e-01
1.900e+00 4.425e-01
1.910e+00 5.899e-01
1.920e+00 2.271e-01
1.930e+00 5.539e-01
1.940e+00 2.712e-01
1.950e+00 4.585e-01
1.960e+00 4.694e-01
1.970e+00 6.900e-01
1.980e+00 8.687e-01
1.990e+00 9.140e-01
2.000e+00 7.310e-01
2.010e+00 1.171e+00
2.020e+00 8.049e-01
2.030e+00 5.315e-01
2.040e+00 4.361e-01
2.050e+00 3.145e-01
2.060e+00 6.266e-01
2.070e+00 5.674e-01
2.080e+00 1.046e+00
2.090e+00 8.446e-01
2.100e+00 1.044e+00
2.110e+00 3.876e-01
2.120e+00 2.267e-01
2.130e+00 1.918e-01
2.140e+00 -3.172e-01
2.150e+00 2.700e-01
2.160e+00 2.169e-01
2.170e+00 8.186e-02
2.180e+00 1.932e-01
2.190e+00 2.631e-01
2.200e+00 5.092e-02
2.210e+00 6.105e-01
2.220e+00 7.166e-01
2.230e+00 5.976e-01
2.240e+00 5.758e-01
2.250e+00 4.643e-01
2.260e+00 6.610e-01
2.270e+00 6.193e-01
2.280e+00 4.757e-01
2.290e+00 5.847e-01
2.300e+00 6.078e-01
2.310e+00 8.455e-01
2.320e+00 1.009e+00
2.330e+00 4.137e-01
2.340e+00 3.970e-01
2.350e+00 5.375e-01
2.360e+00 6.175e-01
2.370e+00 6.700e-01
2.380e+00 5.453e-01
2.390e+00 5.632e-01
2.400e+00 4.909e-01
2.410e+00 5.304e-01
2.420e+00 4.514e-01
2.430e+00 5.719e-01
2.440e+00 6.070e-01
2.450e+00 3.216e-01
2.460e+00 2.882e-01
2.470e+00 1.724e-01
2.480e+00 3.419e-01
2.490e+00 3.456e-01
2.500e+00 4.800e-01
2.510e+00 3.825e-01
2.520e+00 3.770e-01
2.530e+00 5.049e-01
2.540e+00 6.781e-01
2.550e+00 4.656e-01
2.560e+00 3.143e-01
2.570e+00 4.863e-01
2.580e+00 4.133e-01
2.590e+00 5.507e-01
2.600e+00 1.968e-01
2.610e+00 3.738e-01
2.620e+00 1.320e-01
2.630e+00 2.412e-01
2.640e+00 9.732e-02
2.650e+00 1.829e-01
2.660e+00 1.681e-01
2.670e+00 2.006e-01
2.680e+00 3.140e-01
2.690e+00 2.300e-01
2.700e+00 2.613e-01
2.710e+00 4.788e-01
2.720e+00 4.514e-01
2.730e+00 9.144e-01
2.740e+00 5.167e-01
2.750e+00 6.133e-01
2.760e+00 2.102e-01
2.770e+00 4.058e-01
2.780e+00 4.874e-01
2.790e+00 4.115e-01
2.800e+00 2.567e-01
2.810e+00 3.860e-01
2.820e+00 3.457e-01
2.830e+00 4.782e-01
2.840e+00 1.774e-01
2.850e+00 5.190e-01
2.860e+00 3.507e-01
2.870e+00 5.710e-01
2.880e+00 5.166e-01
2.890e+00 5.477e-01
2.900e+00 3.795e-01
2.910e+00 8.084e-04
2.920e+00 2.835e-01
2.930e+00 2.437e-01
2.940e+00 4.209e-01
2.950e+00 5.155e-01
2.960e+00 3.840e-01
2.970e+00 9.048e-01
2.980e+00 6.178e-01
2.990e+00 9.374e-01
3.000e+00 7.840e-01
3.010e+00 4.878e-01
3.020e+00 3.004e-01
3.030e+00 3.275e-01
3.040e+00 3.979e-01
3.050e+00 9.943e-03
3.060e+00 3.786e-01
3.070e+00 2.683e-01
3.080e+00 2.950e-01
3.090e+00 4.563e-01
3.100e+00 4.590e-01
3.110e+00 3.375e-01
3.120e+00 3.768e-01
3.130e+00 6.472e-01
3.140e+00 1.047e+00
3.150e+00 4.297e-01
3.160e+00 3.477e-01
3.170e+00 1.485e-01
3.180e+00 4.688e-02
3.190e+00 6.472e-02
3.200e+00 5.546e-01
3.210e+00 6.658e-01
3.220e+00 5.207e-01
3.230e+00 4.445e-01
3.240e+00 4.583e-01
3.250e+00 3.511e-01
3.260e+00 2.782e-01
3.270e+00 4.536e-01
3.280e+00 7.050e-01
3.290e+00 4.495e-01
3.300e+00 5.717e-01
3.310e+00 7.365e-01
3.320e+00 5.658e-01
3.330e+00 4.950e-01
3.340e+00 4.250e-01
3.350e+00 3.842e-01
3.360e+00 8.682e-01
3.370e+00 4.877e-01
3.380e+00 4.711e-01
3.390e+00 6.129e-01
3.400e+00 2.360e-01
3.410e+00 4.571e-01
3.420e+00 1.018e-01
3.430e+00 2.766e-01
3.440e+00 4.022e-01
3.450e+00 3.766e-01
3.460e+00 4.329e-01
3.470e+00 1.822e-01
3.480e+00 5.986e-01
3.490e+00 1.555e-01
3.500e+00 3.048e-01
3.510e+00 8.304e-01
3.520e+00 6.146e-01
3.530e+00 5.766e-01
3.540e+00 4.223e-01
3.550e+00 5.610e-01
3.560e+00 6.035e-01
3.570e+00 6.628e-01
3.580e+00 7.971e-01
3.590e+00 5.995e-01
3.600e+00 3.672e-01
3.610e+00 3.196e-01
3.620e+00 4.413e-01
3.630e+00 6.651e-01
3.640e+00 8.487e-01
3.650e+00 7.938e-01
3.660e+00 5.180e-01
3.670e+00 3.247e-01
3.680e+00 2.544e-01
3.690e+00 4.019e-01
3.700e+00 3.883e-01
3.710e+00 1.255e-01
3.720e+00 4.756e-01
3.730e+00 6.290e-01
3.740e+00 3.391e-01
3.750e+00 7.795e-01
3.760e+00 7.399e-01
3.770e+00 9.741e-01
3.780e+00 8.049e-01
3.790e+00 5.652e-01
3.800e+00 5.271e-01
3.810e+00 5.893e-01
3.820e+00 5.681e-01
3.830e+00 5.621e-01
3.840e+00 5.685e-01
3.850e+00 5.005e-01
3.860e+00 2.581e-01
3.870e+00 2.745e-01
3.880e+00 6.470e-01
3.890e+00 6.467e-01
3.900e+00 3.078e-01
3.910e+00 4.372e-01
3.920e+00 4.147e-01
3.930e+00 5.703e-01
3.940e+00 5.649e-01
3.950e+00 7.165e-01
3.960e+00 6.005e-01
3.970e+00 7.035e-01
3.980e+00 4.458e-01
3.990e+00 5.000e-01
4.000e+00 5.546e-01
4.010e+00 5.852e-01
4.020e+00 4.490e-01
4.030e+00 4.627e-01
4.040e+00 5.130e-01
4.050e+00 6.491e-01
4.060e+00 8.246e-01
4.070e+00 4.881e-01
4.080e+00 6.305e-01
4.090e+00 4.709e-01
4.100e+00 5.453e-01
4.110e+00 6.323e-01
4.120e+00 7.177e-01
4.130e+00 1.079e+00
4.140e+00 8.725e-01
4.150e+00 8.339e-01
4.160e+00 6.190e-01
4.170e+00 8.310e-01
4.180e+00 7.242e-01
4.190e+00 7.384e-01
4.200e+00 7.670e-01
4.210e+00 8.066e-01
4.220e+00 5.515e-01
4.230e+00 4.011e-01
4.240e+00 6.680e-01
4.250e+00 7.299e-01
4.260e+00 5.021e-01
4.270e+00 7.817e-01
4.280e+00 5.084e-01
4.290e+00 4.787e-01
4.300e+00 4.405e-01
4.310e+00 4.391e-01
4.320e+00 8.034e-01
4.330e+00 7.256e-01
4.340e+00 8.569e-01
4.350e+00 8.190e-01
4.360e+00 9.151e-01
4.370e+00 8.155e-01
4.380e+00 4.666e-01
4.390e+00 6.111e-01
4.400e+00 6.977e-01
4.410e+00 6.619e-01
4.420e+00 6.160e-01
4.430e+00 5.426e-01
4.440e+00 7.012e-01
4.450e+00 4.371e-01
4.460e+00 7.676e-01
4.470e+00 5.867e-01
4.480e+00 6.872e-01
4.490e+00 6.515e-01
4.500e+00 3.608e-01
4.510e+00 2.392e-01
4.520e+00 4.062e-01
4.530e+00 3.881e-01
4.540e+00 7.154e-01
4.550e+00 4.533e-01
4.560e+00 7.093e-01
4.570e+00 6.851e-01
4.580e+00 4.495e-01
4.590e+00 3.547e-01
4.600e+00 5.787e-01
4.610e+00 1.073e+00
4.620e+00 8.895e-01
4.630e+00 5.741e-01
4.640e+00 4.779e-01
4.650e+00 3.599e-01
4.660e+00 6.790e-01
4.670e+00 3.239e-01
4.680e+00 4.720e-01
4.690e+00 3.862e-01
4.700e+00 1.856e-01
4.710e+00 2.874e-01
4.720e+00 1.720e-01
4.730e+00 5.674e-01
4.740e+00 1.202e+00
4.750e+00 1.177e+00
4.760e+00 1.242e+00
4.770e+00 1.016e+00
4.780e+00 8.979e-01
4.790e+00 5.617e-01
4.800e+00 3.525e-01
4.810e+00 6.528e-01
4.820e+00 2.506e-01
4.830e+00 2.531e-01
4.840e+00 1.775e-01
4.850e+00 3.459e-01
4.860e+00 4.479e-01
4.870e+00 7.032e-01
4.880e+00 7.089e-01
4.890e+00 7.266e-01
4.900e+00 6.387e-01
4.910e+00 3.826e-01
4.920e+00 6.325e-01
4.930e+00 5.270e-01
4.940e+00 3.447e-01
4.950e+00 2.445e-01
4.960e+00 1.074e-01
4.970e+00 1.758e-01
4.980e+00 6.548e-02
4.990e+00 -8.147e-03
-5.000e+00 -3.413e-02
-4.990e+00 -8.147e-03
-4.980e+00 6.548e-02
-4.970e+00 1.758e-01
-4.960e+00 1.074e-01
-4.950e+00 2.445e-01
-4.940e+00 3.447e-01
-4.930e+00 5.270e-01
-4.920e+00 6.325e-01
-4.910e+00 3.826e-01
-4.900e+00 6.387e-01
-4.890e+00 7.266e-01
-4.880e+00 7.089e-01
-4.870e+00 7.032e-01
-4.860e+00 4.479e-01
-4.850e+00 3.459e-01
-4.840e+00 1.775e-01
-4.830e+00 2.531e-01
-4.820e+00 2.506e-01
-4.810e+00 6.528e-01
-4.800e+00 3.525e-01
-4.790e+00 5.617e-01
-4.780e+00 8.979e-01
-4.770e+00 1.016e+00
-4.760e+00 1.242e+00
-4.750e+00 1.177e+00
-4.740e+00 1.202e+00
-4.730e+00 5.674e-01
-4.720e+00 1.720e-01
-4.710e+00 2.874e-01
-4.700e+00 1.856e-01
-4.690e+00 3.862e-01
-4.680e+00 4.720e-01
-4.670e+00 3.239e-01
-4.660e+00 6.790e-01
-4.650e+00 3.599e-01
-4.640e+00 4.779e-01
-4.630e+00 5.741e-01
-4.620e+00 8.895e-01
-4.610e+00 1.073e+00
-4.600e+00 5.787e-01
-4.590e+00 3.547e-01
-4.580e+00 4.495e-01
-4.570e+00 6.851e-01
-4.560e+00 7.093e-01
-4.550e+00 4.533e-01
-4.540e+00 7.154e-01
-4.530e+00 3.881e-01
-4.520e+00 4.062e-01
-4.510e+00 2.392e-01
-4.500e+00 3.608e-01
-4.490e+00 6.515e-01
-4.480e+00 6.872e-01
-4.470e+00 5.867e-01
-4.460e+00 7.676e-01
-4.450e+00 4.371e-01
-4.440e+00 7.012e-01
-4.430e+00 5.426e-01
-4.420e+00 6.160e-01
-4.410e+00 6.619e-01
-4.400e+00 6.977e-01
-4.390e+00 6.111e-01
-4.380e+00 4.666e-01
-4.370e+00 8.155e-01
-4.360e+00 9.151e-01
-4.350e+00 8.190e-01
-4.340e+00 8.569e-01
-4.330e+00 7.256e-01
-4.320e+00 8.034e-01
-4.310e+00 4.391e-01
-4.300e+00 4.405e-01
-4.290e+00 4.787e-01
-4.280e+00 5.084e-01
-4.270e+00 7.817e-01
-4.260e+00 5.021e-01
-4.250e+00 7.299e-01
-4.240e+00 6.680e-01
-4.230e+00 4.011e-01
-4.220e+00 5.515e-01
-4.210e+00 8.066e-01
-4.200e+00 7.670e-01
-4.190e+00 7.384e-01
-4.180e+00 7.242e-01
-4.170e+00 8.310e-01
-4.160e+00 6.190e-01
-4.150e+00 8.339e-01
-4.140e+00 8.725e-01
-4.130e+00 1.079e+00
-4.120e+00 7.177e-01
-4.110e+00 6.323e-01
-4.100e+00 5.453e-01
-4.090e+00 4.709e-01
-4.080e+00 6.305e-01
-4.070e+00 4.881e-01
-4.060e+00 8.246e-01
-4.050e+00 6.491e-01
-4.040e+00 5.130e-01
-4.030e+00 4.627e-01
-4.020e+00 4.490e-01
-4.010e+00 5.852e-01
-4.000e+00 5.546e-01
-3.990e+00 5.000e-01
-3.980e+00 4.458e-01
-3.970e+00 7.035e-01
-3.960e+00 6.005e-01
-3.950e+00 7.165e-01
-3.940e+00 5.649e-01
-3.930e+00 5.703e-01
-3.920e+00 4.147e-01
-3.910e+00 4.372e-01
-3.900e+00 3.078e-01
-3.890e+00 6.467e-01
-3.880e+00 6.470e-01
-3.870e+00 2.745e-01
-3.860e+00 2.581e-01
-3.850e+00 5.005e-01
-3.840e+00 5.685e-01
-3.830e+00 5.621e-01
-3.820e+00 5.681e-01
-3.810e+00 5.893e-01
-3.800e+00 5.271e-01
-3.790e+00 5.652e-01
-3.780e+00 8.049e-01
-3.770e+00 9.741e-01
-3.760e+00 7.399e-01
-3.750e+00 7.795e-01
-3.740e+00 3.391e-01
-3.730e+00 6.290e-01
-3.720e+00 4.756e-01
-3.710e+00 1.255e-01
-3.700e+00 3.883e-01
-3.690e+00 4.019e-01
-3.680e+00 2.544e-01
-3.670e+00 3.247e-01
-3.660e+00 5.180e-01
-3.650e+00 7.938e-01
-3.640e+00 8.487e-01
-3.630e+00 6.651e-01
-3.620e+00 4.413e-01
-3.610e+00 3.196e-01
-3.600e+00 3.672e-01
-3.590e+00 5.995e-01
-3.580e+00 7.971e-01
-3.570e+00 6.628e-01
-3.560e+00 6.035e-01
-3.550e+00 5.610e-01
-3.540e+00 4.223e-01
-3.530e+00 5.766e-01
-3.520e+00 6.146e-01
-3.510e+00 8.304e-01
-3.500e+00 3.048e-01
-3.490e+00 1.555e-01
-3.480e+00 5.986e-01
-3.470e+00 1.822e-01
-3.460e+00 4.329e-01
-3.450e+00 3.766e-01
-3.440e+00 4.022e-01
-3.430e+00 2.766e-01
-3.420e+00 1.018e-01
-3.410e+00 4.571e-01
-3.400e+00 2.360e-01
-3.390e+00 6.129e-01
-3.380e+00 4.711e-01
-3.370e+00 4.877e-01
-3.360e+00 8.682e-01
-3.350e+00 3.842e-01
-3.340e+00 4.250e-01
-3.330e+00 4.950e-01
-3.320e+00 5.658e-01
-3.310e+00 7.365e-01
-3.300e+00 5.717e-01
-3.290e+00 4.495e-01
-3.280e+00 7.050e-01
-3.270e+00 4.536e-01
-3.260e+00 2.782e-01
-3.250e+00 3.511e-01
-3.240e+00 4.583e-01
-3.230e+00 4.445e-01
-3.220e+00 5.207e-01
-3.210e+00 6.658e-01
-3.200e+00 5.546e-01
-3.190e+00 6.472e-02
-3.180e+00 4.688e-02
-3.170e+00 1.485e-01
-3.160e+00 3.477e-01
-3.150e+00 4.297e-01
-3.140e+00 1.047e+00
-3.130e+00 6.472e-01
-3.120e+00 3.768e-01
-3.110e+00 3.375e-01
-3.100e+00 4.590e-01
-3.090e+00 4.563e-01
-3.080e+00 2.950e-01
-3.070e+00 2.683e-01
-3.060e+00 3.786e-01
-3.050e+00 9.943e-03
-3.040e+00 3.979e-01
-3.030e+00 3.275e-01
-3.020e+00 3.004e-01
-3.010e+00 4.878e-01
-3.000e+00 7.840e-01
-2.990e+00 9.374e-01
-2.980e+00 6.178e-01
-2.970e+00 9.048e-01
-2.960e+00 3.840e-01
-2.950e+00 5.155e-01
-2.940e+00 4.209e-01
-2.930e+00 2.437e-01
-2.920e+00 2.835e-01
-2.910e+00 8.084e-04
-2.900e+00 3.795e-01
-2.890e+00 5.477e-01
-2.880e+00 5.166e-01
-2.870e+00 5.710e-01
-2.860e+00 3.507e-01
-2.850e+00 5.190e-01
-2.840e+00 1.774e-01
-2.830e+00 4.782e-01
-2.820e+00 3.457e-01
-2.810e+00 3.860e-01
-2.800e+00 2.567e-01
-2.790e+00 4.115e-01
-2.780e+00 4.874e-01
-2.770e+00 4.058e-01
-2.760e+00 2.102e-01
-2.750e+00 6.133e-01
-2.740e+00 5.167e-01
-2.730e+00 9.144e-01
-2.720e+00 4.514e-01
-2.710e+00 4.788e-01
-2.700e+00 2.613e-01
-2.690e+00 2.300e-01
-2.680e+00 3.140e-01
-2.670e+00 2.006e-01
-2.660e+00 1.681e-01
-2.650e+00 1.829e-01
-2.640e+00 9.732e-02
-2.630e+00 2.412e-01
-2.620e+00 1.320e-01
-2.610e+00 3.738e-01
-2.600e+00 1.968e-01
-2.590e+00 5.507e-01
-2.580e+00 4.133e-01
-2.570e+00 4.863e-01
-2.560e+00 3.143e-01
-2.550e+00 4.656e-01
-2.540e+00 6.781e-01
-2.530e+00 5.049e-01
-2.520e+00 3.770e-01
-2.510e+00 3.825e-01
-2.500e+00 4.800e-01
-2.490e+00 3.456e-01
-2.480e+00 3.419e-01
-2.470e+00 1.724e-01
-2.460e+00 2.882e-01
-2.450e+00 3.216e-01
-2.440e+00 6.070e-01
-2.430e+00 5.719e-01
-2.420e+00 4.514e-01
-2.410e+00 5.304e-01
-2.400e+00 4.909e-01
-2.390e+00 5.632e-01
-2.380e+00 5.453e-01
-2.370e+00 6.700e-01
-2.360e+00 6.175e-01
-2.350e+00 5.375e-01
-2.340e+00 3.970e-01
-2.330e+00 4.137e-01
-2.320e+00 1.009e+00
-2.310e+00 8.455e-01
-2.300e+00 6.078e-01
-2.290e+00 5.847e-01
-2.280e+00 4.757e-01
-2.270e+00 6.193e-01
-2.260e+00 6.610e-01
-2.250e+00 4.643e-01
-2.240e+00 5.758e-01
-2.230e+00 5.976e-01
-2.220e+00 7.166e-01
-2.210e+00 6.105e-01
-2.200e+00 5.092e-02
-2.190e+00 2.631e-01
-2.180e+00 1.932e-01
-2.170e+00 8.186e-02
-2.160e+00 2.169e-01
-2.150e+00 2.700e-01
-2.140e+00 -3.172e-01
-2.130e+00 1.918e-01
-2.120e+00 2.267e-01
-2.110e+00 3.876e-01
-2.100e+00 1.044e+00
-2.090e+00 8.446e-01
-2.080e+00 1.046e+00
-2.070e+00 5.674e-01
-2.060e+00 6.266e-01
-2.050e+00 3.145e-01
-2.040e+00 4.361e-01
-2.030e+00 5.315e-01
-2.020e+00 8.049e-01
-2.010e+00 1.171e+00
-2.000e+00 7.310e-01
-1.990e+00 9.140e-01
-1.980e+00 8.687e-01
-1.970e+00 6.900e-01
-1.960e+00 4.694e-01
-1.950e+00 4.585e-01
-1.940e+00 2.712e-01
-1.930e+00 5.539e-01
-1.920e+00 2.271e-01
-1.910e+00 5.899e-01
-1.900e+00 4.425e-01
-1.890e+00 5.324e-01
-1.880e+00 4.943e-01
-1.870e+00 -2.756e-02
-1.860e+00 3.749e-01
-1.850e+00 3.529e-01
-1.840e+00 7.380e-01
-1.830e+00 4.342e-01
-1.820e+00 3.080e-01
-1.810e+00 7.155e-01
-1.800e+00 4.119e-01
-1.790e+00 4.513e-01
-1.780e+00 8.360e-01
-1.770e+00 3.147e-01
-1.760e+00 6.213e-01
-1.750e+00 4.118e-01
-1.740e+00 3.218e-01
-1.730e+00 4.792e-01
-1.720e+00 3.043e-01
-1.710e+00 2.526e-01
-1.700e+00 -6.076e-02
-1.690e+00 3.772e-01
-1.680e+00 3.922e-01
-1.670e+00 1.841e-01
-1.660e+00 6.637e-01
-1.650e+00 4.454e-01
-1.640e+00 7.902e-01
-1.630e+00 4.760e-01
-1.620e+00 3.988e-01
-1.610e+00 5.667e-01
-1.600e+00 6.755e-01
-1.590e+00 9.985e-01
-1.580e+00 4.113e-01
-1.570e+00 3.871e-01
-1.560e+00 2.043e-01
-1.550e+00 2.121e-01
-1.540e+00 9.509e-01
-1.530e+00 6.026e-01
-1.520e+00 3.193e-01
-1.510e+00 -1.841e-01
-1.500e+00 -2.969e-01
-1.490e+00 3.874e-01
-1.480e+00 7.854e-01
-1.470e+00 1.248e+00
-1.460e+00 7.272e-01
-1.450e+00 1.014e+00
-1.440e+00 5.353e-01
-1.430e+00 8.196e-01
-1.420e+00 8.239e-01
-1.410e+00 7.242e-01
-1.400e+00 5.392e-01
-1.390e+00 5.300e-01
-1.380e+00 3.786e-01
-1.370e+00 5.245e-01
-1.360e+00 5.642e-01
-1.350e+00 8.415e-01
-1.340e+00 3.738e-01
-1.330e+00 2.366e-01
-1.320e+00 2.343e-01
-1.310e+00 4.041e-01
-1.300e+00 4.430e-01
-1.290e+00 6.472e-02
-1.280e+00 3.728e-01
-1.270e+00 8.933e-01
-1.260e+00 1.271e+00
-1.250e+00 9.953e-01
-1.240e+00 9.611e-01
-1.230e+00 1.154e+00
-1.220e+00 1.296e+00
-1.210e+00 1.671e+00
-1.200e+00 1.323e+00
-1.190e+00 8.317e-01
-1.180e+00 9.212e-01
-1.170e+00 2.837e-01
-1.160e+00 4.220e-01
-1.150e+00 7.248e-02
-1.140e+00 4.599e-01
-1.130e+00 4.047e-01
-1.120e+00 3.239e-01
-1.110e+00 5.620e-02
-1.100e+00 1.028e-01
-1.090e+00 4.005e-02
-1.080e+00 7.155e-01
-1.070e+00 5.069e-01
-1.060e+00 1.019e+00
-1.050e+00 9.006e-01
-1.040e+00 3.859e-01
-1.030e+00 4.324e-01
-1.020e+00 9.772e-01
-1.010e+00 1.115e+00
-1.000e+00 1.137e+00
-9.900e-01 6.467e-01
-9.800e-01 5.498e-01
-9.700e-01 7.761e-01
-9.600e-01 1.465e+00
-9.500e-01 9.873e-01
-9.400e-01 8.273e-01
-9.300e-01 1.715e-01
-9.200e-01 4.317e-01
-9.100e-01 -2.520e-01
-9.000e-01 1.571e-01
-8.900e-01 1.313e+00
-8.800e-01 1.134e+00
-8.700e-01 5.434e-01
-8.600e-01 2.006e-01
-8.500e-01 5.865e-01
-8.400e-01 1.339e+00
-8.300e-01 1.497e+00
-8.200e-01 1.452e+00
-8.100e-01 1.724e+00
-8.000e-01 1.317e+00
-7.900e-01 9.402e-01
-7.800e-01 1.018e+00
-7.700e-01 9.312e-01
-7.600e-01 6.800e-01
-7.500e-01 -2.136e-03
-7.400e-01 -2.184e-01
-7.300e-01 2.442e-01
-7.200e-01 -4.417e-01
-7.100e-01 -5.267e-01
-7.000e-01 -7.102e-01
-6.900e-01 1.916e-01
-6.800e-01 5.806e-01
-6.700e-01 1.088e+00
-6.600e-01 1.011e+00
-6.500e-01 7.818e-01
-6.400e-01 4.825e-01
-6.300e-01 -1.298e-01
-6.200e-01 1.053e-01
-6.100e-01 -3.190e-01
-6.000e-01 6.985e-01
-5.900e-01 1.215e+00
-5.800e-01 9.319e-01
-5.700e-01 8.092e-01
-5.600e-01 9.569e-01
-5.500e-01 5.215e-02
-5.400e-01 7.064e-01
-5.300e-01 1.268e+00
-5.200e-01 6.878e-01
-5.100e-01 -3.288e-01
-5.000e-01 -3.791e-01
-4.900e-01 -4.045e-01
-4.800e-01 -5.618e-01
-4.700e-01 2.842e-02
-4.600e-01 4.575e-01
-4.500e-01 8.498e-01
-4.400e-01 7.153e-01
-4.300e-01 9.448e-01
-4.200e-01 2.625e+00
-4.100e-01 2.264e+00
-4.000e-01 1.739e+00
-3.900e-01 6.794e-01
-3.800e-01 8.586e-01
-3.700e-01 7.855e-01
-3.600e-01 3.867e-01
-3.500e-01 -1.970e-01
-3.400e-01 9.146e-01
-3.300e-01 9.337e-01
-3.200e-01 4.633e-01
-3.100e-01 1.421e+00
-3.000e-01 7.045e-01
-2.900e-01 1.984e+00
-2.800e-01 1.864e+00
-2.700e-01 3.242e+00
-2.600e-01 3.089e+00
-2.500e-01 1.952e+00
-2.400e-01 1.194e+00
-2.300e-01 -1.597e-03
-2.200e-01 4.306e-01
-2.100e-01 1.004e+00
-2.000e-01 4.349e-01
-1.900e-01 1.071e+00
-1.800e-01 8.844e-01
-1.700e-01 1.769e+00
-1.600e-01 2.410e+00
-1.500e-01 3.349e+00
-1.400e-01 2.104e+00
-1.300e-01 2.841e+00
-1.200e-01 3.243e+00
-1.100e-01 -6.001e-01
-1.000e-01 5.162e-01
-9.000e-02 1.841e+00
-8.000e-02 4.029e+00
-7.000e-02 2.629e+00
-6.000e-02 4.671e+00
-5.000e-02 5.112e+00
-4.000e-02 8.614e+00
-3.000e-02 1.885e+01
-2.000e-02 3.262e+01
-1.000e-02 6.551e+01
