# Time (ps)      real(F_0)      im(F_0)
0.000e+00 1.000e+00 0.000e+00
1.000e-01 9.682e-01 0.000e+00
2.000e-01 8.441e-01 0.000e+00
3.000e-01 8.496e-01 0.000e+00
4.000e-01 8.336e-01 0.000e+00
5.000e-01 8.116e-01 0.000e+00
6.000e-01 7.962e-01 0.000e+00
7.000e-01 7.753e-01 0.000e+00
8.000e-01 7.947e-01 0.000e+00
9.000e-01 8.548e-01 0.000e+00
1.000e+00 8.169e-01 0.000e+00
1.100e+00 8.649e-01 0.000e+00
1.200e+00 8.078e-01 0.000e+00
1.300e+00 8.059e-01 0.000e+00
1.400e+00 7.659e-01 0.000e+00
1.500e+00 7.690e-01 0.000e+00
1.600e+00 7.414e-01 0.000e+00
1.700e+00 7.154e-01 0.000e+00
1.800e+00 7.263e-01 0.000e+00
1.900e+00 7.167e-01 0.000e+00
2.000e+00 7.326e-01 0.000e+00
2.100e+00 7.356e-01 0.000e+00
2.200e+00 7.259e-01 0.000e+00
2.300e+00 6.700e-01 0.000e+00
2.400e+00 6.771e-01 0.000e+00
2.500e+00 7.578e-01 0.000e+00
2.600e+00 7.216e-01 0.000e+00
2.700e+00 7.525e-01 0.000e+00
2.800e+00 7.719e-01 0.000e+00
2.900e+00 6.883e-01 0.000e+00
3.000e+00 7.110e-01 0.000e+00
3.100e+00 7.455e-01 0.000e+00
3.200e+00 7.139e-01 0.000e+00
3.300e+00 7.396e-01 0.000e+00
3.400e+00 7.121e-01 0.000e+00
3.500e+00 6.818e-01 0.000e+00
3.600e+00 6.603e-01 0.000e+00
3.700e+00 6.892e-01 0.000e+00
3.800e+00 7.320e-01 0.000e+00
3.900e+00 6.679e-01 0.000e+00
4.000e+00 6.633e-01 0.000e+00
4.100e+00 6.668e-01 0.000e+00
4.200e+00 6.300e-01 0.000e+00
4.300e+00 6.630e-01 0.000e+00
4.400e+00 5.783e-01 0.000e+00
4.500e+00 6.064e-01 0.000e+00
4.600e+00 6.205e-01 0.000e+00
4.700e+00 6.142e-01 0.000e+00
4.800e+00 6.406e-01 0.000e+00
4.900e+00 6.300e-01 0.000e+00
5.000e+00 6.267e-01 0.000e+00
5.100e+00 5.929e-01 0.000e+00
5.200e+00 6.439e-01 0.000e+00
5.300e+00 6.127e-01 0.000e+00
5.400e+00 5.866e-01 0.000e+00
5.500e+00 5.648e-01 0.000e+00
5.600e+00 5.675e-01 0.000e+00
5.700e+00 5.882e-01 0.000e+00
5.800e+00 5.666e-01 0.000e+00
5.900e+00 5.533e-01 0.000e+00
6.000e+00 5.241e-01 0.000e+00
6.100e+00 5.578e-01 0.000e+00
6.200e+00 5.465e-01 0.000e+00
6.300e+00 5.489e-01 0.000e+00
6.400e+00 5.643e-01 0.000e+00
6.500e+00 5.547e-01 0.000e+00
6.600e+00 5.544e-01 0.000e+00
6.700e+00 5.267e-01 0.000e+00
6.800e+00 5.966e-01 0.000e+00
6.900e+00 5.574e-01 0.000e+00
7.000e+00 5.799e-01 0.000e+00
7.100e+00 5.516e-01 0.000e+00
7.200e+00 5.713e-01 0.000e+00
7.300e+00 5.204e-01 0.000e+00
7.400e+00 5.538e-01 0.000e+00
7.500e+00 5.452e-01 0.000e+00
7.600e+00 5.278e-01 0.000e+00
7.700e+00 5.373e-01 0.000e+00
7.800e+00 5.611e-01 0.000e+00
7.900e+00 5.534e-01 0.000e+00
8.000e+00 5.242e-01 0.000e+00
8.100e+00 5.198e-01 0.000e+00
8.200e+00 4.960e-01 0.000e+00
8.300e+00 4.816e-01 0.000e+00
8.400e+00 4.458e-01 0.000e+00
8.500e+00 4.532e-01 0.000e+00
8.600e+00 4.787e-01 0.000e+00
8.700e+00 4.835e-01 0.000e+00
8.800e+00 4.521e-01 0.000e+00
8.900e+00 4.290e-01 0.000e+00
9.000e+00 4.385e-01 0.000e+00
9.100e+00 4.577e-01 0.000e+00
9.200e+00 4.345e-01 0.000e+00
9.300e+00 4.346e-01 0.000e+00
9.400e+00 4.708e-01 0.000e+00
9.500e+00 4.673e-01 0.000e+00
9.600e+00 4.680e-01 0.000e+00
9.700e+00 4.261e-01 0.000e+00
9.800e+00 4.317e-01 0.000e+00
9.900e+00 4.364e-01 0.000e+00
1.000e+01 4.487e-01 0.000e+00
1.010e+01 4.411e-01 0.000e+00
1.020e+01 4.285e-01 0.000e+00
1.030e+01 4.394e-01 0.000e+00
1.040e+01 4.312e-01 0.000e+00
1.050e+01 4.143e-01 0.000e+00
1.060e+01 3.883e-01 0.000e+00
1.070e+01 4.010e-01 0.000e+00
1.080e+01 3.894e-01 0.000e+00
1.090e+01 3.691e-01 0.000e+00
1.100e+01 3.336e-01 0.000e+00
1.110e+01 3.613e-01 0.000e+00
1.120e+01 3.599e-01 0.000e+00
1.130e+01 3.528e-01 0.000e+00
1.140e+01 3.894e-01 0.000e+00
1.150e+01 3.652e-01 0.000e+00
1.160e+01 3.848e-01 0.000e+00
1.170e+01 3.579e-01 0.000e+00
1.180e+01 3.561e-01 0.000e+00
1.190e+01 3.542e-01 0.000e+00
1.200e+01 3.806e-01 0.000e+00
1.210e+01 3.873e-01 0.000e+00
1.220e+01 3.778e-01 0.000e+00
1.230e+01 3.812e-01 0.000e+00
1.240e+01 3.830e-01 0.000e+00
1.250e+01 3.868e-01 0.000e+00
1.260e+01 3.643e-01 0.000e+00
1.270e+01 3.703e-01 0.000e+00
1.280e+01 3.858e-01 0.000e+00
1.290e+01 3.733e-01 0.000e+00
1.300e+01 3.728e-01 0.000e+00
1.310e+01 3.611e-01 0.000e+00
1.320e+01 3.664e-01 0.000e+00
1.330e+01 3.628e-01 0.000e+00
1.340e+01 3.880e-01 0.000e+00
1.350e+01 3.881e-01 0.000e+00
1.360e+01 4.352e-01 0.000e+00
1.370e+01 3.908e-01 0.000e+00
1.380e+01 3.842e-01 0.000e+00
1.390e+01 3.642e-01 0.000e+00
1.400e+01 3.600e-01 0.000e+00
1.410e+01 3.689e-01 0.000e+00
1.420e+01 3.624e-01 0.000e+00
1.430e+01 3.537e-01 0.000e+00
1.440e+01 3.745e-01 0.000e+00
1.450e+01 3.506e-01 0.000e+00
1.460e+01 3.609e-01 0.000e+00
1.470e+01 3.527e-01 0.000e+00
1.480e+01 3.490e-01 0.000e+00
1.490e+01 3.380e-01 0.000e+00
1.500e+01 3.443e-01 0.000e+00
1.510e+01 3.488e-01 0.000e+00
1.520e+01 3.385e-01 0.000e+00
1.530e+01 3.399e-01 0.000e+00
1.540e+01 3.237e-01 0.000e+00
1.550e+01 3.076e-01 0.000e+00
1.560e+01 3.079e-01 0.000e+00
1.570e+01 2.976e-01 0.000e+00
1.580e+01 3.080e-01 0.000e+00
1.590e+01 3.288e-01 0.000e+00
1.600e+01 3.395e-01 0.000e+00
1.610e+01 3.050e-01 0.000e+00
1.620e+01 3.315e-01 0.000e+00
1.630e+01 3.325e-01 0.000e+00
1.640e+01 3.161e-01 0.000e+00
1.650e+01 3.117e-01 0.000e+00
1.660e+01 3.249e-01 0.000e+00
1.670e+01 3.196e-01 0.000e+00
1.680e+01 3.292e-01 0.000e+00
1.690e+01 3.421e-01 0.000e+00
1.700e+01 3.371e-01 0.000e+00
1.710e+01 3.416e-01 0.000e+00
1.720e+01 3.125e-01 0.000e+00
1.730e+01 3.090e-01 0.000e+00
1.740e+01 3.067e-01 0.000e+00
1.750e+01 3.219e-01 0.000e+00
1.760e+01 3.160e-01 0.000e+00
1.770e+01 3.195e-01 0.000e+00
1.780e+01 2.895e-01 0.000e+00
1.790e+01 2.580e-01 0.000e+00
1.800e+01 2.488e-01 0.000e+00
1.810e+01 2.462e-01 0.000e+00
1.820e+01 2.664e-01 0.000e+00
1.830e+01 2.979e-01 0.000e+00
1.840e+01 3.325e-01 0.000e+00
1.850e+01 2.949e-01 0.000e+00
1.860e+01 2.842e-01 0.000e+00
1.870e+01 2.632e-01 0.000e+00
1.880e+01 2.967e-01 0.000e+00
1.890e+01 2.931e-01 0.000e+00
1.900e+01 3.057e-01 0.000e+00
1.910e+01 2.969e-01 0.000e+00
1.920e+01 2.799e-01 0.000e+00
1.930e+01 2.837e-01 0.000e+00
1.940e+01 2.984e-01 0.000e+00
1.950e+01 2.985e-01 0.000e+00
1.960e+01 3.046e-01 0.000e+00
1.970e+01 2.908e-01 0.000e+00
1.980e+01 3.043e-01 0.000e+00
1.990e+01 2.798e-01 0.000e+00
2.000e+01 2.836e-01 0.000e+00
2.010e+01 2.762e-01 0.000e+00
2.020e+01 2.519e-01 0.000e+00
2.030e+01 2.475e-01 0.000e+00
2.040e+01 2.418e-01 0.000e+00
2.050e+01 2.491e-01 0.000e+00
2.060e+01 2.294e-01 0.000e+00
2.070e+01 2.531e-01 0.000e+00
2.080e+01 2.506e-01 0.000e+00
2.090e+01 2.559e-01 0.000e+00
2.100e+01 2.379e-01 0.000e+00
2.110e+01 2.420e-01 0.000e+00
2.120e+01 2.462e-01 0.000e+00
2.130e+01 2.364e-01 0.000e+00
2.140e+01 2.242e-01 0.000e+00
2.150e+01 2.296e-01 0.000e+00
2.160e+01 2.190e-01 0.000e+00
2.170e+01 2.211e-01 0.000e+00
2.180e+01 2.187e-01 0.000e+00
2.190e+01 2.118e-01 0.000e+00
2.200e+01 2.276e-01 0.000e+00
2.210e+01 2.368e-01 0.000e+00
2.220e+01 2.280e-01 0.000e+00
2.230e+01 2.037e-01 0.000e+00
2.240e+01 2.081e-01 0.000e+00
2.250e+01 2.253e-01 0.000e+00
2.260e+01 2.265e-01 0.000e+00
2.270e+01 2.395e-01 0.000e+00
2.280e+01 2.524e-01 0.000e+00
2.290e+01 2.275e-01 0.000e+00
2.300e+01 2.447e-01 0.000e+00
2.310e+01 2.571e-01 0.000e+00
2.320e+01 2.471e-01 0.000e+00
2.330e+01 2.641e-01 0.000e+00
2.340e+01 2.566e-01 0.000e+00
2.350e+01 2.355e-01 0.000e+00
2.360e+01 2.136e-01 0.000e+00
2.370e+01 2.190e-01 0.000e+00
2.380e+01 2.261e-01 0.000e+00
2.390e+01 2.118e-01 0.000e+00
2.400e+01 2.182e-01 0.000e+00
2.410e+01 2.146e-01 0.000e+00
2.420e+01 2.095e-01 0.000e+00
2.430e+01 2.190e-01 0.000e+00
2.440e+01 1.984e-01 0.000e+00
2.450e+01 2.153e-01 0.000e+00
2.460e+01 2.340e-01 0.000e+00
2.470e+01 2.149e-01 0.000e+00
2.480e+01 2.241e-01 0.000e+00
2.490e+01 2.017e-01 0.000e+00
2.500e+01 2.246e-01 0.000e+00
2.510e+01 2.014e-01 0.000e+00
2.520e+01 2.200e-01 0.000e+00
2.530e+01 2.236e-01 0.000e+00
2.540e+01 2.041e-01 0.000e+00
2.550e+01 1.844e-01 0.000e+00
2.560e+01 1.844e-01 0.000e+00
2.570e+01 1.911e-01 0.000e+00
2.580e+01 1.883e-01 0.000e+00
2.590e+01 1.793e-01 0.000e+00
2.600e+01 1.798e-01 0.000e+00
2.610e+01 1.902e-01 0.000e+00
2.620e+01 1.856e-01 0.000e+00
2.630e+01 1.804e-01 0.000e+00
2.640e+01 1.803e-01 0.000e+00
2.650e+01 1.899e-01 0.000e+00
2.660e+01 1.917e-01 0.000e+00
2.670e+01 1.853e-01 0.000e+00
2.680e+01 1.938e-01 0.000e+00
2.690e+01 1.722e-01 0.000e+00
2.700e+01 1.988e-01 0.000e+00
2.710e+01 1.753e-01 0.000e+00
2.720e+01 1.855e-01 0.000e+00
2.730e+01 1.766e-01 0.000e+00
2.740e+01 1.995e-01 0.000e+00
2.750e+01 1.942e-01 0.000e+00
2.760e+01 1.734e-01 0.000e+00
2.770e+01 1.826e-01 0.000e+00
2.780e+01 1.934e-01 0.000e+00
2.790e+01 1.813e-01 0.000e+00
2.800e+01 1.629e-01 0.000e+00
2.810e+01 1.679e-01 0.000e+00
2.820e+01 1.673e-01 0.000e+00
2.830e+01 1.625e-01 0.000e+00
2.840e+01 1.563e-01 0.000e+00
2.850e+01 1.621e-01 0.000e+00
2.860e+01 1.624e-01 0.000e+00
2.870e+01 1.696e-01 0.000e+00
2.880e+01 1.680e-01 0.000e+00
2.890e+01 1.494e-01 0.000e+00
2.900e+01 1.534e-01 0.000e+00
2.910e+01 1.744e-01 0.000e+00
2.920e+01 1.757e-01 0.000e+00
2.930e+01 1.782e-01 0.000e+00
2.940e+01 1.827e-01 0.000e+00
2.950e+01 1.849e-01 0.000e+00
2.960e+01 1.854e-01 0.000e+00
2.970e+01 1.762e-01 0.000e+00
2.980e+01 1.706e-01 0.000e+00
2.990e+01 1.788e-01 0.000e+00
3.000e+01 1.749e-01 0.000e+00
3.010e+01 1.794e-01 0.000e+00
3.020e+01 1.798e-01 0.000e+00
3.030e+01 1.912e-01 0.000e+00
3.040e+01 1.830e-01 0.000e+00
3.050e+01 1.830e-01 0.000e+00
3.060e+01 1.805e-01 0.000e+00
3.070e+01 1.766e-01 0.000e+00
3.080e+01 1.603e-01 0.000e+00
3.090e+01 1.621e-01 0.000e+00
3.100e+01 1.416e-01 0.000e+00
3.110e+01 1.472e-01 0.000e+00
3.120e+01 1.571e-01 0.000e+00
3.130e+01 1.535e-01 0.000e+00
3.140e+01 1.667e-01 0.000e+00
3.150e+01 1.655e-01 0.000e+00
3.160e+01 1.632e-01 0.000e+00
3.170e+01 1.453e-01 0.000e+00
3.180e+01 1.475e-01 0.000e+00
3.190e+01 1.593e-01 0.000e+00
3.200e+01 1.543e-01 0.000e+00
3.210e+01 1.560e-01 0.000e+00
3.220e+01 1.582e-01 0.000e+00
3.230e+01 1.664e-01 0.000e+00
3.240e+01 1.481e-01 0.000e+00
3.250e+01 1.502e-01 0.000e+00
3.260e+01 1.526e-01 0.000e+00
3.270e+01 1.487e-01 0.000e+00
3.280e+01 1.637e-01 0.000e+00
3.290e+01 1.631e-01 0.000e+00
3.300e+01 1.643e-01 0.000e+00
3.310e+01 1.686e-01 0.000e+00
3.320e+01 1.554e-01 0.000e+00
3.330e+01 1.466e-01 0.000e+00
3.340e+01 1.483e-01 0.000e+00
3.350e+01 1.491e-01 0.000e+00
3.360e+01 1.581e-01 0.000e+00
3.370e+01 1.509e-01 0.000e+00
3.380e+01 1.495e-01 0.000e+00
3.390e+01 1.514e-01 0.000e+00
3.400e+01 1.475e-01 0.000e+00
3.410e+01 1.457e-01 0.000e+00
3.420e+01 1.513e-01 0.000e+00
3.430e+01 1.249e-01 0.000e+00
3.440e+01 1.366e-01 0.000e+00
3.450e+01 1.297e-01 0.000e+00
3.460e+01 1.474e-01 0.000e+00
3.470e+01 1.317e-01 0.000e+00
3.480e+01 1.339e-01 0.000e+00
3.490e+01 1.410e-01 0.000e+00
3.500e+01 1.448e-01 0.000e+00
3.510e+01 1.468e-01 0.000e+00
3.520e+01 1.389e-01 0.000e+00
3.530e+01 1.415e-01 0.000e+00
3.540e+01 1.255e-01 0.000e+00
3.550e+01 1.241e-01 0.000e+00
3.560e+01 1.263e-01 0.000e+00
3.570e+01 1.252e-01 0.000e+00
3.580e+01 1.378e-01 0.000e+00
3.590e+01 1.385e-01 0.000e+00
3.600e+01 1.371e-01 0.000e+00
3.610e+01 1.301e-01 0.000e+00
3.620e+01 1.257e-01 0.000e+00
3.630e+01 1.210e-01 0.000e+00
3.640e+01 1.144e-01 0.000e+00
3.650e+01 1.129e-01 0.000e+00
3.660e+01 1.104e-01 0.000e+00
3.670e+01 1.072e-01 0.000e+00
3.680e+01 1.142e-01 0.000e+00
3.690e+01 1.175e-01 0.000e+00
3.700e+01 1.157e-01 0.000e+00
3.710e+01 1.085e-01 0.000e+00
3.720e+01 1.125e-01 0.000e+00
3.730e+01 1.227e-01 0.000e+00
3.740e+01 1.276e-01 0.000e+00
3.750e+01 1.239e-01 0.000e+00
3.760e+01 1.244e-01 0.000e+00
3.770e+01 1.313e-01 0.000e+00
3.780e+01 1.185e-01 0.000e+00
3.790e+01 1.217e-01 0.000e+00
3.800e+01 1.314e-01 0.000e+00
3.810e+01 1.229e-01 0.000e+00
3.820e+01 1.154e-01 0.000e+00
3.830e+01 1.235e-01 0.000e+00
3.840e+01 1.233e-01 0.000e+00
3.850e+01 1.245e-01 0.000e+00
3.860e+01 1.181e-01 0.000e+00
3.870e+01 1.099e-01 0.000e+00
3.880e+01 1.168e-01 0.000e+00
3.890e+01 1.192e-01 0.000e+00
3.900e+01 1.201e-01 0.000e+00
3.910e+01 1.083e-01 0.000e+00
3.920e+01 1.187e-01 0.000e+00
3.930e+01 1.250e-01 0.000e+00
3.940e+01 1.230e-01 0.000e+00
3.950e+01 1.259e-01 0.000e+00
3.960e+01 1.146e-01 0.000e+00
3.970e+01 1.195e-01 0.000e+00
3.980e+01 1.121e-01 0.000e+00
3.990e+01 1.103e-01 0.000e+00
4.000e+01 1.178e-01 0.000e+00
4.010e+01 1.086e-01 0.000e+00
4.020e+01 1.126e-01 0.000e+00
4.030e+01 1.135e-01 0.000e+00
4.040e+01 1.028e-01 0.000e+00
4.050e+01 9.915e-02 0.000e+00
4.060e+01 1.052e-01 0.000e+00
4.070e+01 1.155e-01 0.000e+00
4.080e+01 1.139e-01 0.000e+00
4.090e+01 1.118e-01 0.000e+00
4.100e+01 1.095e-01 0.000e+00
4.110e+01 1.020e-01 0.000e+00
4.120e+01 9.617e-02 0.000e+00
4.130e+01 1.027e-01 0.000e+00
4.140e+01 9.096e-02 0.000e+00
4.150e+01 9.751e-02 0.000e+00
4.160e+01 7.914e-02 0.000e+00
4.170e+01 8.574e-02 0.000e+00
4.180e+01 8.093e-02 0.000e+00
4.190e+01 7.838e-02 0.000e+00
4.200e+01 8.196e-02 0.000e+00
4.210e+01 8.905e-02 0.000e+00
4.220e+01 8.289e-02 0.000e+00
4.230e+01 7.374e-02 0.000e+00
4.240e+01 6.959e-02 0.000e+00
4.250e+01 7.497e-02 0.000e+00
4.260e+01 7.588e-02 0.000e+00
4.270e+01 8.920e-02 0.000e+00
4.280e+01 9.256e-02 0.000e+00
4.290e+01 9.297e-02 0.000e+00
4.300e+01 9.664e-02 0.000e+00
4.310e+01 9.082e-02 0.000e+00
4.320e+01 8.860e-02 0.000e+00
4.330e+01 8.871e-02 0.000e+00
4.340e+01 8.765e-02 0.000e+00
4.350e+01 9.245e-02 0.000e+00
4.360e+01 7.955e-02 0.000e+00
4.370e+01 9.674e-02 0.000e+00
4.380e+01 9.996e-02 0.000e+00
4.390e+01 9.253e-02 0.000e+00
4.400e+01 9.315e-02 0.000e+00
4.410e+01 8.545e-02 0.000e+00
4.420e+01 8.668e-02 0.000e+00
4.430e+01 8.144e-02 0.000e+00
4.440e+01 9.078e-02 0.000e+00
4.450e+01 9.586e-02 0.000e+00
4.460e+01 9.286e-02 0.000e+00
4.470e+01 9.998e-02 0.000e+00
4.480e+01 9.562e-02 0.000e+00
4.490e+01 9.012e-02 0.000e+00
4.500e+01 8.787e-02 0.000e+00
4.510e+01 8.811e-02 0.000e+00
4.520e+01 9.099e-02 0.000e+00
4.530e+01 9.513e-02 0.000e+00
4.540e+01 9.646e-02 0.000e+00
4.550e+01 8.873e-02 0.000e+00
4.560e+01 8.887e-02 0.000e+00
4.570e+01 8.467e-02 0.000e+00
4.580e+01 8.918e-02 0.000e+00
4.590e+01 8.647e-02 0.000e+00
4.600e+01 8.649e-02 0.000e+00
4.610e+01 8.718e-02 0.000e+00
4.620e+01 8.432e-02 0.000e+00
4.630e+01 8.445e-02 0.000e+00
4.640e+01 8.376e-02 0.000e+00
4.650e+01 8.455e-02 0.000e+00
4.660e+01 8.346e-02 0.000e+00
4.670e+01 8.881e-02 0.000e+00
4.680e+01 8.892e-02 0.000e+00
4.690e+01 9.156e-02 0.000e+00
4.700e+01 9.443e-02 0.000e+00
4.710e+01 9.321e-02 0.000e+00
4.720e+01 9.514e-02 0.000e+00
4.730e+01 9.866e-02 0.000e+00
4.740e+01 9.340e-02 0.000e+00
4.750e+01 8.880e-02 0.000e+00
4.760e+01 8.843e-02 0.000e+00
4.770e+01 8.528e-02 0.000e+00
4.780e+01 9.080e-02 0.000e+00
4.790e+01 9.349e-02 0.000e+00
4.800e+01 9.457e-02 0.000e+00
4.810e+01 9.132e-02 0.000e+00
4.820e+01 8.424e-02 0.000e+00
4.830e+01 8.447e-02 0.000e+00
4.840e+01 8.631e-02 0.000e+00
4.850e+01 8.488e-02 0.000e+00
4.860e+01 8.906e-02 0.000e+00
4.870e+01 9.844e-02 0.000e+00
4.880e+01 9.815e-02 0.000e+00
4.890e+01 9.414e-02 0.000e+00
4.900e+01 8.219e-02 0.000e+00
4.910e+01 8.450e-02 0.000e+00
4.920e+01 9.511e-02 0.000e+00
4.930e+01 1.019e-01 0.000e+00
4.940e+01 9.190e-02 0.000e+00
4.950e+01 9.241e-02 0.000e+00
4.960e+01 9.217e-02 0.000e+00
4.970e+01 8.579e-02 0.000e+00
4.980e+01 8.909e-02 0.000e+00
4.990e+01 8.297e-02 0.000e+00
5.000e+01 7.893e-02 0.000e+00
5.010e+01 7.887e-02 0.000e+00
5.020e+01 8.474e-02 0.000e+00
5.030e+01 8.320e-02 0.000e+00
5.040e+01 8.099e-02 0.000e+00
5.050e+01 8.016e-02 0.000e+00
5.060e+01 7.673e-02 0.000e+00
5.070e+01 7.515e-02 0.000e+00
5.080e+01 7.649e-02 0.000e+00
5.090e+01 6.408e-02 0.000e+00
5.100e+01 7.379e-02 0.000e+00
5.110e+01 8.412e-02 0.000e+00
5.120e+01 9.473e-02 0.000e+00
5.130e+01 8.559e-02 0.000e+00
5.140e+01 8.075e-02 0.000e+00
5.150e+01 7.724e-02 0.000e+00
5.160e+01 8.360e-02 0.000e+00
5.170e+01 7.777e-02 0.000e+00
5.180e+01 7.851e-02 0.000e+00
5.190e+01 7.852e-02 0.000e+00
5.200e+01 7.254e-02 0.000e+00
5.210e+01 7.309e-02 0.000e+00
5.220e+01 7.154e-02 0.000e+00
5.230e+01 7.253e-02 0.000e+00
5.240e+01 6.458e-02 0.000e+00
5.250e+01 6.829e-02 0.000e+00
5.260e+01 6.329e-02 0.000e+00
5.270e+01 6.088e-02 0.000e+00
5.280e+01 7.214e-02 0.000e+00
5.290e+01 6.736e-02 0.000e+00
5.300e+01 6.614e-02 0.000e+00
5.310e+01 6.744e-02 0.000e+00
5.320e+01 6.675e-02 0.000e+00
5.330e+01 6.600e-02 0.000e+00
5.340e+01 6.522e-02 0.000e+00
5.350e+01 6.802e-02 0.000e+00
5.360e+01 7.087e-02 0.000e+00
5.370e+01 6.845e-02 0.000e+00
5.380e+01 6.572e-02 0.000e+00
5.390e+01 5.539e-02 0.000e+00
5.400e+01 5.471e-02 0.000e+00
5.410e+01 5.591e-02 0.000e+00
5.420e+01 6.572e-02 0.000e+00
5.430e+01 5.247e-02 0.000e+00
5.440e+01 5.404e-02 0.000e+00
5.450e+01 4.652e-02 0.000e+00
5.460e+01 5.446e-02 0.000e+00
5.470e+01 4.589e-02 0.000e+00
5.480e+01 6.064e-02 0.000e+00
5.490e+01 5.363e-02 0.000e+00
5.500e+01 5.892e-02 0.000e+00
5.510e+01 6.670e-02 0.000e+00
5.520e+01 6.125e-02 0.000e+00
5.530e+01 5.047e-02 0.000e+00
5.540e+01 4.929e-02 0.000e+00
5.550e+01 5.047e-02 0.000e+00
5.560e+01 5.537e-02 0.000e+00
5.570e+01 5.415e-02 0.000e+00
5.580e+01 5.997e-02 0.000e+00
5.590e+01 6.310e-02 0.000e+00
5.600e+01 5.721e-02 0.000e+00
5.610e+01 5.582e-02 0.000e+00
5.620e+01 5.299e-02 0.000e+00
5.630e+01 5.189e-02 0.000e+00
5.640e+01 5.774e-02 0.000e+00
5.650e+01 5.315e-02 0.000e+00
5.660e+01 5.031e-02 0.000e+00
5.670e+01 4.359e-02 0.000e+00
5.680e+01 3.955e-02 0.000e+00
5.690e+01 3.665e-02 0.000e+00
5.700e+01 4.120e-02 0.000e+00
5.710e+01 3.900e-02 0.000e+00
5.720e+01 4.689e-02 0.000e+00
5.730e+01 4.317e-02 0.000e+00
5.740e+01 5.072e-02 0.000e+00
5.750e+01 4.865e-02 0.000e+00
5.760e+01 5.968e-02 0.000e+00
5.770e+01 6.216e-02 0.000e+00
5.780e+01 6.540e-02 0.000e+00
5.790e+01 6.303e-02 0.000e+00
5.800e+01 5.509e-02 0.000e+00
5.810e+01 5.103e-02 0.000e+00
5.820e+01 6.054e-02 0.000e+00
5.830e+01 6.850e-02 0.000e+00
5.840e+01 6.870e-02 0.000e+00
5.850e+01 7.277e-02 0.000e+00
5.860e+01 6.655e-02 0.000e+00
5.870e+01 6.460e-02 0.000e+00
5.880e+01 6.387e-02 0.000e+00
5.890e+01 6.700e-02 0.000e+00
5.900e+01 6.811e-02 0.000e+00
5.910e+01 6.505e-02 0.000e+00
5.920e+01 5.688e-02 0.000e+00
5.930e+01 5.534e-02 0.000e+00
5.940e+01 5.895e-02 0.000e+00
5.950e+01 5.993e-02 0.000e+00
5.960e+01 6.010e-02 0.000e+00
5.970e+01 6.166e-02 0.000e+00
5.980e+01 6.532e-02 0.000e+00
5.990e+01 6.430e-02 0.000e+00
6.000e+01 6.819e-02 0.000e+00
6.010e+01 7.184e-02 0.000e+00
6.020e+01 7.203e-02 0.000e+00
6.030e+01 6.855e-02 0.000e+00
6.040e+01 6.120e-02 0.000e+00
6.050e+01 5.891e-02 0.000e+00
6.060e+01 5.508e-02 0.000e+00
6.070e+01 5.709e-02 0.000e+00
6.080e+01 5.073e-02 0.000e+00
6.090e+01 5.094e-02 0.000e+00
6.100e+01 5.259e-02 0.000e+00
6.110e+01 4.172e-02 0.000e+00
6.120e+01 4.515e-02 0.000e+00
6.130e+01 4.814e-02 0.000e+00
6.140e+01 4.853e-02 0.000e+00
6.150e+01 5.389e-02 0.000e+00
6.160e+01 5.286e-02 0.000e+00
6.170e+01 5.227e-02 0.000e+00
6.180e+01 4.915e-02 0.000e+00
6.190e+01 4.490e-02 0.000e+00
6.200e+01 4.262e-02 0.000e+00
6.210e+01 4.585e-02 0.000e+00
6.220e+01 4.449e-02 0.000e+00
6.230e+01 2.505e-02 0.000e+00
6.240e+01 3.262e-02 0.000e+00
6.250e+01 3.645e-02 0.000e+00
6.260e+01 4.450e-02 0.000e+00
6.270e+01 4.734e-02 0.000e+00
6.280e+01 4.667e-02 0.000e+00
6.290e+01 4.630e-02 0.000e+00
6.300e+01 4.615e-02 0.000e+00
6.310e+01 4.393e-02 0.000e+00
6.320e+01 4.904e-02 0.000e+00
6.330e+01 4.900e-02 0.000e+00
6.340e+01 5.064e-02 0.000e+00
6.350e+01 4.910e-02 0.000e+00
6.360e+01 5.052e-02 0.000e+00
6.370e+01 5.309e-02 0.000e+00
6.380e+01 5.104e-02 0.000e+00
6.390e+01 5.880e-02 0.000e+00
6.400e+01 5.720e-02 0.000e+00
6.410e+01 5.863e-02 0.000e+00
6.420e+01 6.381e-02 0.000e+00
6.430e+01 6.143e-02 0.000e+00
6.440e+01 6.450e-02 0.000e+00
6.450e+01 6.245e-02 0.000e+00
6.460e+01 6.039e-02 0.000e+00
6.470e+01 5.954e-02 0.000e+00
6.480e+01 5.494e-02 0.000e+00
6.490e+01 5.312e-02 0.000e+00
6.500e+01 5.143e-02 0.000e+00
6.510e+01 5.209e-02 0.000e+00
6.520e+01 5.644e-02 0.000e+00
6.530e+01 6.176e-02 0.000e+00
6.540e+01 6.026e-02 0.000e+00
6.550e+01 4.787e-02 0.000e+00
6.560e+01 4.624e-02 0.000e+00
6.570e+01 4.622e-02 0.000e+00
6.580e+01 4.765e-02 0.000e+00
6.590e+01 5.001e-02 0.000e+00
6.600e+01 4.654e-02 0.000e+00
6.610e+01 4.789e-02 0.000e+00
6.620e+01 4.578e-02 0.000e+00
6.630e+01 4.781e-02 0.000e+00
6.640e+01 4.345e-02 0.000e+00
6.650e+01 4.447e-02 0.000e+00
6.660e+01 4.028e-02 0.000e+00
6.670e+01 4.636e-02 0.000e+00
6.680e+01 5.053e-02 0.000e+00
6.690e+01 4.351e-02 0.000e+00
6.700e+01 5.191e-02 0.000e+00
6.710e+01 4.708e-02 0.000e+00
6.720e+01 4.549e-02 0.000e+00
6.730e+01 4.393e-02 0.000e+00
6.740e+01 4.013e-02 0.000e+00
6.750e+01 3.827e-02 0.000e+00
6.760e+01 3.895e-02 0.000e+00
6.770e+01 3.402e-02 0.000e+00
6.780e+01 3.991e-02 0.000e+00
6.790e+01 3.841e-02 0.000e+00
6.800e+01 4.039e-02 0.000e+00
6.810e+01 3.911e-02 0.000e+00
6.820e+01 4.004e-02 0.000e+00
6.830e+01 3.713e-02 0.000e+00
6.840e+01 3.744e-02 0.000e+00
6.850e+01 3.566e-02 0.000e+00
6.860e+01 3.275e-02 0.000e+00
6.870e+01 3.322e-02 0.000e+00
6.880e+01 3.392e-02 0.000e+00
6.890e+01 3.565e-02 0.000e+00
6.900e+01 3.301e-02 0.000e+00
6.910e+01 3.324e-02 0.000e+00
6.920e+01 3.593e-02 0.000e+00
6.930e+01 3.852e-02 0.000e+00
6.940e+01 2.808e-02 0.000e+00
6.950e+01 2.991e-02 0.000e+00
6.960e+01 2.449e-02 0.000e+00
6.970e+01 2.622e-02 0.000e+00
6.980e+01 2.109e-02 0.000e+00
6.990e+01 3.398e-02 0.000e+00
7.000e+01 3.577e-02 0.000e+00
7.010e+01 4.199e-02 0.000e+00
7.020e+01 4.219e-02 0.000e+00
7.030e+01 4.331e-02 0.000e+00
7.040e+01 4.124e-02 0.000e+00
7.050e+01 3.388e-02 0.000e+00
7.060e+01 3.143e-02 0.000e+00
7.070e+01 3.749e-02 0.000e+00
7.080e+01 3.769e-02 0.000e+00
7.090e+01 3.863e-02 0.000e+00
7.100e+01 3.347e-02 0.000e+00
7.110e+01 3.805e-02 0.000e+00
7.120e+01 2.753e-02 0.000e+00
7.130e+01 3.382e-02 0.000e+00
7.140e+01 4.130e-02 0.000e+00
7.150e+01 4.096e-02 0.000e+00
7.160e+01 3.524e-02 0.000e+00
7.170e+01 3.737e-02 0.000e+00
7.180e+01 3.373e-02 0.000e+00
7.190e+01 3.198e-02 0.000e+00
7.200e+01 3.850e-02 0.000e+00
7.210e+01 2.960e-02 0.000e+00
7.220e+01 2.806e-02 0.000e+00
7.230e+01 2.969e-02 0.000e+00
7.240e+01 3.019e-02 0.000e+00
7.250e+01 2.566e-02 0.000e+00
7.260e+01 2.736e-02 0.000e+00
7.270e+01 2.895e-02 0.000e+00
7.280e+01 2.950e-02 0.000e+00
7.290e+01 3.124e-02 0.000e+00
7.300e+01 3.089e-02 0.000e+00
7.310e+01 3.499e-02 0.000e+00
7.320e+01 3.868e-02 0.000e+00
7.330e+01 2.314e-02 0.000e+00
7.340e+01 1.806e-02 0.000e+00
7.350e+01 2.603e-02 0.000e+00
7.360e+01 2.754e-02 0.000e+00
7.370e+01 3.535e-02 0.000e+00
7.380e+01 3.033e-02 0.000e+00
7.390e+01 3.342e-02 0.000e+00
7.400e+01 2.220e-02 0.000e+00
7.410e+01 2.818e-02 0.000e+00
7.420e+01 2.799e-02 0.000e+00
7.430e+01 3.476e-02 0.000e+00
7.440e+01 2.826e-02 0.000e+00
7.450e+01 3.594e-02 0.000e+00
7.460e+01 3.255e-02 0.000e+00
7.470e+01 3.351e-02 0.000e+00
7.480e+01 3.475e-02 0.000e+00
7.490e+01 3.425e-02 0.000e+00
7.500e+01 3.611e-02 0.000e+00
7.510e+01 4.038e-02 0.000e+00
7.520e+01 4.264e-02 0.000e+00
7.530e+01 4.262e-02 0.000e+00
7.540e+01 4.381e-02 0.000e+00
7.550e+01 3.871e-02 0.000e+00
7.560e+01 3.479e-02 0.000e+00
7.570e+01 3.131e-02 0.000e+00
7.580e+01 3.165e-02 0.000e+00
7.590e+01 3.160e-02 0.000e+00
7.600e+01 3.459e-02 0.000e+00
7.610e+01 3.356e-02 0.000e+00
7.620e+01 2.981e-02 0.000e+00
7.630e+01 2.680e-02 0.000e+00
7.640e+01 2.383e-02 0.000e+00
7.650e+01 2.500e-02 0.000e+00
7.660e+01 2.342e-02 0.000e+00
7.670e+01 3.386e-02 0.000e+00
7.680e+01 3.779e-02 0.000e+00
7.690e+01 3.202e-02 0.000e+00
7.700e+01 3.446e-02 0.000e+00
7.710e+01 2.586e-02 0.000e+00
7.720e+01 3.071e-02 0.000e+00
7.730e+01 2.936e-02 0.000e+00
7.740e+01 3.186e-02 0.000e+00
7.750e+01 2.422e-02 0.000e+00
7.760e+01 1.514e-02 0.000e+00
7.770e+01 2.652e-02 0.000e+00
7.780e+01 2.807e-02 0.000e+00
7.790e+01 2.741e-02 0.000e+00
7.800e+01 2.340e-02 0.000e+00
7.810e+01 2.979e-02 0.000e+00
7.820e+01 3.343e-02 0.000e+00
7.830e+01 3.237e-02 0.000e+00
7.840e+01 2.610e-02 0.000e+00
7.850e+01 2.429e-02 0.000e+00
7.860e+01 2.894e-02 0.000e+00
7.870e+01 2.997e-02 0.000e+00
7.880e+01 3.423e-02 0.000e+00
7.890e+01 3.520e-02 0.000e+00
7.900e+01 3.573e-02 0.000e+00
7.910e+01 3.192e-02 0.000e+00
7.920e+01 3.221e-02 0.000e+00
7.930e+01 3.233e-02 0.000e+00
7.940e+01 3.208e-02 0.000e+00
7.950e+01 3.765e-02 0.000e+00
7.960e+01 2.823e-02 0.000e+00
7.970e+01 2.381e-02 0.000e+00
7.980e+01 2.404e-02 0.000e+00
7.990e+01 2.541e-02 0.000e+00
8.000e+01 2.327e-02 0.000e+00
8.010e+01 2.200e-02 0.000e+00
8.020e+01 1.568e-02 0.000e+00
8.030e+01 2.412e-02 0.000e+00
8.040e+01 3.288e-02 0.000e+00
8.050e+01 3.815e-02 0.000e+00
8.060e+01 3.666e-02 0.000e+00
8.070e+01 3.748e-02 0.000e+00
8.080e+01 3.570e-02 0.000e+00
8.090e+01 3.453e-02 0.000e+00
8.100e+01 3.469e-02 0.000e+00
8.110e+01 3.466e-02 0.000e+00
8.120e+01 4.152e-02 0.000e+00
8.130e+01 4.268e-02 0.000e+00
8.140e+01 4.216e-02 0.000e+00
8.150e+01 4.062e-02 0.000e+00
8.160e+01 2.806e-02 0.000e+00
8.170e+01 3.365e-02 0.000e+00
8.180e+01 3.810e-02 0.000e+00
8.190e+01 3.007e-02 0.000e+00
8.200e+01 3.363e-02 0.000e+00
8.210e+01 2.773e-02 0.000e+00
8.220e+01 3.651e-02 0.000e+00
8.230e+01 3.412e-02 0.000e+00
8.240e+01 3.598e-02 0.000e+00
8.250e+01 3.580e-02 0.000e+00
8.260e+01 2.917e-02 0.000e+00
8.270e+01 3.554e-02 0.000e+00
8.280e+01 3.332e-02 0.000e+00
8.290e+01 3.834e-02 0.000e+00
8.300e+01 3.815e-02 0.000e+00
8.310e+01 2.879e-02 0.000e+00
8.320e+01 3.803e-02 0.000e+00
8.330e+01 4.130e-02 0.000e+00
8.340e+01 3.917e-02 0.000e+00
8.350e+01 4.042e-02 0.000e+00
8.360e+01 4.472e-02 0.000e+00
8.370e+01 4.531e-02 0.000e+00
8.380e+01 4.084e-02 0.000e+00
8.390e+01 3.611e-02 0.000e+00
8.400e+01 3.778e-02 0.000e+00
8.410e+01 3.792e-02 0.000e+00
8.420e+01 3.893e-02 0.000e+00
8.430e+01 3.454e-02 0.000e+00
8.440e+01 3.736e-02 0.000e+00
8.450e+01 3.705e-02 0.000e+00
8.460e+01 2.950e-02 0.000e+00
8.470e+01 3.610e-02 0.000e+00
8.480e+01 2.895e-02 0.000e+00
8.490e+01 3.776e-02 0.000e+00
8.500e+01 3.158e-02 0.000e+00
8.510e+01 3.716e-02 0.000e+00
8.520e+01 4.223e-02 0.000e+00
8.530e+01 4.023e-02 0.000e+00
8.540e+01 4.001e-02 0.000e+00
8.550e+01 3.182e-02 0.000e+00
8.560e+01 3.233e-02 0.000e+00
8.570e+01 3.138e-02 0.000e+00
8.580e+01 3.710e-02 0.000e+00
8.590e+01 4.342e-02 0.000e+00
8.600e+01 3.305e-02 0.000e+00
8.610e+01 3.652e-02 0.000e+00
8.620e+01 4.041e-02 0.000e+00
8.630e+01 3.771e-02 0.000e+00
8.640e+01 3.282e-02 0.000e+00
8.650e+01 3.361e-02 0.000e+00
8.660e+01 3.567e-02 0.000e+00
8.670e+01 3.947e-02 0.000e+00
8.680e+01 3.409e-02 0.000e+00
8.690e+01 2.986e-02 0.000e+00
8.700e+01 3.110e-02 0.000e+00
8.710e+01 3.105e-02 0.000e+00
8.720e+01 2.786e-02 0.000e+00
8.730e+01 3.164e-02 0.000e+00
8.740e+01 3.225e-02 0.000e+00
8.750e+01 3.174e-02 0.000e+00
8.760e+01 3.282e-02 0.000e+00
8.770e+01 2.792e-02 0.000e+00
8.780e+01 2.832e-02 0.000e+00
8.790e+01 2.302e-02 0.000e+00
8.800e+01 2.170e-02 0.000e+00
8.810e+01 2.407e-02 0.000e+00
8.820e+01 2.452e-02 0.000e+00
8.830e+01 2.727e-02 0.000e+00
8.840e+01 3.088e-02 0.000e+00
8.850e+01 2.860e-02 0.000e+00
8.860e+01 2.836e-02 0.000e+00
8.870e+01 2.781e-02 0.000e+00
8.880e+01 2.849e-02 0.000e+00
8.890e+01 2.881e-02 0.000e+00
8.900e+01 2.610e-02 0.000e+00
8.910e+01 2.679e-02 0.000e+00
8.920e+01 3.287e-02 0.000e+00
8.930e+01 3.544e-02 0.000e+00
8.940e+01 3.189e-02 0.000e+00
8.950e+01 3.455e-02 0.000e+00
8.960e+01 3.406e-02 0.000e+00
8.970e+01 3.283e-02 0.000e+00
8.980e+01 3.248e-02 0.000e+00
8.990e+01 3.319e-02 0.000e+00
9.000e+01 3.117e-02 0.000e+00
9.010e+01 2.911e-02 0.000e+00
9.020e+01 3.058e-02 0.000e+00
9.030e+01 3.345e-02 0.000e+00
9.040e+01 3.584e-02 0.000e+00
9.050e+01 3.778e-02 0.000e+00
9.060e+01 3.963e-02 0.000e+00
9.070e+01 3.951e-02 0.000e+00
9.080e+01 3.217e-02 0.000e+00
9.090e+01 3.485e-02 0.000e+00
9.100e+01 3.300e-02 0.000e+00
9.110e+01 3.877e-02 0.000e+00
9.120e+01 2.875e-02 0.000e+00
9.130e+01 3.050e-02 0.000e+00
9.140e+01 3.707e-02 0.000e+00
9.150e+01 3.653e-02 0.000e+00
9.160e+01 3.307e-02 0.000e+00
9.170e+01 3.133e-02 0.000e+00
9.180e+01 3.240e-02 0.000e+00
9.190e+01 3.116e-02 0.000e+00
9.200e+01 3.171e-02 0.000e+00
9.210e+01 2.915e-02 0.000e+00
9.220e+01 2.697e-02 0.000e+00
9.230e+01 2.790e-02 0.000e+00
9.240e+01 2.560e-02 0.000e+00
9.250e+01 2.492e-02 0.000e+00
9.260e+01 2.746e-02 0.000e+00
9.270e+01 2.600e-02 0.000e+00
9.280e+01 2.588e-02 0.000e+00
9.290e+01 2.642e-02 0.000e+00
9.300e+01 2.497e-02 0.000e+00
9.310e+01 2.880e-02 0.000e+00
9.320e+01 3.133e-02 0.000e+00
9.330e+01 2.314e-02 0.000e+00
9.340e+01 2.334e-02 0.000e+00
9.350e+01 2.386e-02 0.000e+00
9.360e+01 2.388e-02 0.000e+00
9.370e+01 2.275e-02 0.000e+00
9.380e+01 2.084e-02 0.000e+00
9.390e+01 2.268e-02 0.000e+00
9.400e+01 2.079e-02 0.000e+00
9.410e+01 2.303e-02 0.000e+00
9.420e+01 2.083e-02 0.000e+00
9.430e+01 2.381e-02 0.000e+00
9.440e+01 1.724e-02 0.000e+00
9.450e+01 2.217e-02 0.000e+00
9.460e+01 2.300e-02 0.000e+00
9.470e+01 2.389e-02 0.000e+00
9.480e+01 2.456e-02 0.000e+00
9.490e+01 2.728e-02 0.000e+00
9.500e+01 2.783e-02 0.000e+00
9.510e+01 2.950e-02 0.000e+00
9.520e+01 3.044e-02 0.000e+00
9.530e+01 2.809e-02 0.000e+00
9.540e+01 2.909e-02 0.000e+00
9.550e+01 2.586e-02 0.000e+00
9.560e+01 2.458e-02 0.000e+00
9.570e+01 2.428e-02 0.000e+00
9.580e+01 2.428e-02 0.000e+00
9.590e+01 2.465e-02 0.000e+00
9.600e+01 2.818e-02 0.000e+00
9.610e+01 2.684e-02 0.000e+00
9.620e+01 2.481e-02 0.000e+00
9.630e+01 2.511e-02 0.000e+00
9.640e+01 2.452e-02 0.000e+00
9.650e+01 2.522e-02 0.000e+00
9.660e+01 2.606e-02 0.000e+00
9.670e+01 2.849e-02 0.000e+00
9.680e+01 2.985e-02 0.000e+00
9.690e+01 2.592e-02 0.000e+00
9.700e+01 2.347e-02 0.000e+00
9.710e+01 2.325e-02 0.000e+00
9.720e+01 2.258e-02 0.000e+00
9.730e+01 2.185e-02 0.000e+00
9.740e+01 2.690e-02 0.000e+00
9.750e+01 2.673e-02 0.000e+00
9.760e+01 2.281e-02 0.000e+00
9.770e+01 2.418e-02 0.000e+00
9.780e+01 2.539e-02 0.000e+00
9.790e+01 2.279e-02 0.000e+00
9.800e+01 2.276e-02 0.000e+00
9.810e+01 2.439e-02 0.000e+00
9.820e+01 2.627e-02 0.000e+00
9.830e+01 2.553e-02 0.000e+00
9.840e+01 2.514e-02 0.000e+00
9.850e+01 2.688e-02 0.000e+00
9.860e+01 2.442e-02 0.000e+00
9.870e+01 2.660e-02 0.000e+00
9.880e+01 2.924e-02 0.000e+00
9.890e+01 2.933e-02 0.000e+00
9.900e+01 2.724e-02 0.000e+00
9.910e+01 2.304e-02 0.000e+00
9.920e+01 2.152e-02 0.000e+00
9.930e+01 2.555e-02 0.000e+00
9.940e+01 2.865e-02 0.000e+00
9.950e+01 2.654e-02 0.000e+00
9.960e+01 2.387e-02 0.000e+00
9.970e+01 2.123e-02 0.000e+00
9.980e+01 2.230e-02 0.000e+00
9.990e+01 2.469e-02 0.000e+00
