# Frequency (1.0/ps)      real(fft(F_0))
0.000e+00 1.614e+02
1.000e-02 6.003e+01
2.000e-02 2.643e+01
3.000e-02 1.429e+01
4.000e-02 9.296e+00
5.000e-02 6.909e+00
6.000e-02 6.963e+00
7.000e-02 2.638e+00
8.000e-02 2.701e+00
9.000e-02 7.764e-01
1.000e-01 1.620e+00
1.100e-01 1.066e+00
1.200e-01 2.876e+00
1.300e-01 2.310e+00
1.400e-01 1.341e+00
1.500e-01 1.891e+00
1.600e-01 8.248e-01
1.700e-01 1.036e+00
1.800e-01 -3.017e-01
1.900e-01 -9.380e-01
2.000e-01 1.718e+00
2.100e-01 1.414e+00
2.200e-01 1.449e+00
2.300e-01 1.370e+00
2.400e-01 9.788e-01
2.500e-01 1.704e+00
2.600e-01 9.215e-01
2.700e-01 1.261e+00
2.800e-01 1.049e+00
2.900e-01 1.948e+00
3.000e-01 2.346e+00
3.100e-01 1.569e+00
3.200e-01 3.576e-01
3.300e-01 5.825e-02
3.400e-01 4.129e-01
3.500e-01 2.475e-02
3.600e-01 1.146e+00
3.700e-01 1.074e+00
3.800e-01 1.393e-01
3.900e-01 9.159e-01
4.000e-01 1.383e+00
4.100e-01 1.223e+00
4.200e-01 9.099e-01
4.300e-01 8.092e-01
4.400e-01 -1.119e-01
4.500e-01 -5.202e-01
4.600e-01 -6.425e-01
4.700e-01 4.672e-01
4.800e-01 7.491e-01
4.900e-01 -1.904e-01
5.000e-01 -1.701e-01
5.100e-01 5.808e-01
5.200e-01 7.313e-01
5.300e-01 7.705e-01
5.400e-01 -7.682e-02
5.500e-01 1.524e-01
5.600e-01 7.748e-01
5.700e-01 8.922e-01
5.800e-01 9.246e-01
5.900e-01 6.901e-01
6.000e-01 1.253e+00
6.100e-01 1.039e+00
6.200e-01 4.857e-01
6.300e-01 5.160e-01
6.400e-01 7.980e-01
6.500e-01 8.526e-01
6.600e-01 7.992e-01
6.700e-01 4.482e-01
6.800e-01 7.159e-01
6.900e-01 5.739e-01
7.000e-01 5.411e-01
7.100e-01 5.297e-01
7.200e-01 7.441e-01
7.300e-01 1.219e+00
7.400e-01 1.010e+00
7.500e-01 1.430e+00
7.600e-01 1.337e+00
7.700e-01 8.467e-01
7.800e-01 1.137e+00
7.900e-01 7.661e-01
8.000e-01 1.148e+00
8.100e-01 1.267e+00
8.200e-01 9.448e-01
8.300e-01 4.756e-01
8.400e-01 1.581e-01
8.500e-01 8.329e-01
8.600e-01 1.351e+00
8.700e-01 1.211e+00
8.800e-01 9.758e-01
8.900e-01 6.697e-01
9.000e-01 3.136e-01
9.100e-01 9.200e-01
9.200e-01 6.591e-01
9.300e-01 2.389e-01
9.400e-01 7.342e-01
9.500e-01 1.074e+00
9.600e-01 1.026e+00
9.700e-01 1.111e+00
9.800e-01 9.728e-01
9.900e-01 6.913e-01
1.000e+00 9.364e-01
1.010e+00 8.550e-01
1.020e+00 1.087e+00
1.030e+00 1.251e+00
1.040e+00 1.106e+00
1.050e+00 1.147e+00
1.060e+00 6.904e-01
1.070e+00 6.256e-01
1.080e+00 5.102e-01
1.090e+00 6.405e-01
1.100e+00 1.622e-01
1.110e+00 4.218e-01
1.120e+00 8.009e-01
1.130e+00 7.383e-01
1.140e+00 8.141e-01
1.150e+00 9.100e-01
1.160e+00 3.747e-01
1.170e+00 6.248e-01
1.180e+00 7.463e-01
1.190e+00 7.606e-01
1.200e+00 2.150e-01
1.210e+00 3.751e-01
1.220e+00 9.000e-02
1.230e+00 6.386e-01
1.240e+00 7.735e-01
1.250e+00 1.171e+00
1.260e+00 6.062e-01
1.270e+00 6.059e-01
1.280e+00 2.264e-01
1.290e+00 3.744e-01
1.300e+00 8.197e-01
1.310e+00 6.176e-01
1.320e+00 3.796e-02
1.330e+00 2.044e-01
1.340e+00 -6.953e-03
1.350e+00 -2.015e-03
1.360e+00 3.584e-01
1.370e+00 7.517e-01
1.380e+00 4.607e-01
1.390e+00 3.727e-01
1.400e+00 7.136e-01
1.410e+00 6.278e-01
1.420e+00 8.145e-01
1.430e+00 1.838e-01
1.440e+00 2.563e-02
1.450e+00 3.251e-01
1.460e+00 7.940e-01
1.470e+00 1.123e+00
1.480e+00 7.792e-01
1.490e+00 7.797e-01
1.500e+00 9.001e-01
1.510e+00 4.860e-01
1.520e+00 6.443e-01
1.530e+00 7.072e-01
1.540e+00 9.881e-01
1.550e+00 5.352e-01
1.560e+00 5.857e-01
1.570e+00 6.367e-01
1.580e+00 1.069e+00
1.590e+00 1.006e+00
1.600e+00 3.483e-01
1.610e+00 2.665e-01
1.620e+00 3.871e-01
1.630e+00 6.241e-01
1.640e+00 7.690e-01
1.650e+00 4.123e-02
1.660e+00 1.292e-01
1.670e+00 8.190e-02
1.680e+00 5.102e-01
1.690e+00 4.126e-01
1.700e+00 5.500e-01
1.710e+00 5.274e-01
1.720e+00 3.002e-01
1.730e+00 2.532e-01
1.740e+00 4.993e-01
1.750e+00 7.594e-01
1.760e+00 7.832e-01
1.770e+00 4.036e-01
1.780e+00 4.372e-01
1.790e+00 6.067e-01
1.800e+00 4.450e-01
1.810e+00 4.868e-01
1.820e+00 6.528e-01
1.830e+00 5.231e-01
1.840e+00 7.778e-01
1.850e+00 1.193e+00
1.860e+00 8.426e-01
1.870e+00 8.780e-01
1.880e+00 8.629e-01
1.890e+00 1.022e+00
1.900e+00 1.347e+00
1.910e+00 9.508e-01
1.920e+00 6.778e-01
1.930e+00 7.346e-01
1.940e+00 7.154e-01
1.950e+00 6.674e-01
1.960e+00 4.423e-01
1.970e+00 4.801e-01
1.980e+00 5.555e-01
1.990e+00 6.307e-01
2.000e+00 3.182e-01
2.010e+00 5.151e-01
2.020e+00 3.971e-01
2.030e+00 6.376e-01
2.040e+00 2.416e-01
2.050e+00 7.165e-01
2.060e+00 7.267e-01
2.070e+00 7.601e-01
2.080e+00 7.084e-01
2.090e+00 8.235e-01
2.100e+00 6.266e-01
2.110e+00 9.460e-01
2.120e+00 6.517e-01
2.130e+00 6.661e-01
2.140e+00 5.577e-01
2.150e+00 4.336e-01
2.160e+00 6.219e-01
2.170e+00 5.625e-01
2.180e+00 4.145e-01
2.190e+00 6.237e-01
2.200e+00 5.623e-01
2.210e+00 6.740e-01
2.220e+00 5.173e-01
2.230e+00 5.702e-01
2.240e+00 1.862e-01
2.250e+00 4.758e-01
2.260e+00 5.677e-01
2.270e+00 5.037e-01
2.280e+00 3.756e-01
2.290e+00 6.560e-01
2.300e+00 7.755e-01
2.310e+00 8.826e-01
2.320e+00 8.053e-01
2.330e+00 8.771e-01
2.340e+00 8.724e-01
2.350e+00 4.723e-01
2.360e+00 2.629e-01
2.370e+00 2.868e-01
2.380e+00 3.658e-01
2.390e+00 5.665e-01
2.400e+00 9.554e-01
2.410e+00 9.296e-01
2.420e+00 6.943e-01
2.430e+00 6.604e-01
2.440e+00 9.924e-01
2.450e+00 6.178e-01
2.460e+00 3.558e-01
2.470e+00 3.416e-01
2.480e+00 5.138e-01
2.490e+00 5.563e-01
2.500e+00 5.157e-01
2.510e+00 5.918e-01
2.520e+00 6.290e-01
2.530e+00 3.616e-01
2.540e+00 4.637e-01
2.550e+00 2.156e-01
2.560e+00 5.338e-01
2.570e+00 5.887e-01
2.580e+00 5.258e-01
2.590e+00 4.192e-01
2.600e+00 6.302e-01
2.610e+00 4.950e-01
2.620e+00 4.675e-01
2.630e+00 7.772e-01
2.640e+00 8.589e-01
2.650e+00 7.715e-01
2.660e+00 6.940e-01
2.670e+00 4.842e-01
2.680e+00 5.961e-01
2.690e+00 5.881e-01
2.700e+00 5.577e-01
2.710e+00 3.407e-01
2.720e+00 3.484e-01
2.730e+00 3.352e-01
2.740e+00 2.155e-01
2.750e+00 2.974e-01
2.760e+00 5.716e-01
2.770e+00 6.971e-01
2.780e+00 6.203e-01
2.790e+00 5.941e-01
2.800e+00 7.043e-01
2.810e+00 7.145e-01
2.820e+00 5.501e-01
2.830e+00 6.853e-01
2.840e+00 5.745e-01
2.850e+00 4.908e-01
2.860e+00 3.875e-01
2.870e+00 5.710e-01
2.880e+00 8.319e-01
2.890e+00 7.001e-01
2.900e+00 5.837e-01
2.910e+00 4.388e-01
2.920e+00 6.180e-01
2.930e+00 5.394e-01
2.940e+00 5.640e-01
2.950e+00 7.530e-01
2.960e+00 2.741e-01
2.970e+00 4.815e-01
2.980e+00 5.121e-01
2.990e+00 4.721e-01
3.000e+00 1.941e-01
3.010e+00 1.782e-01
3.020e+00 1.365e-01
3.030e+00 2.856e-01
3.040e+00 3.164e-01
3.050e+00 3.180e-01
3.060e+00 4.618e-01
3.070e+00 5.979e-01
3.080e+00 6.029e-01
3.090e+00 4.249e-01
3.100e+00 3.784e-01
3.110e+00 3.293e-01
3.120e+00 3.752e-01
3.130e+00 5.539e-01
3.140e+00 3.783e-01
3.150e+00 3.576e-01
3.160e+00 4.770e-01
3.170e+00 5.631e-01
3.180e+00 5.259e-01
3.190e+00 5.794e-01
3.200e+00 8.443e-01
3.210e+00 9.280e-01
3.220e+00 7.061e-01
3.230e+00 7.703e-01
3.240e+00 8.330e-01
3.250e+00 1.001e+00
3.260e+00 8.818e-01
3.270e+00 6.911e-01
3.280e+00 5.802e-01
3.290e+00 5.920e-01
3.300e+00 5.192e-01
3.310e+00 4.896e-01
3.320e+00 5.885e-01
3.330e+00 6.689e-01
3.340e+00 4.553e-01
3.350e+00 3.588e-01
3.360e+00 2.010e-01
3.370e+00 4.237e-01
3.380e+00 4.019e-01
3.390e+00 4.480e-01
3.400e+00 3.967e-01
3.410e+00 3.157e-01
3.420e+00 3.200e-01
3.430e+00 4.582e-01
3.440e+00 4.090e-01
3.450e+00 5.486e-01
3.460e+00 5.141e-01
3.470e+00 6.273e-01
3.480e+00 4.284e-01
3.490e+00 5.634e-01
3.500e+00 6.042e-01
3.510e+00 7.361e-01
3.520e+00 6.781e-01
3.530e+00 5.812e-01
3.540e+00 5.926e-01
3.550e+00 4.629e-01
3.560e+00 4.300e-01
3.570e+00 4.625e-01
3.580e+00 4.813e-01
3.590e+00 5.438e-01
3.600e+00 6.738e-01
3.610e+00 6.738e-01
3.620e+00 6.821e-01
3.630e+00 6.559e-01
3.640e+00 5.518e-01
3.650e+00 4.909e-01
3.660e+00 6.152e-01
3.670e+00 6.137e-01
3.680e+00 7.184e-01
3.690e+00 6.948e-01
3.700e+00 5.094e-01
3.710e+00 4.743e-01
3.720e+00 5.117e-01
3.730e+00 4.057e-01
3.740e+00 4.816e-01
3.750e+00 5.164e-01
3.760e+00 4.146e-01
3.770e+00 4.345e-01
3.780e+00 4.281e-01
3.790e+00 1.959e-01
3.800e+00 9.045e-02
3.810e+00 2.132e-01
3.820e+00 4.079e-01
3.830e+00 3.765e-01
3.840e+00 2.581e-01
3.850e+00 3.120e-01
3.860e+00 3.558e-01
3.870e+00 4.232e-01
3.880e+00 5.002e-01
3.890e+00 3.775e-01
3.900e+00 4.731e-01
3.910e+00 4.980e-01
3.920e+00 6.011e-01
3.930e+00 5.123e-01
3.940e+00 5.470e-01
3.950e+00 8.653e-01
3.960e+00 8.206e-01
3.970e+00 5.897e-01
3.980e+00 6.199e-01
3.990e+00 6.785e-01
4.000e+00 6.008e-01
4.010e+00 1.492e-01
4.020e+00 2.846e-01
4.030e+00 4.653e-01
4.040e+00 5.885e-01
4.050e+00 5.856e-01
4.060e+00 5.264e-02
4.070e+00 2.746e-01
4.080e+00 2.312e-01
4.090e+00 4.400e-02
4.100e+00 2.517e-01
4.110e+00 2.630e-01
4.120e+00 3.185e-01
4.130e+00 2.273e-01
4.140e+00 1.829e-01
4.150e+00 3.306e-01
4.160e+00 4.133e-01
4.170e+00 3.076e-01
4.180e+00 4.827e-01
4.190e+00 5.415e-01
4.200e+00 4.223e-01
4.210e+00 4.485e-01
4.220e+00 3.612e-01
4.230e+00 4.590e-01
4.240e+00 5.700e-01
4.250e+00 6.098e-01
4.260e+00 4.197e-01
4.270e+00 3.229e-01
4.280e+00 3.854e-01
4.290e+00 3.200e-01
4.300e+00 5.747e-01
4.310e+00 2.560e-01
4.320e+00 2.582e-01
4.330e+00 3.554e-01
4.340e+00 2.254e-01
4.350e+00 5.616e-02
4.360e+00 4.222e-01
4.370e+00 3.535e-01
4.380e+00 5.549e-01
4.390e+00 9.381e-01
4.400e+00 8.738e-01
4.410e+00 7.780e-01
4.420e+00 5.229e-01
4.430e+00 6.573e-01
4.440e+00 6.994e-01
4.450e+00 7.246e-01
4.460e+00 5.334e-01
4.470e+00 4.471e-01
4.480e+00 6.374e-01
4.490e+00 4.674e-01
4.500e+00 2.995e-01
4.510e+00 3.803e-01
4.520e+00 3.460e-01
4.530e+00 2.486e-01
4.540e+00 1.937e-01
4.550e+00 5.947e-01
4.560e+00 1.012e+00
4.570e+00 7.877e-01
4.580e+00 7.632e-01
4.590e+00 7.717e-01
4.600e+00 6.349e-01
4.610e+00 2.940e-01
4.620e+00 4.450e-01
4.630e+00 6.368e-01
4.640e+00 4.108e-01
4.650e+00 3.733e-01
4.660e+00 1.566e-01
4.670e+00 4.869e-01
4.680e+00 6.085e-01
4.690e+00 5.749e-01
4.700e+00 5.168e-01
4.710e+00 5.209e-01
4.720e+00 5.369e-01
4.730e+00 5.020e-01
4.740e+00 5.857e-01
4.750e+00 3.946e-01
4.760e+00 2.570e-01
4.770e+00 2.473e-01
4.780e+00 4.498e-01
4.790e+00 4.309e-01
4.800e+00 2.985e-01
4.810e+00 1.994e-01
4.820e+00 4.593e-01
4.830e+00 4.109e-01
4.840e+00 6.373e-01
4.850e+00 7.006e-01
4.860e+00 4.774e-01
4.870e+00 4.014e-01
4.880e+00 4.628e-01
4.890e+00 4.753e-01
4.900e+00 8.892e-02
4.910e+00 3.220e-01
4.920e+00 4.037e-01
4.930e+00 2.847e-01
4.940e+00 3.320e-01
4.950e+00 2.276e-01
4.960e+00 2.166e-01
4.970e+00 1.701e-01
4.980e+00 3.560e-01
4.990e+00 4.470e-01
-5.000e+00 6.743e-01
-4.990e+00 4.470e-01
-4.980e+00 3.560e-01
-4.970e+00 1.701e-01
-4.960e+00 2.166e-01
-4.950e+00 2.276e-01
-4.940e+00 3.320e-01
-4.930e+00 2.847e-01
-4.920e+00 4.037e-01
-4.910e+00 3.220e-01
-4.900e+00 8.892e-02
-4.890e+00 4.753e-01
-4.880e+00 4.628e-01
-4.870e+00 4.014e-01
-4.860e+00 4.774e-01
-4.850e+00 7.006e-01
-4.840e+00 6.373e-01
-4.830e+00 4.109e-01
-4.820e+00 4.593e-01
-4.810e+00 1.994e-01
-4.800e+00 2.985e-01
-4.790e+00 4.309e-01
-4.780e+00 4.498e-01
-4.770e+00 2.473e-01
-4.760e+00 2.570e-01
-4.750e+00 3.946e-01
-4.740e+00 5.857e-01
-4.730e+00 5.020e-01
-4.720e+00 5.369e-01
-4.710e+00 5.209e-01
-4.700e+00 5.168e-01
-4.690e+00 5.749e-01
-4.680e+00 6.085e-01
-4.670e+00 4.869e-01
-4.660e+00 1.566e-01
-4.650e+00 3.733e-01
-4.640e+00 4.108e-01
-4.630e+00 6.368e-01
-4.620e+00 4.450e-01
-4.610e+00 2.940e-01
-4.600e+00 6.349e-01
-4.590e+00 7.717e-01
-4.580e+00 7.632e-01
-4.570e+00 7.877e-01
-4.560e+00 1.012e+00
-4.550e+00 5.947e-01
-4.540e+00 1.937e-01
-4.530e+00 2.486e-01
-4.520e+00 3.460e-01
-4.510e+00 3.803e-01
-4.500e+00 2.995e-01
-4.490e+00 4.674e-01
-4.480e+00 6.374e-01
-4.470e+00 4.471e-01
-4.460e+00 5.334e-01
-4.450e+00 7.246e-01
-4.440e+00 6.994e-01
-4.430e+00 6.573e-01
-4.420e+00 5.229e-01
-4.410e+00 7.780e-01
-4.400e+00 8.738e-01
-4.390e+00 9.381e-01
-4.380e+00 5.549e-01
-4.370e+00 3.535e-01
-4.360e+00 4.222e-01
-4.350e+00 5.616e-02
-4.340e+00 2.254e-01
-4.330e+00 3.554e-01
-4.320e+00 2.582e-01
-4.310e+00 2.560e-01
-4.300e+00 5.747e-01
-4.290e+00 3.200e-01
-4.280e+00 3.854e-01
-4.270e+00 3.229e-01
-4.260e+00 4.197e-01
-4.250e+00 6.098e-01
-4.240e+00 5.700e-01
-4.230e+00 4.590e-01
-4.220e+00 3.612e-01
-4.210e+00 4.485e-01
-4.200e+00 4.223e-01
-4.190e+00 5.415e-01
-4.180e+00 4.827e-01
-4.170e+00 3.076e-01
-4.160e+00 4.133e-01
-4.150e+00 3.306e-01
-4.140e+00 1.829e-01
-4.130e+00 2.273e-01
-4.120e+00 3.185e-01
-4.110e+00 2.630e-01
-4.100e+00 2.517e-01
-4.090e+00 4.400e-02
-4.080e+00 2.312e-01
-4.070e+00 2.746e-01
-4.060e+00 5.264e-02
-4.050e+00 5.856e-01
-4.040e+00 5.885e-01
-4.030e+00 4.653e-01
-4.020e+00 2.846e-01
-4.010e+00 1.492e-01
-4.000e+00 6.008e-01
-3.990e+00 6.785e-01
-3.980e+00 6.199e-01
-3.970e+00 5.897e-01
-3.960e+00 8.206e-01
-3.950e+00 8.653e-01
-3.940e+00 5.470e-01
-3.930e+00 5.123e-01
-3.920e+00 6.011e-01
-3.910e+00 4.980e-01
-3.900e+00 4.731e-01
-3.890e+00 3.775e-01
-3.880e+00 5.002e-01
-3.870e+00 4.232e-01
-3.860e+00 3.558e-01
-3.850e+00 3.120e-01
-3.840e+00 2.581e-01
-3.830e+00 3.765e-01
-3.820e+00 4.079e-01
-3.810e+00 2.132e-01
-3.800e+00 9.045e-02
-3.790e+00 1.959e-01
-3.780e+00 4.281e-01
-3.770e+00 4.345e-01
-3.760e+00 4.146e-01
-3.750e+00 5.164e-01
-3.740e+00 4.816e-01
-3.730e+00 4.057e-01
-3.720e+00 5.117e-01
-3.710e+00 4.743e-01
-3.700e+00 5.094e-01
-3.690e+00 6.948e-01
-3.680e+00 7.184e-01
-3.670e+00 6.137e-01
-3.660e+00 6.152e-01
-3.650e+00 4.909e-01
-3.640e+00 5.518e-01
-3.630e+00 6.559e-01
-3.620e+00 6.821e-01
-3.610e+00 6.738e-01
-3.600e+00 6.738e-01
-3.590e+00 5.438e-01
-3.580e+00 4.813e-01
-3.570e+00 4.625e-01
-3.560e+00 4.300e-01
-3.550e+00 4.629e-01
-3.540e+00 5.926e-01
-3.530e+00 5.812e-01
-3.520e+00 6.781e-01
-3.510e+00 7.361e-01
-3.500e+00 6.042e-01
-3.490e+00 5.634e-01
-3.480e+00 4.284e-01
-3.470e+00 6.273e-01
-3.460e+00 5.141e-01
-3.450e+00 5.486e-01
-3.440e+00 4.090e-01
-3.430e+00 4.582e-01
-3.420e+00 3.200e-01
-3.410e+00 3.157e-01
-3.400e+00 3.967e-01
-3.390e+00 4.480e-01
-3.380e+00 4.019e-01
-3.370e+00 4.237e-01
-3.360e+00 2.010e-01
-3.350e+00 3.588e-01
-3.340e+00 4.553e-01
-3.330e+00 6.689e-01
-3.320e+00 5.885e-01
-3.310e+00 4.896e-01
-3.300e+00 5.192e-01
-3.290e+00 5.920e-01
-3.280e+00 5.802e-01
-3.270e+00 6.911e-01
-3.260e+00 8.818e-01
-3.250e+00 1.001e+00
-3.240e+00 8.330e-01
-3.230e+00 7.703e-01
-3.220e+00 7.061e-01
-3.210e+00 9.280e-01
-3.200e+00 8.443e-01
-3.190e+00 5.794e-01
-3.180e+00 5.259e-01
-3.170e+00 5.631e-01
-3.160e+00 4.770e-01
-3.150e+00 3.576e-01
-3.140e+00 3.783e-01
-3.130e+00 5.539e-01
-3.120e+00 3.752e-01
-3.110e+00 3.293e-01
-3.100e+00 3.784e-01
-3.090e+00 4.249e-01
-3.080e+00 6.029e-01
-3.070e+00 5.979e-01
-3.060e+00 4.618e-01
-3.050e+00 3.180e-01
-3.040e+00 3.164e-01
-3.030e+00 2.856e-01
-3.020e+00 1.365e-01
-3.010e+00 1.782e-01
-3.000e+00 1.941e-01
-2.990e+00 4.721e-01
-2.980e+00 5.121e-01
-2.970e+00 4.815e-01
-2.960e+00 2.741e-01
-2.950e+00 7.530e-01
-2.940e+00 5.640e-01
-2.930e+00 5.394e-01
-2.920e+00 6.180e-01
-2.910e+00 4.388e-01
-2.900e+00 5.837e-01
-2.890e+00 7.001e-01
-2.880e+00 8.319e-01
-2.870e+00 5.710e-01
-2.860e+00 3.875e-01
-2.850e+00 4.908e-01
-2.840e+00 5.745e-01
-2.830e+00 6.853e-01
-2.820e+00 5.501e-01
-2.810e+00 7.145e-01
-2.800e+00 7.043e-01
-2.790e+00 5.941e-01
-2.780e+00 6.203e-01
-2.770e+00 6.971e-01
-2.760e+00 5.716e-01
-2.750e+00 2.974e-01
-2.740e+00 2.155e-01
-2.730e+00 3.352e-01
-2.720e+00 3.484e-01
-2.710e+00 3.407e-01
-2.700e+00 5.577e-01
-2.690e+00 5.881e-01
-2.680e+00 5.961e-01
-2.670e+00 4.842e-01
-2.660e+00 6.940e-01
-2.650e+00 7.715e-01
-2.640e+00 8.589e-01
-2.630e+00 7.772e-01
-2.620e+00 4.675e-01
-2.610e+00 4.950e-01
-2.600e+00 6.302e-01
-2.590e+00 4.192e-01
-2.580e+00 5.258e-01
-2.570e+00 5.887e-01
-2.560e+00 5.338e-01
-2.550e+00 2.156e-01
-2.540e+00 4.637e-01
-2.530e+00 3.616e-01
-2.520e+00 6.290e-01
-2.510e+00 5.918e-01
-2.500e+00 5.157e-01
-2.490e+00 5.563e-01
-2.480e+00 5.138e-01
-2.470e+00 3.416e-01
-2.460e+00 3.558e-01
-2.450e+00 6.178e-01
-2.440e+00 9.924e-01
-2.430e+00 6.604e-01
-2.420e+00 6.943e-01
-2.410e+00 9.296e-01
-2.400e+00 9.554e-01
-2.390e+00 5.665e-01
-2.380e+00 3.658e-01
-2.370e+00 2.868e-01
-2.360e+00 2.629e-01
-2.350e+00 4.723e-01
-2.340e+00 8.724e-01
-2.330e+00 8.771e-01
-2.320e+00 8.053e-01
-2.310e+00 8.826e-01
-2.300e+00 7.755e-01
-2.290e+00 6.560e-01
-2.280e+00 3.756e-01
-2.270e+00 5.037e-01
-2.260e+00 5.677e-01
-2.250e+00 4.758e-01
-2.240e+00 1.862e-01
-2.230e+00 5.702e-01
-2.220e+00 5.173e-01
-2.210e+00 6.740e-01
-2.200e+00 5.623e-01
-2.190e+00 6.237e-01
-2.180e+00 4.145e-01
-2.170e+00 5.625e-01
-2.160e+00 6.219e-01
-2.150e+00 4.336e-01
-2.140e+00 5.577e-01
-2.130e+00 6.661e-01
-2.120e+00 6.517e-01
-2.110e+00 9.460e-01
-2.100e+00 6.266e-01
-2.090e+00 8.235e-01
-2.080e+00 7.084e-01
-2.070e+00 7.601e-01
-2.060e+00 7.267e-01
-2.050e+00 7.165e-01
-2.040e+00 2.416e-01
-2.030e+00 6.376e-01
-2.020e+00 3.971e-01
-2.010e+00 5.151e-01
-2.000e+00 3.182e-01
-1.990e+00 6.307e-01
-1.980e+00 5.555e-01
-1.970e+00 4.801e-01
-1.960e+00 4.423e-01
-1.950e+00 6.674e-01
-1.940e+00 7.154e-01
-1.930e+00 7.346e-01
-1.920e+00 6.778e-01
-1.910e+00 9.508e-01
-1.900e+00 1.347e+00
-1.890e+00 1.022e+00
-1.880e+00 8.629e-01
-1.870e+00 8.780e-01
-1.860e+00 8.426e-01
-1.850e+00 1.193e+00
-1.840e+00 7.778e-01
-1.830e+00 5.231e-01
-1.820e+00 6.528e-01
-1.810e+00 4.868e-01
-1.800e+00 4.450e-01
-1.790e+00 6.067e-01
-1.780e+00 4.372e-01
-1.770e+00 4.036e-01
-1.760e+00 7.832e-01
-1.750e+00 7.594e-01
-1.740e+00 4.993e-01
-1.730e+00 2.532e-01
-1.720e+00 3.002e-01
-1.710e+00 5.274e-01
-1.700e+00 5.500e-01
-1.690e+00 4.126e-01
-1.680e+00 5.102e-01
-1.670e+00 8.190e-02
-1.660e+00 1.292e-01
-1.650e+00 4.123e-02
-1.640e+00 7.690e-01
-1.630e+00 6.241e-01
-1.620e+00 3.871e-01
-1.610e+00 2.665e-01
-1.600e+00 3.483e-01
-1.590e+00 1.006e+00
-1.580e+00 1.069e+00
-1.570e+00 6.367e-01
-1.560e+00 5.857e-01
-1.550e+00 5.352e-01
-1.540e+00 9.881e-01
-1.530e+00 7.072e-01
-1.520e+00 6.443e-01
-1.510e+00 4.860e-01
-1.500e+00 9.001e-01
-1.490e+00 7.797e-01
-1.480e+00 7.792e-01
-1.470e+00 1.123e+00
-1.460e+00 7.940e-01
-1.450e+00 3.251e-01
-1.440e+00 2.563e-02
-1.430e+00 1.838e-01
-1.420e+00 8.145e-01
-1.410e+00 6.278e-01
-1.400e+00 7.136e-01
-1.390e+00 3.727e-01
-1.380e+00 4.607e-01
-1.370e+00 7.517e-01
-1.360e+00 3.584e-01
-1.350e+00 -2.015e-03
-1.340e+00 -6.953e-03
-1.330e+00 2.044e-01
-1.320e+00 3.796e-02
-1.310e+00 6.176e-01
-1.300e+00 8.197e-01
-1.290e+00 3.744e-01
-1.280e+00 2.264e-01
-1.270e+00 6.059e-01
-1.260e+00 6.062e-01
-1.250e+00 1.171e+00
-1.240e+00 7.735e-01
-1.230e+00 6.386e-01
-1.220e+00 9.000e-02
-1.210e+00 3.751e-01
-1.200e+00 2.150e-01
-1.190e+00 7.606e-01
-1.180e+00 7.463e-01
-1.170e+00 6.248e-01
-1.160e+00 3.747e-01
-1.150e+00 9.100e-01
-1.140e+00 8.141e-01
-1.130e+00 7.383e-01
-1.120e+00 8.009e-01
-1.110e+00 4.218e-01
-1.100e+00 1.622e-01
-1.090e+00 6.405e-01
-1.080e+00 5.102e-01
-1.070e+00 6.256e-01
-1.060e+00 6.904e-01
-1.050e+00 1.147e+00
-1.040e+00 1.106e+00
-1.030e+00 1.251e+00
-1.020e+00 1.087e+00
-1.010e+00 8.550e-01
-1.000e+00 9.364e-01
-9.900e-01 6.913e-01
-9.800e-01 9.728e-01
-9.700e-01 1.111e+00
-9.600e-01 1.026e+00
-9.500e-01 1.074e+00
-9.400e-01 7.342e-01
-9.300e-01 2.389e-01
-9.200e-01 6.591e-01
-9.100e-01 9.200e-01
-9.000e-01 3.136e-01
-8.900e-01 6.697e-01
-8.800e-01 9.758e-01
-8.700e-01 1.211e+00
-8.600e-01 1.351e+00
-8.500e-01 8.329e-01
-8.400e-01 1.581e-01
-8.300e-01 4.756e-01
-8.200e-01 9.448e-01
-8.100e-01 1.267e+00
-8.000e-01 1.148e+00
-7.900e-01 7.661e-01
-7.800e-01 1.137e+00
-7.700e-01 8.467e-01
-7.600e-01 1.337e+00
-7.500e-01 1.430e+00
-7.400e-01 1.010e+00
-7.300e-01 1.219e+00
-7.200e-01 7.441e-01
-7.100e-01 5.297e-01
-7.000e-01 5.411e-01
-6.900e-01 5.739e-01
-6.800e-01 7.159e-01
-6.700e-01 4.482e-01
-6.600e-01 7.992e-01
-6.500e-01 8.526e-01
-6.400e-01 7.980e-01
-6.300e-01 5.160e-01
-6.200e-01 4.857e-01
-6.100e-01 1.039e+00
-6.000e-01 1.253e+00
-5.900e-01 6.901e-01
-5.800e-01 9.246e-01
-5.700e-01 8.922e-01
-5.600e-01 7.748e-01
-5.500e-01 1.524e-01
-5.400e-01 -7.682e-02
-5.300e-01 7.705e-01
-5.200e-01 7.313e-01
-5.100e-01 5.808e-01
-5.000e-01 -1.701e-01
-4.900e-01 -1.904e-01
-4.800e-01 7.491e-01
-4.700e-01 4.672e-01
-4.600e-01 -6.425e-01
-4.500e-01 -5.202e-01
-4.400e-01 -1.119e-01
-4.300e-01 8.092e-01
-4.200e-01 9.099e-01
-4.100e-01 1.223e+00
-4.000e-01 1.383e+00
-3.900e-01 9.159e-01
-3.800e-01 1.393e-01
-3.700e-01 1.074e+00
-3.600e-01 1.146e+00
-3.500e-01 2.475e-02
-3.400e-01 4.129e-01
-3.300e-01 5.825e-02
-3.200e-01 3.576e-01
-3.100e-01 1.569e+00
-3.000e-01 2.346e+00
-2.900e-01 1.948e+00
-2.800e-01 1.049e+00
-2.700e-01 1.261e+00
-2.600e-01 9.215e-01
-2.500e-01 1.704e+00
-2.400e-01 9.788e-01
-2.300e-01 1.370e+00
-2.200e-01 1.449e+00
-2.100e-01 1.414e+00
-2.000e-01 1.718e+00
-1.900e-01 -9.380e-01
-1.800e-01 -3.017e-01
-1.700e-01 1.036e+00
-1.600e-01 8.248e-01
-1.500e-01 1.891e+00
-1.400e-01 1.341e+00
-1.300e-01 2.310e+00
-1.200e-01 2.876e+00
-1.100e-01 1.066e+00
-1.000e-01 1.620e+00
-9.000e-02 7.764e-01
-8.000e-02 2.701e+00
-7.000e-02 2.638e+00
-6.000e-02 6.963e+00
-5.000e-02 6.909e+00
-4.000e-02 9.296e+00
-3.000e-02 1.429e+01
-2.000e-02 2.643e+01
-1.000e-02 6.003e+01
