# Frequency (1.0/ps)      real(fft(F_1))
0.000e+00 5.026e+01
1.000e-02 3.184e+01
2.000e-02 2.117e+01
3.000e-02 1.755e+01
4.000e-02 1.370e+01
5.000e-02 1.286e+01
6.000e-02 1.055e+01
7.000e-02 8.762e+00
8.000e-02 7.020e+00
9.000e-02 5.254e+00
1.000e-01 4.693e+00
1.100e-01 3.785e+00
1.200e-01 4.428e+00
1.300e-01 3.768e+00
1.400e-01 3.623e+00
1.500e-01 4.057e+00
1.600e-01 4.022e+00
1.700e-01 4.800e+00
1.800e-01 4.657e+00
1.900e-01 4.901e+00
2.000e-01 3.919e+00
2.100e-01 3.644e+00
2.200e-01 2.640e+00
2.300e-01 2.242e+00
2.400e-01 2.002e+00
2.500e-01 1.921e+00
2.600e-01 1.778e+00
2.700e-01 1.346e+00
2.800e-01 1.363e+00
2.900e-01 1.562e+00
3.000e-01 1.858e+00
3.100e-01 1.674e+00
3.200e-01 1.948e+00
3.300e-01 1.997e+00
3.400e-01 1.974e+00
3.500e-01 1.676e+00
3.600e-01 1.537e+00
3.700e-01 1.498e+00
3.800e-01 1.649e+00
3.900e-01 2.028e+00
4.000e-01 1.613e+00
4.100e-01 1.667e+00
4.200e-01 1.249e+00
4.300e-01 1.273e+00
4.400e-01 1.496e+00
4.500e-01 1.112e+00
4.600e-01 7.943e-01
4.700e-01 8.814e-01
4.800e-01 1.115e+00
4.900e-01 9.013e-01
5.000e-01 1.232e+00
5.100e-01 6.577e-01
5.200e-01 7.584e-01
5.300e-01 7.311e-01
5.400e-01 7.546e-01
5.500e-01 6.970e-01
5.600e-01 4.467e-01
5.700e-01 4.210e-01
5.800e-01 8.076e-01
5.900e-01 9.002e-01
6.000e-01 8.127e-01
6.100e-01 1.031e+00
6.200e-01 8.249e-01
6.300e-01 1.213e+00
6.400e-01 9.045e-01
6.500e-01 6.336e-01
6.600e-01 6.656e-01
6.700e-01 9.993e-01
6.800e-01 1.134e+00
6.900e-01 1.210e+00
7.000e-01 8.051e-01
7.100e-01 9.225e-01
7.200e-01 6.649e-01
7.300e-01 5.141e-01
7.400e-01 8.379e-01
7.500e-01 6.420e-01
7.600e-01 3.295e-01
7.700e-01 5.383e-01
7.800e-01 3.757e-01
7.900e-01 6.405e-01
8.000e-01 9.341e-01
8.100e-01 1.085e+00
8.200e-01 7.738e-01
8.300e-01 7.140e-01
8.400e-01 6.380e-01
8.500e-01 5.208e-01
8.600e-01 6.571e-01
8.700e-01 6.282e-01
8.800e-01 5.514e-01
8.900e-01 4.781e-01
9.000e-01 6.642e-01
9.100e-01 6.259e-01
9.200e-01 4.669e-01
9.300e-01 7.258e-01
9.400e-01 2.982e-01
9.500e-01 2.987e-01
9.600e-01 4.181e-01
9.700e-01 7.751e-01
9.800e-01 8.160e-01
9.900e-01 8.410e-01
1.000e+00 6.015e-01
1.010e+00 3.650e-01
1.020e+00 3.705e-01
1.030e+00 2.798e-01
1.040e+00 4.746e-01
1.050e+00 4.905e-01
1.060e+00 5.520e-01
1.070e+00 5.487e-01
1.080e+00 3.899e-01
1.090e+00 6.731e-01
1.100e+00 6.424e-01
1.110e+00 8.238e-01
1.120e+00 9.637e-01
1.130e+00 7.363e-01
1.140e+00 5.423e-01
1.150e+00 7.532e-01
1.160e+00 5.718e-01
1.170e+00 6.181e-01
1.180e+00 7.348e-01
1.190e+00 5.733e-01
1.200e+00 6.236e-01
1.210e+00 5.529e-01
1.220e+00 4.817e-01
1.230e+00 4.957e-01
1.240e+00 4.317e-01
1.250e+00 4.683e-01
1.260e+00 4.147e-01
1.270e+00 3.600e-01
1.280e+00 5.080e-01
1.290e+00 2.862e-01
1.300e+00 1.934e-01
1.310e+00 2.521e-01
1.320e+00 3.116e-01
1.330e+00 3.260e-01
1.340e+00 4.011e-01
1.350e+00 6.408e-01
1.360e+00 5.921e-01
1.370e+00 5.468e-01
1.380e+00 5.740e-01
1.390e+00 5.656e-01
1.400e+00 6.025e-01
1.410e+00 6.954e-01
1.420e+00 5.980e-01
1.430e+00 4.982e-01
1.440e+00 3.449e-01
1.450e+00 4.798e-01
1.460e+00 3.047e-01
1.470e+00 3.546e-01
1.480e+00 3.154e-01
1.490e+00 2.433e-01
1.500e+00 2.952e-01
1.510e+00 3.752e-01
1.520e+00 6.351e-01
1.530e+00 5.488e-01
1.540e+00 8.725e-01
1.550e+00 6.538e-01
1.560e+00 6.489e-01
1.570e+00 7.429e-01
1.580e+00 5.930e-01
1.590e+00 7.917e-01
1.600e+00 6.604e-01
1.610e+00 7.303e-01
1.620e+00 5.839e-01
1.630e+00 6.545e-01
1.640e+00 8.016e-01
1.650e+00 6.766e-01
1.660e+00 7.856e-01
1.670e+00 7.183e-01
1.680e+00 7.395e-01
1.690e+00 6.519e-01
1.700e+00 6.682e-01
1.710e+00 4.426e-01
1.720e+00 5.109e-01
1.730e+00 4.025e-01
1.740e+00 5.638e-01
1.750e+00 6.804e-01
1.760e+00 7.763e-01
1.770e+00 4.348e-01
1.780e+00 5.715e-01
1.790e+00 3.866e-01
1.800e+00 4.085e-01
1.810e+00 5.008e-01
1.820e+00 8.168e-01
1.830e+00 7.947e-01
1.840e+00 7.461e-01
1.850e+00 6.801e-01
1.860e+00 6.149e-01
1.870e+00 4.964e-01
1.880e+00 6.532e-01
1.890e+00 7.976e-01
1.900e+00 8.903e-01
1.910e+00 6.304e-01
1.920e+00 6.372e-01
1.930e+00 6.318e-01
1.940e+00 6.397e-01
1.950e+00 7.177e-01
1.960e+00 6.887e-01
1.970e+00 7.227e-01
1.980e+00 5.669e-01
1.990e+00 5.398e-01
2.000e+00 5.854e-01
2.010e+00 5.298e-01
2.020e+00 6.178e-01
2.030e+00 6.819e-01
2.040e+00 5.694e-01
2.050e+00 7.493e-01
2.060e+00 6.492e-01
2.070e+00 6.614e-01
2.080e+00 6.918e-01
2.090e+00 6.035e-01
2.100e+00 5.961e-01
2.110e+00 7.364e-01
2.120e+00 7.078e-01
2.130e+00 6.224e-01
2.140e+00 6.212e-01
2.150e+00 5.273e-01
2.160e+00 5.437e-01
2.170e+00 5.532e-01
2.180e+00 7.521e-01
2.190e+00 6.467e-01
2.200e+00 6.592e-01
2.210e+00 6.837e-01
2.220e+00 4.703e-01
2.230e+00 6.134e-01
2.240e+00 5.948e-01
2.250e+00 6.837e-01
2.260e+00 6.953e-01
2.270e+00 6.023e-01
2.280e+00 5.434e-01
2.290e+00 5.082e-01
2.300e+00 4.765e-01
2.310e+00 6.663e-01
2.320e+00 5.347e-01
2.330e+00 6.151e-01
2.340e+00 5.123e-01
2.350e+00 2.964e-01
2.360e+00 3.439e-01
2.370e+00 1.519e-01
2.380e+00 4.403e-01
2.390e+00 4.925e-01
2.400e+00 6.144e-01
2.410e+00 5.837e-01
2.420e+00 3.704e-01
2.430e+00 3.987e-01
2.440e+00 4.053e-01
2.450e+00 5.636e-01
2.460e+00 5.695e-01
2.470e+00 7.703e-01
2.480e+00 5.342e-01
2.490e+00 3.415e-01
2.500e+00 3.194e-01
2.510e+00 2.236e-01
2.520e+00 3.876e-01
2.530e+00 4.487e-01
2.540e+00 3.384e-01
2.550e+00 1.988e-01
2.560e+00 2.030e-01
2.570e+00 1.164e-01
2.580e+00 8.064e-02
2.590e+00 3.160e-01
2.600e+00 3.791e-01
2.610e+00 5.302e-01
2.620e+00 4.962e-01
2.630e+00 4.197e-01
2.640e+00 2.416e-01
2.650e+00 2.583e-01
2.660e+00 4.046e-01
2.670e+00 4.949e-01
2.680e+00 6.096e-01
2.690e+00 7.618e-01
2.700e+00 6.993e-01
2.710e+00 6.805e-01
2.720e+00 5.550e-01
2.730e+00 4.009e-01
2.740e+00 4.017e-01
2.750e+00 4.595e-01
2.760e+00 5.203e-01
2.770e+00 4.446e-01
2.780e+00 4.175e-01
2.790e+00 4.010e-01
2.800e+00 4.688e-01
2.810e+00 5.360e-01
2.820e+00 5.590e-01
2.830e+00 6.271e-01
2.840e+00 4.507e-01
2.850e+00 4.275e-01
2.860e+00 3.544e-01
2.870e+00 3.560e-01
2.880e+00 5.006e-01
2.890e+00 5.666e-01
2.900e+00 5.737e-01
2.910e+00 4.761e-01
2.920e+00 4.325e-01
2.930e+00 2.760e-01
2.940e+00 2.615e-01
2.950e+00 3.464e-01
2.960e+00 3.173e-01
2.970e+00 4.461e-01
2.980e+00 5.060e-01
2.990e+00 3.696e-01
3.000e+00 5.571e-01
3.010e+00 5.623e-01
3.020e+00 4.047e-01
3.030e+00 4.425e-01
3.040e+00 4.288e-01
3.050e+00 5.896e-01
3.060e+00 5.689e-01
3.070e+00 6.603e-01
3.080e+00 5.439e-01
3.090e+00 4.694e-01
3.100e+00 6.473e-01
3.110e+00 5.659e-01
3.120e+00 4.718e-01
3.130e+00 4.434e-01
3.140e+00 5.362e-01
3.150e+00 5.134e-01
3.160e+00 4.406e-01
3.170e+00 4.799e-01
3.180e+00 4.568e-01
3.190e+00 5.742e-01
3.200e+00 6.307e-01
3.210e+00 5.827e-01
3.220e+00 5.531e-01
3.230e+00 4.982e-01
3.240e+00 5.678e-01
3.250e+00 5.656e-01
3.260e+00 5.196e-01
3.270e+00 5.836e-01
3.280e+00 6.471e-01
3.290e+00 5.970e-01
3.300e+00 6.320e-01
3.310e+00 5.539e-01
3.320e+00 4.971e-01
3.330e+00 4.721e-01
3.340e+00 5.648e-01
3.350e+00 6.263e-01
3.360e+00 7.280e-01
3.370e+00 7.690e-01
3.380e+00 7.030e-01
3.390e+00 7.209e-01
3.400e+00 7.848e-01
3.410e+00 7.405e-01
3.420e+00 7.694e-01
3.430e+00 7.626e-01
3.440e+00 7.046e-01
3.450e+00 7.608e-01
3.460e+00 7.767e-01
3.470e+00 6.908e-01
3.480e+00 6.683e-01
3.490e+00 6.185e-01
3.500e+00 6.732e-01
3.510e+00 5.822e-01
3.520e+00 5.587e-01
3.530e+00 5.524e-01
3.540e+00 7.061e-01
3.550e+00 6.591e-01
3.560e+00 5.594e-01
3.570e+00 4.582e-01
3.580e+00 5.099e-01
3.590e+00 5.711e-01
3.600e+00 5.126e-01
3.610e+00 6.855e-01
3.620e+00 6.118e-01
3.630e+00 6.529e-01
3.640e+00 6.323e-01
3.650e+00 5.087e-01
3.660e+00 5.011e-01
3.670e+00 4.361e-01
3.680e+00 6.073e-01
3.690e+00 6.603e-01
3.700e+00 6.679e-01
3.710e+00 6.821e-01
3.720e+00 5.214e-01
3.730e+00 5.126e-01
3.740e+00 6.073e-01
3.750e+00 6.728e-01
3.760e+00 6.114e-01
3.770e+00 6.804e-01
3.780e+00 6.227e-01
3.790e+00 5.382e-01
3.800e+00 4.064e-01
3.810e+00 5.027e-01
3.820e+00 4.455e-01
3.830e+00 6.247e-01
3.840e+00 7.071e-01
3.850e+00 6.157e-01
3.860e+00 6.619e-01
3.870e+00 5.459e-01
3.880e+00 5.962e-01
3.890e+00 6.161e-01
3.900e+00 5.180e-01
3.910e+00 6.087e-01
3.920e+00 6.697e-01
3.930e+00 7.113e-01
3.940e+00 7.151e-01
3.950e+00 6.856e-01
3.960e+00 5.515e-01
3.970e+00 7.432e-01
3.980e+00 8.134e-01
3.990e+00 8.658e-01
4.000e+00 8.381e-01
4.010e+00 7.400e-01
4.020e+00 6.602e-01
4.030e+00 5.711e-01
4.040e+00 6.411e-01
4.050e+00 6.793e-01
4.060e+00 6.696e-01
4.070e+00 7.028e-01
4.080e+00 6.132e-01
4.090e+00 4.819e-01
4.100e+00 6.241e-01
4.110e+00 5.292e-01
4.120e+00 6.159e-01
4.130e+00 6.383e-01
4.140e+00 7.692e-01
4.150e+00 7.020e-01
4.160e+00 5.619e-01
4.170e+00 6.419e-01
4.180e+00 5.502e-01
4.190e+00 6.712e-01
4.200e+00 6.515e-01
4.210e+00 5.432e-01
4.220e+00 5.675e-01
4.230e+00 4.269e-01
4.240e+00 4.321e-01
4.250e+00 4.397e-01
4.260e+00 3.273e-01
4.270e+00 4.283e-01
4.280e+00 3.865e-01
4.290e+00 4.291e-01
4.300e+00 3.837e-01
4.310e+00 4.710e-01
4.320e+00 4.871e-01
4.330e+00 5.803e-01
4.340e+00 6.363e-01
4.350e+00 6.011e-01
4.360e+00 6.386e-01
4.370e+00 5.415e-01
4.380e+00 4.728e-01
4.390e+00 5.671e-01
4.400e+00 5.102e-01
4.410e+00 4.907e-01
4.420e+00 5.157e-01
4.430e+00 4.734e-01
4.440e+00 3.488e-01
4.450e+00 2.573e-01
4.460e+00 2.186e-01
4.470e+00 2.237e-01
4.480e+00 3.018e-01
4.490e+00 3.984e-01
4.500e+00 3.696e-01
4.510e+00 2.841e-01
4.520e+00 4.009e-01
4.530e+00 3.311e-01
4.540e+00 3.604e-01
4.550e+00 4.744e-01
4.560e+00 4.621e-01
4.570e+00 3.944e-01
4.580e+00 4.589e-01
4.590e+00 4.969e-01
4.600e+00 3.754e-01
4.610e+00 4.115e-01
4.620e+00 3.156e-01
4.630e+00 3.731e-01
4.640e+00 3.548e-01
4.650e+00 5.647e-01
4.660e+00 4.139e-01
4.670e+00 4.687e-01
4.680e+00 5.575e-01
4.690e+00 4.559e-01
4.700e+00 4.141e-01
4.710e+00 4.247e-01
4.720e+00 4.422e-01
4.730e+00 5.606e-01
4.740e+00 6.304e-01
4.750e+00 4.980e-01
4.760e+00 5.470e-01
4.770e+00 5.236e-01
4.780e+00 5.048e-01
4.790e+00 5.373e-01
4.800e+00 4.080e-01
4.810e+00 3.450e-01
4.820e+00 4.378e-01
4.830e+00 3.367e-01
4.840e+00 4.891e-01
4.850e+00 4.829e-01
4.860e+00 4.938e-01
4.870e+00 5.804e-01
4.880e+00 5.273e-01
4.890e+00 5.623e-01
4.900e+00 6.429e-01
4.910e+00 4.844e-01
4.920e+00 5.400e-01
4.930e+00 5.226e-01
4.940e+00 4.534e-01
4.950e+00 5.077e-01
4.960e+00 5.014e-01
4.970e+00 5.093e-01
4.980e+00 5.358e-01
4.990e+00 5.785e-01
-5.000e+00 5.163e-01
-4.990e+00 4.484e-01
-4.980e+00 4.381e-01
-4.970e+00 4.869e-01
-4.960e+00 4.485e-01
-4.950e+00 3.845e-01
-4.940e+00 4.329e-01
-4.930e+00 4.681e-01
-4.920e+00 4.684e-01
-4.910e+00 5.904e-01
-4.900e+00 4.728e-01
-4.890e+00 5.270e-01
-4.880e+00 4.546e-01
-4.870e+00 3.665e-01
-4.860e+00 3.997e-01
-4.850e+00 3.234e-01
-4.840e+00 4.907e-01
-4.830e+00 4.546e-01
-4.820e+00 4.739e-01
-4.810e+00 4.910e-01
-4.800e+00 3.596e-01
-4.790e+00 3.558e-01
-4.780e+00 4.596e-01
-4.770e+00 4.124e-01
-4.760e+00 5.868e-01
-4.750e+00 6.203e-01
-4.740e+00 5.426e-01
-4.730e+00 5.379e-01
-4.720e+00 5.288e-01
-4.710e+00 5.987e-01
-4.700e+00 5.074e-01
-4.690e+00 5.425e-01
-4.680e+00 5.416e-01
-4.670e+00 6.164e-01
-4.660e+00 5.559e-01
-4.650e+00 4.759e-01
-4.640e+00 4.721e-01
-4.630e+00 4.579e-01
-4.620e+00 5.098e-01
-4.610e+00 6.170e-01
-4.600e+00 6.518e-01
-4.590e+00 7.199e-01
-4.580e+00 5.803e-01
-4.570e+00 5.807e-01
-4.560e+00 5.553e-01
-4.550e+00 4.551e-01
-4.540e+00 4.423e-01
-4.530e+00 3.972e-01
-4.520e+00 4.231e-01
-4.510e+00 5.137e-01
-4.500e+00 6.049e-01
-4.490e+00 5.102e-01
-4.480e+00 4.899e-01
-4.470e+00 4.447e-01
-4.460e+00 3.751e-01
-4.450e+00 4.677e-01
-4.440e+00 5.160e-01
-4.430e+00 5.211e-01
-4.420e+00 6.296e-01
-4.410e+00 5.770e-01
-4.400e+00 4.857e-01
-4.390e+00 4.266e-01
-4.380e+00 4.439e-01
-4.370e+00 4.185e-01
-4.360e+00 4.730e-01
-4.350e+00 5.147e-01
-4.340e+00 4.085e-01
-4.330e+00 4.168e-01
-4.320e+00 5.004e-01
-4.310e+00 4.665e-01
-4.300e+00 6.160e-01
-4.290e+00 6.071e-01
-4.280e+00 5.283e-01
-4.270e+00 5.965e-01
-4.260e+00 5.737e-01
-4.250e+00 5.630e-01
-4.240e+00 5.843e-01
-4.230e+00 6.354e-01
-4.220e+00 5.568e-01
-4.210e+00 4.914e-01
-4.200e+00 4.859e-01
-4.190e+00 5.138e-01
-4.180e+00 5.857e-01
-4.170e+00 6.219e-01
-4.160e+00 6.513e-01
-4.150e+00 6.282e-01
-4.140e+00 6.312e-01
-4.130e+00 6.822e-01
-4.120e+00 6.358e-01
-4.110e+00 5.536e-01
-4.100e+00 5.598e-01
-4.090e+00 4.747e-01
-4.080e+00 5.140e-01
-4.070e+00 4.607e-01
-4.060e+00 4.821e-01
-4.050e+00 5.082e-01
-4.040e+00 4.307e-01
-4.030e+00 5.114e-01
-4.020e+00 5.832e-01
-4.010e+00 5.119e-01
-4.000e+00 5.590e-01
-3.990e+00 4.779e-01
-3.980e+00 4.498e-01
-3.970e+00 4.952e-01
-3.960e+00 5.223e-01
-3.950e+00 5.858e-01
-3.940e+00 6.830e-01
-3.930e+00 6.475e-01
-3.920e+00 5.266e-01
-3.910e+00 5.035e-01
-3.900e+00 4.044e-01
-3.890e+00 4.280e-01
-3.880e+00 5.358e-01
-3.870e+00 5.522e-01
-3.860e+00 5.121e-01
-3.850e+00 5.434e-01
-3.840e+00 5.959e-01
-3.830e+00 6.232e-01
-3.820e+00 6.348e-01
-3.810e+00 5.647e-01
-3.800e+00 5.479e-01
-3.790e+00 5.814e-01
-3.780e+00 6.768e-01
-3.770e+00 6.679e-01
-3.760e+00 6.026e-01
-3.750e+00 5.338e-01
-3.740e+00 4.895e-01
-3.730e+00 5.836e-01
-3.720e+00 4.491e-01
-3.710e+00 5.562e-01
-3.700e+00 5.231e-01
-3.690e+00 6.412e-01
-3.680e+00 6.766e-01
-3.670e+00 4.879e-01
-3.660e+00 3.715e-01
-3.650e+00 2.993e-01
-3.640e+00 4.718e-01
-3.630e+00 5.470e-01
-3.620e+00 5.610e-01
-3.610e+00 5.144e-01
-3.600e+00 5.495e-01
-3.590e+00 4.549e-01
-3.580e+00 4.142e-01
-3.570e+00 3.657e-01
-3.560e+00 5.347e-01
-3.550e+00 5.492e-01
-3.540e+00 6.720e-01
-3.530e+00 6.214e-01
-3.520e+00 5.859e-01
-3.510e+00 4.886e-01
-3.500e+00 5.524e-01
-3.490e+00 4.797e-01
-3.480e+00 6.528e-01
-3.470e+00 5.738e-01
-3.460e+00 5.803e-01
-3.450e+00 6.024e-01
-3.440e+00 5.534e-01
-3.430e+00 4.973e-01
-3.420e+00 4.683e-01
-3.410e+00 3.998e-01
-3.400e+00 5.677e-01
-3.390e+00 5.874e-01
-3.380e+00 5.195e-01
-3.370e+00 4.626e-01
-3.360e+00 3.647e-01
-3.350e+00 2.601e-01
-3.340e+00 3.887e-01
-3.330e+00 2.398e-01
-3.320e+00 3.776e-01
-3.310e+00 4.294e-01
-3.300e+00 4.891e-01
-3.290e+00 6.014e-01
-3.280e+00 5.102e-01
-3.270e+00 4.336e-01
-3.260e+00 5.119e-01
-3.250e+00 4.644e-01
-3.240e+00 6.905e-01
-3.230e+00 5.754e-01
-3.220e+00 7.167e-01
-3.210e+00 6.038e-01
-3.200e+00 4.818e-01
-3.190e+00 6.432e-01
-3.180e+00 5.400e-01
-3.170e+00 6.027e-01
-3.160e+00 6.062e-01
-3.150e+00 6.297e-01
-3.140e+00 5.464e-01
-3.130e+00 5.964e-01
-3.120e+00 6.338e-01
-3.110e+00 6.584e-01
-3.100e+00 6.102e-01
-3.090e+00 5.783e-01
-3.080e+00 5.344e-01
-3.070e+00 4.375e-01
-3.060e+00 4.275e-01
-3.050e+00 5.423e-01
-3.040e+00 7.200e-01
-3.030e+00 6.220e-01
-3.020e+00 6.458e-01
-3.010e+00 4.784e-01
-3.000e+00 5.364e-01
-2.990e+00 5.394e-01
-2.980e+00 3.773e-01
-2.970e+00 4.381e-01
-2.960e+00 5.162e-01
-2.950e+00 3.821e-01
-2.940e+00 5.955e-01
-2.930e+00 4.557e-01
-2.920e+00 3.784e-01
-2.910e+00 2.699e-01
-2.900e+00 4.075e-01
-2.890e+00 5.625e-01
-2.880e+00 6.837e-01
-2.870e+00 6.990e-01
-2.860e+00 5.358e-01
-2.850e+00 4.948e-01
-2.840e+00 5.394e-01
-2.830e+00 5.597e-01
-2.820e+00 5.515e-01
-2.810e+00 7.079e-01
-2.800e+00 8.693e-01
-2.790e+00 7.465e-01
-2.780e+00 7.345e-01
-2.770e+00 6.662e-01
-2.760e+00 5.400e-01
-2.750e+00 7.737e-01
-2.740e+00 7.948e-01
-2.730e+00 8.519e-01
-2.720e+00 8.262e-01
-2.710e+00 8.382e-01
-2.700e+00 8.166e-01
-2.690e+00 7.330e-01
-2.680e+00 7.189e-01
-2.670e+00 6.184e-01
-2.660e+00 5.456e-01
-2.650e+00 6.063e-01
-2.640e+00 6.549e-01
-2.630e+00 6.242e-01
-2.620e+00 6.228e-01
-2.610e+00 5.243e-01
-2.600e+00 5.788e-01
-2.590e+00 5.983e-01
-2.580e+00 4.330e-01
-2.570e+00 4.488e-01
-2.560e+00 3.637e-01
-2.550e+00 3.967e-01
-2.540e+00 4.842e-01
-2.530e+00 5.041e-01
-2.520e+00 6.807e-01
-2.510e+00 5.330e-01
-2.500e+00 4.464e-01
-2.490e+00 4.640e-01
-2.480e+00 4.495e-01
-2.470e+00 5.917e-01
-2.460e+00 5.623e-01
-2.450e+00 6.851e-01
-2.440e+00 5.932e-01
-2.430e+00 5.841e-01
-2.420e+00 3.726e-01
-2.410e+00 4.612e-01
-2.400e+00 4.965e-01
-2.390e+00 5.289e-01
-2.380e+00 6.179e-01
-2.370e+00 4.937e-01
-2.360e+00 4.383e-01
-2.350e+00 5.024e-01
-2.340e+00 4.995e-01
-2.330e+00 5.009e-01
-2.320e+00 4.578e-01
-2.310e+00 5.099e-01
-2.300e+00 5.483e-01
-2.290e+00 5.029e-01
-2.280e+00 4.330e-01
-2.270e+00 5.664e-01
-2.260e+00 5.202e-01
-2.250e+00 7.908e-01
-2.240e+00 5.773e-01
-2.230e+00 6.661e-01
-2.220e+00 6.527e-01
-2.210e+00 5.082e-01
-2.200e+00 5.970e-01
-2.190e+00 5.621e-01
-2.180e+00 5.296e-01
-2.170e+00 5.535e-01
-2.160e+00 4.835e-01
-2.150e+00 5.669e-01
-2.140e+00 4.790e-01
-2.130e+00 4.162e-01
-2.120e+00 5.490e-01
-2.110e+00 4.413e-01
-2.100e+00 4.908e-01
-2.090e+00 6.688e-01
-2.080e+00 5.130e-01
-2.070e+00 5.331e-01
-2.060e+00 4.111e-01
-2.050e+00 4.651e-01
-2.040e+00 6.365e-01
-2.030e+00 4.168e-01
-2.020e+00 4.965e-01
-2.010e+00 2.664e-01
-2.000e+00 4.341e-01
-1.990e+00 4.405e-01
-1.980e+00 4.927e-01
-1.970e+00 5.712e-01
-1.960e+00 6.389e-01
-1.950e+00 7.691e-01
-1.940e+00 7.191e-01
-1.930e+00 5.621e-01
-1.920e+00 4.039e-01
-1.910e+00 3.575e-01
-1.900e+00 4.320e-01
-1.890e+00 4.063e-01
-1.880e+00 6.185e-01
-1.870e+00 5.257e-01
-1.860e+00 5.010e-01
-1.850e+00 5.982e-01
-1.840e+00 3.267e-01
-1.830e+00 3.657e-01
-1.820e+00 5.896e-01
-1.810e+00 6.222e-01
-1.800e+00 8.210e-01
-1.790e+00 6.981e-01
-1.780e+00 6.577e-01
-1.770e+00 4.204e-01
-1.760e+00 5.439e-01
-1.750e+00 5.184e-01
-1.740e+00 6.432e-01
-1.730e+00 8.617e-01
-1.720e+00 6.407e-01
-1.710e+00 6.209e-01
-1.700e+00 4.463e-01
-1.690e+00 4.838e-01
-1.680e+00 3.780e-01
-1.670e+00 4.373e-01
-1.660e+00 7.631e-01
-1.650e+00 6.118e-01
-1.640e+00 6.233e-01
-1.630e+00 4.495e-01
-1.620e+00 4.239e-01
-1.610e+00 5.418e-01
-1.600e+00 4.898e-01
-1.590e+00 6.760e-01
-1.580e+00 5.159e-01
-1.570e+00 3.708e-01
-1.560e+00 4.190e-01
-1.550e+00 4.240e-01
-1.540e+00 6.330e-01
-1.530e+00 6.464e-01
-1.520e+00 4.961e-01
-1.510e+00 3.688e-01
-1.500e+00 2.074e-01
-1.490e+00 2.866e-01
-1.480e+00 2.658e-01
-1.470e+00 4.963e-01
-1.460e+00 6.966e-01
-1.450e+00 7.969e-01
-1.440e+00 7.923e-01
-1.430e+00 5.019e-01
-1.420e+00 3.037e-01
-1.410e+00 2.618e-01
-1.400e+00 3.827e-01
-1.390e+00 5.658e-01
-1.380e+00 3.519e-01
-1.370e+00 2.886e-01
-1.360e+00 2.337e-01
-1.350e+00 6.219e-02
-1.340e+00 2.507e-01
-1.330e+00 2.803e-01
-1.320e+00 4.641e-01
-1.310e+00 7.238e-01
-1.300e+00 7.600e-01
-1.290e+00 5.345e-01
-1.280e+00 7.448e-01
-1.270e+00 4.131e-01
-1.260e+00 4.118e-01
-1.250e+00 4.222e-01
-1.240e+00 6.012e-01
-1.230e+00 6.779e-01
-1.220e+00 6.721e-01
-1.210e+00 4.796e-01
-1.200e+00 2.879e-01
-1.190e+00 1.095e-01
-1.180e+00 3.421e-01
-1.170e+00 4.662e-01
-1.160e+00 8.372e-01
-1.150e+00 1.109e+00
-1.140e+00 9.310e-01
-1.130e+00 9.580e-01
-1.120e+00 5.499e-01
-1.110e+00 5.544e-01
-1.100e+00 4.081e-01
-1.090e+00 5.806e-01
-1.080e+00 7.103e-01
-1.070e+00 5.907e-01
-1.060e+00 3.549e-01
-1.050e+00 1.583e-01
-1.040e+00 -4.950e-02
-1.030e+00 4.040e-05
-1.020e+00 2.209e-01
-1.010e+00 4.723e-01
-1.000e+00 6.367e-01
-9.900e-01 4.923e-01
-9.800e-01 6.233e-01
-9.700e-01 6.835e-01
-9.600e-01 7.604e-01
-9.500e-01 7.479e-01
-9.400e-01 5.564e-01
-9.300e-01 1.955e-01
-9.200e-01 2.921e-01
-9.100e-01 3.280e-01
-9.000e-01 3.702e-01
-8.900e-01 3.732e-01
-8.800e-01 4.585e-01
-8.700e-01 5.168e-01
-8.600e-01 5.992e-01
-8.500e-01 3.370e-01
-8.400e-01 7.157e-01
-8.300e-01 9.909e-01
-8.200e-01 8.253e-01
-8.100e-01 1.034e+00
-8.000e-01 8.539e-01
-7.900e-01 9.671e-01
-7.800e-01 8.853e-01
-7.700e-01 9.369e-01
-7.600e-01 4.967e-01
-7.500e-01 3.579e-01
-7.400e-01 5.269e-01
-7.300e-01 1.086e+00
-7.200e-01 9.245e-01
-7.100e-01 1.039e+00
-7.000e-01 9.096e-01
-6.900e-01 4.183e-01
-6.800e-01 3.570e-02
-6.700e-01 3.384e-01
-6.600e-01 6.836e-01
-6.500e-01 6.974e-01
-6.400e-01 4.968e-01
-6.300e-01 5.724e-01
-6.200e-01 3.145e-01
-6.100e-01 8.367e-01
-6.000e-01 8.426e-01
-5.900e-01 4.853e-01
-5.800e-01 9.197e-01
-5.700e-01 8.451e-01
-5.600e-01 9.914e-01
-5.500e-01 9.448e-01
-5.400e-01 1.256e+00
-5.300e-01 8.670e-01
-5.200e-01 1.248e+00
-5.100e-01 1.381e+00
-5.000e-01 1.702e+00
-4.900e-01 1.668e+00
-4.800e-01 1.443e+00
-4.700e-01 1.079e+00
-4.600e-01 1.025e+00
-4.500e-01 9.611e-01
-4.400e-01 7.453e-01
-4.300e-01 8.643e-01
-4.200e-01 1.104e+00
-4.100e-01 1.774e+00
-4.000e-01 1.388e+00
-3.900e-01 1.674e+00
-3.800e-01 9.554e-01
-3.700e-01 1.464e+00
-3.600e-01 1.174e+00
-3.500e-01 1.261e+00
-3.400e-01 1.002e+00
-3.300e-01 1.241e+00
-3.200e-01 1.301e+00
-3.100e-01 1.510e+00
-3.000e-01 2.109e+00
-2.900e-01 1.877e+00
-2.800e-01 1.633e+00
-2.700e-01 1.859e+00
-2.600e-01 2.108e+00
-2.500e-01 1.903e+00
-2.400e-01 1.701e+00
-2.300e-01 2.662e+00
-2.200e-01 2.921e+00
-2.100e-01 2.817e+00
-2.000e-01 2.696e+00
-1.900e-01 3.225e+00
-1.800e-01 3.145e+00
-1.700e-01 4.437e+00
-1.600e-01 4.141e+00
-1.500e-01 4.288e+00
-1.400e-01 3.489e+00
-1.300e-01 3.247e+00
-1.200e-01 4.168e+00
-1.100e-01 4.254e+00
-1.000e-01 6.045e+00
-9.000e-02 7.072e+00
-8.000e-02 8.120e+00
-7.000e-02 9.537e+00
-6.000e-02 1.055e+01
-5.000e-02 1.244e+01
-4.000e-02 1.271e+01
-3.000e-02 1.828e+01
-2.000e-02 2.356e+01
-1.000e-02 3.576e+01
