# Frequency (1.0/ps)      real(fft(F_2))
0.000e+00 5.600e+01
1.000e-02 3.221e+01
2.000e-02 1.857e+01
3.000e-02 1.513e+01
4.000e-02 1.223e+01
5.000e-02 1.114e+01
6.000e-02 9.949e+00
7.000e-02 9.035e+00
8.000e-02 9.107e+00
9.000e-02 8.465e+00
1.000e-01 8.183e+00
1.100e-01 7.260e+00
1.200e-01 5.751e+00
1.300e-01 5.075e+00
1.400e-01 4.114e+00
1.500e-01 3.621e+00
1.600e-01 3.880e+00
1.700e-01 4.186e+00
1.800e-01 3.547e+00
1.900e-01 2.104e+00
2.000e-01 2.421e+00
2.100e-01 1.953e+00
2.200e-01 2.107e+00
2.300e-01 2.838e+00
2.400e-01 2.649e+00
2.500e-01 2.544e+00
2.600e-01 2.115e+00
2.700e-01 1.540e+00
2.800e-01 1.644e+00
2.900e-01 1.129e+00
3.000e-01 7.768e-01
3.100e-01 1.038e+00
3.200e-01 1.013e+00
3.300e-01 1.141e+00
3.400e-01 1.115e+00
3.500e-01 1.626e+00
3.600e-01 1.696e+00
3.700e-01 1.442e+00
3.800e-01 1.109e+00
3.900e-01 9.835e-01
4.000e-01 8.178e-01
4.100e-01 1.119e-01
4.200e-01 -6.099e-02
4.300e-01 1.728e-01
4.400e-01 4.735e-01
4.500e-01 7.261e-01
4.600e-01 5.811e-01
4.700e-01 7.332e-01
4.800e-01 1.127e+00
4.900e-01 7.832e-01
5.000e-01 3.642e-01
5.100e-01 5.809e-01
5.200e-01 3.232e-01
5.300e-01 7.936e-01
5.400e-01 3.218e-01
5.500e-01 6.092e-01
5.600e-01 1.270e+00
5.700e-01 1.011e+00
5.800e-01 3.232e-01
5.900e-01 6.415e-01
6.000e-01 6.369e-02
6.100e-01 5.444e-02
6.200e-01 -2.406e-01
6.300e-01 -8.361e-02
6.400e-01 -8.917e-02
6.500e-01 4.739e-01
6.600e-01 6.488e-01
6.700e-01 1.003e+00
6.800e-01 9.115e-01
6.900e-01 7.700e-01
7.000e-01 6.538e-01
7.100e-01 3.680e-01
7.200e-01 1.674e-01
7.300e-01 2.990e-01
7.400e-01 7.153e-01
7.500e-01 4.389e-01
7.600e-01 7.969e-01
7.700e-01 5.920e-01
7.800e-01 7.031e-01
7.900e-01 7.993e-01
8.000e-01 9.799e-01
8.100e-01 6.747e-01
8.200e-01 4.759e-01
8.300e-01 2.758e-01
8.400e-01 2.668e-01
8.500e-01 8.551e-02
8.600e-01 3.218e-01
8.700e-01 -2.012e-02
8.800e-01 1.997e-01
8.900e-01 1.595e-01
9.000e-01 3.832e-01
9.100e-01 4.100e-01
9.200e-01 1.320e-01
9.300e-01 2.897e-01
9.400e-01 3.155e-01
9.500e-01 4.093e-01
9.600e-01 5.472e-01
9.700e-01 6.317e-01
9.800e-01 3.052e-01
9.900e-01 4.426e-01
1.000e+00 6.141e-01
1.010e+00 2.362e-01
1.020e+00 4.297e-01
1.030e+00 4.674e-01
1.040e+00 3.013e-01
1.050e+00 5.908e-01
1.060e+00 7.071e-01
1.070e+00 8.430e-01
1.080e+00 6.172e-01
1.090e+00 6.112e-01
1.100e+00 3.238e-01
1.110e+00 -2.545e-02
1.120e+00 2.353e-01
1.130e+00 3.436e-01
1.140e+00 4.796e-01
1.150e+00 4.426e-01
1.160e+00 4.653e-01
1.170e+00 5.240e-01
1.180e+00 2.221e-01
1.190e+00 1.435e-01
1.200e+00 3.912e-01
1.210e+00 6.373e-01
1.220e+00 5.232e-01
1.230e+00 6.578e-01
1.240e+00 4.980e-01
1.250e+00 6.034e-01
1.260e+00 6.945e-01
1.270e+00 6.999e-01
1.280e+00 6.654e-01
1.290e+00 5.492e-01
1.300e+00 2.339e-01
1.310e+00 2.574e-01
1.320e+00 3.925e-01
1.330e+00 7.759e-01
1.340e+00 8.169e-01
1.350e+00 6.833e-01
1.360e+00 6.611e-01
1.370e+00 7.364e-01
1.380e+00 5.622e-01
1.390e+00 5.748e-01
1.400e+00 7.664e-01
1.410e+00 5.945e-01
1.420e+00 8.256e-01
1.430e+00 1.068e+00
1.440e+00 1.282e+00
1.450e+00 1.376e+00
1.460e+00 1.341e+00
1.470e+00 9.704e-01
1.480e+00 8.497e-01
1.490e+00 8.039e-01
1.500e+00 6.664e-01
1.510e+00 7.820e-01
1.520e+00 7.624e-01
1.530e+00 9.285e-01
1.540e+00 1.098e+00
1.550e+00 1.144e+00
1.560e+00 1.052e+00
1.570e+00 9.578e-01
1.580e+00 6.004e-01
1.590e+00 4.354e-01
1.600e+00 4.669e-01
1.610e+00 4.970e-01
1.620e+00 5.168e-01
1.630e+00 8.246e-01
1.640e+00 8.921e-01
1.650e+00 9.570e-01
1.660e+00 1.065e+00
1.670e+00 8.636e-01
1.680e+00 7.990e-01
1.690e+00 7.698e-01
1.700e+00 5.238e-01
1.710e+00 4.013e-01
1.720e+00 5.785e-01
1.730e+00 5.849e-01
1.740e+00 6.983e-01
1.750e+00 6.225e-01
1.760e+00 6.571e-01
1.770e+00 5.170e-01
1.780e+00 5.597e-01
1.790e+00 6.320e-01
1.800e+00 6.038e-01
1.810e+00 5.106e-01
1.820e+00 6.177e-01
1.830e+00 7.372e-01
1.840e+00 6.440e-01
1.850e+00 4.838e-01
1.860e+00 5.015e-01
1.870e+00 6.582e-01
1.880e+00 5.417e-01
1.890e+00 5.844e-01
1.900e+00 2.728e-01
1.910e+00 3.869e-01
1.920e+00 2.946e-01
1.930e+00 3.492e-01
1.940e+00 3.468e-01
1.950e+00 3.607e-01
1.960e+00 4.330e-01
1.970e+00 4.811e-01
1.980e+00 6.707e-01
1.990e+00 6.306e-01
2.000e+00 7.937e-01
2.010e+00 5.902e-01
2.020e+00 3.466e-01
2.030e+00 3.951e-01
2.040e+00 1.475e-01
2.050e+00 1.583e-01
2.060e+00 3.787e-01
2.070e+00 4.845e-01
2.080e+00 4.513e-01
2.090e+00 7.499e-01
2.100e+00 1.070e+00
2.110e+00 9.199e-01
2.120e+00 9.891e-01
2.130e+00 1.046e+00
2.140e+00 9.264e-01
2.150e+00 8.266e-01
2.160e+00 7.470e-01
2.170e+00 8.258e-01
2.180e+00 7.915e-01
2.190e+00 8.540e-01
2.200e+00 8.491e-01
2.210e+00 7.918e-01
2.220e+00 8.508e-01
2.230e+00 9.063e-01
2.240e+00 7.629e-01
2.250e+00 6.897e-01
2.260e+00 8.476e-01
2.270e+00 9.399e-01
2.280e+00 9.481e-01
2.290e+00 1.125e+00
2.300e+00 1.273e+00
2.310e+00 1.083e+00
2.320e+00 1.002e+00
2.330e+00 1.061e+00
2.340e+00 1.025e+00
2.350e+00 9.978e-01
2.360e+00 8.736e-01
2.370e+00 7.132e-01
2.380e+00 7.135e-01
2.390e+00 7.056e-01
2.400e+00 7.757e-01
2.410e+00 9.278e-01
2.420e+00 1.019e+00
2.430e+00 1.013e+00
2.440e+00 1.060e+00
2.450e+00 8.132e-01
2.460e+00 7.720e-01
2.470e+00 6.564e-01
2.480e+00 6.300e-01
2.490e+00 7.121e-01
2.500e+00 8.671e-01
2.510e+00 9.090e-01
2.520e+00 9.165e-01
2.530e+00 8.321e-01
2.540e+00 5.972e-01
2.550e+00 4.770e-01
2.560e+00 5.875e-01
2.570e+00 6.297e-01
2.580e+00 4.736e-01
2.590e+00 5.946e-01
2.600e+00 6.299e-01
2.610e+00 6.954e-01
2.620e+00 7.376e-01
2.630e+00 9.249e-01
2.640e+00 7.877e-01
2.650e+00 6.445e-01
2.660e+00 6.390e-01
2.670e+00 5.992e-01
2.680e+00 4.770e-01
2.690e+00 4.874e-01
2.700e+00 3.683e-01
2.710e+00 3.214e-01
2.720e+00 3.133e-01
2.730e+00 3.901e-01
2.740e+00 5.495e-01
2.750e+00 4.349e-01
2.760e+00 5.533e-01
2.770e+00 4.770e-01
2.780e+00 4.445e-01
2.790e+00 4.931e-01
2.800e+00 6.232e-01
2.810e+00 6.292e-01
2.820e+00 5.680e-01
2.830e+00 6.478e-01
2.840e+00 6.365e-01
2.850e+00 5.651e-01
2.860e+00 6.641e-01
2.870e+00 5.395e-01
2.880e+00 5.736e-01
2.890e+00 7.104e-01
2.900e+00 7.733e-01
2.910e+00 6.566e-01
2.920e+00 6.712e-01
2.930e+00 6.580e-01
2.940e+00 5.730e-01
2.950e+00 5.196e-01
2.960e+00 4.731e-01
2.970e+00 5.119e-01
2.980e+00 6.071e-01
2.990e+00 4.718e-01
3.000e+00 4.316e-01
3.010e+00 4.555e-01
3.020e+00 4.712e-01
3.030e+00 4.797e-01
3.040e+00 4.811e-01
3.050e+00 5.550e-01
3.060e+00 6.919e-01
3.070e+00 6.695e-01
3.080e+00 6.411e-01
3.090e+00 6.014e-01
3.100e+00 5.892e-01
3.110e+00 4.200e-01
3.120e+00 5.414e-01
3.130e+00 4.122e-01
3.140e+00 4.260e-01
3.150e+00 5.384e-01
3.160e+00 5.733e-01
3.170e+00 5.779e-01
3.180e+00 5.008e-01
3.190e+00 4.604e-01
3.200e+00 5.220e-01
3.210e+00 3.623e-01
3.220e+00 3.090e-01
3.230e+00 4.630e-01
3.240e+00 3.193e-01
3.250e+00 2.007e-01
3.260e+00 2.625e-01
3.270e+00 3.828e-01
3.280e+00 2.462e-01
3.290e+00 3.383e-01
3.300e+00 3.384e-01
3.310e+00 2.483e-01
3.320e+00 2.971e-01
3.330e+00 4.070e-01
3.340e+00 2.165e-01
3.350e+00 1.770e-01
3.360e+00 1.213e-01
3.370e+00 1.237e-01
3.380e+00 9.467e-02
3.390e+00 1.082e-01
3.400e+00 1.069e-01
3.410e+00 1.454e-01
3.420e+00 2.406e-01
3.430e+00 3.133e-01
3.440e+00 3.371e-01
3.450e+00 4.071e-01
3.460e+00 5.423e-01
3.470e+00 5.238e-01
3.480e+00 5.301e-01
3.490e+00 4.703e-01
3.500e+00 4.256e-01
3.510e+00 3.775e-01
3.520e+00 3.133e-01
3.530e+00 2.675e-01
3.540e+00 2.772e-01
3.550e+00 3.217e-01
3.560e+00 3.849e-01
3.570e+00 3.577e-01
3.580e+00 3.303e-01
3.590e+00 3.716e-01
3.600e+00 3.723e-01
3.610e+00 4.380e-01
3.620e+00 5.098e-01
3.630e+00 6.420e-01
3.640e+00 6.550e-01
3.650e+00 6.824e-01
3.660e+00 6.201e-01
3.670e+00 5.531e-01
3.680e+00 5.039e-01
3.690e+00 4.928e-01
3.700e+00 5.795e-01
3.710e+00 5.681e-01
3.720e+00 5.069e-01
3.730e+00 5.423e-01
3.740e+00 5.681e-01
3.750e+00 5.214e-01
3.760e+00 5.458e-01
3.770e+00 6.718e-01
3.780e+00 5.426e-01
3.790e+00 5.967e-01
3.800e+00 7.157e-01
3.810e+00 6.075e-01
3.820e+00 5.802e-01
3.830e+00 6.914e-01
3.840e+00 6.353e-01
3.850e+00 7.306e-01
3.860e+00 7.536e-01
3.870e+00 5.922e-01
3.880e+00 6.414e-01
3.890e+00 6.598e-01
3.900e+00 6.466e-01
3.910e+00 5.058e-01
3.920e+00 4.919e-01
3.930e+00 4.577e-01
3.940e+00 5.570e-01
3.950e+00 5.011e-01
3.960e+00 5.024e-01
3.970e+00 5.826e-01
3.980e+00 4.547e-01
3.990e+00 4.325e-01
4.000e+00 4.371e-01
4.010e+00 4.421e-01
4.020e+00 4.018e-01
4.030e+00 4.346e-01
4.040e+00 3.834e-01
4.050e+00 3.861e-01
4.060e+00 4.035e-01
4.070e+00 3.480e-01
4.080e+00 3.050e-01
4.090e+00 4.199e-01
4.100e+00 4.028e-01
4.110e+00 3.577e-01
4.120e+00 3.428e-01
4.130e+00 3.269e-01
4.140e+00 2.508e-01
4.150e+00 2.315e-01
4.160e+00 2.293e-01
4.170e+00 2.134e-01
4.180e+00 2.993e-01
4.190e+00 3.036e-01
4.200e+00 3.534e-01
4.210e+00 3.275e-01
4.220e+00 2.548e-01
4.230e+00 2.662e-01
4.240e+00 2.770e-01
4.250e+00 2.817e-01
4.260e+00 4.384e-01
4.270e+00 4.094e-01
4.280e+00 4.909e-01
4.290e+00 5.563e-01
4.300e+00 7.229e-01
4.310e+00 4.545e-01
4.320e+00 4.637e-01
4.330e+00 4.656e-01
4.340e+00 4.274e-01
4.350e+00 5.256e-01
4.360e+00 6.546e-01
4.370e+00 6.945e-01
4.380e+00 7.060e-01
4.390e+00 6.642e-01
4.400e+00 5.797e-01
4.410e+00 5.510e-01
4.420e+00 4.524e-01
4.430e+00 4.732e-01
4.440e+00 4.955e-01
4.450e+00 5.415e-01
4.460e+00 5.404e-01
4.470e+00 6.625e-01
4.480e+00 5.185e-01
4.490e+00 5.665e-01
4.500e+00 4.933e-01
4.510e+00 3.960e-01
4.520e+00 4.649e-01
4.530e+00 6.083e-01
4.540e+00 6.160e-01
4.550e+00 6.377e-01
4.560e+00 6.783e-01
4.570e+00 4.545e-01
4.580e+00 3.722e-01
4.590e+00 3.735e-01
4.600e+00 3.280e-01
4.610e+00 3.606e-01
4.620e+00 4.832e-01
4.630e+00 5.212e-01
4.640e+00 5.823e-01
4.650e+00 6.383e-01
4.660e+00 6.716e-01
4.670e+00 7.096e-01
4.680e+00 6.461e-01
4.690e+00 5.955e-01
4.700e+00 5.827e-01
4.710e+00 5.834e-01
4.720e+00 6.228e-01
4.730e+00 6.511e-01
4.740e+00 5.647e-01
4.750e+00 4.721e-01
4.760e+00 5.527e-01
4.770e+00 6.141e-01
4.780e+00 5.283e-01
4.790e+00 5.134e-01
4.800e+00 5.325e-01
4.810e+00 4.702e-01
4.820e+00 5.123e-01
4.830e+00 6.333e-01
4.840e+00 5.801e-01
4.850e+00 6.102e-01
4.860e+00 6.000e-01
4.870e+00 5.846e-01
4.880e+00 5.645e-01
4.890e+00 5.428e-01
4.900e+00 4.923e-01
4.910e+00 4.203e-01
4.920e+00 4.382e-01
4.930e+00 4.940e-01
4.940e+00 5.243e-01
4.950e+00 4.546e-01
4.960e+00 4.781e-01
4.970e+00 5.476e-01
4.980e+00 4.955e-01
4.990e+00 4.919e-01
-5.000e+00 5.139e-01
-4.990e+00 4.184e-01
-4.980e+00 4.340e-01
-4.970e+00 6.027e-01
-4.960e+00 5.345e-01
-4.950e+00 5.049e-01
-4.940e+00 5.948e-01
-4.930e+00 6.047e-01
-4.920e+00 5.995e-01
-4.910e+00 5.747e-01
-4.900e+00 6.646e-01
-4.890e+00 6.163e-01
-4.880e+00 7.233e-01
-4.870e+00 7.659e-01
-4.860e+00 8.194e-01
-4.850e+00 8.398e-01
-4.840e+00 7.928e-01
-4.830e+00 7.791e-01
-4.820e+00 6.876e-01
-4.810e+00 7.415e-01
-4.800e+00 7.746e-01
-4.790e+00 6.400e-01
-4.780e+00 5.954e-01
-4.770e+00 6.143e-01
-4.760e+00 6.491e-01
-4.750e+00 5.371e-01
-4.740e+00 5.448e-01
-4.730e+00 4.335e-01
-4.720e+00 3.731e-01
-4.710e+00 4.027e-01
-4.700e+00 4.047e-01
-4.690e+00 3.733e-01
-4.680e+00 3.728e-01
-4.670e+00 3.051e-01
-4.660e+00 3.095e-01
-4.650e+00 4.141e-01
-4.640e+00 4.075e-01
-4.630e+00 4.726e-01
-4.620e+00 4.286e-01
-4.610e+00 4.284e-01
-4.600e+00 5.550e-01
-4.590e+00 5.641e-01
-4.580e+00 5.888e-01
-4.570e+00 6.031e-01
-4.560e+00 5.462e-01
-4.550e+00 4.805e-01
-4.540e+00 5.346e-01
-4.530e+00 4.851e-01
-4.520e+00 3.836e-01
-4.510e+00 4.187e-01
-4.500e+00 5.591e-01
-4.490e+00 4.877e-01
-4.480e+00 4.468e-01
-4.470e+00 4.942e-01
-4.460e+00 4.247e-01
-4.450e+00 3.935e-01
-4.440e+00 3.902e-01
-4.430e+00 3.442e-01
-4.420e+00 3.303e-01
-4.410e+00 3.035e-01
-4.400e+00 3.499e-01
-4.390e+00 2.300e-01
-4.380e+00 2.955e-01
-4.370e+00 4.503e-01
-4.360e+00 2.661e-01
-4.350e+00 2.141e-01
-4.340e+00 2.409e-01
-4.330e+00 2.162e-01
-4.320e+00 1.858e-01
-4.310e+00 2.201e-01
-4.300e+00 2.110e-01
-4.290e+00 2.230e-01
-4.280e+00 2.230e-01
-4.270e+00 3.159e-01
-4.260e+00 3.174e-01
-4.250e+00 4.931e-01
-4.240e+00 4.967e-01
-4.230e+00 4.748e-01
-4.220e+00 2.778e-01
-4.210e+00 2.950e-01
-4.200e+00 2.605e-01
-4.190e+00 2.758e-01
-4.180e+00 2.057e-01
-4.170e+00 2.680e-01
-4.160e+00 3.785e-01
-4.150e+00 3.723e-01
-4.140e+00 3.722e-01
-4.130e+00 3.854e-01
-4.120e+00 4.605e-01
-4.110e+00 5.463e-01
-4.100e+00 5.762e-01
-4.090e+00 4.512e-01
-4.080e+00 4.425e-01
-4.070e+00 5.594e-01
-4.060e+00 4.635e-01
-4.050e+00 3.511e-01
-4.040e+00 3.676e-01
-4.030e+00 4.489e-01
-4.020e+00 4.636e-01
-4.010e+00 4.938e-01
-4.000e+00 6.533e-01
-3.990e+00 6.686e-01
-3.980e+00 5.887e-01
-3.970e+00 6.061e-01
-3.960e+00 4.342e-01
-3.950e+00 4.412e-01
-3.940e+00 5.249e-01
-3.930e+00 5.745e-01
-3.920e+00 5.195e-01
-3.910e+00 5.650e-01
-3.900e+00 5.576e-01
-3.890e+00 6.405e-01
-3.880e+00 5.967e-01
-3.870e+00 6.720e-01
-3.860e+00 6.115e-01
-3.850e+00 6.338e-01
-3.840e+00 7.267e-01
-3.830e+00 6.823e-01
-3.820e+00 5.214e-01
-3.810e+00 4.970e-01
-3.800e+00 6.035e-01
-3.790e+00 3.974e-01
-3.780e+00 4.207e-01
-3.770e+00 5.549e-01
-3.760e+00 5.952e-01
-3.750e+00 5.538e-01
-3.740e+00 5.904e-01
-3.730e+00 6.297e-01
-3.720e+00 4.896e-01
-3.710e+00 4.048e-01
-3.700e+00 3.547e-01
-3.690e+00 2.753e-01
-3.680e+00 3.151e-01
-3.670e+00 2.999e-01
-3.660e+00 3.463e-01
-3.650e+00 3.003e-01
-3.640e+00 3.565e-01
-3.630e+00 3.081e-01
-3.620e+00 2.609e-01
-3.610e+00 3.098e-01
-3.600e+00 3.001e-01
-3.590e+00 4.005e-01
-3.580e+00 3.737e-01
-3.570e+00 4.685e-01
-3.560e+00 4.146e-01
-3.550e+00 4.064e-01
-3.540e+00 2.868e-01
-3.530e+00 3.709e-01
-3.520e+00 3.639e-01
-3.510e+00 3.509e-01
-3.500e+00 3.919e-01
-3.490e+00 4.774e-01
-3.480e+00 4.283e-01
-3.470e+00 4.396e-01
-3.460e+00 5.223e-01
-3.450e+00 5.027e-01
-3.440e+00 5.395e-01
-3.430e+00 5.937e-01
-3.420e+00 6.706e-01
-3.410e+00 6.590e-01
-3.400e+00 7.279e-01
-3.390e+00 5.397e-01
-3.380e+00 6.109e-01
-3.370e+00 6.558e-01
-3.360e+00 6.586e-01
-3.350e+00 5.671e-01
-3.340e+00 7.234e-01
-3.330e+00 7.340e-01
-3.320e+00 7.520e-01
-3.310e+00 6.653e-01
-3.300e+00 6.203e-01
-3.290e+00 4.828e-01
-3.280e+00 4.932e-01
-3.270e+00 4.900e-01
-3.260e+00 3.807e-01
-3.250e+00 4.495e-01
-3.240e+00 4.965e-01
-3.230e+00 5.522e-01
-3.220e+00 5.949e-01
-3.210e+00 6.090e-01
-3.200e+00 5.791e-01
-3.190e+00 4.870e-01
-3.180e+00 4.800e-01
-3.170e+00 5.658e-01
-3.160e+00 5.840e-01
-3.150e+00 5.752e-01
-3.140e+00 5.124e-01
-3.130e+00 3.452e-01
-3.120e+00 4.193e-01
-3.110e+00 4.041e-01
-3.100e+00 3.758e-01
-3.090e+00 5.170e-01
-3.080e+00 5.572e-01
-3.070e+00 5.297e-01
-3.060e+00 6.468e-01
-3.050e+00 5.504e-01
-3.040e+00 4.102e-01
-3.030e+00 5.183e-01
-3.020e+00 4.423e-01
-3.010e+00 4.311e-01
-3.000e+00 6.140e-01
-2.990e+00 6.870e-01
-2.980e+00 6.435e-01
-2.970e+00 7.319e-01
-2.960e+00 7.056e-01
-2.950e+00 6.366e-01
-2.940e+00 7.898e-01
-2.930e+00 8.085e-01
-2.920e+00 7.549e-01
-2.910e+00 7.039e-01
-2.900e+00 7.024e-01
-2.890e+00 6.582e-01
-2.880e+00 5.662e-01
-2.870e+00 6.477e-01
-2.860e+00 5.073e-01
-2.850e+00 4.928e-01
-2.840e+00 5.311e-01
-2.830e+00 6.043e-01
-2.820e+00 6.287e-01
-2.810e+00 7.693e-01
-2.800e+00 9.208e-01
-2.790e+00 9.343e-01
-2.780e+00 9.718e-01
-2.770e+00 1.018e+00
-2.760e+00 8.056e-01
-2.750e+00 7.238e-01
-2.740e+00 7.778e-01
-2.730e+00 6.424e-01
-2.720e+00 7.213e-01
-2.710e+00 8.446e-01
-2.700e+00 8.260e-01
-2.690e+00 8.811e-01
-2.680e+00 9.668e-01
-2.670e+00 7.573e-01
-2.660e+00 7.907e-01
-2.650e+00 8.925e-01
-2.640e+00 8.451e-01
-2.630e+00 7.837e-01
-2.620e+00 6.377e-01
-2.610e+00 5.002e-01
-2.600e+00 6.215e-01
-2.590e+00 5.371e-01
-2.580e+00 4.422e-01
-2.570e+00 5.612e-01
-2.560e+00 4.848e-01
-2.550e+00 5.309e-01
-2.540e+00 6.386e-01
-2.530e+00 6.982e-01
-2.520e+00 6.940e-01
-2.510e+00 7.441e-01
-2.500e+00 8.274e-01
-2.490e+00 6.302e-01
-2.480e+00 6.678e-01
-2.470e+00 5.969e-01
-2.460e+00 5.560e-01
-2.450e+00 5.878e-01
-2.440e+00 5.683e-01
-2.430e+00 6.669e-01
-2.420e+00 6.869e-01
-2.410e+00 7.588e-01
-2.400e+00 7.415e-01
-2.390e+00 6.682e-01
-2.380e+00 6.281e-01
-2.370e+00 4.500e-01
-2.360e+00 3.532e-01
-2.350e+00 2.958e-01
-2.340e+00 3.751e-01
-2.330e+00 5.152e-01
-2.320e+00 6.054e-01
-2.310e+00 7.279e-01
-2.300e+00 9.413e-01
-2.290e+00 8.810e-01
-2.280e+00 7.945e-01
-2.270e+00 7.594e-01
-2.260e+00 6.016e-01
-2.250e+00 4.382e-01
-2.240e+00 3.713e-01
-2.230e+00 3.399e-01
-2.220e+00 3.619e-01
-2.210e+00 4.172e-01
-2.200e+00 5.487e-01
-2.190e+00 6.456e-01
-2.180e+00 6.070e-01
-2.170e+00 5.892e-01
-2.160e+00 5.764e-01
-2.150e+00 4.601e-01
-2.140e+00 4.528e-01
-2.130e+00 3.564e-01
-2.120e+00 3.057e-01
-2.110e+00 3.315e-01
-2.100e+00 4.704e-01
-2.090e+00 5.153e-01
-2.080e+00 5.712e-01
-2.070e+00 6.712e-01
-2.060e+00 7.968e-01
-2.050e+00 8.561e-01
-2.040e+00 8.928e-01
-2.030e+00 8.232e-01
-2.020e+00 7.927e-01
-2.010e+00 8.436e-01
-2.000e+00 7.276e-01
-1.990e+00 7.283e-01
-1.980e+00 7.196e-01
-1.970e+00 6.227e-01
-1.960e+00 6.063e-01
-1.950e+00 7.819e-01
-1.940e+00 7.064e-01
-1.930e+00 8.097e-01
-1.920e+00 7.812e-01
-1.910e+00 6.731e-01
-1.900e+00 6.347e-01
-1.890e+00 6.339e-01
-1.880e+00 7.020e-01
-1.870e+00 8.181e-01
-1.860e+00 6.292e-01
-1.850e+00 5.615e-01
-1.840e+00 7.722e-01
-1.830e+00 7.227e-01
-1.820e+00 6.555e-01
-1.810e+00 8.194e-01
-1.800e+00 9.493e-01
-1.790e+00 9.563e-01
-1.780e+00 8.956e-01
-1.770e+00 7.754e-01
-1.760e+00 6.732e-01
-1.750e+00 6.069e-01
-1.740e+00 5.916e-01
-1.730e+00 5.478e-01
-1.720e+00 5.761e-01
-1.710e+00 4.782e-01
-1.700e+00 5.798e-01
-1.690e+00 6.132e-01
-1.680e+00 6.422e-01
-1.670e+00 6.217e-01
-1.660e+00 5.422e-01
-1.650e+00 4.889e-01
-1.640e+00 4.893e-01
-1.630e+00 5.165e-01
-1.620e+00 3.629e-01
-1.610e+00 5.594e-01
-1.600e+00 5.566e-01
-1.590e+00 4.553e-01
-1.580e+00 5.678e-01
-1.570e+00 5.275e-01
-1.560e+00 2.491e-01
-1.550e+00 2.192e-01
-1.540e+00 2.623e-01
-1.530e+00 3.494e-01
-1.520e+00 5.414e-01
-1.510e+00 4.552e-01
-1.500e+00 5.306e-01
-1.490e+00 5.278e-01
-1.480e+00 4.082e-01
-1.470e+00 3.378e-01
-1.460e+00 1.654e-01
-1.450e+00 -2.441e-02
-1.440e+00 2.243e-01
-1.430e+00 2.191e-01
-1.420e+00 2.943e-01
-1.410e+00 5.478e-01
-1.400e+00 5.658e-01
-1.390e+00 4.164e-01
-1.380e+00 6.646e-01
-1.370e+00 5.197e-01
-1.360e+00 4.285e-01
-1.350e+00 4.757e-01
-1.340e+00 6.508e-01
-1.330e+00 6.660e-01
-1.320e+00 5.607e-01
-1.310e+00 6.346e-01
-1.300e+00 5.665e-01
-1.290e+00 5.713e-01
-1.280e+00 4.045e-01
-1.270e+00 5.935e-01
-1.260e+00 5.584e-01
-1.250e+00 7.843e-01
-1.240e+00 7.474e-01
-1.230e+00 8.327e-01
-1.220e+00 2.764e-01
-1.210e+00 4.007e-01
-1.200e+00 5.317e-01
-1.190e+00 6.010e-01
-1.180e+00 5.801e-01
-1.170e+00 8.774e-01
-1.160e+00 8.685e-01
-1.150e+00 8.329e-01
-1.140e+00 1.021e+00
-1.130e+00 7.638e-01
-1.120e+00 5.564e-01
-1.110e+00 4.031e-01
-1.100e+00 7.511e-01
-1.090e+00 6.532e-01
-1.080e+00 5.967e-01
-1.070e+00 4.426e-01
-1.060e+00 3.327e-01
-1.050e+00 3.355e-01
-1.040e+00 5.919e-01
-1.030e+00 1.450e-01
-1.020e+00 1.014e-01
-1.010e+00 2.195e-01
-1.000e+00 3.602e-01
-9.900e-01 2.913e-01
-9.800e-01 4.662e-01
-9.700e-01 5.770e-01
-9.600e-01 4.097e-01
-9.500e-01 3.635e-01
-9.400e-01 2.732e-01
-9.300e-01 2.716e-01
-9.200e-01 5.494e-01
-9.100e-01 7.725e-01
-9.000e-01 5.316e-01
-8.900e-01 7.704e-01
-8.800e-01 6.951e-01
-8.700e-01 6.048e-01
-8.600e-01 2.159e-01
-8.500e-01 3.588e-01
-8.400e-01 1.104e-01
-8.300e-01 5.798e-01
-8.200e-01 6.130e-01
-8.100e-01 7.498e-01
-8.000e-01 4.461e-01
-7.900e-01 5.608e-01
-7.800e-01 5.263e-01
-7.700e-01 5.398e-01
-7.600e-01 3.620e-01
-7.500e-01 4.843e-01
-7.400e-01 4.282e-01
-7.300e-01 4.390e-02
-7.200e-01 -2.675e-01
-7.100e-01 -2.968e-01
-7.000e-01 1.699e-01
-6.900e-01 -1.310e-01
-6.800e-01 1.786e-01
-6.700e-01 7.169e-01
-6.600e-01 3.818e-01
-6.500e-01 6.311e-01
-6.400e-01 7.156e-01
-6.300e-01 2.127e-01
-6.200e-01 7.011e-01
-6.100e-01 9.020e-01
-6.000e-01 1.041e+00
-5.900e-01 1.021e+00
-5.800e-01 1.250e+00
-5.700e-01 1.094e+00
-5.600e-01 6.213e-01
-5.500e-01 6.103e-01
-5.400e-01 4.186e-01
-5.300e-01 5.947e-01
-5.200e-01 7.711e-01
-5.100e-01 1.068e+00
-5.000e-01 1.234e+00
-4.900e-01 1.088e+00
-4.800e-01 9.791e-01
-4.700e-01 6.033e-01
-4.600e-01 1.120e-01
-4.500e-01 -2.981e-01
-4.400e-01 -1.783e-01
-4.300e-01 -1.202e-01
-4.200e-01 -1.966e-01
-4.100e-01 5.083e-01
-4.000e-01 3.830e-01
-3.900e-01 4.040e-01
-3.800e-01 5.557e-01
-3.700e-01 3.667e-01
-3.600e-01 4.167e-01
-3.500e-01 3.424e-01
-3.400e-01 3.765e-01
-3.300e-01 6.670e-01
-3.200e-01 1.528e+00
-3.100e-01 1.263e+00
-3.000e-01 1.681e+00
-2.900e-01 2.303e+00
-2.800e-01 2.512e+00
-2.700e-01 2.352e+00
-2.600e-01 2.603e+00
-2.500e-01 1.737e+00
-2.400e-01 1.755e+00
-2.300e-01 2.542e+00
-2.200e-01 2.679e+00
-2.100e-01 2.908e+00
-2.000e-01 3.562e+00
-1.900e-01 3.623e+00
-1.800e-01 3.193e+00
-1.700e-01 3.545e+00
-1.600e-01 3.548e+00
-1.500e-01 4.288e+00
-1.400e-01 4.331e+00
-1.300e-01 5.668e+00
-1.200e-01 5.433e+00
-1.100e-01 6.790e+00
-1.000e-01 6.250e+00
-9.000e-02 7.842e+00
-8.000e-02 8.257e+00
-7.000e-02 1.077e+01
-6.000e-02 1.270e+01
-5.000e-02 1.508e+01
-4.000e-02 1.823e+01
-3.000e-02 2.142e+01
-2.000e-02 2.544e+01
-1.000e-02 3.627e+01
