# Frequency (1.0/ps)      real(fft(F_1))
0.000e+00 2.499e+02
1.000e-02 3.985e+01
2.000e-02 1.934e+01
3.000e-02 7.771e+00
4.000e-02 6.991e+00
5.000e-02 2.312e+00
6.000e-02 2.530e+00
7.000e-02 3.127e+00
8.000e-02 3.212e+00
9.000e-02 2.147e+00
1.000e-01 8.664e-01
1.100e-01 3.836e+00
1.200e-01 2.346e+00
1.300e-01 2.111e+00
1.400e-01 2.213e+00
1.500e-01 1.710e+00
1.600e-01 1.533e-01
1.700e-01 -2.768e-01
1.800e-01 1.316e+00
1.900e-01 8.266e-01
2.000e-01 1.611e+00
2.100e-01 2.993e-01
2.200e-01 1.171e+00
2.300e-01 2.503e-02
2.400e-01 1.790e+00
2.500e-01 7.307e-01
2.600e-01 2.814e+00
2.700e-01 1.174e+00
2.800e-01 1.044e+00
2.900e-01 1.198e+00
3.000e-01 -4.056e-01
3.100e-01 4.026e-01
3.200e-01 7.955e-01
3.300e-01 6.377e-01
3.400e-01 9.057e-01
3.500e-01 1.630e+00
3.600e-01 1.056e+00
3.700e-01 1.266e+00
3.800e-01 1.532e+00
3.900e-01 -1.333e-01
4.000e-01 9.314e-01
4.100e-01 1.444e-01
4.200e-01 -5.840e-02
4.300e-01 -5.711e-01
4.400e-01 1.192e+00
4.500e-01 1.004e+00
4.600e-01 1.628e+00
4.700e-01 9.212e-01
4.800e-01 4.098e-01
4.900e-01 9.571e-01
5.000e-01 -3.433e-01
5.100e-01 1.056e+00
5.200e-01 1.083e+00
5.300e-01 5.666e-01
5.400e-01 8.814e-01
5.500e-01 5.896e-01
5.600e-01 2.322e-01
5.700e-01 -5.663e-01
5.800e-01 4.761e-01
5.900e-01 8.012e-01
6.000e-01 -2.857e-01
6.100e-01 2.654e-01
6.200e-01 2.676e-01
6.300e-01 -4.819e-01
6.400e-01 6.278e-02
6.500e-01 -3.602e-01
6.600e-01 7.138e-01
6.700e-01 -2.503e-01
6.800e-01 8.923e-02
6.900e-01 -2.983e-01
7.000e-01 -1.448e-01
7.100e-01 1.138e+00
7.200e-01 1.797e-01
7.300e-01 5.208e-02
7.400e-01 8.173e-01
7.500e-01 5.844e-01
7.600e-01 6.423e-01
7.700e-01 1.213e+00
7.800e-01 1.347e+00
7.900e-01 5.055e-01
8.000e-01 -4.329e-01
8.100e-01 7.613e-01
8.200e-01 3.796e-01
8.300e-01 1.858e-01
8.400e-01 4.297e-01
8.500e-01 7.305e-01
8.600e-01 6.007e-01
8.700e-01 1.062e+00
8.800e-01 1.890e+00
8.900e-01 1.329e+00
9.000e-01 1.672e+00
9.100e-01 1.160e+00
9.200e-01 1.283e+00
9.300e-01 1.103e+00
9.400e-01 6.268e-01
9.500e-01 1.299e+00
9.600e-01 5.525e-01
9.700e-01 1.349e+00
9.800e-01 1.303e+00
9.900e-01 1.240e+00
1.000e+00 9.155e-01
1.010e+00 6.205e-01
1.020e+00 9.504e-01
1.030e+00 2.114e-01
1.040e+00 5.867e-02
1.050e+00 6.449e-01
1.060e+00 1.629e-01
1.070e+00 5.459e-01
1.080e+00 2.467e-01
1.090e+00 3.572e-01
1.100e+00 5.208e-01
1.110e+00 5.439e-01
1.120e+00 9.766e-01
1.130e+00 4.245e-01
1.140e+00 8.238e-01
1.150e+00 8.604e-01
1.160e+00 1.188e+00
1.170e+00 1.505e-01
1.180e+00 1.132e-01
1.190e+00 6.575e-01
1.200e+00 7.369e-01
1.210e+00 3.127e-03
1.220e+00 5.995e-01
1.230e+00 3.539e-01
1.240e+00 5.982e-01
1.250e+00 1.790e-01
1.260e+00 2.313e-03
1.270e+00 1.104e+00
1.280e+00 1.047e+00
1.290e+00 7.846e-01
1.300e+00 9.484e-01
1.310e+00 6.039e-01
1.320e+00 3.436e-01
1.330e+00 5.087e-01
1.340e+00 8.908e-01
1.350e+00 3.738e-01
1.360e+00 7.335e-01
1.370e+00 4.662e-01
1.380e+00 5.873e-01
1.390e+00 6.324e-01
1.400e+00 9.206e-01
1.410e+00 1.519e+00
1.420e+00 6.885e-01
1.430e+00 4.485e-01
1.440e+00 6.391e-01
1.450e+00 5.098e-01
1.460e+00 3.344e-01
1.470e+00 3.698e-03
1.480e+00 1.051e+00
1.490e+00 9.272e-01
1.500e+00 1.530e+00
1.510e+00 1.070e+00
1.520e+00 8.847e-01
1.530e+00 3.986e-01
1.540e+00 8.327e-01
1.550e+00 4.309e-01
1.560e+00 7.607e-01
1.570e+00 1.076e+00
1.580e+00 1.037e-01
1.590e+00 8.299e-01
1.600e+00 8.544e-01
1.610e+00 2.264e-01
1.620e+00 3.335e-01
1.630e+00 1.224e+00
1.640e+00 2.299e-01
1.650e+00 -2.667e-03
1.660e+00 2.908e-01
1.670e+00 8.246e-01
1.680e+00 3.229e-01
1.690e+00 6.590e-01
1.700e+00 1.412e+00
1.710e+00 6.417e-01
1.720e+00 9.304e-01
1.730e+00 7.583e-01
1.740e+00 8.894e-01
1.750e+00 5.483e-01
1.760e+00 6.244e-01
1.770e+00 3.232e-01
1.780e+00 3.376e-01
1.790e+00 -1.825e-01
1.800e+00 -3.581e-01
1.810e+00 2.365e-01
1.820e+00 -1.214e-01
1.830e+00 8.324e-01
1.840e+00 2.860e-01
1.850e+00 5.563e-01
1.860e+00 6.254e-01
1.870e+00 3.756e-01
1.880e+00 2.553e-01
1.890e+00 5.139e-01
1.900e+00 3.958e-01
1.910e+00 7.409e-01
1.920e+00 1.136e+00
1.930e+00 5.800e-01
1.940e+00 1.867e-01
1.950e+00 2.652e-01
1.960e+00 -1.546e-02
1.970e+00 3.485e-01
1.980e+00 7.803e-01
1.990e+00 9.464e-01
2.000e+00 8.327e-01
2.010e+00 5.628e-01
2.020e+00 5.491e-01
2.030e+00 4.840e-01
2.040e+00 5.031e-01
2.050e+00 7.240e-01
2.060e+00 6.459e-01
2.070e+00 6.179e-01
2.080e+00 4.091e-01
2.090e+00 2.083e-01
2.100e+00 3.365e-01
2.110e+00 5.030e-01
2.120e+00 4.468e-01
2.130e+00 1.715e-01
2.140e+00 4.136e-01
2.150e+00 2.574e-01
2.160e+00 3.215e-01
2.170e+00 1.676e-01
2.180e+00 6.443e-01
2.190e+00 1.096e+00
2.200e+00 8.173e-01
2.210e+00 8.062e-01
2.220e+00 6.582e-01
2.230e+00 2.151e-01
2.240e+00 8.732e-01
2.250e+00 1.196e+00
2.260e+00 7.744e-01
2.270e+00 4.667e-01
2.280e+00 5.190e-01
2.290e+00 4.376e-01
2.300e+00 4.912e-01
2.310e+00 7.231e-01
2.320e+00 5.498e-01
2.330e+00 6.778e-01
2.340e+00 5.307e-01
2.350e+00 4.103e-01
2.360e+00 4.869e-01
2.370e+00 3.957e-01
2.380e+00 3.152e-01
2.390e+00 4.648e-01
2.400e+00 5.523e-01
2.410e+00 3.946e-01
2.420e+00 3.407e-01
2.430e+00 8.528e-01
2.440e+00 2.977e-01
2.450e+00 2.623e-01
2.460e+00 5.511e-01
2.470e+00 3.468e-01
2.480e+00 4.613e-01
2.490e+00 6.930e-01
2.500e+00 6.996e-01
2.510e+00 9.299e-01
2.520e+00 4.965e-01
2.530e+00 8.243e-01
2.540e+00 5.601e-01
2.550e+00 5.238e-01
2.560e+00 6.707e-01
2.570e+00 2.435e-01
2.580e+00 2.963e-01
2.590e+00 2.109e-01
2.600e+00 5.393e-01
2.610e+00 8.421e-01
2.620e+00 1.105e+00
2.630e+00 4.273e-01
2.640e+00 2.684e-01
2.650e+00 4.978e-01
2.660e+00 5.334e-01
2.670e+00 7.805e-01
2.680e+00 6.184e-01
2.690e+00 8.849e-01
2.700e+00 6.396e-01
2.710e+00 6.464e-01
2.720e+00 7.945e-01
2.730e+00 9.044e-01
2.740e+00 4.609e-01
2.750e+00 5.662e-01
2.760e+00 5.714e-01
2.770e+00 3.633e-01
2.780e+00 4.319e-01
2.790e+00 5.440e-01
2.800e+00 9.998e-01
2.810e+00 5.902e-01
2.820e+00 1.847e-01
2.830e+00 1.964e-01
2.840e+00 2.312e-01
2.850e+00 6.747e-01
2.860e+00 5.050e-01
2.870e+00 5.235e-01
2.880e+00 4.802e-01
2.890e+00 7.506e-01
2.900e+00 4.203e-01
2.910e+00 2.323e-01
2.920e+00 6.914e-01
2.930e+00 1.124e+00
2.940e+00 6.841e-01
2.950e+00 5.072e-01
2.960e+00 3.636e-01
2.970e+00 4.718e-01
2.980e+00 4.365e-01
2.990e+00 8.500e-01
3.000e+00 5.107e-01
3.010e+00 3.108e-01
3.020e+00 3.646e-01
3.030e+00 4.913e-01
3.040e+00 6.067e-01
3.050e+00 8.436e-01
3.060e+00 4.370e-01
3.070e+00 5.992e-01
3.080e+00 5.927e-01
3.090e+00 4.127e-01
3.100e+00 3.767e-01
3.110e+00 7.151e-01
3.120e+00 1.077e-01
3.130e+00 4.535e-01
3.140e+00 5.857e-01
3.150e+00 6.106e-01
3.160e+00 5.037e-01
3.170e+00 2.320e-01
3.180e+00 5.939e-01
3.190e+00 8.020e-01
3.200e+00 5.960e-01
3.210e+00 6.481e-02
3.220e+00 3.788e-02
3.230e+00 2.372e-01
3.240e+00 4.993e-01
3.250e+00 2.608e-01
3.260e+00 3.484e-01
3.270e+00 5.650e-01
3.280e+00 3.875e-01
3.290e+00 4.961e-01
3.300e+00 5.939e-01
3.310e+00 4.089e-01
3.320e+00 3.168e-01
3.330e+00 6.390e-01
3.340e+00 3.426e-01
3.350e+00 1.721e-01
3.360e+00 3.520e-02
3.370e+00 3.000e-01
3.380e+00 4.853e-01
3.390e+00 5.883e-01
3.400e+00 5.576e-01
3.410e+00 4.366e-01
3.420e+00 5.399e-01
3.430e+00 4.883e-01
3.440e+00 3.137e-01
3.450e+00 6.222e-01
3.460e+00 5.364e-01
3.470e+00 7.372e-01
3.480e+00 5.151e-01
3.490e+00 5.970e-01
3.500e+00 3.095e-01
3.510e+00 5.507e-01
3.520e+00 3.040e-01
3.530e+00 4.826e-01
3.540e+00 7.747e-01
3.550e+00 4.647e-01
3.560e+00 5.738e-01
3.570e+00 1.162e+00
3.580e+00 8.521e-01
3.590e+00 5.782e-01
3.600e+00 6.817e-01
3.610e+00 2.895e-01
3.620e+00 3.308e-01
3.630e+00 5.199e-01
3.640e+00 5.902e-01
3.650e+00 5.236e-01
3.660e+00 1.003e+00
3.670e+00 7.462e-01
3.680e+00 7.048e-01
3.690e+00 9.215e-01
3.700e+00 6.554e-01
3.710e+00 7.154e-01
3.720e+00 7.633e-01
3.730e+00 6.127e-01
3.740e+00 6.568e-01
3.750e+00 4.182e-01
3.760e+00 6.596e-01
3.770e+00 2.722e-01
3.780e+00 5.571e-01
3.790e+00 5.470e-01
3.800e+00 -8.004e-02
3.810e+00 2.298e-01
3.820e+00 2.906e-01
3.830e+00 5.321e-01
3.840e+00 5.198e-01
3.850e+00 6.085e-01
3.860e+00 4.655e-01
3.870e+00 -1.520e-01
3.880e+00 -7.337e-02
3.890e+00 4.841e-01
3.900e+00 5.848e-01
3.910e+00 4.285e-01
3.920e+00 4.658e-01
3.930e+00 5.160e-01
3.940e+00 5.892e-01
3.950e+00 8.670e-01
3.960e+00 9.105e-01
3.970e+00 8.838e-01
3.980e+00 7.791e-01
3.990e+00 6.280e-01
4.000e+00 3.771e-01
4.010e+00 5.684e-01
4.020e+00 2.906e-01
4.030e+00 5.152e-01
4.040e+00 7.113e-01
4.050e+00 7.303e-01
4.060e+00 7.864e-01
4.070e+00 1.016e+00
4.080e+00 7.771e-01
4.090e+00 7.163e-01
4.100e+00 6.650e-01
4.110e+00 7.060e-01
4.120e+00 6.977e-01
4.130e+00 3.986e-01
4.140e+00 -1.095e-01
4.150e+00 3.537e-01
4.160e+00 4.390e-01
4.170e+00 5.915e-01
4.180e+00 6.919e-01
4.190e+00 6.303e-01
4.200e+00 7.025e-01
4.210e+00 3.321e-01
4.220e+00 1.807e-01
4.230e+00 5.323e-01
4.240e+00 3.889e-01
4.250e+00 3.086e-01
4.260e+00 2.472e-01
4.270e+00 -1.932e-03
4.280e+00 2.034e-01
4.290e+00 4.277e-01
4.300e+00 6.189e-01
4.310e+00 6.440e-01
4.320e+00 4.495e-01
4.330e+00 5.161e-01
4.340e+00 5.670e-01
4.350e+00 6.866e-01
4.360e+00 7.458e-01
4.370e+00 8.065e-02
4.380e+00 6.404e-01
4.390e+00 8.335e-01
4.400e+00 6.240e-01
4.410e+00 4.237e-01
4.420e+00 4.213e-01
4.430e+00 1.679e-01
4.440e+00 7.591e-02
4.450e+00 4.970e-01
4.460e+00 4.135e-01
4.470e+00 3.500e-01
4.480e+00 3.788e-01
4.490e+00 2.125e-01
4.500e+00 2.141e-01
4.510e+00 5.548e-01
4.520e+00 7.500e-01
4.530e+00 6.206e-01
4.540e+00 6.549e-01
4.550e+00 4.789e-01
4.560e+00 6.051e-01
4.570e+00 3.875e-01
4.580e+00 4.657e-01
4.590e+00 3.406e-01
4.600e+00 2.640e-01
4.610e+00 3.352e-01
4.620e+00 4.161e-01
4.630e+00 1.596e-01
4.640e+00 6.310e-01
4.650e+00 3.984e-01
4.660e+00 3.830e-01
4.670e+00 3.885e-01
4.680e+00 6.648e-01
4.690e+00 3.738e-01
4.700e+00 2.998e-01
4.710e+00 8.149e-01
4.720e+00 4.770e-01
4.730e+00 2.430e-01
4.740e+00 6.671e-01
4.750e+00 4.722e-01
4.760e+00 2.014e-01
4.770e+00 3.568e-01
4.780e+00 5.533e-01
4.790e+00 3.217e-01
4.800e+00 6.810e-01
4.810e+00 6.199e-01
4.820e+00 8.423e-01
4.830e+00 4.619e-01
4.840e+00 9.795e-01
4.850e+00 6.945e-01
4.860e+00 6.947e-01
4.870e+00 2.622e-01
4.880e+00 3.640e-01
4.890e+00 5.163e-01
4.900e+00 6.804e-01
4.910e+00 4.286e-01
4.920e+00 2.905e-01
4.930e+00 5.411e-01
4.940e+00 4.574e-01
4.950e+00 4.074e-01
4.960e+00 6.221e-01
4.970e+00 6.994e-01
4.980e+00 8.521e-01
4.990e+00 7.134e-01
-5.000e+00 9.083e-01
-4.990e+00 6.177e-01
-4.980e+00 7.782e-01
-4.970e+00 1.596e-01
-4.960e+00 6.539e-01
-4.950e+00 6.896e-01
-4.940e+00 7.102e-01
-4.930e+00 4.683e-01
-4.920e+00 5.705e-01
-4.910e+00 6.683e-01
-4.900e+00 3.833e-01
-4.890e+00 6.009e-01
-4.880e+00 4.414e-01
-4.870e+00 2.371e-01
-4.860e+00 6.473e-01
-4.850e+00 3.844e-01
-4.840e+00 7.232e-01
-4.830e+00 8.862e-01
-4.820e+00 5.697e-01
-4.810e+00 5.801e-01
-4.800e+00 3.567e-01
-4.790e+00 4.318e-01
-4.780e+00 6.688e-01
-4.770e+00 3.013e-01
-4.760e+00 6.128e-01
-4.750e+00 3.641e-01
-4.740e+00 6.036e-01
-4.730e+00 4.848e-01
-4.720e+00 5.255e-01
-4.710e+00 6.895e-01
-4.700e+00 7.017e-01
-4.690e+00 4.471e-01
-4.680e+00 5.047e-01
-4.670e+00 6.029e-01
-4.660e+00 5.698e-01
-4.650e+00 6.405e-01
-4.640e+00 6.346e-01
-4.630e+00 2.677e-01
-4.620e+00 4.305e-01
-4.610e+00 3.068e-01
-4.600e+00 5.419e-01
-4.590e+00 1.308e-01
-4.580e+00 5.202e-01
-4.570e+00 4.092e-01
-4.560e+00 3.967e-01
-4.550e+00 1.796e-01
-4.540e+00 4.376e-01
-4.530e+00 7.547e-01
-4.520e+00 5.869e-01
-4.510e+00 6.489e-02
-4.500e+00 6.582e-01
-4.490e+00 1.812e-01
-4.480e+00 2.825e-01
-4.470e+00 6.455e-02
-4.460e+00 5.095e-01
-4.450e+00 4.373e-01
-4.440e+00 3.419e-01
-4.430e+00 8.348e-02
-4.420e+00 2.540e-01
-4.410e+00 2.358e-01
-4.400e+00 3.819e-01
-4.390e+00 7.301e-01
-4.380e+00 5.696e-01
-4.370e+00 5.721e-01
-4.360e+00 8.355e-01
-4.350e+00 9.114e-01
-4.340e+00 7.375e-01
-4.330e+00 4.814e-01
-4.320e+00 2.562e-01
-4.310e+00 6.340e-01
-4.300e+00 6.631e-01
-4.290e+00 4.436e-01
-4.280e+00 4.810e-01
-4.270e+00 5.980e-01
-4.260e+00 1.463e-02
-4.250e+00 4.347e-01
-4.240e+00 5.795e-01
-4.230e+00 -7.074e-02
-4.220e+00 2.916e-01
-4.210e+00 3.973e-01
-4.200e+00 1.810e-01
-4.190e+00 3.215e-01
-4.180e+00 2.221e-01
-4.170e+00 2.834e-01
-4.160e+00 5.063e-01
-4.150e+00 5.946e-01
-4.140e+00 5.305e-01
-4.130e+00 6.156e-01
-4.120e+00 4.897e-01
-4.110e+00 7.312e-01
-4.100e+00 6.690e-01
-4.090e+00 8.942e-01
-4.080e+00 6.744e-01
-4.070e+00 1.071e+00
-4.060e+00 4.952e-01
-4.050e+00 1.967e-01
-4.040e+00 8.867e-01
-4.030e+00 5.686e-01
-4.020e+00 4.080e-01
-4.010e+00 5.531e-01
-4.000e+00 3.166e-01
-3.990e+00 4.652e-01
-3.980e+00 6.612e-01
-3.970e+00 4.015e-01
-3.960e+00 8.879e-01
-3.950e+00 7.545e-01
-3.940e+00 8.673e-01
-3.930e+00 5.187e-01
-3.920e+00 3.840e-01
-3.910e+00 5.612e-01
-3.900e+00 2.049e-01
-3.890e+00 4.834e-02
-3.880e+00 1.365e-01
-3.870e+00 5.113e-02
-3.860e+00 5.487e-01
-3.850e+00 5.338e-01
-3.840e+00 7.239e-01
-3.830e+00 8.116e-01
-3.820e+00 6.600e-01
-3.810e+00 3.774e-01
-3.800e+00 4.176e-01
-3.790e+00 2.262e-01
-3.780e+00 5.479e-01
-3.770e+00 8.093e-01
-3.760e+00 6.162e-01
-3.750e+00 5.610e-01
-3.740e+00 6.703e-01
-3.730e+00 8.354e-01
-3.720e+00 7.456e-01
-3.710e+00 6.917e-01
-3.700e+00 7.570e-01
-3.690e+00 5.404e-01
-3.680e+00 3.721e-01
-3.670e+00 5.208e-01
-3.660e+00 6.250e-01
-3.650e+00 2.730e-01
-3.640e+00 3.755e-01
-3.630e+00 4.093e-01
-3.620e+00 6.203e-01
-3.610e+00 5.512e-01
-3.600e+00 7.519e-01
-3.590e+00 5.092e-01
-3.580e+00 5.314e-01
-3.570e+00 8.095e-01
-3.560e+00 1.708e-01
-3.550e+00 3.899e-01
-3.540e+00 4.600e-01
-3.530e+00 3.764e-01
-3.520e+00 3.914e-01
-3.510e+00 3.918e-01
-3.500e+00 2.049e-01
-3.490e+00 3.496e-01
-3.480e+00 5.018e-01
-3.470e+00 4.462e-01
-3.460e+00 5.330e-01
-3.450e+00 3.002e-01
-3.440e+00 5.171e-01
-3.430e+00 7.773e-01
-3.420e+00 5.802e-01
-3.410e+00 5.274e-01
-3.400e+00 1.015e+00
-3.390e+00 7.413e-01
-3.380e+00 8.659e-01
-3.370e+00 5.886e-01
-3.360e+00 3.328e-01
-3.350e+00 3.931e-01
-3.340e+00 3.478e-01
-3.330e+00 1.353e-01
-3.320e+00 3.105e-01
-3.310e+00 5.756e-01
-3.300e+00 5.034e-01
-3.290e+00 4.277e-01
-3.280e+00 3.839e-01
-3.270e+00 3.499e-01
-3.260e+00 7.814e-01
-3.250e+00 5.429e-01
-3.240e+00 5.788e-01
-3.230e+00 4.091e-01
-3.220e+00 1.982e-01
-3.210e+00 1.351e-02
-3.200e+00 4.270e-01
-3.190e+00 4.837e-01
-3.180e+00 4.001e-01
-3.170e+00 3.233e-01
-3.160e+00 3.151e-01
-3.150e+00 3.891e-01
-3.140e+00 4.576e-01
-3.130e+00 3.067e-01
-3.120e+00 5.575e-01
-3.110e+00 7.287e-01
-3.100e+00 6.651e-01
-3.090e+00 7.414e-01
-3.080e+00 8.717e-01
-3.070e+00 5.028e-01
-3.060e+00 3.213e-01
-3.050e+00 2.056e-01
-3.040e+00 4.725e-01
-3.030e+00 8.739e-01
-3.020e+00 5.153e-01
-3.010e+00 2.914e-01
-3.000e+00 1.424e-01
-2.990e+00 6.572e-01
-2.980e+00 5.232e-01
-2.970e+00 4.506e-01
-2.960e+00 3.122e-01
-2.950e+00 4.943e-01
-2.940e+00 3.643e-01
-2.930e+00 8.866e-01
-2.920e+00 6.842e-01
-2.910e+00 3.590e-01
-2.900e+00 3.468e-01
-2.890e+00 4.015e-01
-2.880e+00 6.487e-01
-2.870e+00 8.742e-01
-2.860e+00 5.129e-01
-2.850e+00 6.522e-01
-2.840e+00 4.831e-01
-2.830e+00 6.681e-01
-2.820e+00 3.922e-01
-2.810e+00 3.177e-01
-2.800e+00 6.924e-01
-2.790e+00 4.275e-01
-2.780e+00 2.965e-01
-2.770e+00 2.000e-01
-2.760e+00 5.727e-01
-2.750e+00 6.241e-01
-2.740e+00 1.904e-01
-2.730e+00 6.611e-01
-2.720e+00 6.129e-01
-2.710e+00 4.621e-01
-2.700e+00 3.715e-01
-2.690e+00 6.256e-01
-2.680e+00 7.085e-01
-2.670e+00 7.100e-01
-2.660e+00 8.856e-01
-2.650e+00 7.000e-01
-2.640e+00 1.712e-01
-2.630e+00 4.694e-01
-2.620e+00 8.750e-01
-2.610e+00 9.758e-01
-2.600e+00 7.992e-01
-2.590e+00 7.997e-01
-2.580e+00 6.135e-01
-2.570e+00 7.094e-01
-2.560e+00 4.763e-01
-2.550e+00 4.175e-01
-2.540e+00 7.983e-01
-2.530e+00 1.059e+00
-2.520e+00 5.163e-01
-2.510e+00 5.141e-01
-2.500e+00 2.144e-01
-2.490e+00 2.755e-01
-2.480e+00 3.941e-01
-2.470e+00 6.495e-01
-2.460e+00 6.538e-01
-2.450e+00 8.130e-01
-2.440e+00 4.959e-01
-2.430e+00 6.865e-01
-2.420e+00 2.890e-01
-2.410e+00 2.812e-01
-2.400e+00 5.413e-01
-2.390e+00 -4.185e-02
-2.380e+00 -3.669e-02
-2.370e+00 8.048e-02
-2.360e+00 5.630e-01
-2.350e+00 7.776e-01
-2.340e+00 7.349e-01
-2.330e+00 6.272e-01
-2.320e+00 6.903e-01
-2.310e+00 3.885e-01
-2.300e+00 5.629e-01
-2.290e+00 1.146e-01
-2.280e+00 5.657e-01
-2.270e+00 6.996e-01
-2.260e+00 1.081e+00
-2.250e+00 1.214e+00
-2.240e+00 7.238e-01
-2.230e+00 4.309e-01
-2.220e+00 4.592e-01
-2.210e+00 4.890e-01
-2.200e+00 8.508e-01
-2.190e+00 -1.879e-01
-2.180e+00 1.092e-01
-2.170e+00 2.956e-01
-2.160e+00 5.607e-01
-2.150e+00 6.773e-01
-2.140e+00 5.718e-01
-2.130e+00 8.459e-01
-2.120e+00 4.115e-01
-2.110e+00 6.649e-01
-2.100e+00 1.838e-01
-2.090e+00 5.901e-01
-2.080e+00 3.094e-01
-2.070e+00 1.699e-01
-2.060e+00 3.597e-01
-2.050e+00 2.401e-01
-2.040e+00 5.550e-01
-2.030e+00 3.054e-01
-2.020e+00 6.061e-01
-2.010e+00 8.752e-01
-2.000e+00 6.526e-01
-1.990e+00 1.101e+00
-1.980e+00 7.494e-01
-1.970e+00 8.020e-01
-1.960e+00 2.131e-01
-1.950e+00 7.885e-01
-1.940e+00 -3.526e-02
-1.930e+00 8.205e-01
-1.920e+00 7.169e-01
-1.910e+00 3.029e-01
-1.900e+00 8.307e-01
-1.890e+00 7.952e-01
-1.880e+00 3.820e-01
-1.870e+00 1.363e+00
-1.860e+00 8.030e-01
-1.850e+00 9.215e-01
-1.840e+00 1.550e-01
-1.830e+00 3.384e-01
-1.820e+00 3.248e-01
-1.810e+00 6.418e-01
-1.800e+00 3.139e-01
-1.790e+00 9.908e-02
-1.780e+00 2.343e-01
-1.770e+00 1.008e-01
-1.760e+00 2.582e-01
-1.750e+00 5.385e-02
-1.740e+00 9.607e-02
-1.730e+00 2.034e-01
-1.720e+00 3.605e-01
-1.710e+00 4.847e-01
-1.700e+00 1.268e+00
-1.690e+00 2.511e-01
-1.680e+00 7.153e-01
-1.670e+00 5.406e-01
-1.660e+00 -8.628e-02
-1.650e+00 8.659e-01
-1.640e+00 6.007e-01
-1.630e+00 4.844e-01
-1.620e+00 1.482e-01
-1.610e+00 3.288e-01
-1.600e+00 3.430e-01
-1.590e+00 4.620e-01
-1.580e+00 7.854e-01
-1.570e+00 3.090e-01
-1.560e+00 9.628e-01
-1.550e+00 3.176e-01
-1.540e+00 6.089e-01
-1.530e+00 3.600e-01
-1.520e+00 6.658e-01
-1.510e+00 4.381e-01
-1.500e+00 5.073e-01
-1.490e+00 1.148e+00
-1.480e+00 6.310e-01
-1.470e+00 1.774e-01
-1.460e+00 1.084e+00
-1.450e+00 7.387e-01
-1.440e+00 1.641e+00
-1.430e+00 8.929e-01
-1.420e+00 4.514e-01
-1.410e+00 1.334e+00
-1.400e+00 1.380e+00
-1.390e+00 1.722e-01
-1.380e+00 5.487e-01
-1.370e+00 7.065e-01
-1.360e+00 3.399e-01
-1.350e+00 5.398e-01
-1.340e+00 5.958e-01
-1.330e+00 -1.879e-01
-1.320e+00 6.335e-01
-1.310e+00 5.547e-01
-1.300e+00 -2.944e-01
-1.290e+00 3.742e-01
-1.280e+00 7.709e-01
-1.270e+00 5.514e-01
-1.260e+00 2.433e-01
-1.250e+00 7.026e-01
-1.240e+00 2.343e-01
-1.230e+00 1.093e+00
-1.220e+00 2.274e-01
-1.210e+00 2.259e-01
-1.200e+00 1.345e+00
-1.190e+00 7.489e-01
-1.180e+00 -1.203e-02
-1.170e+00 -1.785e-01
-1.160e+00 1.358e+00
-1.150e+00 1.132e+00
-1.140e+00 4.448e-01
-1.130e+00 1.944e+00
-1.120e+00 4.111e-01
-1.110e+00 2.491e-01
-1.100e+00 1.390e+00
-1.090e+00 7.243e-01
-1.080e+00 6.920e-01
-1.070e+00 5.500e-01
-1.060e+00 9.167e-01
-1.050e+00 1.411e+00
-1.040e+00 4.317e-01
-1.030e+00 6.460e-01
-1.020e+00 6.292e-01
-1.010e+00 -6.170e-02
-1.000e+00 1.024e+00
-9.900e-01 8.174e-01
-9.800e-01 9.060e-01
-9.700e-01 7.197e-01
-9.600e-01 3.511e-01
-9.500e-01 7.961e-01
-9.400e-01 7.944e-01
-9.300e-01 9.857e-02
-9.200e-01 1.033e+00
-9.100e-01 1.087e+00
-9.000e-01 4.978e-01
-8.900e-01 1.425e+00
-8.800e-01 1.419e+00
-8.700e-01 6.789e-01
-8.600e-01 1.080e-01
-8.500e-01 8.570e-01
-8.400e-01 -1.314e-01
-8.300e-01 8.892e-01
-8.200e-01 7.031e-01
-8.100e-01 8.814e-01
-8.000e-01 6.079e-02
-7.900e-01 4.253e-01
-7.800e-01 6.626e-01
-7.700e-01 4.020e-01
-7.600e-01 1.336e+00
-7.500e-01 8.086e-01
-7.400e-01 9.662e-01
-7.300e-01 5.067e-01
-7.200e-01 2.506e-01
-7.100e-01 3.570e-01
-7.000e-01 -5.727e-01
-6.900e-01 3.047e-02
-6.800e-01 4.875e-01
-6.700e-01 5.034e-01
-6.600e-01 7.209e-01
-6.500e-01 4.233e-01
-6.400e-01 5.630e-01
-6.300e-01 1.041e+00
-6.200e-01 3.708e-01
-6.100e-01 1.956e-01
-6.000e-01 1.451e+00
-5.900e-01 1.842e+00
-5.800e-01 1.160e+00
-5.700e-01 -1.871e-01
-5.600e-01 1.008e+00
-5.500e-01 6.302e-01
-5.400e-01 5.318e-01
-5.300e-01 -1.007e-02
-5.200e-01 1.215e+00
-5.100e-01 2.033e-01
-5.000e-01 4.215e-01
-4.900e-01 6.989e-01
-4.800e-01 8.612e-01
-4.700e-01 7.741e-01
-4.600e-01 9.892e-01
-4.500e-01 2.078e-01
-4.400e-01 1.634e-01
-4.300e-01 8.004e-01
-4.200e-01 1.360e-01
-4.100e-01 1.475e+00
-4.000e-01 6.546e-01
-3.900e-01 1.345e+00
-3.800e-01 6.258e-01
-3.700e-01 1.096e+00
-3.600e-01 7.374e-01
-3.500e-01 1.279e+00
-3.400e-01 7.610e-01
-3.300e-01 1.270e+00
-3.200e-01 7.607e-01
-3.100e-01 1.742e-01
-3.000e-01 -2.109e-01
-2.900e-01 1.984e-01
-2.800e-01 3.728e-01
-2.700e-01 1.331e+00
-2.600e-01 2.073e+00
-2.500e-01 1.073e+00
-2.400e-01 1.290e+00
-2.300e-01 -2.343e-02
-2.200e-01 1.439e+00
-2.100e-01 -6.184e-01
-2.000e-01 1.337e-02
-1.900e-01 1.078e+00
-1.800e-01 1.408e+00
-1.700e-01 -3.915e-01
-1.600e-01 1.118e-02
-1.500e-01 1.671e+00
-1.400e-01 1.082e+00
-1.300e-01 3.385e+00
-1.200e-01 3.165e+00
-1.100e-01 2.907e+00
-1.000e-01 1.601e+00
-9.000e-02 6.424e-01
-8.000e-02 1.499e+00
-7.000e-02 2.360e+00
-6.000e-02 4.677e-01
-5.000e-02 4.732e+00
-4.000e-02 6.039e+00
-3.000e-02 1.383e+01
-2.000e-02 2.007e+01
-1.000e-02 4.936e+01
