# Frequency (1.0/ps)      real(fft(F_0))
0.000e+00 1.190e+02
1.000e-02 6.265e+01
2.000e-02 3.179e+01
3.000e-02 1.798e+01
4.000e-02 1.603e+01
5.000e-02 1.273e+01
6.000e-02 7.873e+00
7.000e-02 6.293e+00
8.000e-02 4.800e+00
9.000e-02 1.423e+00
1.000e-01 2.477e+00
1.100e-01 3.413e+00
1.200e-01 1.944e+00
1.300e-01 9.468e-01
1.400e-01 1.624e+00
1.500e-01 6.746e-01
1.600e-01 1.508e+00
1.700e-01 1.370e+00
1.800e-01 3.968e+00
1.900e-01 1.310e+00
2.000e-01 1.743e+00
2.100e-01 1.494e+00
2.200e-01 7.352e-01
2.300e-01 4.258e-01
2.400e-01 3.701e-03
2.500e-01 2.199e-01
2.600e-01 1.145e+00
2.700e-01 1.917e+00
2.800e-01 2.521e+00
2.900e-01 9.963e-01
3.000e-01 1.723e-05
3.100e-01 1.844e+00
3.200e-01 1.626e+00
3.300e-01 1.328e+00
3.400e-01 6.150e-01
3.500e-01 9.720e-01
3.600e-01 1.079e+00
3.700e-01 4.392e-01
3.800e-01 6.562e-01
3.900e-01 1.229e+00
4.000e-01 7.420e-01
4.100e-01 1.699e+00
4.200e-01 1.990e+00
4.300e-01 1.344e+00
4.400e-01 8.706e-01
4.500e-01 7.883e-01
4.600e-01 4.241e-01
4.700e-01 7.625e-01
4.800e-01 4.698e-01
4.900e-01 7.784e-01
5.000e-01 9.358e-01
5.100e-01 1.169e+00
5.200e-01 6.073e-01
5.300e-01 2.849e-01
5.400e-01 7.952e-01
5.500e-01 8.780e-01
5.600e-01 1.716e-01
5.700e-01 2.148e-01
5.800e-01 4.609e-01
5.900e-01 9.309e-01
6.000e-01 8.096e-01
6.100e-01 9.747e-01
6.200e-01 1.365e+00
6.300e-01 1.302e+00
6.400e-01 6.557e-01
6.500e-01 5.540e-01
6.600e-01 1.092e+00
6.700e-01 4.519e-01
6.800e-01 1.207e+00
6.900e-01 7.139e-01
7.000e-01 7.268e-01
7.100e-01 5.379e-01
7.200e-01 1.409e-01
7.300e-01 5.244e-01
7.400e-01 1.145e+00
7.500e-01 1.984e-01
7.600e-01 2.981e-01
7.700e-01 3.072e-01
7.800e-01 8.408e-01
7.900e-01 8.325e-01
8.000e-01 -1.254e-01
8.100e-01 5.559e-01
8.200e-01 1.160e+00
8.300e-01 6.746e-01
8.400e-01 4.447e-01
8.500e-01 4.333e-01
8.600e-01 3.208e-01
8.700e-01 2.300e-01
8.800e-01 -1.143e-01
8.900e-01 -4.507e-01
9.000e-01 -7.915e-01
9.100e-01 -2.364e-01
9.200e-01 9.933e-02
9.300e-01 2.265e-01
9.400e-01 1.248e-01
9.500e-01 3.148e-01
9.600e-01 8.027e-01
9.700e-01 5.160e-01
9.800e-01 7.257e-01
9.900e-01 5.552e-01
1.000e+00 1.068e+00
1.010e+00 1.098e+00
1.020e+00 1.284e+00
1.030e+00 9.015e-01
1.040e+00 5.463e-01
1.050e+00 8.465e-01
1.060e+00 6.771e-01
1.070e+00 1.095e+00
1.080e+00 7.341e-01
1.090e+00 8.124e-01
1.100e+00 8.904e-01
1.110e+00 8.653e-01
1.120e+00 3.745e-02
1.130e+00 1.819e-01
1.140e+00 6.759e-01
1.150e+00 2.655e-01
1.160e+00 3.038e-01
1.170e+00 6.418e-01
1.180e+00 4.462e-01
1.190e+00 4.527e-01
1.200e+00 1.609e-01
1.210e+00 6.164e-01
1.220e+00 6.839e-01
1.230e+00 8.312e-01
1.240e+00 6.669e-01
1.250e+00 9.446e-01
1.260e+00 4.097e-01
1.270e+00 4.194e-01
1.280e+00 8.745e-01
1.290e+00 2.125e-01
1.300e+00 1.610e-02
1.310e+00 1.641e-01
1.320e+00 3.660e-01
1.330e+00 9.287e-01
1.340e+00 3.046e-01
1.350e+00 -1.937e-02
1.360e+00 -2.036e-01
1.370e+00 -1.125e-02
1.380e+00 -3.289e-02
1.390e+00 -1.792e-01
1.400e+00 9.586e-02
1.410e+00 3.675e-01
1.420e+00 3.283e-01
1.430e+00 7.093e-01
1.440e+00 3.877e-01
1.450e+00 6.695e-01
1.460e+00 1.197e+00
1.470e+00 8.126e-01
1.480e+00 1.294e+00
1.490e+00 6.185e-01
1.500e+00 5.040e-01
1.510e+00 7.545e-01
1.520e+00 6.404e-01
1.530e+00 7.341e-01
1.540e+00 9.138e-01
1.550e+00 4.348e-01
1.560e+00 1.853e-01
1.570e+00 4.287e-01
1.580e+00 7.808e-01
1.590e+00 6.721e-01
1.600e+00 2.890e-01
1.610e+00 8.874e-01
1.620e+00 1.869e-01
1.630e+00 4.737e-01
1.640e+00 7.361e-01
1.650e+00 7.592e-01
1.660e+00 4.790e-01
1.670e+00 1.795e-01
1.680e+00 5.577e-01
1.690e+00 7.972e-01
1.700e+00 2.194e-01
1.710e+00 4.761e-02
1.720e+00 4.819e-01
1.730e+00 7.962e-01
1.740e+00 6.201e-01
1.750e+00 4.088e-01
1.760e+00 5.738e-01
1.770e+00 2.257e-01
1.780e+00 2.111e-01
1.790e+00 6.077e-01
1.800e+00 6.837e-01
1.810e+00 3.898e-01
1.820e+00 3.550e-01
1.830e+00 1.058e-01
1.840e+00 4.294e-01
1.850e+00 5.704e-01
1.860e+00 4.806e-01
1.870e+00 8.473e-02
1.880e+00 1.585e-01
1.890e+00 3.626e-01
1.900e+00 -7.778e-02
1.910e+00 1.600e-01
1.920e+00 9.570e-02
1.930e+00 4.257e-01
1.940e+00 2.965e-01
1.950e+00 2.955e-01
1.960e+00 1.444e-01
1.970e+00 4.488e-02
1.980e+00 2.351e-01
1.990e+00 9.618e-02
2.000e+00 2.118e-01
2.010e+00 3.807e-01
2.020e+00 3.958e-01
2.030e+00 2.799e-01
2.040e+00 3.233e-01
2.050e+00 8.055e-01
2.060e+00 3.438e-01
2.070e+00 6.922e-01
2.080e+00 5.880e-01
2.090e+00 1.374e-01
2.100e+00 3.472e-02
2.110e+00 3.413e-01
2.120e+00 2.323e-01
2.130e+00 2.627e-01
2.140e+00 6.715e-01
2.150e+00 4.316e-01
2.160e+00 5.004e-01
2.170e+00 3.498e-01
2.180e+00 4.589e-01
2.190e+00 2.808e-01
2.200e+00 4.027e-01
2.210e+00 1.796e-01
2.220e+00 4.928e-01
2.230e+00 2.152e-01
2.240e+00 5.107e-01
2.250e+00 6.929e-01
2.260e+00 6.422e-01
2.270e+00 6.161e-01
2.280e+00 4.503e-01
2.290e+00 3.690e-01
2.300e+00 5.004e-01
2.310e+00 8.964e-01
2.320e+00 6.399e-01
2.330e+00 4.740e-01
2.340e+00 5.552e-01
2.350e+00 5.727e-01
2.360e+00 3.257e-01
2.370e+00 5.192e-01
2.380e+00 1.312e-01
2.390e+00 2.391e-01
2.400e+00 2.392e-01
2.410e+00 4.307e-01
2.420e+00 2.871e-01
2.430e+00 3.575e-01
2.440e+00 3.386e-01
2.450e+00 3.227e-01
2.460e+00 2.282e-01
2.470e+00 5.207e-01
2.480e+00 6.889e-01
2.490e+00 8.022e-01
2.500e+00 5.647e-01
2.510e+00 4.414e-01
2.520e+00 5.360e-01
2.530e+00 4.852e-01
2.540e+00 5.021e-01
2.550e+00 3.910e-01
2.560e+00 4.626e-01
2.570e+00 2.607e-01
2.580e+00 7.942e-01
2.590e+00 6.236e-01
2.600e+00 6.227e-01
2.610e+00 8.020e-01
2.620e+00 7.752e-01
2.630e+00 9.502e-01
2.640e+00 1.080e+00
2.650e+00 7.927e-01
2.660e+00 7.025e-01
2.670e+00 6.191e-01
2.680e+00 4.664e-01
2.690e+00 2.402e-01
2.700e+00 1.292e-01
2.710e+00 3.268e-01
2.720e+00 4.984e-01
2.730e+00 5.466e-01
2.740e+00 4.743e-01
2.750e+00 4.046e-01
2.760e+00 4.233e-01
2.770e+00 4.414e-01
2.780e+00 6.339e-01
2.790e+00 5.880e-01
2.800e+00 6.189e-01
2.810e+00 9.371e-01
2.820e+00 8.690e-01
2.830e+00 7.512e-01
2.840e+00 8.148e-01
2.850e+00 7.948e-01
2.860e+00 7.254e-01
2.870e+00 5.214e-01
2.880e+00 4.719e-01
2.890e+00 6.287e-01
2.900e+00 6.777e-01
2.910e+00 4.013e-01
2.920e+00 6.320e-01
2.930e+00 7.086e-01
2.940e+00 5.222e-01
2.950e+00 6.201e-01
2.960e+00 8.743e-01
2.970e+00 7.293e-01
2.980e+00 4.441e-01
2.990e+00 6.951e-01
3.000e+00 8.272e-01
3.010e+00 7.960e-01
3.020e+00 7.441e-01
3.030e+00 4.497e-01
3.040e+00 6.166e-01
3.050e+00 6.980e-01
3.060e+00 4.617e-01
3.070e+00 2.837e-01
3.080e+00 -6.046e-03
3.090e+00 2.073e-01
3.100e+00 1.413e-01
3.110e+00 -7.953e-02
3.120e+00 4.933e-01
3.130e+00 4.804e-01
3.140e+00 7.970e-02
3.150e+00 3.498e-01
3.160e+00 3.454e-01
3.170e+00 4.244e-01
3.180e+00 3.072e-01
3.190e+00 3.311e-01
3.200e+00 2.393e-01
3.210e+00 3.319e-01
3.220e+00 2.412e-01
3.230e+00 1.195e-01
3.240e+00 2.150e-01
3.250e+00 3.888e-01
3.260e+00 2.524e-01
3.270e+00 5.397e-01
3.280e+00 6.220e-01
3.290e+00 6.622e-01
3.300e+00 6.637e-01
3.310e+00 7.023e-01
3.320e+00 7.700e-01
3.330e+00 7.152e-01
3.340e+00 6.233e-01
3.350e+00 5.203e-01
3.360e+00 5.957e-01
3.370e+00 8.000e-01
3.380e+00 5.921e-01
3.390e+00 6.425e-01
3.400e+00 5.480e-01
3.410e+00 4.859e-01
3.420e+00 7.372e-01
3.430e+00 7.178e-01
3.440e+00 5.303e-01
3.450e+00 5.672e-01
3.460e+00 3.917e-01
3.470e+00 4.638e-01
3.480e+00 8.364e-01
3.490e+00 7.708e-01
3.500e+00 6.555e-01
3.510e+00 7.486e-01
3.520e+00 7.227e-01
3.530e+00 5.460e-01
3.540e+00 5.270e-01
3.550e+00 2.779e-01
3.560e+00 3.797e-01
3.570e+00 5.027e-01
3.580e+00 5.048e-01
3.590e+00 7.177e-01
3.600e+00 6.878e-01
3.610e+00 5.351e-01
3.620e+00 7.029e-01
3.630e+00 6.488e-01
3.640e+00 5.178e-01
3.650e+00 7.529e-01
3.660e+00 6.622e-01
3.670e+00 5.161e-01
3.680e+00 4.011e-01
3.690e+00 5.610e-01
3.700e+00 4.572e-01
3.710e+00 7.244e-01
3.720e+00 8.214e-01
3.730e+00 6.150e-01
3.740e+00 5.300e-01
3.750e+00 7.155e-01
3.760e+00 4.138e-01
3.770e+00 2.855e-01
3.780e+00 2.577e-01
3.790e+00 3.903e-01
3.800e+00 4.275e-01
3.810e+00 2.595e-01
3.820e+00 5.466e-01
3.830e+00 5.255e-01
3.840e+00 4.621e-01
3.850e+00 4.567e-01
3.860e+00 4.274e-01
3.870e+00 3.088e-01
3.880e+00 3.981e-01
3.890e+00 3.989e-01
3.900e+00 2.715e-01
3.910e+00 3.537e-01
3.920e+00 6.618e-01
3.930e+00 5.853e-01
3.940e+00 3.251e-01
3.950e+00 4.616e-01
3.960e+00 4.737e-01
3.970e+00 1.679e-01
3.980e+00 1.657e-02
3.990e+00 -4.359e-03
4.000e+00 2.694e-01
4.010e+00 2.589e-01
4.020e+00 2.702e-01
4.030e+00 4.207e-01
4.040e+00 6.332e-01
4.050e+00 5.897e-01
4.060e+00 5.341e-01
4.070e+00 4.015e-01
4.080e+00 4.324e-01
4.090e+00 5.784e-01
4.100e+00 5.227e-01
4.110e+00 3.201e-01
4.120e+00 5.319e-01
4.130e+00 5.009e-01
4.140e+00 4.050e-01
4.150e+00 2.713e-01
4.160e+00 3.826e-01
4.170e+00 5.182e-01
4.180e+00 6.394e-02
4.190e+00 6.448e-02
4.200e+00 3.256e-01
4.210e+00 2.475e-01
4.220e+00 3.117e-01
4.230e+00 4.592e-01
4.240e+00 4.100e-01
4.250e+00 5.378e-01
4.260e+00 4.625e-01
4.270e+00 6.712e-01
4.280e+00 3.857e-01
4.290e+00 3.414e-01
4.300e+00 3.644e-01
4.310e+00 2.901e-01
4.320e+00 4.202e-01
4.330e+00 4.607e-01
4.340e+00 4.774e-01
4.350e+00 3.689e-01
4.360e+00 3.524e-01
4.370e+00 4.769e-01
4.380e+00 5.844e-01
4.390e+00 8.069e-01
4.400e+00 7.509e-01
4.410e+00 6.324e-01
4.420e+00 3.698e-01
4.430e+00 3.373e-01
4.440e+00 6.069e-01
4.450e+00 5.776e-01
4.460e+00 2.674e-01
4.470e+00 2.020e-01
4.480e+00 3.437e-01
4.490e+00 2.870e-01
4.500e+00 2.411e-01
4.510e+00 3.722e-01
4.520e+00 4.568e-01
4.530e+00 4.648e-01
4.540e+00 6.695e-01
4.550e+00 6.767e-01
4.560e+00 7.492e-01
4.570e+00 6.158e-01
4.580e+00 6.539e-01
4.590e+00 7.287e-01
4.600e+00 6.803e-01
4.610e+00 8.546e-01
4.620e+00 8.738e-01
4.630e+00 9.077e-01
4.640e+00 1.067e+00
4.650e+00 1.076e+00
4.660e+00 8.863e-01
4.670e+00 8.147e-01
4.680e+00 8.076e-01
4.690e+00 8.184e-01
4.700e+00 8.892e-01
4.710e+00 8.739e-01
4.720e+00 7.331e-01
4.730e+00 5.885e-01
4.740e+00 6.085e-01
4.750e+00 6.779e-01
4.760e+00 8.219e-01
4.770e+00 6.402e-01
4.780e+00 3.728e-01
4.790e+00 3.276e-01
4.800e+00 1.550e-01
4.810e+00 2.575e-01
4.820e+00 3.830e-01
4.830e+00 6.490e-01
4.840e+00 4.488e-01
4.850e+00 2.386e-01
4.860e+00 3.459e-01
4.870e+00 4.578e-01
4.880e+00 4.096e-01
4.890e+00 2.419e-01
4.900e+00 5.579e-01
4.910e+00 5.882e-01
4.920e+00 7.538e-01
4.930e+00 7.060e-01
4.940e+00 7.481e-01
4.950e+00 8.796e-01
4.960e+00 1.078e+00
4.970e+00 9.305e-01
4.980e+00 8.086e-01
4.990e+00 8.241e-01
-5.000e+00 9.084e-01
-4.990e+00 8.241e-01
-4.980e+00 8.086e-01
-4.970e+00 9.305e-01
-4.960e+00 1.078e+00
-4.950e+00 8.796e-01
-4.940e+00 7.481e-01
-4.930e+00 7.060e-01
-4.920e+00 7.538e-01
-4.910e+00 5.882e-01
-4.900e+00 5.579e-01
-4.890e+00 2.419e-01
-4.880e+00 4.096e-01
-4.870e+00 4.578e-01
-4.860e+00 3.459e-01
-4.850e+00 2.386e-01
-4.840e+00 4.488e-01
-4.830e+00 6.490e-01
-4.820e+00 3.830e-01
-4.810e+00 2.575e-01
-4.800e+00 1.550e-01
-4.790e+00 3.276e-01
-4.780e+00 3.728e-01
-4.770e+00 6.402e-01
-4.760e+00 8.219e-01
-4.750e+00 6.779e-01
-4.740e+00 6.085e-01
-4.730e+00 5.885e-01
-4.720e+00 7.331e-01
-4.710e+00 8.739e-01
-4.700e+00 8.892e-01
-4.690e+00 8.184e-01
-4.680e+00 8.076e-01
-4.670e+00 8.147e-01
-4.660e+00 8.863e-01
-4.650e+00 1.076e+00
-4.640e+00 1.067e+00
-4.630e+00 9.077e-01
-4.620e+00 8.738e-01
-4.610e+00 8.546e-01
-4.600e+00 6.803e-01
-4.590e+00 7.287e-01
-4.580e+00 6.539e-01
-4.570e+00 6.158e-01
-4.560e+00 7.492e-01
-4.550e+00 6.767e-01
-4.540e+00 6.695e-01
-4.530e+00 4.648e-01
-4.520e+00 4.568e-01
-4.510e+00 3.722e-01
-4.500e+00 2.411e-01
-4.490e+00 2.870e-01
-4.480e+00 3.437e-01
-4.470e+00 2.020e-01
-4.460e+00 2.674e-01
-4.450e+00 5.776e-01
-4.440e+00 6.069e-01
-4.430e+00 3.373e-01
-4.420e+00 3.698e-01
-4.410e+00 6.324e-01
-4.400e+00 7.509e-01
-4.390e+00 8.069e-01
-4.380e+00 5.844e-01
-4.370e+00 4.769e-01
-4.360e+00 3.524e-01
-4.350e+00 3.689e-01
-4.340e+00 4.774e-01
-4.330e+00 4.607e-01
-4.320e+00 4.202e-01
-4.310e+00 2.901e-01
-4.300e+00 3.644e-01
-4.290e+00 3.414e-01
-4.280e+00 3.857e-01
-4.270e+00 6.712e-01
-4.260e+00 4.625e-01
-4.250e+00 5.378e-01
-4.240e+00 4.100e-01
-4.230e+00 4.592e-01
-4.220e+00 3.117e-01
-4.210e+00 2.475e-01
-4.200e+00 3.256e-01
-4.190e+00 6.448e-02
-4.180e+00 6.394e-02
-4.170e+00 5.182e-01
-4.160e+00 3.826e-01
-4.150e+00 2.713e-01
-4.140e+00 4.050e-01
-4.130e+00 5.009e-01
-4.120e+00 5.319e-01
-4.110e+00 3.201e-01
-4.100e+00 5.227e-01
-4.090e+00 5.784e-01
-4.080e+00 4.324e-01
-4.070e+00 4.015e-01
-4.060e+00 5.341e-01
-4.050e+00 5.897e-01
-4.040e+00 6.332e-01
-4.030e+00 4.207e-01
-4.020e+00 2.702e-01
-4.010e+00 2.589e-01
-4.000e+00 2.694e-01
-3.990e+00 -4.359e-03
-3.980e+00 1.657e-02
-3.970e+00 1.679e-01
-3.960e+00 4.737e-01
-3.950e+00 4.616e-01
-3.940e+00 3.251e-01
-3.930e+00 5.853e-01
-3.920e+00 6.618e-01
-3.910e+00 3.537e-01
-3.900e+00 2.715e-01
-3.890e+00 3.989e-01
-3.880e+00 3.981e-01
-3.870e+00 3.088e-01
-3.860e+00 4.274e-01
-3.850e+00 4.567e-01
-3.840e+00 4.621e-01
-3.830e+00 5.255e-01
-3.820e+00 5.466e-01
-3.810e+00 2.595e-01
-3.800e+00 4.275e-01
-3.790e+00 3.903e-01
-3.780e+00 2.577e-01
-3.770e+00 2.855e-01
-3.760e+00 4.138e-01
-3.750e+00 7.155e-01
-3.740e+00 5.300e-01
-3.730e+00 6.150e-01
-3.720e+00 8.214e-01
-3.710e+00 7.244e-01
-3.700e+00 4.572e-01
-3.690e+00 5.610e-01
-3.680e+00 4.011e-01
-3.670e+00 5.161e-01
-3.660e+00 6.622e-01
-3.650e+00 7.529e-01
-3.640e+00 5.178e-01
-3.630e+00 6.488e-01
-3.620e+00 7.029e-01
-3.610e+00 5.351e-01
-3.600e+00 6.878e-01
-3.590e+00 7.177e-01
-3.580e+00 5.048e-01
-3.570e+00 5.027e-01
-3.560e+00 3.797e-01
-3.550e+00 2.779e-01
-3.540e+00 5.270e-01
-3.530e+00 5.460e-01
-3.520e+00 7.227e-01
-3.510e+00 7.486e-01
-3.500e+00 6.555e-01
-3.490e+00 7.708e-01
-3.480e+00 8.364e-01
-3.470e+00 4.638e-01
-3.460e+00 3.917e-01
-3.450e+00 5.672e-01
-3.440e+00 5.303e-01
-3.430e+00 7.178e-01
-3.420e+00 7.372e-01
-3.410e+00 4.859e-01
-3.400e+00 5.480e-01
-3.390e+00 6.425e-01
-3.380e+00 5.921e-01
-3.370e+00 8.000e-01
-3.360e+00 5.957e-01
-3.350e+00 5.203e-01
-3.340e+00 6.233e-01
-3.330e+00 7.152e-01
-3.320e+00 7.700e-01
-3.310e+00 7.023e-01
-3.300e+00 6.637e-01
-3.290e+00 6.622e-01
-3.280e+00 6.220e-01
-3.270e+00 5.397e-01
-3.260e+00 2.524e-01
-3.250e+00 3.888e-01
-3.240e+00 2.150e-01
-3.230e+00 1.195e-01
-3.220e+00 2.412e-01
-3.210e+00 3.319e-01
-3.200e+00 2.393e-01
-3.190e+00 3.311e-01
-3.180e+00 3.072e-01
-3.170e+00 4.244e-01
-3.160e+00 3.454e-01
-3.150e+00 3.498e-01
-3.140e+00 7.970e-02
-3.130e+00 4.804e-01
-3.120e+00 4.933e-01
-3.110e+00 -7.953e-02
-3.100e+00 1.413e-01
-3.090e+00 2.073e-01
-3.080e+00 -6.046e-03
-3.070e+00 2.837e-01
-3.060e+00 4.617e-01
-3.050e+00 6.980e-01
-3.040e+00 6.166e-01
-3.030e+00 4.497e-01
-3.020e+00 7.441e-01
-3.010e+00 7.960e-01
-3.000e+00 8.272e-01
-2.990e+00 6.951e-01
-2.980e+00 4.441e-01
-2.970e+00 7.293e-01
-2.960e+00 8.743e-01
-2.950e+00 6.201e-01
-2.940e+00 5.222e-01
-2.930e+00 7.086e-01
-2.920e+00 6.320e-01
-2.910e+00 4.013e-01
-2.900e+00 6.777e-01
-2.890e+00 6.287e-01
-2.880e+00 4.719e-01
-2.870e+00 5.214e-01
-2.860e+00 7.254e-01
-2.850e+00 7.948e-01
-2.840e+00 8.148e-01
-2.830e+00 7.512e-01
-2.820e+00 8.690e-01
-2.810e+00 9.371e-01
-2.800e+00 6.189e-01
-2.790e+00 5.880e-01
-2.780e+00 6.339e-01
-2.770e+00 4.414e-01
-2.760e+00 4.233e-01
-2.750e+00 4.046e-01
-2.740e+00 4.743e-01
-2.730e+00 5.466e-01
-2.720e+00 4.984e-01
-2.710e+00 3.268e-01
-2.700e+00 1.292e-01
-2.690e+00 2.402e-01
-2.680e+00 4.664e-01
-2.670e+00 6.191e-01
-2.660e+00 7.025e-01
-2.650e+00 7.927e-01
-2.640e+00 1.080e+00
-2.630e+00 9.502e-01
-2.620e+00 7.752e-01
-2.610e+00 8.020e-01
-2.600e+00 6.227e-01
-2.590e+00 6.236e-01
-2.580e+00 7.942e-01
-2.570e+00 2.607e-01
-2.560e+00 4.626e-01
-2.550e+00 3.910e-01
-2.540e+00 5.021e-01
-2.530e+00 4.852e-01
-2.520e+00 5.360e-01
-2.510e+00 4.414e-01
-2.500e+00 5.647e-01
-2.490e+00 8.022e-01
-2.480e+00 6.889e-01
-2.470e+00 5.207e-01
-2.460e+00 2.282e-01
-2.450e+00 3.227e-01
-2.440e+00 3.386e-01
-2.430e+00 3.575e-01
-2.420e+00 2.871e-01
-2.410e+00 4.307e-01
-2.400e+00 2.392e-01
-2.390e+00 2.391e-01
-2.380e+00 1.312e-01
-2.370e+00 5.192e-01
-2.360e+00 3.257e-01
-2.350e+00 5.727e-01
-2.340e+00 5.552e-01
-2.330e+00 4.740e-01
-2.320e+00 6.399e-01
-2.310e+00 8.964e-01
-2.300e+00 5.004e-01
-2.290e+00 3.690e-01
-2.280e+00 4.503e-01
-2.270e+00 6.161e-01
-2.260e+00 6.422e-01
-2.250e+00 6.929e-01
-2.240e+00 5.107e-01
-2.230e+00 2.152e-01
-2.220e+00 4.928e-01
-2.210e+00 1.796e-01
-2.200e+00 4.027e-01
-2.190e+00 2.808e-01
-2.180e+00 4.589e-01
-2.170e+00 3.498e-01
-2.160e+00 5.004e-01
-2.150e+00 4.316e-01
-2.140e+00 6.715e-01
-2.130e+00 2.627e-01
-2.120e+00 2.323e-01
-2.110e+00 3.413e-01
-2.100e+00 3.472e-02
-2.090e+00 1.374e-01
-2.080e+00 5.880e-01
-2.070e+00 6.922e-01
-2.060e+00 3.438e-01
-2.050e+00 8.055e-01
-2.040e+00 3.233e-01
-2.030e+00 2.799e-01
-2.020e+00 3.958e-01
-2.010e+00 3.807e-01
-2.000e+00 2.118e-01
-1.990e+00 9.618e-02
-1.980e+00 2.351e-01
-1.970e+00 4.488e-02
-1.960e+00 1.444e-01
-1.950e+00 2.955e-01
-1.940e+00 2.965e-01
-1.930e+00 4.257e-01
-1.920e+00 9.570e-02
-1.910e+00 1.600e-01
-1.900e+00 -7.778e-02
-1.890e+00 3.626e-01
-1.880e+00 1.585e-01
-1.870e+00 8.473e-02
-1.860e+00 4.806e-01
-1.850e+00 5.704e-01
-1.840e+00 4.294e-01
-1.830e+00 1.058e-01
-1.820e+00 3.550e-01
-1.810e+00 3.898e-01
-1.800e+00 6.837e-01
-1.790e+00 6.077e-01
-1.780e+00 2.111e-01
-1.770e+00 2.257e-01
-1.760e+00 5.738e-01
-1.750e+00 4.088e-01
-1.740e+00 6.201e-01
-1.730e+00 7.962e-01
-1.720e+00 4.819e-01
-1.710e+00 4.761e-02
-1.700e+00 2.194e-01
-1.690e+00 7.972e-01
-1.680e+00 5.577e-01
-1.670e+00 1.795e-01
-1.660e+00 4.790e-01
-1.650e+00 7.592e-01
-1.640e+00 7.361e-01
-1.630e+00 4.737e-01
-1.620e+00 1.869e-01
-1.610e+00 8.874e-01
-1.600e+00 2.890e-01
-1.590e+00 6.721e-01
-1.580e+00 7.808e-01
-1.570e+00 4.287e-01
-1.560e+00 1.853e-01
-1.550e+00 4.348e-01
-1.540e+00 9.138e-01
-1.530e+00 7.341e-01
-1.520e+00 6.404e-01
-1.510e+00 7.545e-01
-1.500e+00 5.040e-01
-1.490e+00 6.185e-01
-1.480e+00 1.294e+00
-1.470e+00 8.126e-01
-1.460e+00 1.197e+00
-1.450e+00 6.695e-01
-1.440e+00 3.877e-01
-1.430e+00 7.093e-01
-1.420e+00 3.283e-01
-1.410e+00 3.675e-01
-1.400e+00 9.586e-02
-1.390e+00 -1.792e-01
-1.380e+00 -3.289e-02
-1.370e+00 -1.125e-02
-1.360e+00 -2.036e-01
-1.350e+00 -1.937e-02
-1.340e+00 3.046e-01
-1.330e+00 9.287e-01
-1.320e+00 3.660e-01
-1.310e+00 1.641e-01
-1.300e+00 1.610e-02
-1.290e+00 2.125e-01
-1.280e+00 8.745e-01
-1.270e+00 4.194e-01
-1.260e+00 4.097e-01
-1.250e+00 9.446e-01
-1.240e+00 6.669e-01
-1.230e+00 8.312e-01
-1.220e+00 6.839e-01
-1.210e+00 6.164e-01
-1.200e+00 1.609e-01
-1.190e+00 4.527e-01
-1.180e+00 4.462e-01
-1.170e+00 6.418e-01
-1.160e+00 3.038e-01
-1.150e+00 2.655e-01
-1.140e+00 6.759e-01
-1.130e+00 1.819e-01
-1.120e+00 3.745e-02
-1.110e+00 8.653e-01
-1.100e+00 8.904e-01
-1.090e+00 8.124e-01
-1.080e+00 7.341e-01
-1.070e+00 1.095e+00
-1.060e+00 6.771e-01
-1.050e+00 8.465e-01
-1.040e+00 5.463e-01
-1.030e+00 9.015e-01
-1.020e+00 1.284e+00
-1.010e+00 1.098e+00
-1.000e+00 1.068e+00
-9.900e-01 5.552e-01
-9.800e-01 7.257e-01
-9.700e-01 5.160e-01
-9.600e-01 8.027e-01
-9.500e-01 3.148e-01
-9.400e-01 1.248e-01
-9.300e-01 2.265e-01
-9.200e-01 9.933e-02
-9.100e-01 -2.364e-01
-9.000e-01 -7.915e-01
-8.900e-01 -4.507e-01
-8.800e-01 -1.143e-01
-8.700e-01 2.300e-01
-8.600e-01 3.208e-01
-8.500e-01 4.333e-01
-8.400e-01 4.447e-01
-8.300e-01 6.746e-01
-8.200e-01 1.160e+00
-8.100e-01 5.559e-01
-8.000e-01 -1.254e-01
-7.900e-01 8.325e-01
-7.800e-01 8.408e-01
-7.700e-01 3.072e-01
-7.600e-01 2.981e-01
-7.500e-01 1.984e-01
-7.400e-01 1.145e+00
-7.300e-01 5.244e-01
-7.200e-01 1.409e-01
-7.100e-01 5.379e-01
-7.000e-01 7.268e-01
-6.900e-01 7.139e-01
-6.800e-01 1.207e+00
-6.700e-01 4.519e-01
-6.600e-01 1.092e+00
-6.500e-01 5.540e-01
-6.400e-01 6.557e-01
-6.300e-01 1.302e+00
-6.200e-01 1.365e+00
-6.100e-01 9.747e-01
-6.000e-01 8.096e-01
-5.900e-01 9.309e-01
-5.800e-01 4.609e-01
-5.700e-01 2.148e-01
-5.600e-01 1.716e-01
-5.500e-01 8.780e-01
-5.400e-01 7.952e-01
-5.300e-01 2.849e-01
-5.200e-01 6.073e-01
-5.100e-01 1.169e+00
-5.000e-01 9.358e-01
-4.900e-01 7.784e-01
-4.800e-01 4.698e-01
-4.700e-01 7.625e-01
-4.600e-01 4.241e-01
-4.500e-01 7.883e-01
-4.400e-01 8.706e-01
-4.300e-01 1.344e+00
-4.200e-01 1.990e+00
-4.100e-01 1.699e+00
-4.000e-01 7.420e-01
-3.900e-01 1.229e+00
-3.800e-01 6.562e-01
-3.700e-01 4.392e-01
-3.600e-01 1.079e+00
-3.500e-01 9.720e-01
-3.400e-01 6.150e-01
-3.300e-01 1.328e+00
-3.200e-01 1.626e+00
-3.100e-01 1.844e+00
-3.000e-01 1.723e-05
-2.900e-01 9.963e-01
-2.800e-01 2.521e+00
-2.700e-01 1.917e+00
-2.600e-01 1.145e+00
-2.500e-01 2.199e-01
-2.400e-01 3.701e-03
-2.300e-01 4.258e-01
-2.200e-01 7.352e-01
-2.100e-01 1.494e+00
-2.000e-01 1.743e+00
-1.900e-01 1.310e+00
-1.800e-01 3.968e+00
-1.700e-01 1.370e+00
-1.600e-01 1.508e+00
-1.500e-01 6.746e-01
-1.400e-01 1.624e+00
-1.300e-01 9.468e-01
-1.200e-01 1.944e+00
-1.100e-01 3.413e+00
-1.000e-01 2.477e+00
-9.000e-02 1.423e+00
-8.000e-02 4.800e+00
-7.000e-02 6.293e+00
-6.000e-02 7.873e+00
-5.000e-02 1.273e+01
-4.000e-02 1.603e+01
-3.000e-02 1.798e+01
-2.000e-02 3.179e+01
-1.000e-02 6.265e+01
