# Frequency (1.0/ps)      real(fft(F_1))
0.000e+00 1.565e+02
1.000e-02 5.623e+01
2.000e-02 2.737e+01
3.000e-02 1.855e+01
4.000e-02 9.263e+00
5.000e-02 5.199e+00
6.000e-02 2.913e+00
7.000e-02 2.591e+00
8.000e-02 3.089e+00
9.000e-02 1.143e+00
1.000e-01 3.236e+00
1.100e-01 2.285e+00
1.200e-01 2.468e+00
1.300e-01 2.478e+00
1.400e-01 3.175e+00
1.500e-01 2.194e+00
1.600e-01 2.539e-01
1.700e-01 3.726e-01
1.800e-01 -8.386e-02
1.900e-01 7.009e-01
2.000e-01 2.696e-01
2.100e-01 -5.221e-01
2.200e-01 -9.484e-02
2.300e-01 7.343e-01
2.400e-01 1.964e+00
2.500e-01 7.351e-01
2.600e-01 -7.528e-02
2.700e-01 4.463e-01
2.800e-01 -1.409e-01
2.900e-01 7.058e-01
3.000e-01 1.073e+00
3.100e-01 1.541e-03
3.200e-01 1.043e+00
3.300e-01 5.901e-01
3.400e-01 6.119e-01
3.500e-01 1.347e-01
3.600e-01 6.945e-01
3.700e-01 5.511e-01
3.800e-01 7.563e-01
3.900e-01 1.317e+00
4.000e-01 9.255e-01
4.100e-01 6.909e-01
4.200e-01 5.017e-01
4.300e-01 1.080e+00
4.400e-01 4.806e-01
4.500e-01 2.514e-01
4.600e-01 -1.716e-01
4.700e-01 7.692e-01
4.800e-01 4.997e-02
4.900e-01 -4.859e-02
5.000e-01 2.425e-01
5.100e-01 5.220e-01
5.200e-01 7.348e-01
5.300e-01 8.156e-01
5.400e-01 1.204e+00
5.500e-01 6.577e-01
5.600e-01 9.502e-01
5.700e-01 1.035e+00
5.800e-01 6.393e-01
5.900e-01 3.739e-01
6.000e-01 1.670e-01
6.100e-01 6.775e-01
6.200e-01 8.856e-01
6.300e-01 7.284e-01
6.400e-01 9.409e-01
6.500e-01 1.015e+00
6.600e-01 8.570e-01
6.700e-01 5.116e-01
6.800e-01 6.562e-01
6.900e-01 5.431e-01
7.000e-01 5.568e-01
7.100e-01 -6.401e-02
7.200e-01 3.504e-01
7.300e-01 7.478e-01
7.400e-01 6.900e-01
7.500e-01 7.620e-01
7.600e-01 7.929e-01
7.700e-01 8.761e-01
7.800e-01 1.324e+00
7.900e-01 6.632e-01
8.000e-01 1.598e-01
8.100e-01 2.902e-01
8.200e-01 1.776e-01
8.300e-01 2.990e-01
8.400e-01 1.530e-01
8.500e-01 8.813e-01
8.600e-01 1.434e+00
8.700e-01 1.150e+00
8.800e-01 1.415e+00
8.900e-01 1.494e+00
9.000e-01 1.347e+00
9.100e-01 9.436e-01
9.200e-01 5.103e-01
9.300e-01 9.344e-01
9.400e-01 1.141e+00
9.500e-01 9.708e-01
9.600e-01 4.019e-01
9.700e-01 2.689e-01
9.800e-01 6.645e-01
9.900e-01 9.457e-01
1.000e+00 8.108e-01
1.010e+00 9.003e-01
1.020e+00 8.763e-01
1.030e+00 7.401e-01
1.040e+00 1.023e+00
1.050e+00 7.341e-01
1.060e+00 8.794e-01
1.070e+00 7.748e-01
1.080e+00 3.534e-01
1.090e+00 8.192e-01
1.100e+00 4.596e-01
1.110e+00 4.549e-01
1.120e+00 1.450e-01
1.130e+00 4.200e-01
1.140e+00 4.013e-01
1.150e+00 3.122e-01
1.160e+00 -2.381e-01
1.170e+00 -3.118e-01
1.180e+00 4.087e-01
1.190e+00 5.406e-01
1.200e+00 1.028e+00
1.210e+00 6.109e-01
1.220e+00 4.330e-01
1.230e+00 7.951e-01
1.240e+00 7.115e-01
1.250e+00 4.444e-01
1.260e+00 4.910e-01
1.270e+00 1.850e-01
1.280e+00 2.446e-01
1.290e+00 4.649e-01
1.300e+00 6.744e-01
1.310e+00 5.836e-01
1.320e+00 8.002e-01
1.330e+00 7.898e-01
1.340e+00 6.022e-01
1.350e+00 7.255e-01
1.360e+00 1.145e+00
1.370e+00 8.044e-01
1.380e+00 1.033e+00
1.390e+00 4.601e-01
1.400e+00 2.385e-01
1.410e+00 -8.087e-02
1.420e+00 3.275e-01
1.430e+00 4.482e-01
1.440e+00 4.564e-01
1.450e+00 8.863e-01
1.460e+00 4.296e-01
1.470e+00 5.717e-01
1.480e+00 3.892e-01
1.490e+00 7.357e-01
1.500e+00 8.520e-01
1.510e+00 1.200e+00
1.520e+00 6.339e-01
1.530e+00 2.857e-01
1.540e+00 8.365e-01
1.550e+00 2.100e-01
1.560e+00 4.546e-01
1.570e+00 6.062e-01
1.580e+00 5.407e-01
1.590e+00 8.193e-01
1.600e+00 5.668e-01
1.610e+00 5.477e-01
1.620e+00 6.259e-01
1.630e+00 4.451e-01
1.640e+00 5.889e-01
1.650e+00 1.054e+00
1.660e+00 5.818e-01
1.670e+00 3.759e-01
1.680e+00 6.566e-01
1.690e+00 5.598e-01
1.700e+00 2.144e-01
1.710e+00 4.798e-01
1.720e+00 3.332e-01
1.730e+00 6.969e-01
1.740e+00 7.886e-01
1.750e+00 2.670e-01
1.760e+00 9.000e-01
1.770e+00 5.774e-01
1.780e+00 5.779e-01
1.790e+00 3.621e-01
1.800e+00 8.254e-01
1.810e+00 8.744e-01
1.820e+00 3.432e-01
1.830e+00 7.633e-01
1.840e+00 9.106e-01
1.850e+00 7.885e-01
1.860e+00 8.233e-01
1.870e+00 6.285e-01
1.880e+00 6.548e-01
1.890e+00 4.479e-01
1.900e+00 2.062e-01
1.910e+00 3.902e-02
1.920e+00 2.412e-01
1.930e+00 4.369e-01
1.940e+00 5.081e-01
1.950e+00 8.841e-01
1.960e+00 7.273e-01
1.970e+00 5.082e-01
1.980e+00 6.611e-01
1.990e+00 6.283e-01
2.000e+00 9.412e-01
2.010e+00 7.247e-01
2.020e+00 7.040e-01
2.030e+00 3.558e-01
2.040e+00 4.394e-01
2.050e+00 5.662e-01
2.060e+00 4.157e-01
2.070e+00 3.619e-01
2.080e+00 4.777e-01
2.090e+00 4.720e-01
2.100e+00 1.735e-01
2.110e+00 5.699e-01
2.120e+00 6.530e-01
2.130e+00 6.471e-01
2.140e+00 8.210e-01
2.150e+00 8.215e-01
2.160e+00 6.690e-01
2.170e+00 6.184e-01
2.180e+00 5.177e-01
2.190e+00 8.511e-01
2.200e+00 5.070e-01
2.210e+00 6.941e-01
2.220e+00 7.203e-01
2.230e+00 6.969e-01
2.240e+00 8.172e-01
2.250e+00 6.094e-01
2.260e+00 3.675e-01
2.270e+00 5.598e-01
2.280e+00 4.366e-01
2.290e+00 5.635e-01
2.300e+00 2.712e-01
2.310e+00 2.839e-01
2.320e+00 3.950e-01
2.330e+00 3.155e-01
2.340e+00 5.362e-01
2.350e+00 3.298e-01
2.360e+00 3.434e-01
2.370e+00 5.764e-01
2.380e+00 4.887e-01
2.390e+00 4.601e-01
2.400e+00 3.911e-01
2.410e+00 6.888e-01
2.420e+00 5.484e-01
2.430e+00 4.491e-01
2.440e+00 1.036e+00
2.450e+00 1.020e+00
2.460e+00 7.285e-01
2.470e+00 2.217e-01
2.480e+00 3.336e-01
2.490e+00 5.558e-01
2.500e+00 4.657e-01
2.510e+00 5.038e-01
2.520e+00 6.696e-01
2.530e+00 7.311e-01
2.540e+00 3.592e-01
2.550e+00 2.283e-03
2.560e+00 2.632e-01
2.570e+00 1.365e-01
2.580e+00 1.628e-01
2.590e+00 2.727e-01
2.600e+00 3.213e-01
2.610e+00 4.351e-01
2.620e+00 4.258e-01
2.630e+00 4.954e-01
2.640e+00 5.201e-01
2.650e+00 8.370e-01
2.660e+00 4.848e-01
2.670e+00 6.904e-01
2.680e+00 4.504e-01
2.690e+00 2.768e-01
2.700e+00 6.702e-01
2.710e+00 4.433e-01
2.720e+00 5.719e-01
2.730e+00 5.220e-01
2.740e+00 4.304e-01
2.750e+00 5.910e-01
2.760e+00 5.663e-01
2.770e+00 6.114e-01
2.780e+00 5.331e-01
2.790e+00 2.287e-01
2.800e+00 5.959e-01
2.810e+00 5.495e-01
2.820e+00 3.155e-01
2.830e+00 3.023e-01
2.840e+00 3.678e-01
2.850e+00 6.518e-01
2.860e+00 4.502e-01
2.870e+00 4.527e-01
2.880e+00 5.704e-01
2.890e+00 8.896e-01
2.900e+00 5.635e-01
2.910e+00 5.007e-01
2.920e+00 4.849e-01
2.930e+00 2.718e-01
2.940e+00 3.066e-01
2.950e+00 5.226e-01
2.960e+00 5.544e-01
2.970e+00 6.005e-01
2.980e+00 3.611e-01
2.990e+00 5.550e-01
3.000e+00 2.690e-01
3.010e+00 6.381e-01
3.020e+00 6.778e-01
3.030e+00 4.978e-01
3.040e+00 4.626e-01
3.050e+00 5.566e-01
3.060e+00 6.446e-01
3.070e+00 5.854e-01
3.080e+00 5.855e-01
3.090e+00 6.010e-01
3.100e+00 4.982e-01
3.110e+00 5.688e-01
3.120e+00 4.083e-01
3.130e+00 2.977e-01
3.140e+00 2.694e-01
3.150e+00 5.686e-01
3.160e+00 3.712e-01
3.170e+00 2.629e-01
3.180e+00 2.223e-01
3.190e+00 3.570e-01
3.200e+00 3.136e-01
3.210e+00 3.510e-01
3.220e+00 2.168e-01
3.230e+00 3.441e-01
3.240e+00 3.117e-01
3.250e+00 7.447e-02
3.260e+00 4.748e-01
3.270e+00 4.191e-01
3.280e+00 4.937e-01
3.290e+00 2.874e-01
3.300e+00 2.641e-01
3.310e+00 6.549e-01
3.320e+00 7.473e-01
3.330e+00 5.818e-01
3.340e+00 6.730e-01
3.350e+00 5.549e-01
3.360e+00 7.050e-01
3.370e+00 6.239e-01
3.380e+00 3.781e-01
3.390e+00 3.388e-01
3.400e+00 2.820e-01
3.410e+00 4.245e-01
3.420e+00 6.550e-01
3.430e+00 6.225e-01
3.440e+00 6.465e-01
3.450e+00 5.191e-01
3.460e+00 3.293e-01
3.470e+00 1.631e-01
3.480e+00 4.536e-01
3.490e+00 4.042e-01
3.500e+00 6.379e-01
3.510e+00 6.655e-01
3.520e+00 7.198e-01
3.530e+00 7.351e-01
3.540e+00 8.489e-01
3.550e+00 7.073e-01
3.560e+00 7.519e-01
3.570e+00 5.334e-01
3.580e+00 5.552e-01
3.590e+00 3.752e-01
3.600e+00 3.997e-01
3.610e+00 4.524e-01
3.620e+00 4.681e-01
3.630e+00 5.761e-01
3.640e+00 7.915e-01
3.650e+00 4.649e-01
3.660e+00 7.336e-01
3.670e+00 8.016e-01
3.680e+00 8.640e-01
3.690e+00 8.065e-01
3.700e+00 8.338e-01
3.710e+00 6.751e-01
3.720e+00 4.764e-01
3.730e+00 5.114e-01
3.740e+00 5.877e-01
3.750e+00 6.493e-01
3.760e+00 5.814e-01
3.770e+00 6.816e-01
3.780e+00 4.599e-01
3.790e+00 4.806e-01
3.800e+00 5.982e-01
3.810e+00 3.072e-01
3.820e+00 5.076e-01
3.830e+00 5.039e-01
3.840e+00 4.951e-01
3.850e+00 4.594e-01
3.860e+00 3.729e-01
3.870e+00 4.218e-01
3.880e+00 5.869e-01
3.890e+00 5.854e-01
3.900e+00 4.584e-01
3.910e+00 4.921e-01
3.920e+00 4.846e-01
3.930e+00 4.025e-01
3.940e+00 5.756e-01
3.950e+00 3.382e-01
3.960e+00 3.505e-01
3.970e+00 5.335e-01
3.980e+00 5.721e-01
3.990e+00 6.268e-01
4.000e+00 5.351e-01
4.010e+00 7.339e-01
4.020e+00 7.149e-01
4.030e+00 7.499e-01
4.040e+00 6.299e-01
4.050e+00 4.844e-01
4.060e+00 5.464e-01
4.070e+00 8.496e-01
4.080e+00 4.300e-01
4.090e+00 5.810e-01
4.100e+00 3.941e-01
4.110e+00 4.792e-01
4.120e+00 5.954e-01
4.130e+00 6.541e-01
4.140e+00 4.915e-01
4.150e+00 4.697e-01
4.160e+00 3.534e-01
4.170e+00 4.796e-01
4.180e+00 4.596e-01
4.190e+00 5.216e-01
4.200e+00 2.036e-01
4.210e+00 4.761e-01
4.220e+00 3.444e-01
4.230e+00 5.509e-01
4.240e+00 5.390e-01
4.250e+00 5.061e-01
4.260e+00 4.784e-01
4.270e+00 4.691e-01
4.280e+00 4.329e-01
4.290e+00 4.218e-01
4.300e+00 5.501e-01
4.310e+00 7.350e-01
4.320e+00 4.858e-01
4.330e+00 7.110e-01
4.340e+00 5.937e-01
4.350e+00 3.256e-01
4.360e+00 5.777e-01
4.370e+00 4.907e-01
4.380e+00 6.964e-01
4.390e+00 8.591e-01
4.400e+00 5.415e-01
4.410e+00 5.741e-01
4.420e+00 3.985e-01
4.430e+00 4.655e-01
4.440e+00 4.447e-01
4.450e+00 5.076e-01
4.460e+00 6.922e-01
4.470e+00 5.969e-01
4.480e+00 6.345e-01
4.490e+00 4.043e-01
4.500e+00 5.229e-01
4.510e+00 6.396e-01
4.520e+00 6.627e-01
4.530e+00 6.899e-01
4.540e+00 7.733e-01
4.550e+00 3.920e-01
4.560e+00 6.915e-01
4.570e+00 7.829e-01
4.580e+00 4.164e-01
4.590e+00 5.764e-01
4.600e+00 5.897e-01
4.610e+00 6.162e-01
4.620e+00 6.504e-01
4.630e+00 4.075e-01
4.640e+00 6.645e-01
4.650e+00 5.789e-01
4.660e+00 3.851e-01
4.670e+00 2.970e-01
4.680e+00 5.176e-01
4.690e+00 6.071e-01
4.700e+00 4.524e-01
4.710e+00 5.695e-01
4.720e+00 6.079e-01
4.730e+00 6.210e-01
4.740e+00 6.108e-01
4.750e+00 6.788e-01
4.760e+00 6.649e-01
4.770e+00 7.193e-01
4.780e+00 7.383e-01
4.790e+00 6.168e-01
4.800e+00 3.727e-01
4.810e+00 3.778e-01
4.820e+00 3.554e-01
4.830e+00 3.944e-01
4.840e+00 4.215e-01
4.850e+00 4.915e-01
4.860e+00 3.155e-01
4.870e+00 5.774e-01
4.880e+00 5.717e-01
4.890e+00 6.964e-01
4.900e+00 9.383e-01
4.910e+00 7.731e-01
4.920e+00 7.301e-01
4.930e+00 4.672e-01
4.940e+00 3.566e-01
4.950e+00 4.442e-01
4.960e+00 2.690e-01
4.970e+00 3.811e-01
4.980e+00 4.521e-01
4.990e+00 3.168e-01
-5.000e+00 2.508e-01
-4.990e+00 3.870e-01
-4.980e+00 4.555e-01
-4.970e+00 3.699e-01
-4.960e+00 1.435e-01
-4.950e+00 3.372e-01
-4.940e+00 3.479e-01
-4.930e+00 4.297e-01
-4.920e+00 6.340e-01
-4.910e+00 4.376e-01
-4.900e+00 7.622e-01
-4.890e+00 7.744e-01
-4.880e+00 5.382e-01
-4.870e+00 4.010e-01
-4.860e+00 1.936e-01
-4.850e+00 2.333e-01
-4.840e+00 4.635e-01
-4.830e+00 6.074e-01
-4.820e+00 6.490e-01
-4.810e+00 4.842e-01
-4.800e+00 4.604e-01
-4.790e+00 6.822e-01
-4.780e+00 5.561e-01
-4.770e+00 5.369e-01
-4.760e+00 4.121e-01
-4.750e+00 8.030e-01
-4.740e+00 5.172e-01
-4.730e+00 5.862e-01
-4.720e+00 6.537e-01
-4.710e+00 5.136e-01
-4.700e+00 6.522e-01
-4.690e+00 3.251e-01
-4.680e+00 3.431e-01
-4.670e+00 4.325e-01
-4.660e+00 3.311e-01
-4.650e+00 5.142e-01
-4.640e+00 4.939e-01
-4.630e+00 5.663e-01
-4.620e+00 4.690e-01
-4.610e+00 3.205e-01
-4.600e+00 5.052e-01
-4.590e+00 6.073e-01
-4.580e+00 5.115e-01
-4.570e+00 5.718e-01
-4.560e+00 7.056e-01
-4.550e+00 4.943e-01
-4.540e+00 4.996e-01
-4.530e+00 5.339e-01
-4.520e+00 5.584e-01
-4.510e+00 5.865e-01
-4.500e+00 5.090e-01
-4.490e+00 3.723e-01
-4.480e+00 4.649e-01
-4.470e+00 6.333e-01
-4.460e+00 5.953e-01
-4.450e+00 5.193e-01
-4.440e+00 2.991e-01
-4.430e+00 5.346e-01
-4.420e+00 7.572e-01
-4.410e+00 8.302e-01
-4.400e+00 5.893e-01
-4.390e+00 7.162e-01
-4.380e+00 7.987e-01
-4.370e+00 6.199e-01
-4.360e+00 6.915e-01
-4.350e+00 2.757e-01
-4.340e+00 4.443e-01
-4.330e+00 5.493e-01
-4.320e+00 7.335e-01
-4.310e+00 6.729e-01
-4.300e+00 2.641e-01
-4.290e+00 2.700e-01
-4.280e+00 4.634e-01
-4.270e+00 5.543e-01
-4.260e+00 4.193e-01
-4.250e+00 5.505e-01
-4.240e+00 5.946e-01
-4.230e+00 6.470e-01
-4.220e+00 6.550e-01
-4.210e+00 5.096e-01
-4.200e+00 5.900e-01
-4.190e+00 5.231e-01
-4.180e+00 6.292e-01
-4.170e+00 7.063e-01
-4.160e+00 5.362e-01
-4.150e+00 5.559e-01
-4.140e+00 4.513e-01
-4.130e+00 3.075e-01
-4.120e+00 2.104e-01
-4.110e+00 3.376e-01
-4.100e+00 5.244e-01
-4.090e+00 6.842e-01
-4.080e+00 6.845e-01
-4.070e+00 6.183e-01
-4.060e+00 4.265e-01
-4.050e+00 5.069e-01
-4.040e+00 7.567e-01
-4.030e+00 6.050e-01
-4.020e+00 7.099e-01
-4.010e+00 7.269e-01
-4.000e+00 6.410e-01
-3.990e+00 5.191e-01
-3.980e+00 5.684e-01
-3.970e+00 5.866e-01
-3.960e+00 3.452e-01
-3.950e+00 3.514e-01
-3.940e+00 5.593e-01
-3.930e+00 3.175e-01
-3.920e+00 3.972e-01
-3.910e+00 4.374e-01
-3.900e+00 4.233e-01
-3.890e+00 5.820e-01
-3.880e+00 5.707e-01
-3.870e+00 2.486e-01
-3.860e+00 2.945e-01
-3.850e+00 4.893e-01
-3.840e+00 5.953e-01
-3.830e+00 4.657e-01
-3.820e+00 4.733e-01
-3.810e+00 2.907e-01
-3.800e+00 3.641e-01
-3.790e+00 3.807e-01
-3.780e+00 3.364e-01
-3.770e+00 3.555e-01
-3.760e+00 3.307e-01
-3.750e+00 3.486e-01
-3.740e+00 4.875e-01
-3.730e+00 4.945e-01
-3.720e+00 6.558e-01
-3.710e+00 8.893e-01
-3.700e+00 9.612e-01
-3.690e+00 8.821e-01
-3.680e+00 6.925e-01
-3.670e+00 8.907e-01
-3.660e+00 7.775e-01
-3.650e+00 7.894e-01
-3.640e+00 6.485e-01
-3.630e+00 6.219e-01
-3.620e+00 6.538e-01
-3.610e+00 4.289e-01
-3.600e+00 6.131e-01
-3.590e+00 3.812e-01
-3.580e+00 3.066e-01
-3.570e+00 5.311e-01
-3.560e+00 6.995e-01
-3.550e+00 6.490e-01
-3.540e+00 8.180e-01
-3.530e+00 6.100e-01
-3.520e+00 5.395e-01
-3.510e+00 5.827e-01
-3.500e+00 8.653e-01
-3.490e+00 5.758e-01
-3.480e+00 6.547e-01
-3.470e+00 5.713e-01
-3.460e+00 5.162e-01
-3.450e+00 2.799e-01
-3.440e+00 5.277e-01
-3.430e+00 6.134e-01
-3.420e+00 5.774e-01
-3.410e+00 4.806e-01
-3.400e+00 1.325e-01
-3.390e+00 3.557e-01
-3.380e+00 4.775e-01
-3.370e+00 5.322e-01
-3.360e+00 7.423e-01
-3.350e+00 5.911e-01
-3.340e+00 5.531e-01
-3.330e+00 7.247e-01
-3.320e+00 7.913e-01
-3.310e+00 5.293e-01
-3.300e+00 3.857e-01
-3.290e+00 4.523e-01
-3.280e+00 3.921e-01
-3.270e+00 3.910e-01
-3.260e+00 2.726e-01
-3.250e+00 2.427e-01
-3.240e+00 2.494e-01
-3.230e+00 2.283e-01
-3.220e+00 2.645e-01
-3.210e+00 1.809e-01
-3.200e+00 1.681e-01
-3.190e+00 3.906e-01
-3.180e+00 3.515e-01
-3.170e+00 5.228e-01
-3.160e+00 5.620e-01
-3.150e+00 4.333e-01
-3.140e+00 2.663e-01
-3.130e+00 4.603e-01
-3.120e+00 3.217e-01
-3.110e+00 6.438e-01
-3.100e+00 4.267e-01
-3.090e+00 7.540e-01
-3.080e+00 6.475e-01
-3.070e+00 4.750e-01
-3.060e+00 4.330e-01
-3.050e+00 5.624e-01
-3.040e+00 7.736e-01
-3.030e+00 7.706e-01
-3.020e+00 7.681e-01
-3.010e+00 5.702e-01
-3.000e+00 4.928e-01
-2.990e+00 6.183e-01
-2.980e+00 5.310e-01
-2.970e+00 3.935e-01
-2.960e+00 3.961e-01
-2.950e+00 6.059e-01
-2.940e+00 5.155e-01
-2.930e+00 4.563e-01
-2.920e+00 4.152e-01
-2.910e+00 3.415e-01
-2.900e+00 2.514e-01
-2.890e+00 3.719e-01
-2.880e+00 3.673e-01
-2.870e+00 7.471e-01
-2.860e+00 3.814e-01
-2.850e+00 3.621e-01
-2.840e+00 5.920e-01
-2.830e+00 4.101e-01
-2.820e+00 5.267e-01
-2.810e+00 4.724e-01
-2.800e+00 7.005e-01
-2.790e+00 6.334e-01
-2.780e+00 5.665e-01
-2.770e+00 5.415e-01
-2.760e+00 4.302e-01
-2.750e+00 5.277e-01
-2.740e+00 4.519e-01
-2.730e+00 4.676e-01
-2.720e+00 6.026e-01
-2.710e+00 5.851e-01
-2.700e+00 4.344e-01
-2.690e+00 3.808e-01
-2.680e+00 5.024e-01
-2.670e+00 3.497e-01
-2.660e+00 3.230e-01
-2.650e+00 5.817e-01
-2.640e+00 5.590e-01
-2.630e+00 4.921e-01
-2.620e+00 5.072e-01
-2.610e+00 3.962e-01
-2.600e+00 3.344e-01
-2.590e+00 3.333e-01
-2.580e+00 7.551e-02
-2.570e+00 2.164e-01
-2.560e+00 2.491e-01
-2.550e+00 2.904e-01
-2.540e+00 5.060e-01
-2.530e+00 5.847e-01
-2.520e+00 7.399e-01
-2.510e+00 4.876e-01
-2.500e+00 5.816e-01
-2.490e+00 9.815e-01
-2.480e+00 5.678e-01
-2.470e+00 4.536e-01
-2.460e+00 6.784e-01
-2.450e+00 5.775e-01
-2.440e+00 6.133e-01
-2.430e+00 4.196e-01
-2.420e+00 4.080e-01
-2.410e+00 3.276e-01
-2.400e+00 3.248e-01
-2.390e+00 2.029e-01
-2.380e+00 3.556e-01
-2.370e+00 2.776e-01
-2.360e+00 6.671e-01
-2.350e+00 4.935e-01
-2.340e+00 5.642e-01
-2.330e+00 3.881e-01
-2.320e+00 2.262e-01
-2.310e+00 2.074e-01
-2.300e+00 2.739e-01
-2.290e+00 6.063e-01
-2.280e+00 4.711e-01
-2.270e+00 6.472e-01
-2.260e+00 4.956e-01
-2.250e+00 8.374e-01
-2.240e+00 6.956e-01
-2.230e+00 3.690e-01
-2.220e+00 4.667e-01
-2.210e+00 2.188e-01
-2.200e+00 1.676e-01
-2.190e+00 4.430e-01
-2.180e+00 2.428e-01
-2.170e+00 5.061e-01
-2.160e+00 7.959e-01
-2.150e+00 7.110e-01
-2.140e+00 7.990e-01
-2.130e+00 7.481e-01
-2.120e+00 8.137e-01
-2.110e+00 4.686e-01
-2.100e+00 4.720e-01
-2.090e+00 5.845e-01
-2.080e+00 2.825e-01
-2.070e+00 6.617e-01
-2.060e+00 7.298e-01
-2.050e+00 1.088e+00
-2.040e+00 4.487e-01
-2.030e+00 6.941e-01
-2.020e+00 8.721e-01
-2.010e+00 5.533e-01
-2.000e+00 6.902e-01
-1.990e+00 6.779e-01
-1.980e+00 6.443e-01
-1.970e+00 7.850e-01
-1.960e+00 4.479e-01
-1.950e+00 5.272e-01
-1.940e+00 2.268e-01
-1.930e+00 3.765e-01
-1.920e+00 7.329e-01
-1.910e+00 2.753e-01
-1.900e+00 3.161e-01
-1.890e+00 6.187e-01
-1.880e+00 5.450e-01
-1.870e+00 5.506e-01
-1.860e+00 7.529e-01
-1.850e+00 7.676e-01
-1.840e+00 4.841e-01
-1.830e+00 6.434e-01
-1.820e+00 4.231e-01
-1.810e+00 1.553e-01
-1.800e+00 4.948e-01
-1.790e+00 9.474e-01
-1.780e+00 7.575e-01
-1.770e+00 4.664e-01
-1.760e+00 6.303e-01
-1.750e+00 7.744e-01
-1.740e+00 9.514e-01
-1.730e+00 1.071e+00
-1.720e+00 1.009e+00
-1.710e+00 1.093e+00
-1.700e+00 4.669e-01
-1.690e+00 5.403e-01
-1.680e+00 9.015e-01
-1.670e+00 5.031e-01
-1.660e+00 5.728e-01
-1.650e+00 1.086e+00
-1.640e+00 9.851e-01
-1.630e+00 6.014e-01
-1.620e+00 2.899e-01
-1.610e+00 4.507e-01
-1.600e+00 8.379e-01
-1.590e+00 7.241e-01
-1.580e+00 1.955e-01
-1.570e+00 4.945e-01
-1.560e+00 7.701e-01
-1.550e+00 3.470e-01
-1.540e+00 4.271e-01
-1.530e+00 6.561e-01
-1.520e+00 4.165e-01
-1.510e+00 3.644e-01
-1.500e+00 7.853e-02
-1.490e+00 4.815e-01
-1.480e+00 8.262e-01
-1.470e+00 1.001e+00
-1.460e+00 8.740e-01
-1.450e+00 6.241e-01
-1.440e+00 6.393e-01
-1.430e+00 6.366e-01
-1.420e+00 3.500e-01
-1.410e+00 6.017e-01
-1.400e+00 4.332e-01
-1.390e+00 2.549e-01
-1.380e+00 9.014e-01
-1.370e+00 1.638e+00
-1.360e+00 1.109e+00
-1.350e+00 1.464e-01
-1.340e+00 3.661e-01
-1.330e+00 8.798e-01
-1.320e+00 6.601e-01
-1.310e+00 6.524e-01
-1.300e+00 4.398e-01
-1.290e+00 4.796e-01
-1.280e+00 6.198e-01
-1.270e+00 5.601e-01
-1.260e+00 2.780e-01
-1.250e+00 2.602e-01
-1.240e+00 4.218e-01
-1.230e+00 5.117e-01
-1.220e+00 2.323e-01
-1.210e+00 2.993e-01
-1.200e+00 6.088e-01
-1.190e+00 9.660e-01
-1.180e+00 1.333e+00
-1.170e+00 6.811e-01
-1.160e+00 7.121e-01
-1.150e+00 8.040e-01
-1.140e+00 8.832e-01
-1.130e+00 1.066e+00
-1.120e+00 9.747e-01
-1.110e+00 8.429e-01
-1.100e+00 7.958e-01
-1.090e+00 9.007e-01
-1.080e+00 5.510e-01
-1.070e+00 2.685e-01
-1.060e+00 4.078e-01
-1.050e+00 8.760e-01
-1.040e+00 1.042e+00
-1.030e+00 8.340e-01
-1.020e+00 9.080e-01
-1.010e+00 4.641e-01
-1.000e+00 1.190e+00
-9.900e-01 8.870e-01
-9.800e-01 7.297e-01
-9.700e-01 1.002e+00
-9.600e-01 1.018e+00
-9.500e-01 4.897e-01
-9.400e-01 8.876e-01
-9.300e-01 9.795e-01
-9.200e-01 4.440e-01
-9.100e-01 6.662e-01
-9.000e-01 1.372e+00
-8.900e-01 1.171e+00
-8.800e-01 7.688e-01
-8.700e-01 6.743e-01
-8.600e-01 3.879e-01
-8.500e-01 1.303e+00
-8.400e-01 9.787e-01
-8.300e-01 6.610e-01
-8.200e-01 4.556e-01
-8.100e-01 5.536e-01
-8.000e-01 -1.582e-01
-7.900e-01 9.465e-01
-7.800e-01 1.016e+00
-7.700e-01 3.443e-01
-7.600e-01 8.220e-01
-7.500e-01 3.659e-01
-7.400e-01 2.644e-01
-7.300e-01 3.978e-01
-7.200e-01 7.512e-01
-7.100e-01 8.739e-01
-7.000e-01 1.083e+00
-6.900e-01 8.455e-01
-6.800e-01 6.952e-01
-6.700e-01 3.605e-01
-6.600e-01 7.478e-01
-6.500e-01 1.037e+00
-6.400e-01 1.645e+00
-6.300e-01 1.018e+00
-6.200e-01 2.884e-01
-6.100e-01 3.573e-01
-6.000e-01 1.654e-01
-5.900e-01 -1.668e-01
-5.800e-01 5.378e-01
-5.700e-01 4.406e-01
-5.600e-01 7.656e-01
-5.500e-01 6.543e-01
-5.400e-01 6.422e-01
-5.300e-01 8.855e-01
-5.200e-01 6.274e-01
-5.100e-01 6.719e-01
-5.000e-01 6.193e-02
-4.900e-01 1.775e-01
-4.800e-01 5.193e-01
-4.700e-01 1.252e-01
-4.600e-01 5.107e-01
-4.500e-01 5.097e-01
-4.400e-01 1.073e+00
-4.300e-01 1.598e+00
-4.200e-01 1.142e+00
-4.100e-01 1.594e+00
-4.000e-01 1.393e+00
-3.900e-01 9.763e-01
-3.800e-01 5.259e-01
-3.700e-01 1.497e-01
-3.600e-01 5.856e-01
-3.500e-01 -1.158e-02
-3.400e-01 1.360e+00
-3.300e-01 1.160e+00
-3.200e-01 1.278e+00
-3.100e-01 1.307e+00
-3.000e-01 1.366e+00
-2.900e-01 6.643e-01
-2.800e-01 6.182e-01
-2.700e-01 1.178e+00
-2.600e-01 3.565e-01
-2.500e-01 2.245e-03
-2.400e-01 1.467e+00
-2.300e-01 1.064e+00
-2.200e-01 1.645e+00
-2.100e-01 5.607e-01
-2.000e-01 -9.139e-02
-1.900e-01 1.432e+00
-1.800e-01 1.593e+00
-1.700e-01 3.109e-01
-1.600e-01 5.669e-01
-1.500e-01 2.589e+00
-1.400e-01 5.765e+00
-1.300e-01 3.326e+00
-1.200e-01 3.586e+00
-1.100e-01 4.256e+00
-1.000e-01 5.797e+00
-9.000e-02 3.584e+00
-8.000e-02 4.236e+00
-7.000e-02 2.394e+00
-6.000e-02 2.842e+00
-5.000e-02 7.353e+00
-4.000e-02 6.815e+00
-3.000e-02 1.611e+01
-2.000e-02 2.810e+01
-1.000e-02 5.621e+01
