# Frequency (1.0/ps)      real(fft(F_0))
0.000e+00 7.193e+01
1.000e-02 4.169e+01
2.000e-02 2.748e+01
3.000e-02 1.895e+01
4.000e-02 1.555e+01
5.000e-02 1.329e+01
6.000e-02 1.027e+01
7.000e-02 1.004e+01
8.000e-02 7.803e+00
9.000e-02 5.619e+00
1.000e-01 6.273e+00
1.100e-01 4.106e+00
1.200e-01 3.752e+00
1.300e-01 4.535e+00
1.400e-01 4.299e+00
1.500e-01 4.397e+00
1.600e-01 3.435e+00
1.700e-01 2.290e+00
1.800e-01 2.490e+00
1.900e-01 1.693e+00
2.000e-01 8.529e-01
2.100e-01 9.131e-01
2.200e-01 3.016e-01
2.300e-01 5.794e-01
2.400e-01 3.127e-01
2.500e-01 1.194e-01
2.600e-01 6.267e-01
2.700e-01 4.426e-01
2.800e-01 9.045e-01
2.900e-01 8.349e-01
3.000e-01 6.213e-01
3.100e-01 6.663e-01
3.200e-01 1.141e+00
3.300e-01 1.067e+00
3.400e-01 6.749e-01
3.500e-01 5.399e-01
3.600e-01 7.712e-01
3.700e-01 1.151e+00
3.800e-01 1.103e+00
3.900e-01 9.156e-01
4.000e-01 1.188e+00
4.100e-01 8.345e-01
4.200e-01 6.416e-01
4.300e-01 1.035e+00
4.400e-01 8.824e-01
4.500e-01 1.250e+00
4.600e-01 7.836e-01
4.700e-01 3.726e-01
4.800e-01 5.143e-01
4.900e-01 1.567e-01
5.000e-01 4.626e-01
5.100e-01 3.859e-01
5.200e-01 6.268e-01
5.300e-01 4.831e-01
5.400e-01 3.395e-01
5.500e-01 4.611e-02
5.600e-01 3.614e-01
5.700e-01 8.764e-01
5.800e-01 7.224e-01
5.900e-01 7.517e-01
6.000e-01 2.949e-01
6.100e-01 2.036e-01
6.200e-01 1.816e-01
6.300e-01 1.258e-01
6.400e-01 4.054e-01
6.500e-01 5.397e-01
6.600e-01 6.979e-01
6.700e-01 9.274e-01
6.800e-01 7.608e-01
6.900e-01 7.336e-01
7.000e-01 4.985e-01
7.100e-01 7.263e-01
7.200e-01 1.296e+00
7.300e-01 1.187e+00
7.400e-01 9.899e-01
7.500e-01 1.284e+00
7.600e-01 9.051e-01
7.700e-01 7.096e-01
7.800e-01 9.172e-01
7.900e-01 9.240e-01
8.000e-01 1.020e+00
8.100e-01 1.000e+00
8.200e-01 1.138e+00
8.300e-01 1.283e+00
8.400e-01 8.578e-01
8.500e-01 5.213e-01
8.600e-01 5.986e-01
8.700e-01 5.628e-01
8.800e-01 6.060e-01
8.900e-01 5.224e-01
9.000e-01 3.441e-01
9.100e-01 2.431e-01
9.200e-01 4.027e-01
9.300e-01 3.510e-01
9.400e-01 6.682e-01
9.500e-01 6.489e-01
9.600e-01 7.241e-01
9.700e-01 8.074e-01
9.800e-01 4.490e-01
9.900e-01 5.582e-02
1.000e+00 3.784e-02
1.010e+00 -4.841e-02
1.020e+00 3.553e-02
1.030e+00 4.431e-02
1.040e+00 2.193e-01
1.050e+00 3.907e-01
1.060e+00 2.802e-02
1.070e+00 1.433e-01
1.080e+00 3.105e-01
1.090e+00 4.896e-01
1.100e+00 6.029e-01
1.110e+00 6.820e-01
1.120e+00 5.407e-01
1.130e+00 5.104e-01
1.140e+00 4.424e-01
1.150e+00 4.559e-01
1.160e+00 5.920e-01
1.170e+00 6.117e-01
1.180e+00 6.685e-01
1.190e+00 5.059e-01
1.200e+00 5.091e-01
1.210e+00 6.095e-01
1.220e+00 4.872e-01
1.230e+00 4.056e-01
1.240e+00 5.462e-01
1.250e+00 7.152e-01
1.260e+00 7.807e-01
1.270e+00 1.008e+00
1.280e+00 7.726e-01
1.290e+00 8.891e-01
1.300e+00 9.286e-01
1.310e+00 8.575e-01
1.320e+00 9.237e-01
1.330e+00 5.592e-01
1.340e+00 4.298e-01
1.350e+00 6.003e-01
1.360e+00 7.300e-01
1.370e+00 1.124e+00
1.380e+00 1.037e+00
1.390e+00 4.987e-01
1.400e+00 2.856e-01
1.410e+00 4.211e-01
1.420e+00 6.816e-01
1.430e+00 9.236e-01
1.440e+00 8.432e-01
1.450e+00 4.506e-01
1.460e+00 4.397e-01
1.470e+00 2.207e-01
1.480e+00 3.289e-01
1.490e+00 2.958e-01
1.500e+00 3.702e-01
1.510e+00 6.745e-01
1.520e+00 4.032e-01
1.530e+00 4.920e-01
1.540e+00 6.542e-01
1.550e+00 8.827e-01
1.560e+00 1.094e+00
1.570e+00 1.053e+00
1.580e+00 8.810e-01
1.590e+00 6.944e-01
1.600e+00 7.125e-01
1.610e+00 5.254e-01
1.620e+00 7.289e-01
1.630e+00 5.430e-01
1.640e+00 6.072e-01
1.650e+00 5.259e-01
1.660e+00 6.162e-01
1.670e+00 5.807e-01
1.680e+00 4.678e-01
1.690e+00 6.387e-01
1.700e+00 6.668e-01
1.710e+00 8.527e-01
1.720e+00 7.827e-01
1.730e+00 9.489e-01
1.740e+00 9.504e-01
1.750e+00 7.045e-01
1.760e+00 7.671e-01
1.770e+00 8.914e-01
1.780e+00 8.482e-01
1.790e+00 7.310e-01
1.800e+00 4.464e-01
1.810e+00 4.151e-01
1.820e+00 4.789e-01
1.830e+00 4.915e-01
1.840e+00 4.863e-01
1.850e+00 4.034e-01
1.860e+00 5.681e-01
1.870e+00 5.228e-01
1.880e+00 7.010e-01
1.890e+00 8.560e-01
1.900e+00 8.489e-01
1.910e+00 7.636e-01
1.920e+00 5.964e-01
1.930e+00 5.654e-01
1.940e+00 5.925e-01
1.950e+00 7.087e-01
1.960e+00 8.417e-01
1.970e+00 7.667e-01
1.980e+00 5.756e-01
1.990e+00 5.966e-01
2.000e+00 7.380e-01
2.010e+00 6.400e-01
2.020e+00 6.315e-01
2.030e+00 6.124e-01
2.040e+00 7.153e-01
2.050e+00 9.426e-01
2.060e+00 1.021e+00
2.070e+00 1.041e+00
2.080e+00 9.361e-01
2.090e+00 7.825e-01
2.100e+00 7.923e-01
2.110e+00 8.496e-01
2.120e+00 7.991e-01
2.130e+00 8.447e-01
2.140e+00 6.844e-01
2.150e+00 6.069e-01
2.160e+00 5.994e-01
2.170e+00 6.161e-01
2.180e+00 8.397e-01
2.190e+00 9.782e-01
2.200e+00 9.003e-01
2.210e+00 7.985e-01
2.220e+00 6.769e-01
2.230e+00 8.659e-01
2.240e+00 9.631e-01
2.250e+00 9.938e-01
2.260e+00 8.908e-01
2.270e+00 8.458e-01
2.280e+00 9.060e-01
2.290e+00 7.850e-01
2.300e+00 7.535e-01
2.310e+00 6.482e-01
2.320e+00 5.392e-01
2.330e+00 4.560e-01
2.340e+00 5.523e-01
2.350e+00 7.533e-01
2.360e+00 8.343e-01
2.370e+00 8.898e-01
2.380e+00 7.960e-01
2.390e+00 8.345e-01
2.400e+00 9.175e-01
2.410e+00 9.801e-01
2.420e+00 8.642e-01
2.430e+00 7.260e-01
2.440e+00 5.521e-01
2.450e+00 6.567e-01
2.460e+00 7.274e-01
2.470e+00 8.210e-01
2.480e+00 6.925e-01
2.490e+00 6.613e-01
2.500e+00 5.541e-01
2.510e+00 5.075e-01
2.520e+00 5.153e-01
2.530e+00 4.753e-01
2.540e+00 4.462e-01
2.550e+00 5.032e-01
2.560e+00 5.972e-01
2.570e+00 5.375e-01
2.580e+00 5.184e-01
2.590e+00 4.537e-01
2.600e+00 4.094e-01
2.610e+00 1.112e-01
2.620e+00 9.484e-02
2.630e+00 2.145e-01
2.640e+00 4.276e-01
2.650e+00 5.817e-01
2.660e+00 5.697e-01
2.670e+00 5.107e-01
2.680e+00 4.236e-01
2.690e+00 3.656e-01
2.700e+00 3.562e-01
2.710e+00 2.455e-01
2.720e+00 4.321e-01
2.730e+00 4.237e-01
2.740e+00 3.186e-01
2.750e+00 3.509e-01
2.760e+00 3.434e-01
2.770e+00 6.525e-01
2.780e+00 5.576e-01
2.790e+00 5.833e-01
2.800e+00 4.252e-01
2.810e+00 4.497e-01
2.820e+00 4.954e-01
2.830e+00 4.824e-01
2.840e+00 5.377e-01
2.850e+00 4.628e-01
2.860e+00 5.833e-01
2.870e+00 6.389e-01
2.880e+00 7.118e-01
2.890e+00 6.600e-01
2.900e+00 5.750e-01
2.910e+00 5.386e-01
2.920e+00 5.622e-01
2.930e+00 4.285e-01
2.940e+00 3.685e-01
2.950e+00 3.885e-01
2.960e+00 3.650e-01
2.970e+00 2.992e-01
2.980e+00 3.642e-01
2.990e+00 3.684e-01
3.000e+00 4.436e-01
3.010e+00 3.852e-01
3.020e+00 5.723e-01
3.030e+00 6.369e-01
3.040e+00 5.807e-01
3.050e+00 6.318e-01
3.060e+00 5.994e-01
3.070e+00 6.408e-01
3.080e+00 6.163e-01
3.090e+00 4.842e-01
3.100e+00 5.241e-01
3.110e+00 6.502e-01
3.120e+00 7.051e-01
3.130e+00 6.966e-01
3.140e+00 7.095e-01
3.150e+00 7.815e-01
3.160e+00 8.025e-01
3.170e+00 9.153e-01
3.180e+00 9.014e-01
3.190e+00 7.318e-01
3.200e+00 5.813e-01
3.210e+00 4.555e-01
3.220e+00 5.007e-01
3.230e+00 6.238e-01
3.240e+00 6.442e-01
3.250e+00 6.184e-01
3.260e+00 5.045e-01
3.270e+00 4.079e-01
3.280e+00 3.814e-01
3.290e+00 4.842e-01
3.300e+00 4.989e-01
3.310e+00 5.319e-01
3.320e+00 6.226e-01
3.330e+00 5.211e-01
3.340e+00 5.162e-01
3.350e+00 5.958e-01
3.360e+00 6.188e-01
3.370e+00 5.888e-01
3.380e+00 4.826e-01
3.390e+00 5.369e-01
3.400e+00 4.613e-01
3.410e+00 3.222e-01
3.420e+00 2.350e-01
3.430e+00 1.135e-01
3.440e+00 2.618e-01
3.450e+00 4.016e-01
3.460e+00 5.244e-01
3.470e+00 5.146e-01
3.480e+00 5.981e-01
3.490e+00 6.847e-01
3.500e+00 7.152e-01
3.510e+00 6.455e-01
3.520e+00 5.906e-01
3.530e+00 6.063e-01
3.540e+00 6.160e-01
3.550e+00 6.809e-01
3.560e+00 7.091e-01
3.570e+00 7.131e-01
3.580e+00 6.582e-01
3.590e+00 5.951e-01
3.600e+00 5.636e-01
3.610e+00 5.858e-01
3.620e+00 5.842e-01
3.630e+00 6.706e-01
3.640e+00 6.858e-01
3.650e+00 4.690e-01
3.660e+00 3.290e-01
3.670e+00 3.384e-01
3.680e+00 3.627e-01
3.690e+00 3.858e-01
3.700e+00 5.028e-01
3.710e+00 3.092e-01
3.720e+00 3.149e-01
3.730e+00 3.487e-01
3.740e+00 3.360e-01
3.750e+00 4.008e-01
3.760e+00 4.721e-01
3.770e+00 5.131e-01
3.780e+00 4.171e-01
3.790e+00 2.981e-01
3.800e+00 3.023e-01
3.810e+00 4.545e-01
3.820e+00 6.370e-01
3.830e+00 6.991e-01
3.840e+00 4.965e-01
3.850e+00 4.717e-01
3.860e+00 5.870e-01
3.870e+00 6.340e-01
3.880e+00 5.873e-01
3.890e+00 5.965e-01
3.900e+00 5.640e-01
3.910e+00 6.617e-01
3.920e+00 5.532e-01
3.930e+00 6.091e-01
3.940e+00 5.713e-01
3.950e+00 6.300e-01
3.960e+00 6.536e-01
3.970e+00 6.481e-01
3.980e+00 6.636e-01
3.990e+00 5.021e-01
4.000e+00 5.434e-01
4.010e+00 5.292e-01
4.020e+00 5.497e-01
4.030e+00 4.604e-01
4.040e+00 4.202e-01
4.050e+00 3.106e-01
4.060e+00 2.606e-01
4.070e+00 1.769e-01
4.080e+00 1.500e-01
4.090e+00 2.135e-01
4.100e+00 2.555e-01
4.110e+00 3.209e-01
4.120e+00 2.090e-01
4.130e+00 1.784e-01
4.140e+00 2.033e-01
4.150e+00 2.454e-01
4.160e+00 3.469e-01
4.170e+00 3.380e-01
4.180e+00 3.165e-01
4.190e+00 3.177e-01
4.200e+00 3.847e-01
4.210e+00 4.463e-01
4.220e+00 4.720e-01
4.230e+00 4.039e-01
4.240e+00 3.732e-01
4.250e+00 3.904e-01
4.260e+00 4.208e-01
4.270e+00 4.881e-01
4.280e+00 5.807e-01
4.290e+00 6.555e-01
4.300e+00 5.973e-01
4.310e+00 5.363e-01
4.320e+00 5.242e-01
4.330e+00 5.905e-01
4.340e+00 5.349e-01
4.350e+00 5.658e-01
4.360e+00 6.197e-01
4.370e+00 4.006e-01
4.380e+00 3.910e-01
4.390e+00 4.485e-01
4.400e+00 4.748e-01
4.410e+00 6.297e-01
4.420e+00 6.220e-01
4.430e+00 5.812e-01
4.440e+00 5.107e-01
4.450e+00 4.468e-01
4.460e+00 4.196e-01
4.470e+00 5.977e-01
4.480e+00 6.104e-01
4.490e+00 5.526e-01
4.500e+00 5.616e-01
4.510e+00 4.049e-01
4.520e+00 4.902e-01
4.530e+00 5.032e-01
4.540e+00 5.220e-01
4.550e+00 6.713e-01
4.560e+00 6.382e-01
4.570e+00 6.477e-01
4.580e+00 6.252e-01
4.590e+00 5.881e-01
4.600e+00 7.496e-01
4.610e+00 8.485e-01
4.620e+00 8.649e-01
4.630e+00 7.965e-01
4.640e+00 5.631e-01
4.650e+00 5.840e-01
4.660e+00 5.439e-01
4.670e+00 5.245e-01
4.680e+00 6.553e-01
4.690e+00 5.420e-01
4.700e+00 5.253e-01
4.710e+00 5.748e-01
4.720e+00 4.902e-01
4.730e+00 5.573e-01
4.740e+00 5.514e-01
4.750e+00 4.778e-01
4.760e+00 4.780e-01
4.770e+00 3.752e-01
4.780e+00 4.470e-01
4.790e+00 3.982e-01
4.800e+00 4.233e-01
4.810e+00 3.708e-01
4.820e+00 1.583e-01
4.830e+00 1.791e-01
4.840e+00 1.473e-01
4.850e+00 2.411e-01
4.860e+00 2.300e-01
4.870e+00 1.709e-01
4.880e+00 1.739e-01
4.890e+00 2.013e-01
4.900e+00 2.055e-01
4.910e+00 3.732e-01
4.920e+00 4.697e-01
4.930e+00 5.533e-01
4.940e+00 4.488e-01
4.950e+00 4.080e-01
4.960e+00 2.876e-01
4.970e+00 3.481e-01
4.980e+00 3.268e-01
4.990e+00 3.909e-01
-5.000e+00 3.783e-01
-4.990e+00 3.909e-01
-4.980e+00 3.268e-01
-4.970e+00 3.481e-01
-4.960e+00 2.876e-01
-4.950e+00 4.080e-01
-4.940e+00 4.488e-01
-4.930e+00 5.533e-01
-4.920e+00 4.697e-01
-4.910e+00 3.732e-01
-4.900e+00 2.055e-01
-4.890e+00 2.013e-01
-4.880e+00 1.739e-01
-4.870e+00 1.709e-01
-4.860e+00 2.300e-01
-4.850e+00 2.411e-01
-4.840e+00 1.473e-01
-4.830e+00 1.791e-01
-4.820e+00 1.583e-01
-4.810e+00 3.708e-01
-4.800e+00 4.233e-01
-4.790e+00 3.982e-01
-4.780e+00 4.470e-01
-4.770e+00 3.752e-01
-4.760e+00 4.780e-01
-4.750e+00 4.778e-01
-4.740e+00 5.514e-01
-4.730e+00 5.573e-01
-4.720e+00 4.902e-01
-4.710e+00 5.748e-01
-4.700e+00 5.253e-01
-4.690e+00 5.420e-01
-4.680e+00 6.553e-01
-4.670e+00 5.245e-01
-4.660e+00 5.439e-01
-4.650e+00 5.840e-01
-4.640e+00 5.631e-01
-4.630e+00 7.965e-01
-4.620e+00 8.649e-01
-4.610e+00 8.485e-01
-4.600e+00 7.496e-01
-4.590e+00 5.881e-01
-4.580e+00 6.252e-01
-4.570e+00 6.477e-01
-4.560e+00 6.382e-01
-4.550e+00 6.713e-01
-4.540e+00 5.220e-01
-4.530e+00 5.032e-01
-4.520e+00 4.902e-01
-4.510e+00 4.049e-01
-4.500e+00 5.616e-01
-4.490e+00 5.526e-01
-4.480e+00 6.104e-01
-4.470e+00 5.977e-01
-4.460e+00 4.196e-01
-4.450e+00 4.468e-01
-4.440e+00 5.107e-01
-4.430e+00 5.812e-01
-4.420e+00 6.220e-01
-4.410e+00 6.297e-01
-4.400e+00 4.748e-01
-4.390e+00 4.485e-01
-4.380e+00 3.910e-01
-4.370e+00 4.006e-01
-4.360e+00 6.197e-01
-4.350e+00 5.658e-01
-4.340e+00 5.349e-01
-4.330e+00 5.905e-01
-4.320e+00 5.242e-01
-4.310e+00 5.363e-01
-4.300e+00 5.973e-01
-4.290e+00 6.555e-01
-4.280e+00 5.807e-01
-4.270e+00 4.881e-01
-4.260e+00 4.208e-01
-4.250e+00 3.904e-01
-4.240e+00 3.732e-01
-4.230e+00 4.039e-01
-4.220e+00 4.720e-01
-4.210e+00 4.463e-01
-4.200e+00 3.847e-01
-4.190e+00 3.177e-01
-4.180e+00 3.165e-01
-4.170e+00 3.380e-01
-4.160e+00 3.469e-01
-4.150e+00 2.454e-01
-4.140e+00 2.033e-01
-4.130e+00 1.784e-01
-4.120e+00 2.090e-01
-4.110e+00 3.209e-01
-4.100e+00 2.555e-01
-4.090e+00 2.135e-01
-4.080e+00 1.500e-01
-4.070e+00 1.769e-01
-4.060e+00 2.606e-01
-4.050e+00 3.106e-01
-4.040e+00 4.202e-01
-4.030e+00 4.604e-01
-4.020e+00 5.497e-01
-4.010e+00 5.292e-01
-4.000e+00 5.434e-01
-3.990e+00 5.021e-01
-3.980e+00 6.636e-01
-3.970e+00 6.481e-01
-3.960e+00 6.536e-01
-3.950e+00 6.300e-01
-3.940e+00 5.713e-01
-3.930e+00 6.091e-01
-3.920e+00 5.532e-01
-3.910e+00 6.617e-01
-3.900e+00 5.640e-01
-3.890e+00 5.965e-01
-3.880e+00 5.873e-01
-3.870e+00 6.340e-01
-3.860e+00 5.870e-01
-3.850e+00 4.717e-01
-3.840e+00 4.965e-01
-3.830e+00 6.991e-01
-3.820e+00 6.370e-01
-3.810e+00 4.545e-01
-3.800e+00 3.023e-01
-3.790e+00 2.981e-01
-3.780e+00 4.171e-01
-3.770e+00 5.131e-01
-3.760e+00 4.721e-01
-3.750e+00 4.008e-01
-3.740e+00 3.360e-01
-3.730e+00 3.487e-01
-3.720e+00 3.149e-01
-3.710e+00 3.092e-01
-3.700e+00 5.028e-01
-3.690e+00 3.858e-01
-3.680e+00 3.627e-01
-3.670e+00 3.384e-01
-3.660e+00 3.290e-01
-3.650e+00 4.690e-01
-3.640e+00 6.858e-01
-3.630e+00 6.706e-01
-3.620e+00 5.842e-01
-3.610e+00 5.858e-01
-3.600e+00 5.636e-01
-3.590e+00 5.951e-01
-3.580e+00 6.582e-01
-3.570e+00 7.131e-01
-3.560e+00 7.091e-01
-3.550e+00 6.809e-01
-3.540e+00 6.160e-01
-3.530e+00 6.063e-01
-3.520e+00 5.906e-01
-3.510e+00 6.455e-01
-3.500e+00 7.152e-01
-3.490e+00 6.847e-01
-3.480e+00 5.981e-01
-3.470e+00 5.146e-01
-3.460e+00 5.244e-01
-3.450e+00 4.016e-01
-3.440e+00 2.618e-01
-3.430e+00 1.135e-01
-3.420e+00 2.350e-01
-3.410e+00 3.222e-01
-3.400e+00 4.613e-01
-3.390e+00 5.369e-01
-3.380e+00 4.826e-01
-3.370e+00 5.888e-01
-3.360e+00 6.188e-01
-3.350e+00 5.958e-01
-3.340e+00 5.162e-01
-3.330e+00 5.211e-01
-3.320e+00 6.226e-01
-3.310e+00 5.319e-01
-3.300e+00 4.989e-01
-3.290e+00 4.842e-01
-3.280e+00 3.814e-01
-3.270e+00 4.079e-01
-3.260e+00 5.045e-01
-3.250e+00 6.184e-01
-3.240e+00 6.442e-01
-3.230e+00 6.238e-01
-3.220e+00 5.007e-01
-3.210e+00 4.555e-01
-3.200e+00 5.813e-01
-3.190e+00 7.318e-01
-3.180e+00 9.014e-01
-3.170e+00 9.153e-01
-3.160e+00 8.025e-01
-3.150e+00 7.815e-01
-3.140e+00 7.095e-01
-3.130e+00 6.966e-01
-3.120e+00 7.051e-01
-3.110e+00 6.502e-01
-3.100e+00 5.241e-01
-3.090e+00 4.842e-01
-3.080e+00 6.163e-01
-3.070e+00 6.408e-01
-3.060e+00 5.994e-01
-3.050e+00 6.318e-01
-3.040e+00 5.807e-01
-3.030e+00 6.369e-01
-3.020e+00 5.723e-01
-3.010e+00 3.852e-01
-3.000e+00 4.436e-01
-2.990e+00 3.684e-01
-2.980e+00 3.642e-01
-2.970e+00 2.992e-01
-2.960e+00 3.650e-01
-2.950e+00 3.885e-01
-2.940e+00 3.685e-01
-2.930e+00 4.285e-01
-2.920e+00 5.622e-01
-2.910e+00 5.386e-01
-2.900e+00 5.750e-01
-2.890e+00 6.600e-01
-2.880e+00 7.118e-01
-2.870e+00 6.389e-01
-2.860e+00 5.833e-01
-2.850e+00 4.628e-01
-2.840e+00 5.377e-01
-2.830e+00 4.824e-01
-2.820e+00 4.954e-01
-2.810e+00 4.497e-01
-2.800e+00 4.252e-01
-2.790e+00 5.833e-01
-2.780e+00 5.576e-01
-2.770e+00 6.525e-01
-2.760e+00 3.434e-01
-2.750e+00 3.509e-01
-2.740e+00 3.186e-01
-2.730e+00 4.237e-01
-2.720e+00 4.321e-01
-2.710e+00 2.455e-01
-2.700e+00 3.562e-01
-2.690e+00 3.656e-01
-2.680e+00 4.236e-01
-2.670e+00 5.107e-01
-2.660e+00 5.697e-01
-2.650e+00 5.817e-01
-2.640e+00 4.276e-01
-2.630e+00 2.145e-01
-2.620e+00 9.484e-02
-2.610e+00 1.112e-01
-2.600e+00 4.094e-01
-2.590e+00 4.537e-01
-2.580e+00 5.184e-01
-2.570e+00 5.375e-01
-2.560e+00 5.972e-01
-2.550e+00 5.032e-01
-2.540e+00 4.462e-01
-2.530e+00 4.753e-01
-2.520e+00 5.153e-01
-2.510e+00 5.075e-01
-2.500e+00 5.541e-01
-2.490e+00 6.613e-01
-2.480e+00 6.925e-01
-2.470e+00 8.210e-01
-2.460e+00 7.274e-01
-2.450e+00 6.567e-01
-2.440e+00 5.521e-01
-2.430e+00 7.260e-01
-2.420e+00 8.642e-01
-2.410e+00 9.801e-01
-2.400e+00 9.175e-01
-2.390e+00 8.345e-01
-2.380e+00 7.960e-01
-2.370e+00 8.898e-01
-2.360e+00 8.343e-01
-2.350e+00 7.533e-01
-2.340e+00 5.523e-01
-2.330e+00 4.560e-01
-2.320e+00 5.392e-01
-2.310e+00 6.482e-01
-2.300e+00 7.535e-01
-2.290e+00 7.850e-01
-2.280e+00 9.060e-01
-2.270e+00 8.458e-01
-2.260e+00 8.908e-01
-2.250e+00 9.938e-01
-2.240e+00 9.631e-01
-2.230e+00 8.659e-01
-2.220e+00 6.769e-01
-2.210e+00 7.985e-01
-2.200e+00 9.003e-01
-2.190e+00 9.782e-01
-2.180e+00 8.397e-01
-2.170e+00 6.161e-01
-2.160e+00 5.994e-01
-2.150e+00 6.069e-01
-2.140e+00 6.844e-01
-2.130e+00 8.447e-01
-2.120e+00 7.991e-01
-2.110e+00 8.496e-01
-2.100e+00 7.923e-01
-2.090e+00 7.825e-01
-2.080e+00 9.361e-01
-2.070e+00 1.041e+00
-2.060e+00 1.021e+00
-2.050e+00 9.426e-01
-2.040e+00 7.153e-01
-2.030e+00 6.124e-01
-2.020e+00 6.315e-01
-2.010e+00 6.400e-01
-2.000e+00 7.380e-01
-1.990e+00 5.966e-01
-1.980e+00 5.756e-01
-1.970e+00 7.667e-01
-1.960e+00 8.417e-01
-1.950e+00 7.087e-01
-1.940e+00 5.925e-01
-1.930e+00 5.654e-01
-1.920e+00 5.964e-01
-1.910e+00 7.636e-01
-1.900e+00 8.489e-01
-1.890e+00 8.560e-01
-1.880e+00 7.010e-01
-1.870e+00 5.228e-01
-1.860e+00 5.681e-01
-1.850e+00 4.034e-01
-1.840e+00 4.863e-01
-1.830e+00 4.915e-01
-1.820e+00 4.789e-01
-1.810e+00 4.151e-01
-1.800e+00 4.464e-01
-1.790e+00 7.310e-01
-1.780e+00 8.482e-01
-1.770e+00 8.914e-01
-1.760e+00 7.671e-01
-1.750e+00 7.045e-01
-1.740e+00 9.504e-01
-1.730e+00 9.489e-01
-1.720e+00 7.827e-01
-1.710e+00 8.527e-01
-1.700e+00 6.668e-01
-1.690e+00 6.387e-01
-1.680e+00 4.678e-01
-1.670e+00 5.807e-01
-1.660e+00 6.162e-01
-1.650e+00 5.259e-01
-1.640e+00 6.072e-01
-1.630e+00 5.430e-01
-1.620e+00 7.289e-01
-1.610e+00 5.254e-01
-1.600e+00 7.125e-01
-1.590e+00 6.944e-01
-1.580e+00 8.810e-01
-1.570e+00 1.053e+00
-1.560e+00 1.094e+00
-1.550e+00 8.827e-01
-1.540e+00 6.542e-01
-1.530e+00 4.920e-01
-1.520e+00 4.032e-01
-1.510e+00 6.745e-01
-1.500e+00 3.702e-01
-1.490e+00 2.958e-01
-1.480e+00 3.289e-01
-1.470e+00 2.207e-01
-1.460e+00 4.397e-01
-1.450e+00 4.506e-01
-1.440e+00 8.432e-01
-1.430e+00 9.236e-01
-1.420e+00 6.816e-01
-1.410e+00 4.211e-01
-1.400e+00 2.856e-01
-1.390e+00 4.987e-01
-1.380e+00 1.037e+00
-1.370e+00 1.124e+00
-1.360e+00 7.300e-01
-1.350e+00 6.003e-01
-1.340e+00 4.298e-01
-1.330e+00 5.592e-01
-1.320e+00 9.237e-01
-1.310e+00 8.575e-01
-1.300e+00 9.286e-01
-1.290e+00 8.891e-01
-1.280e+00 7.726e-01
-1.270e+00 1.008e+00
-1.260e+00 7.807e-01
-1.250e+00 7.152e-01
-1.240e+00 5.462e-01
-1.230e+00 4.056e-01
-1.220e+00 4.872e-01
-1.210e+00 6.095e-01
-1.200e+00 5.091e-01
-1.190e+00 5.059e-01
-1.180e+00 6.685e-01
-1.170e+00 6.117e-01
-1.160e+00 5.920e-01
-1.150e+00 4.559e-01
-1.140e+00 4.424e-01
-1.130e+00 5.104e-01
-1.120e+00 5.407e-01
-1.110e+00 6.820e-01
-1.100e+00 6.029e-01
-1.090e+00 4.896e-01
-1.080e+00 3.105e-01
-1.070e+00 1.433e-01
-1.060e+00 2.802e-02
-1.050e+00 3.907e-01
-1.040e+00 2.193e-01
-1.030e+00 4.431e-02
-1.020e+00 3.553e-02
-1.010e+00 -4.841e-02
-1.000e+00 3.784e-02
-9.900e-01 5.582e-02
-9.800e-01 4.490e-01
-9.700e-01 8.074e-01
-9.600e-01 7.241e-01
-9.500e-01 6.489e-01
-9.400e-01 6.682e-01
-9.300e-01 3.510e-01
-9.200e-01 4.027e-01
-9.100e-01 2.431e-01
-9.000e-01 3.441e-01
-8.900e-01 5.224e-01
-8.800e-01 6.060e-01
-8.700e-01 5.628e-01
-8.600e-01 5.986e-01
-8.500e-01 5.213e-01
-8.400e-01 8.578e-01
-8.300e-01 1.283e+00
-8.200e-01 1.138e+00
-8.100e-01 1.000e+00
-8.000e-01 1.020e+00
-7.900e-01 9.240e-01
-7.800e-01 9.172e-01
-7.700e-01 7.096e-01
-7.600e-01 9.051e-01
-7.500e-01 1.284e+00
-7.400e-01 9.899e-01
-7.300e-01 1.187e+00
-7.200e-01 1.296e+00
-7.100e-01 7.263e-01
-7.000e-01 4.985e-01
-6.900e-01 7.336e-01
-6.800e-01 7.608e-01
-6.700e-01 9.274e-01
-6.600e-01 6.979e-01
-6.500e-01 5.397e-01
-6.400e-01 4.054e-01
-6.300e-01 1.258e-01
-6.200e-01 1.816e-01
-6.100e-01 2.036e-01
-6.000e-01 2.949e-01
-5.900e-01 7.517e-01
-5.800e-01 7.224e-01
-5.700e-01 8.764e-01
-5.600e-01 3.614e-01
-5.500e-01 4.611e-02
-5.400e-01 3.395e-01
-5.300e-01 4.831e-01
-5.200e-01 6.268e-01
-5.100e-01 3.859e-01
-5.000e-01 4.626e-01
-4.900e-01 1.567e-01
-4.800e-01 5.143e-01
-4.700e-01 3.726e-01
-4.600e-01 7.836e-01
-4.500e-01 1.250e+00
-4.400e-01 8.824e-01
-4.300e-01 1.035e+00
-4.200e-01 6.416e-01
-4.100e-01 8.345e-01
-4.000e-01 1.188e+00
-3.900e-01 9.156e-01
-3.800e-01 1.103e+00
-3.700e-01 1.151e+00
-3.600e-01 7.712e-01
-3.500e-01 5.399e-01
-3.400e-01 6.749e-01
-3.300e-01 1.067e+00
-3.200e-01 1.141e+00
-3.100e-01 6.663e-01
-3.000e-01 6.213e-01
-2.900e-01 8.349e-01
-2.800e-01 9.045e-01
-2.700e-01 4.426e-01
-2.600e-01 6.267e-01
-2.500e-01 1.194e-01
-2.400e-01 3.127e-01
-2.300e-01 5.794e-01
-2.200e-01 3.016e-01
-2.100e-01 9.131e-01
-2.000e-01 8.529e-01
-1.900e-01 1.693e+00
-1.800e-01 2.490e+00
-1.700e-01 2.290e+00
-1.600e-01 3.435e+00
-1.500e-01 4.397e+00
-1.400e-01 4.299e+00
-1.300e-01 4.535e+00
-1.200e-01 3.752e+00
-1.100e-01 4.106e+00
-1.000e-01 6.273e+00
-9.000e-02 5.619e+00
-8.000e-02 7.803e+00
-7.000e-02 1.004e+01
-6.000e-02 1.027e+01
-5.000e-02 1.329e+01
-4.000e-02 1.555e+01
-3.000e-02 1.895e+01
-2.000e-02 2.748e+01
-1.000e-02 4.169e+01
