# Time (ps)      real(F_0)      im(F_0)
0.000e+00 1.000e+00 0.000e+00
1.000e-01 8.920e-01 0.000e+00
2.000e-01 8.397e-01 0.000e+00
3.000e-01 8.578e-01 0.000e+00
4.000e-01 8.929e-01 0.000e+00
5.000e-01 7.898e-01 0.000e+00
6.000e-01 7.863e-01 0.000e+00
7.000e-01 7.345e-01 0.000e+00
8.000e-01 7.750e-01 0.000e+00
9.000e-01 7.740e-01 0.000e+00
1.000e+00 8.275e-01 0.000e+00
1.100e+00 7.846e-01 0.000e+00
1.200e+00 7.695e-01 0.000e+00
1.300e+00 7.556e-01 0.000e+00
1.400e+00 7.026e-01 0.000e+00
1.500e+00 6.970e-01 0.000e+00
1.600e+00 7.021e-01 0.000e+00
1.700e+00 6.189e-01 0.000e+00
1.800e+00 6.224e-01 0.000e+00
1.900e+00 6.596e-01 0.000e+00
2.000e+00 6.122e-01 0.000e+00
2.100e+00 5.940e-01 0.000e+00
2.200e+00 5.899e-01 0.000e+00
2.300e+00 6.046e-01 0.000e+00
2.400e+00 6.576e-01 0.000e+00
2.500e+00 5.950e-01 0.000e+00
2.600e+00 5.859e-01 0.000e+00
2.700e+00 6.167e-01 0.000e+00
2.800e+00 6.321e-01 0.000e+00
2.900e+00 5.996e-01 0.000e+00
3.000e+00 6.014e-01 0.000e+00
3.100e+00 5.731e-01 0.000e+00
3.200e+00 5.578e-01 0.000e+00
3.300e+00 6.115e-01 0.000e+00
3.400e+00 6.330e-01 0.000e+00
3.500e+00 6.067e-01 0.000e+00
3.600e+00 5.776e-01 0.000e+00
3.700e+00 5.610e-01 0.000e+00
3.800e+00 5.646e-01 0.000e+00
3.900e+00 5.709e-01 0.000e+00
4.000e+00 5.484e-01 0.000e+00
4.100e+00 5.475e-01 0.000e+00
4.200e+00 5.037e-01 0.000e+00
4.300e+00 5.327e-01 0.000e+00
4.400e+00 5.086e-01 0.000e+00
4.500e+00 5.057e-01 0.000e+00
4.600e+00 5.141e-01 0.000e+00
4.700e+00 5.457e-01 0.000e+00
4.800e+00 5.275e-01 0.000e+00
4.900e+00 5.134e-01 0.000e+00
5.000e+00 4.865e-01 0.000e+00
5.100e+00 4.487e-01 0.000e+00
5.200e+00 4.536e-01 0.000e+00
5.300e+00 5.014e-01 0.000e+00
5.400e+00 4.967e-01 0.000e+00
5.500e+00 5.052e-01 0.000e+00
5.600e+00 4.935e-01 0.000e+00
5.700e+00 5.007e-01 0.000e+00
5.800e+00 5.099e-01 0.000e+00
5.900e+00 4.764e-01 0.000e+00
6.000e+00 4.830e-01 0.000e+00
6.100e+00 4.860e-01 0.000e+00
6.200e+00 4.956e-01 0.000e+00
6.300e+00 4.390e-01 0.000e+00
6.400e+00 4.446e-01 0.000e+00
6.500e+00 4.445e-01 0.000e+00
6.600e+00 4.333e-01 0.000e+00
6.700e+00 4.577e-01 0.000e+00
6.800e+00 4.286e-01 0.000e+00
6.900e+00 4.294e-01 0.000e+00
7.000e+00 3.897e-01 0.000e+00
7.100e+00 3.925e-01 0.000e+00
7.200e+00 4.280e-01 0.000e+00
7.300e+00 4.126e-01 0.000e+00
7.400e+00 4.032e-01 0.000e+00
7.500e+00 3.849e-01 0.000e+00
7.600e+00 3.871e-01 0.000e+00
7.700e+00 3.952e-01 0.000e+00
7.800e+00 3.852e-01 0.000e+00
7.900e+00 3.653e-01 0.000e+00
8.000e+00 3.615e-01 0.000e+00
8.100e+00 3.916e-01 0.000e+00
8.200e+00 4.417e-01 0.000e+00
8.300e+00 4.136e-01 0.000e+00
8.400e+00 4.059e-01 0.000e+00
8.500e+00 4.293e-01 0.000e+00
8.600e+00 4.450e-01 0.000e+00
8.700e+00 3.963e-01 0.000e+00
8.800e+00 3.370e-01 0.000e+00
8.900e+00 3.648e-01 0.000e+00
9.000e+00 3.928e-01 0.000e+00
9.100e+00 3.617e-01 0.000e+00
9.200e+00 3.535e-01 0.000e+00
9.300e+00 3.408e-01 0.000e+00
9.400e+00 3.468e-01 0.000e+00
9.500e+00 3.320e-01 0.000e+00
9.600e+00 3.572e-01 0.000e+00
9.700e+00 3.761e-01 0.000e+00
9.800e+00 3.919e-01 0.000e+00
9.900e+00 3.399e-01 0.000e+00
1.000e+01 3.691e-01 0.000e+00
1.010e+01 3.406e-01 0.000e+00
1.020e+01 3.274e-01 0.000e+00
1.030e+01 3.296e-01 0.000e+00
1.040e+01 3.208e-01 0.000e+00
1.050e+01 3.204e-01 0.000e+00
1.060e+01 3.173e-01 0.000e+00
1.070e+01 3.222e-01 0.000e+00
1.080e+01 3.203e-01 0.000e+00
1.090e+01 3.194e-01 0.000e+00
1.100e+01 3.147e-01 0.000e+00
1.110e+01 3.006e-01 0.000e+00
1.120e+01 2.967e-01 0.000e+00
1.130e+01 2.927e-01 0.000e+00
1.140e+01 2.831e-01 0.000e+00
1.150e+01 3.052e-01 0.000e+00
1.160e+01 3.149e-01 0.000e+00
1.170e+01 3.007e-01 0.000e+00
1.180e+01 3.070e-01 0.000e+00
1.190e+01 2.992e-01 0.000e+00
1.200e+01 2.866e-01 0.000e+00
1.210e+01 2.993e-01 0.000e+00
1.220e+01 2.898e-01 0.000e+00
1.230e+01 2.864e-01 0.000e+00
1.240e+01 2.918e-01 0.000e+00
1.250e+01 2.924e-01 0.000e+00
1.260e+01 2.880e-01 0.000e+00
1.270e+01 2.719e-01 0.000e+00
1.280e+01 2.589e-01 0.000e+00
1.290e+01 2.756e-01 0.000e+00
1.300e+01 2.691e-01 0.000e+00
1.310e+01 2.707e-01 0.000e+00
1.320e+01 2.749e-01 0.000e+00
1.330e+01 2.763e-01 0.000e+00
1.340e+01 2.846e-01 0.000e+00
1.350e+01 2.850e-01 0.000e+00
1.360e+01 2.958e-01 0.000e+00
1.370e+01 2.920e-01 0.000e+00
1.380e+01 2.855e-01 0.000e+00
1.390e+01 2.603e-01 0.000e+00
1.400e+01 2.606e-01 0.000e+00
1.410e+01 2.599e-01 0.000e+00
1.420e+01 2.632e-01 0.000e+00
1.430e+01 2.506e-01 0.000e+00
1.440e+01 2.553e-01 0.000e+00
1.450e+01 2.708e-01 0.000e+00
1.460e+01 2.617e-01 0.000e+00
1.470e+01 2.658e-01 0.000e+00
1.480e+01 2.632e-01 0.000e+00
1.490e+01 2.622e-01 0.000e+00
1.500e+01 2.539e-01 0.000e+00
1.510e+01 2.491e-01 0.000e+00
1.520e+01 2.570e-01 0.000e+00
1.530e+01 2.659e-01 0.000e+00
1.540e+01 2.568e-01 0.000e+00
1.550e+01 2.555e-01 0.000e+00
1.560e+01 2.567e-01 0.000e+00
1.570e+01 2.404e-01 0.000e+00
1.580e+01 2.531e-01 0.000e+00
1.590e+01 2.481e-01 0.000e+00
1.600e+01 2.496e-01 0.000e+00
1.610e+01 2.499e-01 0.000e+00
1.620e+01 2.233e-01 0.000e+00
1.630e+01 2.252e-01 0.000e+00
1.640e+01 2.474e-01 0.000e+00
1.650e+01 2.518e-01 0.000e+00
1.660e+01 2.372e-01 0.000e+00
1.670e+01 2.480e-01 0.000e+00
1.680e+01 2.390e-01 0.000e+00
1.690e+01 2.491e-01 0.000e+00
1.700e+01 2.408e-01 0.000e+00
1.710e+01 2.387e-01 0.000e+00
1.720e+01 2.483e-01 0.000e+00
1.730e+01 2.375e-01 0.000e+00
1.740e+01 2.511e-01 0.000e+00
1.750e+01 2.402e-01 0.000e+00
1.760e+01 2.407e-01 0.000e+00
1.770e+01 2.403e-01 0.000e+00
1.780e+01 2.592e-01 0.000e+00
1.790e+01 2.738e-01 0.000e+00
1.800e+01 2.901e-01 0.000e+00
1.810e+01 2.791e-01 0.000e+00
1.820e+01 2.600e-01 0.000e+00
1.830e+01 2.366e-01 0.000e+00
1.840e+01 2.491e-01 0.000e+00
1.850e+01 2.650e-01 0.000e+00
1.860e+01 2.533e-01 0.000e+00
1.870e+01 2.674e-01 0.000e+00
1.880e+01 2.495e-01 0.000e+00
1.890e+01 2.401e-01 0.000e+00
1.900e+01 2.482e-01 0.000e+00
1.910e+01 2.395e-01 0.000e+00
1.920e+01 2.567e-01 0.000e+00
1.930e+01 2.552e-01 0.000e+00
1.940e+01 2.381e-01 0.000e+00
1.950e+01 2.307e-01 0.000e+00
1.960e+01 2.307e-01 0.000e+00
1.970e+01 2.376e-01 0.000e+00
1.980e+01 2.565e-01 0.000e+00
1.990e+01 2.522e-01 0.000e+00
2.000e+01 2.577e-01 0.000e+00
2.010e+01 2.556e-01 0.000e+00
2.020e+01 2.455e-01 0.000e+00
2.030e+01 2.670e-01 0.000e+00
2.040e+01 2.421e-01 0.000e+00
2.050e+01 2.197e-01 0.000e+00
2.060e+01 2.353e-01 0.000e+00
2.070e+01 2.172e-01 0.000e+00
2.080e+01 2.396e-01 0.000e+00
2.090e+01 2.364e-01 0.000e+00
2.100e+01 2.603e-01 0.000e+00
2.110e+01 2.307e-01 0.000e+00
2.120e+01 2.175e-01 0.000e+00
2.130e+01 2.068e-01 0.000e+00
2.140e+01 2.056e-01 0.000e+00
2.150e+01 1.953e-01 0.000e+00
2.160e+01 2.168e-01 0.000e+00
2.170e+01 2.071e-01 0.000e+00
2.180e+01 2.210e-01 0.000e+00
2.190e+01 2.234e-01 0.000e+00
2.200e+01 2.199e-01 0.000e+00
2.210e+01 2.103e-01 0.000e+00
2.220e+01 2.008e-01 0.000e+00
2.230e+01 2.023e-01 0.000e+00
2.240e+01 2.130e-01 0.000e+00
2.250e+01 1.899e-01 0.000e+00
2.260e+01 2.049e-01 0.000e+00
2.270e+01 2.111e-01 0.000e+00
2.280e+01 2.169e-01 0.000e+00
2.290e+01 2.090e-01 0.000e+00
2.300e+01 2.183e-01 0.000e+00
2.310e+01 2.098e-01 0.000e+00
2.320e+01 1.933e-01 0.000e+00
2.330e+01 1.949e-01 0.000e+00
2.340e+01 2.023e-01 0.000e+00
2.350e+01 1.951e-01 0.000e+00
2.360e+01 2.052e-01 0.000e+00
2.370e+01 1.870e-01 0.000e+00
2.380e+01 1.906e-01 0.000e+00
2.390e+01 1.857e-01 0.000e+00
2.400e+01 2.005e-01 0.000e+00
2.410e+01 1.952e-01 0.000e+00
2.420e+01 1.831e-01 0.000e+00
2.430e+01 1.936e-01 0.000e+00
2.440e+01 1.899e-01 0.000e+00
2.450e+01 1.707e-01 0.000e+00
2.460e+01 1.906e-01 0.000e+00
2.470e+01 2.007e-01 0.000e+00
2.480e+01 1.888e-01 0.000e+00
2.490e+01 1.871e-01 0.000e+00
2.500e+01 1.785e-01 0.000e+00
2.510e+01 1.840e-01 0.000e+00
2.520e+01 1.815e-01 0.000e+00
2.530e+01 1.800e-01 0.000e+00
2.540e+01 1.931e-01 0.000e+00
2.550e+01 1.832e-01 0.000e+00
2.560e+01 1.894e-01 0.000e+00
2.570e+01 1.812e-01 0.000e+00
2.580e+01 1.904e-01 0.000e+00
2.590e+01 1.922e-01 0.000e+00
2.600e+01 2.101e-01 0.000e+00
2.610e+01 2.050e-01 0.000e+00
2.620e+01 2.166e-01 0.000e+00
2.630e+01 2.067e-01 0.000e+00
2.640e+01 2.132e-01 0.000e+00
2.650e+01 2.008e-01 0.000e+00
2.660e+01 1.876e-01 0.000e+00
2.670e+01 1.797e-01 0.000e+00
2.680e+01 1.808e-01 0.000e+00
2.690e+01 1.713e-01 0.000e+00
2.700e+01 1.886e-01 0.000e+00
2.710e+01 1.845e-01 0.000e+00
2.720e+01 2.052e-01 0.000e+00
2.730e+01 1.893e-01 0.000e+00
2.740e+01 1.880e-01 0.000e+00
2.750e+01 1.735e-01 0.000e+00
2.760e+01 1.826e-01 0.000e+00
2.770e+01 1.756e-01 0.000e+00
2.780e+01 1.757e-01 0.000e+00
2.790e+01 1.770e-01 0.000e+00
2.800e+01 1.807e-01 0.000e+00
2.810e+01 1.792e-01 0.000e+00
2.820e+01 1.977e-01 0.000e+00
2.830e+01 1.900e-01 0.000e+00
2.840e+01 1.887e-01 0.000e+00
2.850e+01 1.988e-01 0.000e+00
2.860e+01 2.074e-01 0.000e+00
2.870e+01 2.124e-01 0.000e+00
2.880e+01 2.044e-01 0.000e+00
2.890e+01 2.071e-01 0.000e+00
2.900e+01 2.003e-01 0.000e+00
2.910e+01 1.957e-01 0.000e+00
2.920e+01 1.917e-01 0.000e+00
2.930e+01 2.058e-01 0.000e+00
2.940e+01 2.147e-01 0.000e+00
2.950e+01 1.993e-01 0.000e+00
2.960e+01 2.174e-01 0.000e+00
2.970e+01 2.155e-01 0.000e+00
2.980e+01 2.254e-01 0.000e+00
2.990e+01 1.927e-01 0.000e+00
3.000e+01 1.907e-01 0.000e+00
3.010e+01 1.975e-01 0.000e+00
3.020e+01 1.868e-01 0.000e+00
3.030e+01 1.779e-01 0.000e+00
3.040e+01 1.594e-01 0.000e+00
3.050e+01 1.706e-01 0.000e+00
3.060e+01 1.744e-01 0.000e+00
3.070e+01 1.843e-01 0.000e+00
3.080e+01 1.867e-01 0.000e+00
3.090e+01 1.789e-01 0.000e+00
3.100e+01 1.653e-01 0.000e+00
3.110e+01 1.753e-01 0.000e+00
3.120e+01 1.732e-01 0.000e+00
3.130e+01 1.660e-01 0.000e+00
3.140e+01 1.567e-01 0.000e+00
3.150e+01 1.650e-01 0.000e+00
3.160e+01 1.846e-01 0.000e+00
3.170e+01 1.774e-01 0.000e+00
3.180e+01 1.782e-01 0.000e+00
3.190e+01 1.914e-01 0.000e+00
3.200e+01 1.779e-01 0.000e+00
3.210e+01 1.856e-01 0.000e+00
3.220e+01 1.769e-01 0.000e+00
3.230e+01 1.728e-01 0.000e+00
3.240e+01 1.553e-01 0.000e+00
3.250e+01 1.542e-01 0.000e+00
3.260e+01 1.610e-01 0.000e+00
3.270e+01 1.595e-01 0.000e+00
3.280e+01 1.561e-01 0.000e+00
3.290e+01 1.557e-01 0.000e+00
3.300e+01 1.555e-01 0.000e+00
3.310e+01 1.501e-01 0.000e+00
3.320e+01 1.452e-01 0.000e+00
3.330e+01 1.520e-01 0.000e+00
3.340e+01 1.537e-01 0.000e+00
3.350e+01 1.654e-01 0.000e+00
3.360e+01 1.683e-01 0.000e+00
3.370e+01 1.809e-01 0.000e+00
3.380e+01 1.663e-01 0.000e+00
3.390e+01 1.736e-01 0.000e+00
3.400e+01 1.705e-01 0.000e+00
3.410e+01 1.812e-01 0.000e+00
3.420e+01 1.780e-01 0.000e+00
3.430e+01 1.680e-01 0.000e+00
3.440e+01 1.648e-01 0.000e+00
3.450e+01 1.634e-01 0.000e+00
3.460e+01 1.648e-01 0.000e+00
3.470e+01 1.694e-01 0.000e+00
3.480e+01 1.647e-01 0.000e+00
3.490e+01 1.696e-01 0.000e+00
3.500e+01 1.684e-01 0.000e+00
3.510e+01 1.674e-01 0.000e+00
3.520e+01 1.685e-01 0.000e+00
3.530e+01 1.700e-01 0.000e+00
3.540e+01 1.603e-01 0.000e+00
3.550e+01 1.661e-01 0.000e+00
3.560e+01 1.715e-01 0.000e+00
3.570e+01 1.695e-01 0.000e+00
3.580e+01 1.591e-01 0.000e+00
3.590e+01 1.709e-01 0.000e+00
3.600e+01 1.710e-01 0.000e+00
3.610e+01 1.631e-01 0.000e+00
3.620e+01 1.573e-01 0.000e+00
3.630e+01 1.584e-01 0.000e+00
3.640e+01 1.656e-01 0.000e+00
3.650e+01 1.690e-01 0.000e+00
3.660e+01 1.880e-01 0.000e+00
3.670e+01 1.742e-01 0.000e+00
3.680e+01 1.628e-01 0.000e+00
3.690e+01 1.652e-01 0.000e+00
3.700e+01 1.522e-01 0.000e+00
3.710e+01 1.523e-01 0.000e+00
3.720e+01 1.618e-01 0.000e+00
3.730e+01 1.419e-01 0.000e+00
3.740e+01 1.472e-01 0.000e+00
3.750e+01 1.449e-01 0.000e+00
3.760e+01 1.550e-01 0.000e+00
3.770e+01 1.609e-01 0.000e+00
3.780e+01 1.543e-01 0.000e+00
3.790e+01 1.753e-01 0.000e+00
3.800e+01 2.026e-01 0.000e+00
3.810e+01 1.803e-01 0.000e+00
3.820e+01 1.796e-01 0.000e+00
3.830e+01 1.598e-01 0.000e+00
3.840e+01 1.723e-01 0.000e+00
3.850e+01 2.037e-01 0.000e+00
3.860e+01 1.813e-01 0.000e+00
3.870e+01 2.010e-01 0.000e+00
3.880e+01 1.927e-01 0.000e+00
3.890e+01 1.773e-01 0.000e+00
3.900e+01 1.817e-01 0.000e+00
3.910e+01 1.829e-01 0.000e+00
3.920e+01 1.810e-01 0.000e+00
3.930e+01 1.787e-01 0.000e+00
3.940e+01 1.808e-01 0.000e+00
3.950e+01 1.518e-01 0.000e+00
3.960e+01 1.559e-01 0.000e+00
3.970e+01 1.841e-01 0.000e+00
3.980e+01 1.815e-01 0.000e+00
3.990e+01 1.712e-01 0.000e+00
4.000e+01 1.855e-01 0.000e+00
4.010e+01 1.686e-01 0.000e+00
4.020e+01 1.746e-01 0.000e+00
4.030e+01 1.698e-01 0.000e+00
4.040e+01 1.774e-01 0.000e+00
4.050e+01 1.605e-01 0.000e+00
4.060e+01 1.567e-01 0.000e+00
4.070e+01 1.366e-01 0.000e+00
4.080e+01 1.493e-01 0.000e+00
4.090e+01 1.362e-01 0.000e+00
4.100e+01 1.596e-01 0.000e+00
4.110e+01 1.546e-01 0.000e+00
4.120e+01 1.647e-01 0.000e+00
4.130e+01 1.458e-01 0.000e+00
4.140e+01 1.533e-01 0.000e+00
4.150e+01 1.449e-01 0.000e+00
4.160e+01 1.520e-01 0.000e+00
4.170e+01 1.400e-01 0.000e+00
4.180e+01 1.252e-01 0.000e+00
4.190e+01 1.328e-01 0.000e+00
4.200e+01 1.288e-01 0.000e+00
4.210e+01 1.360e-01 0.000e+00
4.220e+01 1.363e-01 0.000e+00
4.230e+01 1.467e-01 0.000e+00
4.240e+01 1.426e-01 0.000e+00
4.250e+01 1.243e-01 0.000e+00
4.260e+01 1.402e-01 0.000e+00
4.270e+01 1.476e-01 0.000e+00
4.280e+01 1.561e-01 0.000e+00
4.290e+01 1.323e-01 0.000e+00
4.300e+01 1.405e-01 0.000e+00
4.310e+01 1.185e-01 0.000e+00
4.320e+01 1.116e-01 0.000e+00
4.330e+01 1.234e-01 0.000e+00
4.340e+01 1.281e-01 0.000e+00
4.350e+01 1.214e-01 0.000e+00
4.360e+01 1.130e-01 0.000e+00
4.370e+01 1.148e-01 0.000e+00
4.380e+01 1.222e-01 0.000e+00
4.390e+01 1.131e-01 0.000e+00
4.400e+01 1.112e-01 0.000e+00
4.410e+01 1.054e-01 0.000e+00
4.420e+01 1.095e-01 0.000e+00
4.430e+01 1.054e-01 0.000e+00
4.440e+01 1.037e-01 0.000e+00
4.450e+01 1.131e-01 0.000e+00
4.460e+01 1.149e-01 0.000e+00
4.470e+01 1.185e-01 0.000e+00
4.480e+01 1.197e-01 0.000e+00
4.490e+01 1.265e-01 0.000e+00
4.500e+01 1.089e-01 0.000e+00
4.510e+01 9.959e-02 0.000e+00
4.520e+01 1.001e-01 0.000e+00
4.530e+01 1.107e-01 0.000e+00
4.540e+01 1.174e-01 0.000e+00
4.550e+01 1.135e-01 0.000e+00
4.560e+01 1.176e-01 0.000e+00
4.570e+01 1.199e-01 0.000e+00
4.580e+01 1.181e-01 0.000e+00
4.590e+01 1.170e-01 0.000e+00
4.600e+01 1.098e-01 0.000e+00
4.610e+01 1.023e-01 0.000e+00
4.620e+01 1.061e-01 0.000e+00
4.630e+01 1.046e-01 0.000e+00
4.640e+01 1.222e-01 0.000e+00
4.650e+01 1.125e-01 0.000e+00
4.660e+01 1.135e-01 0.000e+00
4.670e+01 1.178e-01 0.000e+00
4.680e+01 1.056e-01 0.000e+00
4.690e+01 1.150e-01 0.000e+00
4.700e+01 1.129e-01 0.000e+00
4.710e+01 1.262e-01 0.000e+00
4.720e+01 1.224e-01 0.000e+00
4.730e+01 1.215e-01 0.000e+00
4.740e+01 1.183e-01 0.000e+00
4.750e+01 1.101e-01 0.000e+00
4.760e+01 1.144e-01 0.000e+00
4.770e+01 1.071e-01 0.000e+00
4.780e+01 1.101e-01 0.000e+00
4.790e+01 1.114e-01 0.000e+00
4.800e+01 1.140e-01 0.000e+00
4.810e+01 1.246e-01 0.000e+00
4.820e+01 1.260e-01 0.000e+00
4.830e+01 1.132e-01 0.000e+00
4.840e+01 1.183e-01 0.000e+00
4.850e+01 1.302e-01 0.000e+00
4.860e+01 1.418e-01 0.000e+00
4.870e+01 1.268e-01 0.000e+00
4.880e+01 1.149e-01 0.000e+00
4.890e+01 1.114e-01 0.000e+00
4.900e+01 1.138e-01 0.000e+00
4.910e+01 1.114e-01 0.000e+00
4.920e+01 1.072e-01 0.000e+00
4.930e+01 1.068e-01 0.000e+00
4.940e+01 1.147e-01 0.000e+00
4.950e+01 1.071e-01 0.000e+00
4.960e+01 1.166e-01 0.000e+00
4.970e+01 1.169e-01 0.000e+00
4.980e+01 1.230e-01 0.000e+00
4.990e+01 1.048e-01 0.000e+00
5.000e+01 1.198e-01 0.000e+00
5.010e+01 1.110e-01 0.000e+00
5.020e+01 1.131e-01 0.000e+00
5.030e+01 1.060e-01 0.000e+00
5.040e+01 1.113e-01 0.000e+00
5.050e+01 1.040e-01 0.000e+00
5.060e+01 1.018e-01 0.000e+00
5.070e+01 1.018e-01 0.000e+00
5.080e+01 1.037e-01 0.000e+00
5.090e+01 1.032e-01 0.000e+00
5.100e+01 9.695e-02 0.000e+00
5.110e+01 1.031e-01 0.000e+00
5.120e+01 1.044e-01 0.000e+00
5.130e+01 1.016e-01 0.000e+00
5.140e+01 1.054e-01 0.000e+00
5.150e+01 1.088e-01 0.000e+00
5.160e+01 1.103e-01 0.000e+00
5.170e+01 1.102e-01 0.000e+00
5.180e+01 1.184e-01 0.000e+00
5.190e+01 1.164e-01 0.000e+00
5.200e+01 1.084e-01 0.000e+00
5.210e+01 1.043e-01 0.000e+00
5.220e+01 1.028e-01 0.000e+00
5.230e+01 1.006e-01 0.000e+00
5.240e+01 9.958e-02 0.000e+00
5.250e+01 1.035e-01 0.000e+00
5.260e+01 9.775e-02 0.000e+00
5.270e+01 1.018e-01 0.000e+00
5.280e+01 9.677e-02 0.000e+00
5.290e+01 9.183e-02 0.000e+00
5.300e+01 9.936e-02 0.000e+00
5.310e+01 9.824e-02 0.000e+00
5.320e+01 9.662e-02 0.000e+00
5.330e+01 9.778e-02 0.000e+00
5.340e+01 9.300e-02 0.000e+00
5.350e+01 9.631e-02 0.000e+00
5.360e+01 9.543e-02 0.000e+00
5.370e+01 9.950e-02 0.000e+00
5.380e+01 9.451e-02 0.000e+00
5.390e+01 1.004e-01 0.000e+00
5.400e+01 9.070e-02 0.000e+00
5.410e+01 1.004e-01 0.000e+00
5.420e+01 8.586e-02 0.000e+00
5.430e+01 7.578e-02 0.000e+00
5.440e+01 7.806e-02 0.000e+00
5.450e+01 8.615e-02 0.000e+00
5.460e+01 8.644e-02 0.000e+00
5.470e+01 8.561e-02 0.000e+00
5.480e+01 8.588e-02 0.000e+00
5.490e+01 9.234e-02 0.000e+00
5.500e+01 8.630e-02 0.000e+00
5.510e+01 8.789e-02 0.000e+00
5.520e+01 9.431e-02 0.000e+00
5.530e+01 9.375e-02 0.000e+00
5.540e+01 9.266e-02 0.000e+00
5.550e+01 9.927e-02 0.000e+00
5.560e+01 9.721e-02 0.000e+00
5.570e+01 9.379e-02 0.000e+00
5.580e+01 8.983e-02 0.000e+00
5.590e+01 9.413e-02 0.000e+00
5.600e+01 9.624e-02 0.000e+00
5.610e+01 9.872e-02 0.000e+00
5.620e+01 9.103e-02 0.000e+00
5.630e+01 9.514e-02 0.000e+00
5.640e+01 8.803e-02 0.000e+00
5.650e+01 9.080e-02 0.000e+00
5.660e+01 9.496e-02 0.000e+00
5.670e+01 9.630e-02 0.000e+00
5.680e+01 9.275e-02 0.000e+00
5.690e+01 9.821e-02 0.000e+00
5.700e+01 8.576e-02 0.000e+00
5.710e+01 9.468e-02 0.000e+00
5.720e+01 9.670e-02 0.000e+00
5.730e+01 8.427e-02 0.000e+00
5.740e+01 9.067e-02 0.000e+00
5.750e+01 8.743e-02 0.000e+00
5.760e+01 8.842e-02 0.000e+00
5.770e+01 9.548e-02 0.000e+00
5.780e+01 9.091e-02 0.000e+00
5.790e+01 9.226e-02 0.000e+00
5.800e+01 1.065e-01 0.000e+00
5.810e+01 9.266e-02 0.000e+00
5.820e+01 1.001e-01 0.000e+00
5.830e+01 8.292e-02 0.000e+00
5.840e+01 7.998e-02 0.000e+00
5.850e+01 8.992e-02 0.000e+00
5.860e+01 9.074e-02 0.000e+00
5.870e+01 1.048e-01 0.000e+00
5.880e+01 9.844e-02 0.000e+00
5.890e+01 8.854e-02 0.000e+00
5.900e+01 1.015e-01 0.000e+00
5.910e+01 9.497e-02 0.000e+00
5.920e+01 9.666e-02 0.000e+00
5.930e+01 9.446e-02 0.000e+00
5.940e+01 1.013e-01 0.000e+00
5.950e+01 9.144e-02 0.000e+00
5.960e+01 9.097e-02 0.000e+00
5.970e+01 9.626e-02 0.000e+00
5.980e+01 9.743e-02 0.000e+00
5.990e+01 9.271e-02 0.000e+00
6.000e+01 9.432e-02 0.000e+00
6.010e+01 8.779e-02 0.000e+00
6.020e+01 8.845e-02 0.000e+00
6.030e+01 8.476e-02 0.000e+00
6.040e+01 8.541e-02 0.000e+00
6.050e+01 8.361e-02 0.000e+00
6.060e+01 8.961e-02 0.000e+00
6.070e+01 7.677e-02 0.000e+00
6.080e+01 8.242e-02 0.000e+00
6.090e+01 7.478e-02 0.000e+00
6.100e+01 8.830e-02 0.000e+00
6.110e+01 7.901e-02 0.000e+00
6.120e+01 8.754e-02 0.000e+00
6.130e+01 8.021e-02 0.000e+00
6.140e+01 9.093e-02 0.000e+00
6.150e+01 8.326e-02 0.000e+00
6.160e+01 8.784e-02 0.000e+00
6.170e+01 8.609e-02 0.000e+00
6.180e+01 7.719e-02 0.000e+00
6.190e+01 8.388e-02 0.000e+00
6.200e+01 7.275e-02 0.000e+00
6.210e+01 8.862e-02 0.000e+00
6.220e+01 8.480e-02 0.000e+00
6.230e+01 9.224e-02 0.000e+00
6.240e+01 8.726e-02 0.000e+00
6.250e+01 7.710e-02 0.000e+00
6.260e+01 7.793e-02 0.000e+00
6.270e+01 7.911e-02 0.000e+00
6.280e+01 9.976e-02 0.000e+00
6.290e+01 8.451e-02 0.000e+00
6.300e+01 8.560e-02 0.000e+00
6.310e+01 8.259e-02 0.000e+00
6.320e+01 7.959e-02 0.000e+00
6.330e+01 7.395e-02 0.000e+00
6.340e+01 7.471e-02 0.000e+00
6.350e+01 6.984e-02 0.000e+00
6.360e+01 7.047e-02 0.000e+00
6.370e+01 6.392e-02 0.000e+00
6.380e+01 6.646e-02 0.000e+00
6.390e+01 6.069e-02 0.000e+00
6.400e+01 6.163e-02 0.000e+00
6.410e+01 6.122e-02 0.000e+00
6.420e+01 5.722e-02 0.000e+00
6.430e+01 6.157e-02 0.000e+00
6.440e+01 5.780e-02 0.000e+00
6.450e+01 5.811e-02 0.000e+00
6.460e+01 5.887e-02 0.000e+00
6.470e+01 6.029e-02 0.000e+00
6.480e+01 6.353e-02 0.000e+00
6.490e+01 6.729e-02 0.000e+00
6.500e+01 5.996e-02 0.000e+00
6.510e+01 5.289e-02 0.000e+00
6.520e+01 5.447e-02 0.000e+00
6.530e+01 5.724e-02 0.000e+00
6.540e+01 6.422e-02 0.000e+00
6.550e+01 6.204e-02 0.000e+00
6.560e+01 6.456e-02 0.000e+00
6.570e+01 7.791e-02 0.000e+00
6.580e+01 6.898e-02 0.000e+00
6.590e+01 6.489e-02 0.000e+00
6.600e+01 6.730e-02 0.000e+00
6.610e+01 6.091e-02 0.000e+00
6.620e+01 5.304e-02 0.000e+00
6.630e+01 4.969e-02 0.000e+00
6.640e+01 5.105e-02 0.000e+00
6.650e+01 5.227e-02 0.000e+00
6.660e+01 5.025e-02 0.000e+00
6.670e+01 4.922e-02 0.000e+00
6.680e+01 4.603e-02 0.000e+00
6.690e+01 4.424e-02 0.000e+00
6.700e+01 3.928e-02 0.000e+00
6.710e+01 4.044e-02 0.000e+00
6.720e+01 4.243e-02 0.000e+00
6.730e+01 4.681e-02 0.000e+00
6.740e+01 4.300e-02 0.000e+00
6.750e+01 3.927e-02 0.000e+00
6.760e+01 4.549e-02 0.000e+00
6.770e+01 4.832e-02 0.000e+00
6.780e+01 4.449e-02 0.000e+00
6.790e+01 4.219e-02 0.000e+00
6.800e+01 3.988e-02 0.000e+00
6.810e+01 4.237e-02 0.000e+00
6.820e+01 4.753e-02 0.000e+00
6.830e+01 4.720e-02 0.000e+00
6.840e+01 5.128e-02 0.000e+00
6.850e+01 5.971e-02 0.000e+00
6.860e+01 5.590e-02 0.000e+00
6.870e+01 5.997e-02 0.000e+00
6.880e+01 5.865e-02 0.000e+00
6.890e+01 6.002e-02 0.000e+00
6.900e+01 6.417e-02 0.000e+00
6.910e+01 6.603e-02 0.000e+00
6.920e+01 6.064e-02 0.000e+00
6.930e+01 5.016e-02 0.000e+00
6.940e+01 5.457e-02 0.000e+00
6.950e+01 5.582e-02 0.000e+00
6.960e+01 5.262e-02 0.000e+00
6.970e+01 5.820e-02 0.000e+00
6.980e+01 5.797e-02 0.000e+00
6.990e+01 5.791e-02 0.000e+00
7.000e+01 5.211e-02 0.000e+00
7.010e+01 5.231e-02 0.000e+00
7.020e+01 5.262e-02 0.000e+00
7.030e+01 4.820e-02 0.000e+00
7.040e+01 5.068e-02 0.000e+00
7.050e+01 5.308e-02 0.000e+00
7.060e+01 5.060e-02 0.000e+00
7.070e+01 5.303e-02 0.000e+00
7.080e+01 4.915e-02 0.000e+00
7.090e+01 4.973e-02 0.000e+00
7.100e+01 5.384e-02 0.000e+00
7.110e+01 4.904e-02 0.000e+00
7.120e+01 4.791e-02 0.000e+00
7.130e+01 4.657e-02 0.000e+00
7.140e+01 4.540e-02 0.000e+00
7.150e+01 4.259e-02 0.000e+00
7.160e+01 4.446e-02 0.000e+00
7.170e+01 4.598e-02 0.000e+00
7.180e+01 4.660e-02 0.000e+00
7.190e+01 4.742e-02 0.000e+00
7.200e+01 4.561e-02 0.000e+00
7.210e+01 4.938e-02 0.000e+00
7.220e+01 5.115e-02 0.000e+00
7.230e+01 4.946e-02 0.000e+00
7.240e+01 4.787e-02 0.000e+00
7.250e+01 4.807e-02 0.000e+00
7.260e+01 4.855e-02 0.000e+00
7.270e+01 4.281e-02 0.000e+00
7.280e+01 4.660e-02 0.000e+00
7.290e+01 4.515e-02 0.000e+00
7.300e+01 4.009e-02 0.000e+00
7.310e+01 4.054e-02 0.000e+00
7.320e+01 4.362e-02 0.000e+00
7.330e+01 4.195e-02 0.000e+00
7.340e+01 4.156e-02 0.000e+00
7.350e+01 4.384e-02 0.000e+00
7.360e+01 4.492e-02 0.000e+00
7.370e+01 4.424e-02 0.000e+00
7.380e+01 4.921e-02 0.000e+00
7.390e+01 4.559e-02 0.000e+00
7.400e+01 4.674e-02 0.000e+00
7.410e+01 3.342e-02 0.000e+00
7.420e+01 3.490e-02 0.000e+00
7.430e+01 3.855e-02 0.000e+00
7.440e+01 4.564e-02 0.000e+00
7.450e+01 4.275e-02 0.000e+00
7.460e+01 4.417e-02 0.000e+00
7.470e+01 4.352e-02 0.000e+00
7.480e+01 4.241e-02 0.000e+00
7.490e+01 4.366e-02 0.000e+00
7.500e+01 3.942e-02 0.000e+00
7.510e+01 3.901e-02 0.000e+00
7.520e+01 4.252e-02 0.000e+00
7.530e+01 3.820e-02 0.000e+00
7.540e+01 4.272e-02 0.000e+00
7.550e+01 4.122e-02 0.000e+00
7.560e+01 3.985e-02 0.000e+00
7.570e+01 3.550e-02 0.000e+00
7.580e+01 4.071e-02 0.000e+00
7.590e+01 3.137e-02 0.000e+00
7.600e+01 3.135e-02 0.000e+00
7.610e+01 3.623e-02 0.000e+00
7.620e+01 3.680e-02 0.000e+00
7.630e+01 4.267e-02 0.000e+00
7.640e+01 4.398e-02 0.000e+00
7.650e+01 4.069e-02 0.000e+00
7.660e+01 3.964e-02 0.000e+00
7.670e+01 4.280e-02 0.000e+00
7.680e+01 4.406e-02 0.000e+00
7.690e+01 4.185e-02 0.000e+00
7.700e+01 4.250e-02 0.000e+00
7.710e+01 4.117e-02 0.000e+00
7.720e+01 3.886e-02 0.000e+00
7.730e+01 3.946e-02 0.000e+00
7.740e+01 3.325e-02 0.000e+00
7.750e+01 4.072e-02 0.000e+00
7.760e+01 3.919e-02 0.000e+00
7.770e+01 3.762e-02 0.000e+00
7.780e+01 3.930e-02 0.000e+00
7.790e+01 4.179e-02 0.000e+00
7.800e+01 3.777e-02 0.000e+00
7.810e+01 4.203e-02 0.000e+00
7.820e+01 3.387e-02 0.000e+00
7.830e+01 3.370e-02 0.000e+00
7.840e+01 3.626e-02 0.000e+00
7.850e+01 3.600e-02 0.000e+00
7.860e+01 3.644e-02 0.000e+00
7.870e+01 3.330e-02 0.000e+00
7.880e+01 3.675e-02 0.000e+00
7.890e+01 3.330e-02 0.000e+00
7.900e+01 3.111e-02 0.000e+00
7.910e+01 3.308e-02 0.000e+00
7.920e+01 3.675e-02 0.000e+00
7.930e+01 3.462e-02 0.000e+00
7.940e+01 3.544e-02 0.000e+00
7.950e+01 4.372e-02 0.000e+00
7.960e+01 3.771e-02 0.000e+00
7.970e+01 3.454e-02 0.000e+00
7.980e+01 3.597e-02 0.000e+00
7.990e+01 3.680e-02 0.000e+00
8.000e+01 3.564e-02 0.000e+00
8.010e+01 3.356e-02 0.000e+00
8.020e+01 2.761e-02 0.000e+00
8.030e+01 3.168e-02 0.000e+00
8.040e+01 3.581e-02 0.000e+00
8.050e+01 3.851e-02 0.000e+00
8.060e+01 4.011e-02 0.000e+00
8.070e+01 3.513e-02 0.000e+00
8.080e+01 3.503e-02 0.000e+00
8.090e+01 3.328e-02 0.000e+00
8.100e+01 3.704e-02 0.000e+00
8.110e+01 3.516e-02 0.000e+00
8.120e+01 3.179e-02 0.000e+00
8.130e+01 3.076e-02 0.000e+00
8.140e+01 3.195e-02 0.000e+00
8.150e+01 3.068e-02 0.000e+00
8.160e+01 3.207e-02 0.000e+00
8.170e+01 3.824e-02 0.000e+00
8.180e+01 3.659e-02 0.000e+00
8.190e+01 3.542e-02 0.000e+00
8.200e+01 4.202e-02 0.000e+00
8.210e+01 3.901e-02 0.000e+00
8.220e+01 4.445e-02 0.000e+00
8.230e+01 4.116e-02 0.000e+00
8.240e+01 3.650e-02 0.000e+00
8.250e+01 3.347e-02 0.000e+00
8.260e+01 2.960e-02 0.000e+00
8.270e+01 2.913e-02 0.000e+00
8.280e+01 3.453e-02 0.000e+00
8.290e+01 3.655e-02 0.000e+00
8.300e+01 2.982e-02 0.000e+00
8.310e+01 3.248e-02 0.000e+00
8.320e+01 3.451e-02 0.000e+00
8.330e+01 2.915e-02 0.000e+00
8.340e+01 2.855e-02 0.000e+00
8.350e+01 2.643e-02 0.000e+00
8.360e+01 2.688e-02 0.000e+00
8.370e+01 2.559e-02 0.000e+00
8.380e+01 2.898e-02 0.000e+00
8.390e+01 2.865e-02 0.000e+00
8.400e+01 2.979e-02 0.000e+00
8.410e+01 2.544e-02 0.000e+00
8.420e+01 2.595e-02 0.000e+00
8.430e+01 2.535e-02 0.000e+00
8.440e+01 3.057e-02 0.000e+00
8.450e+01 3.458e-02 0.000e+00
8.460e+01 3.875e-02 0.000e+00
8.470e+01 3.538e-02 0.000e+00
8.480e+01 3.438e-02 0.000e+00
8.490e+01 3.492e-02 0.000e+00
8.500e+01 3.244e-02 0.000e+00
8.510e+01 3.082e-02 0.000e+00
8.520e+01 3.206e-02 0.000e+00
8.530e+01 3.432e-02 0.000e+00
8.540e+01 3.356e-02 0.000e+00
8.550e+01 3.150e-02 0.000e+00
8.560e+01 3.243e-02 0.000e+00
8.570e+01 3.132e-02 0.000e+00
8.580e+01 3.459e-02 0.000e+00
8.590e+01 3.755e-02 0.000e+00
8.600e+01 3.628e-02 0.000e+00
8.610e+01 4.008e-02 0.000e+00
8.620e+01 3.872e-02 0.000e+00
8.630e+01 3.280e-02 0.000e+00
8.640e+01 4.009e-02 0.000e+00
8.650e+01 3.739e-02 0.000e+00
8.660e+01 4.450e-02 0.000e+00
8.670e+01 3.909e-02 0.000e+00
8.680e+01 3.510e-02 0.000e+00
8.690e+01 3.235e-02 0.000e+00
8.700e+01 2.971e-02 0.000e+00
8.710e+01 3.920e-02 0.000e+00
8.720e+01 3.367e-02 0.000e+00
8.730e+01 4.529e-02 0.000e+00
8.740e+01 4.194e-02 0.000e+00
8.750e+01 3.276e-02 0.000e+00
8.760e+01 3.195e-02 0.000e+00
8.770e+01 3.696e-02 0.000e+00
8.780e+01 4.156e-02 0.000e+00
8.790e+01 3.867e-02 0.000e+00
8.800e+01 3.748e-02 0.000e+00
8.810e+01 3.553e-02 0.000e+00
8.820e+01 4.365e-02 0.000e+00
8.830e+01 4.449e-02 0.000e+00
8.840e+01 4.836e-02 0.000e+00
8.850e+01 4.829e-02 0.000e+00
8.860e+01 4.960e-02 0.000e+00
8.870e+01 4.448e-02 0.000e+00
8.880e+01 4.387e-02 0.000e+00
8.890e+01 3.898e-02 0.000e+00
8.900e+01 4.346e-02 0.000e+00
8.910e+01 4.148e-02 0.000e+00
8.920e+01 3.770e-02 0.000e+00
8.930e+01 4.167e-02 0.000e+00
8.940e+01 4.320e-02 0.000e+00
8.950e+01 3.971e-02 0.000e+00
8.960e+01 4.473e-02 0.000e+00
8.970e+01 4.855e-02 0.000e+00
8.980e+01 4.852e-02 0.000e+00
8.990e+01 4.826e-02 0.000e+00
9.000e+01 4.600e-02 0.000e+00
9.010e+01 4.529e-02 0.000e+00
9.020e+01 4.178e-02 0.000e+00
9.030e+01 4.637e-02 0.000e+00
9.040e+01 4.854e-02 0.000e+00
9.050e+01 4.734e-02 0.000e+00
9.060e+01 5.370e-02 0.000e+00
9.070e+01 5.269e-02 0.000e+00
9.080e+01 5.443e-02 0.000e+00
9.090e+01 5.249e-02 0.000e+00
9.100e+01 5.207e-02 0.000e+00
9.110e+01 6.069e-02 0.000e+00
9.120e+01 6.555e-02 0.000e+00
9.130e+01 5.726e-02 0.000e+00
9.140e+01 5.411e-02 0.000e+00
9.150e+01 4.687e-02 0.000e+00
9.160e+01 6.065e-02 0.000e+00
9.170e+01 5.586e-02 0.000e+00
9.180e+01 4.994e-02 0.000e+00
9.190e+01 5.726e-02 0.000e+00
9.200e+01 5.191e-02 0.000e+00
9.210e+01 4.786e-02 0.000e+00
9.220e+01 4.518e-02 0.000e+00
9.230e+01 4.158e-02 0.000e+00
9.240e+01 4.585e-02 0.000e+00
9.250e+01 4.245e-02 0.000e+00
9.260e+01 4.410e-02 0.000e+00
9.270e+01 4.911e-02 0.000e+00
9.280e+01 4.726e-02 0.000e+00
9.290e+01 4.562e-02 0.000e+00
9.300e+01 4.799e-02 0.000e+00
9.310e+01 4.656e-02 0.000e+00
9.320e+01 4.704e-02 0.000e+00
9.330e+01 4.254e-02 0.000e+00
9.340e+01 3.369e-02 0.000e+00
9.350e+01 3.454e-02 0.000e+00
9.360e+01 3.860e-02 0.000e+00
9.370e+01 4.154e-02 0.000e+00
9.380e+01 3.823e-02 0.000e+00
9.390e+01 3.979e-02 0.000e+00
9.400e+01 3.728e-02 0.000e+00
9.410e+01 4.645e-02 0.000e+00
9.420e+01 3.627e-02 0.000e+00
9.430e+01 3.445e-02 0.000e+00
9.440e+01 3.488e-02 0.000e+00
9.450e+01 4.139e-02 0.000e+00
9.460e+01 4.174e-02 0.000e+00
9.470e+01 4.004e-02 0.000e+00
9.480e+01 3.861e-02 0.000e+00
9.490e+01 3.963e-02 0.000e+00
9.500e+01 3.403e-02 0.000e+00
9.510e+01 3.210e-02 0.000e+00
9.520e+01 3.134e-02 0.000e+00
9.530e+01 3.213e-02 0.000e+00
9.540e+01 3.387e-02 0.000e+00
9.550e+01 3.653e-02 0.000e+00
9.560e+01 3.555e-02 0.000e+00
9.570e+01 3.413e-02 0.000e+00
9.580e+01 3.409e-02 0.000e+00
9.590e+01 3.512e-02 0.000e+00
9.600e+01 3.573e-02 0.000e+00
9.610e+01 3.952e-02 0.000e+00
9.620e+01 3.663e-02 0.000e+00
9.630e+01 4.417e-02 0.000e+00
9.640e+01 3.746e-02 0.000e+00
9.650e+01 3.579e-02 0.000e+00
9.660e+01 4.335e-02 0.000e+00
9.670e+01 4.446e-02 0.000e+00
9.680e+01 4.433e-02 0.000e+00
9.690e+01 4.157e-02 0.000e+00
9.700e+01 3.709e-02 0.000e+00
9.710e+01 4.144e-02 0.000e+00
9.720e+01 4.551e-02 0.000e+00
9.730e+01 3.849e-02 0.000e+00
9.740e+01 4.630e-02 0.000e+00
9.750e+01 4.263e-02 0.000e+00
9.760e+01 4.857e-02 0.000e+00
9.770e+01 4.516e-02 0.000e+00
9.780e+01 3.910e-02 0.000e+00
9.790e+01 3.767e-02 0.000e+00
9.800e+01 3.829e-02 0.000e+00
9.810e+01 3.595e-02 0.000e+00
9.820e+01 3.368e-02 0.000e+00
9.830e+01 3.750e-02 0.000e+00
9.840e+01 3.605e-02 0.000e+00
9.850e+01 3.789e-02 0.000e+00
9.860e+01 3.583e-02 0.000e+00
9.870e+01 3.310e-02 0.000e+00
9.880e+01 3.453e-02 0.000e+00
9.890e+01 3.412e-02 0.000e+00
9.900e+01 4.299e-02 0.000e+00
9.910e+01 3.522e-02 0.000e+00
9.920e+01 3.296e-02 0.000e+00
9.930e+01 3.554e-02 0.000e+00
9.940e+01 3.712e-02 0.000e+00
9.950e+01 3.418e-02 0.000e+00
9.960e+01 3.539e-02 0.000e+00
9.970e+01 3.302e-02 0.000e+00
9.980e+01 3.844e-02 0.000e+00
9.990e+01 3.228e-02 0.000e+00
