# Frequency (1.0/ps)      real(fft(F_0))
0.000e+00 2.809e+02
1.000e-02 5.445e+01
2.000e-02 1.531e+01
3.000e-02 6.463e+00
4.000e-02 1.063e+00
5.000e-02 4.351e+00
6.000e-02 5.111e+00
7.000e-02 6.460e+00
8.000e-02 1.695e+00
9.000e-02 3.596e-01
1.000e-01 3.360e+00
1.100e-01 1.449e+00
1.200e-01 1.804e+00
1.300e-01 3.641e-01
1.400e-01 1.955e+00
1.500e-01 9.278e-01
1.600e-01 -4.268e-01
1.700e-01 9.187e-01
1.800e-01 2.210e+00
1.900e-01 1.041e+00
2.000e-01 1.841e+00
2.100e-01 4.936e-01
2.200e-01 2.882e-01
2.300e-01 -1.477e-01
2.400e-01 2.184e+00
2.500e-01 2.091e+00
2.600e-01 1.863e+00
2.700e-01 -4.038e-01
2.800e-01 5.742e-01
2.900e-01 2.318e+00
3.000e-01 1.863e+00
3.100e-01 1.137e+00
3.200e-01 -2.457e-02
3.300e-01 9.626e-01
3.400e-01 1.283e+00
3.500e-01 1.672e+00
3.600e-01 1.744e+00
3.700e-01 1.848e+00
3.800e-01 -2.769e-01
3.900e-01 2.730e-01
4.000e-01 1.206e+00
4.100e-01 1.332e+00
4.200e-01 9.050e-01
4.300e-01 3.704e-01
4.400e-01 1.691e-01
4.500e-01 7.435e-01
4.600e-01 1.606e+00
4.700e-01 8.110e-01
4.800e-01 6.112e-01
4.900e-01 6.844e-02
5.000e-01 9.944e-01
5.100e-01 1.685e+00
5.200e-01 9.414e-01
5.300e-01 1.624e+00
5.400e-01 -4.652e-02
5.500e-01 -6.174e-01
5.600e-01 -2.712e-01
5.700e-01 9.600e-01
5.800e-01 2.540e-01
5.900e-01 5.611e-01
6.000e-01 -7.547e-02
6.100e-01 3.481e-01
6.200e-01 -2.037e-02
6.300e-01 6.170e-01
6.400e-01 7.076e-01
6.500e-01 1.120e+00
6.600e-01 3.582e-01
6.700e-01 3.510e-01
6.800e-01 9.049e-01
6.900e-01 1.034e+00
7.000e-01 6.025e-01
7.100e-01 -1.101e-01
7.200e-01 6.968e-01
7.300e-01 1.280e+00
7.400e-01 6.314e-01
7.500e-01 8.164e-01
7.600e-01 1.658e-01
7.700e-01 8.207e-01
7.800e-01 6.101e-01
7.900e-01 3.035e-01
8.000e-01 1.039e+00
8.100e-01 -2.173e-01
8.200e-01 -5.537e-02
8.300e-01 2.533e-01
8.400e-01 5.672e-01
8.500e-01 5.724e-01
8.600e-01 -7.963e-02
8.700e-01 1.444e-01
8.800e-01 -2.257e-01
8.900e-01 5.197e-01
9.000e-01 4.865e-01
9.100e-01 6.055e-01
9.200e-01 3.036e-01
9.300e-01 6.414e-01
9.400e-01 3.105e-01
9.500e-01 5.290e-01
9.600e-01 1.206e+00
9.700e-01 1.234e+00
9.800e-01 1.477e+00
9.900e-01 -4.858e-02
1.000e+00 -2.619e-01
1.010e+00 1.330e-01
1.020e+00 -1.917e-01
1.030e+00 6.059e-01
1.040e+00 2.946e-01
1.050e+00 5.419e-01
1.060e+00 7.359e-01
1.070e+00 4.230e-01
1.080e+00 5.674e-02
1.090e+00 3.875e-01
1.100e+00 1.833e-01
1.110e+00 4.406e-01
1.120e+00 3.753e-01
1.130e+00 7.508e-01
1.140e+00 1.269e+00
1.150e+00 7.763e-01
1.160e+00 1.063e+00
1.170e+00 1.289e+00
1.180e+00 1.338e+00
1.190e+00 1.194e+00
1.200e+00 1.498e+00
1.210e+00 4.865e-02
1.220e+00 6.613e-02
1.230e+00 -1.373e-01
1.240e+00 3.618e-01
1.250e+00 5.332e-01
1.260e+00 9.283e-01
1.270e+00 7.772e-01
1.280e+00 2.495e-01
1.290e+00 1.930e-01
1.300e+00 5.147e-01
1.310e+00 6.615e-01
1.320e+00 7.002e-01
1.330e+00 7.099e-01
1.340e+00 7.285e-01
1.350e+00 8.161e-01
1.360e+00 7.018e-01
1.370e+00 5.380e-01
1.380e+00 7.666e-01
1.390e+00 7.967e-01
1.400e+00 8.983e-01
1.410e+00 3.187e-01
1.420e+00 2.360e-01
1.430e+00 -4.973e-01
1.440e+00 3.437e-01
1.450e+00 3.481e-01
1.460e+00 2.456e-01
1.470e+00 2.811e-01
1.480e+00 2.765e-01
1.490e+00 5.774e-01
1.500e+00 1.964e-01
1.510e+00 2.920e-01
1.520e+00 -4.532e-02
1.530e+00 -1.869e-01
1.540e+00 4.833e-01
1.550e+00 1.910e-01
1.560e+00 3.693e-01
1.570e+00 6.520e-01
1.580e+00 9.092e-01
1.590e+00 3.881e-01
1.600e+00 9.599e-01
1.610e+00 5.775e-01
1.620e+00 5.295e-01
1.630e+00 6.276e-01
1.640e+00 5.381e-02
1.650e+00 2.678e-01
1.660e+00 4.699e-02
1.670e+00 3.074e-01
1.680e+00 3.012e-01
1.690e+00 5.853e-01
1.700e+00 7.845e-01
1.710e+00 6.892e-01
1.720e+00 7.144e-01
1.730e+00 9.249e-01
1.740e+00 7.221e-01
1.750e+00 5.584e-01
1.760e+00 8.081e-01
1.770e+00 -6.199e-01
1.780e+00 -6.000e-01
1.790e+00 -1.419e-01
1.800e+00 3.719e-02
1.810e+00 2.778e-01
1.820e+00 6.698e-01
1.830e+00 8.900e-01
1.840e+00 1.136e+00
1.850e+00 8.208e-01
1.860e+00 8.013e-01
1.870e+00 6.183e-01
1.880e+00 1.900e-01
1.890e+00 1.308e-01
1.900e+00 -8.567e-03
1.910e+00 1.247e-02
1.920e+00 6.034e-01
1.930e+00 6.503e-01
1.940e+00 7.615e-01
1.950e+00 6.102e-01
1.960e+00 5.622e-01
1.970e+00 3.959e-01
1.980e+00 5.553e-01
1.990e+00 7.954e-01
2.000e+00 1.128e+00
2.010e+00 6.702e-01
2.020e+00 8.831e-01
2.030e+00 7.505e-01
2.040e+00 5.428e-01
2.050e+00 2.025e-01
2.060e+00 -1.917e-01
2.070e+00 3.354e-02
2.080e+00 -5.979e-02
2.090e+00 2.084e-01
2.100e+00 1.849e-01
2.110e+00 4.227e-01
2.120e+00 5.208e-01
2.130e+00 5.121e-01
2.140e+00 7.649e-01
2.150e+00 4.481e-01
2.160e+00 6.625e-01
2.170e+00 6.742e-01
2.180e+00 7.280e-01
2.190e+00 8.024e-01
2.200e+00 6.622e-01
2.210e+00 6.612e-01
2.220e+00 7.114e-01
2.230e+00 8.468e-01
2.240e+00 9.908e-01
2.250e+00 8.722e-01
2.260e+00 5.194e-01
2.270e+00 1.035e-01
2.280e+00 2.526e-01
2.290e+00 1.373e-01
2.300e+00 1.571e-01
2.310e+00 3.371e-01
2.320e+00 4.957e-01
2.330e+00 7.095e-01
2.340e+00 9.614e-01
2.350e+00 4.469e-01
2.360e+00 3.717e-01
2.370e+00 1.425e-01
2.380e+00 2.741e-01
2.390e+00 2.530e-01
2.400e+00 6.175e-01
2.410e+00 7.232e-01
2.420e+00 6.173e-01
2.430e+00 5.191e-01
2.440e+00 9.002e-01
2.450e+00 7.643e-01
2.460e+00 4.502e-01
2.470e+00 -3.824e-03
2.480e+00 8.160e-02
2.490e+00 2.880e-01
2.500e+00 3.719e-01
2.510e+00 4.085e-01
2.520e+00 5.493e-01
2.530e+00 5.347e-01
2.540e+00 3.765e-01
2.550e+00 5.548e-01
2.560e+00 3.248e-01
2.570e+00 4.474e-01
2.580e+00 5.445e-01
2.590e+00 6.983e-01
2.600e+00 5.538e-01
2.610e+00 4.262e-01
2.620e+00 3.904e-01
2.630e+00 3.031e-01
2.640e+00 4.742e-01
2.650e+00 4.866e-01
2.660e+00 7.592e-01
2.670e+00 6.573e-01
2.680e+00 6.391e-01
2.690e+00 6.461e-01
2.700e+00 6.394e-01
2.710e+00 6.280e-01
2.720e+00 5.474e-01
2.730e+00 4.548e-01
2.740e+00 8.351e-01
2.750e+00 7.792e-01
2.760e+00 6.183e-01
2.770e+00 1.007e+00
2.780e+00 7.131e-01
2.790e+00 7.870e-01
2.800e+00 8.131e-01
2.810e+00 6.166e-01
2.820e+00 2.742e-01
2.830e+00 6.276e-01
2.840e+00 4.749e-01
2.850e+00 1.961e-01
2.860e+00 5.392e-01
2.870e+00 5.090e-01
2.880e+00 4.799e-01
2.890e+00 6.627e-01
2.900e+00 6.210e-01
2.910e+00 7.148e-01
2.920e+00 5.688e-01
2.930e+00 2.109e-01
2.940e+00 5.131e-01
2.950e+00 5.197e-01
2.960e+00 4.904e-01
2.970e+00 3.731e-01
2.980e+00 7.061e-01
2.990e+00 6.036e-01
3.000e+00 3.900e-01
3.010e+00 3.674e-01
3.020e+00 4.521e-01
3.030e+00 2.413e-01
3.040e+00 2.798e-01
3.050e+00 3.669e-01
3.060e+00 3.981e-01
3.070e+00 8.506e-01
3.080e+00 5.888e-01
3.090e+00 5.354e-01
3.100e+00 7.532e-01
3.110e+00 1.195e+00
3.120e+00 1.133e+00
3.130e+00 7.677e-01
3.140e+00 7.430e-01
3.150e+00 4.359e-01
3.160e+00 2.876e-01
3.170e+00 5.903e-01
3.180e+00 5.080e-01
3.190e+00 5.452e-01
3.200e+00 3.525e-01
3.210e+00 4.430e-01
3.220e+00 5.166e-01
3.230e+00 7.143e-01
3.240e+00 4.087e-01
3.250e+00 7.942e-01
3.260e+00 6.114e-01
3.270e+00 9.409e-01
3.280e+00 7.927e-01
3.290e+00 3.795e-01
3.300e+00 3.069e-01
3.310e+00 2.600e-01
3.320e+00 3.944e-01
3.330e+00 4.230e-01
3.340e+00 3.647e-01
3.350e+00 3.457e-01
3.360e+00 2.340e-01
3.370e+00 4.103e-01
3.380e+00 5.872e-01
3.390e+00 7.871e-01
3.400e+00 1.017e+00
3.410e+00 8.667e-01
3.420e+00 8.257e-01
3.430e+00 6.057e-01
3.440e+00 4.318e-01
3.450e+00 5.585e-01
3.460e+00 3.717e-01
3.470e+00 3.416e-01
3.480e+00 3.351e-01
3.490e+00 3.680e-01
3.500e+00 2.148e-01
3.510e+00 3.795e-01
3.520e+00 5.366e-01
3.530e+00 6.253e-01
3.540e+00 3.880e-01
3.550e+00 4.711e-01
3.560e+00 1.885e-01
3.570e+00 4.172e-01
3.580e+00 3.957e-01
3.590e+00 6.038e-01
3.600e+00 4.229e-01
3.610e+00 6.948e-01
3.620e+00 4.729e-01
3.630e+00 4.730e-01
3.640e+00 7.597e-01
3.650e+00 3.958e-01
3.660e+00 8.452e-01
3.670e+00 6.854e-01
3.680e+00 4.642e-01
3.690e+00 6.240e-01
3.700e+00 4.597e-01
3.710e+00 1.279e-01
3.720e+00 3.688e-01
3.730e+00 4.282e-01
3.740e+00 5.091e-01
3.750e+00 8.268e-01
3.760e+00 1.172e+00
3.770e+00 7.320e-01
3.780e+00 5.839e-01
3.790e+00 8.421e-01
3.800e+00 6.110e-01
3.810e+00 4.153e-01
3.820e+00 6.092e-01
3.830e+00 5.533e-01
3.840e+00 3.801e-01
3.850e+00 2.870e-01
3.860e+00 6.767e-01
3.870e+00 3.304e-01
3.880e+00 4.980e-01
3.890e+00 4.009e-01
3.900e+00 4.657e-01
3.910e+00 5.872e-01
3.920e+00 7.743e-01
3.930e+00 8.202e-01
3.940e+00 4.585e-01
3.950e+00 6.816e-01
3.960e+00 6.388e-01
3.970e+00 2.719e-01
3.980e+00 5.176e-01
3.990e+00 7.495e-01
4.000e+00 7.001e-01
4.010e+00 7.130e-01
4.020e+00 4.624e-01
4.030e+00 4.697e-01
4.040e+00 4.832e-01
4.050e+00 1.777e-01
4.060e+00 3.008e-01
4.070e+00 4.303e-01
4.080e+00 7.356e-01
4.090e+00 7.494e-01
4.100e+00 6.774e-01
4.110e+00 4.227e-01
4.120e+00 4.651e-01
4.130e+00 3.892e-01
4.140e+00 5.154e-01
4.150e+00 2.704e-01
4.160e+00 1.162e-01
4.170e+00 3.868e-01
4.180e+00 7.398e-01
4.190e+00 5.465e-01
4.200e+00 5.466e-01
4.210e+00 2.769e-01
4.220e+00 3.524e-01
4.230e+00 3.104e-01
4.240e+00 -5.418e-02
4.250e+00 4.149e-01
4.260e+00 1.193e-01
4.270e+00 2.443e-01
4.280e+00 5.910e-01
4.290e+00 1.154e-01
4.300e+00 1.658e-01
4.310e+00 2.429e-01
4.320e+00 4.833e-01
4.330e+00 7.879e-01
4.340e+00 8.119e-01
4.350e+00 4.532e-01
4.360e+00 4.568e-01
4.370e+00 1.607e-01
4.380e+00 8.820e-02
4.390e+00 4.823e-01
4.400e+00 4.478e-01
4.410e+00 3.873e-01
4.420e+00 -9.200e-02
4.430e+00 -1.698e-03
4.440e+00 2.743e-01
4.450e+00 4.932e-01
4.460e+00 7.181e-01
4.470e+00 4.072e-01
4.480e+00 4.927e-01
4.490e+00 4.602e-01
4.500e+00 3.768e-01
4.510e+00 5.872e-01
4.520e+00 6.209e-01
4.530e+00 5.464e-01
4.540e+00 6.803e-01
4.550e+00 5.687e-01
4.560e+00 2.853e-01
4.570e+00 3.480e-01
4.580e+00 5.732e-01
4.590e+00 1.104e-01
4.600e+00 5.132e-01
4.610e+00 5.294e-01
4.620e+00 4.217e-01
4.630e+00 2.750e-01
4.640e+00 7.183e-01
4.650e+00 4.919e-01
4.660e+00 4.594e-01
4.670e+00 1.832e-01
4.680e+00 3.660e-01
4.690e+00 5.168e-01
4.700e+00 6.445e-01
4.710e+00 8.202e-02
4.720e+00 -2.902e-01
4.730e+00 -1.551e-01
4.740e+00 4.821e-01
4.750e+00 5.000e-01
4.760e+00 3.210e-01
4.770e+00 2.078e-01
4.780e+00 2.627e-01
4.790e+00 1.173e-01
4.800e+00 9.993e-02
4.810e+00 3.605e-01
4.820e+00 3.694e-01
4.830e+00 4.517e-02
4.840e+00 4.130e-01
4.850e+00 4.661e-01
4.860e+00 9.096e-01
4.870e+00 4.176e-01
4.880e+00 6.077e-01
4.890e+00 4.493e-01
4.900e+00 4.445e-01
4.910e+00 7.915e-01
4.920e+00 6.688e-01
4.930e+00 6.024e-01
4.940e+00 5.633e-01
4.950e+00 3.454e-01
4.960e+00 -4.054e-02
4.970e+00 1.247e-01
4.980e+00 7.288e-01
4.990e+00 4.082e-01
-5.000e+00 7.844e-02
-4.990e+00 4.082e-01
-4.980e+00 7.288e-01
-4.970e+00 1.247e-01
-4.960e+00 -4.054e-02
-4.950e+00 3.454e-01
-4.940e+00 5.633e-01
-4.930e+00 6.024e-01
-4.920e+00 6.688e-01
-4.910e+00 7.915e-01
-4.900e+00 4.445e-01
-4.890e+00 4.493e-01
-4.880e+00 6.077e-01
-4.870e+00 4.176e-01
-4.860e+00 9.096e-01
-4.850e+00 4.661e-01
-4.840e+00 4.130e-01
-4.830e+00 4.517e-02
-4.820e+00 3.694e-01
-4.810e+00 3.605e-01
-4.800e+00 9.993e-02
-4.790e+00 1.173e-01
-4.780e+00 2.627e-01
-4.770e+00 2.078e-01
-4.760e+00 3.210e-01
-4.750e+00 5.000e-01
-4.740e+00 4.821e-01
-4.730e+00 -1.551e-01
-4.720e+00 -2.902e-01
-4.710e+00 8.202e-02
-4.700e+00 6.445e-01
-4.690e+00 5.168e-01
-4.680e+00 3.660e-01
-4.670e+00 1.832e-01
-4.660e+00 4.594e-01
-4.650e+00 4.919e-01
-4.640e+00 7.183e-01
-4.630e+00 2.750e-01
-4.620e+00 4.217e-01
-4.610e+00 5.294e-01
-4.600e+00 5.132e-01
-4.590e+00 1.104e-01
-4.580e+00 5.732e-01
-4.570e+00 3.480e-01
-4.560e+00 2.853e-01
-4.550e+00 5.687e-01
-4.540e+00 6.803e-01
-4.530e+00 5.464e-01
-4.520e+00 6.209e-01
-4.510e+00 5.872e-01
-4.500e+00 3.768e-01
-4.490e+00 4.602e-01
-4.480e+00 4.927e-01
-4.470e+00 4.072e-01
-4.460e+00 7.181e-01
-4.450e+00 4.932e-01
-4.440e+00 2.743e-01
-4.430e+00 -1.698e-03
-4.420e+00 -9.200e-02
-4.410e+00 3.873e-01
-4.400e+00 4.478e-01
-4.390e+00 4.823e-01
-4.380e+00 8.820e-02
-4.370e+00 1.607e-01
-4.360e+00 4.568e-01
-4.350e+00 4.532e-01
-4.340e+00 8.119e-01
-4.330e+00 7.879e-01
-4.320e+00 4.833e-01
-4.310e+00 2.429e-01
-4.300e+00 1.658e-01
-4.290e+00 1.154e-01
-4.280e+00 5.910e-01
-4.270e+00 2.443e-01
-4.260e+00 1.193e-01
-4.250e+00 4.149e-01
-4.240e+00 -5.418e-02
-4.230e+00 3.104e-01
-4.220e+00 3.524e-01
-4.210e+00 2.769e-01
-4.200e+00 5.466e-01
-4.190e+00 5.465e-01
-4.180e+00 7.398e-01
-4.170e+00 3.868e-01
-4.160e+00 1.162e-01
-4.150e+00 2.704e-01
-4.140e+00 5.154e-01
-4.130e+00 3.892e-01
-4.120e+00 4.651e-01
-4.110e+00 4.227e-01
-4.100e+00 6.774e-01
-4.090e+00 7.494e-01
-4.080e+00 7.356e-01
-4.070e+00 4.303e-01
-4.060e+00 3.008e-01
-4.050e+00 1.777e-01
-4.040e+00 4.832e-01
-4.030e+00 4.697e-01
-4.020e+00 4.624e-01
-4.010e+00 7.130e-01
-4.000e+00 7.001e-01
-3.990e+00 7.495e-01
-3.980e+00 5.176e-01
-3.970e+00 2.719e-01
-3.960e+00 6.388e-01
-3.950e+00 6.816e-01
-3.940e+00 4.585e-01
-3.930e+00 8.202e-01
-3.920e+00 7.743e-01
-3.910e+00 5.872e-01
-3.900e+00 4.657e-01
-3.890e+00 4.009e-01
-3.880e+00 4.980e-01
-3.870e+00 3.304e-01
-3.860e+00 6.767e-01
-3.850e+00 2.870e-01
-3.840e+00 3.801e-01
-3.830e+00 5.533e-01
-3.820e+00 6.092e-01
-3.810e+00 4.153e-01
-3.800e+00 6.110e-01
-3.790e+00 8.421e-01
-3.780e+00 5.839e-01
-3.770e+00 7.320e-01
-3.760e+00 1.172e+00
-3.750e+00 8.268e-01
-3.740e+00 5.091e-01
-3.730e+00 4.282e-01
-3.720e+00 3.688e-01
-3.710e+00 1.279e-01
-3.700e+00 4.597e-01
-3.690e+00 6.240e-01
-3.680e+00 4.642e-01
-3.670e+00 6.854e-01
-3.660e+00 8.452e-01
-3.650e+00 3.958e-01
-3.640e+00 7.597e-01
-3.630e+00 4.730e-01
-3.620e+00 4.729e-01
-3.610e+00 6.948e-01
-3.600e+00 4.229e-01
-3.590e+00 6.038e-01
-3.580e+00 3.957e-01
-3.570e+00 4.172e-01
-3.560e+00 1.885e-01
-3.550e+00 4.711e-01
-3.540e+00 3.880e-01
-3.530e+00 6.253e-01
-3.520e+00 5.366e-01
-3.510e+00 3.795e-01
-3.500e+00 2.148e-01
-3.490e+00 3.680e-01
-3.480e+00 3.351e-01
-3.470e+00 3.416e-01
-3.460e+00 3.717e-01
-3.450e+00 5.585e-01
-3.440e+00 4.318e-01
-3.430e+00 6.057e-01
-3.420e+00 8.257e-01
-3.410e+00 8.667e-01
-3.400e+00 1.017e+00
-3.390e+00 7.871e-01
-3.380e+00 5.872e-01
-3.370e+00 4.103e-01
-3.360e+00 2.340e-01
-3.350e+00 3.457e-01
-3.340e+00 3.647e-01
-3.330e+00 4.230e-01
-3.320e+00 3.944e-01
-3.310e+00 2.600e-01
-3.300e+00 3.069e-01
-3.290e+00 3.795e-01
-3.280e+00 7.927e-01
-3.270e+00 9.409e-01
-3.260e+00 6.114e-01
-3.250e+00 7.942e-01
-3.240e+00 4.087e-01
-3.230e+00 7.143e-01
-3.220e+00 5.166e-01
-3.210e+00 4.430e-01
-3.200e+00 3.525e-01
-3.190e+00 5.452e-01
-3.180e+00 5.080e-01
-3.170e+00 5.903e-01
-3.160e+00 2.876e-01
-3.150e+00 4.359e-01
-3.140e+00 7.430e-01
-3.130e+00 7.677e-01
-3.120e+00 1.133e+00
-3.110e+00 1.195e+00
-3.100e+00 7.532e-01
-3.090e+00 5.354e-01
-3.080e+00 5.888e-01
-3.070e+00 8.506e-01
-3.060e+00 3.981e-01
-3.050e+00 3.669e-01
-3.040e+00 2.798e-01
-3.030e+00 2.413e-01
-3.020e+00 4.521e-01
-3.010e+00 3.674e-01
-3.000e+00 3.900e-01
-2.990e+00 6.036e-01
-2.980e+00 7.061e-01
-2.970e+00 3.731e-01
-2.960e+00 4.904e-01
-2.950e+00 5.197e-01
-2.940e+00 5.131e-01
-2.930e+00 2.109e-01
-2.920e+00 5.688e-01
-2.910e+00 7.148e-01
-2.900e+00 6.210e-01
-2.890e+00 6.627e-01
-2.880e+00 4.799e-01
-2.870e+00 5.090e-01
-2.860e+00 5.392e-01
-2.850e+00 1.961e-01
-2.840e+00 4.749e-01
-2.830e+00 6.276e-01
-2.820e+00 2.742e-01
-2.810e+00 6.166e-01
-2.800e+00 8.131e-01
-2.790e+00 7.870e-01
-2.780e+00 7.131e-01
-2.770e+00 1.007e+00
-2.760e+00 6.183e-01
-2.750e+00 7.792e-01
-2.740e+00 8.351e-01
-2.730e+00 4.548e-01
-2.720e+00 5.474e-01
-2.710e+00 6.280e-01
-2.700e+00 6.394e-01
-2.690e+00 6.461e-01
-2.680e+00 6.391e-01
-2.670e+00 6.573e-01
-2.660e+00 7.592e-01
-2.650e+00 4.866e-01
-2.640e+00 4.742e-01
-2.630e+00 3.031e-01
-2.620e+00 3.904e-01
-2.610e+00 4.262e-01
-2.600e+00 5.538e-01
-2.590e+00 6.983e-01
-2.580e+00 5.445e-01
-2.570e+00 4.474e-01
-2.560e+00 3.248e-01
-2.550e+00 5.548e-01
-2.540e+00 3.765e-01
-2.530e+00 5.347e-01
-2.520e+00 5.493e-01
-2.510e+00 4.085e-01
-2.500e+00 3.719e-01
-2.490e+00 2.880e-01
-2.480e+00 8.160e-02
-2.470e+00 -3.824e-03
-2.460e+00 4.502e-01
-2.450e+00 7.643e-01
-2.440e+00 9.002e-01
-2.430e+00 5.191e-01
-2.420e+00 6.173e-01
-2.410e+00 7.232e-01
-2.400e+00 6.175e-01
-2.390e+00 2.530e-01
-2.380e+00 2.741e-01
-2.370e+00 1.425e-01
-2.360e+00 3.717e-01
-2.350e+00 4.469e-01
-2.340e+00 9.614e-01
-2.330e+00 7.095e-01
-2.320e+00 4.957e-01
-2.310e+00 3.371e-01
-2.300e+00 1.571e-01
-2.290e+00 1.373e-01
-2.280e+00 2.526e-01
-2.270e+00 1.035e-01
-2.260e+00 5.194e-01
-2.250e+00 8.722e-01
-2.240e+00 9.908e-01
-2.230e+00 8.468e-01
-2.220e+00 7.114e-01
-2.210e+00 6.612e-01
-2.200e+00 6.622e-01
-2.190e+00 8.024e-01
-2.180e+00 7.280e-01
-2.170e+00 6.742e-01
-2.160e+00 6.625e-01
-2.150e+00 4.481e-01
-2.140e+00 7.649e-01
-2.130e+00 5.121e-01
-2.120e+00 5.208e-01
-2.110e+00 4.227e-01
-2.100e+00 1.849e-01
-2.090e+00 2.084e-01
-2.080e+00 -5.979e-02
-2.070e+00 3.354e-02
-2.060e+00 -1.917e-01
-2.050e+00 2.025e-01
-2.040e+00 5.428e-01
-2.030e+00 7.505e-01
-2.020e+00 8.831e-01
-2.010e+00 6.702e-01
-2.000e+00 1.128e+00
-1.990e+00 7.954e-01
-1.980e+00 5.553e-01
-1.970e+00 3.959e-01
-1.960e+00 5.622e-01
-1.950e+00 6.102e-01
-1.940e+00 7.615e-01
-1.930e+00 6.503e-01
-1.920e+00 6.034e-01
-1.910e+00 1.247e-02
-1.900e+00 -8.567e-03
-1.890e+00 1.308e-01
-1.880e+00 1.900e-01
-1.870e+00 6.183e-01
-1.860e+00 8.013e-01
-1.850e+00 8.208e-01
-1.840e+00 1.136e+00
-1.830e+00 8.900e-01
-1.820e+00 6.698e-01
-1.810e+00 2.778e-01
-1.800e+00 3.719e-02
-1.790e+00 -1.419e-01
-1.780e+00 -6.000e-01
-1.770e+00 -6.199e-01
-1.760e+00 8.081e-01
-1.750e+00 5.584e-01
-1.740e+00 7.221e-01
-1.730e+00 9.249e-01
-1.720e+00 7.144e-01
-1.710e+00 6.892e-01
-1.700e+00 7.845e-01
-1.690e+00 5.853e-01
-1.680e+00 3.012e-01
-1.670e+00 3.074e-01
-1.660e+00 4.699e-02
-1.650e+00 2.678e-01
-1.640e+00 5.381e-02
-1.630e+00 6.276e-01
-1.620e+00 5.295e-01
-1.610e+00 5.775e-01
-1.600e+00 9.599e-01
-1.590e+00 3.881e-01
-1.580e+00 9.092e-01
-1.570e+00 6.520e-01
-1.560e+00 3.693e-01
-1.550e+00 1.910e-01
-1.540e+00 4.833e-01
-1.530e+00 -1.869e-01
-1.520e+00 -4.532e-02
-1.510e+00 2.920e-01
-1.500e+00 1.964e-01
-1.490e+00 5.774e-01
-1.480e+00 2.765e-01
-1.470e+00 2.811e-01
-1.460e+00 2.456e-01
-1.450e+00 3.481e-01
-1.440e+00 3.437e-01
-1.430e+00 -4.973e-01
-1.420e+00 2.360e-01
-1.410e+00 3.187e-01
-1.400e+00 8.983e-01
-1.390e+00 7.967e-01
-1.380e+00 7.666e-01
-1.370e+00 5.380e-01
-1.360e+00 7.018e-01
-1.350e+00 8.161e-01
-1.340e+00 7.285e-01
-1.330e+00 7.099e-01
-1.320e+00 7.002e-01
-1.310e+00 6.615e-01
-1.300e+00 5.147e-01
-1.290e+00 1.930e-01
-1.280e+00 2.495e-01
-1.270e+00 7.772e-01
-1.260e+00 9.283e-01
-1.250e+00 5.332e-01
-1.240e+00 3.618e-01
-1.230e+00 -1.373e-01
-1.220e+00 6.613e-02
-1.210e+00 4.865e-02
-1.200e+00 1.498e+00
-1.190e+00 1.194e+00
-1.180e+00 1.338e+00
-1.170e+00 1.289e+00
-1.160e+00 1.063e+00
-1.150e+00 7.763e-01
-1.140e+00 1.269e+00
-1.130e+00 7.508e-01
-1.120e+00 3.753e-01
-1.110e+00 4.406e-01
-1.100e+00 1.833e-01
-1.090e+00 3.875e-01
-1.080e+00 5.674e-02
-1.070e+00 4.230e-01
-1.060e+00 7.359e-01
-1.050e+00 5.419e-01
-1.040e+00 2.946e-01
-1.030e+00 6.059e-01
-1.020e+00 -1.917e-01
-1.010e+00 1.330e-01
-1.000e+00 -2.619e-01
-9.900e-01 -4.858e-02
-9.800e-01 1.477e+00
-9.700e-01 1.234e+00
-9.600e-01 1.206e+00
-9.500e-01 5.290e-01
-9.400e-01 3.105e-01
-9.300e-01 6.414e-01
-9.200e-01 3.036e-01
-9.100e-01 6.055e-01
-9.000e-01 4.865e-01
-8.900e-01 5.197e-01
-8.800e-01 -2.257e-01
-8.700e-01 1.444e-01
-8.600e-01 -7.963e-02
-8.500e-01 5.724e-01
-8.400e-01 5.672e-01
-8.300e-01 2.533e-01
-8.200e-01 -5.537e-02
-8.100e-01 -2.173e-01
-8.000e-01 1.039e+00
-7.900e-01 3.035e-01
-7.800e-01 6.101e-01
-7.700e-01 8.207e-01
-7.600e-01 1.658e-01
-7.500e-01 8.164e-01
-7.400e-01 6.314e-01
-7.300e-01 1.280e+00
-7.200e-01 6.968e-01
-7.100e-01 -1.101e-01
-7.000e-01 6.025e-01
-6.900e-01 1.034e+00
-6.800e-01 9.049e-01
-6.700e-01 3.510e-01
-6.600e-01 3.582e-01
-6.500e-01 1.120e+00
-6.400e-01 7.076e-01
-6.300e-01 6.170e-01
-6.200e-01 -2.037e-02
-6.100e-01 3.481e-01
-6.000e-01 -7.547e-02
-5.900e-01 5.611e-01
-5.800e-01 2.540e-01
-5.700e-01 9.600e-01
-5.600e-01 -2.712e-01
-5.500e-01 -6.174e-01
-5.400e-01 -4.652e-02
-5.300e-01 1.624e+00
-5.200e-01 9.414e-01
-5.100e-01 1.685e+00
-5.000e-01 9.944e-01
-4.900e-01 6.844e-02
-4.800e-01 6.112e-01
-4.700e-01 8.110e-01
-4.600e-01 1.606e+00
-4.500e-01 7.435e-01
-4.400e-01 1.691e-01
-4.300e-01 3.704e-01
-4.200e-01 9.050e-01
-4.100e-01 1.332e+00
-4.000e-01 1.206e+00
-3.900e-01 2.730e-01
-3.800e-01 -2.769e-01
-3.700e-01 1.848e+00
-3.600e-01 1.744e+00
-3.500e-01 1.672e+00
-3.400e-01 1.283e+00
-3.300e-01 9.626e-01
-3.200e-01 -2.457e-02
-3.100e-01 1.137e+00
-3.000e-01 1.863e+00
-2.900e-01 2.318e+00
-2.800e-01 5.742e-01
-2.700e-01 -4.038e-01
-2.600e-01 1.863e+00
-2.500e-01 2.091e+00
-2.400e-01 2.184e+00
-2.300e-01 -1.477e-01
-2.200e-01 2.882e-01
-2.100e-01 4.936e-01
-2.000e-01 1.841e+00
-1.900e-01 1.041e+00
-1.800e-01 2.210e+00
-1.700e-01 9.187e-01
-1.600e-01 -4.268e-01
-1.500e-01 9.278e-01
-1.400e-01 1.955e+00
-1.300e-01 3.641e-01
-1.200e-01 1.804e+00
-1.100e-01 1.449e+00
-1.000e-01 3.360e+00
-9.000e-02 3.596e-01
-8.000e-02 1.695e+00
-7.000e-02 6.460e+00
-6.000e-02 5.111e+00
-5.000e-02 4.351e+00
-4.000e-02 1.063e+00
-3.000e-02 6.463e+00
-2.000e-02 1.531e+01
-1.000e-02 5.445e+01
