# Frequency (1.0/ps)      real(fft(F_1))
0.000e+00 1.707e+01
1.000e-02 1.548e+01
2.000e-02 1.356e+01
3.000e-02 9.754e+00
4.000e-02 9.348e+00
5.000e-02 1.005e+01
6.000e-02 6.666e+00
7.000e-02 9.073e+00
8.000e-02 6.989e+00
9.000e-02 6.702e+00
1.000e-01 6.105e+00
1.100e-01 6.199e+00
1.200e-01 5.294e+00
1.300e-01 4.922e+00
1.400e-01 5.562e+00
1.500e-01 4.272e+00
1.600e-01 3.842e+00
1.700e-01 5.415e+00
1.800e-01 4.150e+00
1.900e-01 3.878e+00
2.000e-01 3.646e+00
2.100e-01 4.680e+00
2.200e-01 3.412e+00
2.300e-01 3.685e+00
2.400e-01 3.700e+00
2.500e-01 3.493e+00
2.600e-01 3.641e+00
2.700e-01 3.358e+00
2.800e-01 3.149e+00
2.900e-01 2.715e+00
3.000e-01 2.793e+00
3.100e-01 2.319e+00
3.200e-01 1.756e+00
3.300e-01 2.170e+00
3.400e-01 1.453e+00
3.500e-01 1.759e+00
3.600e-01 2.291e+00
3.700e-01 1.829e+00
3.800e-01 2.538e+00
3.900e-01 2.473e+00
4.000e-01 2.065e+00
4.100e-01 1.808e+00
4.200e-01 2.233e+00
4.300e-01 1.387e+00
4.400e-01 1.368e+00
4.500e-01 1.190e+00
4.600e-01 9.553e-01
4.700e-01 1.196e+00
4.800e-01 1.551e+00
4.900e-01 1.490e+00
5.000e-01 1.815e+00
5.100e-01 1.544e+00
5.200e-01 1.579e+00
5.300e-01 1.556e+00
5.400e-01 1.336e+00
5.500e-01 7.169e-01
5.600e-01 1.074e+00
5.700e-01 8.730e-01
5.800e-01 1.089e+00
5.900e-01 9.333e-01
6.000e-01 1.170e+00
6.100e-01 1.036e+00
6.200e-01 1.085e+00
6.300e-01 1.005e+00
6.400e-01 1.340e+00
6.500e-01 8.430e-01
6.600e-01 9.192e-01
6.700e-01 5.616e-01
6.800e-01 5.975e-01
6.900e-01 5.524e-01
7.000e-01 7.389e-01
7.100e-01 1.127e+00
7.200e-01 8.287e-01
7.300e-01 1.068e+00
7.400e-01 7.091e-01
7.500e-01 8.987e-01
7.600e-01 1.041e+00
7.700e-01 8.410e-01
7.800e-01 5.070e-01
7.900e-01 4.176e-01
8.000e-01 6.189e-01
8.100e-01 8.234e-01
8.200e-01 5.347e-01
8.300e-01 7.586e-01
8.400e-01 1.181e+00
8.500e-01 1.025e+00
8.600e-01 8.029e-01
8.700e-01 1.073e+00
8.800e-01 6.687e-01
8.900e-01 7.702e-01
9.000e-01 9.250e-01
9.100e-01 8.520e-01
9.200e-01 1.022e+00
9.300e-01 8.977e-01
9.400e-01 1.082e+00
9.500e-01 4.223e-01
9.600e-01 6.906e-01
9.700e-01 5.478e-01
9.800e-01 5.882e-01
9.900e-01 9.991e-01
1.000e+00 8.372e-01
1.010e+00 7.714e-01
1.020e+00 9.284e-01
1.030e+00 8.057e-01
1.040e+00 8.251e-01
1.050e+00 9.099e-01
1.060e+00 1.207e+00
1.070e+00 9.619e-01
1.080e+00 8.713e-01
1.090e+00 9.519e-01
1.100e+00 9.968e-01
1.110e+00 8.880e-01
1.120e+00 7.905e-01
1.130e+00 9.171e-01
1.140e+00 5.437e-01
1.150e+00 5.890e-01
1.160e+00 6.335e-01
1.170e+00 6.561e-01
1.180e+00 8.853e-01
1.190e+00 7.265e-01
1.200e+00 6.702e-01
1.210e+00 1.089e+00
1.220e+00 1.095e+00
1.230e+00 1.052e+00
1.240e+00 1.008e+00
1.250e+00 1.041e+00
1.260e+00 8.421e-01
1.270e+00 9.380e-01
1.280e+00 9.081e-01
1.290e+00 7.836e-01
1.300e+00 9.176e-01
1.310e+00 7.823e-01
1.320e+00 5.959e-01
1.330e+00 4.528e-01
1.340e+00 5.504e-01
1.350e+00 4.272e-01
1.360e+00 2.337e-01
1.370e+00 4.764e-01
1.380e+00 5.204e-01
1.390e+00 3.222e-01
1.400e+00 4.254e-01
1.410e+00 4.124e-01
1.420e+00 2.520e-01
1.430e+00 2.767e-01
1.440e+00 3.540e-01
1.450e+00 3.355e-01
1.460e+00 3.553e-01
1.470e+00 3.567e-01
1.480e+00 1.194e-01
1.490e+00 3.236e-01
1.500e+00 4.701e-01
1.510e+00 5.396e-01
1.520e+00 6.798e-01
1.530e+00 6.628e-01
1.540e+00 5.966e-01
1.550e+00 3.970e-01
1.560e+00 7.326e-01
1.570e+00 5.059e-01
1.580e+00 3.028e-01
1.590e+00 5.871e-01
1.600e+00 4.784e-01
1.610e+00 5.585e-01
1.620e+00 7.582e-01
1.630e+00 7.363e-01
1.640e+00 5.264e-01
1.650e+00 4.510e-01
1.660e+00 2.217e-01
1.670e+00 3.502e-01
1.680e+00 1.613e-01
1.690e+00 3.454e-01
1.700e+00 4.471e-01
1.710e+00 6.364e-01
1.720e+00 5.577e-01
1.730e+00 8.600e-01
1.740e+00 6.951e-01
1.750e+00 6.396e-01
1.760e+00 5.038e-01
1.770e+00 5.208e-01
1.780e+00 2.783e-01
1.790e+00 4.570e-01
1.800e+00 2.733e-01
1.810e+00 3.084e-01
1.820e+00 1.494e-01
1.830e+00 4.356e-01
1.840e+00 4.133e-01
1.850e+00 3.131e-01
1.860e+00 3.492e-01
1.870e+00 6.193e-01
1.880e+00 4.358e-01
1.890e+00 5.164e-01
1.900e+00 4.809e-01
1.910e+00 5.216e-01
1.920e+00 5.153e-01
1.930e+00 6.667e-01
1.940e+00 5.348e-01
1.950e+00 5.860e-01
1.960e+00 5.643e-01
1.970e+00 4.737e-01
1.980e+00 5.713e-01
1.990e+00 6.755e-01
2.000e+00 6.742e-01
2.010e+00 5.427e-01
2.020e+00 5.933e-01
2.030e+00 5.565e-01
2.040e+00 4.334e-01
2.050e+00 4.402e-01
2.060e+00 4.913e-01
2.070e+00 4.760e-01
2.080e+00 3.928e-01
2.090e+00 5.336e-01
2.100e+00 5.938e-01
2.110e+00 5.175e-01
2.120e+00 4.950e-01
2.130e+00 5.786e-01
2.140e+00 5.156e-01
2.150e+00 4.893e-01
2.160e+00 6.855e-01
2.170e+00 5.863e-01
2.180e+00 6.864e-01
2.190e+00 5.919e-01
2.200e+00 5.922e-01
2.210e+00 6.974e-01
2.220e+00 7.034e-01
2.230e+00 6.812e-01
2.240e+00 6.646e-01
2.250e+00 6.337e-01
2.260e+00 6.229e-01
2.270e+00 5.336e-01
2.280e+00 5.463e-01
2.290e+00 4.020e-01
2.300e+00 3.484e-01
2.310e+00 3.264e-01
2.320e+00 3.810e-01
2.330e+00 2.483e-01
2.340e+00 3.985e-01
2.350e+00 5.770e-01
2.360e+00 6.268e-01
2.370e+00 5.693e-01
2.380e+00 4.621e-01
2.390e+00 4.592e-01
2.400e+00 4.699e-01
2.410e+00 5.277e-01
2.420e+00 4.804e-01
2.430e+00 5.781e-01
2.440e+00 5.954e-01
2.450e+00 6.678e-01
2.460e+00 6.717e-01
2.470e+00 5.647e-01
2.480e+00 6.255e-01
2.490e+00 5.164e-01
2.500e+00 6.621e-01
2.510e+00 7.134e-01
2.520e+00 6.056e-01
2.530e+00 5.415e-01
2.540e+00 4.898e-01
2.550e+00 5.789e-01
2.560e+00 6.124e-01
2.570e+00 5.186e-01
2.580e+00 5.628e-01
2.590e+00 5.533e-01
2.600e+00 4.740e-01
2.610e+00 4.955e-01
2.620e+00 5.661e-01
2.630e+00 6.708e-01
2.640e+00 6.801e-01
2.650e+00 7.133e-01
2.660e+00 6.787e-01
2.670e+00 5.940e-01
2.680e+00 6.055e-01
2.690e+00 6.567e-01
2.700e+00 6.877e-01
2.710e+00 8.051e-01
2.720e+00 7.317e-01
2.730e+00 7.872e-01
2.740e+00 7.039e-01
2.750e+00 6.904e-01
2.760e+00 7.560e-01
2.770e+00 6.139e-01
2.780e+00 6.413e-01
2.790e+00 7.482e-01
2.800e+00 6.757e-01
2.810e+00 5.769e-01
2.820e+00 6.918e-01
2.830e+00 7.502e-01
2.840e+00 5.708e-01
2.850e+00 6.578e-01
2.860e+00 6.394e-01
2.870e+00 6.351e-01
2.880e+00 6.708e-01
2.890e+00 7.067e-01
2.900e+00 6.099e-01
2.910e+00 6.403e-01
2.920e+00 7.111e-01
2.930e+00 5.677e-01
2.940e+00 5.027e-01
2.950e+00 5.647e-01
2.960e+00 5.445e-01
2.970e+00 5.934e-01
2.980e+00 6.459e-01
2.990e+00 5.736e-01
3.000e+00 5.244e-01
3.010e+00 5.320e-01
3.020e+00 4.589e-01
3.030e+00 4.876e-01
3.040e+00 3.602e-01
3.050e+00 3.368e-01
3.060e+00 3.470e-01
3.070e+00 4.207e-01
3.080e+00 3.966e-01
3.090e+00 4.676e-01
3.100e+00 5.291e-01
3.110e+00 4.635e-01
3.120e+00 4.973e-01
3.130e+00 6.065e-01
3.140e+00 5.280e-01
3.150e+00 6.481e-01
3.160e+00 4.750e-01
3.170e+00 6.407e-01
3.180e+00 5.357e-01
3.190e+00 5.534e-01
3.200e+00 4.817e-01
3.210e+00 5.537e-01
3.220e+00 4.516e-01
3.230e+00 5.985e-01
3.240e+00 6.308e-01
3.250e+00 6.006e-01
3.260e+00 5.673e-01
3.270e+00 6.075e-01
3.280e+00 4.456e-01
3.290e+00 4.137e-01
3.300e+00 4.752e-01
3.310e+00 4.291e-01
3.320e+00 5.607e-01
3.330e+00 6.177e-01
3.340e+00 6.851e-01
3.350e+00 6.898e-01
3.360e+00 7.485e-01
3.370e+00 5.677e-01
3.380e+00 6.578e-01
3.390e+00 5.822e-01
3.400e+00 5.447e-01
3.410e+00 6.369e-01
3.420e+00 7.061e-01
3.430e+00 5.913e-01
3.440e+00 6.376e-01
3.450e+00 6.739e-01
3.460e+00 7.775e-01
3.470e+00 6.436e-01
3.480e+00 6.904e-01
3.490e+00 6.796e-01
3.500e+00 6.264e-01
3.510e+00 6.005e-01
3.520e+00 5.615e-01
3.530e+00 5.841e-01
3.540e+00 6.290e-01
3.550e+00 6.694e-01
3.560e+00 5.982e-01
3.570e+00 6.428e-01
3.580e+00 6.678e-01
3.590e+00 5.071e-01
3.600e+00 4.868e-01
3.610e+00 4.892e-01
3.620e+00 4.523e-01
3.630e+00 4.957e-01
3.640e+00 5.856e-01
3.650e+00 5.107e-01
3.660e+00 5.582e-01
3.670e+00 5.281e-01
3.680e+00 4.801e-01
3.690e+00 5.134e-01
3.700e+00 5.430e-01
3.710e+00 5.192e-01
3.720e+00 5.816e-01
3.730e+00 6.672e-01
3.740e+00 6.867e-01
3.750e+00 4.854e-01
3.760e+00 6.302e-01
3.770e+00 5.612e-01
3.780e+00 4.587e-01
3.790e+00 5.769e-01
3.800e+00 6.642e-01
3.810e+00 6.751e-01
3.820e+00 7.142e-01
3.830e+00 7.132e-01
3.840e+00 7.944e-01
3.850e+00 7.338e-01
3.860e+00 8.088e-01
3.870e+00 8.323e-01
3.880e+00 7.119e-01
3.890e+00 7.038e-01
3.900e+00 6.679e-01
3.910e+00 6.599e-01
3.920e+00 6.930e-01
3.930e+00 6.795e-01
3.940e+00 5.285e-01
3.950e+00 6.470e-01
3.960e+00 5.666e-01
3.970e+00 5.779e-01
3.980e+00 5.531e-01
3.990e+00 6.088e-01
4.000e+00 5.372e-01
4.010e+00 6.262e-01
4.020e+00 6.292e-01
4.030e+00 6.080e-01
4.040e+00 5.687e-01
4.050e+00 5.791e-01
4.060e+00 5.811e-01
4.070e+00 5.305e-01
4.080e+00 5.364e-01
4.090e+00 6.314e-01
4.100e+00 6.741e-01
4.110e+00 5.801e-01
4.120e+00 6.987e-01
4.130e+00 6.513e-01
4.140e+00 5.835e-01
4.150e+00 6.582e-01
4.160e+00 6.549e-01
4.170e+00 6.194e-01
4.180e+00 5.930e-01
4.190e+00 6.445e-01
4.200e+00 5.482e-01
4.210e+00 5.191e-01
4.220e+00 6.328e-01
4.230e+00 5.050e-01
4.240e+00 5.582e-01
4.250e+00 6.184e-01
4.260e+00 5.686e-01
4.270e+00 5.585e-01
4.280e+00 5.663e-01
4.290e+00 5.488e-01
4.300e+00 4.406e-01
4.310e+00 5.586e-01
4.320e+00 4.660e-01
4.330e+00 4.490e-01
4.340e+00 6.039e-01
4.350e+00 6.939e-01
4.360e+00 6.098e-01
4.370e+00 6.144e-01
4.380e+00 6.426e-01
4.390e+00 5.437e-01
4.400e+00 4.929e-01
4.410e+00 5.891e-01
4.420e+00 4.509e-01
4.430e+00 4.297e-01
4.440e+00 6.600e-01
4.450e+00 6.384e-01
4.460e+00 5.696e-01
4.470e+00 6.351e-01
4.480e+00 5.270e-01
4.490e+00 3.793e-01
4.500e+00 4.700e-01
4.510e+00 4.292e-01
4.520e+00 4.458e-01
4.530e+00 5.036e-01
4.540e+00 5.397e-01
4.550e+00 4.725e-01
4.560e+00 5.181e-01
4.570e+00 5.851e-01
4.580e+00 5.787e-01
4.590e+00 4.992e-01
4.600e+00 5.807e-01
4.610e+00 4.898e-01
4.620e+00 4.025e-01
4.630e+00 5.856e-01
4.640e+00 5.630e-01
4.650e+00 6.226e-01
4.660e+00 6.366e-01
4.670e+00 5.557e-01
4.680e+00 4.876e-01
4.690e+00 5.445e-01
4.700e+00 4.921e-01
4.710e+00 4.602e-01
4.720e+00 6.019e-01
4.730e+00 7.045e-01
4.740e+00 6.403e-01
4.750e+00 7.183e-01
4.760e+00 6.142e-01
4.770e+00 5.893e-01
4.780e+00 4.870e-01
4.790e+00 6.206e-01
4.800e+00 6.068e-01
4.810e+00 5.718e-01
4.820e+00 7.052e-01
4.830e+00 7.413e-01
4.840e+00 6.384e-01
4.850e+00 7.364e-01
4.860e+00 6.516e-01
4.870e+00 5.475e-01
4.880e+00 6.010e-01
4.890e+00 5.532e-01
4.900e+00 5.034e-01
4.910e+00 5.865e-01
4.920e+00 4.655e-01
4.930e+00 4.080e-01
4.940e+00 4.059e-01
4.950e+00 3.680e-01
4.960e+00 3.725e-01
4.970e+00 4.144e-01
4.980e+00 4.631e-01
4.990e+00 4.338e-01
-5.000e+00 3.873e-01
-4.990e+00 5.082e-01
-4.980e+00 4.171e-01
-4.970e+00 3.820e-01
-4.960e+00 4.740e-01
-4.950e+00 4.959e-01
-4.940e+00 3.926e-01
-4.930e+00 5.937e-01
-4.920e+00 5.682e-01
-4.910e+00 5.945e-01
-4.900e+00 6.783e-01
-4.890e+00 6.128e-01
-4.880e+00 5.646e-01
-4.870e+00 5.415e-01
-4.860e+00 5.277e-01
-4.850e+00 5.708e-01
-4.840e+00 4.730e-01
-4.830e+00 6.318e-01
-4.820e+00 5.551e-01
-4.810e+00 4.582e-01
-4.800e+00 5.491e-01
-4.790e+00 5.175e-01
-4.780e+00 3.961e-01
-4.770e+00 5.296e-01
-4.760e+00 4.586e-01
-4.750e+00 4.080e-01
-4.740e+00 4.759e-01
-4.730e+00 5.297e-01
-4.720e+00 4.157e-01
-4.710e+00 5.190e-01
-4.700e+00 4.855e-01
-4.690e+00 5.365e-01
-4.680e+00 4.947e-01
-4.670e+00 5.114e-01
-4.660e+00 5.529e-01
-4.650e+00 4.807e-01
-4.640e+00 5.254e-01
-4.630e+00 4.445e-01
-4.620e+00 4.786e-01
-4.610e+00 5.355e-01
-4.600e+00 5.192e-01
-4.590e+00 4.523e-01
-4.580e+00 6.703e-01
-4.570e+00 6.686e-01
-4.560e+00 5.938e-01
-4.550e+00 5.810e-01
-4.540e+00 6.654e-01
-4.530e+00 5.389e-01
-4.520e+00 4.920e-01
-4.510e+00 6.082e-01
-4.500e+00 6.080e-01
-4.490e+00 4.989e-01
-4.480e+00 6.396e-01
-4.470e+00 6.074e-01
-4.460e+00 5.368e-01
-4.450e+00 5.914e-01
-4.440e+00 5.923e-01
-4.430e+00 5.310e-01
-4.420e+00 6.739e-01
-4.410e+00 5.843e-01
-4.400e+00 4.459e-01
-4.390e+00 5.654e-01
-4.380e+00 6.592e-01
-4.370e+00 4.343e-01
-4.360e+00 6.543e-01
-4.350e+00 7.061e-01
-4.340e+00 5.794e-01
-4.330e+00 6.699e-01
-4.320e+00 7.946e-01
-4.310e+00 6.492e-01
-4.300e+00 5.706e-01
-4.290e+00 5.717e-01
-4.280e+00 6.146e-01
-4.270e+00 5.610e-01
-4.260e+00 7.337e-01
-4.250e+00 6.787e-01
-4.240e+00 5.426e-01
-4.230e+00 6.978e-01
-4.220e+00 7.213e-01
-4.210e+00 4.858e-01
-4.200e+00 4.932e-01
-4.190e+00 7.078e-01
-4.180e+00 4.885e-01
-4.170e+00 5.059e-01
-4.160e+00 6.368e-01
-4.150e+00 5.149e-01
-4.140e+00 4.150e-01
-4.130e+00 6.240e-01
-4.120e+00 5.285e-01
-4.110e+00 4.958e-01
-4.100e+00 6.022e-01
-4.090e+00 5.181e-01
-4.080e+00 3.108e-01
-4.070e+00 5.914e-01
-4.060e+00 5.026e-01
-4.050e+00 4.566e-01
-4.040e+00 5.793e-01
-4.030e+00 6.310e-01
-4.020e+00 5.191e-01
-4.010e+00 5.570e-01
-4.000e+00 6.157e-01
-3.990e+00 6.491e-01
-3.980e+00 5.380e-01
-3.970e+00 6.036e-01
-3.960e+00 7.030e-01
-3.950e+00 6.825e-01
-3.940e+00 6.423e-01
-3.930e+00 6.902e-01
-3.920e+00 6.560e-01
-3.910e+00 6.913e-01
-3.900e+00 7.659e-01
-3.890e+00 7.147e-01
-3.880e+00 7.267e-01
-3.870e+00 7.283e-01
-3.860e+00 6.757e-01
-3.850e+00 7.097e-01
-3.840e+00 7.134e-01
-3.830e+00 6.483e-01
-3.820e+00 5.652e-01
-3.810e+00 6.102e-01
-3.800e+00 7.692e-01
-3.790e+00 6.694e-01
-3.780e+00 6.198e-01
-3.770e+00 6.626e-01
-3.760e+00 5.532e-01
-3.750e+00 4.033e-01
-3.740e+00 5.917e-01
-3.730e+00 5.633e-01
-3.720e+00 6.603e-01
-3.710e+00 6.826e-01
-3.700e+00 7.474e-01
-3.690e+00 6.152e-01
-3.680e+00 5.855e-01
-3.670e+00 6.436e-01
-3.660e+00 5.679e-01
-3.650e+00 4.855e-01
-3.640e+00 6.022e-01
-3.630e+00 5.240e-01
-3.620e+00 5.680e-01
-3.610e+00 6.131e-01
-3.600e+00 5.852e-01
-3.590e+00 4.982e-01
-3.580e+00 5.668e-01
-3.570e+00 5.280e-01
-3.560e+00 5.462e-01
-3.550e+00 5.372e-01
-3.540e+00 4.516e-01
-3.530e+00 4.773e-01
-3.520e+00 5.100e-01
-3.510e+00 4.989e-01
-3.500e+00 5.761e-01
-3.490e+00 3.742e-01
-3.480e+00 3.994e-01
-3.470e+00 3.656e-01
-3.460e+00 4.210e-01
-3.450e+00 4.414e-01
-3.440e+00 5.445e-01
-3.430e+00 4.804e-01
-3.420e+00 3.820e-01
-3.410e+00 4.149e-01
-3.400e+00 4.773e-01
-3.390e+00 4.874e-01
-3.380e+00 5.180e-01
-3.370e+00 6.656e-01
-3.360e+00 6.870e-01
-3.350e+00 7.573e-01
-3.340e+00 6.538e-01
-3.330e+00 7.416e-01
-3.320e+00 5.735e-01
-3.310e+00 5.747e-01
-3.300e+00 5.941e-01
-3.290e+00 4.453e-01
-3.280e+00 4.999e-01
-3.270e+00 7.212e-01
-3.260e+00 5.596e-01
-3.250e+00 6.888e-01
-3.240e+00 7.831e-01
-3.230e+00 6.890e-01
-3.220e+00 5.676e-01
-3.210e+00 7.265e-01
-3.200e+00 6.090e-01
-3.190e+00 5.056e-01
-3.180e+00 7.089e-01
-3.170e+00 6.765e-01
-3.160e+00 6.505e-01
-3.150e+00 7.007e-01
-3.140e+00 8.335e-01
-3.130e+00 5.805e-01
-3.120e+00 5.780e-01
-3.110e+00 6.169e-01
-3.100e+00 6.612e-01
-3.090e+00 7.262e-01
-3.080e+00 6.105e-01
-3.070e+00 5.983e-01
-3.060e+00 5.960e-01
-3.050e+00 5.842e-01
-3.040e+00 6.166e-01
-3.030e+00 5.610e-01
-3.020e+00 5.316e-01
-3.010e+00 5.284e-01
-3.000e+00 4.611e-01
-2.990e+00 4.763e-01
-2.980e+00 5.245e-01
-2.970e+00 5.659e-01
-2.960e+00 5.587e-01
-2.950e+00 6.564e-01
-2.940e+00 5.457e-01
-2.930e+00 5.464e-01
-2.920e+00 5.662e-01
-2.910e+00 5.367e-01
-2.900e+00 4.231e-01
-2.890e+00 5.615e-01
-2.880e+00 5.282e-01
-2.870e+00 4.868e-01
-2.860e+00 5.144e-01
-2.850e+00 6.265e-01
-2.840e+00 5.888e-01
-2.830e+00 5.948e-01
-2.820e+00 6.953e-01
-2.810e+00 6.478e-01
-2.800e+00 6.539e-01
-2.790e+00 6.609e-01
-2.780e+00 5.649e-01
-2.770e+00 4.878e-01
-2.760e+00 4.386e-01
-2.750e+00 4.255e-01
-2.740e+00 5.023e-01
-2.730e+00 5.352e-01
-2.720e+00 5.254e-01
-2.710e+00 6.071e-01
-2.700e+00 5.593e-01
-2.690e+00 4.976e-01
-2.680e+00 4.857e-01
-2.670e+00 5.144e-01
-2.660e+00 5.348e-01
-2.650e+00 5.753e-01
-2.640e+00 5.226e-01
-2.630e+00 6.769e-01
-2.620e+00 6.422e-01
-2.610e+00 7.055e-01
-2.600e+00 7.735e-01
-2.590e+00 6.404e-01
-2.580e+00 4.358e-01
-2.570e+00 4.683e-01
-2.560e+00 4.336e-01
-2.550e+00 4.294e-01
-2.540e+00 5.077e-01
-2.530e+00 6.142e-01
-2.520e+00 4.945e-01
-2.510e+00 4.983e-01
-2.500e+00 5.891e-01
-2.490e+00 5.418e-01
-2.480e+00 5.074e-01
-2.470e+00 6.279e-01
-2.460e+00 4.722e-01
-2.450e+00 5.916e-01
-2.440e+00 6.234e-01
-2.430e+00 7.143e-01
-2.420e+00 6.415e-01
-2.410e+00 7.923e-01
-2.400e+00 6.815e-01
-2.390e+00 6.810e-01
-2.380e+00 7.115e-01
-2.370e+00 6.343e-01
-2.360e+00 6.627e-01
-2.350e+00 6.860e-01
-2.340e+00 6.452e-01
-2.330e+00 7.022e-01
-2.320e+00 7.535e-01
-2.310e+00 7.559e-01
-2.300e+00 7.300e-01
-2.290e+00 9.807e-01
-2.280e+00 8.386e-01
-2.270e+00 7.114e-01
-2.260e+00 8.448e-01
-2.250e+00 8.019e-01
-2.240e+00 8.430e-01
-2.230e+00 9.134e-01
-2.220e+00 9.210e-01
-2.210e+00 7.806e-01
-2.200e+00 8.631e-01
-2.190e+00 8.690e-01
-2.180e+00 6.926e-01
-2.170e+00 8.176e-01
-2.160e+00 1.028e+00
-2.150e+00 6.909e-01
-2.140e+00 8.309e-01
-2.130e+00 7.864e-01
-2.120e+00 6.413e-01
-2.110e+00 6.474e-01
-2.100e+00 8.286e-01
-2.090e+00 8.835e-01
-2.080e+00 7.577e-01
-2.070e+00 7.483e-01
-2.060e+00 8.152e-01
-2.050e+00 6.719e-01
-2.040e+00 8.864e-01
-2.030e+00 7.398e-01
-2.020e+00 6.477e-01
-2.010e+00 5.891e-01
-2.000e+00 6.159e-01
-1.990e+00 5.946e-01
-1.980e+00 7.318e-01
-1.970e+00 9.048e-01
-1.960e+00 7.983e-01
-1.950e+00 7.312e-01
-1.940e+00 8.093e-01
-1.930e+00 7.541e-01
-1.920e+00 6.276e-01
-1.910e+00 7.474e-01
-1.900e+00 8.984e-01
-1.890e+00 8.472e-01
-1.880e+00 9.083e-01
-1.870e+00 1.038e+00
-1.860e+00 7.376e-01
-1.850e+00 8.574e-01
-1.840e+00 9.504e-01
-1.830e+00 8.274e-01
-1.820e+00 9.449e-01
-1.810e+00 9.755e-01
-1.800e+00 7.404e-01
-1.790e+00 8.817e-01
-1.780e+00 7.618e-01
-1.770e+00 8.719e-01
-1.760e+00 8.903e-01
-1.750e+00 9.947e-01
-1.740e+00 9.410e-01
-1.730e+00 9.786e-01
-1.720e+00 8.908e-01
-1.710e+00 8.578e-01
-1.700e+00 1.198e+00
-1.690e+00 9.097e-01
-1.680e+00 9.841e-01
-1.670e+00 9.888e-01
-1.660e+00 7.830e-01
-1.650e+00 9.371e-01
-1.640e+00 9.217e-01
-1.630e+00 8.783e-01
-1.620e+00 9.249e-01
-1.610e+00 9.379e-01
-1.600e+00 1.011e+00
-1.590e+00 9.897e-01
-1.580e+00 1.038e+00
-1.570e+00 7.419e-01
-1.560e+00 6.916e-01
-1.550e+00 6.778e-01
-1.540e+00 8.754e-01
-1.530e+00 6.458e-01
-1.520e+00 6.839e-01
-1.510e+00 7.296e-01
-1.500e+00 5.397e-01
-1.490e+00 5.968e-01
-1.480e+00 9.122e-01
-1.470e+00 6.581e-01
-1.460e+00 6.150e-01
-1.450e+00 7.145e-01
-1.440e+00 6.985e-01
-1.430e+00 4.308e-01
-1.420e+00 6.439e-01
-1.410e+00 7.095e-01
-1.400e+00 8.029e-01
-1.390e+00 7.953e-01
-1.380e+00 8.199e-01
-1.370e+00 7.340e-01
-1.360e+00 7.149e-01
-1.350e+00 9.457e-01
-1.340e+00 8.012e-01
-1.330e+00 9.666e-01
-1.320e+00 1.027e+00
-1.310e+00 9.163e-01
-1.300e+00 1.077e+00
-1.290e+00 8.183e-01
-1.280e+00 9.026e-01
-1.270e+00 7.972e-01
-1.260e+00 9.799e-01
-1.250e+00 1.058e+00
-1.240e+00 8.093e-01
-1.230e+00 9.234e-01
-1.220e+00 1.253e+00
-1.210e+00 1.065e+00
-1.200e+00 9.777e-01
-1.190e+00 1.040e+00
-1.180e+00 8.992e-01
-1.170e+00 8.448e-01
-1.160e+00 8.326e-01
-1.150e+00 1.040e+00
-1.140e+00 1.013e+00
-1.130e+00 1.119e+00
-1.120e+00 1.271e+00
-1.110e+00 1.013e+00
-1.100e+00 7.652e-01
-1.090e+00 1.116e+00
-1.080e+00 1.055e+00
-1.070e+00 1.197e+00
-1.060e+00 1.248e+00
-1.050e+00 1.102e+00
-1.040e+00 1.016e+00
-1.030e+00 1.045e+00
-1.020e+00 9.238e-01
-1.010e+00 9.972e-01
-1.000e+00 8.907e-01
-9.900e-01 7.902e-01
-9.800e-01 7.753e-01
-9.700e-01 1.053e+00
-9.600e-01 1.085e+00
-9.500e-01 1.019e+00
-9.400e-01 8.907e-01
-9.300e-01 8.892e-01
-9.200e-01 9.509e-01
-9.100e-01 1.003e+00
-9.000e-01 9.177e-01
-8.900e-01 9.000e-01
-8.800e-01 1.072e+00
-8.700e-01 9.026e-01
-8.600e-01 9.514e-01
-8.500e-01 8.577e-01
-8.400e-01 6.609e-01
-8.300e-01 6.908e-01
-8.200e-01 4.857e-01
-8.100e-01 1.211e+00
-8.000e-01 5.737e-01
-7.900e-01 8.390e-01
-7.800e-01 7.682e-01
-7.700e-01 8.730e-01
-7.600e-01 7.265e-01
-7.500e-01 8.233e-01
-7.400e-01 1.135e+00
-7.300e-01 9.369e-01
-7.200e-01 6.825e-01
-7.100e-01 9.302e-01
-7.000e-01 8.874e-01
-6.900e-01 9.654e-01
-6.800e-01 9.065e-01
-6.700e-01 9.047e-01
-6.600e-01 7.838e-01
-6.500e-01 5.206e-01
-6.400e-01 8.923e-01
-6.300e-01 7.601e-01
-6.200e-01 7.264e-01
-6.100e-01 9.905e-01
-6.000e-01 1.338e+00
-5.900e-01 1.268e+00
-5.800e-01 1.193e+00
-5.700e-01 1.148e+00
-5.600e-01 9.715e-01
-5.500e-01 1.135e+00
-5.400e-01 9.864e-01
-5.300e-01 9.190e-01
-5.200e-01 1.184e+00
-5.100e-01 1.244e+00
-5.000e-01 9.277e-01
-4.900e-01 1.004e+00
-4.800e-01 1.195e+00
-4.700e-01 1.159e+00
-4.600e-01 1.112e+00
-4.500e-01 1.100e+00
-4.400e-01 5.919e-01
-4.300e-01 5.773e-02
-4.200e-01 3.845e-01
-4.100e-01 7.932e-01
-4.000e-01 9.580e-01
-3.900e-01 1.451e+00
-3.800e-01 1.521e+00
-3.700e-01 1.433e+00
-3.600e-01 1.498e+00
-3.500e-01 1.027e+00
-3.400e-01 1.874e+00
-3.300e-01 1.797e+00
-3.200e-01 1.872e+00
-3.100e-01 1.852e+00
-3.000e-01 2.903e+00
-2.900e-01 2.830e+00
-2.800e-01 3.435e+00
-2.700e-01 3.978e+00
-2.600e-01 3.219e+00
-2.500e-01 3.289e+00
-2.400e-01 3.095e+00
-2.300e-01 2.941e+00
-2.200e-01 2.783e+00
-2.100e-01 2.736e+00
-2.000e-01 3.461e+00
-1.900e-01 2.594e+00
-1.800e-01 2.326e+00
-1.700e-01 2.804e+00
-1.600e-01 1.753e+00
-1.500e-01 2.448e+00
-1.400e-01 2.620e+00
-1.300e-01 3.192e+00
-1.200e-01 3.797e+00
-1.100e-01 4.401e+00
-1.000e-01 5.894e+00
-9.000e-02 5.927e+00
-8.000e-02 7.080e+00
-7.000e-02 7.257e+00
-6.000e-02 8.130e+00
-5.000e-02 1.098e+01
-4.000e-02 1.223e+01
-3.000e-02 1.172e+01
-2.000e-02 1.356e+01
-1.000e-02 1.478e+01
