# Frequency (1.0/ps)      real(fft(F_0))
0.000e+00 1.417e+01
1.000e-02 1.259e+01
2.000e-02 8.773e+00
3.000e-02 8.500e+00
4.000e-02 8.084e+00
5.000e-02 8.544e+00
6.000e-02 6.484e+00
7.000e-02 6.331e+00
8.000e-02 6.922e+00
9.000e-02 6.311e+00
1.000e-01 5.466e+00
1.100e-01 5.527e+00
1.200e-01 6.096e+00
1.300e-01 5.357e+00
1.400e-01 4.726e+00
1.500e-01 3.816e+00
1.600e-01 2.813e+00
1.700e-01 2.910e+00
1.800e-01 3.287e+00
1.900e-01 3.081e+00
2.000e-01 3.025e+00
2.100e-01 3.020e+00
2.200e-01 2.962e+00
2.300e-01 3.026e+00
2.400e-01 3.304e+00
2.500e-01 3.077e+00
2.600e-01 3.041e+00
2.700e-01 2.341e+00
2.800e-01 2.556e+00
2.900e-01 2.396e+00
3.000e-01 2.056e+00
3.100e-01 2.235e+00
3.200e-01 2.487e+00
3.300e-01 2.289e+00
3.400e-01 1.903e+00
3.500e-01 1.726e+00
3.600e-01 1.729e+00
3.700e-01 1.368e+00
3.800e-01 1.577e+00
3.900e-01 2.048e+00
4.000e-01 1.917e+00
4.100e-01 1.956e+00
4.200e-01 2.080e+00
4.300e-01 1.713e+00
4.400e-01 1.905e+00
4.500e-01 1.881e+00
4.600e-01 1.960e+00
4.700e-01 1.779e+00
4.800e-01 1.320e+00
4.900e-01 1.339e+00
5.000e-01 1.685e+00
5.100e-01 1.572e+00
5.200e-01 1.499e+00
5.300e-01 1.282e+00
5.400e-01 1.530e+00
5.500e-01 1.113e+00
5.600e-01 9.170e-01
5.700e-01 9.405e-01
5.800e-01 1.070e+00
5.900e-01 7.633e-01
6.000e-01 9.024e-01
6.100e-01 9.754e-01
6.200e-01 8.000e-01
6.300e-01 8.718e-01
6.400e-01 8.875e-01
6.500e-01 9.119e-01
6.600e-01 1.177e+00
6.700e-01 9.983e-01
6.800e-01 1.170e+00
6.900e-01 1.324e+00
7.000e-01 1.214e+00
7.100e-01 1.417e+00
7.200e-01 1.177e+00
7.300e-01 1.329e+00
7.400e-01 1.379e+00
7.500e-01 1.243e+00
7.600e-01 1.608e+00
7.700e-01 1.543e+00
7.800e-01 1.578e+00
7.900e-01 1.620e+00
8.000e-01 1.691e+00
8.100e-01 1.562e+00
8.200e-01 1.606e+00
8.300e-01 1.587e+00
8.400e-01 1.085e+00
8.500e-01 1.204e+00
8.600e-01 1.320e+00
8.700e-01 1.340e+00
8.800e-01 1.150e+00
8.900e-01 9.262e-01
9.000e-01 1.088e+00
9.100e-01 9.896e-01
9.200e-01 1.047e+00
9.300e-01 1.035e+00
9.400e-01 6.989e-01
9.500e-01 7.102e-01
9.600e-01 9.456e-01
9.700e-01 7.788e-01
9.800e-01 4.537e-01
9.900e-01 7.701e-01
1.000e+00 7.336e-01
1.010e+00 6.269e-01
1.020e+00 8.608e-01
1.030e+00 6.718e-01
1.040e+00 5.136e-01
1.050e+00 7.312e-01
1.060e+00 7.287e-01
1.070e+00 7.144e-01
1.080e+00 8.122e-01
1.090e+00 9.161e-01
1.100e+00 8.724e-01
1.110e+00 1.012e+00
1.120e+00 1.116e+00
1.130e+00 1.076e+00
1.140e+00 1.067e+00
1.150e+00 9.988e-01
1.160e+00 1.042e+00
1.170e+00 1.170e+00
1.180e+00 1.182e+00
1.190e+00 1.123e+00
1.200e+00 1.209e+00
1.210e+00 1.018e+00
1.220e+00 8.378e-01
1.230e+00 9.663e-01
1.240e+00 9.939e-01
1.250e+00 8.014e-01
1.260e+00 7.917e-01
1.270e+00 8.933e-01
1.280e+00 8.930e-01
1.290e+00 7.196e-01
1.300e+00 8.081e-01
1.310e+00 8.632e-01
1.320e+00 8.205e-01
1.330e+00 7.556e-01
1.340e+00 6.647e-01
1.350e+00 7.861e-01
1.360e+00 8.557e-01
1.370e+00 7.209e-01
1.380e+00 9.651e-01
1.390e+00 1.052e+00
1.400e+00 8.388e-01
1.410e+00 6.787e-01
1.420e+00 6.782e-01
1.430e+00 5.844e-01
1.440e+00 5.584e-01
1.450e+00 6.111e-01
1.460e+00 5.486e-01
1.470e+00 4.895e-01
1.480e+00 5.984e-01
1.490e+00 4.135e-01
1.500e+00 3.210e-01
1.510e+00 4.909e-01
1.520e+00 5.342e-01
1.530e+00 5.492e-01
1.540e+00 8.191e-01
1.550e+00 8.309e-01
1.560e+00 8.813e-01
1.570e+00 9.285e-01
1.580e+00 1.137e+00
1.590e+00 1.091e+00
1.600e+00 9.038e-01
1.610e+00 9.536e-01
1.620e+00 6.614e-01
1.630e+00 6.934e-01
1.640e+00 6.849e-01
1.650e+00 6.583e-01
1.660e+00 7.556e-01
1.670e+00 7.205e-01
1.680e+00 7.212e-01
1.690e+00 9.626e-01
1.700e+00 9.235e-01
1.710e+00 8.519e-01
1.720e+00 8.997e-01
1.730e+00 1.018e+00
1.740e+00 9.015e-01
1.750e+00 8.890e-01
1.760e+00 8.732e-01
1.770e+00 6.992e-01
1.780e+00 7.434e-01
1.790e+00 6.498e-01
1.800e+00 7.111e-01
1.810e+00 7.315e-01
1.820e+00 6.084e-01
1.830e+00 5.635e-01
1.840e+00 6.616e-01
1.850e+00 6.939e-01
1.860e+00 7.299e-01
1.870e+00 5.558e-01
1.880e+00 4.853e-01
1.890e+00 4.978e-01
1.900e+00 6.104e-01
1.910e+00 5.662e-01
1.920e+00 7.563e-01
1.930e+00 5.463e-01
1.940e+00 5.972e-01
1.950e+00 6.001e-01
1.960e+00 6.161e-01
1.970e+00 6.073e-01
1.980e+00 6.703e-01
1.990e+00 5.716e-01
2.000e+00 5.660e-01
2.010e+00 5.866e-01
2.020e+00 4.746e-01
2.030e+00 6.278e-01
2.040e+00 6.726e-01
2.050e+00 6.566e-01
2.060e+00 5.951e-01
2.070e+00 5.915e-01
2.080e+00 7.453e-01
2.090e+00 7.054e-01
2.100e+00 7.129e-01
2.110e+00 7.328e-01
2.120e+00 6.927e-01
2.130e+00 6.685e-01
2.140e+00 6.700e-01
2.150e+00 7.356e-01
2.160e+00 5.408e-01
2.170e+00 7.213e-01
2.180e+00 8.783e-01
2.190e+00 7.792e-01
2.200e+00 7.885e-01
2.210e+00 7.576e-01
2.220e+00 6.555e-01
2.230e+00 7.900e-01
2.240e+00 7.240e-01
2.250e+00 7.150e-01
2.260e+00 6.885e-01
2.270e+00 5.466e-01
2.280e+00 6.055e-01
2.290e+00 7.229e-01
2.300e+00 6.603e-01
2.310e+00 7.924e-01
2.320e+00 8.414e-01
2.330e+00 6.687e-01
2.340e+00 6.302e-01
2.350e+00 6.105e-01
2.360e+00 6.260e-01
2.370e+00 5.807e-01
2.380e+00 5.602e-01
2.390e+00 6.335e-01
2.400e+00 5.470e-01
2.410e+00 5.003e-01
2.420e+00 4.883e-01
2.430e+00 4.572e-01
2.440e+00 3.988e-01
2.450e+00 4.163e-01
2.460e+00 4.527e-01
2.470e+00 4.059e-01
2.480e+00 4.299e-01
2.490e+00 5.179e-01
2.500e+00 5.159e-01
2.510e+00 5.483e-01
2.520e+00 5.269e-01
2.530e+00 5.915e-01
2.540e+00 4.860e-01
2.550e+00 3.803e-01
2.560e+00 4.867e-01
2.570e+00 4.482e-01
2.580e+00 4.767e-01
2.590e+00 5.129e-01
2.600e+00 4.792e-01
2.610e+00 6.065e-01
2.620e+00 5.270e-01
2.630e+00 4.677e-01
2.640e+00 5.009e-01
2.650e+00 5.517e-01
2.660e+00 6.059e-01
2.670e+00 6.797e-01
2.680e+00 5.630e-01
2.690e+00 5.451e-01
2.700e+00 4.833e-01
2.710e+00 3.305e-01
2.720e+00 3.405e-01
2.730e+00 3.772e-01
2.740e+00 4.299e-01
2.750e+00 4.797e-01
2.760e+00 5.769e-01
2.770e+00 6.235e-01
2.780e+00 6.602e-01
2.790e+00 7.683e-01
2.800e+00 7.639e-01
2.810e+00 7.454e-01
2.820e+00 7.613e-01
2.830e+00 7.286e-01
2.840e+00 7.925e-01
2.850e+00 7.968e-01
2.860e+00 6.772e-01
2.870e+00 6.151e-01
2.880e+00 5.888e-01
2.890e+00 5.738e-01
2.900e+00 6.451e-01
2.910e+00 5.623e-01
2.920e+00 5.405e-01
2.930e+00 6.155e-01
2.940e+00 6.441e-01
2.950e+00 5.422e-01
2.960e+00 5.875e-01
2.970e+00 5.165e-01
2.980e+00 5.154e-01
2.990e+00 5.279e-01
3.000e+00 4.616e-01
3.010e+00 4.129e-01
3.020e+00 4.450e-01
3.030e+00 4.391e-01
3.040e+00 4.382e-01
3.050e+00 4.909e-01
3.060e+00 4.726e-01
3.070e+00 5.511e-01
3.080e+00 5.303e-01
3.090e+00 5.328e-01
3.100e+00 5.005e-01
3.110e+00 6.211e-01
3.120e+00 4.929e-01
3.130e+00 4.346e-01
3.140e+00 5.386e-01
3.150e+00 5.827e-01
3.160e+00 5.718e-01
3.170e+00 5.612e-01
3.180e+00 5.584e-01
3.190e+00 7.136e-01
3.200e+00 6.771e-01
3.210e+00 6.460e-01
3.220e+00 6.521e-01
3.230e+00 5.713e-01
3.240e+00 5.168e-01
3.250e+00 5.668e-01
3.260e+00 5.857e-01
3.270e+00 5.871e-01
3.280e+00 5.320e-01
3.290e+00 5.820e-01
3.300e+00 6.637e-01
3.310e+00 5.943e-01
3.320e+00 5.573e-01
3.330e+00 4.914e-01
3.340e+00 4.623e-01
3.350e+00 4.713e-01
3.360e+00 5.943e-01
3.370e+00 5.750e-01
3.380e+00 5.125e-01
3.390e+00 5.722e-01
3.400e+00 5.866e-01
3.410e+00 4.358e-01
3.420e+00 4.888e-01
3.430e+00 5.103e-01
3.440e+00 4.368e-01
3.450e+00 3.856e-01
3.460e+00 4.406e-01
3.470e+00 3.453e-01
3.480e+00 4.364e-01
3.490e+00 5.111e-01
3.500e+00 4.726e-01
3.510e+00 4.658e-01
3.520e+00 5.478e-01
3.530e+00 5.434e-01
3.540e+00 5.847e-01
3.550e+00 4.461e-01
3.560e+00 5.360e-01
3.570e+00 5.121e-01
3.580e+00 5.161e-01
3.590e+00 5.974e-01
3.600e+00 5.000e-01
3.610e+00 4.166e-01
3.620e+00 5.048e-01
3.630e+00 4.264e-01
3.640e+00 4.717e-01
3.650e+00 5.380e-01
3.660e+00 5.543e-01
3.670e+00 5.172e-01
3.680e+00 5.764e-01
3.690e+00 5.762e-01
3.700e+00 6.036e-01
3.710e+00 5.927e-01
3.720e+00 6.365e-01
3.730e+00 7.630e-01
3.740e+00 7.111e-01
3.750e+00 7.442e-01
3.760e+00 7.219e-01
3.770e+00 6.956e-01
3.780e+00 6.960e-01
3.790e+00 6.345e-01
3.800e+00 6.502e-01
3.810e+00 5.509e-01
3.820e+00 5.646e-01
3.830e+00 6.232e-01
3.840e+00 6.707e-01
3.850e+00 7.476e-01
3.860e+00 7.950e-01
3.870e+00 8.141e-01
3.880e+00 8.329e-01
3.890e+00 8.267e-01
3.900e+00 7.949e-01
3.910e+00 7.366e-01
3.920e+00 6.801e-01
3.930e+00 6.422e-01
3.940e+00 5.453e-01
3.950e+00 6.385e-01
3.960e+00 6.684e-01
3.970e+00 5.942e-01
3.980e+00 6.766e-01
3.990e+00 5.722e-01
4.000e+00 5.993e-01
4.010e+00 6.382e-01
4.020e+00 6.292e-01
4.030e+00 5.532e-01
4.040e+00 6.352e-01
4.050e+00 5.797e-01
4.060e+00 5.985e-01
4.070e+00 5.263e-01
4.080e+00 5.387e-01
4.090e+00 5.255e-01
4.100e+00 5.565e-01
4.110e+00 4.956e-01
4.120e+00 5.237e-01
4.130e+00 5.390e-01
4.140e+00 5.940e-01
4.150e+00 5.528e-01
4.160e+00 5.302e-01
4.170e+00 5.274e-01
4.180e+00 5.895e-01
4.190e+00 5.218e-01
4.200e+00 5.180e-01
4.210e+00 5.341e-01
4.220e+00 4.828e-01
4.230e+00 4.503e-01
4.240e+00 4.203e-01
4.250e+00 4.112e-01
4.260e+00 4.152e-01
4.270e+00 3.819e-01
4.280e+00 4.239e-01
4.290e+00 5.684e-01
4.300e+00 6.090e-01
4.310e+00 5.970e-01
4.320e+00 6.030e-01
4.330e+00 7.229e-01
4.340e+00 7.722e-01
4.350e+00 6.984e-01
4.360e+00 7.938e-01
4.370e+00 7.742e-01
4.380e+00 7.764e-01
4.390e+00 7.913e-01
4.400e+00 7.468e-01
4.410e+00 7.754e-01
4.420e+00 7.663e-01
4.430e+00 6.585e-01
4.440e+00 6.001e-01
4.450e+00 6.204e-01
4.460e+00 6.613e-01
4.470e+00 6.134e-01
4.480e+00 5.886e-01
4.490e+00 7.013e-01
4.500e+00 5.875e-01
4.510e+00 4.655e-01
4.520e+00 6.173e-01
4.530e+00 5.799e-01
4.540e+00 6.054e-01
4.550e+00 6.345e-01
4.560e+00 6.377e-01
4.570e+00 5.009e-01
4.580e+00 5.220e-01
4.590e+00 5.812e-01
4.600e+00 5.824e-01
4.610e+00 4.846e-01
4.620e+00 4.476e-01
4.630e+00 4.434e-01
4.640e+00 5.049e-01
4.650e+00 4.931e-01
4.660e+00 4.949e-01
4.670e+00 4.762e-01
4.680e+00 5.253e-01
4.690e+00 4.199e-01
4.700e+00 4.789e-01
4.710e+00 5.572e-01
4.720e+00 4.759e-01
4.730e+00 3.957e-01
4.740e+00 4.368e-01
4.750e+00 5.511e-01
4.760e+00 5.570e-01
4.770e+00 5.565e-01
4.780e+00 5.145e-01
4.790e+00 5.199e-01
4.800e+00 5.264e-01
4.810e+00 5.164e-01
4.820e+00 5.770e-01
4.830e+00 5.768e-01
4.840e+00 4.789e-01
4.850e+00 5.341e-01
4.860e+00 5.868e-01
4.870e+00 5.968e-01
4.880e+00 7.461e-01
4.890e+00 6.503e-01
4.900e+00 6.597e-01
4.910e+00 7.342e-01
4.920e+00 6.423e-01
4.930e+00 6.532e-01
4.940e+00 6.471e-01
4.950e+00 6.135e-01
4.960e+00 7.124e-01
4.970e+00 7.186e-01
4.980e+00 6.893e-01
4.990e+00 7.353e-01
-5.000e+00 7.351e-01
-4.990e+00 7.353e-01
-4.980e+00 6.893e-01
-4.970e+00 7.186e-01
-4.960e+00 7.124e-01
-4.950e+00 6.135e-01
-4.940e+00 6.471e-01
-4.930e+00 6.532e-01
-4.920e+00 6.423e-01
-4.910e+00 7.342e-01
-4.900e+00 6.597e-01
-4.890e+00 6.503e-01
-4.880e+00 7.461e-01
-4.870e+00 5.968e-01
-4.860e+00 5.868e-01
-4.850e+00 5.341e-01
-4.840e+00 4.789e-01
-4.830e+00 5.768e-01
-4.820e+00 5.770e-01
-4.810e+00 5.164e-01
-4.800e+00 5.264e-01
-4.790e+00 5.199e-01
-4.780e+00 5.145e-01
-4.770e+00 5.565e-01
-4.760e+00 5.570e-01
-4.750e+00 5.511e-01
-4.740e+00 4.368e-01
-4.730e+00 3.957e-01
-4.720e+00 4.759e-01
-4.710e+00 5.572e-01
-4.700e+00 4.789e-01
-4.690e+00 4.199e-01
-4.680e+00 5.253e-01
-4.670e+00 4.762e-01
-4.660e+00 4.949e-01
-4.650e+00 4.931e-01
-4.640e+00 5.049e-01
-4.630e+00 4.434e-01
-4.620e+00 4.476e-01
-4.610e+00 4.846e-01
-4.600e+00 5.824e-01
-4.590e+00 5.812e-01
-4.580e+00 5.220e-01
-4.570e+00 5.009e-01
-4.560e+00 6.377e-01
-4.550e+00 6.345e-01
-4.540e+00 6.054e-01
-4.530e+00 5.799e-01
-4.520e+00 6.173e-01
-4.510e+00 4.655e-01
-4.500e+00 5.875e-01
-4.490e+00 7.013e-01
-4.480e+00 5.886e-01
-4.470e+00 6.134e-01
-4.460e+00 6.613e-01
-4.450e+00 6.204e-01
-4.440e+00 6.001e-01
-4.430e+00 6.585e-01
-4.420e+00 7.663e-01
-4.410e+00 7.754e-01
-4.400e+00 7.468e-01
-4.390e+00 7.913e-01
-4.380e+00 7.764e-01
-4.370e+00 7.742e-01
-4.360e+00 7.938e-01
-4.350e+00 6.984e-01
-4.340e+00 7.722e-01
-4.330e+00 7.229e-01
-4.320e+00 6.030e-01
-4.310e+00 5.970e-01
-4.300e+00 6.090e-01
-4.290e+00 5.684e-01
-4.280e+00 4.239e-01
-4.270e+00 3.819e-01
-4.260e+00 4.152e-01
-4.250e+00 4.112e-01
-4.240e+00 4.203e-01
-4.230e+00 4.503e-01
-4.220e+00 4.828e-01
-4.210e+00 5.341e-01
-4.200e+00 5.180e-01
-4.190e+00 5.218e-01
-4.180e+00 5.895e-01
-4.170e+00 5.274e-01
-4.160e+00 5.302e-01
-4.150e+00 5.528e-01
-4.140e+00 5.940e-01
-4.130e+00 5.390e-01
-4.120e+00 5.237e-01
-4.110e+00 4.956e-01
-4.100e+00 5.565e-01
-4.090e+00 5.255e-01
-4.080e+00 5.387e-01
-4.070e+00 5.263e-01
-4.060e+00 5.985e-01
-4.050e+00 5.797e-01
-4.040e+00 6.352e-01
-4.030e+00 5.532e-01
-4.020e+00 6.292e-01
-4.010e+00 6.382e-01
-4.000e+00 5.993e-01
-3.990e+00 5.722e-01
-3.980e+00 6.766e-01
-3.970e+00 5.942e-01
-3.960e+00 6.684e-01
-3.950e+00 6.385e-01
-3.940e+00 5.453e-01
-3.930e+00 6.422e-01
-3.920e+00 6.801e-01
-3.910e+00 7.366e-01
-3.900e+00 7.949e-01
-3.890e+00 8.267e-01
-3.880e+00 8.329e-01
-3.870e+00 8.141e-01
-3.860e+00 7.950e-01
-3.850e+00 7.476e-01
-3.840e+00 6.707e-01
-3.830e+00 6.232e-01
-3.820e+00 5.646e-01
-3.810e+00 5.509e-01
-3.800e+00 6.502e-01
-3.790e+00 6.345e-01
-3.780e+00 6.960e-01
-3.770e+00 6.956e-01
-3.760e+00 7.219e-01
-3.750e+00 7.442e-01
-3.740e+00 7.111e-01
-3.730e+00 7.630e-01
-3.720e+00 6.365e-01
-3.710e+00 5.927e-01
-3.700e+00 6.036e-01
-3.690e+00 5.762e-01
-3.680e+00 5.764e-01
-3.670e+00 5.172e-01
-3.660e+00 5.543e-01
-3.650e+00 5.380e-01
-3.640e+00 4.717e-01
-3.630e+00 4.264e-01
-3.620e+00 5.048e-01
-3.610e+00 4.166e-01
-3.600e+00 5.000e-01
-3.590e+00 5.974e-01
-3.580e+00 5.161e-01
-3.570e+00 5.121e-01
-3.560e+00 5.360e-01
-3.550e+00 4.461e-01
-3.540e+00 5.847e-01
-3.530e+00 5.434e-01
-3.520e+00 5.478e-01
-3.510e+00 4.658e-01
-3.500e+00 4.726e-01
-3.490e+00 5.111e-01
-3.480e+00 4.364e-01
-3.470e+00 3.453e-01
-3.460e+00 4.406e-01
-3.450e+00 3.856e-01
-3.440e+00 4.368e-01
-3.430e+00 5.103e-01
-3.420e+00 4.888e-01
-3.410e+00 4.358e-01
-3.400e+00 5.866e-01
-3.390e+00 5.722e-01
-3.380e+00 5.125e-01
-3.370e+00 5.750e-01
-3.360e+00 5.943e-01
-3.350e+00 4.713e-01
-3.340e+00 4.623e-01
-3.330e+00 4.914e-01
-3.320e+00 5.573e-01
-3.310e+00 5.943e-01
-3.300e+00 6.637e-01
-3.290e+00 5.820e-01
-3.280e+00 5.320e-01
-3.270e+00 5.871e-01
-3.260e+00 5.857e-01
-3.250e+00 5.668e-01
-3.240e+00 5.168e-01
-3.230e+00 5.713e-01
-3.220e+00 6.521e-01
-3.210e+00 6.460e-01
-3.200e+00 6.771e-01
-3.190e+00 7.136e-01
-3.180e+00 5.584e-01
-3.170e+00 5.612e-01
-3.160e+00 5.718e-01
-3.150e+00 5.827e-01
-3.140e+00 5.386e-01
-3.130e+00 4.346e-01
-3.120e+00 4.929e-01
-3.110e+00 6.211e-01
-3.100e+00 5.005e-01
-3.090e+00 5.328e-01
-3.080e+00 5.303e-01
-3.070e+00 5.511e-01
-3.060e+00 4.726e-01
-3.050e+00 4.909e-01
-3.040e+00 4.382e-01
-3.030e+00 4.391e-01
-3.020e+00 4.450e-01
-3.010e+00 4.129e-01
-3.000e+00 4.616e-01
-2.990e+00 5.279e-01
-2.980e+00 5.154e-01
-2.970e+00 5.165e-01
-2.960e+00 5.875e-01
-2.950e+00 5.422e-01
-2.940e+00 6.441e-01
-2.930e+00 6.155e-01
-2.920e+00 5.405e-01
-2.910e+00 5.623e-01
-2.900e+00 6.451e-01
-2.890e+00 5.738e-01
-2.880e+00 5.888e-01
-2.870e+00 6.151e-01
-2.860e+00 6.772e-01
-2.850e+00 7.968e-01
-2.840e+00 7.925e-01
-2.830e+00 7.286e-01
-2.820e+00 7.613e-01
-2.810e+00 7.454e-01
-2.800e+00 7.639e-01
-2.790e+00 7.683e-01
-2.780e+00 6.602e-01
-2.770e+00 6.235e-01
-2.760e+00 5.769e-01
-2.750e+00 4.797e-01
-2.740e+00 4.299e-01
-2.730e+00 3.772e-01
-2.720e+00 3.405e-01
-2.710e+00 3.305e-01
-2.700e+00 4.833e-01
-2.690e+00 5.451e-01
-2.680e+00 5.630e-01
-2.670e+00 6.797e-01
-2.660e+00 6.059e-01
-2.650e+00 5.517e-01
-2.640e+00 5.009e-01
-2.630e+00 4.677e-01
-2.620e+00 5.270e-01
-2.610e+00 6.065e-01
-2.600e+00 4.792e-01
-2.590e+00 5.129e-01
-2.580e+00 4.767e-01
-2.570e+00 4.482e-01
-2.560e+00 4.867e-01
-2.550e+00 3.803e-01
-2.540e+00 4.860e-01
-2.530e+00 5.915e-01
-2.520e+00 5.269e-01
-2.510e+00 5.483e-01
-2.500e+00 5.159e-01
-2.490e+00 5.179e-01
-2.480e+00 4.299e-01
-2.470e+00 4.059e-01
-2.460e+00 4.527e-01
-2.450e+00 4.163e-01
-2.440e+00 3.988e-01
-2.430e+00 4.572e-01
-2.420e+00 4.883e-01
-2.410e+00 5.003e-01
-2.400e+00 5.470e-01
-2.390e+00 6.335e-01
-2.380e+00 5.602e-01
-2.370e+00 5.807e-01
-2.360e+00 6.260e-01
-2.350e+00 6.105e-01
-2.340e+00 6.302e-01
-2.330e+00 6.687e-01
-2.320e+00 8.414e-01
-2.310e+00 7.924e-01
-2.300e+00 6.603e-01
-2.290e+00 7.229e-01
-2.280e+00 6.055e-01
-2.270e+00 5.466e-01
-2.260e+00 6.885e-01
-2.250e+00 7.150e-01
-2.240e+00 7.240e-01
-2.230e+00 7.900e-01
-2.220e+00 6.555e-01
-2.210e+00 7.576e-01
-2.200e+00 7.885e-01
-2.190e+00 7.792e-01
-2.180e+00 8.783e-01
-2.170e+00 7.213e-01
-2.160e+00 5.408e-01
-2.150e+00 7.356e-01
-2.140e+00 6.700e-01
-2.130e+00 6.685e-01
-2.120e+00 6.927e-01
-2.110e+00 7.328e-01
-2.100e+00 7.129e-01
-2.090e+00 7.054e-01
-2.080e+00 7.453e-01
-2.070e+00 5.915e-01
-2.060e+00 5.951e-01
-2.050e+00 6.566e-01
-2.040e+00 6.726e-01
-2.030e+00 6.278e-01
-2.020e+00 4.746e-01
-2.010e+00 5.866e-01
-2.000e+00 5.660e-01
-1.990e+00 5.716e-01
-1.980e+00 6.703e-01
-1.970e+00 6.073e-01
-1.960e+00 6.161e-01
-1.950e+00 6.001e-01
-1.940e+00 5.972e-01
-1.930e+00 5.463e-01
-1.920e+00 7.563e-01
-1.910e+00 5.662e-01
-1.900e+00 6.104e-01
-1.890e+00 4.978e-01
-1.880e+00 4.853e-01
-1.870e+00 5.558e-01
-1.860e+00 7.299e-01
-1.850e+00 6.939e-01
-1.840e+00 6.616e-01
-1.830e+00 5.635e-01
-1.820e+00 6.084e-01
-1.810e+00 7.315e-01
-1.800e+00 7.111e-01
-1.790e+00 6.498e-01
-1.780e+00 7.434e-01
-1.770e+00 6.992e-01
-1.760e+00 8.732e-01
-1.750e+00 8.890e-01
-1.740e+00 9.015e-01
-1.730e+00 1.018e+00
-1.720e+00 8.997e-01
-1.710e+00 8.519e-01
-1.700e+00 9.235e-01
-1.690e+00 9.626e-01
-1.680e+00 7.212e-01
-1.670e+00 7.205e-01
-1.660e+00 7.556e-01
-1.650e+00 6.583e-01
-1.640e+00 6.849e-01
-1.630e+00 6.934e-01
-1.620e+00 6.614e-01
-1.610e+00 9.536e-01
-1.600e+00 9.038e-01
-1.590e+00 1.091e+00
-1.580e+00 1.137e+00
-1.570e+00 9.285e-01
-1.560e+00 8.813e-01
-1.550e+00 8.309e-01
-1.540e+00 8.191e-01
-1.530e+00 5.492e-01
-1.520e+00 5.342e-01
-1.510e+00 4.909e-01
-1.500e+00 3.210e-01
-1.490e+00 4.135e-01
-1.480e+00 5.984e-01
-1.470e+00 4.895e-01
-1.460e+00 5.486e-01
-1.450e+00 6.111e-01
-1.440e+00 5.584e-01
-1.430e+00 5.844e-01
-1.420e+00 6.782e-01
-1.410e+00 6.787e-01
-1.400e+00 8.388e-01
-1.390e+00 1.052e+00
-1.380e+00 9.651e-01
-1.370e+00 7.209e-01
-1.360e+00 8.557e-01
-1.350e+00 7.861e-01
-1.340e+00 6.647e-01
-1.330e+00 7.556e-01
-1.320e+00 8.205e-01
-1.310e+00 8.632e-01
-1.300e+00 8.081e-01
-1.290e+00 7.196e-01
-1.280e+00 8.930e-01
-1.270e+00 8.933e-01
-1.260e+00 7.917e-01
-1.250e+00 8.014e-01
-1.240e+00 9.939e-01
-1.230e+00 9.663e-01
-1.220e+00 8.378e-01
-1.210e+00 1.018e+00
-1.200e+00 1.209e+00
-1.190e+00 1.123e+00
-1.180e+00 1.182e+00
-1.170e+00 1.170e+00
-1.160e+00 1.042e+00
-1.150e+00 9.988e-01
-1.140e+00 1.067e+00
-1.130e+00 1.076e+00
-1.120e+00 1.116e+00
-1.110e+00 1.012e+00
-1.100e+00 8.724e-01
-1.090e+00 9.161e-01
-1.080e+00 8.122e-01
-1.070e+00 7.144e-01
-1.060e+00 7.287e-01
-1.050e+00 7.312e-01
-1.040e+00 5.136e-01
-1.030e+00 6.718e-01
-1.020e+00 8.608e-01
-1.010e+00 6.269e-01
-1.000e+00 7.336e-01
-9.900e-01 7.701e-01
-9.800e-01 4.537e-01
-9.700e-01 7.788e-01
-9.600e-01 9.456e-01
-9.500e-01 7.102e-01
-9.400e-01 6.989e-01
-9.300e-01 1.035e+00
-9.200e-01 1.047e+00
-9.100e-01 9.896e-01
-9.000e-01 1.088e+00
-8.900e-01 9.262e-01
-8.800e-01 1.150e+00
-8.700e-01 1.340e+00
-8.600e-01 1.320e+00
-8.500e-01 1.204e+00
-8.400e-01 1.085e+00
-8.300e-01 1.587e+00
-8.200e-01 1.606e+00
-8.100e-01 1.562e+00
-8.000e-01 1.691e+00
-7.900e-01 1.620e+00
-7.800e-01 1.578e+00
-7.700e-01 1.543e+00
-7.600e-01 1.608e+00
-7.500e-01 1.243e+00
-7.400e-01 1.379e+00
-7.300e-01 1.329e+00
-7.200e-01 1.177e+00
-7.100e-01 1.417e+00
-7.000e-01 1.214e+00
-6.900e-01 1.324e+00
-6.800e-01 1.170e+00
-6.700e-01 9.983e-01
-6.600e-01 1.177e+00
-6.500e-01 9.119e-01
-6.400e-01 8.875e-01
-6.300e-01 8.718e-01
-6.200e-01 8.000e-01
-6.100e-01 9.754e-01
-6.000e-01 9.024e-01
-5.900e-01 7.633e-01
-5.800e-01 1.070e+00
-5.700e-01 9.405e-01
-5.600e-01 9.170e-01
-5.500e-01 1.113e+00
-5.400e-01 1.530e+00
-5.300e-01 1.282e+00
-5.200e-01 1.499e+00
-5.100e-01 1.572e+00
-5.000e-01 1.685e+00
-4.900e-01 1.339e+00
-4.800e-01 1.320e+00
-4.700e-01 1.779e+00
-4.600e-01 1.960e+00
-4.500e-01 1.881e+00
-4.400e-01 1.905e+00
-4.300e-01 1.713e+00
-4.200e-01 2.080e+00
-4.100e-01 1.956e+00
-4.000e-01 1.917e+00
-3.900e-01 2.048e+00
-3.800e-01 1.577e+00
-3.700e-01 1.368e+00
-3.600e-01 1.729e+00
-3.500e-01 1.726e+00
-3.400e-01 1.903e+00
-3.300e-01 2.289e+00
-3.200e-01 2.487e+00
-3.100e-01 2.235e+00
-3.000e-01 2.056e+00
-2.900e-01 2.396e+00
-2.800e-01 2.556e+00
-2.700e-01 2.341e+00
-2.600e-01 3.041e+00
-2.500e-01 3.077e+00
-2.400e-01 3.304e+00
-2.300e-01 3.026e+00
-2.200e-01 2.962e+00
-2.100e-01 3.020e+00
-2.000e-01 3.025e+00
-1.900e-01 3.081e+00
-1.800e-01 3.287e+00
-1.700e-01 2.910e+00
-1.600e-01 2.813e+00
-1.500e-01 3.816e+00
-1.400e-01 4.726e+00
-1.300e-01 5.357e+00
-1.200e-01 6.096e+00
-1.100e-01 5.527e+00
-1.000e-01 5.466e+00
-9.000e-02 6.311e+00
-8.000e-02 6.922e+00
-7.000e-02 6.331e+00
-6.000e-02 6.484e+00
-5.000e-02 8.544e+00
-4.000e-02 8.084e+00
-3.000e-02 8.500e+00
-2.000e-02 8.773e+00
-1.000e-02 1.259e+01
