# Time (ps)      real(F_1)      im(F_1)
0.000e+00 1.000e+00 0.000e+00
1.000e-01 9.884e-01 4.305e-02
2.000e-01 8.639e-01 5.033e-02
3.000e-01 8.201e-01 5.893e-03
4.000e-01 7.806e-01 3.693e-02
5.000e-01 7.931e-01 5.304e-02
6.000e-01 7.595e-01 5.422e-02
7.000e-01 7.525e-01 9.031e-03
8.000e-01 6.791e-01 -2.813e-02
9.000e-01 7.112e-01 2.258e-02
1.000e+00 6.502e-01 9.290e-05
1.100e+00 6.513e-01 -2.954e-03
1.200e+00 6.532e-01 2.627e-02
1.300e+00 6.502e-01 5.087e-02
1.400e+00 6.083e-01 2.631e-02
1.500e+00 6.665e-01 -1.136e-02
1.600e+00 6.917e-01 -1.313e-02
1.700e+00 7.184e-01 1.644e-02
1.800e+00 6.564e-01 -2.625e-03
1.900e+00 6.840e-01 -1.527e-02
2.000e+00 6.559e-01 4.036e-03
2.100e+00 6.542e-01 4.324e-02
2.200e+00 6.797e-01 6.912e-03
2.300e+00 6.743e-01 -8.726e-03
2.400e+00 6.482e-01 -6.663e-05
2.500e+00 5.824e-01 2.115e-02
2.600e+00 5.782e-01 4.808e-02
2.700e+00 5.872e-01 3.487e-02
2.800e+00 6.441e-01 4.027e-02
2.900e+00 6.257e-01 1.526e-02
3.000e+00 6.104e-01 2.129e-02
3.100e+00 5.937e-01 2.896e-02
3.200e+00 6.248e-01 2.996e-02
3.300e+00 5.735e-01 1.117e-02
3.400e+00 5.832e-01 1.922e-02
3.500e+00 5.809e-01 -1.049e-02
3.600e+00 6.067e-01 3.643e-03
3.700e+00 5.835e-01 3.651e-02
3.800e+00 5.958e-01 7.619e-02
3.900e+00 5.807e-01 6.410e-02
4.000e+00 5.954e-01 6.641e-02
4.100e+00 5.782e-01 2.041e-02
4.200e+00 5.633e-01 5.013e-02
4.300e+00 5.798e-01 3.280e-02
4.400e+00 5.695e-01 2.442e-02
4.500e+00 5.929e-01 3.422e-02
4.600e+00 5.960e-01 2.522e-02
4.700e+00 5.566e-01 2.018e-02
4.800e+00 6.057e-01 1.765e-02
4.900e+00 5.599e-01 9.521e-03
5.000e+00 5.558e-01 2.221e-02
5.100e+00 5.533e-01 -1.296e-03
5.200e+00 5.466e-01 1.209e-02
5.300e+00 5.533e-01 3.311e-02
5.400e+00 5.326e-01 7.087e-03
5.500e+00 5.246e-01 3.600e-02
5.600e+00 5.258e-01 1.481e-03
5.700e+00 5.083e-01 1.701e-02
5.800e+00 5.228e-01 -1.021e-02
5.900e+00 4.902e-01 -1.042e-02
6.000e+00 5.274e-01 2.227e-02
6.100e+00 4.921e-01 2.754e-02
6.200e+00 4.771e-01 9.553e-03
6.300e+00 4.880e-01 1.113e-02
6.400e+00 4.616e-01 1.327e-02
6.500e+00 5.190e-01 1.465e-02
6.600e+00 4.824e-01 6.586e-03
6.700e+00 4.886e-01 2.133e-03
6.800e+00 4.841e-01 9.927e-03
6.900e+00 4.591e-01 -5.594e-03
7.000e+00 4.861e-01 -2.136e-02
7.100e+00 4.755e-01 -3.383e-03
7.200e+00 4.840e-01 -1.231e-03
7.300e+00 4.912e-01 7.867e-03
7.400e+00 4.596e-01 2.169e-03
7.500e+00 4.542e-01 -2.653e-03
7.600e+00 4.548e-01 -6.592e-03
7.700e+00 4.522e-01 -2.747e-02
7.800e+00 4.594e-01 -3.472e-02
7.900e+00 4.084e-01 -1.414e-02
8.000e+00 4.380e-01 -1.720e-02
8.100e+00 4.411e-01 8.360e-03
8.200e+00 4.413e-01 1.335e-02
8.300e+00 4.440e-01 -8.884e-03
8.400e+00 4.224e-01 -1.737e-02
8.500e+00 4.350e-01 -5.061e-02
8.600e+00 4.432e-01 -4.771e-02
8.700e+00 4.334e-01 -5.273e-02
8.800e+00 4.296e-01 -2.878e-02
8.900e+00 4.316e-01 -4.348e-05
9.000e+00 4.437e-01 -3.454e-02
9.100e+00 4.320e-01 -2.690e-02
9.200e+00 4.274e-01 -4.233e-02
9.300e+00 4.562e-01 -3.319e-02
9.400e+00 4.502e-01 -3.388e-02
9.500e+00 4.754e-01 -1.955e-02
9.600e+00 4.572e-01 -7.844e-03
9.700e+00 4.620e-01 -2.646e-02
9.800e+00 4.570e-01 -4.844e-02
9.900e+00 4.458e-01 -2.438e-02
1.000e+01 4.348e-01 -3.150e-02
1.010e+01 4.201e-01 -5.189e-02
1.020e+01 4.442e-01 -3.205e-02
1.030e+01 4.062e-01 -3.754e-02
1.040e+01 4.735e-01 -1.169e-02
1.050e+01 4.310e-01 -2.782e-03
1.060e+01 4.378e-01 -2.616e-02
1.070e+01 4.037e-01 -1.996e-02
1.080e+01 4.276e-01 -3.048e-04
1.090e+01 4.416e-01 -1.764e-02
1.100e+01 4.283e-01 -1.431e-02
1.110e+01 4.438e-01 -3.750e-02
1.120e+01 3.781e-01 -2.029e-02
1.130e+01 3.847e-01 -1.365e-02
1.140e+01 4.015e-01 -2.005e-02
1.150e+01 4.099e-01 -3.748e-03
1.160e+01 4.125e-01 7.510e-03
1.170e+01 4.252e-01 8.506e-03
1.180e+01 4.219e-01 -3.118e-03
1.190e+01 4.243e-01 -6.279e-03
1.200e+01 4.324e-01 -2.197e-02
1.210e+01 4.063e-01 -1.905e-02
1.220e+01 4.070e-01 -1.886e-02
1.230e+01 3.867e-01 -2.867e-02
1.240e+01 4.167e-01 -3.952e-03
1.250e+01 4.308e-01 -6.045e-03
1.260e+01 4.474e-01 -2.399e-03
1.270e+01 4.068e-01 -1.005e-03
1.280e+01 3.812e-01 7.625e-03
1.290e+01 4.024e-01 -7.446e-03
1.300e+01 4.016e-01 1.818e-02
1.310e+01 4.202e-01 1.909e-03
1.320e+01 4.036e-01 1.855e-02
1.330e+01 4.142e-01 2.221e-02
1.340e+01 4.426e-01 -1.440e-02
1.350e+01 3.973e-01 4.636e-03
1.360e+01 4.172e-01 -2.710e-03
1.370e+01 3.819e-01 1.660e-02
1.380e+01 3.944e-01 9.401e-04
1.390e+01 3.621e-01 1.891e-02
1.400e+01 3.954e-01 -1.444e-02
1.410e+01 3.990e-01 9.191e-03
1.420e+01 4.186e-01 1.198e-02
1.430e+01 3.895e-01 -3.062e-03
1.440e+01 3.902e-01 7.968e-03
1.450e+01 3.662e-01 5.006e-02
1.460e+01 3.576e-01 4.266e-02
1.470e+01 3.735e-01 1.743e-03
1.480e+01 3.670e-01 -1.551e-02
1.490e+01 3.421e-01 -1.216e-03
1.500e+01 3.605e-01 -2.975e-03
1.510e+01 4.025e-01 2.240e-02
1.520e+01 3.779e-01 2.152e-02
1.530e+01 3.750e-01 -1.199e-02
1.540e+01 3.680e-01 1.914e-03
1.550e+01 3.879e-01 1.093e-02
1.560e+01 3.843e-01 1.249e-02
1.570e+01 3.834e-01 6.668e-03
1.580e+01 3.890e-01 2.665e-02
1.590e+01 3.746e-01 2.033e-03
1.600e+01 3.802e-01 7.765e-03
1.610e+01 3.851e-01 3.939e-03
1.620e+01 3.340e-01 -1.219e-02
1.630e+01 3.541e-01 -3.405e-02
1.640e+01 3.492e-01 -2.720e-02
1.650e+01 3.430e-01 -4.223e-03
1.660e+01 3.514e-01 -3.775e-03
1.670e+01 3.659e-01 1.158e-02
1.680e+01 3.843e-01 2.515e-03
1.690e+01 3.572e-01 7.531e-03
1.700e+01 3.489e-01 2.754e-03
1.710e+01 3.496e-01 -1.109e-02
1.720e+01 3.374e-01 2.320e-03
1.730e+01 3.257e-01 -2.822e-03
1.740e+01 3.391e-01 -1.169e-03
1.750e+01 3.671e-01 6.174e-03
1.760e+01 3.476e-01 -1.826e-02
1.770e+01 3.327e-01 2.042e-02
1.780e+01 3.309e-01 -1.764e-03
1.790e+01 3.245e-01 6.615e-03
1.800e+01 3.499e-01 -4.925e-03
1.810e+01 3.442e-01 -6.789e-03
1.820e+01 3.648e-01 -1.457e-02
1.830e+01 3.282e-01 -2.680e-02
1.840e+01 3.302e-01 -4.020e-02
1.850e+01 3.186e-01 -1.475e-02
1.860e+01 3.287e-01 -1.515e-02
1.870e+01 3.323e-01 -2.222e-03
1.880e+01 3.434e-01 -1.925e-02
1.890e+01 3.279e-01 -4.928e-03
1.900e+01 3.358e-01 -1.042e-02
1.910e+01 3.261e-01 -8.015e-03
1.920e+01 3.378e-01 -3.098e-02
1.930e+01 3.301e-01 -2.468e-02
1.940e+01 3.166e-01 1.945e-03
1.950e+01 3.534e-01 5.541e-03
1.960e+01 3.113e-01 -1.431e-02
1.970e+01 3.176e-01 -3.062e-03
1.980e+01 3.076e-01 -2.338e-02
1.990e+01 3.168e-01 -1.856e-02
2.000e+01 3.247e-01 -2.275e-02
2.010e+01 3.269e-01 -1.887e-02
2.020e+01 3.291e-01 -2.136e-02
2.030e+01 3.136e-01 -1.294e-02
2.040e+01 3.307e-01 -3.553e-02
2.050e+01 3.186e-01 -2.049e-02
2.060e+01 3.350e-01 -1.561e-02
2.070e+01 3.322e-01 -1.062e-02
2.080e+01 3.649e-01 9.532e-03
2.090e+01 3.635e-01 -2.852e-04
2.100e+01 3.002e-01 -9.043e-03
2.110e+01 3.080e-01 -2.613e-02
2.120e+01 3.220e-01 -4.308e-02
2.130e+01 3.177e-01 -3.636e-02
2.140e+01 2.962e-01 -2.650e-02
2.150e+01 3.206e-01 -1.142e-02
2.160e+01 3.044e-01 -3.606e-02
2.170e+01 2.771e-01 -1.926e-02
2.180e+01 2.611e-01 -1.571e-02
2.190e+01 2.912e-01 -2.851e-02
2.200e+01 2.731e-01 -3.873e-03
2.210e+01 2.870e-01 -9.218e-03
2.220e+01 2.947e-01 -1.316e-02
2.230e+01 2.615e-01 4.997e-03
2.240e+01 2.832e-01 -1.222e-02
2.250e+01 3.014e-01 -2.211e-02
2.260e+01 2.762e-01 -2.912e-03
2.270e+01 2.701e-01 2.820e-03
2.280e+01 2.795e-01 1.012e-02
2.290e+01 2.916e-01 1.167e-02
2.300e+01 2.972e-01 -7.850e-03
2.310e+01 2.656e-01 -2.120e-02
2.320e+01 2.656e-01 -3.060e-02
2.330e+01 2.771e-01 -7.429e-03
2.340e+01 3.140e-01 -3.636e-03
2.350e+01 2.736e-01 -2.193e-02
2.360e+01 2.746e-01 -1.916e-04
2.370e+01 2.693e-01 -3.870e-03
2.380e+01 2.928e-01 -9.571e-03
2.390e+01 2.463e-01 5.602e-03
2.400e+01 2.489e-01 -1.214e-02
2.410e+01 2.103e-01 -1.300e-02
2.420e+01 2.404e-01 -2.379e-02
2.430e+01 2.575e-01 -8.654e-03
2.440e+01 2.523e-01 -4.365e-03
2.450e+01 2.345e-01 9.411e-04
2.460e+01 2.446e-01 -3.523e-03
2.470e+01 2.266e-01 4.638e-03
2.480e+01 2.230e-01 -8.827e-03
2.490e+01 2.403e-01 -5.385e-04
2.500e+01 2.516e-01 1.779e-02
2.510e+01 2.773e-01 7.384e-03
2.520e+01 2.768e-01 1.005e-03
2.530e+01 2.726e-01 9.423e-03
2.540e+01 2.362e-01 7.853e-03
2.550e+01 2.384e-01 1.124e-02
2.560e+01 2.528e-01 3.157e-03
2.570e+01 2.509e-01 4.001e-03
2.580e+01 2.548e-01 9.567e-03
2.590e+01 2.465e-01 -6.699e-03
2.600e+01 2.503e-01 -1.550e-02
2.610e+01 2.511e-01 -2.062e-02
2.620e+01 2.304e-01 -2.680e-02
2.630e+01 2.118e-01 2.276e-03
2.640e+01 2.259e-01 5.595e-03
2.650e+01 2.393e-01 1.384e-02
2.660e+01 2.431e-01 1.968e-02
2.670e+01 2.431e-01 8.792e-03
2.680e+01 2.535e-01 -2.557e-02
2.690e+01 2.375e-01 -1.362e-02
2.700e+01 2.453e-01 -2.092e-02
2.710e+01 2.451e-01 -1.373e-02
2.720e+01 2.470e-01 -9.476e-04
2.730e+01 2.316e-01 -3.189e-04
2.740e+01 2.502e-01 4.284e-03
2.750e+01 2.590e-01 -1.568e-03
2.760e+01 2.359e-01 -2.476e-02
2.770e+01 2.492e-01 -1.649e-02
2.780e+01 2.523e-01 -2.412e-02
2.790e+01 2.156e-01 -1.132e-02
2.800e+01 2.256e-01 -2.685e-02
2.810e+01 2.203e-01 -2.403e-02
2.820e+01 2.309e-01 -3.703e-02
2.830e+01 2.218e-01 -3.379e-02
2.840e+01 2.321e-01 -3.338e-02
2.850e+01 2.553e-01 -4.189e-02
2.860e+01 2.472e-01 -3.823e-02
2.870e+01 2.245e-01 -2.117e-02
2.880e+01 2.390e-01 5.099e-03
2.890e+01 2.334e-01 -2.238e-02
2.900e+01 2.328e-01 -3.292e-02
2.910e+01 2.180e-01 -1.181e-02
2.920e+01 2.316e-01 -1.063e-02
2.930e+01 2.222e-01 3.891e-03
2.940e+01 2.299e-01 4.713e-03
2.950e+01 2.458e-01 -8.775e-03
2.960e+01 2.318e-01 -1.006e-02
2.970e+01 2.319e-01 -1.711e-02
2.980e+01 2.030e-01 -1.856e-02
2.990e+01 2.452e-01 -1.441e-02
3.000e+01 2.243e-01 -1.220e-02
3.010e+01 2.256e-01 4.265e-03
3.020e+01 2.573e-01 -5.558e-03
3.030e+01 2.391e-01 -1.356e-02
3.040e+01 2.371e-01 -7.046e-03
3.050e+01 2.125e-01 8.123e-03
3.060e+01 2.186e-01 -1.987e-02
3.070e+01 2.026e-01 -1.531e-02
3.080e+01 2.007e-01 -1.601e-02
3.090e+01 2.230e-01 -1.420e-02
3.100e+01 2.348e-01 -7.636e-03
3.110e+01 2.196e-01 -8.029e-03
3.120e+01 2.181e-01 6.769e-03
3.130e+01 2.074e-01 -2.299e-03
3.140e+01 2.141e-01 -4.038e-03
3.150e+01 2.156e-01 -8.461e-03
3.160e+01 2.164e-01 -2.264e-03
3.170e+01 2.139e-01 1.139e-02
3.180e+01 2.079e-01 -7.794e-03
3.190e+01 1.978e-01 -1.266e-02
3.200e+01 1.997e-01 8.061e-03
3.210e+01 2.090e-01 1.562e-02
3.220e+01 2.053e-01 1.525e-02
3.230e+01 1.989e-01 -1.253e-02
3.240e+01 1.803e-01 -7.973e-03
3.250e+01 1.622e-01 -1.723e-02
3.260e+01 1.823e-01 -7.158e-03
3.270e+01 1.789e-01 -1.023e-02
3.280e+01 1.759e-01 -1.889e-02
3.290e+01 1.800e-01 -9.006e-03
3.300e+01 1.899e-01 -1.572e-02
3.310e+01 1.764e-01 6.933e-03
3.320e+01 1.651e-01 -1.208e-02
3.330e+01 1.895e-01 -3.191e-04
3.340e+01 2.054e-01 -8.331e-05
3.350e+01 1.990e-01 -6.308e-03
3.360e+01 2.064e-01 1.818e-02
3.370e+01 2.058e-01 1.244e-02
3.380e+01 1.811e-01 1.996e-02
3.390e+01 1.857e-01 4.423e-02
3.400e+01 1.857e-01 3.526e-02
3.410e+01 1.872e-01 2.453e-02
3.420e+01 1.815e-01 4.621e-03
3.430e+01 1.962e-01 5.905e-03
3.440e+01 1.798e-01 -4.969e-03
3.450e+01 1.883e-01 -1.878e-02
3.460e+01 1.835e-01 -1.559e-02
3.470e+01 1.610e-01 -9.840e-03
3.480e+01 1.585e-01 -7.222e-03
3.490e+01 1.733e-01 -1.864e-02
3.500e+01 1.651e-01 -2.277e-03
3.510e+01 1.743e-01 -2.890e-03
3.520e+01 1.560e-01 1.215e-02
3.530e+01 1.567e-01 1.650e-02
3.540e+01 1.505e-01 2.040e-02
3.550e+01 1.635e-01 1.990e-02
3.560e+01 1.672e-01 1.881e-03
3.570e+01 1.610e-01 4.336e-03
3.580e+01 1.713e-01 -6.690e-04
3.590e+01 1.669e-01 1.296e-02
3.600e+01 1.670e-01 2.935e-02
3.610e+01 1.664e-01 3.038e-02
3.620e+01 1.694e-01 2.383e-02
3.630e+01 1.870e-01 7.805e-03
3.640e+01 1.691e-01 -1.104e-03
3.650e+01 1.661e-01 -1.226e-02
3.660e+01 1.770e-01 -7.267e-05
3.670e+01 1.624e-01 -4.261e-04
3.680e+01 1.747e-01 -4.465e-04
3.690e+01 1.554e-01 -8.292e-03
3.700e+01 1.643e-01 -2.564e-02
3.710e+01 1.637e-01 -3.618e-03
3.720e+01 1.627e-01 3.563e-04
3.730e+01 1.648e-01 4.549e-03
3.740e+01 1.527e-01 -6.843e-03
3.750e+01 1.733e-01 -1.289e-02
3.760e+01 1.479e-01 -7.651e-03
3.770e+01 1.473e-01 -1.724e-02
3.780e+01 1.435e-01 -1.592e-02
3.790e+01 1.380e-01 -1.281e-02
3.800e+01 1.406e-01 -7.111e-03
3.810e+01 1.604e-01 -1.188e-02
3.820e+01 1.677e-01 -1.613e-02
3.830e+01 1.757e-01 -1.946e-02
3.840e+01 1.626e-01 -6.917e-03
3.850e+01 1.782e-01 -1.169e-02
3.860e+01 1.719e-01 -3.975e-03
3.870e+01 1.580e-01 -1.335e-02
3.880e+01 1.692e-01 -6.765e-03
3.890e+01 1.689e-01 -5.329e-03
3.900e+01 1.587e-01 -1.085e-02
3.910e+01 1.742e-01 -2.204e-02
3.920e+01 1.605e-01 -3.354e-02
3.930e+01 1.570e-01 -7.695e-03
3.940e+01 1.710e-01 -1.641e-02
3.950e+01 1.650e-01 -1.109e-02
3.960e+01 1.570e-01 2.975e-03
3.970e+01 1.689e-01 -9.653e-03
3.980e+01 1.583e-01 -5.872e-03
3.990e+01 1.479e-01 -4.069e-03
4.000e+01 1.409e-01 3.035e-03
4.010e+01 1.355e-01 -4.983e-03
4.020e+01 1.657e-01 -1.886e-02
4.030e+01 1.403e-01 -6.004e-03
4.040e+01 1.650e-01 -1.112e-02
4.050e+01 1.544e-01 -1.375e-02
4.060e+01 1.604e-01 -1.446e-02
4.070e+01 1.495e-01 -2.684e-03
4.080e+01 1.703e-01 -1.033e-03
4.090e+01 1.685e-01 -1.691e-02
4.100e+01 1.511e-01 -1.101e-02
4.110e+01 1.461e-01 -1.687e-02
4.120e+01 1.386e-01 -1.080e-02
4.130e+01 1.432e-01 -6.237e-04
4.140e+01 1.468e-01 -1.757e-02
4.150e+01 1.573e-01 -1.292e-03
4.160e+01 1.526e-01 7.575e-03
4.170e+01 1.515e-01 -3.761e-03
4.180e+01 1.544e-01 -7.316e-03
4.190e+01 1.683e-01 -2.278e-02
4.200e+01 1.609e-01 -1.277e-02
4.210e+01 1.585e-01 -1.751e-02
4.220e+01 1.614e-01 -1.810e-02
4.230e+01 1.474e-01 -1.269e-02
4.240e+01 1.551e-01 -3.391e-03
4.250e+01 1.626e-01 -8.607e-03
4.260e+01 1.524e-01 -4.135e-03
4.270e+01 1.415e-01 7.563e-04
4.280e+01 1.566e-01 -7.202e-03
4.290e+01 1.713e-01 -8.377e-03
4.300e+01 1.629e-01 -5.632e-03
4.310e+01 1.655e-01 -6.652e-03
4.320e+01 1.691e-01 8.179e-03
4.330e+01 1.669e-01 7.906e-03
4.340e+01 1.491e-01 -2.007e-02
4.350e+01 1.423e-01 -6.987e-03
4.360e+01 1.443e-01 -2.312e-02
4.370e+01 1.431e-01 -7.917e-03
4.380e+01 1.571e-01 -8.733e-03
4.390e+01 1.664e-01 -1.540e-02
4.400e+01 1.721e-01 -1.991e-02
4.410e+01 1.706e-01 -1.543e-02
4.420e+01 1.550e-01 -1.728e-02
4.430e+01 1.539e-01 -2.082e-02
4.440e+01 1.472e-01 -2.562e-02
4.450e+01 1.460e-01 -6.141e-03
4.460e+01 1.454e-01 -7.044e-03
4.470e+01 1.561e-01 -1.221e-02
4.480e+01 1.485e-01 -1.488e-02
4.490e+01 1.354e-01 -5.238e-03
4.500e+01 1.489e-01 -1.961e-02
4.510e+01 1.380e-01 -1.939e-02
4.520e+01 1.393e-01 -1.513e-02
4.530e+01 1.258e-01 -1.968e-02
4.540e+01 1.355e-01 -1.210e-02
4.550e+01 1.597e-01 -1.344e-02
4.560e+01 1.423e-01 -3.113e-02
4.570e+01 1.304e-01 -1.538e-02
4.580e+01 1.344e-01 -1.118e-02
4.590e+01 1.330e-01 -2.078e-02
4.600e+01 1.258e-01 -2.080e-02
4.610e+01 1.328e-01 -1.309e-02
4.620e+01 1.284e-01 -9.578e-03
4.630e+01 1.270e-01 -3.685e-02
4.640e+01 1.333e-01 -2.213e-02
4.650e+01 1.392e-01 -1.605e-02
4.660e+01 1.343e-01 -1.361e-02
4.670e+01 1.384e-01 -2.541e-02
4.680e+01 1.358e-01 -1.966e-02
4.690e+01 1.246e-01 -7.545e-03
4.700e+01 1.193e-01 -5.749e-03
4.710e+01 1.301e-01 -2.382e-02
4.720e+01 1.302e-01 -2.757e-02
4.730e+01 1.167e-01 -2.523e-02
4.740e+01 1.213e-01 -2.935e-02
4.750e+01 1.306e-01 -9.136e-03
4.760e+01 1.268e-01 -8.429e-03
4.770e+01 1.343e-01 6.503e-03
4.780e+01 1.325e-01 4.115e-03
4.790e+01 1.432e-01 -4.937e-03
4.800e+01 1.414e-01 -1.434e-02
4.810e+01 1.360e-01 -1.352e-02
4.820e+01 1.403e-01 -1.808e-02
4.830e+01 1.290e-01 -1.683e-02
4.840e+01 1.266e-01 -1.130e-02
4.850e+01 1.380e-01 -2.046e-02
4.860e+01 1.231e-01 -6.764e-03
4.870e+01 1.343e-01 -1.123e-02
4.880e+01 1.285e-01 -1.998e-02
4.890e+01 1.284e-01 -2.268e-02
4.900e+01 1.283e-01 -1.980e-02
4.910e+01 1.359e-01 -4.231e-02
4.920e+01 1.166e-01 -2.493e-02
4.930e+01 1.411e-01 -3.484e-02
4.940e+01 1.301e-01 3.865e-03
4.950e+01 1.406e-01 -8.718e-03
4.960e+01 1.228e-01 -1.256e-02
4.970e+01 1.200e-01 -1.369e-02
4.980e+01 1.286e-01 -1.944e-02
4.990e+01 1.378e-01 -9.575e-03
5.000e+01 1.298e-01 5.141e-04
5.010e+01 1.402e-01 -2.695e-03
5.020e+01 1.274e-01 8.258e-03
5.030e+01 1.346e-01 4.293e-04
5.040e+01 1.370e-01 -6.311e-03
5.050e+01 1.234e-01 1.036e-02
5.060e+01 1.285e-01 7.905e-03
5.070e+01 1.381e-01 3.808e-03
5.080e+01 1.305e-01 1.197e-03
5.090e+01 1.394e-01 -2.618e-03
5.100e+01 1.404e-01 -2.675e-03
5.110e+01 1.421e-01 -1.847e-03
5.120e+01 1.341e-01 -3.152e-03
5.130e+01 1.340e-01 1.005e-03
5.140e+01 1.390e-01 -9.287e-03
5.150e+01 1.212e-01 -8.738e-03
5.160e+01 1.347e-01 -1.986e-02
5.170e+01 1.375e-01 -2.078e-02
5.180e+01 1.418e-01 -1.616e-02
5.190e+01 1.464e-01 -8.014e-03
5.200e+01 1.342e-01 -4.604e-03
5.210e+01 1.368e-01 -1.977e-03
5.220e+01 1.284e-01 1.384e-02
5.230e+01 1.315e-01 1.504e-02
5.240e+01 1.408e-01 7.484e-03
5.250e+01 1.438e-01 8.295e-03
5.260e+01 1.400e-01 1.092e-02
5.270e+01 1.388e-01 6.644e-03
5.280e+01 1.456e-01 6.447e-03
5.290e+01 1.451e-01 6.879e-03
5.300e+01 1.455e-01 3.962e-03
5.310e+01 1.514e-01 2.207e-03
5.320e+01 1.371e-01 3.323e-03
5.330e+01 1.456e-01 4.407e-04
5.340e+01 1.359e-01 2.360e-03
5.350e+01 1.322e-01 4.016e-03
5.360e+01 1.404e-01 6.254e-03
5.370e+01 1.421e-01 1.557e-02
5.380e+01 1.335e-01 8.176e-03
5.390e+01 1.269e-01 3.749e-03
5.400e+01 1.311e-01 3.999e-03
5.410e+01 1.373e-01 -3.783e-03
5.420e+01 1.269e-01 -3.651e-03
5.430e+01 1.341e-01 -5.724e-03
5.440e+01 1.215e-01 -6.808e-03
5.450e+01 1.146e-01 -1.031e-04
5.460e+01 1.205e-01 5.329e-04
5.470e+01 1.278e-01 3.515e-03
5.480e+01 1.362e-01 -1.417e-03
5.490e+01 1.443e-01 9.702e-04
5.500e+01 1.478e-01 -1.912e-03
5.510e+01 1.454e-01 5.950e-03
5.520e+01 1.400e-01 -6.647e-04
5.530e+01 1.414e-01 -4.727e-03
5.540e+01 1.361e-01 -3.048e-03
5.550e+01 1.375e-01 3.445e-06
5.560e+01 1.411e-01 -3.518e-03
5.570e+01 1.464e-01 -7.448e-03
5.580e+01 1.379e-01 -9.724e-03
5.590e+01 1.329e-01 -5.390e-03
5.600e+01 1.212e-01 6.812e-03
5.610e+01 1.206e-01 7.306e-03
5.620e+01 1.077e-01 7.696e-03
5.630e+01 1.133e-01 1.511e-02
5.640e+01 1.127e-01 1.459e-02
5.650e+01 1.150e-01 7.093e-03
5.660e+01 1.202e-01 2.302e-03
5.670e+01 1.239e-01 -2.848e-03
5.680e+01 1.236e-01 -4.178e-03
5.690e+01 1.126e-01 -2.372e-03
5.700e+01 1.129e-01 -7.944e-03
5.710e+01 1.157e-01 -6.174e-03
5.720e+01 1.160e-01 -3.092e-03
5.730e+01 1.218e-01 -6.607e-03
5.740e+01 1.225e-01 -1.159e-02
5.750e+01 1.119e-01 -4.965e-03
5.760e+01 1.189e-01 -8.340e-03
5.770e+01 1.136e-01 -4.862e-03
5.780e+01 1.169e-01 -2.639e-03
5.790e+01 1.118e-01 -6.990e-03
5.800e+01 1.127e-01 -1.194e-02
5.810e+01 1.114e-01 -1.313e-02
5.820e+01 1.248e-01 -2.715e-02
5.830e+01 1.189e-01 -2.243e-02
5.840e+01 1.289e-01 -1.481e-02
5.850e+01 1.231e-01 3.903e-03
5.860e+01 1.293e-01 5.505e-03
5.870e+01 1.269e-01 1.056e-02
5.880e+01 1.298e-01 -4.698e-03
5.890e+01 1.292e-01 -1.002e-02
5.900e+01 1.225e-01 -2.183e-02
5.910e+01 1.195e-01 -4.491e-03
5.920e+01 1.213e-01 -6.237e-03
5.930e+01 1.189e-01 -9.702e-03
5.940e+01 1.209e-01 -1.260e-02
5.950e+01 1.142e-01 -9.486e-03
5.960e+01 1.244e-01 -1.282e-02
5.970e+01 1.236e-01 -1.525e-02
5.980e+01 1.195e-01 -8.776e-03
5.990e+01 1.144e-01 -7.943e-03
6.000e+01 1.075e-01 -1.396e-02
6.010e+01 1.130e-01 -2.491e-02
6.020e+01 1.285e-01 -3.315e-02
6.030e+01 1.279e-01 -4.118e-02
6.040e+01 1.305e-01 -3.362e-02
6.050e+01 1.307e-01 -2.717e-02
6.060e+01 1.278e-01 -3.519e-02
6.070e+01 1.480e-01 -5.362e-02
6.080e+01 1.375e-01 -2.149e-02
6.090e+01 1.304e-01 -1.873e-02
6.100e+01 1.292e-01 -1.985e-02
6.110e+01 1.280e-01 -1.383e-02
6.120e+01 1.577e-01 -4.545e-02
6.130e+01 1.536e-01 -2.531e-02
6.140e+01 1.583e-01 -1.612e-02
6.150e+01 1.394e-01 -1.064e-02
6.160e+01 1.359e-01 -1.535e-02
6.170e+01 1.378e-01 -2.211e-02
6.180e+01 1.380e-01 -3.233e-02
6.190e+01 1.109e-01 -3.159e-02
6.200e+01 1.406e-01 -3.230e-02
6.210e+01 1.283e-01 -2.200e-02
6.220e+01 1.364e-01 -5.849e-02
6.230e+01 1.155e-01 -2.560e-02
6.240e+01 1.277e-01 -3.113e-02
6.250e+01 1.102e-01 -1.302e-02
6.260e+01 1.288e-01 2.282e-03
6.270e+01 1.233e-01 -7.346e-05
6.280e+01 1.468e-01 -5.667e-03
6.290e+01 1.521e-01 -4.546e-02
6.300e+01 1.273e-01 -2.293e-02
6.310e+01 1.191e-01 -6.292e-03
6.320e+01 1.217e-01 -1.693e-02
6.330e+01 1.480e-01 -2.204e-02
6.340e+01 1.528e-01 -6.676e-03
6.350e+01 1.452e-01 -9.554e-03
6.360e+01 1.452e-01 -6.583e-03
6.370e+01 1.540e-01 -1.189e-02
6.380e+01 1.555e-01 -7.193e-04
6.390e+01 1.432e-01 9.853e-04
6.400e+01 1.438e-01 -5.758e-03
6.410e+01 1.353e-01 -1.916e-03
6.420e+01 1.471e-01 1.259e-02
6.430e+01 1.412e-01 1.267e-02
6.440e+01 1.461e-01 1.182e-02
6.450e+01 1.533e-01 -8.834e-03
6.460e+01 1.405e-01 -1.926e-02
6.470e+01 1.349e-01 -1.939e-02
6.480e+01 1.419e-01 -2.862e-02
6.490e+01 1.343e-01 -2.062e-02
6.500e+01 1.411e-01 4.979e-03
6.510e+01 1.411e-01 1.876e-02
6.520e+01 1.410e-01 1.435e-02
6.530e+01 1.301e-01 5.103e-03
6.540e+01 1.253e-01 2.126e-03
6.550e+01 1.311e-01 -6.474e-03
6.560e+01 1.240e-01 -1.710e-02
6.570e+01 1.215e-01 -7.301e-03
6.580e+01 1.384e-01 -1.270e-02
6.590e+01 1.342e-01 -1.497e-02
6.600e+01 1.493e-01 -2.079e-02
6.610e+01 1.480e-01 -2.013e-02
6.620e+01 1.350e-01 -1.633e-02
6.630e+01 1.374e-01 -1.392e-02
6.640e+01 1.312e-01 -8.942e-03
6.650e+01 1.344e-01 -1.039e-02
6.660e+01 1.436e-01 -1.320e-02
6.670e+01 1.428e-01 -2.346e-02
6.680e+01 1.359e-01 -2.053e-02
6.690e+01 1.481e-01 -2.123e-02
6.700e+01 1.438e-01 -5.650e-03
6.710e+01 1.411e-01 9.302e-03
6.720e+01 1.424e-01 -3.690e-03
6.730e+01 1.599e-01 -1.249e-02
6.740e+01 1.543e-01 -2.471e-02
6.750e+01 1.518e-01 -3.931e-02
6.760e+01 1.554e-01 -2.088e-02
6.770e+01 1.400e-01 -1.569e-02
6.780e+01 1.403e-01 -8.311e-03
6.790e+01 1.355e-01 -1.777e-04
6.800e+01 1.490e-01 -1.518e-03
6.810e+01 1.608e-01 2.899e-03
6.820e+01 1.680e-01 8.015e-04
6.830e+01 1.507e-01 -2.614e-02
6.840e+01 1.373e-01 -8.611e-03
6.850e+01 1.069e-01 -2.629e-02
6.860e+01 1.280e-01 -2.014e-02
6.870e+01 1.393e-01 -1.674e-02
6.880e+01 1.404e-01 -1.503e-02
6.890e+01 1.514e-01 -5.082e-03
6.900e+01 1.321e-01 -2.245e-03
6.910e+01 1.272e-01 -1.853e-03
6.920e+01 1.315e-01 -3.936e-03
6.930e+01 1.268e-01 -1.127e-02
6.940e+01 1.341e-01 -3.395e-02
6.950e+01 1.175e-01 -6.180e-03
6.960e+01 1.198e-01 1.164e-02
6.970e+01 1.202e-01 1.002e-02
6.980e+01 1.193e-01 4.525e-03
6.990e+01 1.156e-01 -3.975e-04
7.000e+01 1.183e-01 -8.986e-03
7.010e+01 1.350e-01 -2.872e-03
7.020e+01 1.227e-01 3.554e-03
7.030e+01 1.141e-01 7.709e-03
7.040e+01 1.071e-01 9.555e-03
7.050e+01 1.003e-01 1.114e-02
7.060e+01 1.092e-01 -5.328e-03
7.070e+01 1.220e-01 -1.006e-02
7.080e+01 1.291e-01 -7.576e-03
7.090e+01 1.251e-01 -2.110e-02
7.100e+01 1.035e-01 -2.669e-02
7.110e+01 1.302e-01 -5.831e-04
7.120e+01 1.206e-01 -1.142e-02
7.130e+01 1.296e-01 -7.930e-03
7.140e+01 1.271e-01 -1.534e-02
7.150e+01 1.442e-01 -2.053e-02
7.160e+01 1.546e-01 -7.128e-03
7.170e+01 1.574e-01 -3.768e-02
7.180e+01 1.563e-01 -2.794e-02
7.190e+01 1.516e-01 -1.426e-02
7.200e+01 1.737e-01 -1.279e-03
7.210e+01 1.562e-01 -2.890e-03
7.220e+01 1.684e-01 -2.355e-02
7.230e+01 1.517e-01 -1.244e-02
7.240e+01 1.590e-01 -4.260e-03
7.250e+01 1.493e-01 -4.333e-04
7.260e+01 1.617e-01 9.667e-03
7.270e+01 1.537e-01 2.462e-02
7.280e+01 1.576e-01 1.278e-02
7.290e+01 1.557e-01 -1.701e-03
7.300e+01 1.675e-01 1.222e-03
7.310e+01 1.509e-01 1.079e-02
7.320e+01 1.483e-01 9.603e-03
7.330e+01 1.430e-01 -1.515e-03
7.340e+01 1.482e-01 2.220e-03
7.350e+01 1.454e-01 -2.990e-03
7.360e+01 1.504e-01 -7.328e-03
7.370e+01 1.345e-01 1.251e-03
7.380e+01 1.315e-01 1.181e-02
7.390e+01 1.404e-01 -6.388e-03
7.400e+01 1.243e-01 -1.548e-02
7.410e+01 1.222e-01 -7.525e-03
7.420e+01 1.289e-01 -1.330e-02
7.430e+01 1.232e-01 -7.187e-03
7.440e+01 1.226e-01 -4.340e-04
7.450e+01 1.282e-01 -4.367e-03
7.460e+01 1.113e-01 -2.502e-03
7.470e+01 1.070e-01 -1.684e-03
7.480e+01 1.020e-01 8.255e-03
7.490e+01 9.714e-02 1.122e-02
7.500e+01 9.264e-02 7.070e-03
7.510e+01 1.056e-01 1.066e-02
7.520e+01 1.029e-01 4.670e-03
7.530e+01 1.176e-01 1.690e-02
7.540e+01 1.200e-01 3.007e-03
7.550e+01 1.251e-01 8.052e-03
7.560e+01 1.267e-01 8.433e-03
7.570e+01 1.243e-01 1.872e-02
7.580e+01 1.193e-01 1.417e-02
7.590e+01 1.022e-01 5.063e-03
7.600e+01 1.109e-01 2.158e-02
7.610e+01 9.595e-02 1.201e-02
7.620e+01 9.372e-02 9.289e-03
7.630e+01 1.008e-01 9.323e-03
7.640e+01 1.009e-01 1.082e-02
7.650e+01 1.152e-01 1.697e-02
7.660e+01 1.159e-01 1.670e-02
7.670e+01 1.096e-01 -5.191e-03
7.680e+01 1.080e-01 -1.834e-02
7.690e+01 1.077e-01 -5.593e-03
7.700e+01 1.017e-01 5.595e-03
7.710e+01 9.139e-02 6.534e-03
7.720e+01 1.018e-01 9.982e-03
7.730e+01 1.067e-01 2.678e-02
7.740e+01 1.195e-01 2.930e-02
7.750e+01 8.854e-02 8.922e-03
7.760e+01 1.027e-01 8.546e-03
7.770e+01 1.229e-01 7.226e-03
7.780e+01 1.193e-01 -5.037e-03
7.790e+01 1.256e-01 -1.217e-02
7.800e+01 1.193e-01 -1.584e-02
7.810e+01 1.162e-01 -2.458e-02
7.820e+01 1.171e-01 -1.241e-02
7.830e+01 9.736e-02 -1.074e-02
7.840e+01 9.222e-02 9.295e-04
7.850e+01 1.172e-01 1.211e-02
7.860e+01 1.109e-01 6.469e-03
7.870e+01 1.116e-01 4.081e-03
7.880e+01 9.504e-02 -6.441e-03
7.890e+01 1.113e-01 6.953e-03
7.900e+01 1.166e-01 2.474e-03
7.910e+01 9.892e-02 4.924e-03
7.920e+01 1.005e-01 1.089e-02
7.930e+01 1.061e-01 7.375e-03
7.940e+01 1.113e-01 6.975e-03
7.950e+01 1.133e-01 1.239e-02
7.960e+01 9.622e-02 2.056e-02
7.970e+01 9.710e-02 1.400e-02
7.980e+01 9.486e-02 1.966e-03
7.990e+01 9.855e-02 -9.227e-03
8.000e+01 1.099e-01 -1.155e-02
8.010e+01 1.286e-01 -9.876e-03
8.020e+01 1.172e-01 -1.637e-02
8.030e+01 1.463e-01 -1.206e-02
8.040e+01 1.185e-01 -1.196e-02
8.050e+01 1.180e-01 9.503e-03
8.060e+01 1.258e-01 -1.528e-02
8.070e+01 1.447e-01 -6.566e-03
8.080e+01 1.370e-01 -9.614e-03
8.090e+01 1.388e-01 -2.171e-02
8.100e+01 1.339e-01 -1.200e-02
8.110e+01 1.226e-01 -2.340e-02
8.120e+01 1.174e-01 -4.668e-04
8.130e+01 1.300e-01 -1.865e-03
8.140e+01 1.248e-01 1.494e-04
8.150e+01 9.945e-02 1.043e-02
8.160e+01 1.085e-01 3.111e-03
8.170e+01 1.234e-01 -4.556e-03
8.180e+01 1.234e-01 -8.691e-03
8.190e+01 1.130e-01 -2.524e-02
8.200e+01 1.128e-01 2.878e-04
8.210e+01 1.221e-01 -1.404e-02
8.220e+01 1.298e-01 -6.955e-03
8.230e+01 1.248e-01 7.534e-03
8.240e+01 1.177e-01 -1.166e-02
8.250e+01 1.235e-01 -2.554e-02
8.260e+01 1.269e-01 -2.727e-02
8.270e+01 1.271e-01 -4.299e-02
8.280e+01 1.338e-01 -5.116e-02
8.290e+01 1.323e-01 -4.946e-02
8.300e+01 1.238e-01 -4.476e-02
8.310e+01 1.143e-01 -2.330e-02
8.320e+01 1.254e-01 -2.267e-02
8.330e+01 1.380e-01 -3.656e-02
8.340e+01 1.294e-01 -3.551e-02
8.350e+01 1.177e-01 -2.325e-02
8.360e+01 1.282e-01 -3.218e-02
8.370e+01 1.403e-01 -2.855e-02
8.380e+01 1.252e-01 -3.307e-02
8.390e+01 1.213e-01 -1.203e-02
8.400e+01 1.169e-01 -1.400e-02
8.410e+01 1.327e-01 -2.638e-02
8.420e+01 1.110e-01 -2.858e-02
8.430e+01 1.196e-01 -3.578e-02
8.440e+01 1.175e-01 -3.361e-02
8.450e+01 1.155e-01 -1.526e-02
8.460e+01 1.164e-01 -1.579e-02
8.470e+01 1.272e-01 -5.531e-03
8.480e+01 1.136e-01 -2.212e-02
8.490e+01 1.275e-01 -2.301e-02
8.500e+01 1.385e-01 -3.221e-02
8.510e+01 1.438e-01 -4.166e-02
8.520e+01 1.379e-01 -3.967e-02
8.530e+01 1.456e-01 -4.314e-02
8.540e+01 1.382e-01 -1.470e-02
8.550e+01 1.388e-01 -1.676e-02
8.560e+01 1.387e-01 -1.488e-02
8.570e+01 1.307e-01 -4.486e-02
8.580e+01 1.239e-01 -2.668e-02
8.590e+01 1.227e-01 -2.927e-02
8.600e+01 1.200e-01 2.866e-03
8.610e+01 1.134e-01 -5.882e-03
8.620e+01 1.036e-01 1.741e-02
8.630e+01 1.067e-01 2.362e-02
8.640e+01 9.744e-02 1.436e-02
8.650e+01 9.811e-02 1.794e-03
8.660e+01 8.602e-02 6.512e-03
8.670e+01 1.070e-01 -1.473e-03
8.680e+01 1.040e-01 -1.360e-02
8.690e+01 1.156e-01 3.509e-04
8.700e+01 9.880e-02 -1.962e-02
8.710e+01 1.262e-01 -1.544e-02
8.720e+01 1.163e-01 -1.236e-02
8.730e+01 1.178e-01 -1.897e-02
8.740e+01 1.103e-01 -1.976e-02
8.750e+01 9.362e-02 -2.475e-02
8.760e+01 8.465e-02 -3.061e-02
8.770e+01 8.073e-02 -2.053e-02
8.780e+01 9.028e-02 -1.668e-02
8.790e+01 8.864e-02 -9.048e-03
8.800e+01 9.186e-02 -1.099e-02
8.810e+01 9.243e-02 -1.960e-02
8.820e+01 1.086e-01 -2.710e-02
8.830e+01 9.737e-02 -3.601e-02
8.840e+01 1.017e-01 -4.678e-02
8.850e+01 1.063e-01 -2.182e-02
8.860e+01 1.164e-01 -8.810e-03
8.870e+01 1.249e-01 7.135e-03
8.880e+01 1.143e-01 -1.215e-02
8.890e+01 1.065e-01 -3.103e-02
8.900e+01 9.885e-02 -4.079e-02
8.910e+01 1.161e-01 -1.358e-02
8.920e+01 1.234e-01 -2.408e-02
8.930e+01 1.194e-01 -1.182e-02
8.940e+01 1.149e-01 -2.842e-02
8.950e+01 8.592e-02 -1.317e-02
8.960e+01 1.065e-01 -2.037e-02
8.970e+01 1.118e-01 -2.470e-02
8.980e+01 9.124e-02 -3.837e-02
8.990e+01 9.760e-02 -2.316e-02
9.000e+01 1.041e-01 -2.825e-03
9.010e+01 1.052e-01 6.289e-03
9.020e+01 9.548e-02 -4.863e-03
9.030e+01 8.865e-02 -1.042e-02
9.040e+01 8.000e-02 -8.019e-03
9.050e+01 9.208e-02 1.028e-02
9.060e+01 8.519e-02 -6.604e-03
9.070e+01 1.133e-01 -3.794e-02
9.080e+01 1.058e-01 -2.235e-02
9.090e+01 1.135e-01 -7.599e-03
9.100e+01 1.237e-01 -3.483e-02
9.110e+01 1.184e-01 -1.703e-02
9.120e+01 1.228e-01 -2.898e-02
9.130e+01 1.116e-01 -2.485e-02
9.140e+01 1.145e-01 -2.023e-02
9.150e+01 9.864e-02 -1.597e-02
9.160e+01 8.831e-02 -1.758e-02
9.170e+01 9.893e-02 -3.102e-02
9.180e+01 7.409e-02 -3.647e-02
9.190e+01 5.809e-02 -3.312e-02
9.200e+01 8.305e-02 -4.466e-02
9.210e+01 8.639e-02 -2.928e-02
9.220e+01 5.846e-02 -4.714e-02
9.230e+01 6.469e-02 -6.943e-03
9.240e+01 5.740e-02 -1.446e-02
9.250e+01 7.234e-02 -7.076e-03
9.260e+01 9.620e-02 -1.490e-02
9.270e+01 9.466e-02 1.828e-03
9.280e+01 9.152e-02 -4.953e-03
9.290e+01 8.272e-02 -1.906e-02
9.300e+01 7.227e-02 -3.368e-02
9.310e+01 7.950e-02 -1.989e-02
9.320e+01 6.967e-02 -3.036e-02
9.330e+01 8.187e-02 -3.852e-02
9.340e+01 8.942e-02 -2.529e-02
9.350e+01 9.378e-02 -1.738e-02
9.360e+01 1.065e-01 -2.141e-02
9.370e+01 9.112e-02 -1.806e-02
9.380e+01 9.990e-02 3.591e-03
9.390e+01 9.367e-02 8.635e-04
9.400e+01 8.607e-02 -1.845e-02
9.410e+01 9.559e-02 -2.613e-02
9.420e+01 8.724e-02 1.683e-03
9.430e+01 9.455e-02 -7.759e-03
9.440e+01 7.870e-02 -1.901e-02
9.450e+01 8.471e-02 -1.582e-02
9.460e+01 1.090e-01 -1.348e-02
9.470e+01 1.019e-01 -1.221e-02
9.480e+01 9.466e-02 -1.253e-02
9.490e+01 8.935e-02 -1.546e-02
9.500e+01 1.004e-01 -6.265e-03
9.510e+01 1.110e-01 -1.745e-02
9.520e+01 1.087e-01 -1.068e-02
9.530e+01 1.019e-01 -2.291e-03
9.540e+01 1.021e-01 -2.433e-03
9.550e+01 9.019e-02 -1.427e-03
9.560e+01 8.272e-02 -6.908e-03
9.570e+01 7.753e-02 -5.523e-03
9.580e+01 9.071e-02 -1.190e-02
9.590e+01 9.251e-02 -1.484e-02
9.600e+01 9.092e-02 -9.765e-03
9.610e+01 9.398e-02 -5.159e-03
9.620e+01 9.170e-02 -4.958e-03
9.630e+01 8.956e-02 -1.078e-02
9.640e+01 8.712e-02 -2.368e-03
9.650e+01 7.800e-02 5.527e-03
9.660e+01 7.888e-02 -1.059e-02
9.670e+01 7.800e-02 -3.835e-04
9.680e+01 7.491e-02 -2.138e-03
9.690e+01 7.646e-02 -8.493e-03
9.700e+01 7.671e-02 -7.062e-03
9.710e+01 7.700e-02 6.060e-04
9.720e+01 8.277e-02 -9.658e-03
9.730e+01 8.274e-02 -8.897e-03
9.740e+01 8.600e-02 -3.591e-02
9.750e+01 8.430e-02 -2.645e-02
9.760e+01 9.280e-02 -2.100e-02
9.770e+01 7.618e-02 -2.130e-02
9.780e+01 8.118e-02 -1.587e-02
9.790e+01 7.163e-02 -1.983e-02
9.800e+01 8.093e-02 -1.109e-02
9.810e+01 7.915e-02 -1.421e-03
9.820e+01 9.446e-02 -8.615e-03
9.830e+01 9.447e-02 -2.941e-02
9.840e+01 6.806e-02 -2.320e-02
9.850e+01 4.716e-02 -3.085e-02
9.860e+01 6.882e-02 -4.534e-02
9.870e+01 8.356e-02 -3.703e-02
9.880e+01 1.027e-01 -2.659e-02
9.890e+01 9.088e-02 -5.798e-04
9.900e+01 7.885e-02 -1.824e-03
9.910e+01 8.042e-02 -1.668e-02
9.920e+01 7.977e-02 -1.329e-02
9.930e+01 7.992e-02 -9.250e-03
9.940e+01 7.659e-02 -3.107e-02
9.950e+01 8.514e-02 4.597e-03
9.960e+01 8.572e-02 1.124e-02
9.970e+01 8.412e-02 -2.833e-03
9.980e+01 8.270e-02 -7.328e-03
9.990e+01 7.376e-02 -1.163e-02
