# Time (ps)      real(F_2)      im(F_2)
0.000e+00 1.000e+00 0.000e+00
1.000e-01 9.158e-01 -3.129e-02
2.000e-01 8.798e-01 -6.743e-02
3.000e-01 8.326e-01 -1.438e-01
4.000e-01 8.889e-01 -9.025e-02
5.000e-01 8.929e-01 -1.275e-01
6.000e-01 8.346e-01 -5.551e-02
7.000e-01 8.338e-01 -5.138e-02
8.000e-01 8.018e-01 -3.327e-02
9.000e-01 8.207e-01 -3.108e-02
1.000e+00 8.241e-01 -5.649e-02
1.100e+00 7.968e-01 -8.797e-02
1.200e+00 8.083e-01 -6.076e-02
1.300e+00 7.947e-01 -5.409e-02
1.400e+00 7.910e-01 -1.815e-02
1.500e+00 7.832e-01 -7.213e-02
1.600e+00 8.037e-01 -5.517e-02
1.700e+00 7.700e-01 -6.165e-02
1.800e+00 7.980e-01 -5.224e-03
1.900e+00 8.184e-01 -2.883e-02
2.000e+00 7.669e-01 -7.894e-03
2.100e+00 7.309e-01 -2.729e-02
2.200e+00 7.118e-01 -2.010e-02
2.300e+00 7.339e-01 1.960e-03
2.400e+00 7.415e-01 -1.377e-02
2.500e+00 7.628e-01 -4.011e-02
2.600e+00 7.703e-01 -9.849e-03
2.700e+00 7.179e-01 -8.296e-03
2.800e+00 7.153e-01 -2.085e-02
2.900e+00 7.386e-01 -1.325e-02
3.000e+00 7.360e-01 -1.093e-02
3.100e+00 6.947e-01 6.521e-03
3.200e+00 7.188e-01 1.110e-02
3.300e+00 7.392e-01 4.789e-03
3.400e+00 6.892e-01 1.535e-02
3.500e+00 6.850e-01 4.893e-02
3.600e+00 6.714e-01 6.911e-02
3.700e+00 6.568e-01 1.101e-01
3.800e+00 6.291e-01 7.941e-02
3.900e+00 6.481e-01 6.138e-02
4.000e+00 7.036e-01 7.938e-04
4.100e+00 6.510e-01 -2.338e-03
4.200e+00 6.390e-01 1.781e-02
4.300e+00 6.715e-01 -2.767e-02
4.400e+00 6.980e-01 -2.083e-02
4.500e+00 6.878e-01 -6.881e-03
4.600e+00 6.451e-01 4.011e-02
4.700e+00 6.433e-01 3.677e-02
4.800e+00 6.434e-01 3.732e-02
4.900e+00 6.220e-01 3.102e-02
5.000e+00 6.215e-01 1.904e-02
5.100e+00 5.999e-01 4.131e-02
5.200e+00 5.885e-01 3.103e-02
5.300e+00 5.883e-01 2.748e-02
5.400e+00 6.073e-01 4.244e-03
5.500e+00 5.858e-01 3.415e-03
5.600e+00 5.838e-01 1.163e-02
5.700e+00 5.815e-01 4.992e-02
5.800e+00 5.956e-01 2.947e-02
5.900e+00 5.707e-01 5.490e-02
6.000e+00 5.443e-01 2.754e-02
6.100e+00 5.447e-01 2.473e-02
6.200e+00 5.569e-01 2.239e-02
6.300e+00 5.724e-01 5.784e-03
6.400e+00 5.684e-01 -1.319e-02
6.500e+00 5.378e-01 6.833e-03
6.600e+00 5.505e-01 2.140e-02
6.700e+00 5.668e-01 5.112e-02
6.800e+00 5.395e-01 3.048e-02
6.900e+00 5.474e-01 2.632e-02
7.000e+00 5.730e-01 1.526e-02
7.100e+00 5.883e-01 1.585e-03
7.200e+00 5.831e-01 -1.451e-02
7.300e+00 6.148e-01 -2.281e-03
7.400e+00 6.005e-01 5.376e-02
7.500e+00 5.331e-01 2.144e-02
7.600e+00 5.551e-01 -1.716e-02
7.700e+00 5.655e-01 -3.513e-02
7.800e+00 5.277e-01 -3.315e-02
7.900e+00 5.039e-01 -1.720e-02
8.000e+00 5.397e-01 -1.456e-02
8.100e+00 5.183e-01 -2.429e-02
8.200e+00 5.083e-01 -5.078e-02
8.300e+00 4.862e-01 -1.765e-02
8.400e+00 4.707e-01 -9.361e-03
8.500e+00 5.119e-01 -2.409e-02
8.600e+00 5.076e-01 -1.074e-02
8.700e+00 4.780e-01 -3.959e-02
8.800e+00 4.874e-01 -5.082e-02
8.900e+00 4.966e-01 -7.048e-02
9.000e+00 4.755e-01 -2.827e-02
9.100e+00 4.953e-01 -2.152e-02
9.200e+00 4.628e-01 -2.319e-02
9.300e+00 4.565e-01 -1.710e-02
9.400e+00 4.900e-01 -8.427e-03
9.500e+00 4.656e-01 -4.163e-02
9.600e+00 4.604e-01 -2.403e-02
9.700e+00 4.896e-01 -4.767e-02
9.800e+00 4.471e-01 -3.845e-02
9.900e+00 4.777e-01 -2.764e-02
1.000e+01 4.845e-01 -3.857e-02
1.010e+01 4.765e-01 -5.855e-02
1.020e+01 4.870e-01 -2.524e-02
1.030e+01 4.769e-01 -3.252e-02
1.040e+01 4.508e-01 -3.752e-02
1.050e+01 4.551e-01 -3.623e-02
1.060e+01 4.434e-01 -1.950e-02
1.070e+01 4.390e-01 -2.933e-02
1.080e+01 4.572e-01 -2.882e-02
1.090e+01 4.720e-01 -2.229e-03
1.100e+01 4.804e-01 6.147e-04
1.110e+01 4.782e-01 -3.995e-02
1.120e+01 4.568e-01 -1.351e-02
1.130e+01 4.525e-01 -1.383e-02
1.140e+01 4.662e-01 -2.234e-02
1.150e+01 4.703e-01 -4.391e-02
1.160e+01 4.711e-01 -1.181e-02
1.170e+01 4.560e-01 -1.982e-02
1.180e+01 4.604e-01 -2.072e-02
1.190e+01 4.733e-01 -3.381e-02
1.200e+01 4.476e-01 -3.961e-02
1.210e+01 4.659e-01 -2.158e-02
1.220e+01 4.595e-01 -1.782e-02
1.230e+01 4.443e-01 -2.779e-02
1.240e+01 4.643e-01 -3.480e-02
1.250e+01 4.157e-01 -4.377e-02
1.260e+01 4.029e-01 -6.169e-02
1.270e+01 4.090e-01 -4.290e-02
1.280e+01 3.857e-01 -4.212e-03
1.290e+01 4.211e-01 -6.188e-03
1.300e+01 4.489e-01 -4.598e-03
1.310e+01 4.313e-01 -2.138e-02
1.320e+01 4.538e-01 -4.290e-02
1.330e+01 4.582e-01 -3.792e-02
1.340e+01 4.511e-01 -3.051e-02
1.350e+01 4.268e-01 -1.055e-02
1.360e+01 4.278e-01 4.709e-03
1.370e+01 4.264e-01 -1.453e-03
1.380e+01 3.906e-01 -2.102e-02
1.390e+01 4.115e-01 -3.629e-02
1.400e+01 4.528e-01 -4.066e-02
1.410e+01 4.163e-01 -2.766e-02
1.420e+01 4.167e-01 -1.861e-02
1.430e+01 4.861e-01 -7.082e-03
1.440e+01 4.485e-01 -1.520e-02
1.450e+01 4.605e-01 -3.973e-02
1.460e+01 4.288e-01 -1.252e-02
1.470e+01 4.291e-01 -1.232e-02
1.480e+01 4.070e-01 -2.430e-02
1.490e+01 4.700e-01 -1.172e-02
1.500e+01 4.469e-01 -2.649e-02
1.510e+01 4.422e-01 -1.367e-02
1.520e+01 4.556e-01 -2.252e-02
1.530e+01 4.568e-01 -1.788e-02
1.540e+01 4.419e-01 -1.273e-02
1.550e+01 4.383e-01 4.159e-03
1.560e+01 4.242e-01 2.355e-04
1.570e+01 4.313e-01 8.774e-03
1.580e+01 4.118e-01 5.694e-03
1.590e+01 3.977e-01 4.125e-03
1.600e+01 4.040e-01 -1.675e-02
1.610e+01 4.005e-01 2.893e-03
1.620e+01 4.220e-01 5.107e-03
1.630e+01 4.138e-01 9.034e-03
1.640e+01 3.825e-01 -1.105e-02
1.650e+01 3.956e-01 -1.296e-02
1.660e+01 3.943e-01 -1.478e-02
1.670e+01 4.189e-01 -6.094e-03
1.680e+01 4.035e-01 -2.771e-03
1.690e+01 4.273e-01 -2.867e-02
1.700e+01 4.188e-01 -1.670e-02
1.710e+01 4.389e-01 4.535e-04
1.720e+01 3.959e-01 2.190e-02
1.730e+01 3.724e-01 -9.583e-03
1.740e+01 4.142e-01 1.483e-02
1.750e+01 4.426e-01 4.087e-02
1.760e+01 4.175e-01 2.196e-02
1.770e+01 4.185e-01 -2.469e-03
1.780e+01 4.201e-01 -1.555e-02
1.790e+01 4.019e-01 -8.015e-04
1.800e+01 3.929e-01 1.528e-02
1.810e+01 3.920e-01 -2.110e-02
1.820e+01 4.363e-01 -2.210e-02
1.830e+01 4.153e-01 -2.865e-02
1.840e+01 4.270e-01 -2.108e-02
1.850e+01 4.541e-01 -4.716e-02
1.860e+01 4.367e-01 -8.903e-03
1.870e+01 4.462e-01 -4.466e-02
1.880e+01 4.438e-01 -4.502e-02
1.890e+01 3.821e-01 -1.449e-02
1.900e+01 3.753e-01 -4.378e-02
1.910e+01 3.844e-01 -2.541e-02
1.920e+01 3.962e-01 -2.543e-02
1.930e+01 4.306e-01 -1.005e-02
1.940e+01 4.082e-01 -2.460e-02
1.950e+01 4.148e-01 -3.866e-02
1.960e+01 4.424e-01 -6.104e-02
1.970e+01 4.294e-01 -2.948e-02
1.980e+01 4.356e-01 -4.240e-02
1.990e+01 4.323e-01 -4.263e-02
2.000e+01 4.609e-01 -9.159e-03
2.010e+01 4.631e-01 -3.129e-02
2.020e+01 4.326e-01 -5.793e-02
2.030e+01 4.638e-01 -6.774e-02
2.040e+01 4.608e-01 -4.798e-02
2.050e+01 4.696e-01 -5.478e-02
2.060e+01 4.282e-01 -7.855e-02
2.070e+01 4.651e-01 -6.744e-02
2.080e+01 4.460e-01 -4.469e-02
2.090e+01 4.351e-01 -4.047e-02
2.100e+01 4.555e-01 -1.360e-03
2.110e+01 4.286e-01 -5.769e-03
2.120e+01 4.280e-01 6.776e-03
2.130e+01 4.297e-01 -1.962e-02
2.140e+01 4.186e-01 -2.374e-02
2.150e+01 4.347e-01 -2.288e-02
2.160e+01 4.375e-01 -3.320e-02
2.170e+01 4.539e-01 -6.096e-02
2.180e+01 4.227e-01 -4.899e-02
2.190e+01 3.718e-01 -2.657e-02
2.200e+01 3.777e-01 -3.908e-02
2.210e+01 4.042e-01 -3.879e-02
2.220e+01 3.895e-01 -5.208e-02
2.230e+01 3.656e-01 -4.982e-02
2.240e+01 3.624e-01 -5.797e-02
2.250e+01 3.362e-01 -5.043e-02
2.260e+01 3.435e-01 -5.864e-02
2.270e+01 3.325e-01 -4.750e-02
2.280e+01 3.472e-01 -3.338e-02
2.290e+01 3.374e-01 -4.853e-02
2.300e+01 3.459e-01 -5.665e-02
2.310e+01 3.294e-01 -5.442e-02
2.320e+01 3.392e-01 -6.076e-02
2.330e+01 3.237e-01 -5.211e-02
2.340e+01 3.199e-01 -4.015e-02
2.350e+01 3.209e-01 -4.378e-02
2.360e+01 2.992e-01 -5.966e-02
2.370e+01 2.952e-01 -4.589e-02
2.380e+01 3.088e-01 -4.092e-02
2.390e+01 2.911e-01 -2.726e-02
2.400e+01 2.926e-01 -1.832e-02
2.410e+01 3.146e-01 -5.600e-02
2.420e+01 3.052e-01 -5.843e-02
2.430e+01 3.174e-01 -5.584e-02
2.440e+01 3.058e-01 -4.208e-02
2.450e+01 3.201e-01 -6.036e-02
2.460e+01 3.293e-01 -4.494e-02
2.470e+01 3.415e-01 -2.219e-02
2.480e+01 3.298e-01 -1.675e-02
2.490e+01 3.254e-01 -1.905e-02
2.500e+01 3.554e-01 -1.498e-02
2.510e+01 3.819e-01 2.021e-03
2.520e+01 3.694e-01 -7.118e-03
2.530e+01 3.572e-01 -1.404e-02
2.540e+01 3.554e-01 -7.371e-03
2.550e+01 3.801e-01 -5.537e-04
2.560e+01 3.607e-01 -1.398e-02
2.570e+01 3.629e-01 8.923e-03
2.580e+01 3.695e-01 1.249e-02
2.590e+01 3.597e-01 2.394e-02
2.600e+01 3.917e-01 4.239e-03
2.610e+01 3.632e-01 2.780e-02
2.620e+01 3.710e-01 1.079e-05
2.630e+01 3.678e-01 6.112e-03
2.640e+01 3.371e-01 1.045e-02
2.650e+01 3.262e-01 3.314e-02
2.660e+01 3.156e-01 4.108e-02
2.670e+01 3.019e-01 2.606e-02
2.680e+01 3.009e-01 1.927e-02
2.690e+01 3.405e-01 1.351e-02
2.700e+01 3.120e-01 1.092e-02
2.710e+01 3.539e-01 1.208e-02
2.720e+01 3.381e-01 3.188e-02
2.730e+01 3.376e-01 2.727e-02
2.740e+01 3.364e-01 5.032e-02
2.750e+01 3.682e-01 2.589e-02
2.760e+01 3.386e-01 4.893e-02
2.770e+01 3.445e-01 3.462e-02
2.780e+01 3.433e-01 4.533e-02
2.790e+01 3.308e-01 5.713e-02
2.800e+01 3.223e-01 6.915e-02
2.810e+01 3.416e-01 4.806e-02
2.820e+01 3.523e-01 7.142e-02
2.830e+01 3.365e-01 4.321e-02
2.840e+01 3.411e-01 2.476e-02
2.850e+01 3.078e-01 4.167e-02
2.860e+01 2.922e-01 4.610e-02
2.870e+01 3.048e-01 5.365e-02
2.880e+01 2.978e-01 3.705e-02
2.890e+01 2.873e-01 5.718e-02
2.900e+01 2.801e-01 6.100e-02
2.910e+01 2.978e-01 7.160e-02
2.920e+01 3.020e-01 7.206e-02
2.930e+01 3.220e-01 6.570e-02
2.940e+01 3.188e-01 5.666e-02
2.950e+01 3.351e-01 5.192e-02
2.960e+01 2.907e-01 3.194e-02
2.970e+01 2.918e-01 2.916e-02
2.980e+01 2.859e-01 1.620e-02
2.990e+01 2.795e-01 2.932e-02
3.000e+01 2.883e-01 5.887e-02
3.010e+01 2.956e-01 5.331e-02
3.020e+01 2.968e-01 3.418e-02
3.030e+01 3.015e-01 1.876e-02
3.040e+01 3.084e-01 3.096e-02
3.050e+01 3.157e-01 2.065e-02
3.060e+01 2.864e-01 4.744e-02
3.070e+01 2.841e-01 2.994e-02
3.080e+01 2.774e-01 3.641e-02
3.090e+01 2.953e-01 4.345e-02
3.100e+01 2.782e-01 4.968e-02
3.110e+01 2.775e-01 3.525e-02
3.120e+01 2.897e-01 2.646e-02
3.130e+01 2.961e-01 2.395e-02
3.140e+01 2.897e-01 2.596e-02
3.150e+01 2.821e-01 2.375e-02
3.160e+01 2.824e-01 2.886e-02
3.170e+01 2.983e-01 3.523e-02
3.180e+01 2.857e-01 4.208e-02
3.190e+01 2.935e-01 3.910e-02
3.200e+01 2.905e-01 4.131e-02
3.210e+01 2.836e-01 4.158e-02
3.220e+01 2.756e-01 4.150e-02
3.230e+01 2.640e-01 2.886e-02
3.240e+01 2.652e-01 2.763e-02
3.250e+01 2.685e-01 1.820e-02
3.260e+01 2.714e-01 1.579e-02
3.270e+01 2.317e-01 9.415e-03
3.280e+01 2.360e-01 1.253e-02
3.290e+01 2.280e-01 1.879e-02
3.300e+01 2.309e-01 1.966e-02
3.310e+01 2.323e-01 1.204e-02
3.320e+01 2.276e-01 4.799e-03
3.330e+01 2.254e-01 1.237e-02
3.340e+01 2.317e-01 7.675e-04
3.350e+01 2.371e-01 1.363e-03
3.360e+01 2.458e-01 1.196e-02
3.370e+01 2.440e-01 2.825e-03
3.380e+01 2.439e-01 1.735e-02
3.390e+01 2.429e-01 2.394e-02
3.400e+01 2.596e-01 2.200e-02
3.410e+01 2.503e-01 2.767e-02
3.420e+01 2.392e-01 3.456e-02
3.430e+01 2.364e-01 3.139e-02
3.440e+01 2.373e-01 1.556e-02
3.450e+01 2.491e-01 1.665e-02
3.460e+01 2.504e-01 7.956e-03
3.470e+01 2.451e-01 1.155e-02
3.480e+01 2.469e-01 2.081e-02
3.490e+01 2.395e-01 4.039e-03
3.500e+01 2.380e-01 -2.224e-03
3.510e+01 2.385e-01 -5.313e-04
3.520e+01 2.323e-01 6.466e-03
3.530e+01 2.467e-01 -2.259e-02
3.540e+01 2.519e-01 -2.364e-02
3.550e+01 2.527e-01 -2.540e-02
3.560e+01 2.368e-01 5.258e-03
3.570e+01 2.172e-01 1.869e-02
3.580e+01 2.287e-01 2.846e-02
3.590e+01 2.232e-01 2.134e-02
3.600e+01 2.175e-01 -3.444e-05
3.610e+01 2.313e-01 8.140e-03
3.620e+01 2.304e-01 3.467e-03
3.630e+01 2.234e-01 5.207e-03
3.640e+01 2.319e-01 5.671e-03
3.650e+01 2.262e-01 6.749e-03
3.660e+01 2.393e-01 1.216e-03
3.670e+01 2.309e-01 2.496e-03
3.680e+01 2.274e-01 5.828e-03
3.690e+01 2.135e-01 -1.155e-02
3.700e+01 2.159e-01 -2.815e-03
3.710e+01 2.379e-01 3.044e-03
3.720e+01 2.173e-01 9.244e-03
3.730e+01 2.182e-01 1.668e-02
3.740e+01 2.244e-01 2.076e-02
3.750e+01 2.091e-01 2.127e-02
3.760e+01 2.140e-01 7.891e-03
3.770e+01 1.990e-01 1.411e-02
3.780e+01 1.947e-01 3.701e-03
3.790e+01 2.142e-01 6.015e-03
3.800e+01 2.259e-01 2.075e-02
3.810e+01 2.139e-01 1.256e-02
3.820e+01 2.158e-01 -3.557e-04
3.830e+01 2.075e-01 -4.930e-03
3.840e+01 1.987e-01 2.697e-04
3.850e+01 2.190e-01 -2.382e-03
3.860e+01 2.100e-01 1.763e-02
3.870e+01 2.186e-01 4.868e-03
3.880e+01 1.930e-01 4.450e-03
3.890e+01 2.016e-01 6.933e-03
3.900e+01 2.022e-01 1.163e-02
3.910e+01 2.186e-01 4.596e-03
3.920e+01 2.041e-01 4.710e-03
3.930e+01 1.980e-01 1.193e-02
3.940e+01 2.088e-01 1.177e-02
3.950e+01 2.056e-01 7.464e-03
3.960e+01 2.073e-01 -1.669e-03
3.970e+01 1.943e-01 1.950e-03
3.980e+01 1.839e-01 3.655e-03
3.990e+01 1.816e-01 1.729e-02
4.000e+01 1.834e-01 1.418e-02
4.010e+01 1.997e-01 -5.155e-03
4.020e+01 2.028e-01 1.530e-02
4.030e+01 1.999e-01 1.921e-02
4.040e+01 1.967e-01 3.033e-03
4.050e+01 2.025e-01 1.956e-03
4.060e+01 1.928e-01 1.014e-02
4.070e+01 1.789e-01 2.335e-02
4.080e+01 1.804e-01 3.132e-02
4.090e+01 1.813e-01 4.306e-02
4.100e+01 1.992e-01 5.042e-02
4.110e+01 2.135e-01 2.322e-02
4.120e+01 2.135e-01 3.338e-02
4.130e+01 2.025e-01 1.854e-02
4.140e+01 1.860e-01 1.187e-02
4.150e+01 1.904e-01 1.559e-02
4.160e+01 1.890e-01 2.514e-02
4.170e+01 1.959e-01 4.334e-02
4.180e+01 1.970e-01 3.135e-02
4.190e+01 1.924e-01 2.953e-02
4.200e+01 1.923e-01 2.205e-02
4.210e+01 1.822e-01 2.733e-02
4.220e+01 1.871e-01 2.817e-02
4.230e+01 1.815e-01 1.675e-02
4.240e+01 1.794e-01 1.407e-02
4.250e+01 1.835e-01 4.891e-03
4.260e+01 1.731e-01 1.146e-02
4.270e+01 1.701e-01 7.393e-03
4.280e+01 1.765e-01 1.086e-02
4.290e+01 1.806e-01 1.597e-02
4.300e+01 1.909e-01 1.366e-02
4.310e+01 1.927e-01 3.751e-03
4.320e+01 1.935e-01 2.795e-03
4.330e+01 1.838e-01 4.989e-03
4.340e+01 1.930e-01 1.534e-02
4.350e+01 2.010e-01 3.025e-02
4.360e+01 1.961e-01 3.621e-02
4.370e+01 1.856e-01 2.363e-02
4.380e+01 1.930e-01 1.249e-02
4.390e+01 2.040e-01 7.214e-03
4.400e+01 2.194e-01 1.746e-02
4.410e+01 2.001e-01 3.940e-02
4.420e+01 2.017e-01 3.364e-02
4.430e+01 1.998e-01 5.206e-02
4.440e+01 2.037e-01 3.870e-02
4.450e+01 2.230e-01 4.892e-02
4.460e+01 2.062e-01 3.294e-02
4.470e+01 1.842e-01 4.348e-02
4.480e+01 1.850e-01 3.451e-02
4.490e+01 1.748e-01 3.210e-02
4.500e+01 1.787e-01 3.026e-02
4.510e+01 1.764e-01 1.797e-02
4.520e+01 1.928e-01 1.571e-03
4.530e+01 2.003e-01 7.982e-03
4.540e+01 2.023e-01 1.531e-02
4.550e+01 1.885e-01 2.116e-02
4.560e+01 1.855e-01 2.515e-02
4.570e+01 1.919e-01 2.898e-02
4.580e+01 1.743e-01 3.640e-02
4.590e+01 1.882e-01 2.469e-02
4.600e+01 1.912e-01 1.483e-02
4.610e+01 1.782e-01 3.219e-02
4.620e+01 1.719e-01 2.657e-02
4.630e+01 1.964e-01 3.123e-02
4.640e+01 1.846e-01 7.868e-03
4.650e+01 1.971e-01 2.124e-02
4.660e+01 1.991e-01 1.968e-02
4.670e+01 1.841e-01 1.694e-02
4.680e+01 1.794e-01 1.622e-02
4.690e+01 1.771e-01 9.963e-03
4.700e+01 1.866e-01 1.104e-02
4.710e+01 1.814e-01 1.067e-02
4.720e+01 1.835e-01 9.074e-03
4.730e+01 1.764e-01 3.119e-03
4.740e+01 1.867e-01 1.081e-02
4.750e+01 1.814e-01 2.329e-02
4.760e+01 1.749e-01 1.030e-02
4.770e+01 1.835e-01 8.804e-03
4.780e+01 1.760e-01 1.088e-02
4.790e+01 1.832e-01 4.877e-03
4.800e+01 1.781e-01 1.152e-02
4.810e+01 1.796e-01 1.189e-02
4.820e+01 1.910e-01 5.945e-03
4.830e+01 1.791e-01 3.466e-03
4.840e+01 1.760e-01 9.922e-03
4.850e+01 1.833e-01 5.886e-03
4.860e+01 1.753e-01 4.825e-03
4.870e+01 1.794e-01 4.320e-03
4.880e+01 1.833e-01 1.034e-02
4.890e+01 1.722e-01 4.185e-03
4.900e+01 1.838e-01 -2.022e-03
4.910e+01 1.762e-01 -1.938e-03
4.920e+01 1.723e-01 1.527e-03
4.930e+01 1.805e-01 4.614e-03
4.940e+01 1.790e-01 -7.678e-03
4.950e+01 1.752e-01 -4.456e-03
4.960e+01 1.686e-01 1.607e-03
4.970e+01 1.591e-01 1.168e-02
4.980e+01 1.672e-01 1.032e-02
4.990e+01 1.671e-01 -5.570e-03
5.000e+01 1.766e-01 6.280e-03
5.010e+01 1.660e-01 7.096e-03
5.020e+01 1.637e-01 3.736e-03
5.030e+01 1.760e-01 -7.939e-03
5.040e+01 1.677e-01 9.898e-03
5.050e+01 1.723e-01 5.666e-05
5.060e+01 1.772e-01 2.517e-03
5.070e+01 1.756e-01 9.031e-03
5.080e+01 1.758e-01 6.086e-04
5.090e+01 1.668e-01 2.544e-03
5.100e+01 1.586e-01 4.133e-03
5.110e+01 1.627e-01 7.319e-03
5.120e+01 1.656e-01 1.717e-02
5.130e+01 1.624e-01 8.236e-03
5.140e+01 1.664e-01 -1.309e-03
5.150e+01 1.668e-01 1.010e-02
5.160e+01 1.622e-01 1.172e-02
5.170e+01 1.604e-01 9.421e-03
5.180e+01 1.548e-01 1.765e-03
5.190e+01 1.499e-01 1.042e-03
5.200e+01 1.644e-01 6.149e-03
5.210e+01 1.726e-01 5.629e-03
5.220e+01 1.620e-01 8.519e-03
5.230e+01 1.543e-01 5.636e-03
5.240e+01 1.567e-01 7.360e-03
5.250e+01 1.432e-01 1.576e-03
5.260e+01 1.530e-01 2.489e-03
5.270e+01 1.539e-01 4.539e-03
5.280e+01 1.511e-01 1.650e-02
5.290e+01 1.564e-01 1.272e-02
5.300e+01 1.600e-01 4.674e-03
5.310e+01 1.538e-01 2.773e-03
5.320e+01 1.591e-01 1.837e-02
5.330e+01 1.422e-01 6.280e-03
5.340e+01 1.264e-01 4.548e-03
5.350e+01 1.246e-01 -4.206e-03
5.360e+01 1.283e-01 -1.274e-02
5.370e+01 1.381e-01 -9.477e-03
5.380e+01 1.498e-01 -1.180e-02
5.390e+01 1.375e-01 -3.566e-03
5.400e+01 1.303e-01 -1.082e-02
5.410e+01 1.414e-01 -2.057e-02
5.420e+01 1.482e-01 -1.374e-02
5.430e+01 1.372e-01 -1.025e-02
5.440e+01 1.296e-01 -6.221e-03
5.450e+01 1.304e-01 -4.452e-03
5.460e+01 1.332e-01 -1.076e-03
5.470e+01 1.324e-01 -4.107e-04
5.480e+01 1.331e-01 -4.215e-03
5.490e+01 1.333e-01 4.695e-04
5.500e+01 1.363e-01 -6.600e-03
5.510e+01 1.401e-01 -4.452e-03
5.520e+01 1.329e-01 3.478e-04
5.530e+01 1.365e-01 1.890e-03
5.540e+01 1.320e-01 8.644e-03
5.550e+01 1.396e-01 8.528e-03
5.560e+01 1.280e-01 6.131e-03
5.570e+01 1.315e-01 -1.776e-03
5.580e+01 1.282e-01 2.954e-03
5.590e+01 1.394e-01 7.559e-03
5.600e+01 1.473e-01 1.643e-02
5.610e+01 1.521e-01 1.794e-02
5.620e+01 1.603e-01 7.593e-03
5.630e+01 1.547e-01 1.328e-02
5.640e+01 1.465e-01 2.685e-02
5.650e+01 1.386e-01 2.229e-02
5.660e+01 1.334e-01 2.211e-02
5.670e+01 1.332e-01 1.337e-02
5.680e+01 1.324e-01 -1.825e-03
5.690e+01 1.390e-01 2.917e-03
5.700e+01 1.395e-01 2.055e-03
5.710e+01 1.510e-01 9.838e-03
5.720e+01 1.398e-01 1.323e-02
5.730e+01 1.437e-01 7.784e-03
5.740e+01 1.444e-01 1.041e-02
5.750e+01 1.525e-01 1.701e-02
5.760e+01 1.486e-01 1.555e-02
5.770e+01 1.498e-01 7.083e-03
5.780e+01 1.483e-01 2.947e-03
5.790e+01 1.419e-01 1.763e-02
5.800e+01 1.422e-01 8.134e-03
5.810e+01 1.584e-01 8.133e-03
5.820e+01 1.413e-01 1.533e-02
5.830e+01 1.395e-01 7.974e-03
5.840e+01 1.396e-01 5.412e-03
5.850e+01 1.321e-01 1.830e-03
5.860e+01 1.321e-01 1.624e-03
5.870e+01 1.438e-01 2.626e-03
5.880e+01 1.183e-01 -5.168e-03
5.890e+01 1.180e-01 -4.042e-03
5.900e+01 1.154e-01 -2.962e-03
5.910e+01 1.139e-01 4.676e-03
5.920e+01 1.288e-01 7.494e-03
5.930e+01 1.302e-01 4.002e-03
5.940e+01 1.306e-01 1.393e-02
5.950e+01 1.296e-01 9.252e-03
5.960e+01 1.179e-01 4.726e-03
5.970e+01 1.190e-01 4.822e-03
5.980e+01 1.167e-01 6.350e-03
5.990e+01 1.149e-01 2.529e-03
6.000e+01 1.106e-01 5.817e-03
6.010e+01 1.122e-01 2.510e-03
6.020e+01 1.072e-01 3.484e-03
6.030e+01 1.141e-01 4.959e-03
6.040e+01 1.080e-01 -1.442e-03
6.050e+01 1.172e-01 -7.954e-03
6.060e+01 1.077e-01 -7.744e-03
6.070e+01 1.087e-01 -6.268e-03
6.080e+01 1.144e-01 -6.937e-03
6.090e+01 1.122e-01 -7.735e-03
6.100e+01 1.087e-01 -3.543e-03
6.110e+01 1.084e-01 3.331e-03
6.120e+01 1.090e-01 1.503e-03
6.130e+01 1.063e-01 8.473e-03
6.140e+01 1.034e-01 -4.349e-04
6.150e+01 1.028e-01 5.443e-03
6.160e+01 1.027e-01 3.022e-03
6.170e+01 1.008e-01 4.948e-03
6.180e+01 1.008e-01 5.484e-03
6.190e+01 1.003e-01 4.631e-03
6.200e+01 9.703e-02 -9.128e-05
6.210e+01 1.048e-01 -2.583e-03
6.220e+01 9.949e-02 -7.091e-04
6.230e+01 9.388e-02 2.099e-03
6.240e+01 9.634e-02 1.377e-03
6.250e+01 9.903e-02 1.953e-03
6.260e+01 9.376e-02 -1.981e-03
6.270e+01 9.465e-02 -7.576e-03
6.280e+01 9.726e-02 -3.606e-03
6.290e+01 9.587e-02 -4.822e-03
6.300e+01 8.942e-02 -2.840e-03
6.310e+01 1.003e-01 -1.128e-02
6.320e+01 1.006e-01 -1.504e-02
6.330e+01 8.778e-02 -6.010e-03
6.340e+01 9.092e-02 -5.289e-03
6.350e+01 9.152e-02 -2.495e-03
6.360e+01 1.008e-01 4.009e-03
6.370e+01 9.643e-02 9.984e-04
6.380e+01 9.219e-02 4.497e-03
6.390e+01 8.895e-02 6.381e-03
6.400e+01 9.225e-02 1.063e-02
6.410e+01 8.213e-02 6.282e-03
6.420e+01 8.016e-02 -1.310e-03
6.430e+01 8.244e-02 7.902e-03
6.440e+01 9.230e-02 2.728e-03
6.450e+01 9.350e-02 1.142e-03
6.460e+01 8.554e-02 4.139e-03
6.470e+01 8.515e-02 8.508e-03
6.480e+01 8.757e-02 4.390e-03
6.490e+01 9.001e-02 7.655e-03
6.500e+01 9.260e-02 4.572e-03
6.510e+01 9.792e-02 -5.951e-03
6.520e+01 9.687e-02 -8.315e-03
6.530e+01 9.910e-02 -1.055e-02
6.540e+01 9.262e-02 -1.219e-02
6.550e+01 8.978e-02 -1.044e-02
6.560e+01 9.018e-02 -9.779e-03
6.570e+01 8.613e-02 -3.878e-03
6.580e+01 8.859e-02 6.356e-03
6.590e+01 9.079e-02 -1.516e-03
6.600e+01 8.998e-02 -1.924e-03
6.610e+01 9.592e-02 1.359e-03
6.620e+01 9.880e-02 1.298e-02
6.630e+01 1.011e-01 8.708e-03
6.640e+01 9.897e-02 9.790e-03
6.650e+01 9.704e-02 9.988e-03
6.660e+01 1.012e-01 7.634e-03
6.670e+01 1.006e-01 1.354e-02
6.680e+01 9.869e-02 9.721e-03
6.690e+01 9.544e-02 1.263e-03
6.700e+01 9.230e-02 2.233e-03
6.710e+01 9.844e-02 8.652e-03
6.720e+01 9.426e-02 6.032e-03
6.730e+01 9.088e-02 9.607e-03
6.740e+01 1.041e-01 1.476e-02
6.750e+01 9.460e-02 6.535e-03
6.760e+01 1.070e-01 -9.851e-03
6.770e+01 9.568e-02 -4.705e-03
6.780e+01 9.785e-02 -1.000e-02
6.790e+01 9.343e-02 -2.840e-03
6.800e+01 9.282e-02 4.785e-03
6.810e+01 9.398e-02 -6.299e-03
6.820e+01 1.017e-01 -6.612e-04
6.830e+01 9.562e-02 -7.454e-03
6.840e+01 9.681e-02 -1.207e-03
6.850e+01 9.465e-02 2.702e-03
6.860e+01 8.800e-02 5.518e-03
6.870e+01 9.818e-02 6.022e-03
6.880e+01 9.044e-02 -4.130e-03
6.890e+01 9.649e-02 -6.106e-03
6.900e+01 9.507e-02 -7.224e-03
6.910e+01 9.688e-02 -2.167e-03
6.920e+01 9.117e-02 -9.014e-04
6.930e+01 8.878e-02 -9.009e-04
6.940e+01 8.878e-02 -2.667e-03
6.950e+01 8.948e-02 -3.678e-03
6.960e+01 9.070e-02 -1.288e-02
6.970e+01 8.890e-02 -1.233e-02
6.980e+01 8.481e-02 -9.330e-03
6.990e+01 8.063e-02 -3.774e-03
7.000e+01 8.611e-02 -5.385e-03
7.010e+01 9.165e-02 -1.248e-03
7.020e+01 8.824e-02 8.717e-04
7.030e+01 9.131e-02 -8.897e-04
7.040e+01 8.991e-02 -1.321e-03
7.050e+01 9.421e-02 2.592e-03
7.060e+01 9.449e-02 8.650e-03
7.070e+01 8.864e-02 5.595e-03
7.080e+01 8.632e-02 1.009e-02
7.090e+01 8.208e-02 9.536e-03
7.100e+01 8.579e-02 9.389e-03
7.110e+01 8.908e-02 7.886e-03
7.120e+01 9.937e-02 8.395e-03
7.130e+01 1.057e-01 6.511e-03
7.140e+01 1.079e-01 -3.876e-04
7.150e+01 1.001e-01 -2.689e-03
7.160e+01 1.025e-01 6.325e-03
7.170e+01 1.064e-01 2.216e-02
7.180e+01 1.062e-01 2.025e-02
7.190e+01 1.014e-01 9.514e-03
7.200e+01 1.055e-01 1.040e-02
7.210e+01 9.442e-02 7.616e-03
7.220e+01 1.189e-01 7.585e-03
7.230e+01 1.158e-01 1.289e-02
7.240e+01 1.163e-01 9.778e-03
7.250e+01 1.235e-01 1.669e-02
7.260e+01 1.172e-01 9.586e-03
7.270e+01 1.128e-01 1.309e-02
7.280e+01 1.138e-01 1.516e-02
7.290e+01 1.131e-01 2.138e-02
7.300e+01 1.153e-01 2.342e-02
7.310e+01 1.132e-01 1.829e-02
7.320e+01 1.143e-01 1.392e-02
7.330e+01 1.086e-01 -2.412e-03
7.340e+01 1.168e-01 1.280e-02
7.350e+01 1.076e-01 2.700e-02
7.360e+01 1.124e-01 3.142e-02
7.370e+01 1.062e-01 2.831e-02
7.380e+01 1.101e-01 1.663e-02
7.390e+01 1.173e-01 1.794e-02
7.400e+01 1.156e-01 1.880e-02
7.410e+01 9.601e-02 2.036e-02
7.420e+01 1.152e-01 3.214e-02
7.430e+01 9.860e-02 2.661e-02
7.440e+01 9.434e-02 3.227e-02
7.450e+01 9.693e-02 3.486e-02
7.460e+01 1.046e-01 2.503e-02
7.470e+01 1.012e-01 2.454e-02
7.480e+01 9.613e-02 2.329e-02
7.490e+01 1.098e-01 -1.794e-03
7.500e+01 9.453e-02 7.593e-03
7.510e+01 1.054e-01 1.296e-02
7.520e+01 1.001e-01 1.007e-02
7.530e+01 1.206e-01 1.081e-02
7.540e+01 1.156e-01 2.223e-02
7.550e+01 1.125e-01 2.052e-02
7.560e+01 1.118e-01 2.843e-02
7.570e+01 1.047e-01 3.582e-02
7.580e+01 1.031e-01 3.135e-02
7.590e+01 1.043e-01 2.194e-02
7.600e+01 1.167e-01 1.647e-02
7.610e+01 1.200e-01 1.806e-02
7.620e+01 1.127e-01 1.702e-02
7.630e+01 1.200e-01 3.145e-02
7.640e+01 1.177e-01 1.525e-02
7.650e+01 1.016e-01 2.845e-02
7.660e+01 9.917e-02 4.620e-02
7.670e+01 1.186e-01 2.973e-02
7.680e+01 1.208e-01 2.499e-02
7.690e+01 1.108e-01 1.898e-02
7.700e+01 1.040e-01 2.773e-02
7.710e+01 1.178e-01 2.925e-02
7.720e+01 1.137e-01 1.595e-02
7.730e+01 1.068e-01 1.783e-02
7.740e+01 1.251e-01 3.425e-02
7.750e+01 1.097e-01 2.414e-02
7.760e+01 1.005e-01 3.188e-02
7.770e+01 1.097e-01 2.980e-02
7.780e+01 1.028e-01 2.825e-02
7.790e+01 1.097e-01 3.969e-02
7.800e+01 9.578e-02 3.119e-02
7.810e+01 9.720e-02 3.554e-02
7.820e+01 9.651e-02 3.078e-02
7.830e+01 1.085e-01 3.087e-02
7.840e+01 1.028e-01 3.260e-02
7.850e+01 1.125e-01 3.429e-02
7.860e+01 1.071e-01 2.322e-02
7.870e+01 1.180e-01 3.065e-02
7.880e+01 1.083e-01 3.624e-02
7.890e+01 1.119e-01 3.566e-02
7.900e+01 1.094e-01 2.806e-02
7.910e+01 9.906e-02 3.634e-02
7.920e+01 1.133e-01 3.646e-02
7.930e+01 1.213e-01 3.816e-02
7.940e+01 1.091e-01 3.303e-02
7.950e+01 1.065e-01 4.014e-02
7.960e+01 8.500e-02 3.054e-02
7.970e+01 8.277e-02 3.019e-02
7.980e+01 9.823e-02 4.126e-02
7.990e+01 1.037e-01 2.585e-02
8.000e+01 9.649e-02 2.856e-02
8.010e+01 1.042e-01 3.922e-02
8.020e+01 1.030e-01 3.282e-02
8.030e+01 9.255e-02 2.483e-02
8.040e+01 8.248e-02 2.727e-02
8.050e+01 9.138e-02 2.474e-02
8.060e+01 1.050e-01 2.236e-02
8.070e+01 1.004e-01 2.532e-02
8.080e+01 1.044e-01 2.678e-02
8.090e+01 9.475e-02 2.418e-02
8.100e+01 9.203e-02 1.235e-02
8.110e+01 1.035e-01 1.544e-02
8.120e+01 9.518e-02 2.416e-02
8.130e+01 9.138e-02 2.244e-02
8.140e+01 9.076e-02 2.159e-02
8.150e+01 9.278e-02 2.126e-02
8.160e+01 9.428e-02 1.941e-02
8.170e+01 9.686e-02 2.495e-02
8.180e+01 8.857e-02 2.712e-02
8.190e+01 9.653e-02 2.896e-02
8.200e+01 9.110e-02 2.731e-02
8.210e+01 8.739e-02 1.895e-02
8.220e+01 8.100e-02 1.039e-02
8.230e+01 7.220e-02 1.384e-02
8.240e+01 7.344e-02 4.095e-03
8.250e+01 7.923e-02 5.515e-03
8.260e+01 8.183e-02 2.005e-02
8.270e+01 7.725e-02 1.604e-02
8.280e+01 7.651e-02 1.520e-02
8.290e+01 7.846e-02 1.772e-02
8.300e+01 8.819e-02 1.657e-02
8.310e+01 8.942e-02 1.893e-02
8.320e+01 8.536e-02 2.553e-02
8.330e+01 7.468e-02 1.904e-02
8.340e+01 7.000e-02 1.637e-02
8.350e+01 7.531e-02 1.590e-02
8.360e+01 8.362e-02 1.213e-02
8.370e+01 9.150e-02 8.641e-03
8.380e+01 8.159e-02 1.953e-02
8.390e+01 8.109e-02 2.983e-02
8.400e+01 8.528e-02 2.306e-02
8.410e+01 8.873e-02 1.620e-02
8.420e+01 9.115e-02 2.725e-02
8.430e+01 9.340e-02 2.100e-02
8.440e+01 9.465e-02 1.201e-02
8.450e+01 8.254e-02 1.407e-02
8.460e+01 8.075e-02 1.565e-02
8.470e+01 8.055e-02 2.200e-02
8.480e+01 9.359e-02 1.983e-02
8.490e+01 9.195e-02 1.547e-02
8.500e+01 9.161e-02 1.451e-02
8.510e+01 9.470e-02 2.490e-02
8.520e+01 8.094e-02 2.883e-02
8.530e+01 8.139e-02 2.006e-02
8.540e+01 8.038e-02 1.186e-02
8.550e+01 8.039e-02 1.542e-02
8.560e+01 8.311e-02 1.587e-02
8.570e+01 7.717e-02 1.340e-02
8.580e+01 8.141e-02 1.824e-02
8.590e+01 7.894e-02 1.686e-02
8.600e+01 7.374e-02 2.017e-02
8.610e+01 6.865e-02 1.599e-02
8.620e+01 6.906e-02 1.196e-02
8.630e+01 6.293e-02 9.438e-03
8.640e+01 6.800e-02 1.488e-02
8.650e+01 6.998e-02 1.389e-02
8.660e+01 6.956e-02 1.699e-02
8.670e+01 6.862e-02 1.411e-02
8.680e+01 7.073e-02 4.367e-03
8.690e+01 8.307e-02 1.665e-02
8.700e+01 8.405e-02 2.225e-02
8.710e+01 8.274e-02 1.918e-02
8.720e+01 7.351e-02 1.235e-02
8.730e+01 7.101e-02 8.652e-03
8.740e+01 6.862e-02 1.160e-02
8.750e+01 7.129e-02 1.329e-02
8.760e+01 7.084e-02 1.107e-02
8.770e+01 7.751e-02 1.069e-02
8.780e+01 7.694e-02 2.675e-02
8.790e+01 6.920e-02 2.150e-02
8.800e+01 6.790e-02 1.744e-02
8.810e+01 7.570e-02 1.453e-02
8.820e+01 6.748e-02 1.855e-02
8.830e+01 7.434e-02 1.800e-02
8.840e+01 8.213e-02 1.207e-02
8.850e+01 7.943e-02 1.209e-02
8.860e+01 7.769e-02 1.239e-02
8.870e+01 6.962e-02 6.537e-03
8.880e+01 6.920e-02 5.415e-03
8.890e+01 6.948e-02 1.411e-02
8.900e+01 7.330e-02 1.046e-02
8.910e+01 7.414e-02 1.394e-02
8.920e+01 7.733e-02 6.758e-03
8.930e+01 8.208e-02 8.177e-04
8.940e+01 7.622e-02 -1.077e-03
8.950e+01 7.612e-02 2.208e-04
8.960e+01 7.485e-02 9.771e-03
8.970e+01 7.472e-02 5.197e-03
8.980e+01 7.285e-02 7.906e-03
8.990e+01 6.630e-02 4.959e-03
9.000e+01 5.678e-02 7.059e-03
9.010e+01 6.163e-02 2.022e-03
9.020e+01 6.886e-02 -2.811e-04
9.030e+01 7.997e-02 -7.240e-04
9.040e+01 7.381e-02 1.117e-02
9.050e+01 7.317e-02 1.106e-02
9.060e+01 7.411e-02 9.927e-03
9.070e+01 7.939e-02 6.473e-03
9.080e+01 7.579e-02 6.054e-03
9.090e+01 8.109e-02 2.181e-03
9.100e+01 8.619e-02 2.647e-04
9.110e+01 8.775e-02 2.380e-03
9.120e+01 8.134e-02 4.982e-03
9.130e+01 8.437e-02 -3.404e-03
9.140e+01 7.106e-02 4.818e-03
9.150e+01 7.434e-02 1.491e-02
9.160e+01 6.721e-02 1.639e-02
9.170e+01 7.204e-02 9.561e-03
9.180e+01 6.737e-02 2.320e-03
9.190e+01 6.836e-02 2.366e-03
9.200e+01 6.349e-02 5.187e-03
9.210e+01 7.241e-02 5.207e-03
9.220e+01 7.087e-02 5.204e-03
9.230e+01 6.549e-02 4.198e-03
9.240e+01 6.583e-02 3.692e-03
9.250e+01 6.924e-02 2.690e-03
9.260e+01 6.805e-02 4.363e-03
9.270e+01 6.668e-02 -2.714e-03
9.280e+01 5.963e-02 3.950e-03
9.290e+01 6.147e-02 1.840e-03
9.300e+01 6.068e-02 1.536e-03
9.310e+01 6.552e-02 -2.378e-03
9.320e+01 6.606e-02 -1.379e-03
9.330e+01 6.197e-02 -2.383e-03
9.340e+01 5.789e-02 -1.876e-03
9.350e+01 5.882e-02 -2.262e-03
9.360e+01 6.616e-02 6.367e-04
9.370e+01 6.560e-02 -3.478e-03
9.380e+01 6.480e-02 2.058e-03
9.390e+01 6.453e-02 2.747e-03
9.400e+01 6.818e-02 9.608e-03
9.410e+01 6.915e-02 1.395e-03
9.420e+01 7.346e-02 -6.327e-03
9.430e+01 7.119e-02 -8.021e-03
9.440e+01 6.346e-02 -1.023e-02
9.450e+01 6.480e-02 -9.397e-03
9.460e+01 6.119e-02 -1.034e-02
9.470e+01 6.526e-02 -2.922e-03
9.480e+01 6.312e-02 2.792e-03
9.490e+01 5.909e-02 3.735e-03
9.500e+01 6.392e-02 -1.946e-03
9.510e+01 6.152e-02 4.768e-03
9.520e+01 6.278e-02 7.240e-03
9.530e+01 5.666e-02 1.011e-02
9.540e+01 6.036e-02 9.339e-04
9.550e+01 5.577e-02 -1.508e-03
9.560e+01 6.229e-02 -3.942e-03
9.570e+01 5.662e-02 3.439e-03
9.580e+01 5.400e-02 3.283e-03
9.590e+01 6.364e-02 3.753e-03
9.600e+01 6.556e-02 3.869e-03
9.610e+01 7.106e-02 7.781e-03
9.620e+01 6.486e-02 1.029e-02
9.630e+01 6.373e-02 1.864e-03
9.640e+01 6.882e-02 5.697e-03
9.650e+01 6.817e-02 3.070e-03
9.660e+01 6.614e-02 3.354e-03
9.670e+01 6.556e-02 4.114e-03
9.680e+01 6.390e-02 7.730e-03
9.690e+01 6.488e-02 5.728e-03
9.700e+01 7.228e-02 6.573e-03
9.710e+01 6.859e-02 7.931e-03
9.720e+01 6.310e-02 1.106e-02
9.730e+01 6.289e-02 1.008e-02
9.740e+01 7.005e-02 5.508e-03
9.750e+01 5.081e-02 1.067e-03
9.760e+01 5.789e-02 -2.421e-03
9.770e+01 5.666e-02 2.446e-03
9.780e+01 6.184e-02 1.211e-04
9.790e+01 5.873e-02 8.079e-04
9.800e+01 5.596e-02 5.672e-03
9.810e+01 5.749e-02 2.287e-03
9.820e+01 5.817e-02 2.022e-03
9.830e+01 6.009e-02 2.899e-03
9.840e+01 6.607e-02 7.996e-03
9.850e+01 6.803e-02 2.417e-03
9.860e+01 6.308e-02 7.313e-03
9.870e+01 6.600e-02 8.510e-03
9.880e+01 6.916e-02 5.332e-03
9.890e+01 7.191e-02 5.548e-03
9.900e+01 6.731e-02 5.983e-03
9.910e+01 6.961e-02 3.027e-03
9.920e+01 7.326e-02 -2.994e-03
9.930e+01 6.859e-02 -4.458e-03
9.940e+01 6.805e-02 -3.479e-04
9.950e+01 6.580e-02 9.960e-04
9.960e+01 6.127e-02 -2.846e-03
9.970e+01 5.369e-02 1.355e-04
9.980e+01 5.445e-02 -1.827e-03
9.990e+01 5.510e-02 7.188e-04
