# Frequency (1.0/ps)      real(fft(F_2))
0.000e+00 2.354e+02
1.000e-02 4.371e+01
2.000e-02 6.434e+00
3.000e-02 1.007e+01
4.000e-02 1.935e+01
5.000e-02 9.068e+00
6.000e-02 2.184e+00
7.000e-02 7.174e+00
8.000e-02 5.021e+00
9.000e-02 8.970e-01
1.000e-01 7.681e-01
1.100e-01 1.351e+00
1.200e-01 -3.099e-01
1.300e-01 -2.155e+00
1.400e-01 1.946e+00
1.500e-01 1.132e+00
1.600e-01 -5.582e-01
1.700e-01 -3.495e+00
1.800e-01 3.401e-01
1.900e-01 2.243e+00
2.000e-01 1.443e+00
2.100e-01 -1.468e+00
2.200e-01 -9.379e-01
2.300e-01 4.652e-01
2.400e-01 5.934e-02
2.500e-01 1.152e+00
2.600e-01 -4.076e-01
2.700e-01 7.406e-01
2.800e-01 8.320e-01
2.900e-01 1.207e+00
3.000e-01 -6.546e-01
3.100e-01 -8.176e-01
3.200e-01 1.246e+00
3.300e-01 5.108e-01
3.400e-01 3.782e-01
3.500e-01 3.863e-01
3.600e-01 3.720e-01
3.700e-01 -6.465e-01
3.800e-01 6.762e-01
3.900e-01 1.652e+00
4.000e-01 3.092e-01
4.100e-01 8.398e-01
4.200e-01 -5.358e-02
4.300e-01 6.360e-01
4.400e-01 1.087e+00
4.500e-01 -8.225e-01
4.600e-01 -3.484e-02
4.700e-01 8.385e-01
4.800e-01 1.833e-01
4.900e-01 -1.251e+00
5.000e-01 -5.179e-01
5.100e-01 -6.594e-01
5.200e-01 -9.256e-02
5.300e-01 9.985e-01
5.400e-01 7.834e-01
5.500e-01 -2.637e-01
5.600e-01 -2.961e-01
5.700e-01 1.341e+00
5.800e-01 1.998e-01
5.900e-01 1.884e+00
6.000e-01 2.570e-01
6.100e-01 5.250e-01
6.200e-01 7.526e-01
6.300e-01 1.102e-01
6.400e-01 8.162e-01
6.500e-01 1.600e+00
6.600e-01 1.240e+00
6.700e-01 1.534e-01
6.800e-01 1.133e+00
6.900e-01 1.259e+00
7.000e-01 9.677e-01
7.100e-01 -1.122e-01
7.200e-01 -1.614e-02
7.300e-01 -2.303e-01
7.400e-01 -6.685e-01
7.500e-01 -5.073e-01
7.600e-01 4.211e-01
7.700e-01 6.977e-01
7.800e-01 -1.246e+00
7.900e-01 -7.053e-01
8.000e-01 -6.973e-01
8.100e-01 6.871e-01
8.200e-01 1.658e-01
8.300e-01 -4.107e-01
8.400e-01 2.120e-01
8.500e-01 5.757e-01
8.600e-01 3.857e-01
8.700e-01 2.069e-01
8.800e-01 5.219e-01
8.900e-01 5.185e-01
9.000e-01 2.962e-01
9.100e-01 1.330e+00
9.200e-01 1.077e+00
9.300e-01 8.860e-02
9.400e-01 -4.677e-01
9.500e-01 -1.895e-01
9.600e-01 8.374e-02
9.700e-01 2.019e-01
9.800e-01 6.738e-01
9.900e-01 9.869e-02
1.000e+00 -6.028e-01
1.010e+00 8.518e-02
1.020e+00 -3.480e-01
1.030e+00 -6.851e-01
1.040e+00 -7.565e-02
1.050e+00 6.236e-01
1.060e+00 9.214e-01
1.070e+00 7.968e-01
1.080e+00 -6.182e-02
1.090e+00 4.185e-01
1.100e+00 1.470e+00
1.110e+00 7.455e-01
1.120e+00 1.026e+00
1.130e+00 1.096e+00
1.140e+00 2.776e-01
1.150e+00 2.982e-01
1.160e+00 5.257e-02
1.170e+00 -8.126e-02
1.180e+00 5.933e-01
1.190e+00 8.568e-01
1.200e+00 2.827e-01
1.210e+00 9.884e-01
1.220e+00 1.094e-01
1.230e+00 5.659e-01
1.240e+00 9.007e-01
1.250e+00 7.614e-01
1.260e+00 6.737e-01
1.270e+00 1.964e-01
1.280e+00 -3.506e-01
1.290e+00 2.257e-01
1.300e+00 4.409e-01
1.310e+00 -5.916e-01
1.320e+00 -9.109e-02
1.330e+00 -1.763e-01
1.340e+00 4.912e-01
1.350e+00 7.700e-01
1.360e+00 6.217e-01
1.370e+00 4.030e-01
1.380e+00 6.082e-01
1.390e+00 6.480e-01
1.400e+00 9.604e-01
1.410e+00 7.655e-01
1.420e+00 2.374e-01
1.430e+00 5.534e-01
1.440e+00 2.616e-01
1.450e+00 -2.425e-02
1.460e+00 3.531e-01
1.470e+00 9.018e-01
1.480e+00 1.028e+00
1.490e+00 2.323e-01
1.500e+00 5.997e-01
1.510e+00 3.022e-01
1.520e+00 7.313e-01
1.530e+00 5.614e-01
1.540e+00 1.163e+00
1.550e+00 1.562e+00
1.560e+00 1.139e+00
1.570e+00 3.642e-01
1.580e+00 5.087e-01
1.590e+00 6.569e-01
1.600e+00 4.400e-01
1.610e+00 7.210e-01
1.620e+00 5.718e-01
1.630e+00 1.060e+00
1.640e+00 8.957e-01
1.650e+00 1.022e+00
1.660e+00 1.575e+00
1.670e+00 1.126e+00
1.680e+00 3.923e-01
1.690e+00 2.286e-01
1.700e+00 5.428e-01
1.710e+00 9.391e-01
1.720e+00 8.681e-01
1.730e+00 5.396e-01
1.740e+00 7.522e-01
1.750e+00 7.620e-01
1.760e+00 7.993e-01
1.770e+00 1.704e+00
1.780e+00 6.403e-01
1.790e+00 8.063e-01
1.800e+00 1.099e+00
1.810e+00 8.040e-01
1.820e+00 4.300e-01
1.830e+00 -2.016e-01
1.840e+00 6.197e-01
1.850e+00 2.072e-01
1.860e+00 3.894e-01
1.870e+00 2.797e-01
1.880e+00 6.261e-01
1.890e+00 2.287e-01
1.900e+00 5.189e-01
1.910e+00 7.216e-01
1.920e+00 6.588e-01
1.930e+00 6.031e-01
1.940e+00 1.076e+00
1.950e+00 4.086e-01
1.960e+00 4.657e-01
1.970e+00 9.257e-01
1.980e+00 7.477e-01
1.990e+00 6.883e-01
2.000e+00 1.087e+00
2.010e+00 5.897e-01
2.020e+00 1.024e+00
2.030e+00 7.466e-01
2.040e+00 6.164e-01
2.050e+00 5.220e-01
2.060e+00 6.225e-01
2.070e+00 1.501e+00
2.080e+00 7.524e-01
2.090e+00 1.443e-01
2.100e+00 5.141e-02
2.110e+00 6.809e-01
2.120e+00 3.286e-01
2.130e+00 -1.917e-03
2.140e+00 4.338e-01
2.150e+00 6.720e-02
2.160e+00 6.198e-01
2.170e+00 4.675e-01
2.180e+00 6.449e-01
2.190e+00 6.237e-01
2.200e+00 6.020e-01
2.210e+00 8.546e-01
2.220e+00 8.576e-01
2.230e+00 1.234e+00
2.240e+00 9.552e-01
2.250e+00 4.485e-01
2.260e+00 4.731e-01
2.270e+00 7.603e-01
2.280e+00 7.375e-01
2.290e+00 8.262e-01
2.300e+00 9.772e-01
2.310e+00 4.294e-01
2.320e+00 5.038e-02
2.330e+00 2.371e-01
2.340e+00 1.495e+00
2.350e+00 1.007e+00
2.360e+00 8.747e-01
2.370e+00 -2.110e-02
2.380e+00 -1.725e-01
2.390e+00 4.505e-01
2.400e+00 9.618e-01
2.410e+00 4.537e-01
2.420e+00 5.225e-01
2.430e+00 8.734e-01
2.440e+00 7.847e-01
2.450e+00 1.002e+00
2.460e+00 1.044e+00
2.470e+00 1.139e+00
2.480e+00 8.138e-01
2.490e+00 4.634e-01
2.500e+00 2.108e-01
2.510e+00 4.071e-01
2.520e+00 5.172e-01
2.530e+00 3.109e-01
2.540e+00 3.315e-01
2.550e+00 2.548e-01
2.560e+00 8.607e-01
2.570e+00 3.429e-01
2.580e+00 7.264e-01
2.590e+00 8.503e-01
2.600e+00 5.796e-01
2.610e+00 2.736e-01
2.620e+00 1.012e-01
2.630e+00 8.223e-03
2.640e+00 5.569e-01
2.650e+00 3.903e-01
2.660e+00 4.323e-01
2.670e+00 4.889e-01
2.680e+00 8.494e-01
2.690e+00 9.989e-01
2.700e+00 1.000e+00
2.710e+00 1.115e+00
2.720e+00 6.816e-01
2.730e+00 1.771e-01
2.740e+00 8.024e-01
2.750e+00 1.184e+00
2.760e+00 1.246e+00
2.770e+00 4.763e-01
2.780e+00 -2.598e-02
2.790e+00 3.030e-01
2.800e+00 7.858e-01
2.810e+00 4.802e-01
2.820e+00 6.922e-03
2.830e+00 -3.349e-01
2.840e+00 3.044e-01
2.850e+00 6.249e-01
2.860e+00 4.908e-01
2.870e+00 4.322e-01
2.880e+00 3.303e-01
2.890e+00 -1.233e-01
2.900e+00 -1.837e-01
2.910e+00 5.289e-01
2.920e+00 3.075e-01
2.930e+00 1.070e-01
2.940e+00 6.061e-01
2.950e+00 4.242e-01
2.960e+00 6.098e-01
2.970e+00 8.211e-02
2.980e+00 6.091e-01
2.990e+00 8.064e-01
3.000e+00 6.065e-01
3.010e+00 8.221e-01
3.020e+00 8.127e-01
3.030e+00 7.934e-01
3.040e+00 6.619e-01
3.050e+00 3.997e-01
3.060e+00 3.147e-01
3.070e+00 2.826e-01
3.080e+00 8.337e-01
3.090e+00 6.354e-01
3.100e+00 5.420e-01
3.110e+00 3.349e-01
3.120e+00 4.751e-01
3.130e+00 1.115e+00
3.140e+00 1.070e+00
3.150e+00 9.626e-01
3.160e+00 1.014e+00
3.170e+00 2.211e-01
3.180e+00 -9.727e-02
3.190e+00 2.117e-01
3.200e+00 4.537e-01
3.210e+00 3.637e-01
3.220e+00 5.617e-01
3.230e+00 5.494e-01
3.240e+00 6.845e-01
3.250e+00 1.753e-01
3.260e+00 1.846e-01
3.270e+00 6.893e-01
3.280e+00 4.850e-01
3.290e+00 5.119e-01
3.300e+00 8.086e-01
3.310e+00 5.470e-01
3.320e+00 2.482e-01
3.330e+00 -3.018e-01
3.340e+00 4.235e-01
3.350e+00 3.675e-01
3.360e+00 3.594e-01
3.370e+00 3.779e-01
3.380e+00 7.117e-01
3.390e+00 5.847e-01
3.400e+00 7.922e-01
3.410e+00 6.234e-01
3.420e+00 5.714e-01
3.430e+00 5.396e-01
3.440e+00 4.558e-01
3.450e+00 3.363e-01
3.460e+00 5.223e-01
3.470e+00 -1.589e-01
3.480e+00 4.966e-01
3.490e+00 4.001e-01
3.500e+00 8.024e-01
3.510e+00 3.937e-01
3.520e+00 5.681e-01
3.530e+00 6.496e-01
3.540e+00 2.824e-01
3.550e+00 3.283e-01
3.560e+00 7.605e-01
3.570e+00 7.635e-01
3.580e+00 3.099e-01
3.590e+00 -6.746e-03
3.600e+00 7.161e-02
3.610e+00 9.175e-01
3.620e+00 9.090e-01
3.630e+00 8.594e-01
3.640e+00 3.274e-01
3.650e+00 2.626e-01
3.660e+00 3.660e-01
3.670e+00 3.209e-01
3.680e+00 2.371e-01
3.690e+00 2.451e-01
3.700e+00 3.253e-01
3.710e+00 6.679e-01
3.720e+00 7.291e-01
3.730e+00 6.286e-01
3.740e+00 3.094e-01
3.750e+00 2.320e-01
3.760e+00 5.097e-01
3.770e+00 9.098e-01
3.780e+00 5.035e-01
3.790e+00 4.544e-01
3.800e+00 7.422e-01
3.810e+00 1.583e-01
3.820e+00 3.120e-01
3.830e+00 3.841e-01
3.840e+00 5.795e-01
3.850e+00 4.610e-01
3.860e+00 4.503e-01
3.870e+00 6.117e-01
3.880e+00 4.891e-01
3.890e+00 3.528e-01
3.900e+00 3.701e-01
3.910e+00 6.725e-01
3.920e+00 4.475e-01
3.930e+00 5.335e-01
3.940e+00 7.763e-01
3.950e+00 7.210e-01
3.960e+00 8.002e-01
3.970e+00 9.424e-02
3.980e+00 2.967e-01
3.990e+00 4.849e-01
4.000e+00 5.031e-01
4.010e+00 3.013e-01
4.020e+00 3.924e-01
4.030e+00 3.170e-01
4.040e+00 3.403e-01
4.050e+00 4.288e-01
4.060e+00 2.780e-01
4.070e+00 3.223e-01
4.080e+00 3.929e-01
4.090e+00 4.312e-01
4.100e+00 4.447e-01
4.110e+00 6.157e-01
4.120e+00 2.047e-01
4.130e+00 4.730e-01
4.140e+00 6.606e-01
4.150e+00 4.071e-01
4.160e+00 2.110e-01
4.170e+00 7.040e-02
4.180e+00 4.536e-01
4.190e+00 4.978e-01
4.200e+00 7.071e-01
4.210e+00 5.638e-01
4.220e+00 3.718e-01
4.230e+00 6.342e-01
4.240e+00 6.444e-01
4.250e+00 6.196e-01
4.260e+00 5.444e-01
4.270e+00 3.359e-01
4.280e+00 1.368e-01
4.290e+00 3.720e-01
4.300e+00 5.454e-01
4.310e+00 3.711e-01
4.320e+00 4.580e-01
4.330e+00 4.599e-01
4.340e+00 6.686e-01
4.350e+00 6.146e-01
4.360e+00 7.884e-01
4.370e+00 3.220e-01
4.380e+00 6.199e-01
4.390e+00 7.303e-01
4.400e+00 2.112e-01
4.410e+00 4.394e-01
4.420e+00 5.219e-01
4.430e+00 6.531e-01
4.440e+00 2.867e-01
4.450e+00 1.701e-01
4.460e+00 1.767e-01
4.470e+00 8.756e-01
4.480e+00 4.692e-01
4.490e+00 5.717e-01
4.500e+00 5.902e-01
4.510e+00 3.266e-01
4.520e+00 3.483e-02
4.530e+00 1.937e-01
4.540e+00 6.234e-01
4.550e+00 3.790e-01
4.560e+00 2.818e-01
4.570e+00 7.062e-01
4.580e+00 6.446e-01
4.590e+00 3.556e-01
4.600e+00 3.405e-01
4.610e+00 1.086e+00
4.620e+00 7.564e-01
4.630e+00 5.151e-01
4.640e+00 7.489e-01
4.650e+00 5.799e-01
4.660e+00 1.427e-01
4.670e+00 2.891e-01
4.680e+00 7.983e-01
4.690e+00 5.634e-01
4.700e+00 5.117e-02
4.710e+00 -2.511e-01
4.720e+00 6.029e-01
4.730e+00 5.766e-01
4.740e+00 8.297e-02
4.750e+00 4.319e-01
4.760e+00 2.070e-01
4.770e+00 1.828e-01
4.780e+00 5.498e-01
4.790e+00 5.631e-01
4.800e+00 1.093e-01
4.810e+00 1.811e-01
4.820e+00 5.367e-01
4.830e+00 5.900e-01
4.840e+00 6.517e-01
4.850e+00 3.382e-01
4.860e+00 2.592e-01
4.870e+00 3.852e-02
4.880e+00 1.591e-01
4.890e+00 5.084e-02
4.900e+00 1.332e-01
4.910e+00 7.532e-01
4.920e+00 5.135e-01
4.930e+00 3.869e-01
4.940e+00 5.759e-01
4.950e+00 6.634e-01
4.960e+00 5.698e-01
4.970e+00 7.261e-01
4.980e+00 7.545e-01
4.990e+00 3.382e-01
-5.000e+00 1.636e-01
-4.990e+00 6.225e-01
-4.980e+00 7.890e-01
-4.970e+00 7.395e-01
-4.960e+00 8.100e-01
-4.950e+00 3.837e-01
-4.940e+00 6.913e-01
-4.930e+00 2.470e-01
-4.920e+00 5.479e-01
-4.910e+00 4.780e-01
-4.900e+00 5.359e-01
-4.890e+00 8.997e-01
-4.880e+00 8.497e-01
-4.870e+00 6.175e-01
-4.860e+00 6.375e-01
-4.850e+00 7.992e-01
-4.840e+00 7.209e-01
-4.830e+00 7.797e-01
-4.820e+00 7.224e-01
-4.810e+00 6.584e-01
-4.800e+00 3.171e-01
-4.790e+00 5.337e-01
-4.780e+00 7.626e-01
-4.770e+00 6.957e-01
-4.760e+00 7.075e-01
-4.750e+00 6.944e-01
-4.740e+00 7.959e-01
-4.730e+00 8.478e-01
-4.720e+00 2.514e-01
-4.710e+00 5.551e-01
-4.700e+00 1.068e+00
-4.690e+00 7.948e-01
-4.680e+00 1.946e-01
-4.670e+00 1.577e-01
-4.660e+00 7.682e-01
-4.650e+00 5.596e-01
-4.640e+00 3.392e-01
-4.630e+00 5.119e-01
-4.620e+00 7.861e-01
-4.610e+00 5.292e-01
-4.600e+00 5.946e-01
-4.590e+00 1.173e-02
-4.580e+00 4.024e-01
-4.570e+00 5.566e-01
-4.560e+00 6.671e-01
-4.550e+00 6.654e-01
-4.540e+00 8.070e-01
-4.530e+00 7.225e-01
-4.520e+00 1.965e-01
-4.510e+00 7.453e-01
-4.500e+00 9.064e-01
-4.490e+00 5.508e-01
-4.480e+00 5.781e-01
-4.470e+00 6.513e-01
-4.460e+00 3.851e-01
-4.450e+00 5.704e-01
-4.440e+00 6.922e-01
-4.430e+00 7.603e-01
-4.420e+00 5.744e-01
-4.410e+00 1.011e-01
-4.400e+00 4.502e-01
-4.390e+00 5.388e-01
-4.380e+00 7.194e-01
-4.370e+00 5.513e-01
-4.360e+00 5.811e-01
-4.350e+00 5.057e-01
-4.340e+00 1.177e+00
-4.330e+00 6.301e-01
-4.320e+00 5.084e-01
-4.310e+00 5.775e-01
-4.300e+00 5.141e-01
-4.290e+00 1.310e+00
-4.280e+00 1.026e+00
-4.270e+00 9.012e-01
-4.260e+00 8.184e-01
-4.250e+00 5.234e-01
-4.240e+00 1.064e+00
-4.230e+00 8.481e-01
-4.220e+00 6.853e-01
-4.210e+00 7.335e-01
-4.200e+00 8.827e-01
-4.190e+00 7.734e-01
-4.180e+00 4.394e-01
-4.170e+00 6.002e-01
-4.160e+00 5.376e-01
-4.150e+00 5.487e-01
-4.140e+00 6.716e-01
-4.130e+00 4.348e-01
-4.120e+00 5.287e-01
-4.110e+00 4.206e-01
-4.100e+00 5.104e-01
-4.090e+00 3.945e-01
-4.080e+00 4.544e-01
-4.070e+00 7.381e-01
-4.060e+00 2.967e-01
-4.050e+00 5.013e-01
-4.040e+00 1.064e+00
-4.030e+00 5.908e-01
-4.020e+00 7.673e-01
-4.010e+00 6.376e-01
-4.000e+00 9.607e-01
-3.990e+00 4.991e-01
-3.980e+00 2.435e-01
-3.970e+00 2.169e-01
-3.960e+00 6.104e-01
-3.950e+00 8.426e-01
-3.940e+00 7.568e-01
-3.930e+00 6.485e-01
-3.920e+00 5.526e-02
-3.910e+00 1.844e-01
-3.900e+00 6.774e-01
-3.890e+00 3.846e-01
-3.880e+00 5.007e-01
-3.870e+00 1.946e-01
-3.860e+00 4.644e-01
-3.850e+00 5.889e-01
-3.840e+00 3.238e-01
-3.830e+00 4.234e-01
-3.820e+00 5.611e-01
-3.810e+00 6.096e-01
-3.800e+00 9.418e-01
-3.790e+00 5.054e-01
-3.780e+00 4.979e-01
-3.770e+00 5.388e-01
-3.760e+00 4.077e-01
-3.750e+00 5.737e-01
-3.740e+00 4.938e-01
-3.730e+00 5.505e-01
-3.720e+00 8.926e-01
-3.710e+00 6.167e-01
-3.700e+00 5.512e-01
-3.690e+00 6.124e-01
-3.680e+00 5.804e-01
-3.670e+00 1.126e-01
-3.660e+00 -1.310e-03
-3.650e+00 2.479e-01
-3.640e+00 2.587e-01
-3.630e+00 8.191e-01
-3.620e+00 6.947e-01
-3.610e+00 6.231e-01
-3.600e+00 4.771e-02
-3.590e+00 7.869e-02
-3.580e+00 7.669e-02
-3.570e+00 2.494e-01
-3.560e+00 -6.393e-02
-3.550e+00 -2.333e-02
-3.540e+00 2.338e-01
-3.530e+00 8.971e-01
-3.520e+00 2.479e-01
-3.510e+00 3.141e-01
-3.500e+00 5.658e-01
-3.490e+00 5.424e-01
-3.480e+00 3.334e-01
-3.470e+00 4.210e-02
-3.460e+00 3.352e-01
-3.450e+00 7.632e-02
-3.440e+00 1.759e-01
-3.430e+00 4.288e-01
-3.420e+00 8.660e-01
-3.410e+00 5.247e-01
-3.400e+00 1.210e-01
-3.390e+00 4.114e-01
-3.380e+00 6.726e-01
-3.370e+00 4.352e-01
-3.360e+00 2.998e-01
-3.350e+00 3.577e-01
-3.340e+00 1.424e-01
-3.330e+00 2.024e-01
-3.320e+00 7.173e-01
-3.310e+00 5.897e-01
-3.300e+00 3.837e-01
-3.290e+00 6.947e-01
-3.280e+00 8.307e-01
-3.270e+00 6.555e-01
-3.260e+00 5.065e-01
-3.250e+00 -7.617e-02
-3.240e+00 3.131e-01
-3.230e+00 4.914e-01
-3.220e+00 3.604e-01
-3.210e+00 2.508e-01
-3.200e+00 5.557e-01
-3.190e+00 6.161e-01
-3.180e+00 3.888e-01
-3.170e+00 3.632e-01
-3.160e+00 5.985e-02
-3.150e+00 6.667e-01
-3.140e+00 6.356e-01
-3.130e+00 5.385e-01
-3.120e+00 2.443e-01
-3.110e+00 4.746e-02
-3.100e+00 6.407e-01
-3.090e+00 9.663e-01
-3.080e+00 6.172e-01
-3.070e+00 7.733e-01
-3.060e+00 3.665e-01
-3.050e+00 1.345e-01
-3.040e+00 8.593e-02
-3.030e+00 4.719e-01
-3.020e+00 6.313e-01
-3.010e+00 5.885e-01
-3.000e+00 6.551e-01
-2.990e+00 1.081e+00
-2.980e+00 9.388e-01
-2.970e+00 2.853e-01
-2.960e+00 2.240e-01
-2.950e+00 4.026e-01
-2.940e+00 4.956e-01
-2.930e+00 2.967e-01
-2.920e+00 1.591e-01
-2.910e+00 -1.800e-01
-2.900e+00 -4.274e-02
-2.890e+00 1.984e-01
-2.880e+00 2.231e-01
-2.870e+00 2.670e-01
-2.860e+00 2.370e-01
-2.850e+00 3.850e-01
-2.840e+00 2.349e-01
-2.830e+00 4.938e-01
-2.820e+00 4.528e-01
-2.810e+00 3.749e-01
-2.800e+00 4.510e-01
-2.790e+00 8.525e-01
-2.780e+00 5.936e-01
-2.770e+00 2.647e-01
-2.760e+00 4.929e-01
-2.750e+00 6.079e-01
-2.740e+00 7.332e-01
-2.730e+00 6.562e-01
-2.720e+00 9.753e-01
-2.710e+00 9.501e-01
-2.700e+00 8.680e-01
-2.690e+00 5.404e-01
-2.680e+00 3.355e-01
-2.670e+00 3.939e-01
-2.660e+00 1.595e-01
-2.650e+00 1.256e-01
-2.640e+00 3.137e-01
-2.630e+00 8.186e-01
-2.620e+00 7.419e-01
-2.610e+00 3.353e-01
-2.600e+00 -2.764e-01
-2.590e+00 6.008e-01
-2.580e+00 7.950e-01
-2.570e+00 4.858e-01
-2.560e+00 3.494e-01
-2.550e+00 9.490e-01
-2.540e+00 6.214e-01
-2.530e+00 8.385e-01
-2.520e+00 3.825e-01
-2.510e+00 5.865e-01
-2.500e+00 7.360e-01
-2.490e+00 7.275e-01
-2.480e+00 5.300e-01
-2.470e+00 2.364e-01
-2.460e+00 3.795e-01
-2.450e+00 6.258e-01
-2.440e+00 7.194e-01
-2.430e+00 6.396e-01
-2.420e+00 1.784e-01
-2.410e+00 1.580e-01
-2.400e+00 6.684e-01
-2.390e+00 3.335e-01
-2.380e+00 4.505e-01
-2.370e+00 5.566e-01
-2.360e+00 6.190e-01
-2.350e+00 5.699e-01
-2.340e+00 3.986e-01
-2.330e+00 3.749e-01
-2.320e+00 2.882e-01
-2.310e+00 1.858e-01
-2.300e+00 2.510e-01
-2.290e+00 3.526e-01
-2.280e+00 2.797e-01
-2.270e+00 7.610e-01
-2.260e+00 4.810e-01
-2.250e+00 6.044e-01
-2.240e+00 5.018e-01
-2.230e+00 1.159e+00
-2.220e+00 7.355e-01
-2.210e+00 4.717e-01
-2.200e+00 7.664e-01
-2.190e+00 2.711e-01
-2.180e+00 4.547e-01
-2.170e+00 3.748e-01
-2.160e+00 2.583e-01
-2.150e+00 5.193e-01
-2.140e+00 1.359e-01
-2.130e+00 2.128e-01
-2.120e+00 7.760e-01
-2.110e+00 6.022e-01
-2.100e+00 9.602e-01
-2.090e+00 1.620e+00
-2.080e+00 1.430e+00
-2.070e+00 1.236e+00
-2.060e+00 6.296e-01
-2.050e+00 8.431e-01
-2.040e+00 7.796e-01
-2.030e+00 1.444e+00
-2.020e+00 1.106e+00
-2.010e+00 5.589e-01
-2.000e+00 8.554e-01
-1.990e+00 1.019e+00
-1.980e+00 7.919e-01
-1.970e+00 2.675e-01
-1.960e+00 2.915e-02
-1.950e+00 7.535e-01
-1.940e+00 9.064e-01
-1.930e+00 2.202e-01
-1.920e+00 4.749e-01
-1.910e+00 4.819e-01
-1.900e+00 2.726e-01
-1.890e+00 6.910e-01
-1.880e+00 4.033e-01
-1.870e+00 8.888e-01
-1.860e+00 5.379e-01
-1.850e+00 7.269e-01
-1.840e+00 1.077e+00
-1.830e+00 2.387e-01
-1.820e+00 5.205e-01
-1.810e+00 4.166e-01
-1.800e+00 2.189e-01
-1.790e+00 3.494e-01
-1.780e+00 1.838e-01
-1.770e+00 2.011e-01
-1.760e+00 6.030e-01
-1.750e+00 8.545e-01
-1.740e+00 4.301e-01
-1.730e+00 2.439e-01
-1.720e+00 6.137e-01
-1.710e+00 6.814e-01
-1.700e+00 1.028e+00
-1.690e+00 -2.279e-01
-1.680e+00 -2.119e-01
-1.670e+00 4.750e-01
-1.660e+00 7.484e-01
-1.650e+00 7.023e-02
-1.640e+00 1.376e-01
-1.630e+00 2.392e-01
-1.620e+00 1.711e-01
-1.610e+00 5.375e-01
-1.600e+00 1.732e+00
-1.590e+00 7.798e-01
-1.580e+00 7.027e-01
-1.570e+00 4.728e-01
-1.560e+00 3.291e-01
-1.550e+00 6.882e-01
-1.540e+00 5.462e-01
-1.530e+00 1.600e+00
-1.520e+00 4.116e-01
-1.510e+00 5.833e-02
-1.500e+00 3.032e-01
-1.490e+00 5.313e-01
-1.480e+00 7.919e-01
-1.470e+00 3.100e-01
-1.460e+00 1.253e+00
-1.450e+00 7.568e-01
-1.440e+00 7.557e-01
-1.430e+00 -7.498e-01
-1.420e+00 2.259e-01
-1.410e+00 1.120e-01
-1.400e+00 -4.312e-01
-1.390e+00 1.013e+00
-1.380e+00 6.897e-01
-1.370e+00 3.562e-02
-1.360e+00 3.279e-01
-1.350e+00 5.242e-01
-1.340e+00 2.702e-01
-1.330e+00 -3.591e-01
-1.320e+00 3.474e-02
-1.310e+00 6.259e-01
-1.300e+00 1.236e+00
-1.290e+00 1.064e+00
-1.280e+00 7.015e-01
-1.270e+00 2.807e-01
-1.260e+00 1.370e+00
-1.250e+00 4.682e-01
-1.240e+00 8.168e-01
-1.230e+00 7.926e-01
-1.220e+00 8.006e-01
-1.210e+00 4.916e-01
-1.200e+00 2.797e-01
-1.190e+00 1.518e+00
-1.180e+00 4.797e-01
-1.170e+00 4.635e-01
-1.160e+00 8.039e-01
-1.150e+00 7.061e-01
-1.140e+00 8.728e-01
-1.130e+00 8.499e-01
-1.120e+00 1.450e+00
-1.110e+00 3.412e-01
-1.100e+00 -7.322e-01
-1.090e+00 5.843e-01
-1.080e+00 1.072e+00
-1.070e+00 1.291e+00
-1.060e+00 6.957e-01
-1.050e+00 4.798e-01
-1.040e+00 6.066e-01
-1.030e+00 8.615e-01
-1.020e+00 1.456e+00
-1.010e+00 6.230e-02
-1.000e+00 7.976e-01
-9.900e-01 2.083e+00
-9.800e-01 9.786e-01
-9.700e-01 5.934e-01
-9.600e-01 1.101e+00
-9.500e-01 8.410e-01
-9.400e-01 4.676e-02
-9.300e-01 8.000e-02
-9.200e-01 1.738e+00
-9.100e-01 8.882e-01
-9.000e-01 1.582e-01
-8.900e-01 7.141e-01
-8.800e-01 3.892e-01
-8.700e-01 2.000e-01
-8.600e-01 -2.143e-01
-8.500e-01 4.835e-01
-8.400e-01 1.091e+00
-8.300e-01 1.311e+00
-8.200e-01 1.014e+00
-8.100e-01 8.675e-01
-8.000e-01 8.381e-01
-7.900e-01 8.373e-01
-7.800e-01 1.241e+00
-7.700e-01 9.436e-01
-7.600e-01 3.330e-01
-7.500e-01 1.275e+00
-7.400e-01 1.394e+00
-7.300e-01 4.035e-01
-7.200e-01 5.966e-01
-7.100e-01 1.739e+00
-7.000e-01 1.074e+00
-6.900e-01 1.887e+00
-6.800e-01 1.480e+00
-6.700e-01 8.823e-01
-6.600e-01 1.256e+00
-6.500e-01 1.371e+00
-6.400e-01 3.592e-01
-6.300e-01 -2.588e-01
-6.200e-01 -5.156e-02
-6.100e-01 5.889e-01
-6.000e-01 1.319e+00
-5.900e-01 -5.684e-02
-5.800e-01 2.312e-01
-5.700e-01 -6.325e-02
-5.600e-01 3.813e-01
-5.500e-01 1.661e+00
-5.400e-01 1.354e+00
-5.300e-01 7.174e-01
-5.200e-01 9.435e-01
-5.100e-01 1.534e+00
-5.000e-01 1.655e+00
-4.900e-01 7.331e-01
-4.800e-01 -2.081e-02
-4.700e-01 6.855e-01
-4.600e-01 1.040e+00
-4.500e-01 8.204e-01
-4.400e-01 1.071e+00
-4.300e-01 2.756e+00
-4.200e-01 4.536e-01
-4.100e-01 1.215e+00
-4.000e-01 1.833e+00
-3.900e-01 1.144e+00
-3.800e-01 9.329e-01
-3.700e-01 2.626e-01
-3.600e-01 4.317e-01
-3.500e-01 8.660e-01
-3.400e-01 1.200e+00
-3.300e-01 4.779e-01
-3.200e-01 1.003e+00
-3.100e-01 9.158e-01
-3.000e-01 -7.493e-01
-2.900e-01 1.353e+00
-2.800e-01 2.998e+00
-2.700e-01 2.480e+00
-2.600e-01 2.907e+00
-2.500e-01 1.633e+00
-2.400e-01 1.539e+00
-2.300e-01 1.975e+00
-2.200e-01 9.588e-01
-2.100e-01 6.734e-01
-2.000e-01 9.357e-01
-1.900e-01 3.545e+00
-1.800e-01 8.573e-01
-1.700e-01 5.146e-01
-1.600e-01 2.121e+00
-1.500e-01 4.759e+00
-1.400e-01 4.236e+00
-1.300e-01 1.558e+00
-1.200e-01 1.628e+00
-1.100e-01 3.586e+00
-1.000e-01 6.735e+00
-9.000e-02 3.882e+00
-8.000e-02 -1.601e+00
-7.000e-02 1.055e+00
-6.000e-02 8.720e+00
-5.000e-02 8.086e+00
-4.000e-02 1.086e+01
-3.000e-02 5.793e+00
-2.000e-02 2.057e+01
-1.000e-02 5.153e+01
