# Frequency (1.0/ps)      real(fft(F_1))
0.000e+00 2.970e+01
1.000e-02 2.354e+01
2.000e-02 1.921e+01
3.000e-02 1.638e+01
4.000e-02 1.461e+01
5.000e-02 9.650e+00
6.000e-02 1.078e+01
7.000e-02 6.721e+00
8.000e-02 6.579e+00
9.000e-02 5.460e+00
1.000e-01 6.923e+00
1.100e-01 7.907e+00
1.200e-01 6.567e+00
1.300e-01 6.644e+00
1.400e-01 5.538e+00
1.500e-01 5.113e+00
1.600e-01 5.192e+00
1.700e-01 4.644e+00
1.800e-01 5.647e+00
1.900e-01 3.485e+00
2.000e-01 3.369e+00
2.100e-01 2.761e+00
2.200e-01 3.079e+00
2.300e-01 2.936e+00
2.400e-01 2.997e+00
2.500e-01 3.392e+00
2.600e-01 2.366e+00
2.700e-01 2.326e+00
2.800e-01 1.383e+00
2.900e-01 1.599e+00
3.000e-01 1.291e+00
3.100e-01 1.388e+00
3.200e-01 1.243e+00
3.300e-01 9.505e-01
3.400e-01 1.239e+00
3.500e-01 7.522e-01
3.600e-01 7.097e-01
3.700e-01 1.756e-01
3.800e-01 -9.899e-02
3.900e-01 5.644e-01
4.000e-01 1.683e+00
4.100e-01 1.949e+00
4.200e-01 2.103e+00
4.300e-01 1.849e+00
4.400e-01 9.631e-01
4.500e-01 3.070e-01
4.600e-01 5.286e-01
4.700e-01 1.222e+00
4.800e-01 1.359e+00
4.900e-01 1.685e+00
5.000e-01 2.058e+00
5.100e-01 1.518e+00
5.200e-01 1.599e+00
5.300e-01 1.070e+00
5.400e-01 1.322e+00
5.500e-01 1.180e+00
5.600e-01 1.272e+00
5.700e-01 9.292e-01
5.800e-01 7.655e-01
5.900e-01 8.127e-01
6.000e-01 3.939e-01
6.100e-01 9.792e-01
6.200e-01 1.127e+00
6.300e-01 1.319e+00
6.400e-01 7.988e-01
6.500e-01 6.488e-01
6.600e-01 7.819e-01
6.700e-01 1.037e+00
6.800e-01 8.777e-01
6.900e-01 7.641e-01
7.000e-01 4.979e-01
7.100e-01 3.939e-01
7.200e-01 3.531e-01
7.300e-01 3.063e-01
7.400e-01 6.391e-01
7.500e-01 8.724e-01
7.600e-01 8.706e-01
7.700e-01 1.085e+00
7.800e-01 9.550e-01
7.900e-01 8.095e-01
8.000e-01 3.881e-01
8.100e-01 5.667e-01
8.200e-01 5.222e-01
8.300e-01 1.110e+00
8.400e-01 9.986e-01
8.500e-01 1.049e+00
8.600e-01 8.074e-01
8.700e-01 4.624e-01
8.800e-01 9.164e-01
8.900e-01 8.624e-01
9.000e-01 1.149e+00
9.100e-01 1.206e+00
9.200e-01 8.840e-01
9.300e-01 1.102e+00
9.400e-01 1.096e+00
9.500e-01 8.535e-01
9.600e-01 4.605e-01
9.700e-01 5.567e-01
9.800e-01 5.876e-01
9.900e-01 1.031e+00
1.000e+00 9.986e-01
1.010e+00 1.051e+00
1.020e+00 1.232e+00
1.030e+00 4.867e-01
1.040e+00 6.156e-01
1.050e+00 7.797e-01
1.060e+00 6.547e-01
1.070e+00 6.194e-01
1.080e+00 2.272e-01
1.090e+00 7.328e-01
1.100e+00 5.695e-01
1.110e+00 7.187e-01
1.120e+00 9.367e-01
1.130e+00 8.957e-01
1.140e+00 9.089e-01
1.150e+00 6.806e-01
1.160e+00 8.309e-01
1.170e+00 5.889e-01
1.180e+00 7.351e-01
1.190e+00 6.214e-01
1.200e+00 6.604e-01
1.210e+00 6.211e-01
1.220e+00 5.283e-01
1.230e+00 6.961e-01
1.240e+00 6.536e-01
1.250e+00 7.689e-01
1.260e+00 7.779e-01
1.270e+00 5.778e-01
1.280e+00 6.359e-01
1.290e+00 5.882e-01
1.300e+00 7.280e-01
1.310e+00 5.391e-01
1.320e+00 2.855e-01
1.330e+00 3.245e-02
1.340e+00 -2.483e-02
1.350e+00 2.715e-01
1.360e+00 7.270e-01
1.370e+00 1.026e+00
1.380e+00 9.546e-01
1.390e+00 7.979e-01
1.400e+00 6.604e-01
1.410e+00 9.496e-01
1.420e+00 7.921e-01
1.430e+00 7.356e-01
1.440e+00 6.679e-01
1.450e+00 6.983e-01
1.460e+00 6.700e-01
1.470e+00 6.940e-01
1.480e+00 5.183e-01
1.490e+00 6.492e-01
1.500e+00 8.213e-01
1.510e+00 8.105e-01
1.520e+00 8.750e-01
1.530e+00 9.051e-01
1.540e+00 7.732e-01
1.550e+00 7.832e-01
1.560e+00 8.150e-01
1.570e+00 6.942e-01
1.580e+00 5.058e-01
1.590e+00 4.720e-01
1.600e+00 2.078e-01
1.610e+00 3.826e-01
1.620e+00 3.526e-01
1.630e+00 7.931e-01
1.640e+00 8.126e-01
1.650e+00 8.113e-01
1.660e+00 8.005e-01
1.670e+00 6.353e-01
1.680e+00 8.756e-01
1.690e+00 6.763e-01
1.700e+00 7.213e-01
1.710e+00 3.356e-01
1.720e+00 6.510e-01
1.730e+00 3.682e-01
1.740e+00 1.532e-01
1.750e+00 2.012e-01
1.760e+00 1.640e-01
1.770e+00 3.774e-01
1.780e+00 6.035e-01
1.790e+00 7.593e-01
1.800e+00 6.967e-01
1.810e+00 4.827e-01
1.820e+00 6.710e-01
1.830e+00 6.766e-01
1.840e+00 4.985e-01
1.850e+00 4.721e-01
1.860e+00 4.696e-01
1.870e+00 4.806e-01
1.880e+00 6.150e-01
1.890e+00 4.752e-01
1.900e+00 5.831e-01
1.910e+00 5.607e-01
1.920e+00 5.955e-01
1.930e+00 7.290e-01
1.940e+00 8.031e-01
1.950e+00 7.730e-01
1.960e+00 6.400e-01
1.970e+00 5.430e-01
1.980e+00 4.206e-01
1.990e+00 3.615e-01
2.000e+00 4.362e-01
2.010e+00 5.171e-01
2.020e+00 6.586e-01
2.030e+00 6.926e-01
2.040e+00 7.540e-01
2.050e+00 5.989e-01
2.060e+00 6.568e-01
2.070e+00 5.373e-01
2.080e+00 3.624e-01
2.090e+00 6.339e-01
2.100e+00 6.864e-01
2.110e+00 5.599e-01
2.120e+00 2.015e-01
2.130e+00 2.307e-01
2.140e+00 4.434e-01
2.150e+00 3.652e-01
2.160e+00 4.725e-01
2.170e+00 5.422e-01
2.180e+00 5.496e-01
2.190e+00 4.343e-01
2.200e+00 4.123e-01
2.210e+00 4.891e-01
2.220e+00 4.214e-01
2.230e+00 3.995e-01
2.240e+00 4.377e-01
2.250e+00 6.456e-01
2.260e+00 7.048e-01
2.270e+00 5.984e-01
2.280e+00 6.805e-01
2.290e+00 4.636e-01
2.300e+00 4.083e-01
2.310e+00 3.399e-01
2.320e+00 5.291e-01
2.330e+00 5.437e-01
2.340e+00 5.647e-01
2.350e+00 5.448e-01
2.360e+00 6.041e-01
2.370e+00 6.689e-01
2.380e+00 7.505e-01
2.390e+00 8.194e-01
2.400e+00 9.204e-01
2.410e+00 7.304e-01
2.420e+00 6.751e-01
2.430e+00 6.056e-01
2.440e+00 8.243e-01
2.450e+00 8.344e-01
2.460e+00 8.845e-01
2.470e+00 7.626e-01
2.480e+00 6.530e-01
2.490e+00 7.454e-01
2.500e+00 6.261e-01
2.510e+00 8.437e-01
2.520e+00 7.371e-01
2.530e+00 6.006e-01
2.540e+00 4.715e-01
2.550e+00 3.798e-01
2.560e+00 4.044e-01
2.570e+00 5.635e-01
2.580e+00 7.081e-01
2.590e+00 6.731e-01
2.600e+00 7.486e-01
2.610e+00 6.536e-01
2.620e+00 7.536e-01
2.630e+00 7.970e-01
2.640e+00 6.617e-01
2.650e+00 5.893e-01
2.660e+00 4.675e-01
2.670e+00 5.580e-01
2.680e+00 6.306e-01
2.690e+00 6.479e-01
2.700e+00 6.417e-01
2.710e+00 6.357e-01
2.720e+00 6.301e-01
2.730e+00 7.104e-01
2.740e+00 5.980e-01
2.750e+00 5.573e-01
2.760e+00 5.757e-01
2.770e+00 4.678e-01
2.780e+00 5.436e-01
2.790e+00 4.247e-01
2.800e+00 4.541e-01
2.810e+00 3.907e-01
2.820e+00 4.216e-01
2.830e+00 4.595e-01
2.840e+00 4.005e-01
2.850e+00 4.266e-01
2.860e+00 4.330e-01
2.870e+00 6.089e-01
2.880e+00 5.479e-01
2.890e+00 6.234e-01
2.900e+00 5.460e-01
2.910e+00 6.809e-01
2.920e+00 5.672e-01
2.930e+00 4.482e-01
2.940e+00 2.798e-01
2.950e+00 2.404e-01
2.960e+00 1.908e-01
2.970e+00 3.020e-01
2.980e+00 5.201e-01
2.990e+00 5.994e-01
3.000e+00 4.945e-01
3.010e+00 4.798e-01
3.020e+00 5.229e-01
3.030e+00 4.825e-01
3.040e+00 7.464e-01
3.050e+00 8.620e-01
3.060e+00 7.035e-01
3.070e+00 7.156e-01
3.080e+00 6.273e-01
3.090e+00 4.772e-01
3.100e+00 4.278e-01
3.110e+00 5.405e-01
3.120e+00 5.817e-01
3.130e+00 5.725e-01
3.140e+00 6.807e-01
3.150e+00 5.321e-01
3.160e+00 5.133e-01
3.170e+00 5.063e-01
3.180e+00 4.609e-01
3.190e+00 4.097e-01
3.200e+00 4.140e-01
3.210e+00 3.503e-01
3.220e+00 4.550e-01
3.230e+00 4.700e-01
3.240e+00 3.380e-01
3.250e+00 4.544e-01
3.260e+00 5.050e-01
3.270e+00 5.205e-01
3.280e+00 5.209e-01
3.290e+00 5.682e-01
3.300e+00 7.101e-01
3.310e+00 6.297e-01
3.320e+00 6.004e-01
3.330e+00 6.010e-01
3.340e+00 6.131e-01
3.350e+00 5.907e-01
3.360e+00 6.169e-01
3.370e+00 6.284e-01
3.380e+00 7.502e-01
3.390e+00 6.546e-01
3.400e+00 7.293e-01
3.410e+00 7.732e-01
3.420e+00 6.273e-01
3.430e+00 6.708e-01
3.440e+00 6.155e-01
3.450e+00 5.541e-01
3.460e+00 5.797e-01
3.470e+00 6.499e-01
3.480e+00 5.743e-01
3.490e+00 6.778e-01
3.500e+00 7.273e-01
3.510e+00 7.627e-01
3.520e+00 7.910e-01
3.530e+00 7.481e-01
3.540e+00 5.984e-01
3.550e+00 6.057e-01
3.560e+00 7.435e-01
3.570e+00 6.363e-01
3.580e+00 6.627e-01
3.590e+00 7.335e-01
3.600e+00 6.662e-01
3.610e+00 4.941e-01
3.620e+00 5.302e-01
3.630e+00 5.895e-01
3.640e+00 6.533e-01
3.650e+00 7.446e-01
3.660e+00 7.524e-01
3.670e+00 6.573e-01
3.680e+00 4.400e-01
3.690e+00 3.913e-01
3.700e+00 3.417e-01
3.710e+00 5.344e-01
3.720e+00 5.728e-01
3.730e+00 5.736e-01
3.740e+00 5.281e-01
3.750e+00 4.510e-01
3.760e+00 5.563e-01
3.770e+00 4.929e-01
3.780e+00 6.136e-01
3.790e+00 5.181e-01
3.800e+00 4.360e-01
3.810e+00 3.993e-01
3.820e+00 5.216e-01
3.830e+00 6.213e-01
3.840e+00 6.284e-01
3.850e+00 6.674e-01
3.860e+00 7.282e-01
3.870e+00 6.735e-01
3.880e+00 6.130e-01
3.890e+00 4.840e-01
3.900e+00 4.207e-01
3.910e+00 3.735e-01
3.920e+00 4.537e-01
3.930e+00 5.693e-01
3.940e+00 5.611e-01
3.950e+00 4.932e-01
3.960e+00 3.413e-01
3.970e+00 3.773e-01
3.980e+00 4.886e-01
3.990e+00 5.015e-01
4.000e+00 5.707e-01
4.010e+00 5.691e-01
4.020e+00 7.205e-01
4.030e+00 6.177e-01
4.040e+00 5.907e-01
4.050e+00 6.381e-01
4.060e+00 5.680e-01
4.070e+00 3.728e-01
4.080e+00 4.236e-01
4.090e+00 5.005e-01
4.100e+00 5.953e-01
4.110e+00 7.180e-01
4.120e+00 5.940e-01
4.130e+00 6.686e-01
4.140e+00 6.581e-01
4.150e+00 5.679e-01
4.160e+00 6.590e-01
4.170e+00 6.955e-01
4.180e+00 7.253e-01
4.190e+00 6.966e-01
4.200e+00 6.696e-01
4.210e+00 6.602e-01
4.220e+00 8.100e-01
4.230e+00 7.445e-01
4.240e+00 7.186e-01
4.250e+00 7.373e-01
4.260e+00 6.205e-01
4.270e+00 6.831e-01
4.280e+00 8.114e-01
4.290e+00 7.625e-01
4.300e+00 7.806e-01
4.310e+00 6.503e-01
4.320e+00 6.788e-01
4.330e+00 4.570e-01
4.340e+00 5.421e-01
4.350e+00 4.411e-01
4.360e+00 4.418e-01
4.370e+00 5.442e-01
4.380e+00 5.839e-01
4.390e+00 5.097e-01
4.400e+00 6.464e-01
4.410e+00 6.175e-01
4.420e+00 5.020e-01
4.430e+00 6.204e-01
4.440e+00 6.921e-01
4.450e+00 6.281e-01
4.460e+00 6.132e-01
4.470e+00 6.470e-01
4.480e+00 5.869e-01
4.490e+00 6.038e-01
4.500e+00 6.399e-01
4.510e+00 7.244e-01
4.520e+00 5.619e-01
4.530e+00 3.909e-01
4.540e+00 5.522e-01
4.550e+00 4.714e-01
4.560e+00 6.114e-01
4.570e+00 5.078e-01
4.580e+00 4.796e-01
4.590e+00 4.124e-01
4.600e+00 2.912e-01
4.610e+00 4.619e-01
4.620e+00 5.677e-01
4.630e+00 5.481e-01
4.640e+00 5.548e-01
4.650e+00 5.134e-01
4.660e+00 3.994e-01
4.670e+00 3.894e-01
4.680e+00 3.490e-01
4.690e+00 3.302e-01
4.700e+00 4.592e-01
4.710e+00 4.651e-01
4.720e+00 5.554e-01
4.730e+00 4.787e-01
4.740e+00 5.362e-01
4.750e+00 4.409e-01
4.760e+00 5.178e-01
4.770e+00 4.992e-01
4.780e+00 4.635e-01
4.790e+00 6.615e-01
4.800e+00 6.169e-01
4.810e+00 7.148e-01
4.820e+00 6.086e-01
4.830e+00 7.117e-01
4.840e+00 6.160e-01
4.850e+00 5.231e-01
4.860e+00 5.778e-01
4.870e+00 5.114e-01
4.880e+00 5.473e-01
4.890e+00 4.509e-01
4.900e+00 5.133e-01
4.910e+00 5.082e-01
4.920e+00 5.289e-01
4.930e+00 5.290e-01
4.940e+00 5.623e-01
4.950e+00 5.653e-01
4.960e+00 5.129e-01
4.970e+00 6.358e-01
4.980e+00 5.740e-01
4.990e+00 6.072e-01
-5.000e+00 5.962e-01
-4.990e+00 6.638e-01
-4.980e+00 5.028e-01
-4.970e+00 5.284e-01
-4.960e+00 5.319e-01
-4.950e+00 6.083e-01
-4.940e+00 7.400e-01
-4.930e+00 8.265e-01
-4.920e+00 8.486e-01
-4.910e+00 6.869e-01
-4.900e+00 6.170e-01
-4.890e+00 5.465e-01
-4.880e+00 5.995e-01
-4.870e+00 6.056e-01
-4.860e+00 5.518e-01
-4.850e+00 6.257e-01
-4.840e+00 6.588e-01
-4.830e+00 6.501e-01
-4.820e+00 6.989e-01
-4.810e+00 5.449e-01
-4.800e+00 5.846e-01
-4.790e+00 5.189e-01
-4.780e+00 5.512e-01
-4.770e+00 5.610e-01
-4.760e+00 6.311e-01
-4.750e+00 6.602e-01
-4.740e+00 6.605e-01
-4.730e+00 7.187e-01
-4.720e+00 5.222e-01
-4.710e+00 7.178e-01
-4.700e+00 6.698e-01
-4.690e+00 6.376e-01
-4.680e+00 6.335e-01
-4.670e+00 5.822e-01
-4.660e+00 4.498e-01
-4.650e+00 4.705e-01
-4.640e+00 6.650e-01
-4.630e+00 4.736e-01
-4.620e+00 4.770e-01
-4.610e+00 3.599e-01
-4.600e+00 3.791e-01
-4.590e+00 5.155e-01
-4.580e+00 5.164e-01
-4.570e+00 5.509e-01
-4.560e+00 4.149e-01
-4.550e+00 3.487e-01
-4.540e+00 3.406e-01
-4.530e+00 4.070e-01
-4.520e+00 4.991e-01
-4.510e+00 5.167e-01
-4.500e+00 5.319e-01
-4.490e+00 5.958e-01
-4.480e+00 5.338e-01
-4.470e+00 4.783e-01
-4.460e+00 3.740e-01
-4.450e+00 4.599e-01
-4.440e+00 3.055e-01
-4.430e+00 4.243e-01
-4.420e+00 4.780e-01
-4.410e+00 6.236e-01
-4.400e+00 5.777e-01
-4.390e+00 5.471e-01
-4.380e+00 4.678e-01
-4.370e+00 3.498e-01
-4.360e+00 3.701e-01
-4.350e+00 4.147e-01
-4.340e+00 4.936e-01
-4.330e+00 4.358e-01
-4.320e+00 4.403e-01
-4.310e+00 3.928e-01
-4.300e+00 4.309e-01
-4.290e+00 3.749e-01
-4.280e+00 4.038e-01
-4.270e+00 3.835e-01
-4.260e+00 5.268e-01
-4.250e+00 5.748e-01
-4.240e+00 4.758e-01
-4.230e+00 4.974e-01
-4.220e+00 4.053e-01
-4.210e+00 4.420e-01
-4.200e+00 4.322e-01
-4.190e+00 4.455e-01
-4.180e+00 4.590e-01
-4.170e+00 4.091e-01
-4.160e+00 2.944e-01
-4.150e+00 3.839e-01
-4.140e+00 4.484e-01
-4.130e+00 4.406e-01
-4.120e+00 4.911e-01
-4.110e+00 4.207e-01
-4.100e+00 4.743e-01
-4.090e+00 3.867e-01
-4.080e+00 3.696e-01
-4.070e+00 4.014e-01
-4.060e+00 3.050e-01
-4.050e+00 2.049e-01
-4.040e+00 2.953e-01
-4.030e+00 3.948e-01
-4.020e+00 3.164e-01
-4.010e+00 3.364e-01
-4.000e+00 3.327e-01
-3.990e+00 3.166e-01
-3.980e+00 3.383e-01
-3.970e+00 4.083e-01
-3.960e+00 5.509e-01
-3.950e+00 5.991e-01
-3.940e+00 6.919e-01
-3.930e+00 5.491e-01
-3.920e+00 3.981e-01
-3.910e+00 3.046e-01
-3.900e+00 4.573e-01
-3.890e+00 5.527e-01
-3.880e+00 6.484e-01
-3.870e+00 5.808e-01
-3.860e+00 4.801e-01
-3.850e+00 4.924e-01
-3.840e+00 6.579e-01
-3.830e+00 5.059e-01
-3.820e+00 5.765e-01
-3.810e+00 5.299e-01
-3.800e+00 5.905e-01
-3.790e+00 6.419e-01
-3.780e+00 6.274e-01
-3.770e+00 6.307e-01
-3.760e+00 4.341e-01
-3.750e+00 5.418e-01
-3.740e+00 5.434e-01
-3.730e+00 4.759e-01
-3.720e+00 4.501e-01
-3.710e+00 4.202e-01
-3.700e+00 4.758e-01
-3.690e+00 5.393e-01
-3.680e+00 6.415e-01
-3.670e+00 6.321e-01
-3.660e+00 6.784e-01
-3.650e+00 5.874e-01
-3.640e+00 6.691e-01
-3.630e+00 6.349e-01
-3.620e+00 7.855e-01
-3.610e+00 7.430e-01
-3.600e+00 7.224e-01
-3.590e+00 5.735e-01
-3.580e+00 5.656e-01
-3.570e+00 6.162e-01
-3.560e+00 6.083e-01
-3.550e+00 6.968e-01
-3.540e+00 5.810e-01
-3.530e+00 7.333e-01
-3.520e+00 6.906e-01
-3.510e+00 7.860e-01
-3.500e+00 9.081e-01
-3.490e+00 9.035e-01
-3.480e+00 7.366e-01
-3.470e+00 7.296e-01
-3.460e+00 5.867e-01
-3.450e+00 5.753e-01
-3.440e+00 6.993e-01
-3.430e+00 7.068e-01
-3.420e+00 5.684e-01
-3.410e+00 6.369e-01
-3.400e+00 5.792e-01
-3.390e+00 7.461e-01
-3.380e+00 6.945e-01
-3.370e+00 7.629e-01
-3.360e+00 7.209e-01
-3.350e+00 7.225e-01
-3.340e+00 8.452e-01
-3.330e+00 6.717e-01
-3.320e+00 7.590e-01
-3.310e+00 5.683e-01
-3.300e+00 5.323e-01
-3.290e+00 5.167e-01
-3.280e+00 5.110e-01
-3.270e+00 4.456e-01
-3.260e+00 5.396e-01
-3.250e+00 6.374e-01
-3.240e+00 5.539e-01
-3.230e+00 5.035e-01
-3.220e+00 3.226e-01
-3.210e+00 3.259e-01
-3.200e+00 4.553e-01
-3.190e+00 5.970e-01
-3.180e+00 5.989e-01
-3.170e+00 6.180e-01
-3.160e+00 6.361e-01
-3.150e+00 5.028e-01
-3.140e+00 4.040e-01
-3.130e+00 5.909e-01
-3.120e+00 5.241e-01
-3.110e+00 5.623e-01
-3.100e+00 5.589e-01
-3.090e+00 6.051e-01
-3.080e+00 5.970e-01
-3.070e+00 6.088e-01
-3.060e+00 5.581e-01
-3.050e+00 5.098e-01
-3.040e+00 5.963e-01
-3.030e+00 5.342e-01
-3.020e+00 6.511e-01
-3.010e+00 6.800e-01
-3.000e+00 5.966e-01
-2.990e+00 6.693e-01
-2.980e+00 4.727e-01
-2.970e+00 6.538e-01
-2.960e+00 6.941e-01
-2.950e+00 7.656e-01
-2.940e+00 6.085e-01
-2.930e+00 4.515e-01
-2.920e+00 3.291e-01
-2.910e+00 3.466e-01
-2.900e+00 3.795e-01
-2.890e+00 3.854e-01
-2.880e+00 6.386e-01
-2.870e+00 5.435e-01
-2.860e+00 6.589e-01
-2.850e+00 6.097e-01
-2.840e+00 5.943e-01
-2.830e+00 5.844e-01
-2.820e+00 5.326e-01
-2.810e+00 6.753e-01
-2.800e+00 7.090e-01
-2.790e+00 8.251e-01
-2.780e+00 7.120e-01
-2.770e+00 7.564e-01
-2.760e+00 5.561e-01
-2.750e+00 4.853e-01
-2.740e+00 6.734e-01
-2.730e+00 7.010e-01
-2.720e+00 7.872e-01
-2.710e+00 7.045e-01
-2.700e+00 7.709e-01
-2.690e+00 7.113e-01
-2.680e+00 6.420e-01
-2.670e+00 6.308e-01
-2.660e+00 6.017e-01
-2.650e+00 5.212e-01
-2.640e+00 6.592e-01
-2.630e+00 7.032e-01
-2.620e+00 6.903e-01
-2.610e+00 5.948e-01
-2.600e+00 7.453e-01
-2.590e+00 8.060e-01
-2.580e+00 7.041e-01
-2.570e+00 6.783e-01
-2.560e+00 6.105e-01
-2.550e+00 6.052e-01
-2.540e+00 6.229e-01
-2.530e+00 6.679e-01
-2.520e+00 6.657e-01
-2.510e+00 5.286e-01
-2.500e+00 4.434e-01
-2.490e+00 3.285e-01
-2.480e+00 6.072e-01
-2.470e+00 6.070e-01
-2.460e+00 7.147e-01
-2.450e+00 6.047e-01
-2.440e+00 4.745e-01
-2.430e+00 5.440e-01
-2.420e+00 6.045e-01
-2.410e+00 5.810e-01
-2.400e+00 5.626e-01
-2.390e+00 6.416e-01
-2.380e+00 5.800e-01
-2.370e+00 6.199e-01
-2.360e+00 6.745e-01
-2.350e+00 7.083e-01
-2.340e+00 7.846e-01
-2.330e+00 6.359e-01
-2.320e+00 6.760e-01
-2.310e+00 6.894e-01
-2.300e+00 6.616e-01
-2.290e+00 5.952e-01
-2.280e+00 5.607e-01
-2.270e+00 2.668e-01
-2.260e+00 3.445e-01
-2.250e+00 6.033e-01
-2.240e+00 6.052e-01
-2.230e+00 6.759e-01
-2.220e+00 8.880e-01
-2.210e+00 7.835e-01
-2.200e+00 5.512e-01
-2.190e+00 4.993e-01
-2.180e+00 3.497e-01
-2.170e+00 5.147e-01
-2.160e+00 5.333e-01
-2.150e+00 5.518e-01
-2.140e+00 4.609e-01
-2.130e+00 4.907e-01
-2.120e+00 4.725e-01
-2.110e+00 6.557e-01
-2.100e+00 6.101e-01
-2.090e+00 6.236e-01
-2.080e+00 8.447e-01
-2.070e+00 7.881e-01
-2.060e+00 6.454e-01
-2.050e+00 6.917e-01
-2.040e+00 6.220e-01
-2.030e+00 4.653e-01
-2.020e+00 4.560e-01
-2.010e+00 5.537e-01
-2.000e+00 5.486e-01
-1.990e+00 6.413e-01
-1.980e+00 5.549e-01
-1.970e+00 7.319e-01
-1.960e+00 5.774e-01
-1.950e+00 5.719e-01
-1.940e+00 6.177e-01
-1.930e+00 5.302e-01
-1.920e+00 5.032e-01
-1.910e+00 4.153e-01
-1.900e+00 4.847e-01
-1.890e+00 4.065e-01
-1.880e+00 4.469e-01
-1.870e+00 2.465e-01
-1.860e+00 2.570e-01
-1.850e+00 4.922e-01
-1.840e+00 2.111e-01
-1.830e+00 5.744e-01
-1.820e+00 4.667e-01
-1.810e+00 6.031e-01
-1.800e+00 4.402e-01
-1.790e+00 2.233e-01
-1.780e+00 4.725e-01
-1.770e+00 3.058e-01
-1.760e+00 6.378e-01
-1.750e+00 5.236e-01
-1.740e+00 6.883e-01
-1.730e+00 3.680e-01
-1.720e+00 4.400e-01
-1.710e+00 2.808e-01
-1.700e+00 3.133e-01
-1.690e+00 6.804e-01
-1.680e+00 7.770e-01
-1.670e+00 8.279e-01
-1.660e+00 9.053e-01
-1.650e+00 7.388e-01
-1.640e+00 8.281e-01
-1.630e+00 5.769e-01
-1.620e+00 8.507e-01
-1.610e+00 5.901e-01
-1.600e+00 8.159e-01
-1.590e+00 7.182e-01
-1.580e+00 5.398e-01
-1.570e+00 4.105e-01
-1.560e+00 2.920e-01
-1.550e+00 6.150e-01
-1.540e+00 6.349e-01
-1.530e+00 6.505e-01
-1.520e+00 4.078e-01
-1.510e+00 3.163e-01
-1.500e+00 5.558e-01
-1.490e+00 5.286e-01
-1.480e+00 6.149e-01
-1.470e+00 8.804e-01
-1.460e+00 9.538e-01
-1.450e+00 5.339e-01
-1.440e+00 4.908e-01
-1.430e+00 6.303e-01
-1.420e+00 6.412e-01
-1.410e+00 6.459e-01
-1.400e+00 7.949e-01
-1.390e+00 5.390e-01
-1.380e+00 5.438e-01
-1.370e+00 6.130e-01
-1.360e+00 5.495e-01
-1.350e+00 3.024e-01
-1.340e+00 3.074e-01
-1.330e+00 4.689e-01
-1.320e+00 8.696e-01
-1.310e+00 9.194e-01
-1.300e+00 5.674e-01
-1.290e+00 2.876e-01
-1.280e+00 3.068e-01
-1.270e+00 5.982e-01
-1.260e+00 7.330e-01
-1.250e+00 5.471e-01
-1.240e+00 5.148e-01
-1.230e+00 4.412e-01
-1.220e+00 4.351e-01
-1.210e+00 7.680e-01
-1.200e+00 7.355e-01
-1.190e+00 9.562e-01
-1.180e+00 7.636e-01
-1.170e+00 6.700e-01
-1.160e+00 5.048e-01
-1.150e+00 6.915e-01
-1.140e+00 7.060e-01
-1.130e+00 8.952e-01
-1.120e+00 7.889e-01
-1.110e+00 5.528e-01
-1.100e+00 8.987e-01
-1.090e+00 9.808e-01
-1.080e+00 8.299e-01
-1.070e+00 7.095e-01
-1.060e+00 5.328e-01
-1.050e+00 5.719e-01
-1.040e+00 5.403e-01
-1.030e+00 7.387e-01
-1.020e+00 5.644e-01
-1.010e+00 7.388e-01
-1.000e+00 1.147e+00
-9.900e-01 1.097e+00
-9.800e-01 8.223e-01
-9.700e-01 8.905e-01
-9.600e-01 9.132e-01
-9.500e-01 9.466e-01
-9.400e-01 7.385e-01
-9.300e-01 1.176e+00
-9.200e-01 1.030e+00
-9.100e-01 6.617e-01
-9.000e-01 8.255e-01
-8.900e-01 9.494e-01
-8.800e-01 5.345e-01
-8.700e-01 4.424e-01
-8.600e-01 7.032e-01
-8.500e-01 9.993e-01
-8.400e-01 1.036e+00
-8.300e-01 5.764e-01
-8.200e-01 6.074e-01
-8.100e-01 6.186e-01
-8.000e-01 6.810e-01
-7.900e-01 6.757e-01
-7.800e-01 6.809e-01
-7.700e-01 3.130e-01
-7.600e-01 3.671e-01
-7.500e-01 1.956e-01
-7.400e-01 7.517e-01
-7.300e-01 8.509e-01
-7.200e-01 1.320e+00
-7.100e-01 6.365e-01
-7.000e-01 1.091e+00
-6.900e-01 8.177e-01
-6.800e-01 7.466e-01
-6.700e-01 5.250e-01
-6.600e-01 8.213e-02
-6.500e-01 5.431e-01
-6.400e-01 6.332e-01
-6.300e-01 1.081e+00
-6.200e-01 1.096e+00
-6.100e-01 7.023e-01
-6.000e-01 6.843e-01
-5.900e-01 7.352e-01
-5.800e-01 5.913e-01
-5.700e-01 4.253e-01
-5.600e-01 6.626e-01
-5.500e-01 6.337e-01
-5.400e-01 9.165e-01
-5.300e-01 6.599e-01
-5.200e-01 1.231e+00
-5.100e-01 1.191e+00
-5.000e-01 9.628e-01
-4.900e-01 1.008e+00
-4.800e-01 1.104e+00
-4.700e-01 9.187e-01
-4.600e-01 1.146e+00
-4.500e-01 1.838e+00
-4.400e-01 1.687e+00
-4.300e-01 1.617e+00
-4.200e-01 1.209e+00
-4.100e-01 6.318e-01
-4.000e-01 2.893e-01
-3.900e-01 3.238e-01
-3.800e-01 1.633e+00
-3.700e-01 1.795e+00
-3.600e-01 2.446e+00
-3.500e-01 1.575e+00
-3.400e-01 1.350e+00
-3.300e-01 1.544e+00
-3.200e-01 1.093e+00
-3.100e-01 1.823e+00
-3.000e-01 1.365e+00
-2.900e-01 1.376e+00
-2.800e-01 1.227e+00
-2.700e-01 1.002e+00
-2.600e-01 1.980e+00
-2.500e-01 2.573e+00
-2.400e-01 3.243e+00
-2.300e-01 2.784e+00
-2.200e-01 2.268e+00
-2.100e-01 2.566e+00
-2.000e-01 3.453e+00
-1.900e-01 3.689e+00
-1.800e-01 2.604e+00
-1.700e-01 4.194e+00
-1.600e-01 4.354e+00
-1.500e-01 5.651e+00
-1.400e-01 4.325e+00
-1.300e-01 3.758e+00
-1.200e-01 4.778e+00
-1.100e-01 4.151e+00
-1.000e-01 5.890e+00
-9.000e-02 7.404e+00
-8.000e-02 7.790e+00
-7.000e-02 7.522e+00
-6.000e-02 9.092e+00
-5.000e-02 1.059e+01
-4.000e-02 1.241e+01
-3.000e-02 1.656e+01
-2.000e-02 1.965e+01
-1.000e-02 2.169e+01
