# Time (ps)      real(F_1)      im(F_1)
0.000e+00 1.000e+00 0.000e+00
1.000e-01 8.648e-01 -6.877e-03
2.000e-01 8.231e-01 -1.335e-02
3.000e-01 7.531e-01 2.037e-02
4.000e-01 7.058e-01 -1.584e-02
5.000e-01 6.921e-01 -2.337e-02
6.000e-01 7.161e-01 -3.511e-02
7.000e-01 6.851e-01 -3.431e-02
8.000e-01 6.515e-01 9.536e-03
9.000e-01 6.086e-01 -1.115e-02
1.000e+00 5.804e-01 -3.480e-02
1.100e+00 5.381e-01 -2.931e-02
1.200e+00 5.445e-01 -1.343e-02
1.300e+00 5.381e-01 1.550e-03
1.400e+00 5.291e-01 -6.804e-03
1.500e+00 5.025e-01 -1.024e-02
1.600e+00 4.316e-01 -1.844e-02
1.700e+00 4.071e-01 1.388e-02
1.800e+00 4.124e-01 1.951e-02
1.900e+00 3.831e-01 3.159e-02
2.000e+00 3.778e-01 2.645e-02
2.100e+00 3.679e-01 2.138e-02
2.200e+00 3.351e-01 4.427e-02
2.300e+00 3.152e-01 4.609e-02
2.400e+00 3.095e-01 3.121e-02
2.500e+00 2.739e-01 3.135e-02
2.600e+00 2.593e-01 3.396e-02
2.700e+00 2.448e-01 9.317e-03
2.800e+00 2.711e-01 3.381e-02
2.900e+00 2.516e-01 6.911e-02
3.000e+00 2.625e-01 4.115e-02
3.100e+00 2.306e-01 5.985e-02
3.200e+00 2.334e-01 7.654e-02
3.300e+00 2.399e-01 4.960e-02
3.400e+00 2.405e-01 6.284e-02
3.500e+00 2.482e-01 2.723e-02
3.600e+00 2.307e-01 2.436e-02
3.700e+00 2.546e-01 5.533e-02
3.800e+00 2.418e-01 4.973e-02
3.900e+00 2.053e-01 5.368e-02
4.000e+00 2.094e-01 5.787e-02
4.100e+00 1.690e-01 6.184e-02
4.200e+00 1.411e-01 8.197e-02
4.300e+00 1.148e-01 7.744e-02
4.400e+00 1.375e-01 8.688e-02
4.500e+00 1.861e-01 7.585e-02
4.600e+00 1.476e-01 6.733e-02
4.700e+00 1.722e-01 5.247e-02
4.800e+00 1.506e-01 5.937e-02
4.900e+00 1.630e-01 4.564e-02
5.000e+00 1.594e-01 5.244e-02
5.100e+00 1.720e-01 7.025e-02
5.200e+00 1.514e-01 6.511e-02
5.300e+00 1.555e-01 5.886e-02
5.400e+00 1.519e-01 3.433e-02
5.500e+00 1.208e-01 2.556e-02
5.600e+00 1.323e-01 3.270e-02
5.700e+00 1.379e-01 2.823e-02
5.800e+00 1.255e-01 9.437e-03
5.900e+00 1.127e-01 7.229e-03
6.000e+00 1.069e-01 2.857e-02
6.100e+00 1.046e-01 3.725e-02
6.200e+00 1.111e-01 3.303e-02
6.300e+00 9.550e-02 3.728e-02
6.400e+00 1.107e-01 1.466e-02
6.500e+00 9.545e-02 4.324e-03
6.600e+00 1.130e-01 6.323e-03
6.700e+00 1.193e-01 6.966e-03
6.800e+00 1.233e-01 1.018e-02
6.900e+00 1.190e-01 7.387e-03
7.000e+00 9.543e-02 -5.681e-03
7.100e+00 9.573e-02 -5.364e-03
7.200e+00 1.079e-01 2.324e-02
7.300e+00 8.880e-02 3.326e-02
7.400e+00 9.101e-02 2.007e-02
7.500e+00 8.138e-02 6.382e-03
7.600e+00 8.746e-02 -1.456e-03
7.700e+00 8.812e-02 -1.804e-03
7.800e+00 9.041e-02 3.421e-03
7.900e+00 8.322e-02 -1.107e-03
8.000e+00 9.280e-02 3.987e-03
8.100e+00 7.230e-02 2.061e-04
8.200e+00 8.452e-02 5.304e-04
8.300e+00 9.706e-02 -8.413e-03
8.400e+00 8.720e-02 7.294e-03
8.500e+00 8.923e-02 5.124e-04
8.600e+00 7.404e-02 2.874e-02
8.700e+00 8.491e-02 2.780e-02
8.800e+00 8.544e-02 2.638e-02
8.900e+00 7.181e-02 4.286e-02
9.000e+00 7.822e-02 3.690e-02
9.100e+00 8.746e-02 3.254e-02
9.200e+00 8.551e-02 3.114e-02
9.300e+00 7.755e-02 2.507e-02
9.400e+00 6.162e-02 2.589e-02
9.500e+00 6.468e-02 2.700e-02
9.600e+00 7.060e-02 2.477e-02
9.700e+00 7.657e-02 2.693e-02
9.800e+00 5.595e-02 3.287e-02
9.900e+00 6.460e-02 2.365e-02
1.000e+01 5.990e-02 4.905e-02
1.010e+01 6.845e-02 5.771e-02
1.020e+01 6.561e-02 6.256e-02
1.030e+01 7.376e-02 4.415e-02
1.040e+01 5.223e-02 4.334e-02
1.050e+01 4.416e-02 4.219e-02
1.060e+01 4.290e-02 4.263e-02
1.070e+01 4.401e-02 4.935e-02
1.080e+01 2.338e-02 4.788e-02
1.090e+01 5.435e-02 5.307e-02
1.100e+01 5.229e-02 4.195e-02
1.110e+01 5.475e-02 5.378e-02
1.120e+01 4.585e-02 5.633e-02
1.130e+01 4.229e-02 5.200e-02
1.140e+01 2.696e-02 5.947e-02
1.150e+01 3.159e-02 4.876e-02
1.160e+01 1.904e-02 4.381e-02
1.170e+01 3.666e-02 5.442e-02
1.180e+01 4.313e-02 4.696e-02
1.190e+01 4.219e-02 2.754e-02
1.200e+01 4.012e-02 1.292e-02
1.210e+01 5.107e-02 1.626e-02
1.220e+01 5.431e-02 1.702e-02
1.230e+01 4.698e-02 1.521e-02
1.240e+01 4.010e-02 1.661e-02
1.250e+01 2.900e-02 2.048e-02
1.260e+01 3.214e-02 1.664e-02
1.270e+01 2.850e-02 2.434e-02
1.280e+01 3.164e-02 1.329e-02
1.290e+01 3.915e-02 1.501e-02
1.300e+01 5.729e-02 1.601e-02
1.310e+01 5.679e-02 1.533e-02
1.320e+01 5.575e-02 2.685e-02
1.330e+01 5.423e-02 2.738e-02
1.340e+01 5.102e-02 2.722e-02
1.350e+01 4.914e-02 3.192e-02
1.360e+01 5.157e-02 3.531e-02
1.370e+01 5.436e-02 3.410e-02
1.380e+01 5.260e-02 2.220e-02
1.390e+01 5.192e-02 1.706e-02
1.400e+01 4.612e-02 1.393e-02
1.410e+01 4.865e-02 1.942e-02
1.420e+01 4.455e-02 2.253e-02
1.430e+01 5.132e-02 2.185e-02
1.440e+01 4.803e-02 2.691e-02
1.450e+01 6.489e-02 3.035e-02
1.460e+01 6.618e-02 2.839e-02
1.470e+01 5.085e-02 2.800e-02
1.480e+01 4.851e-02 3.301e-02
1.490e+01 5.212e-02 2.367e-02
1.500e+01 5.898e-02 2.738e-02
1.510e+01 5.224e-02 2.208e-02
1.520e+01 4.646e-02 2.199e-02
1.530e+01 5.930e-02 1.524e-02
1.540e+01 3.962e-02 7.589e-03
1.550e+01 3.809e-02 1.103e-02
1.560e+01 4.657e-02 1.312e-02
1.570e+01 4.585e-02 1.904e-02
1.580e+01 4.790e-02 1.625e-02
1.590e+01 4.117e-02 1.524e-02
1.600e+01 2.995e-02 7.642e-03
1.610e+01 3.345e-02 1.250e-02
1.620e+01 4.166e-02 2.809e-03
1.630e+01 4.090e-02 2.244e-03
1.640e+01 4.507e-02 5.709e-03
1.650e+01 3.776e-02 1.356e-02
1.660e+01 3.271e-02 1.638e-02
1.670e+01 2.968e-02 2.585e-02
1.680e+01 1.428e-02 3.865e-02
1.690e+01 9.593e-03 2.107e-02
1.700e+01 2.144e-02 2.498e-02
1.710e+01 1.275e-02 2.953e-02
1.720e+01 1.126e-02 1.872e-02
1.730e+01 1.522e-02 1.736e-02
1.740e+01 1.085e-02 2.538e-02
1.750e+01 7.359e-03 1.849e-02
1.760e+01 7.012e-03 2.327e-02
1.770e+01 6.215e-03 3.068e-02
1.780e+01 1.780e-02 2.070e-02
1.790e+01 3.537e-03 3.885e-02
1.800e+01 1.388e-02 1.672e-02
1.810e+01 2.108e-02 1.550e-02
1.820e+01 1.782e-02 1.906e-02
1.830e+01 2.124e-02 2.760e-02
1.840e+01 2.214e-02 2.185e-02
1.850e+01 2.596e-02 3.072e-02
1.860e+01 2.645e-02 1.932e-02
1.870e+01 2.253e-02 1.355e-02
1.880e+01 2.272e-02 1.303e-02
1.890e+01 6.848e-03 2.686e-02
1.900e+01 2.497e-02 2.205e-02
1.910e+01 1.161e-02 2.003e-02
1.920e+01 1.292e-02 1.878e-02
1.930e+01 1.499e-02 1.471e-02
1.940e+01 -1.282e-02 1.766e-02
1.950e+01 -6.411e-03 2.012e-02
1.960e+01 -2.289e-02 1.258e-02
1.970e+01 -1.308e-02 2.180e-02
1.980e+01 -7.188e-03 1.642e-02
1.990e+01 -4.366e-03 8.657e-03
2.000e+01 1.228e-03 1.392e-02
2.010e+01 8.982e-03 5.245e-03
2.020e+01 5.773e-03 1.247e-02
2.030e+01 -1.564e-03 4.559e-03
2.040e+01 6.076e-03 2.327e-02
2.050e+01 -1.523e-03 1.002e-02
2.060e+01 1.954e-03 1.176e-02
2.070e+01 2.045e-02 1.797e-02
2.080e+01 2.582e-02 9.275e-03
2.090e+01 2.229e-02 5.937e-03
2.100e+01 2.645e-02 2.476e-03
2.110e+01 2.451e-02 4.386e-03
2.120e+01 2.091e-02 3.700e-03
2.130e+01 1.131e-02 6.439e-03
2.140e+01 1.762e-02 1.148e-02
2.150e+01 2.083e-02 9.172e-03
2.160e+01 2.238e-02 1.286e-02
2.170e+01 1.037e-02 9.093e-03
2.180e+01 -1.249e-03 -6.304e-03
2.190e+01 1.587e-02 1.195e-02
2.200e+01 7.513e-03 8.526e-03
2.210e+01 8.931e-03 6.866e-03
2.220e+01 5.514e-04 4.929e-03
2.230e+01 7.011e-03 6.230e-04
2.240e+01 8.298e-03 7.382e-03
2.250e+01 1.056e-03 3.991e-03
2.260e+01 1.955e-02 8.718e-03
2.270e+01 1.065e-03 1.008e-02
2.280e+01 6.833e-03 1.402e-02
2.290e+01 -4.419e-03 7.401e-03
2.300e+01 -3.847e-03 1.251e-02
2.310e+01 -6.334e-03 8.595e-03
2.320e+01 5.485e-03 7.729e-03
2.330e+01 5.753e-03 2.646e-03
2.340e+01 -1.470e-02 -5.526e-03
2.350e+01 -8.582e-03 5.308e-03
2.360e+01 1.818e-03 -4.737e-03
2.370e+01 2.836e-03 -5.065e-03
2.380e+01 2.837e-03 -3.817e-03
2.390e+01 -1.931e-03 -2.019e-02
2.400e+01 5.085e-03 -5.205e-03
2.410e+01 -5.448e-03 -1.591e-02
2.420e+01 -1.377e-02 -1.022e-02
2.430e+01 8.094e-03 -1.092e-02
2.440e+01 1.176e-02 -4.958e-03
2.450e+01 2.313e-02 5.594e-04
2.460e+01 1.636e-02 7.168e-03
2.470e+01 1.218e-02 5.041e-03
2.480e+01 -4.146e-03 -2.117e-02
2.490e+01 3.537e-04 -1.095e-03
2.500e+01 9.310e-04 -4.261e-03
2.510e+01 6.000e-03 -7.567e-03
2.520e+01 -1.902e-03 -1.042e-02
2.530e+01 -4.934e-03 -6.928e-03
2.540e+01 -6.248e-03 -6.830e-03
2.550e+01 -9.430e-03 -3.994e-03
2.560e+01 -1.451e-02 3.212e-03
2.570e+01 -1.768e-02 -6.796e-03
2.580e+01 -8.224e-03 -2.943e-03
2.590e+01 1.011e-02 5.648e-03
2.600e+01 5.614e-03 -3.198e-03
2.610e+01 1.015e-03 2.401e-03
2.620e+01 -1.228e-03 6.768e-03
2.630e+01 -8.993e-05 -5.342e-03
2.640e+01 -1.781e-03 4.245e-03
2.650e+01 -7.301e-03 -7.262e-03
2.660e+01 2.616e-03 -1.219e-02
2.670e+01 1.370e-02 -2.606e-02
2.680e+01 3.401e-03 -3.096e-02
2.690e+01 6.979e-03 -1.164e-02
2.700e+01 4.301e-03 -9.405e-03
2.710e+01 4.091e-03 -9.980e-03
2.720e+01 6.838e-03 -1.797e-02
2.730e+01 -5.652e-03 -2.359e-02
2.740e+01 -1.560e-02 -1.201e-02
2.750e+01 -1.804e-02 -5.821e-03
2.760e+01 -1.823e-02 8.610e-03
2.770e+01 -1.541e-02 1.901e-03
2.780e+01 4.103e-03 -1.011e-02
2.790e+01 6.531e-04 4.323e-03
2.800e+01 -3.491e-03 -2.016e-03
2.810e+01 6.774e-03 7.572e-04
2.820e+01 1.124e-04 -7.234e-03
2.830e+01 3.404e-03 -4.754e-03
2.840e+01 3.545e-03 -2.383e-03
2.850e+01 2.596e-03 -7.210e-03
2.860e+01 1.266e-03 -7.282e-03
2.870e+01 3.014e-03 -8.038e-03
2.880e+01 -1.520e-03 -4.029e-03
2.890e+01 -1.968e-03 -1.012e-02
2.900e+01 -4.105e-03 -5.531e-03
2.910e+01 9.789e-04 -4.831e-03
2.920e+01 2.210e-03 4.313e-04
2.930e+01 7.255e-04 4.545e-03
2.940e+01 -2.054e-03 -7.669e-03
2.950e+01 3.213e-03 -1.289e-03
2.960e+01 1.509e-03 2.738e-03
2.970e+01 -3.640e-03 7.384e-03
2.980e+01 5.280e-04 1.132e-02
2.990e+01 1.389e-03 5.919e-03
3.000e+01 -1.650e-03 -1.642e-03
3.010e+01 -5.939e-03 -2.907e-03
3.020e+01 -1.497e-03 5.165e-03
3.030e+01 3.915e-03 2.507e-04
3.040e+01 -1.421e-03 1.319e-03
3.050e+01 7.990e-04 -1.925e-03
3.060e+01 -2.557e-03 7.273e-04
3.070e+01 4.782e-03 4.905e-03
3.080e+01 5.098e-03 2.226e-03
3.090e+01 6.143e-03 2.495e-03
3.100e+01 3.308e-03 8.349e-03
3.110e+01 7.432e-03 1.554e-03
3.120e+01 1.442e-02 -1.926e-03
3.130e+01 1.241e-02 -4.987e-03
3.140e+01 2.238e-02 -1.056e-02
3.150e+01 2.303e-02 -9.571e-03
3.160e+01 2.089e-02 -9.386e-03
3.170e+01 1.022e-02 -6.736e-03
3.180e+01 7.508e-03 -1.502e-03
3.190e+01 8.746e-03 -2.209e-03
3.200e+01 1.163e-02 -6.494e-03
3.210e+01 2.355e-02 -7.706e-03
3.220e+01 1.706e-02 -1.792e-02
3.230e+01 1.599e-02 -1.784e-02
3.240e+01 2.481e-02 -2.091e-02
3.250e+01 2.529e-02 -2.441e-02
3.260e+01 2.492e-02 -2.746e-02
3.270e+01 2.972e-02 -1.908e-02
3.280e+01 2.549e-02 -1.323e-02
3.290e+01 3.059e-02 -1.318e-02
3.300e+01 2.098e-02 -9.913e-03
3.310e+01 1.469e-02 -9.054e-03
3.320e+01 2.133e-02 -1.166e-02
3.330e+01 2.281e-02 -9.602e-03
3.340e+01 2.978e-02 -3.499e-03
3.350e+01 2.732e-02 -3.138e-03
3.360e+01 2.585e-02 -1.010e-03
3.370e+01 2.340e-02 2.608e-03
3.380e+01 2.508e-02 6.302e-03
3.390e+01 2.217e-02 7.416e-03
3.400e+01 2.253e-02 9.476e-04
3.410e+01 2.023e-02 -3.031e-03
3.420e+01 2.290e-02 -2.967e-03
3.430e+01 3.308e-02 -5.683e-03
3.440e+01 2.881e-02 3.894e-03
3.450e+01 2.712e-02 5.210e-03
3.460e+01 2.234e-02 5.034e-03
3.470e+01 1.958e-02 -3.677e-03
3.480e+01 2.452e-02 7.000e-03
3.490e+01 2.605e-02 6.621e-03
3.500e+01 3.047e-02 -1.475e-04
3.510e+01 3.595e-02 -4.385e-04
3.520e+01 3.021e-02 -4.291e-03
3.530e+01 2.734e-02 -5.414e-03
3.540e+01 3.035e-02 -1.355e-02
3.550e+01 2.551e-02 3.245e-05
3.560e+01 2.681e-02 -5.120e-03
3.570e+01 2.515e-02 -1.199e-04
3.580e+01 2.606e-02 -6.103e-03
3.590e+01 2.859e-02 -1.174e-02
3.600e+01 2.989e-02 -3.109e-03
3.610e+01 2.583e-02 3.112e-03
3.620e+01 3.143e-02 5.129e-03
3.630e+01 3.154e-02 -3.720e-03
3.640e+01 3.159e-02 -4.439e-03
3.650e+01 3.189e-02 -3.603e-03
3.660e+01 2.738e-02 7.536e-03
3.670e+01 2.812e-02 5.259e-03
3.680e+01 2.425e-02 -2.644e-03
3.690e+01 2.389e-02 2.679e-03
3.700e+01 2.025e-02 -1.294e-03
3.710e+01 2.473e-02 -3.150e-03
3.720e+01 1.744e-02 -2.643e-03
3.730e+01 2.000e-02 -2.938e-03
3.740e+01 2.347e-02 7.345e-04
3.750e+01 2.055e-02 3.953e-03
3.760e+01 1.893e-02 -1.437e-03
3.770e+01 1.936e-02 -3.952e-03
3.780e+01 1.489e-02 -5.897e-03
3.790e+01 1.299e-02 -9.290e-03
3.800e+01 1.373e-02 -7.264e-03
3.810e+01 1.464e-02 -3.493e-04
3.820e+01 2.447e-02 3.133e-03
3.830e+01 2.326e-02 -2.452e-03
3.840e+01 2.371e-02 -2.116e-03
3.850e+01 2.475e-02 -1.778e-03
3.860e+01 3.183e-02 -9.869e-03
3.870e+01 2.635e-02 -5.614e-03
3.880e+01 2.908e-02 -8.063e-03
3.890e+01 3.017e-02 -4.464e-03
3.900e+01 3.446e-02 -6.217e-03
3.910e+01 2.701e-02 -1.227e-03
3.920e+01 2.830e-02 -1.283e-03
3.930e+01 2.564e-02 -4.541e-03
3.940e+01 2.996e-02 -2.234e-03
3.950e+01 3.011e-02 -3.630e-04
3.960e+01 2.961e-02 -3.785e-03
3.970e+01 3.540e-02 -2.477e-03
3.980e+01 3.328e-02 -2.711e-03
3.990e+01 3.083e-02 6.099e-03
4.000e+01 3.028e-02 -6.656e-04
4.010e+01 2.863e-02 3.136e-03
4.020e+01 2.728e-02 -1.340e-04
4.030e+01 3.075e-02 3.044e-03
4.040e+01 3.152e-02 1.822e-03
4.050e+01 2.663e-02 5.954e-03
4.060e+01 2.743e-02 1.641e-03
4.070e+01 2.764e-02 3.191e-03
4.080e+01 2.069e-02 1.235e-03
4.090e+01 2.384e-02 3.107e-03
4.100e+01 2.220e-02 2.491e-03
4.110e+01 2.931e-02 8.683e-03
4.120e+01 3.217e-02 5.574e-03
4.130e+01 2.898e-02 3.022e-03
4.140e+01 3.175e-02 -1.438e-03
4.150e+01 3.301e-02 -1.523e-03
4.160e+01 2.829e-02 -3.510e-03
4.170e+01 3.229e-02 -4.098e-03
4.180e+01 2.587e-02 -2.387e-03
4.190e+01 2.587e-02 -3.379e-03
4.200e+01 2.956e-02 -5.246e-03
4.210e+01 3.227e-02 -5.534e-03
4.220e+01 3.247e-02 -3.599e-03
4.230e+01 2.870e-02 6.803e-04
4.240e+01 2.640e-02 -3.668e-04
4.250e+01 2.874e-02 -2.463e-04
4.260e+01 2.775e-02 -2.671e-03
4.270e+01 2.470e-02 -4.014e-03
4.280e+01 2.752e-02 -6.012e-04
4.290e+01 2.852e-02 7.381e-04
4.300e+01 2.860e-02 4.999e-04
4.310e+01 2.554e-02 2.750e-04
4.320e+01 2.449e-02 -5.207e-03
4.330e+01 2.418e-02 -2.222e-03
4.340e+01 2.171e-02 1.203e-03
4.350e+01 2.357e-02 -6.968e-03
4.360e+01 2.769e-02 -4.104e-03
4.370e+01 3.032e-02 -1.610e-03
4.380e+01 2.511e-02 -1.077e-03
4.390e+01 2.365e-02 1.421e-03
4.400e+01 1.932e-02 7.243e-04
4.410e+01 2.529e-02 -7.622e-04
4.420e+01 2.798e-02 3.507e-03
4.430e+01 2.887e-02 -5.395e-03
4.440e+01 3.097e-02 -4.575e-03
4.450e+01 2.542e-02 -1.124e-03
4.460e+01 1.958e-02 -3.888e-03
4.470e+01 1.870e-02 -7.779e-03
4.480e+01 1.610e-02 -8.653e-03
4.490e+01 1.356e-02 -7.266e-03
4.500e+01 1.539e-02 -6.885e-03
4.510e+01 1.431e-02 -8.795e-03
4.520e+01 1.929e-02 -1.685e-02
4.530e+01 2.136e-02 -1.395e-02
4.540e+01 2.084e-02 -6.043e-03
4.550e+01 1.783e-02 -4.208e-03
4.560e+01 1.362e-02 -2.190e-03
4.570e+01 1.030e-02 2.512e-03
4.580e+01 1.281e-02 -3.366e-03
4.590e+01 2.059e-02 -5.230e-03
4.600e+01 1.721e-02 -2.462e-03
4.610e+01 1.599e-02 1.802e-03
4.620e+01 1.801e-02 4.556e-03
4.630e+01 1.139e-02 2.750e-03
4.640e+01 1.200e-02 2.665e-03
4.650e+01 -2.558e-03 8.245e-03
4.660e+01 1.388e-02 1.326e-02
4.670e+01 8.997e-03 1.619e-02
4.680e+01 1.017e-02 8.213e-03
4.690e+01 2.013e-02 5.819e-03
4.700e+01 2.137e-02 -3.843e-04
4.710e+01 1.710e-02 -3.925e-03
4.720e+01 1.837e-02 -3.919e-03
4.730e+01 1.433e-02 -4.924e-03
4.740e+01 1.675e-02 -6.054e-03
4.750e+01 1.547e-02 -3.719e-03
4.760e+01 1.557e-02 -5.620e-03
4.770e+01 1.221e-02 -1.134e-02
4.780e+01 1.613e-02 -7.404e-03
4.790e+01 1.333e-02 -9.294e-03
4.800e+01 1.398e-02 -9.362e-03
4.810e+01 1.890e-02 -8.141e-03
4.820e+01 1.826e-02 -1.036e-02
4.830e+01 1.844e-02 -7.728e-03
4.840e+01 1.422e-02 -8.381e-03
4.850e+01 1.514e-02 -9.232e-03
4.860e+01 1.287e-02 -9.466e-03
4.870e+01 1.647e-02 -7.758e-03
4.880e+01 8.229e-03 -1.078e-02
4.890e+01 6.058e-03 -9.967e-03
4.900e+01 1.990e-03 -1.122e-02
4.910e+01 -2.585e-03 -6.574e-03
4.920e+01 -5.002e-04 -4.145e-03
4.930e+01 4.846e-04 -5.869e-03
4.940e+01 2.115e-03 -5.475e-03
4.950e+01 -2.871e-03 -5.082e-03
4.960e+01 -6.805e-03 -2.911e-03
4.970e+01 -6.659e-03 -3.705e-03
4.980e+01 -1.118e-02 -7.891e-03
4.990e+01 -7.075e-03 -4.283e-03
5.000e+01 -2.939e-03 -7.624e-03
5.010e+01 -8.141e-03 -6.400e-03
5.020e+01 6.547e-03 -1.799e-02
5.030e+01 2.922e-03 -1.284e-02
5.040e+01 8.374e-03 -1.918e-02
5.050e+01 7.466e-03 -1.395e-02
5.060e+01 3.780e-03 -9.715e-03
5.070e+01 -1.119e-04 -1.511e-02
5.080e+01 5.841e-03 -1.717e-02
5.090e+01 6.735e-03 -9.891e-03
5.100e+01 -4.676e-04 -5.036e-03
5.110e+01 -5.895e-03 -3.981e-03
5.120e+01 -9.722e-03 -2.353e-03
5.130e+01 -1.604e-02 -9.927e-04
5.140e+01 -1.263e-02 -5.065e-03
5.150e+01 -1.723e-02 -8.682e-03
5.160e+01 -1.272e-02 -1.319e-02
5.170e+01 -9.447e-03 -6.719e-03
5.180e+01 -7.322e-03 -8.073e-03
5.190e+01 -1.173e-02 -8.542e-03
5.200e+01 -4.606e-03 -1.462e-02
5.210e+01 -2.922e-03 -8.645e-03
5.220e+01 -1.153e-03 -4.723e-03
5.230e+01 -4.328e-03 -1.129e-02
5.240e+01 -1.309e-02 -2.764e-03
5.250e+01 -1.791e-02 -5.699e-03
5.260e+01 -9.174e-03 -1.337e-02
5.270e+01 5.617e-03 -1.544e-02
5.280e+01 9.356e-04 -1.355e-02
5.290e+01 -1.292e-03 -1.200e-02
5.300e+01 -4.530e-03 -6.121e-03
5.310e+01 1.702e-03 -7.929e-03
5.320e+01 -5.850e-03 -1.860e-04
5.330e+01 -3.435e-03 -9.570e-05
5.340e+01 -3.719e-03 -9.176e-04
5.350e+01 -1.110e-02 4.656e-03
5.360e+01 -2.173e-02 8.191e-03
5.370e+01 -8.972e-03 6.330e-03
5.380e+01 -4.801e-03 3.792e-03
5.390e+01 -5.922e-03 3.361e-03
5.400e+01 -1.284e-02 5.133e-03
5.410e+01 -8.191e-03 1.329e-03
5.420e+01 3.521e-03 1.721e-03
5.430e+01 9.164e-03 -8.050e-03
5.440e+01 1.384e-02 -2.014e-02
5.450e+01 8.979e-03 -4.953e-03
5.460e+01 -5.222e-03 -4.007e-03
5.470e+01 -6.811e-03 -2.778e-03
5.480e+01 3.642e-03 -2.941e-03
5.490e+01 8.876e-03 -1.941e-03
5.500e+01 1.036e-02 -2.805e-03
5.510e+01 1.178e-02 -6.734e-03
5.520e+01 1.960e-02 -1.009e-02
5.530e+01 1.106e-02 -1.542e-03
5.540e+01 1.613e-02 -9.816e-03
5.550e+01 1.504e-02 -1.067e-02
5.560e+01 7.105e-03 -7.526e-03
5.570e+01 9.421e-03 -9.132e-03
5.580e+01 1.566e-03 5.789e-03
5.590e+01 9.186e-04 2.816e-03
5.600e+01 -1.588e-03 7.843e-03
5.610e+01 6.789e-03 2.480e-03
5.620e+01 1.103e-02 -3.054e-03
5.630e+01 1.451e-02 -7.763e-03
5.640e+01 1.017e-02 6.938e-04
5.650e+01 3.394e-03 -2.027e-03
5.660e+01 -2.325e-04 8.749e-04
5.670e+01 4.530e-03 -2.261e-03
5.680e+01 2.120e-03 -3.896e-03
5.690e+01 4.582e-03 -3.969e-03
5.700e+01 5.653e-03 -3.504e-03
5.710e+01 4.302e-03 -1.198e-03
5.720e+01 9.947e-03 -5.034e-03
5.730e+01 7.209e-03 -5.185e-03
5.740e+01 5.986e-03 -5.823e-03
5.750e+01 1.150e-02 -5.152e-03
5.760e+01 1.271e-02 -5.181e-03
5.770e+01 1.290e-02 -5.339e-03
5.780e+01 1.302e-02 -9.240e-03
5.790e+01 1.515e-02 -5.300e-03
5.800e+01 1.516e-02 -8.780e-03
5.810e+01 1.154e-02 -1.075e-02
5.820e+01 9.425e-03 -1.512e-02
5.830e+01 9.400e-03 -1.231e-02
5.840e+01 9.731e-03 -6.900e-03
5.850e+01 1.299e-02 -9.592e-03
5.860e+01 1.273e-02 -8.789e-03
5.870e+01 1.293e-02 -8.291e-03
5.880e+01 1.329e-02 -1.044e-02
5.890e+01 1.598e-02 -9.932e-03
5.900e+01 1.182e-02 -8.841e-03
5.910e+01 1.216e-02 -5.149e-03
5.920e+01 1.186e-02 -3.184e-03
5.930e+01 8.847e-03 -2.054e-03
5.940e+01 1.428e-02 -5.786e-03
5.950e+01 1.001e-02 -3.496e-03
5.960e+01 1.034e-02 -3.448e-03
5.970e+01 1.367e-02 -3.845e-03
5.980e+01 1.155e-02 -3.205e-03
5.990e+01 6.829e-03 -2.591e-03
6.000e+01 9.132e-03 1.107e-03
6.010e+01 1.571e-02 -4.608e-03
6.020e+01 1.407e-02 -3.722e-03
6.030e+01 8.482e-03 -5.703e-03
6.040e+01 1.020e-02 -6.884e-03
6.050e+01 1.439e-02 -6.178e-03
6.060e+01 1.571e-02 -3.784e-03
6.070e+01 1.759e-02 -1.564e-03
6.080e+01 1.354e-02 -4.821e-03
6.090e+01 1.362e-02 -2.082e-03
6.100e+01 1.204e-02 -3.925e-03
6.110e+01 1.423e-02 7.616e-03
6.120e+01 7.813e-03 4.425e-03
6.130e+01 1.197e-02 2.589e-03
6.140e+01 1.208e-02 -7.794e-03
6.150e+01 1.194e-02 -5.170e-03
6.160e+01 1.009e-02 -8.219e-03
6.170e+01 -1.892e-04 -9.519e-04
6.180e+01 5.399e-03 -4.571e-04
6.190e+01 2.117e-03 -6.484e-03
6.200e+01 6.499e-03 -8.469e-03
6.210e+01 7.906e-03 -6.935e-03
6.220e+01 5.280e-03 -9.545e-03
6.230e+01 2.799e-03 -7.331e-03
6.240e+01 -2.389e-04 -1.330e-02
6.250e+01 3.690e-03 -1.227e-02
6.260e+01 -1.563e-03 -1.471e-02
6.270e+01 4.754e-03 -1.943e-02
6.280e+01 6.540e-03 -1.909e-02
6.290e+01 6.917e-03 -1.742e-02
6.300e+01 7.414e-03 -1.762e-02
6.310e+01 3.979e-03 -2.130e-02
6.320e+01 -2.241e-03 -1.594e-02
6.330e+01 -2.493e-03 -1.675e-02
6.340e+01 1.721e-03 -9.805e-03
6.350e+01 8.549e-05 -2.856e-02
6.360e+01 5.749e-04 -2.135e-02
6.370e+01 -3.485e-03 -1.673e-02
6.380e+01 -3.866e-03 -1.295e-02
6.390e+01 -1.606e-02 -1.658e-02
6.400e+01 -3.032e-03 -1.159e-02
6.410e+01 -9.354e-03 -1.116e-02
6.420e+01 -1.378e-02 -7.725e-03
6.430e+01 -9.913e-03 -6.193e-03
6.440e+01 -4.723e-03 -5.662e-03
6.450e+01 2.331e-04 -2.385e-03
6.460e+01 -2.316e-03 -1.470e-03
6.470e+01 -1.120e-02 -2.942e-03
6.480e+01 -8.787e-03 3.645e-03
6.490e+01 -4.913e-03 7.611e-03
6.500e+01 -8.346e-03 3.709e-03
6.510e+01 -6.808e-03 2.618e-03
6.520e+01 -2.610e-04 1.977e-03
6.530e+01 -3.256e-03 3.621e-03
6.540e+01 -4.187e-03 -2.874e-03
6.550e+01 2.216e-04 -3.845e-03
6.560e+01 6.265e-03 -8.527e-03
6.570e+01 4.953e-03 -1.071e-03
6.580e+01 3.386e-03 5.905e-03
6.590e+01 1.498e-02 2.971e-03
6.600e+01 4.300e-03 -4.956e-03
6.610e+01 2.291e-04 -1.938e-03
6.620e+01 2.592e-03 -7.597e-03
6.630e+01 -5.051e-03 -1.385e-02
6.640e+01 3.116e-03 -1.548e-02
6.650e+01 6.854e-03 5.772e-04
6.660e+01 4.954e-03 4.133e-03
6.670e+01 1.122e-02 2.963e-03
6.680e+01 1.509e-02 5.275e-03
6.690e+01 3.890e-03 3.970e-03
6.700e+01 9.753e-03 -7.970e-04
6.710e+01 3.957e-03 1.206e-03
6.720e+01 2.092e-03 9.472e-03
6.730e+01 3.737e-03 1.079e-02
6.740e+01 6.299e-03 3.799e-03
6.750e+01 1.023e-02 5.655e-03
6.760e+01 9.285e-03 4.595e-03
6.770e+01 6.164e-03 2.021e-03
6.780e+01 1.354e-03 9.473e-03
6.790e+01 1.177e-02 9.679e-03
6.800e+01 1.089e-02 5.861e-03
6.810e+01 1.343e-02 7.215e-03
6.820e+01 1.613e-02 1.099e-02
6.830e+01 3.761e-03 1.247e-02
6.840e+01 -7.642e-04 5.792e-03
6.850e+01 -7.440e-03 -2.794e-03
6.860e+01 -4.951e-03 -1.223e-02
6.870e+01 7.098e-04 -1.248e-02
6.880e+01 -1.167e-02 -2.839e-03
6.890e+01 -1.253e-02 3.925e-03
6.900e+01 -5.802e-03 6.815e-03
6.910e+01 -3.158e-03 5.031e-03
6.920e+01 -4.010e-03 -7.033e-03
6.930e+01 -8.944e-04 -3.846e-03
6.940e+01 6.251e-03 7.790e-03
6.950e+01 4.556e-03 6.244e-03
6.960e+01 -1.128e-04 8.712e-03
6.970e+01 3.370e-03 7.884e-03
6.980e+01 2.864e-04 5.395e-03
6.990e+01 6.097e-03 5.534e-03
7.000e+01 -2.831e-04 -9.090e-04
7.010e+01 -9.493e-03 -9.202e-04
7.020e+01 -7.050e-03 -4.562e-03
7.030e+01 -1.248e-02 -9.693e-03
7.040e+01 -1.364e-02 -1.021e-02
7.050e+01 -1.066e-02 -5.343e-03
7.060e+01 -1.317e-02 -8.510e-05
7.070e+01 -1.600e-02 1.069e-03
7.080e+01 -1.377e-02 -1.438e-03
7.090e+01 -1.937e-02 5.730e-03
7.100e+01 -1.054e-02 5.425e-03
7.110e+01 -1.732e-02 9.852e-03
7.120e+01 -1.543e-02 8.704e-03
7.130e+01 -1.099e-02 5.783e-03
7.140e+01 -1.096e-02 6.581e-03
7.150e+01 -5.151e-03 5.246e-03
7.160e+01 -5.622e-03 -3.414e-03
7.170e+01 -9.057e-03 -3.844e-03
7.180e+01 -1.285e-02 1.552e-03
7.190e+01 -8.093e-03 2.024e-03
7.200e+01 -1.004e-02 3.424e-03
7.210e+01 -1.197e-03 6.917e-03
7.220e+01 -5.367e-04 3.394e-03
7.230e+01 -7.530e-04 -3.132e-03
7.240e+01 -1.014e-02 -8.285e-03
7.250e+01 -1.502e-02 -3.793e-03
7.260e+01 -1.243e-02 -3.221e-03
7.270e+01 -1.041e-02 -1.244e-03
7.280e+01 -1.246e-02 -3.571e-03
7.290e+01 -6.321e-03 -5.515e-03
7.300e+01 1.472e-03 -6.096e-03
7.310e+01 -5.210e-03 -8.145e-03
7.320e+01 -6.056e-03 -5.330e-03
7.330e+01 -4.180e-03 -2.081e-03
7.340e+01 -2.306e-03 2.216e-03
7.350e+01 -2.992e-03 4.345e-03
7.360e+01 -8.616e-03 9.187e-03
7.370e+01 -8.291e-03 5.383e-03
7.380e+01 -8.623e-03 2.840e-03
7.390e+01 -6.365e-03 4.431e-03
7.400e+01 -1.329e-02 7.113e-03
7.410e+01 -8.812e-03 1.069e-02
7.420e+01 -8.274e-03 1.811e-02
7.430e+01 -6.449e-03 1.102e-02
7.440e+01 -4.850e-03 1.206e-02
7.450e+01 -9.279e-03 1.090e-02
7.460e+01 -6.210e-03 6.747e-03
7.470e+01 -1.237e-02 5.298e-03
7.480e+01 -2.176e-03 1.827e-03
7.490e+01 -3.389e-03 4.231e-03
7.500e+01 -9.547e-03 1.051e-02
7.510e+01 2.501e-03 4.935e-03
7.520e+01 -1.322e-02 6.444e-03
7.530e+01 -3.568e-03 2.174e-04
7.540e+01 -2.613e-03 -8.552e-04
7.550e+01 -9.026e-03 6.632e-03
7.560e+01 -2.323e-03 9.912e-03
7.570e+01 2.081e-03 6.887e-03
7.580e+01 -5.675e-03 7.130e-03
7.590e+01 -9.209e-03 2.226e-03
7.600e+01 -5.214e-03 6.863e-03
7.610e+01 -3.730e-04 1.054e-03
7.620e+01 -6.089e-03 1.061e-02
7.630e+01 7.537e-03 2.066e-03
7.640e+01 4.742e-03 5.865e-03
7.650e+01 1.234e-02 6.161e-03
7.660e+01 1.473e-03 7.642e-03
7.670e+01 1.787e-06 5.868e-03
7.680e+01 -1.989e-03 3.997e-03
7.690e+01 -7.245e-03 9.683e-03
7.700e+01 -8.765e-03 1.068e-02
7.710e+01 -5.469e-03 3.407e-03
7.720e+01 -5.961e-03 3.346e-03
7.730e+01 2.603e-04 2.614e-03
7.740e+01 5.172e-04 3.108e-03
7.750e+01 2.243e-03 -2.500e-04
7.760e+01 3.235e-03 -2.561e-03
7.770e+01 3.184e-03 9.720e-04
7.780e+01 -2.175e-04 5.107e-03
7.790e+01 -2.350e-03 8.326e-03
7.800e+01 -2.008e-03 1.112e-02
7.810e+01 -1.991e-03 1.077e-02
7.820e+01 -3.310e-03 6.867e-03
7.830e+01 -8.893e-03 1.323e-02
7.840e+01 1.175e-03 5.408e-03
7.850e+01 4.136e-03 4.511e-03
7.860e+01 8.800e-03 2.464e-03
7.870e+01 7.172e-03 1.282e-03
7.880e+01 4.652e-03 1.845e-03
7.890e+01 7.220e-03 1.442e-03
7.900e+01 4.998e-03 -3.212e-05
7.910e+01 1.120e-02 -1.040e-03
7.920e+01 5.957e-03 -1.771e-03
7.930e+01 2.069e-03 -3.057e-03
7.940e+01 -1.067e-03 -5.597e-03
7.950e+01 4.922e-04 -3.357e-03
7.960e+01 5.409e-04 -3.656e-03
7.970e+01 4.277e-03 -5.479e-03
7.980e+01 -8.880e-04 -8.110e-04
7.990e+01 -2.403e-03 -2.016e-03
8.000e+01 -2.698e-03 -4.343e-03
8.010e+01 3.600e-04 -6.245e-03
8.020e+01 -2.995e-03 -3.719e-03
8.030e+01 -1.441e-03 -2.967e-03
8.040e+01 -2.046e-03 -4.171e-03
8.050e+01 1.957e-03 -2.295e-03
8.060e+01 -2.195e-03 1.398e-03
8.070e+01 -2.019e-03 3.047e-03
8.080e+01 -1.988e-03 3.168e-03
8.090e+01 -8.929e-05 3.777e-03
8.100e+01 -7.954e-03 3.049e-03
8.110e+01 -5.439e-03 9.550e-04
8.120e+01 -2.042e-03 -7.737e-04
8.130e+01 8.873e-03 -1.001e-03
8.140e+01 5.594e-03 1.371e-03
8.150e+01 9.971e-03 7.792e-04
8.160e+01 9.534e-03 1.270e-03
8.170e+01 7.511e-03 -4.665e-03
8.180e+01 6.222e-03 -1.989e-03
8.190e+01 3.651e-03 -1.930e-03
8.200e+01 1.073e-02 -7.168e-03
8.210e+01 7.819e-03 -8.517e-03
8.220e+01 7.803e-03 -2.912e-03
8.230e+01 -5.019e-03 5.501e-03
8.240e+01 -6.155e-03 2.421e-04
8.250e+01 -1.675e-04 3.979e-03
8.260e+01 2.958e-03 4.673e-03
8.270e+01 1.151e-03 3.916e-03
8.280e+01 -3.967e-03 5.333e-03
8.290e+01 -1.231e-02 5.751e-03
8.300e+01 -7.776e-03 -7.608e-03
8.310e+01 -1.104e-02 -6.563e-03
8.320e+01 -6.218e-03 -9.713e-03
8.330e+01 -3.833e-03 -8.551e-03
8.340e+01 -6.408e-03 -6.980e-03
8.350e+01 -1.200e-03 -9.149e-03
8.360e+01 -3.855e-03 -7.817e-03
8.370e+01 -8.436e-03 -8.561e-03
8.380e+01 -9.693e-04 -1.308e-02
8.390e+01 -5.573e-04 -1.696e-02
8.400e+01 -2.248e-03 -1.537e-02
8.410e+01 -5.491e-04 -8.353e-03
8.420e+01 -6.907e-03 -2.800e-03
8.430e+01 -1.372e-02 -1.500e-02
8.440e+01 -8.384e-03 -4.462e-03
8.450e+01 -4.538e-03 -2.177e-03
8.460e+01 -1.791e-02 -1.103e-02
8.470e+01 -1.696e-02 -1.317e-02
8.480e+01 -9.068e-03 -8.351e-03
8.490e+01 -1.636e-02 -4.718e-03
8.500e+01 -1.252e-02 -3.071e-03
8.510e+01 -1.585e-02 4.141e-03
8.520e+01 -2.374e-02 1.079e-03
8.530e+01 -1.480e-02 2.198e-04
8.540e+01 -2.091e-02 -9.278e-03
8.550e+01 -2.787e-02 -2.269e-02
8.560e+01 -2.246e-02 -2.150e-02
8.570e+01 -1.328e-02 -1.932e-02
8.580e+01 -1.820e-02 -1.646e-02
8.590e+01 -2.374e-02 -1.651e-02
8.600e+01 -2.415e-02 -2.529e-02
8.610e+01 -1.607e-02 -2.052e-02
8.620e+01 -1.832e-02 -1.686e-02
8.630e+01 -2.168e-02 -1.266e-02
8.640e+01 -1.480e-02 -1.387e-02
8.650e+01 -1.357e-02 -1.378e-02
8.660e+01 -2.710e-02 -1.233e-02
8.670e+01 -1.664e-02 -1.929e-02
8.680e+01 -2.390e-02 -2.775e-02
8.690e+01 -6.047e-03 -2.279e-02
8.700e+01 -1.431e-02 -2.511e-02
8.710e+01 -1.062e-02 -2.880e-02
8.720e+01 -8.291e-03 -1.748e-02
8.730e+01 -2.883e-03 -1.514e-02
8.740e+01 -2.555e-02 -2.823e-02
8.750e+01 -2.885e-03 -1.958e-02
8.760e+01 -1.484e-03 -1.915e-02
8.770e+01 3.683e-04 -1.113e-02
8.780e+01 8.069e-03 -1.211e-02
8.790e+01 6.322e-03 -1.346e-02
8.800e+01 5.534e-03 -1.278e-02
8.810e+01 6.820e-03 -1.766e-02
8.820e+01 2.551e-03 -1.240e-02
8.830e+01 -2.306e-03 -1.550e-02
8.840e+01 -1.769e-03 -1.692e-02
8.850e+01 1.955e-03 -1.426e-02
8.860e+01 -7.535e-04 -1.792e-02
8.870e+01 9.911e-04 -1.582e-02
8.880e+01 -3.064e-04 -1.968e-02
8.890e+01 -3.362e-03 -1.972e-02
8.900e+01 -3.499e-03 -1.905e-02
8.910e+01 -5.575e-04 -1.790e-02
8.920e+01 -3.728e-03 -1.821e-02
8.930e+01 -4.632e-04 -1.697e-02
8.940e+01 9.150e-04 -1.567e-02
8.950e+01 2.348e-03 -1.950e-02
8.960e+01 1.460e-03 -1.438e-02
8.970e+01 1.338e-03 -1.623e-02
8.980e+01 -2.161e-03 -1.502e-02
8.990e+01 3.622e-04 -1.298e-02
9.000e+01 -2.300e-03 -8.561e-03
9.010e+01 1.242e-03 -5.768e-03
9.020e+01 -1.105e-03 -5.094e-03
9.030e+01 -1.730e-03 -1.165e-02
9.040e+01 1.138e-03 -1.015e-02
9.050e+01 3.799e-03 -1.204e-02
9.060e+01 2.764e-03 -1.092e-02
9.070e+01 2.365e-03 -1.057e-02
9.080e+01 3.862e-03 -1.439e-02
9.090e+01 -1.662e-03 -1.273e-02
9.100e+01 8.692e-04 -1.491e-02
9.110e+01 8.475e-05 -1.442e-02
9.120e+01 -1.547e-03 -1.780e-02
9.130e+01 6.592e-04 -1.848e-02
9.140e+01 -1.831e-03 -1.700e-02
9.150e+01 -1.869e-03 -1.540e-02
9.160e+01 6.278e-04 -8.233e-03
9.170e+01 -1.248e-03 -1.260e-02
9.180e+01 -6.042e-04 -1.352e-02
9.190e+01 1.303e-03 -1.243e-02
9.200e+01 2.442e-03 -6.760e-03
9.210e+01 2.015e-03 -6.294e-03
9.220e+01 8.926e-04 -5.950e-03
9.230e+01 1.249e-03 -8.494e-03
9.240e+01 -1.274e-03 -9.721e-03
9.250e+01 3.513e-04 -4.770e-03
9.260e+01 2.364e-03 -4.816e-03
9.270e+01 4.209e-03 -5.036e-03
9.280e+01 5.834e-03 -5.394e-03
9.290e+01 8.149e-03 -5.685e-03
9.300e+01 3.364e-03 -4.599e-03
9.310e+01 3.408e-03 -5.066e-03
9.320e+01 7.489e-03 -6.162e-03
9.330e+01 5.637e-03 -2.783e-03
9.340e+01 6.502e-03 -3.332e-03
9.350e+01 5.861e-03 -2.908e-04
9.360e+01 4.776e-03 -2.647e-04
9.370e+01 5.890e-03 -2.136e-03
9.380e+01 9.348e-03 -3.596e-03
9.390e+01 9.876e-03 -1.598e-03
9.400e+01 4.286e-03 -1.836e-03
9.410e+01 3.587e-03 7.533e-04
9.420e+01 4.955e-03 1.363e-03
9.430e+01 5.538e-03 -1.448e-03
9.440e+01 3.924e-03 -1.739e-03
9.450e+01 3.966e-03 -2.375e-03
9.460e+01 5.106e-03 -3.741e-03
9.470e+01 6.296e-03 -7.246e-04
9.480e+01 7.280e-03 -7.336e-04
9.490e+01 8.569e-03 -2.428e-03
9.500e+01 8.153e-03 -3.280e-03
9.510e+01 9.934e-03 -3.786e-03
9.520e+01 7.854e-03 -5.259e-03
9.530e+01 5.483e-03 -1.382e-03
9.540e+01 2.744e-03 -2.490e-05
9.550e+01 -3.071e-04 6.556e-04
9.560e+01 -9.745e-04 -4.534e-04
9.570e+01 6.147e-04 6.605e-04
9.580e+01 1.427e-03 -5.923e-04
9.590e+01 3.915e-03 -5.548e-04
9.600e+01 4.948e-03 -4.927e-04
9.610e+01 5.253e-03 1.297e-03
9.620e+01 4.677e-03 2.165e-03
9.630e+01 3.977e-03 1.005e-03
9.640e+01 5.061e-03 1.660e-03
9.650e+01 7.240e-03 2.869e-03
9.660e+01 5.967e-03 3.420e-03
9.670e+01 5.919e-03 1.182e-03
9.680e+01 5.902e-03 1.176e-03
9.690e+01 9.274e-03 1.450e-03
9.700e+01 5.318e-03 4.328e-03
9.710e+01 3.859e-03 4.484e-04
9.720e+01 2.310e-03 -9.009e-04
9.730e+01 4.988e-03 -1.082e-04
9.740e+01 6.239e-03 2.629e-04
9.750e+01 5.341e-03 -1.134e-03
9.760e+01 2.598e-03 -1.399e-03
9.770e+01 1.467e-03 5.440e-04
9.780e+01 9.547e-04 5.678e-04
9.790e+01 3.054e-03 2.038e-03
9.800e+01 1.514e-03 2.460e-03
9.810e+01 6.344e-04 9.855e-04
9.820e+01 -3.975e-03 1.270e-03
9.830e+01 -1.491e-03 -1.178e-03
9.840e+01 -4.442e-04 -1.514e-03
9.850e+01 1.931e-03 -3.640e-03
9.860e+01 4.608e-03 -5.168e-03
9.870e+01 5.712e-03 -2.974e-03
9.880e+01 6.681e-03 3.299e-04
9.890e+01 7.288e-03 5.913e-04
9.900e+01 7.221e-03 1.921e-04
9.910e+01 6.960e-03 -9.049e-05
9.920e+01 6.179e-03 -1.239e-03
9.930e+01 5.497e-03 -3.222e-03
9.940e+01 7.363e-03 -2.289e-03
9.950e+01 9.181e-03 -4.122e-03
9.960e+01 5.507e-03 -3.575e-03
9.970e+01 7.615e-03 -1.085e-03
9.980e+01 9.494e-03 3.673e-05
9.990e+01 9.156e-03 -1.812e-03
