# Time (ps)      real(F_0)      im(F_0)
0.000e+00 1.000e+00 0.000e+00
1.000e-01 8.612e-01 0.000e+00
2.000e-01 7.750e-01 0.000e+00
3.000e-01 7.376e-01 0.000e+00
4.000e-01 7.841e-01 0.000e+00
5.000e-01 7.897e-01 0.000e+00
6.000e-01 7.972e-01 0.000e+00
7.000e-01 7.669e-01 0.000e+00
8.000e-01 6.973e-01 0.000e+00
9.000e-01 6.802e-01 0.000e+00
1.000e+00 6.877e-01 0.000e+00
1.100e+00 6.683e-01 0.000e+00
1.200e+00 6.399e-01 0.000e+00
1.300e+00 6.286e-01 0.000e+00
1.400e+00 6.325e-01 0.000e+00
1.500e+00 6.066e-01 0.000e+00
1.600e+00 5.882e-01 0.000e+00
1.700e+00 5.963e-01 0.000e+00
1.800e+00 5.684e-01 0.000e+00
1.900e+00 5.760e-01 0.000e+00
2.000e+00 5.851e-01 0.000e+00
2.100e+00 5.464e-01 0.000e+00
2.200e+00 4.995e-01 0.000e+00
2.300e+00 5.075e-01 0.000e+00
2.400e+00 5.166e-01 0.000e+00
2.500e+00 4.831e-01 0.000e+00
2.600e+00 5.192e-01 0.000e+00
2.700e+00 5.301e-01 0.000e+00
2.800e+00 5.447e-01 0.000e+00
2.900e+00 5.476e-01 0.000e+00
3.000e+00 4.802e-01 0.000e+00
3.100e+00 4.890e-01 0.000e+00
3.200e+00 4.467e-01 0.000e+00
3.300e+00 4.342e-01 0.000e+00
3.400e+00 4.435e-01 0.000e+00
3.500e+00 4.468e-01 0.000e+00
3.600e+00 4.611e-01 0.000e+00
3.700e+00 4.288e-01 0.000e+00
3.800e+00 4.287e-01 0.000e+00
3.900e+00 4.405e-01 0.000e+00
4.000e+00 3.826e-01 0.000e+00
4.100e+00 3.621e-01 0.000e+00
4.200e+00 3.563e-01 0.000e+00
4.300e+00 3.764e-01 0.000e+00
4.400e+00 3.799e-01 0.000e+00
4.500e+00 3.517e-01 0.000e+00
4.600e+00 3.778e-01 0.000e+00
4.700e+00 4.121e-01 0.000e+00
4.800e+00 4.139e-01 0.000e+00
4.900e+00 3.802e-01 0.000e+00
5.000e+00 3.796e-01 0.000e+00
5.100e+00 3.601e-01 0.000e+00
5.200e+00 3.848e-01 0.000e+00
5.300e+00 4.343e-01 0.000e+00
5.400e+00 3.808e-01 0.000e+00
5.500e+00 4.013e-01 0.000e+00
5.600e+00 4.157e-01 0.000e+00
5.700e+00 4.252e-01 0.000e+00
5.800e+00 3.747e-01 0.000e+00
5.900e+00 3.464e-01 0.000e+00
6.000e+00 3.873e-01 0.000e+00
6.100e+00 3.931e-01 0.000e+00
6.200e+00 3.778e-01 0.000e+00
6.300e+00 3.654e-01 0.000e+00
6.400e+00 3.664e-01 0.000e+00
6.500e+00 3.295e-01 0.000e+00
6.600e+00 3.526e-01 0.000e+00
6.700e+00 3.390e-01 0.000e+00
6.800e+00 3.639e-01 0.000e+00
6.900e+00 3.371e-01 0.000e+00
7.000e+00 3.117e-01 0.000e+00
7.100e+00 3.076e-01 0.000e+00
7.200e+00 3.434e-01 0.000e+00
7.300e+00 3.383e-01 0.000e+00
7.400e+00 3.032e-01 0.000e+00
7.500e+00 3.061e-01 0.000e+00
7.600e+00 3.069e-01 0.000e+00
7.700e+00 3.332e-01 0.000e+00
7.800e+00 3.261e-01 0.000e+00
7.900e+00 3.609e-01 0.000e+00
8.000e+00 3.284e-01 0.000e+00
8.100e+00 3.128e-01 0.000e+00
8.200e+00 3.185e-01 0.000e+00
8.300e+00 2.736e-01 0.000e+00
8.400e+00 2.699e-01 0.000e+00
8.500e+00 2.868e-01 0.000e+00
8.600e+00 2.504e-01 0.000e+00
8.700e+00 2.505e-01 0.000e+00
8.800e+00 2.628e-01 0.000e+00
8.900e+00 2.949e-01 0.000e+00
9.000e+00 2.693e-01 0.000e+00
9.100e+00 2.828e-01 0.000e+00
9.200e+00 2.308e-01 0.000e+00
9.300e+00 2.449e-01 0.000e+00
9.400e+00 2.477e-01 0.000e+00
9.500e+00 2.217e-01 0.000e+00
9.600e+00 2.416e-01 0.000e+00
9.700e+00 2.550e-01 0.000e+00
9.800e+00 2.150e-01 0.000e+00
9.900e+00 2.734e-01 0.000e+00
1.000e+01 2.249e-01 0.000e+00
1.010e+01 2.309e-01 0.000e+00
1.020e+01 2.402e-01 0.000e+00
1.030e+01 2.460e-01 0.000e+00
1.040e+01 2.369e-01 0.000e+00
1.050e+01 2.284e-01 0.000e+00
1.060e+01 2.349e-01 0.000e+00
1.070e+01 2.833e-01 0.000e+00
1.080e+01 2.998e-01 0.000e+00
1.090e+01 2.854e-01 0.000e+00
1.100e+01 2.957e-01 0.000e+00
1.110e+01 2.850e-01 0.000e+00
1.120e+01 2.672e-01 0.000e+00
1.130e+01 2.759e-01 0.000e+00
1.140e+01 2.677e-01 0.000e+00
1.150e+01 2.940e-01 0.000e+00
1.160e+01 2.826e-01 0.000e+00
1.170e+01 3.001e-01 0.000e+00
1.180e+01 2.525e-01 0.000e+00
1.190e+01 2.356e-01 0.000e+00
1.200e+01 2.338e-01 0.000e+00
1.210e+01 2.322e-01 0.000e+00
1.220e+01 2.447e-01 0.000e+00
1.230e+01 2.737e-01 0.000e+00
1.240e+01 2.484e-01 0.000e+00
1.250e+01 2.495e-01 0.000e+00
1.260e+01 2.379e-01 0.000e+00
1.270e+01 2.542e-01 0.000e+00
1.280e+01 2.653e-01 0.000e+00
1.290e+01 2.238e-01 0.000e+00
1.300e+01 2.198e-01 0.000e+00
1.310e+01 2.255e-01 0.000e+00
1.320e+01 2.399e-01 0.000e+00
1.330e+01 2.201e-01 0.000e+00
1.340e+01 2.170e-01 0.000e+00
1.350e+01 2.449e-01 0.000e+00
1.360e+01 2.292e-01 0.000e+00
1.370e+01 2.860e-01 0.000e+00
1.380e+01 2.438e-01 0.000e+00
1.390e+01 2.441e-01 0.000e+00
1.400e+01 2.323e-01 0.000e+00
1.410e+01 2.549e-01 0.000e+00
1.420e+01 2.057e-01 0.000e+00
1.430e+01 2.145e-01 0.000e+00
1.440e+01 2.230e-01 0.000e+00
1.450e+01 1.923e-01 0.000e+00
1.460e+01 2.078e-01 0.000e+00
1.470e+01 2.082e-01 0.000e+00
1.480e+01 2.278e-01 0.000e+00
1.490e+01 2.303e-01 0.000e+00
1.500e+01 2.321e-01 0.000e+00
1.510e+01 2.237e-01 0.000e+00
1.520e+01 2.387e-01 0.000e+00
1.530e+01 2.524e-01 0.000e+00
1.540e+01 2.179e-01 0.000e+00
1.550e+01 2.095e-01 0.000e+00
1.560e+01 2.087e-01 0.000e+00
1.570e+01 2.169e-01 0.000e+00
1.580e+01 2.084e-01 0.000e+00
1.590e+01 2.234e-01 0.000e+00
1.600e+01 2.176e-01 0.000e+00
1.610e+01 1.958e-01 0.000e+00
1.620e+01 1.682e-01 0.000e+00
1.630e+01 1.568e-01 0.000e+00
1.640e+01 1.494e-01 0.000e+00
1.650e+01 1.852e-01 0.000e+00
1.660e+01 1.825e-01 0.000e+00
1.670e+01 1.888e-01 0.000e+00
1.680e+01 1.979e-01 0.000e+00
1.690e+01 1.827e-01 0.000e+00
1.700e+01 1.774e-01 0.000e+00
1.710e+01 1.798e-01 0.000e+00
1.720e+01 1.813e-01 0.000e+00
1.730e+01 1.717e-01 0.000e+00
1.740e+01 1.773e-01 0.000e+00
1.750e+01 1.832e-01 0.000e+00
1.760e+01 1.600e-01 0.000e+00
1.770e+01 1.545e-01 0.000e+00
1.780e+01 1.541e-01 0.000e+00
1.790e+01 1.645e-01 0.000e+00
1.800e+01 1.551e-01 0.000e+00
1.810e+01 1.587e-01 0.000e+00
1.820e+01 1.650e-01 0.000e+00
1.830e+01 1.897e-01 0.000e+00
1.840e+01 1.750e-01 0.000e+00
1.850e+01 1.704e-01 0.000e+00
1.860e+01 1.651e-01 0.000e+00
1.870e+01 1.737e-01 0.000e+00
1.880e+01 1.688e-01 0.000e+00
1.890e+01 1.647e-01 0.000e+00
1.900e+01 1.732e-01 0.000e+00
1.910e+01 1.579e-01 0.000e+00
1.920e+01 1.494e-01 0.000e+00
1.930e+01 1.339e-01 0.000e+00
1.940e+01 1.416e-01 0.000e+00
1.950e+01 1.301e-01 0.000e+00
1.960e+01 1.257e-01 0.000e+00
1.970e+01 1.221e-01 0.000e+00
1.980e+01 1.505e-01 0.000e+00
1.990e+01 1.465e-01 0.000e+00
2.000e+01 1.532e-01 0.000e+00
2.010e+01 1.182e-01 0.000e+00
2.020e+01 1.231e-01 0.000e+00
2.030e+01 1.357e-01 0.000e+00
2.040e+01 1.407e-01 0.000e+00
2.050e+01 1.294e-01 0.000e+00
2.060e+01 1.409e-01 0.000e+00
2.070e+01 1.249e-01 0.000e+00
2.080e+01 1.171e-01 0.000e+00
2.090e+01 1.196e-01 0.000e+00
2.100e+01 1.171e-01 0.000e+00
2.110e+01 1.179e-01 0.000e+00
2.120e+01 1.134e-01 0.000e+00
2.130e+01 1.210e-01 0.000e+00
2.140e+01 1.292e-01 0.000e+00
2.150e+01 1.509e-01 0.000e+00
2.160e+01 1.310e-01 0.000e+00
2.170e+01 1.543e-01 0.000e+00
2.180e+01 1.291e-01 0.000e+00
2.190e+01 1.427e-01 0.000e+00
2.200e+01 1.289e-01 0.000e+00
2.210e+01 1.093e-01 0.000e+00
2.220e+01 1.033e-01 0.000e+00
2.230e+01 1.231e-01 0.000e+00
2.240e+01 1.178e-01 0.000e+00
2.250e+01 9.820e-02 0.000e+00
2.260e+01 8.788e-02 0.000e+00
2.270e+01 9.852e-02 0.000e+00
2.280e+01 1.080e-01 0.000e+00
2.290e+01 1.006e-01 0.000e+00
2.300e+01 1.072e-01 0.000e+00
2.310e+01 1.307e-01 0.000e+00
2.320e+01 1.370e-01 0.000e+00
2.330e+01 1.357e-01 0.000e+00
2.340e+01 1.388e-01 0.000e+00
2.350e+01 1.321e-01 0.000e+00
2.360e+01 1.217e-01 0.000e+00
2.370e+01 1.085e-01 0.000e+00
2.380e+01 1.019e-01 0.000e+00
2.390e+01 1.100e-01 0.000e+00
2.400e+01 8.966e-02 0.000e+00
2.410e+01 9.734e-02 0.000e+00
2.420e+01 1.031e-01 0.000e+00
2.430e+01 1.151e-01 0.000e+00
2.440e+01 1.080e-01 0.000e+00
2.450e+01 1.073e-01 0.000e+00
2.460e+01 1.057e-01 0.000e+00
2.470e+01 1.123e-01 0.000e+00
2.480e+01 1.053e-01 0.000e+00
2.490e+01 9.583e-02 0.000e+00
2.500e+01 1.033e-01 0.000e+00
2.510e+01 1.090e-01 0.000e+00
2.520e+01 1.219e-01 0.000e+00
2.530e+01 1.151e-01 0.000e+00
2.540e+01 1.121e-01 0.000e+00
2.550e+01 1.014e-01 0.000e+00
2.560e+01 1.035e-01 0.000e+00
2.570e+01 9.270e-02 0.000e+00
2.580e+01 9.244e-02 0.000e+00
2.590e+01 9.421e-02 0.000e+00
2.600e+01 9.954e-02 0.000e+00
2.610e+01 1.013e-01 0.000e+00
2.620e+01 9.880e-02 0.000e+00
2.630e+01 1.047e-01 0.000e+00
2.640e+01 1.233e-01 0.000e+00
2.650e+01 1.215e-01 0.000e+00
2.660e+01 1.148e-01 0.000e+00
2.670e+01 1.081e-01 0.000e+00
2.680e+01 1.131e-01 0.000e+00
2.690e+01 1.006e-01 0.000e+00
2.700e+01 1.024e-01 0.000e+00
2.710e+01 1.038e-01 0.000e+00
2.720e+01 1.112e-01 0.000e+00
2.730e+01 9.244e-02 0.000e+00
2.740e+01 1.058e-01 0.000e+00
2.750e+01 9.261e-02 0.000e+00
2.760e+01 9.715e-02 0.000e+00
2.770e+01 9.452e-02 0.000e+00
2.780e+01 9.569e-02 0.000e+00
2.790e+01 1.076e-01 0.000e+00
2.800e+01 1.075e-01 0.000e+00
2.810e+01 9.922e-02 0.000e+00
2.820e+01 9.933e-02 0.000e+00
2.830e+01 9.831e-02 0.000e+00
2.840e+01 9.176e-02 0.000e+00
2.850e+01 8.669e-02 0.000e+00
2.860e+01 8.789e-02 0.000e+00
2.870e+01 1.114e-01 0.000e+00
2.880e+01 1.055e-01 0.000e+00
2.890e+01 9.493e-02 0.000e+00
2.900e+01 9.898e-02 0.000e+00
2.910e+01 1.067e-01 0.000e+00
2.920e+01 1.013e-01 0.000e+00
2.930e+01 9.227e-02 0.000e+00
2.940e+01 9.257e-02 0.000e+00
2.950e+01 7.951e-02 0.000e+00
2.960e+01 8.282e-02 0.000e+00
2.970e+01 7.280e-02 0.000e+00
2.980e+01 7.567e-02 0.000e+00
2.990e+01 6.977e-02 0.000e+00
3.000e+01 6.898e-02 0.000e+00
3.010e+01 7.650e-02 0.000e+00
3.020e+01 8.525e-02 0.000e+00
3.030e+01 9.101e-02 0.000e+00
3.040e+01 9.920e-02 0.000e+00
3.050e+01 9.862e-02 0.000e+00
3.060e+01 8.336e-02 0.000e+00
3.070e+01 8.040e-02 0.000e+00
3.080e+01 7.889e-02 0.000e+00
3.090e+01 8.039e-02 0.000e+00
3.100e+01 8.015e-02 0.000e+00
3.110e+01 7.416e-02 0.000e+00
3.120e+01 7.480e-02 0.000e+00
3.130e+01 8.748e-02 0.000e+00
3.140e+01 8.337e-02 0.000e+00
3.150e+01 8.347e-02 0.000e+00
3.160e+01 7.867e-02 0.000e+00
3.170e+01 7.516e-02 0.000e+00
3.180e+01 8.063e-02 0.000e+00
3.190e+01 7.482e-02 0.000e+00
3.200e+01 8.122e-02 0.000e+00
3.210e+01 8.626e-02 0.000e+00
3.220e+01 8.649e-02 0.000e+00
3.230e+01 7.923e-02 0.000e+00
3.240e+01 8.103e-02 0.000e+00
3.250e+01 8.811e-02 0.000e+00
3.260e+01 7.809e-02 0.000e+00
3.270e+01 7.125e-02 0.000e+00
3.280e+01 7.722e-02 0.000e+00
3.290e+01 7.633e-02 0.000e+00
3.300e+01 8.710e-02 0.000e+00
3.310e+01 8.663e-02 0.000e+00
3.320e+01 7.981e-02 0.000e+00
3.330e+01 8.144e-02 0.000e+00
3.340e+01 8.337e-02 0.000e+00
3.350e+01 8.086e-02 0.000e+00
3.360e+01 8.291e-02 0.000e+00
3.370e+01 8.796e-02 0.000e+00
3.380e+01 8.140e-02 0.000e+00
3.390e+01 8.016e-02 0.000e+00
3.400e+01 7.970e-02 0.000e+00
3.410e+01 7.863e-02 0.000e+00
3.420e+01 7.754e-02 0.000e+00
3.430e+01 6.919e-02 0.000e+00
3.440e+01 6.646e-02 0.000e+00
3.450e+01 6.453e-02 0.000e+00
3.460e+01 6.267e-02 0.000e+00
3.470e+01 7.141e-02 0.000e+00
3.480e+01 7.259e-02 0.000e+00
3.490e+01 7.708e-02 0.000e+00
3.500e+01 6.489e-02 0.000e+00
3.510e+01 6.562e-02 0.000e+00
3.520e+01 7.838e-02 0.000e+00
3.530e+01 6.497e-02 0.000e+00
3.540e+01 5.776e-02 0.000e+00
3.550e+01 6.851e-02 0.000e+00
3.560e+01 6.223e-02 0.000e+00
3.570e+01 6.888e-02 0.000e+00
3.580e+01 6.225e-02 0.000e+00
3.590e+01 6.219e-02 0.000e+00
3.600e+01 6.085e-02 0.000e+00
3.610e+01 6.149e-02 0.000e+00
3.620e+01 6.576e-02 0.000e+00
3.630e+01 6.335e-02 0.000e+00
3.640e+01 6.486e-02 0.000e+00
3.650e+01 6.310e-02 0.000e+00
3.660e+01 5.710e-02 0.000e+00
3.670e+01 5.577e-02 0.000e+00
3.680e+01 5.044e-02 0.000e+00
3.690e+01 5.799e-02 0.000e+00
3.700e+01 4.905e-02 0.000e+00
3.710e+01 5.904e-02 0.000e+00
3.720e+01 6.130e-02 0.000e+00
3.730e+01 7.543e-02 0.000e+00
3.740e+01 7.862e-02 0.000e+00
3.750e+01 7.062e-02 0.000e+00
3.760e+01 6.067e-02 0.000e+00
3.770e+01 4.600e-02 0.000e+00
3.780e+01 5.520e-02 0.000e+00
3.790e+01 5.350e-02 0.000e+00
3.800e+01 6.967e-02 0.000e+00
3.810e+01 6.937e-02 0.000e+00
3.820e+01 6.144e-02 0.000e+00
3.830e+01 4.977e-02 0.000e+00
3.840e+01 5.013e-02 0.000e+00
3.850e+01 4.819e-02 0.000e+00
3.860e+01 5.540e-02 0.000e+00
3.870e+01 4.563e-02 0.000e+00
3.880e+01 3.688e-02 0.000e+00
3.890e+01 4.023e-02 0.000e+00
3.900e+01 5.382e-02 0.000e+00
3.910e+01 6.047e-02 0.000e+00
3.920e+01 6.545e-02 0.000e+00
3.930e+01 6.239e-02 0.000e+00
3.940e+01 5.771e-02 0.000e+00
3.950e+01 4.862e-02 0.000e+00
3.960e+01 4.650e-02 0.000e+00
3.970e+01 5.426e-02 0.000e+00
3.980e+01 5.860e-02 0.000e+00
3.990e+01 6.585e-02 0.000e+00
4.000e+01 6.255e-02 0.000e+00
4.010e+01 6.189e-02 0.000e+00
4.020e+01 7.068e-02 0.000e+00
4.030e+01 5.471e-02 0.000e+00
4.040e+01 6.276e-02 0.000e+00
4.050e+01 5.379e-02 0.000e+00
4.060e+01 5.858e-02 0.000e+00
4.070e+01 6.511e-02 0.000e+00
4.080e+01 6.776e-02 0.000e+00
4.090e+01 6.439e-02 0.000e+00
4.100e+01 5.844e-02 0.000e+00
4.110e+01 5.652e-02 0.000e+00
4.120e+01 5.551e-02 0.000e+00
4.130e+01 5.560e-02 0.000e+00
4.140e+01 6.052e-02 0.000e+00
4.150e+01 5.138e-02 0.000e+00
4.160e+01 5.540e-02 0.000e+00
4.170e+01 5.427e-02 0.000e+00
4.180e+01 5.328e-02 0.000e+00
4.190e+01 5.069e-02 0.000e+00
4.200e+01 5.124e-02 0.000e+00
4.210e+01 4.392e-02 0.000e+00
4.220e+01 5.101e-02 0.000e+00
4.230e+01 5.170e-02 0.000e+00
4.240e+01 4.854e-02 0.000e+00
4.250e+01 4.436e-02 0.000e+00
4.260e+01 5.489e-02 0.000e+00
4.270e+01 5.140e-02 0.000e+00
4.280e+01 5.442e-02 0.000e+00
4.290e+01 5.187e-02 0.000e+00
4.300e+01 6.453e-02 0.000e+00
4.310e+01 5.604e-02 0.000e+00
4.320e+01 6.795e-02 0.000e+00
4.330e+01 6.823e-02 0.000e+00
4.340e+01 6.263e-02 0.000e+00
4.350e+01 6.091e-02 0.000e+00
4.360e+01 5.755e-02 0.000e+00
4.370e+01 5.785e-02 0.000e+00
4.380e+01 5.013e-02 0.000e+00
4.390e+01 5.012e-02 0.000e+00
4.400e+01 5.839e-02 0.000e+00
4.410e+01 5.644e-02 0.000e+00
4.420e+01 5.628e-02 0.000e+00
4.430e+01 6.128e-02 0.000e+00
4.440e+01 6.383e-02 0.000e+00
4.450e+01 5.971e-02 0.000e+00
4.460e+01 6.047e-02 0.000e+00
4.470e+01 6.181e-02 0.000e+00
4.480e+01 5.441e-02 0.000e+00
4.490e+01 5.242e-02 0.000e+00
4.500e+01 6.109e-02 0.000e+00
4.510e+01 6.286e-02 0.000e+00
4.520e+01 6.181e-02 0.000e+00
4.530e+01 5.906e-02 0.000e+00
4.540e+01 5.410e-02 0.000e+00
4.550e+01 5.008e-02 0.000e+00
4.560e+01 5.158e-02 0.000e+00
4.570e+01 4.960e-02 0.000e+00
4.580e+01 5.036e-02 0.000e+00
4.590e+01 4.623e-02 0.000e+00
4.600e+01 4.476e-02 0.000e+00
4.610e+01 4.490e-02 0.000e+00
4.620e+01 3.788e-02 0.000e+00
4.630e+01 3.889e-02 0.000e+00
4.640e+01 3.699e-02 0.000e+00
4.650e+01 2.998e-02 0.000e+00
4.660e+01 3.102e-02 0.000e+00
4.670e+01 3.051e-02 0.000e+00
4.680e+01 2.577e-02 0.000e+00
4.690e+01 3.975e-02 0.000e+00
4.700e+01 3.490e-02 0.000e+00
4.710e+01 3.899e-02 0.000e+00
4.720e+01 3.524e-02 0.000e+00
4.730e+01 3.855e-02 0.000e+00
4.740e+01 2.281e-02 0.000e+00
4.750e+01 2.944e-02 0.000e+00
4.760e+01 3.034e-02 0.000e+00
4.770e+01 2.618e-02 0.000e+00
4.780e+01 3.020e-02 0.000e+00
4.790e+01 2.135e-02 0.000e+00
4.800e+01 1.632e-02 0.000e+00
4.810e+01 1.770e-02 0.000e+00
4.820e+01 1.698e-02 0.000e+00
4.830e+01 1.652e-02 0.000e+00
4.840e+01 1.053e-02 0.000e+00
4.850e+01 1.354e-02 0.000e+00
4.860e+01 1.979e-02 0.000e+00
4.870e+01 2.267e-02 0.000e+00
4.880e+01 2.527e-02 0.000e+00
4.890e+01 2.642e-02 0.000e+00
4.900e+01 2.589e-02 0.000e+00
4.910e+01 2.463e-02 0.000e+00
4.920e+01 2.430e-02 0.000e+00
4.930e+01 2.411e-02 0.000e+00
4.940e+01 1.805e-02 0.000e+00
4.950e+01 2.686e-02 0.000e+00
4.960e+01 2.459e-02 0.000e+00
4.970e+01 2.549e-02 0.000e+00
4.980e+01 2.314e-02 0.000e+00
4.990e+01 2.332e-02 0.000e+00
5.000e+01 1.869e-02 0.000e+00
5.010e+01 2.383e-02 0.000e+00
5.020e+01 1.539e-02 0.000e+00
5.030e+01 1.495e-02 0.000e+00
5.040e+01 1.688e-02 0.000e+00
5.050e+01 1.573e-02 0.000e+00
5.060e+01 4.281e-03 0.000e+00
5.070e+01 9.688e-03 0.000e+00
5.080e+01 1.134e-02 0.000e+00
5.090e+01 1.116e-02 0.000e+00
5.100e+01 1.232e-02 0.000e+00
5.110e+01 1.814e-02 0.000e+00
5.120e+01 1.899e-02 0.000e+00
5.130e+01 1.689e-02 0.000e+00
5.140e+01 1.592e-02 0.000e+00
5.150e+01 1.897e-02 0.000e+00
5.160e+01 2.008e-02 0.000e+00
5.170e+01 2.180e-02 0.000e+00
5.180e+01 2.299e-02 0.000e+00
5.190e+01 1.575e-02 0.000e+00
5.200e+01 1.179e-02 0.000e+00
5.210e+01 1.359e-02 0.000e+00
5.220e+01 1.710e-02 0.000e+00
5.230e+01 2.152e-02 0.000e+00
5.240e+01 2.069e-02 0.000e+00
5.250e+01 2.534e-02 0.000e+00
5.260e+01 2.230e-02 0.000e+00
5.270e+01 1.597e-02 0.000e+00
5.280e+01 1.649e-02 0.000e+00
5.290e+01 7.004e-03 0.000e+00
5.300e+01 1.459e-02 0.000e+00
5.310e+01 8.893e-03 0.000e+00
5.320e+01 1.548e-02 0.000e+00
5.330e+01 1.778e-02 0.000e+00
5.340e+01 1.820e-02 0.000e+00
5.350e+01 2.348e-02 0.000e+00
5.360e+01 2.234e-02 0.000e+00
5.370e+01 1.417e-02 0.000e+00
5.380e+01 4.588e-03 0.000e+00
5.390e+01 5.094e-03 0.000e+00
5.400e+01 7.954e-03 0.000e+00
5.410e+01 2.069e-02 0.000e+00
5.420e+01 1.932e-02 0.000e+00
5.430e+01 1.875e-02 0.000e+00
5.440e+01 1.658e-02 0.000e+00
5.450e+01 2.172e-02 0.000e+00
5.460e+01 2.420e-02 0.000e+00
5.470e+01 1.823e-02 0.000e+00
5.480e+01 2.699e-02 0.000e+00
5.490e+01 2.977e-02 0.000e+00
5.500e+01 3.183e-02 0.000e+00
5.510e+01 3.090e-02 0.000e+00
5.520e+01 3.361e-02 0.000e+00
5.530e+01 3.600e-02 0.000e+00
5.540e+01 1.958e-02 0.000e+00
5.550e+01 1.491e-02 0.000e+00
5.560e+01 1.065e-02 0.000e+00
5.570e+01 3.501e-02 0.000e+00
5.580e+01 4.034e-02 0.000e+00
5.590e+01 3.451e-02 0.000e+00
5.600e+01 1.906e-02 0.000e+00
5.610e+01 1.405e-02 0.000e+00
5.620e+01 1.848e-02 0.000e+00
5.630e+01 3.859e-02 0.000e+00
5.640e+01 3.725e-02 0.000e+00
5.650e+01 3.413e-02 0.000e+00
5.660e+01 4.344e-02 0.000e+00
5.670e+01 3.902e-02 0.000e+00
5.680e+01 3.279e-02 0.000e+00
5.690e+01 2.438e-02 0.000e+00
5.700e+01 2.554e-02 0.000e+00
5.710e+01 2.572e-02 0.000e+00
5.720e+01 2.520e-02 0.000e+00
5.730e+01 2.932e-02 0.000e+00
5.740e+01 2.495e-02 0.000e+00
5.750e+01 2.403e-02 0.000e+00
5.760e+01 2.966e-02 0.000e+00
5.770e+01 3.166e-02 0.000e+00
5.780e+01 3.640e-02 0.000e+00
5.790e+01 3.181e-02 0.000e+00
5.800e+01 3.485e-02 0.000e+00
5.810e+01 2.816e-02 0.000e+00
5.820e+01 3.053e-02 0.000e+00
5.830e+01 3.628e-02 0.000e+00
5.840e+01 3.709e-02 0.000e+00
5.850e+01 3.713e-02 0.000e+00
5.860e+01 3.156e-02 0.000e+00
5.870e+01 4.048e-02 0.000e+00
5.880e+01 3.842e-02 0.000e+00
5.890e+01 4.544e-02 0.000e+00
5.900e+01 3.970e-02 0.000e+00
5.910e+01 4.109e-02 0.000e+00
5.920e+01 3.578e-02 0.000e+00
5.930e+01 3.441e-02 0.000e+00
5.940e+01 3.976e-02 0.000e+00
5.950e+01 3.366e-02 0.000e+00
5.960e+01 3.651e-02 0.000e+00
5.970e+01 3.524e-02 0.000e+00
5.980e+01 3.859e-02 0.000e+00
5.990e+01 3.825e-02 0.000e+00
6.000e+01 4.940e-02 0.000e+00
6.010e+01 4.124e-02 0.000e+00
6.020e+01 4.166e-02 0.000e+00
6.030e+01 4.149e-02 0.000e+00
6.040e+01 3.671e-02 0.000e+00
6.050e+01 4.036e-02 0.000e+00
6.060e+01 3.918e-02 0.000e+00
6.070e+01 3.470e-02 0.000e+00
6.080e+01 3.081e-02 0.000e+00
6.090e+01 2.872e-02 0.000e+00
6.100e+01 4.298e-02 0.000e+00
6.110e+01 3.731e-02 0.000e+00
6.120e+01 3.827e-02 0.000e+00
6.130e+01 3.780e-02 0.000e+00
6.140e+01 4.050e-02 0.000e+00
6.150e+01 4.437e-02 0.000e+00
6.160e+01 3.565e-02 0.000e+00
6.170e+01 3.548e-02 0.000e+00
6.180e+01 3.660e-02 0.000e+00
6.190e+01 3.004e-02 0.000e+00
6.200e+01 3.683e-02 0.000e+00
6.210e+01 4.051e-02 0.000e+00
6.220e+01 3.930e-02 0.000e+00
6.230e+01 3.699e-02 0.000e+00
6.240e+01 2.656e-02 0.000e+00
6.250e+01 1.607e-02 0.000e+00
6.260e+01 2.482e-02 0.000e+00
6.270e+01 1.904e-02 0.000e+00
6.280e+01 3.349e-02 0.000e+00
6.290e+01 3.288e-02 0.000e+00
6.300e+01 3.772e-02 0.000e+00
6.310e+01 3.256e-02 0.000e+00
6.320e+01 2.852e-02 0.000e+00
6.330e+01 2.775e-02 0.000e+00
6.340e+01 1.988e-02 0.000e+00
6.350e+01 2.509e-02 0.000e+00
6.360e+01 2.537e-02 0.000e+00
6.370e+01 2.720e-02 0.000e+00
6.380e+01 2.480e-02 0.000e+00
6.390e+01 3.147e-02 0.000e+00
6.400e+01 3.333e-02 0.000e+00
6.410e+01 3.149e-02 0.000e+00
6.420e+01 2.700e-02 0.000e+00
6.430e+01 2.341e-02 0.000e+00
6.440e+01 3.117e-02 0.000e+00
6.450e+01 2.543e-02 0.000e+00
6.460e+01 3.130e-02 0.000e+00
6.470e+01 3.531e-02 0.000e+00
6.480e+01 3.403e-02 0.000e+00
6.490e+01 4.085e-02 0.000e+00
6.500e+01 3.818e-02 0.000e+00
6.510e+01 3.118e-02 0.000e+00
6.520e+01 3.320e-02 0.000e+00
6.530e+01 3.385e-02 0.000e+00
6.540e+01 2.951e-02 0.000e+00
6.550e+01 2.729e-02 0.000e+00
6.560e+01 3.130e-02 0.000e+00
6.570e+01 2.276e-02 0.000e+00
6.580e+01 2.016e-02 0.000e+00
6.590e+01 2.133e-02 0.000e+00
6.600e+01 2.415e-02 0.000e+00
6.610e+01 2.250e-02 0.000e+00
6.620e+01 2.693e-02 0.000e+00
6.630e+01 2.320e-02 0.000e+00
6.640e+01 2.627e-02 0.000e+00
6.650e+01 2.848e-02 0.000e+00
6.660e+01 3.122e-02 0.000e+00
6.670e+01 2.420e-02 0.000e+00
6.680e+01 2.796e-02 0.000e+00
6.690e+01 2.040e-02 0.000e+00
6.700e+01 1.830e-02 0.000e+00
6.710e+01 2.157e-02 0.000e+00
6.720e+01 2.212e-02 0.000e+00
6.730e+01 2.318e-02 0.000e+00
6.740e+01 1.682e-02 0.000e+00
6.750e+01 1.875e-02 0.000e+00
6.760e+01 2.500e-02 0.000e+00
6.770e+01 2.253e-02 0.000e+00
6.780e+01 1.232e-02 0.000e+00
6.790e+01 2.017e-02 0.000e+00
6.800e+01 5.880e-03 0.000e+00
6.810e+01 8.736e-03 0.000e+00
6.820e+01 1.067e-02 0.000e+00
6.830e+01 1.362e-02 0.000e+00
6.840e+01 1.657e-02 0.000e+00
6.850e+01 1.520e-02 0.000e+00
6.860e+01 1.224e-02 0.000e+00
6.870e+01 1.245e-02 0.000e+00
6.880e+01 1.255e-02 0.000e+00
6.890e+01 8.865e-03 0.000e+00
6.900e+01 1.344e-02 0.000e+00
6.910e+01 1.085e-02 0.000e+00
6.920e+01 1.089e-02 0.000e+00
6.930e+01 7.329e-03 0.000e+00
6.940e+01 6.654e-03 0.000e+00
6.950e+01 7.120e-03 0.000e+00
6.960e+01 1.050e-02 0.000e+00
6.970e+01 1.159e-02 0.000e+00
6.980e+01 1.428e-02 0.000e+00
6.990e+01 1.590e-02 0.000e+00
7.000e+01 1.569e-02 0.000e+00
7.010e+01 1.531e-02 0.000e+00
7.020e+01 1.420e-02 0.000e+00
7.030e+01 1.012e-02 0.000e+00
7.040e+01 1.251e-02 0.000e+00
7.050e+01 1.431e-02 0.000e+00
7.060e+01 1.458e-02 0.000e+00
7.070e+01 1.570e-02 0.000e+00
7.080e+01 1.896e-02 0.000e+00
7.090e+01 1.992e-02 0.000e+00
7.100e+01 1.544e-02 0.000e+00
7.110e+01 1.604e-02 0.000e+00
7.120e+01 1.528e-02 0.000e+00
7.130e+01 1.767e-02 0.000e+00
7.140e+01 1.508e-02 0.000e+00
7.150e+01 1.478e-02 0.000e+00
7.160e+01 1.329e-02 0.000e+00
7.170e+01 9.996e-03 0.000e+00
7.180e+01 1.188e-02 0.000e+00
7.190e+01 8.678e-03 0.000e+00
7.200e+01 8.438e-03 0.000e+00
7.210e+01 1.336e-02 0.000e+00
7.220e+01 1.179e-02 0.000e+00
7.230e+01 3.826e-03 0.000e+00
7.240e+01 7.306e-03 0.000e+00
7.250e+01 9.005e-03 0.000e+00
7.260e+01 1.191e-02 0.000e+00
7.270e+01 9.462e-03 0.000e+00
7.280e+01 8.050e-03 0.000e+00
7.290e+01 7.304e-03 0.000e+00
7.300e+01 9.352e-03 0.000e+00
7.310e+01 1.027e-02 0.000e+00
7.320e+01 6.355e-03 0.000e+00
7.330e+01 1.138e-02 0.000e+00
7.340e+01 1.120e-02 0.000e+00
7.350e+01 1.224e-02 0.000e+00
7.360e+01 1.393e-02 0.000e+00
7.370e+01 8.378e-03 0.000e+00
7.380e+01 1.022e-02 0.000e+00
7.390e+01 8.752e-03 0.000e+00
7.400e+01 1.178e-02 0.000e+00
7.410e+01 1.343e-02 0.000e+00
7.420e+01 1.176e-02 0.000e+00
7.430e+01 5.100e-03 0.000e+00
7.440e+01 8.457e-03 0.000e+00
7.450e+01 1.156e-02 0.000e+00
7.460e+01 1.403e-02 0.000e+00
7.470e+01 1.494e-02 0.000e+00
7.480e+01 1.369e-02 0.000e+00
7.490e+01 9.832e-03 0.000e+00
7.500e+01 1.035e-02 0.000e+00
7.510e+01 1.040e-02 0.000e+00
7.520e+01 1.115e-02 0.000e+00
7.530e+01 6.952e-03 0.000e+00
7.540e+01 1.031e-02 0.000e+00
7.550e+01 1.167e-02 0.000e+00
7.560e+01 9.724e-03 0.000e+00
7.570e+01 8.766e-03 0.000e+00
7.580e+01 6.415e-03 0.000e+00
7.590e+01 5.899e-03 0.000e+00
7.600e+01 8.034e-03 0.000e+00
7.610e+01 8.634e-03 0.000e+00
7.620e+01 8.339e-03 0.000e+00
7.630e+01 6.660e-03 0.000e+00
7.640e+01 7.178e-03 0.000e+00
7.650e+01 4.222e-03 0.000e+00
7.660e+01 1.118e-02 0.000e+00
7.670e+01 1.052e-02 0.000e+00
7.680e+01 8.274e-03 0.000e+00
7.690e+01 5.611e-03 0.000e+00
7.700e+01 1.224e-02 0.000e+00
7.710e+01 1.231e-02 0.000e+00
7.720e+01 1.197e-02 0.000e+00
7.730e+01 6.751e-03 0.000e+00
7.740e+01 5.784e-03 0.000e+00
7.750e+01 6.484e-03 0.000e+00
7.760e+01 8.405e-03 0.000e+00
7.770e+01 7.556e-03 0.000e+00
7.780e+01 1.035e-02 0.000e+00
7.790e+01 1.504e-02 0.000e+00
7.800e+01 9.727e-03 0.000e+00
7.810e+01 7.542e-03 0.000e+00
7.820e+01 6.483e-03 0.000e+00
7.830e+01 8.085e-03 0.000e+00
7.840e+01 3.697e-03 0.000e+00
7.850e+01 6.477e-03 0.000e+00
7.860e+01 7.239e-03 0.000e+00
7.870e+01 9.520e-03 0.000e+00
7.880e+01 9.800e-03 0.000e+00
7.890e+01 7.449e-03 0.000e+00
7.900e+01 8.967e-03 0.000e+00
7.910e+01 8.666e-03 0.000e+00
7.920e+01 6.361e-03 0.000e+00
7.930e+01 7.981e-03 0.000e+00
7.940e+01 7.751e-03 0.000e+00
7.950e+01 1.096e-02 0.000e+00
7.960e+01 1.382e-02 0.000e+00
7.970e+01 1.476e-02 0.000e+00
7.980e+01 1.242e-02 0.000e+00
7.990e+01 1.167e-02 0.000e+00
8.000e+01 9.444e-03 0.000e+00
8.010e+01 1.308e-02 0.000e+00
8.020e+01 9.529e-03 0.000e+00
8.030e+01 5.785e-03 0.000e+00
8.040e+01 6.105e-03 0.000e+00
8.050e+01 9.741e-03 0.000e+00
8.060e+01 7.197e-03 0.000e+00
8.070e+01 8.865e-03 0.000e+00
8.080e+01 9.350e-03 0.000e+00
8.090e+01 1.049e-02 0.000e+00
8.100e+01 9.426e-03 0.000e+00
8.110e+01 1.353e-02 0.000e+00
8.120e+01 1.264e-02 0.000e+00
8.130e+01 1.198e-02 0.000e+00
8.140e+01 1.496e-02 0.000e+00
8.150e+01 1.100e-02 0.000e+00
8.160e+01 1.063e-02 0.000e+00
8.170e+01 8.064e-03 0.000e+00
8.180e+01 9.413e-03 0.000e+00
8.190e+01 8.413e-03 0.000e+00
8.200e+01 1.327e-02 0.000e+00
8.210e+01 1.473e-02 0.000e+00
8.220e+01 1.630e-02 0.000e+00
8.230e+01 1.743e-02 0.000e+00
8.240e+01 1.520e-02 0.000e+00
8.250e+01 1.594e-02 0.000e+00
8.260e+01 1.508e-02 0.000e+00
8.270e+01 1.254e-02 0.000e+00
8.280e+01 1.310e-02 0.000e+00
8.290e+01 7.967e-03 0.000e+00
8.300e+01 1.242e-02 0.000e+00
8.310e+01 1.494e-02 0.000e+00
8.320e+01 1.876e-02 0.000e+00
8.330e+01 1.712e-02 0.000e+00
8.340e+01 1.748e-02 0.000e+00
8.350e+01 1.656e-02 0.000e+00
8.360e+01 1.700e-02 0.000e+00
8.370e+01 1.219e-02 0.000e+00
8.380e+01 1.283e-02 0.000e+00
8.390e+01 1.309e-02 0.000e+00
8.400e+01 1.126e-02 0.000e+00
8.410e+01 1.317e-02 0.000e+00
8.420e+01 1.397e-02 0.000e+00
8.430e+01 1.573e-02 0.000e+00
8.440e+01 1.476e-02 0.000e+00
8.450e+01 1.785e-02 0.000e+00
8.460e+01 1.638e-02 0.000e+00
8.470e+01 1.753e-02 0.000e+00
8.480e+01 1.949e-02 0.000e+00
8.490e+01 1.865e-02 0.000e+00
8.500e+01 1.837e-02 0.000e+00
8.510e+01 1.741e-02 0.000e+00
8.520e+01 1.819e-02 0.000e+00
8.530e+01 1.784e-02 0.000e+00
8.540e+01 1.693e-02 0.000e+00
8.550e+01 1.586e-02 0.000e+00
8.560e+01 1.655e-02 0.000e+00
8.570e+01 1.879e-02 0.000e+00
8.580e+01 1.928e-02 0.000e+00
8.590e+01 1.810e-02 0.000e+00
8.600e+01 1.614e-02 0.000e+00
8.610e+01 1.836e-02 0.000e+00
8.620e+01 1.966e-02 0.000e+00
8.630e+01 2.123e-02 0.000e+00
8.640e+01 2.287e-02 0.000e+00
8.650e+01 2.170e-02 0.000e+00
8.660e+01 2.225e-02 0.000e+00
8.670e+01 2.327e-02 0.000e+00
8.680e+01 2.213e-02 0.000e+00
8.690e+01 2.126e-02 0.000e+00
8.700e+01 1.928e-02 0.000e+00
8.710e+01 1.861e-02 0.000e+00
8.720e+01 1.916e-02 0.000e+00
8.730e+01 1.869e-02 0.000e+00
8.740e+01 1.992e-02 0.000e+00
8.750e+01 2.102e-02 0.000e+00
8.760e+01 2.026e-02 0.000e+00
8.770e+01 2.003e-02 0.000e+00
8.780e+01 2.121e-02 0.000e+00
8.790e+01 2.162e-02 0.000e+00
8.800e+01 2.092e-02 0.000e+00
8.810e+01 2.111e-02 0.000e+00
8.820e+01 2.021e-02 0.000e+00
8.830e+01 2.277e-02 0.000e+00
8.840e+01 2.339e-02 0.000e+00
8.850e+01 2.605e-02 0.000e+00
8.860e+01 2.345e-02 0.000e+00
8.870e+01 2.142e-02 0.000e+00
8.880e+01 2.078e-02 0.000e+00
8.890e+01 2.083e-02 0.000e+00
8.900e+01 2.107e-02 0.000e+00
8.910e+01 1.979e-02 0.000e+00
8.920e+01 1.923e-02 0.000e+00
8.930e+01 1.988e-02 0.000e+00
8.940e+01 2.071e-02 0.000e+00
8.950e+01 1.982e-02 0.000e+00
8.960e+01 2.159e-02 0.000e+00
8.970e+01 1.830e-02 0.000e+00
8.980e+01 1.702e-02 0.000e+00
8.990e+01 1.708e-02 0.000e+00
9.000e+01 1.967e-02 0.000e+00
9.010e+01 1.926e-02 0.000e+00
9.020e+01 2.020e-02 0.000e+00
9.030e+01 2.013e-02 0.000e+00
9.040e+01 1.870e-02 0.000e+00
9.050e+01 1.849e-02 0.000e+00
9.060e+01 1.947e-02 0.000e+00
9.070e+01 1.867e-02 0.000e+00
9.080e+01 1.755e-02 0.000e+00
9.090e+01 1.808e-02 0.000e+00
9.100e+01 1.705e-02 0.000e+00
9.110e+01 1.690e-02 0.000e+00
9.120e+01 1.715e-02 0.000e+00
9.130e+01 1.903e-02 0.000e+00
9.140e+01 1.932e-02 0.000e+00
9.150e+01 2.048e-02 0.000e+00
9.160e+01 2.223e-02 0.000e+00
9.170e+01 2.131e-02 0.000e+00
9.180e+01 1.960e-02 0.000e+00
9.190e+01 1.920e-02 0.000e+00
9.200e+01 2.034e-02 0.000e+00
9.210e+01 2.182e-02 0.000e+00
9.220e+01 2.105e-02 0.000e+00
9.230e+01 2.052e-02 0.000e+00
9.240e+01 2.014e-02 0.000e+00
9.250e+01 1.847e-02 0.000e+00
9.260e+01 1.958e-02 0.000e+00
9.270e+01 1.964e-02 0.000e+00
9.280e+01 2.090e-02 0.000e+00
9.290e+01 2.280e-02 0.000e+00
9.300e+01 2.194e-02 0.000e+00
9.310e+01 1.940e-02 0.000e+00
9.320e+01 1.829e-02 0.000e+00
9.330e+01 1.898e-02 0.000e+00
9.340e+01 1.616e-02 0.000e+00
9.350e+01 1.788e-02 0.000e+00
9.360e+01 1.656e-02 0.000e+00
9.370e+01 1.851e-02 0.000e+00
9.380e+01 1.634e-02 0.000e+00
9.390e+01 1.816e-02 0.000e+00
9.400e+01 1.880e-02 0.000e+00
9.410e+01 1.949e-02 0.000e+00
9.420e+01 1.820e-02 0.000e+00
9.430e+01 1.776e-02 0.000e+00
9.440e+01 1.656e-02 0.000e+00
9.450e+01 1.590e-02 0.000e+00
9.460e+01 1.452e-02 0.000e+00
9.470e+01 1.281e-02 0.000e+00
9.480e+01 1.532e-02 0.000e+00
9.490e+01 1.600e-02 0.000e+00
9.500e+01 1.556e-02 0.000e+00
9.510e+01 1.547e-02 0.000e+00
9.520e+01 1.607e-02 0.000e+00
9.530e+01 1.592e-02 0.000e+00
9.540e+01 1.680e-02 0.000e+00
9.550e+01 1.584e-02 0.000e+00
9.560e+01 1.722e-02 0.000e+00
9.570e+01 1.667e-02 0.000e+00
9.580e+01 1.772e-02 0.000e+00
9.590e+01 1.733e-02 0.000e+00
9.600e+01 1.596e-02 0.000e+00
9.610e+01 1.664e-02 0.000e+00
9.620e+01 1.399e-02 0.000e+00
9.630e+01 1.465e-02 0.000e+00
9.640e+01 1.590e-02 0.000e+00
9.650e+01 1.748e-02 0.000e+00
9.660e+01 1.816e-02 0.000e+00
9.670e+01 1.565e-02 0.000e+00
9.680e+01 1.518e-02 0.000e+00
9.690e+01 1.444e-02 0.000e+00
9.700e+01 1.449e-02 0.000e+00
9.710e+01 1.578e-02 0.000e+00
9.720e+01 1.610e-02 0.000e+00
9.730e+01 1.581e-02 0.000e+00
9.740e+01 1.520e-02 0.000e+00
9.750e+01 1.504e-02 0.000e+00
9.760e+01 1.433e-02 0.000e+00
9.770e+01 1.574e-02 0.000e+00
9.780e+01 1.354e-02 0.000e+00
9.790e+01 1.563e-02 0.000e+00
9.800e+01 1.605e-02 0.000e+00
9.810e+01 1.535e-02 0.000e+00
9.820e+01 1.588e-02 0.000e+00
9.830e+01 1.763e-02 0.000e+00
9.840e+01 1.745e-02 0.000e+00
9.850e+01 1.884e-02 0.000e+00
9.860e+01 1.728e-02 0.000e+00
9.870e+01 1.568e-02 0.000e+00
9.880e+01 1.546e-02 0.000e+00
9.890e+01 1.434e-02 0.000e+00
9.900e+01 1.606e-02 0.000e+00
9.910e+01 1.594e-02 0.000e+00
9.920e+01 1.522e-02 0.000e+00
9.930e+01 1.570e-02 0.000e+00
9.940e+01 1.475e-02 0.000e+00
9.950e+01 1.627e-02 0.000e+00
9.960e+01 1.668e-02 0.000e+00
9.970e+01 1.815e-02 0.000e+00
9.980e+01 1.559e-02 0.000e+00
9.990e+01 1.739e-02 0.000e+00
