# Time (ps)      real(F_0)      im(F_0)
0.000e+00 1.000e+00 0.000e+00
1.000e-01 9.730e-01 0.000e+00
2.000e-01 9.076e-01 0.000e+00
3.000e-01 8.554e-01 0.000e+00
4.000e-01 8.435e-01 0.000e+00
5.000e-01 8.161e-01 0.000e+00
6.000e-01 8.168e-01 0.000e+00
7.000e-01 8.088e-01 0.000e+00
8.000e-01 7.947e-01 0.000e+00
9.000e-01 7.700e-01 0.000e+00
1.000e+00 7.254e-01 0.000e+00
1.100e+00 7.225e-01 0.000e+00
1.200e+00 7.393e-01 0.000e+00
1.300e+00 6.924e-01 0.000e+00
1.400e+00 6.816e-01 0.000e+00
1.500e+00 6.559e-01 0.000e+00
1.600e+00 6.859e-01 0.000e+00
1.700e+00 6.560e-01 0.000e+00
1.800e+00 6.288e-01 0.000e+00
1.900e+00 6.367e-01 0.000e+00
2.000e+00 6.293e-01 0.000e+00
2.100e+00 6.323e-01 0.000e+00
2.200e+00 5.969e-01 0.000e+00
2.300e+00 6.090e-01 0.000e+00
2.400e+00 6.032e-01 0.000e+00
2.500e+00 6.265e-01 0.000e+00
2.600e+00 6.241e-01 0.000e+00
2.700e+00 6.096e-01 0.000e+00
2.800e+00 6.529e-01 0.000e+00
2.900e+00 6.406e-01 0.000e+00
3.000e+00 5.981e-01 0.000e+00
3.100e+00 5.649e-01 0.000e+00
3.200e+00 5.646e-01 0.000e+00
3.300e+00 5.862e-01 0.000e+00
3.400e+00 5.631e-01 0.000e+00
3.500e+00 5.458e-01 0.000e+00
3.600e+00 5.271e-01 0.000e+00
3.700e+00 5.505e-01 0.000e+00
3.800e+00 5.391e-01 0.000e+00
3.900e+00 5.455e-01 0.000e+00
4.000e+00 5.310e-01 0.000e+00
4.100e+00 5.219e-01 0.000e+00
4.200e+00 5.230e-01 0.000e+00
4.300e+00 5.048e-01 0.000e+00
4.400e+00 4.972e-01 0.000e+00
4.500e+00 5.019e-01 0.000e+00
4.600e+00 4.950e-01 0.000e+00
4.700e+00 4.890e-01 0.000e+00
4.800e+00 4.825e-01 0.000e+00
4.900e+00 4.713e-01 0.000e+00
5.000e+00 4.776e-01 0.000e+00
5.100e+00 4.792e-01 0.000e+00
5.200e+00 4.476e-01 0.000e+00
5.300e+00 4.348e-01 0.000e+00
5.400e+00 4.419e-01 0.000e+00
5.500e+00 4.398e-01 0.000e+00
5.600e+00 4.324e-01 0.000e+00
5.700e+00 4.112e-01 0.000e+00
5.800e+00 4.154e-01 0.000e+00
5.900e+00 4.219e-01 0.000e+00
6.000e+00 4.263e-01 0.000e+00
6.100e+00 4.210e-01 0.000e+00
6.200e+00 3.945e-01 0.000e+00
6.300e+00 4.028e-01 0.000e+00
6.400e+00 4.001e-01 0.000e+00
6.500e+00 3.967e-01 0.000e+00
6.600e+00 4.101e-01 0.000e+00
6.700e+00 4.136e-01 0.000e+00
6.800e+00 4.111e-01 0.000e+00
6.900e+00 4.175e-01 0.000e+00
7.000e+00 3.934e-01 0.000e+00
7.100e+00 3.940e-01 0.000e+00
7.200e+00 4.067e-01 0.000e+00
7.300e+00 3.917e-01 0.000e+00
7.400e+00 3.962e-01 0.000e+00
7.500e+00 3.868e-01 0.000e+00
7.600e+00 3.786e-01 0.000e+00
7.700e+00 3.841e-01 0.000e+00
7.800e+00 3.951e-01 0.000e+00
7.900e+00 4.041e-01 0.000e+00
8.000e+00 3.938e-01 0.000e+00
8.100e+00 3.939e-01 0.000e+00
8.200e+00 3.971e-01 0.000e+00
8.300e+00 3.701e-01 0.000e+00
8.400e+00 3.852e-01 0.000e+00
8.500e+00 3.840e-01 0.000e+00
8.600e+00 3.642e-01 0.000e+00
8.700e+00 3.457e-01 0.000e+00
8.800e+00 3.366e-01 0.000e+00
8.900e+00 3.427e-01 0.000e+00
9.000e+00 3.558e-01 0.000e+00
9.100e+00 3.764e-01 0.000e+00
9.200e+00 3.663e-01 0.000e+00
9.300e+00 3.627e-01 0.000e+00
9.400e+00 3.518e-01 0.000e+00
9.500e+00 3.504e-01 0.000e+00
9.600e+00 3.428e-01 0.000e+00
9.700e+00 3.564e-01 0.000e+00
9.800e+00 3.661e-01 0.000e+00
9.900e+00 3.566e-01 0.000e+00
1.000e+01 3.390e-01 0.000e+00
1.010e+01 3.460e-01 0.000e+00
1.020e+01 3.318e-01 0.000e+00
1.030e+01 3.240e-01 0.000e+00
1.040e+01 3.175e-01 0.000e+00
1.050e+01 3.095e-01 0.000e+00
1.060e+01 3.075e-01 0.000e+00
1.070e+01 2.944e-01 0.000e+00
1.080e+01 3.006e-01 0.000e+00
1.090e+01 3.002e-01 0.000e+00
1.100e+01 2.887e-01 0.000e+00
1.110e+01 2.834e-01 0.000e+00
1.120e+01 2.946e-01 0.000e+00
1.130e+01 2.945e-01 0.000e+00
1.140e+01 2.949e-01 0.000e+00
1.150e+01 2.979e-01 0.000e+00
1.160e+01 3.078e-01 0.000e+00
1.170e+01 2.927e-01 0.000e+00
1.180e+01 2.959e-01 0.000e+00
1.190e+01 2.884e-01 0.000e+00
1.200e+01 2.867e-01 0.000e+00
1.210e+01 2.919e-01 0.000e+00
1.220e+01 2.801e-01 0.000e+00
1.230e+01 2.847e-01 0.000e+00
1.240e+01 2.670e-01 0.000e+00
1.250e+01 2.725e-01 0.000e+00
1.260e+01 2.789e-01 0.000e+00
1.270e+01 2.857e-01 0.000e+00
1.280e+01 2.831e-01 0.000e+00
1.290e+01 2.950e-01 0.000e+00
1.300e+01 2.853e-01 0.000e+00
1.310e+01 2.856e-01 0.000e+00
1.320e+01 2.771e-01 0.000e+00
1.330e+01 2.865e-01 0.000e+00
1.340e+01 2.793e-01 0.000e+00
1.350e+01 2.583e-01 0.000e+00
1.360e+01 2.521e-01 0.000e+00
1.370e+01 2.450e-01 0.000e+00
1.380e+01 2.429e-01 0.000e+00
1.390e+01 2.498e-01 0.000e+00
1.400e+01 2.685e-01 0.000e+00
1.410e+01 2.616e-01 0.000e+00
1.420e+01 2.701e-01 0.000e+00
1.430e+01 2.668e-01 0.000e+00
1.440e+01 2.488e-01 0.000e+00
1.450e+01 2.443e-01 0.000e+00
1.460e+01 2.603e-01 0.000e+00
1.470e+01 2.448e-01 0.000e+00
1.480e+01 2.462e-01 0.000e+00
1.490e+01 2.404e-01 0.000e+00
1.500e+01 2.530e-01 0.000e+00
1.510e+01 2.520e-01 0.000e+00
1.520e+01 2.528e-01 0.000e+00
1.530e+01 2.531e-01 0.000e+00
1.540e+01 2.487e-01 0.000e+00
1.550e+01 2.508e-01 0.000e+00
1.560e+01 2.429e-01 0.000e+00
1.570e+01 2.285e-01 0.000e+00
1.580e+01 2.246e-01 0.000e+00
1.590e+01 2.280e-01 0.000e+00
1.600e+01 2.478e-01 0.000e+00
1.610e+01 2.380e-01 0.000e+00
1.620e+01 2.362e-01 0.000e+00
1.630e+01 2.324e-01 0.000e+00
1.640e+01 2.228e-01 0.000e+00
1.650e+01 2.196e-01 0.000e+00
1.660e+01 2.052e-01 0.000e+00
1.670e+01 2.313e-01 0.000e+00
1.680e+01 2.198e-01 0.000e+00
1.690e+01 2.277e-01 0.000e+00
1.700e+01 2.113e-01 0.000e+00
1.710e+01 2.170e-01 0.000e+00
1.720e+01 2.079e-01 0.000e+00
1.730e+01 2.071e-01 0.000e+00
1.740e+01 2.076e-01 0.000e+00
1.750e+01 2.057e-01 0.000e+00
1.760e+01 2.158e-01 0.000e+00
1.770e+01 2.111e-01 0.000e+00
1.780e+01 2.149e-01 0.000e+00
1.790e+01 2.114e-01 0.000e+00
1.800e+01 2.074e-01 0.000e+00
1.810e+01 2.093e-01 0.000e+00
1.820e+01 2.162e-01 0.000e+00
1.830e+01 2.011e-01 0.000e+00
1.840e+01 2.103e-01 0.000e+00
1.850e+01 2.120e-01 0.000e+00
1.860e+01 2.050e-01 0.000e+00
1.870e+01 1.956e-01 0.000e+00
1.880e+01 1.894e-01 0.000e+00
1.890e+01 1.990e-01 0.000e+00
1.900e+01 2.044e-01 0.000e+00
1.910e+01 2.203e-01 0.000e+00
1.920e+01 2.240e-01 0.000e+00
1.930e+01 2.185e-01 0.000e+00
1.940e+01 2.155e-01 0.000e+00
1.950e+01 2.106e-01 0.000e+00
1.960e+01 2.098e-01 0.000e+00
1.970e+01 2.062e-01 0.000e+00
1.980e+01 2.123e-01 0.000e+00
1.990e+01 2.064e-01 0.000e+00
2.000e+01 2.005e-01 0.000e+00
2.010e+01 1.983e-01 0.000e+00
2.020e+01 1.962e-01 0.000e+00
2.030e+01 1.825e-01 0.000e+00
2.040e+01 1.755e-01 0.000e+00
2.050e+01 1.782e-01 0.000e+00
2.060e+01 1.811e-01 0.000e+00
2.070e+01 1.777e-01 0.000e+00
2.080e+01 1.723e-01 0.000e+00
2.090e+01 1.783e-01 0.000e+00
2.100e+01 1.781e-01 0.000e+00
2.110e+01 1.848e-01 0.000e+00
2.120e+01 1.792e-01 0.000e+00
2.130e+01 1.710e-01 0.000e+00
2.140e+01 1.592e-01 0.000e+00
2.150e+01 1.694e-01 0.000e+00
2.160e+01 1.818e-01 0.000e+00
2.170e+01 1.783e-01 0.000e+00
2.180e+01 1.761e-01 0.000e+00
2.190e+01 1.797e-01 0.000e+00
2.200e+01 1.741e-01 0.000e+00
2.210e+01 1.880e-01 0.000e+00
2.220e+01 1.740e-01 0.000e+00
2.230e+01 1.822e-01 0.000e+00
2.240e+01 1.733e-01 0.000e+00
2.250e+01 1.885e-01 0.000e+00
2.260e+01 1.766e-01 0.000e+00
2.270e+01 1.865e-01 0.000e+00
2.280e+01 1.783e-01 0.000e+00
2.290e+01 1.901e-01 0.000e+00
2.300e+01 1.638e-01 0.000e+00
2.310e+01 1.694e-01 0.000e+00
2.320e+01 1.616e-01 0.000e+00
2.330e+01 1.777e-01 0.000e+00
2.340e+01 1.773e-01 0.000e+00
2.350e+01 1.560e-01 0.000e+00
2.360e+01 1.523e-01 0.000e+00
2.370e+01 1.601e-01 0.000e+00
2.380e+01 1.599e-01 0.000e+00
2.390e+01 1.615e-01 0.000e+00
2.400e+01 1.731e-01 0.000e+00
2.410e+01 1.631e-01 0.000e+00
2.420e+01 1.797e-01 0.000e+00
2.430e+01 1.680e-01 0.000e+00
2.440e+01 1.486e-01 0.000e+00
2.450e+01 1.517e-01 0.000e+00
2.460e+01 1.637e-01 0.000e+00
2.470e+01 1.690e-01 0.000e+00
2.480e+01 1.536e-01 0.000e+00
2.490e+01 1.546e-01 0.000e+00
2.500e+01 1.469e-01 0.000e+00
2.510e+01 1.506e-01 0.000e+00
2.520e+01 1.389e-01 0.000e+00
2.530e+01 1.494e-01 0.000e+00
2.540e+01 1.370e-01 0.000e+00
2.550e+01 1.464e-01 0.000e+00
2.560e+01 1.372e-01 0.000e+00
2.570e+01 1.500e-01 0.000e+00
2.580e+01 1.536e-01 0.000e+00
2.590e+01 1.501e-01 0.000e+00
2.600e+01 1.628e-01 0.000e+00
2.610e+01 1.574e-01 0.000e+00
2.620e+01 1.542e-01 0.000e+00
2.630e+01 1.512e-01 0.000e+00
2.640e+01 1.523e-01 0.000e+00
2.650e+01 1.408e-01 0.000e+00
2.660e+01 1.388e-01 0.000e+00
2.670e+01 1.536e-01 0.000e+00
2.680e+01 1.529e-01 0.000e+00
2.690e+01 1.411e-01 0.000e+00
2.700e+01 1.324e-01 0.000e+00
2.710e+01 1.329e-01 0.000e+00
2.720e+01 1.433e-01 0.000e+00
2.730e+01 1.395e-01 0.000e+00
2.740e+01 1.490e-01 0.000e+00
2.750e+01 1.416e-01 0.000e+00
2.760e+01 1.426e-01 0.000e+00
2.770e+01 1.271e-01 0.000e+00
2.780e+01 1.423e-01 0.000e+00
2.790e+01 1.510e-01 0.000e+00
2.800e+01 1.412e-01 0.000e+00
2.810e+01 1.372e-01 0.000e+00
2.820e+01 1.312e-01 0.000e+00
2.830e+01 1.303e-01 0.000e+00
2.840e+01 1.367e-01 0.000e+00
2.850e+01 1.324e-01 0.000e+00
2.860e+01 1.365e-01 0.000e+00
2.870e+01 1.374e-01 0.000e+00
2.880e+01 1.437e-01 0.000e+00
2.890e+01 1.374e-01 0.000e+00
2.900e+01 1.359e-01 0.000e+00
2.910e+01 1.400e-01 0.000e+00
2.920e+01 1.249e-01 0.000e+00
2.930e+01 1.233e-01 0.000e+00
2.940e+01 1.291e-01 0.000e+00
2.950e+01 1.194e-01 0.000e+00
2.960e+01 1.191e-01 0.000e+00
2.970e+01 1.089e-01 0.000e+00
2.980e+01 1.131e-01 0.000e+00
2.990e+01 1.136e-01 0.000e+00
3.000e+01 1.178e-01 0.000e+00
3.010e+01 1.178e-01 0.000e+00
3.020e+01 1.099e-01 0.000e+00
3.030e+01 9.434e-02 0.000e+00
3.040e+01 8.830e-02 0.000e+00
3.050e+01 9.255e-02 0.000e+00
3.060e+01 9.226e-02 0.000e+00
3.070e+01 9.777e-02 0.000e+00
3.080e+01 8.346e-02 0.000e+00
3.090e+01 8.457e-02 0.000e+00
3.100e+01 8.967e-02 0.000e+00
3.110e+01 9.373e-02 0.000e+00
3.120e+01 8.254e-02 0.000e+00
3.130e+01 7.682e-02 0.000e+00
3.140e+01 8.349e-02 0.000e+00
3.150e+01 7.641e-02 0.000e+00
3.160e+01 8.769e-02 0.000e+00
3.170e+01 8.066e-02 0.000e+00
3.180e+01 7.835e-02 0.000e+00
3.190e+01 8.219e-02 0.000e+00
3.200e+01 8.040e-02 0.000e+00
3.210e+01 8.894e-02 0.000e+00
3.220e+01 8.553e-02 0.000e+00
3.230e+01 7.458e-02 0.000e+00
3.240e+01 7.652e-02 0.000e+00
3.250e+01 8.650e-02 0.000e+00
3.260e+01 8.074e-02 0.000e+00
3.270e+01 8.568e-02 0.000e+00
3.280e+01 7.723e-02 0.000e+00
3.290e+01 7.390e-02 0.000e+00
3.300e+01 8.294e-02 0.000e+00
3.310e+01 8.830e-02 0.000e+00
3.320e+01 9.259e-02 0.000e+00
3.330e+01 9.460e-02 0.000e+00
3.340e+01 8.470e-02 0.000e+00
3.350e+01 8.576e-02 0.000e+00
3.360e+01 9.166e-02 0.000e+00
3.370e+01 9.152e-02 0.000e+00
3.380e+01 9.372e-02 0.000e+00
3.390e+01 9.325e-02 0.000e+00
3.400e+01 9.714e-02 0.000e+00
3.410e+01 9.640e-02 0.000e+00
3.420e+01 9.895e-02 0.000e+00
3.430e+01 9.491e-02 0.000e+00
3.440e+01 9.051e-02 0.000e+00
3.450e+01 9.286e-02 0.000e+00
3.460e+01 9.360e-02 0.000e+00
3.470e+01 9.817e-02 0.000e+00
3.480e+01 1.018e-01 0.000e+00
3.490e+01 1.029e-01 0.000e+00
3.500e+01 9.826e-02 0.000e+00
3.510e+01 9.937e-02 0.000e+00
3.520e+01 1.003e-01 0.000e+00
3.530e+01 9.728e-02 0.000e+00
3.540e+01 8.917e-02 0.000e+00
3.550e+01 9.003e-02 0.000e+00
3.560e+01 8.913e-02 0.000e+00
3.570e+01 9.100e-02 0.000e+00
3.580e+01 9.579e-02 0.000e+00
3.590e+01 1.026e-01 0.000e+00
3.600e+01 1.047e-01 0.000e+00
3.610e+01 9.978e-02 0.000e+00
3.620e+01 9.334e-02 0.000e+00
3.630e+01 8.400e-02 0.000e+00
3.640e+01 9.137e-02 0.000e+00
3.650e+01 8.987e-02 0.000e+00
3.660e+01 9.227e-02 0.000e+00
3.670e+01 9.681e-02 0.000e+00
3.680e+01 9.356e-02 0.000e+00
3.690e+01 9.856e-02 0.000e+00
3.700e+01 8.982e-02 0.000e+00
3.710e+01 9.023e-02 0.000e+00
3.720e+01 8.651e-02 0.000e+00
3.730e+01 8.004e-02 0.000e+00
3.740e+01 8.902e-02 0.000e+00
3.750e+01 9.018e-02 0.000e+00
3.760e+01 9.300e-02 0.000e+00
3.770e+01 9.521e-02 0.000e+00
3.780e+01 9.832e-02 0.000e+00
3.790e+01 9.599e-02 0.000e+00
3.800e+01 9.621e-02 0.000e+00
3.810e+01 9.307e-02 0.000e+00
3.820e+01 9.515e-02 0.000e+00
3.830e+01 9.127e-02 0.000e+00
3.840e+01 9.040e-02 0.000e+00
3.850e+01 9.607e-02 0.000e+00
3.860e+01 9.219e-02 0.000e+00
3.870e+01 9.748e-02 0.000e+00
3.880e+01 9.861e-02 0.000e+00
3.890e+01 9.468e-02 0.000e+00
3.900e+01 9.222e-02 0.000e+00
3.910e+01 9.521e-02 0.000e+00
3.920e+01 9.479e-02 0.000e+00
3.930e+01 9.370e-02 0.000e+00
3.940e+01 9.357e-02 0.000e+00
3.950e+01 9.213e-02 0.000e+00
3.960e+01 9.054e-02 0.000e+00
3.970e+01 8.908e-02 0.000e+00
3.980e+01 9.208e-02 0.000e+00
3.990e+01 9.626e-02 0.000e+00
4.000e+01 9.569e-02 0.000e+00
4.010e+01 9.445e-02 0.000e+00
4.020e+01 9.736e-02 0.000e+00
4.030e+01 9.127e-02 0.000e+00
4.040e+01 8.274e-02 0.000e+00
4.050e+01 8.326e-02 0.000e+00
4.060e+01 9.109e-02 0.000e+00
4.070e+01 9.603e-02 0.000e+00
4.080e+01 8.667e-02 0.000e+00
4.090e+01 8.640e-02 0.000e+00
4.100e+01 8.678e-02 0.000e+00
4.110e+01 9.098e-02 0.000e+00
4.120e+01 8.901e-02 0.000e+00
4.130e+01 8.913e-02 0.000e+00
4.140e+01 9.129e-02 0.000e+00
4.150e+01 8.840e-02 0.000e+00
4.160e+01 9.338e-02 0.000e+00
4.170e+01 8.595e-02 0.000e+00
4.180e+01 8.467e-02 0.000e+00
4.190e+01 9.583e-02 0.000e+00
4.200e+01 9.368e-02 0.000e+00
4.210e+01 9.825e-02 0.000e+00
4.220e+01 9.623e-02 0.000e+00
4.230e+01 9.481e-02 0.000e+00
4.240e+01 8.622e-02 0.000e+00
4.250e+01 9.197e-02 0.000e+00
4.260e+01 9.374e-02 0.000e+00
4.270e+01 9.053e-02 0.000e+00
4.280e+01 8.608e-02 0.000e+00
4.290e+01 7.930e-02 0.000e+00
4.300e+01 7.960e-02 0.000e+00
4.310e+01 8.314e-02 0.000e+00
4.320e+01 8.632e-02 0.000e+00
4.330e+01 8.454e-02 0.000e+00
4.340e+01 8.919e-02 0.000e+00
4.350e+01 8.548e-02 0.000e+00
4.360e+01 8.556e-02 0.000e+00
4.370e+01 8.368e-02 0.000e+00
4.380e+01 8.079e-02 0.000e+00
4.390e+01 8.079e-02 0.000e+00
4.400e+01 7.893e-02 0.000e+00
4.410e+01 7.657e-02 0.000e+00
4.420e+01 7.795e-02 0.000e+00
4.430e+01 7.830e-02 0.000e+00
4.440e+01 7.740e-02 0.000e+00
4.450e+01 8.102e-02 0.000e+00
4.460e+01 8.025e-02 0.000e+00
4.470e+01 7.814e-02 0.000e+00
4.480e+01 8.035e-02 0.000e+00
4.490e+01 7.902e-02 0.000e+00
4.500e+01 7.382e-02 0.000e+00
4.510e+01 7.220e-02 0.000e+00
4.520e+01 7.293e-02 0.000e+00
4.530e+01 7.163e-02 0.000e+00
4.540e+01 7.488e-02 0.000e+00
4.550e+01 6.936e-02 0.000e+00
4.560e+01 7.240e-02 0.000e+00
4.570e+01 6.715e-02 0.000e+00
4.580e+01 6.382e-02 0.000e+00
4.590e+01 6.485e-02 0.000e+00
4.600e+01 6.931e-02 0.000e+00
4.610e+01 7.235e-02 0.000e+00
4.620e+01 6.865e-02 0.000e+00
4.630e+01 7.013e-02 0.000e+00
4.640e+01 7.396e-02 0.000e+00
4.650e+01 7.719e-02 0.000e+00
4.660e+01 8.042e-02 0.000e+00
4.670e+01 7.755e-02 0.000e+00
4.680e+01 7.366e-02 0.000e+00
4.690e+01 7.167e-02 0.000e+00
4.700e+01 7.070e-02 0.000e+00
4.710e+01 6.921e-02 0.000e+00
4.720e+01 7.416e-02 0.000e+00
4.730e+01 7.495e-02 0.000e+00
4.740e+01 7.221e-02 0.000e+00
4.750e+01 7.536e-02 0.000e+00
4.760e+01 7.822e-02 0.000e+00
4.770e+01 7.694e-02 0.000e+00
4.780e+01 8.563e-02 0.000e+00
4.790e+01 8.304e-02 0.000e+00
4.800e+01 8.305e-02 0.000e+00
4.810e+01 8.278e-02 0.000e+00
4.820e+01 7.882e-02 0.000e+00
4.830e+01 8.002e-02 0.000e+00
4.840e+01 7.833e-02 0.000e+00
4.850e+01 7.548e-02 0.000e+00
4.860e+01 7.033e-02 0.000e+00
4.870e+01 6.896e-02 0.000e+00
4.880e+01 6.825e-02 0.000e+00
4.890e+01 6.873e-02 0.000e+00
4.900e+01 7.290e-02 0.000e+00
4.910e+01 7.687e-02 0.000e+00
4.920e+01 7.110e-02 0.000e+00
4.930e+01 7.684e-02 0.000e+00
4.940e+01 7.330e-02 0.000e+00
4.950e+01 7.673e-02 0.000e+00
4.960e+01 7.394e-02 0.000e+00
4.970e+01 7.431e-02 0.000e+00
4.980e+01 7.285e-02 0.000e+00
4.990e+01 6.880e-02 0.000e+00
5.000e+01 6.966e-02 0.000e+00
5.010e+01 6.741e-02 0.000e+00
5.020e+01 6.620e-02 0.000e+00
5.030e+01 6.572e-02 0.000e+00
5.040e+01 6.782e-02 0.000e+00
5.050e+01 6.998e-02 0.000e+00
5.060e+01 6.569e-02 0.000e+00
5.070e+01 6.819e-02 0.000e+00
5.080e+01 6.337e-02 0.000e+00
5.090e+01 6.499e-02 0.000e+00
5.100e+01 6.427e-02 0.000e+00
5.110e+01 6.521e-02 0.000e+00
5.120e+01 6.131e-02 0.000e+00
5.130e+01 6.288e-02 0.000e+00
5.140e+01 6.129e-02 0.000e+00
5.150e+01 6.127e-02 0.000e+00
5.160e+01 5.948e-02 0.000e+00
5.170e+01 5.514e-02 0.000e+00
5.180e+01 5.510e-02 0.000e+00
5.190e+01 5.738e-02 0.000e+00
5.200e+01 6.631e-02 0.000e+00
5.210e+01 6.988e-02 0.000e+00
5.220e+01 6.430e-02 0.000e+00
5.230e+01 6.392e-02 0.000e+00
5.240e+01 6.200e-02 0.000e+00
5.250e+01 6.241e-02 0.000e+00
5.260e+01 6.275e-02 0.000e+00
5.270e+01 6.528e-02 0.000e+00
5.280e+01 5.850e-02 0.000e+00
5.290e+01 5.660e-02 0.000e+00
5.300e+01 5.961e-02 0.000e+00
5.310e+01 5.453e-02 0.000e+00
5.320e+01 5.283e-02 0.000e+00
5.330e+01 5.308e-02 0.000e+00
5.340e+01 5.556e-02 0.000e+00
5.350e+01 5.767e-02 0.000e+00
5.360e+01 5.918e-02 0.000e+00
5.370e+01 5.652e-02 0.000e+00
5.380e+01 5.255e-02 0.000e+00
5.390e+01 5.567e-02 0.000e+00
5.400e+01 5.956e-02 0.000e+00
5.410e+01 5.536e-02 0.000e+00
5.420e+01 5.684e-02 0.000e+00
5.430e+01 5.450e-02 0.000e+00
5.440e+01 5.555e-02 0.000e+00
5.450e+01 5.568e-02 0.000e+00
5.460e+01 5.688e-02 0.000e+00
5.470e+01 5.539e-02 0.000e+00
5.480e+01 5.382e-02 0.000e+00
5.490e+01 5.296e-02 0.000e+00
5.500e+01 5.276e-02 0.000e+00
5.510e+01 5.236e-02 0.000e+00
5.520e+01 5.043e-02 0.000e+00
5.530e+01 4.741e-02 0.000e+00
5.540e+01 4.874e-02 0.000e+00
5.550e+01 4.962e-02 0.000e+00
5.560e+01 4.858e-02 0.000e+00
5.570e+01 4.800e-02 0.000e+00
5.580e+01 4.954e-02 0.000e+00
5.590e+01 4.740e-02 0.000e+00
5.600e+01 4.463e-02 0.000e+00
5.610e+01 4.476e-02 0.000e+00
5.620e+01 4.924e-02 0.000e+00
5.630e+01 5.002e-02 0.000e+00
5.640e+01 5.044e-02 0.000e+00
5.650e+01 5.079e-02 0.000e+00
5.660e+01 5.088e-02 0.000e+00
5.670e+01 5.063e-02 0.000e+00
5.680e+01 5.005e-02 0.000e+00
5.690e+01 4.896e-02 0.000e+00
5.700e+01 5.025e-02 0.000e+00
5.710e+01 5.593e-02 0.000e+00
5.720e+01 5.496e-02 0.000e+00
5.730e+01 5.247e-02 0.000e+00
5.740e+01 5.533e-02 0.000e+00
5.750e+01 5.391e-02 0.000e+00
5.760e+01 5.504e-02 0.000e+00
5.770e+01 5.485e-02 0.000e+00
5.780e+01 5.441e-02 0.000e+00
5.790e+01 5.551e-02 0.000e+00
5.800e+01 5.429e-02 0.000e+00
5.810e+01 5.386e-02 0.000e+00
5.820e+01 5.038e-02 0.000e+00
5.830e+01 5.359e-02 0.000e+00
5.840e+01 5.289e-02 0.000e+00
5.850e+01 5.379e-02 0.000e+00
5.860e+01 5.100e-02 0.000e+00
5.870e+01 5.067e-02 0.000e+00
5.880e+01 5.365e-02 0.000e+00
5.890e+01 5.173e-02 0.000e+00
5.900e+01 5.365e-02 0.000e+00
5.910e+01 5.649e-02 0.000e+00
5.920e+01 5.353e-02 0.000e+00
5.930e+01 5.822e-02 0.000e+00
5.940e+01 5.494e-02 0.000e+00
5.950e+01 5.536e-02 0.000e+00
5.960e+01 5.576e-02 0.000e+00
5.970e+01 5.669e-02 0.000e+00
5.980e+01 5.792e-02 0.000e+00
5.990e+01 5.770e-02 0.000e+00
6.000e+01 6.054e-02 0.000e+00
6.010e+01 5.396e-02 0.000e+00
6.020e+01 5.907e-02 0.000e+00
6.030e+01 5.305e-02 0.000e+00
6.040e+01 4.902e-02 0.000e+00
6.050e+01 4.776e-02 0.000e+00
6.060e+01 5.102e-02 0.000e+00
6.070e+01 5.723e-02 0.000e+00
6.080e+01 5.026e-02 0.000e+00
6.090e+01 4.767e-02 0.000e+00
6.100e+01 4.613e-02 0.000e+00
6.110e+01 4.799e-02 0.000e+00
6.120e+01 4.904e-02 0.000e+00
6.130e+01 4.849e-02 0.000e+00
6.140e+01 4.979e-02 0.000e+00
6.150e+01 4.556e-02 0.000e+00
6.160e+01 4.814e-02 0.000e+00
6.170e+01 4.780e-02 0.000e+00
6.180e+01 5.081e-02 0.000e+00
6.190e+01 5.368e-02 0.000e+00
6.200e+01 5.186e-02 0.000e+00
6.210e+01 5.323e-02 0.000e+00
6.220e+01 4.928e-02 0.000e+00
6.230e+01 5.115e-02 0.000e+00
6.240e+01 5.247e-02 0.000e+00
6.250e+01 5.487e-02 0.000e+00
6.260e+01 5.197e-02 0.000e+00
6.270e+01 5.304e-02 0.000e+00
6.280e+01 4.900e-02 0.000e+00
6.290e+01 4.844e-02 0.000e+00
6.300e+01 4.674e-02 0.000e+00
6.310e+01 4.764e-02 0.000e+00
6.320e+01 5.029e-02 0.000e+00
6.330e+01 4.744e-02 0.000e+00
6.340e+01 5.058e-02 0.000e+00
6.350e+01 4.837e-02 0.000e+00
6.360e+01 4.819e-02 0.000e+00
6.370e+01 5.099e-02 0.000e+00
6.380e+01 5.413e-02 0.000e+00
6.390e+01 5.006e-02 0.000e+00
6.400e+01 4.985e-02 0.000e+00
6.410e+01 5.152e-02 0.000e+00
6.420e+01 5.033e-02 0.000e+00
6.430e+01 4.775e-02 0.000e+00
6.440e+01 4.655e-02 0.000e+00
6.450e+01 4.782e-02 0.000e+00
6.460e+01 4.989e-02 0.000e+00
6.470e+01 4.930e-02 0.000e+00
6.480e+01 4.604e-02 0.000e+00
6.490e+01 4.688e-02 0.000e+00
6.500e+01 4.321e-02 0.000e+00
6.510e+01 4.523e-02 0.000e+00
6.520e+01 3.971e-02 0.000e+00
6.530e+01 3.995e-02 0.000e+00
6.540e+01 3.988e-02 0.000e+00
6.550e+01 4.123e-02 0.000e+00
6.560e+01 4.057e-02 0.000e+00
6.570e+01 4.555e-02 0.000e+00
6.580e+01 4.460e-02 0.000e+00
6.590e+01 4.502e-02 0.000e+00
6.600e+01 4.403e-02 0.000e+00
6.610e+01 4.762e-02 0.000e+00
6.620e+01 4.189e-02 0.000e+00
6.630e+01 3.532e-02 0.000e+00
6.640e+01 3.832e-02 0.000e+00
6.650e+01 3.964e-02 0.000e+00
6.660e+01 4.015e-02 0.000e+00
6.670e+01 3.935e-02 0.000e+00
6.680e+01 4.104e-02 0.000e+00
6.690e+01 4.253e-02 0.000e+00
6.700e+01 4.161e-02 0.000e+00
6.710e+01 4.312e-02 0.000e+00
6.720e+01 4.352e-02 0.000e+00
6.730e+01 4.292e-02 0.000e+00
6.740e+01 4.385e-02 0.000e+00
6.750e+01 4.651e-02 0.000e+00
6.760e+01 4.775e-02 0.000e+00
6.770e+01 4.731e-02 0.000e+00
6.780e+01 4.702e-02 0.000e+00
6.790e+01 4.972e-02 0.000e+00
6.800e+01 4.657e-02 0.000e+00
6.810e+01 4.228e-02 0.000e+00
6.820e+01 3.808e-02 0.000e+00
6.830e+01 3.898e-02 0.000e+00
6.840e+01 3.885e-02 0.000e+00
6.850e+01 3.854e-02 0.000e+00
6.860e+01 3.811e-02 0.000e+00
6.870e+01 3.832e-02 0.000e+00
6.880e+01 3.777e-02 0.000e+00
6.890e+01 3.746e-02 0.000e+00
6.900e+01 3.680e-02 0.000e+00
6.910e+01 3.873e-02 0.000e+00
6.920e+01 3.662e-02 0.000e+00
6.930e+01 3.754e-02 0.000e+00
6.940e+01 3.524e-02 0.000e+00
6.950e+01 3.389e-02 0.000e+00
6.960e+01 3.805e-02 0.000e+00
6.970e+01 3.381e-02 0.000e+00
6.980e+01 3.691e-02 0.000e+00
6.990e+01 3.870e-02 0.000e+00
7.000e+01 4.083e-02 0.000e+00
7.010e+01 3.705e-02 0.000e+00
7.020e+01 3.563e-02 0.000e+00
7.030e+01 3.417e-02 0.000e+00
7.040e+01 3.641e-02 0.000e+00
7.050e+01 3.717e-02 0.000e+00
7.060e+01 3.626e-02 0.000e+00
7.070e+01 3.789e-02 0.000e+00
7.080e+01 3.480e-02 0.000e+00
7.090e+01 3.509e-02 0.000e+00
7.100e+01 3.208e-02 0.000e+00
7.110e+01 3.412e-02 0.000e+00
7.120e+01 3.234e-02 0.000e+00
7.130e+01 3.280e-02 0.000e+00
7.140e+01 3.355e-02 0.000e+00
7.150e+01 3.062e-02 0.000e+00
7.160e+01 3.179e-02 0.000e+00
7.170e+01 3.175e-02 0.000e+00
7.180e+01 3.490e-02 0.000e+00
7.190e+01 3.674e-02 0.000e+00
7.200e+01 3.462e-02 0.000e+00
7.210e+01 3.771e-02 0.000e+00
7.220e+01 3.189e-02 0.000e+00
7.230e+01 3.248e-02 0.000e+00
7.240e+01 3.457e-02 0.000e+00
7.250e+01 3.767e-02 0.000e+00
7.260e+01 3.419e-02 0.000e+00
7.270e+01 3.368e-02 0.000e+00
7.280e+01 2.901e-02 0.000e+00
7.290e+01 3.322e-02 0.000e+00
7.300e+01 3.598e-02 0.000e+00
7.310e+01 3.574e-02 0.000e+00
7.320e+01 4.019e-02 0.000e+00
7.330e+01 3.992e-02 0.000e+00
7.340e+01 3.833e-02 0.000e+00
7.350e+01 4.057e-02 0.000e+00
7.360e+01 3.996e-02 0.000e+00
7.370e+01 3.648e-02 0.000e+00
7.380e+01 3.816e-02 0.000e+00
7.390e+01 3.604e-02 0.000e+00
7.400e+01 3.380e-02 0.000e+00
7.410e+01 3.863e-02 0.000e+00
7.420e+01 3.417e-02 0.000e+00
7.430e+01 3.405e-02 0.000e+00
7.440e+01 3.643e-02 0.000e+00
7.450e+01 3.646e-02 0.000e+00
7.460e+01 3.662e-02 0.000e+00
7.470e+01 3.810e-02 0.000e+00
7.480e+01 3.812e-02 0.000e+00
7.490e+01 4.276e-02 0.000e+00
7.500e+01 4.540e-02 0.000e+00
7.510e+01 4.406e-02 0.000e+00
7.520e+01 4.104e-02 0.000e+00
7.530e+01 4.175e-02 0.000e+00
7.540e+01 3.950e-02 0.000e+00
7.550e+01 3.720e-02 0.000e+00
7.560e+01 3.847e-02 0.000e+00
7.570e+01 3.735e-02 0.000e+00
7.580e+01 3.800e-02 0.000e+00
7.590e+01 3.847e-02 0.000e+00
7.600e+01 3.819e-02 0.000e+00
7.610e+01 3.799e-02 0.000e+00
7.620e+01 3.491e-02 0.000e+00
7.630e+01 3.499e-02 0.000e+00
7.640e+01 3.483e-02 0.000e+00
7.650e+01 3.912e-02 0.000e+00
7.660e+01 3.688e-02 0.000e+00
7.670e+01 4.079e-02 0.000e+00
7.680e+01 3.921e-02 0.000e+00
7.690e+01 3.694e-02 0.000e+00
7.700e+01 3.638e-02 0.000e+00
7.710e+01 3.770e-02 0.000e+00
7.720e+01 3.830e-02 0.000e+00
7.730e+01 3.799e-02 0.000e+00
7.740e+01 3.814e-02 0.000e+00
7.750e+01 4.022e-02 0.000e+00
7.760e+01 4.082e-02 0.000e+00
7.770e+01 3.773e-02 0.000e+00
7.780e+01 3.415e-02 0.000e+00
7.790e+01 3.454e-02 0.000e+00
7.800e+01 3.640e-02 0.000e+00
7.810e+01 3.463e-02 0.000e+00
7.820e+01 3.263e-02 0.000e+00
7.830e+01 3.503e-02 0.000e+00
7.840e+01 3.441e-02 0.000e+00
7.850e+01 3.230e-02 0.000e+00
7.860e+01 3.288e-02 0.000e+00
7.870e+01 3.290e-02 0.000e+00
7.880e+01 3.249e-02 0.000e+00
7.890e+01 3.263e-02 0.000e+00
7.900e+01 3.252e-02 0.000e+00
7.910e+01 3.320e-02 0.000e+00
7.920e+01 3.137e-02 0.000e+00
7.930e+01 3.240e-02 0.000e+00
7.940e+01 3.110e-02 0.000e+00
7.950e+01 2.701e-02 0.000e+00
7.960e+01 3.074e-02 0.000e+00
7.970e+01 3.196e-02 0.000e+00
7.980e+01 3.415e-02 0.000e+00
7.990e+01 3.029e-02 0.000e+00
8.000e+01 3.115e-02 0.000e+00
8.010e+01 3.099e-02 0.000e+00
8.020e+01 3.249e-02 0.000e+00
8.030e+01 3.432e-02 0.000e+00
8.040e+01 4.003e-02 0.000e+00
8.050e+01 4.075e-02 0.000e+00
8.060e+01 3.832e-02 0.000e+00
8.070e+01 3.635e-02 0.000e+00
8.080e+01 3.497e-02 0.000e+00
8.090e+01 3.888e-02 0.000e+00
8.100e+01 3.856e-02 0.000e+00
8.110e+01 3.496e-02 0.000e+00
8.120e+01 3.322e-02 0.000e+00
8.130e+01 3.285e-02 0.000e+00
8.140e+01 3.589e-02 0.000e+00
8.150e+01 3.382e-02 0.000e+00
8.160e+01 3.514e-02 0.000e+00
8.170e+01 3.197e-02 0.000e+00
8.180e+01 3.205e-02 0.000e+00
8.190e+01 3.076e-02 0.000e+00
8.200e+01 2.805e-02 0.000e+00
8.210e+01 3.092e-02 0.000e+00
8.220e+01 2.977e-02 0.000e+00
8.230e+01 3.005e-02 0.000e+00
8.240e+01 3.314e-02 0.000e+00
8.250e+01 3.259e-02 0.000e+00
8.260e+01 3.053e-02 0.000e+00
8.270e+01 3.239e-02 0.000e+00
8.280e+01 3.051e-02 0.000e+00
8.290e+01 3.132e-02 0.000e+00
8.300e+01 3.453e-02 0.000e+00
8.310e+01 3.309e-02 0.000e+00
8.320e+01 3.359e-02 0.000e+00
8.330e+01 3.280e-02 0.000e+00
8.340e+01 3.543e-02 0.000e+00
8.350e+01 3.740e-02 0.000e+00
8.360e+01 3.539e-02 0.000e+00
8.370e+01 3.529e-02 0.000e+00
8.380e+01 3.396e-02 0.000e+00
8.390e+01 3.371e-02 0.000e+00
8.400e+01 2.977e-02 0.000e+00
8.410e+01 3.224e-02 0.000e+00
8.420e+01 3.056e-02 0.000e+00
8.430e+01 3.139e-02 0.000e+00
8.440e+01 3.082e-02 0.000e+00
8.450e+01 2.969e-02 0.000e+00
8.460e+01 2.990e-02 0.000e+00
8.470e+01 3.434e-02 0.000e+00
8.480e+01 3.621e-02 0.000e+00
8.490e+01 3.594e-02 0.000e+00
8.500e+01 3.514e-02 0.000e+00
8.510e+01 3.199e-02 0.000e+00
8.520e+01 3.241e-02 0.000e+00
8.530e+01 3.378e-02 0.000e+00
8.540e+01 3.166e-02 0.000e+00
8.550e+01 3.135e-02 0.000e+00
8.560e+01 3.053e-02 0.000e+00
8.570e+01 3.082e-02 0.000e+00
8.580e+01 3.481e-02 0.000e+00
8.590e+01 3.350e-02 0.000e+00
8.600e+01 3.192e-02 0.000e+00
8.610e+01 2.906e-02 0.000e+00
8.620e+01 2.789e-02 0.000e+00
8.630e+01 2.690e-02 0.000e+00
8.640e+01 2.692e-02 0.000e+00
8.650e+01 2.723e-02 0.000e+00
8.660e+01 2.730e-02 0.000e+00
8.670e+01 2.857e-02 0.000e+00
8.680e+01 2.782e-02 0.000e+00
8.690e+01 2.697e-02 0.000e+00
8.700e+01 2.807e-02 0.000e+00
8.710e+01 2.986e-02 0.000e+00
8.720e+01 2.861e-02 0.000e+00
8.730e+01 2.812e-02 0.000e+00
8.740e+01 3.194e-02 0.000e+00
8.750e+01 3.086e-02 0.000e+00
8.760e+01 3.231e-02 0.000e+00
8.770e+01 3.393e-02 0.000e+00
8.780e+01 3.280e-02 0.000e+00
8.790e+01 3.506e-02 0.000e+00
8.800e+01 2.864e-02 0.000e+00
8.810e+01 2.927e-02 0.000e+00
8.820e+01 3.115e-02 0.000e+00
8.830e+01 3.068e-02 0.000e+00
8.840e+01 3.158e-02 0.000e+00
8.850e+01 3.121e-02 0.000e+00
8.860e+01 3.275e-02 0.000e+00
8.870e+01 3.352e-02 0.000e+00
8.880e+01 3.300e-02 0.000e+00
8.890e+01 3.835e-02 0.000e+00
8.900e+01 3.976e-02 0.000e+00
8.910e+01 4.034e-02 0.000e+00
8.920e+01 4.041e-02 0.000e+00
8.930e+01 3.988e-02 0.000e+00
8.940e+01 4.149e-02 0.000e+00
8.950e+01 3.535e-02 0.000e+00
8.960e+01 3.806e-02 0.000e+00
8.970e+01 3.480e-02 0.000e+00
8.980e+01 3.887e-02 0.000e+00
8.990e+01 3.588e-02 0.000e+00
9.000e+01 3.350e-02 0.000e+00
9.010e+01 3.278e-02 0.000e+00
9.020e+01 3.620e-02 0.000e+00
9.030e+01 3.616e-02 0.000e+00
9.040e+01 3.796e-02 0.000e+00
9.050e+01 3.883e-02 0.000e+00
9.060e+01 3.578e-02 0.000e+00
9.070e+01 3.841e-02 0.000e+00
9.080e+01 3.429e-02 0.000e+00
9.090e+01 3.766e-02 0.000e+00
9.100e+01 3.391e-02 0.000e+00
9.110e+01 2.952e-02 0.000e+00
9.120e+01 2.904e-02 0.000e+00
9.130e+01 2.903e-02 0.000e+00
9.140e+01 2.887e-02 0.000e+00
9.150e+01 2.976e-02 0.000e+00
9.160e+01 3.034e-02 0.000e+00
9.170e+01 2.658e-02 0.000e+00
9.180e+01 2.704e-02 0.000e+00
9.190e+01 2.867e-02 0.000e+00
9.200e+01 2.797e-02 0.000e+00
9.210e+01 2.426e-02 0.000e+00
9.220e+01 2.919e-02 0.000e+00
9.230e+01 2.948e-02 0.000e+00
9.240e+01 2.702e-02 0.000e+00
9.250e+01 2.809e-02 0.000e+00
9.260e+01 3.164e-02 0.000e+00
9.270e+01 2.940e-02 0.000e+00
9.280e+01 2.729e-02 0.000e+00
9.290e+01 2.750e-02 0.000e+00
9.300e+01 2.521e-02 0.000e+00
9.310e+01 2.560e-02 0.000e+00
9.320e+01 2.519e-02 0.000e+00
9.330e+01 2.590e-02 0.000e+00
9.340e+01 2.467e-02 0.000e+00
9.350e+01 2.214e-02 0.000e+00
9.360e+01 2.478e-02 0.000e+00
9.370e+01 2.218e-02 0.000e+00
9.380e+01 2.721e-02 0.000e+00
9.390e+01 2.709e-02 0.000e+00
9.400e+01 2.379e-02 0.000e+00
9.410e+01 2.190e-02 0.000e+00
9.420e+01 2.320e-02 0.000e+00
9.430e+01 2.085e-02 0.000e+00
9.440e+01 2.181e-02 0.000e+00
9.450e+01 2.123e-02 0.000e+00
9.460e+01 2.210e-02 0.000e+00
9.470e+01 2.421e-02 0.000e+00
9.480e+01 2.659e-02 0.000e+00
9.490e+01 2.861e-02 0.000e+00
9.500e+01 2.721e-02 0.000e+00
9.510e+01 2.592e-02 0.000e+00
9.520e+01 2.566e-02 0.000e+00
9.530e+01 2.738e-02 0.000e+00
9.540e+01 2.414e-02 0.000e+00
9.550e+01 2.434e-02 0.000e+00
9.560e+01 2.434e-02 0.000e+00
9.570e+01 2.527e-02 0.000e+00
9.580e+01 2.535e-02 0.000e+00
9.590e+01 2.367e-02 0.000e+00
9.600e+01 2.513e-02 0.000e+00
9.610e+01 2.347e-02 0.000e+00
9.620e+01 2.551e-02 0.000e+00
9.630e+01 2.571e-02 0.000e+00
9.640e+01 2.726e-02 0.000e+00
9.650e+01 2.665e-02 0.000e+00
9.660e+01 2.719e-02 0.000e+00
9.670e+01 2.872e-02 0.000e+00
9.680e+01 2.808e-02 0.000e+00
9.690e+01 2.492e-02 0.000e+00
9.700e+01 2.200e-02 0.000e+00
9.710e+01 2.005e-02 0.000e+00
9.720e+01 2.312e-02 0.000e+00
9.730e+01 2.229e-02 0.000e+00
9.740e+01 2.249e-02 0.000e+00
9.750e+01 2.347e-02 0.000e+00
9.760e+01 2.249e-02 0.000e+00
9.770e+01 2.238e-02 0.000e+00
9.780e+01 2.282e-02 0.000e+00
9.790e+01 2.582e-02 0.000e+00
9.800e+01 2.412e-02 0.000e+00
9.810e+01 2.384e-02 0.000e+00
9.820e+01 2.041e-02 0.000e+00
9.830e+01 2.058e-02 0.000e+00
9.840e+01 2.313e-02 0.000e+00
9.850e+01 2.201e-02 0.000e+00
9.860e+01 2.108e-02 0.000e+00
9.870e+01 2.212e-02 0.000e+00
9.880e+01 2.193e-02 0.000e+00
9.890e+01 2.259e-02 0.000e+00
9.900e+01 2.056e-02 0.000e+00
9.910e+01 2.225e-02 0.000e+00
9.920e+01 2.273e-02 0.000e+00
9.930e+01 2.404e-02 0.000e+00
9.940e+01 2.490e-02 0.000e+00
9.950e+01 2.290e-02 0.000e+00
9.960e+01 2.262e-02 0.000e+00
9.970e+01 2.391e-02 0.000e+00
9.980e+01 2.358e-02 0.000e+00
9.990e+01 2.429e-02 0.000e+00
