# Time (ps)      real(F_0)      im(F_0)
0.000e+00 1.000e+00 0.000e+00
1.000e-01 8.923e-01 0.000e+00
2.000e-01 8.472e-01 0.000e+00
3.000e-01 7.545e-01 0.000e+00
4.000e-01 7.603e-01 0.000e+00
5.000e-01 7.196e-01 0.000e+00
6.000e-01 6.962e-01 0.000e+00
7.000e-01 6.135e-01 0.000e+00
8.000e-01 5.387e-01 0.000e+00
9.000e-01 5.100e-01 0.000e+00
1.000e+00 4.866e-01 0.000e+00
1.100e+00 4.649e-01 0.000e+00
1.200e+00 5.484e-01 0.000e+00
1.300e+00 5.594e-01 0.000e+00
1.400e+00 5.156e-01 0.000e+00
1.500e+00 4.815e-01 0.000e+00
1.600e+00 4.895e-01 0.000e+00
1.700e+00 5.114e-01 0.000e+00
1.800e+00 4.407e-01 0.000e+00
1.900e+00 4.313e-01 0.000e+00
2.000e+00 4.524e-01 0.000e+00
2.100e+00 4.683e-01 0.000e+00
2.200e+00 4.970e-01 0.000e+00
2.300e+00 5.212e-01 0.000e+00
2.400e+00 5.281e-01 0.000e+00
2.500e+00 4.848e-01 0.000e+00
2.600e+00 5.002e-01 0.000e+00
2.700e+00 4.706e-01 0.000e+00
2.800e+00 4.172e-01 0.000e+00
2.900e+00 3.936e-01 0.000e+00
3.000e+00 4.110e-01 0.000e+00
3.100e+00 3.101e-01 0.000e+00
3.200e+00 3.160e-01 0.000e+00
3.300e+00 3.365e-01 0.000e+00
3.400e+00 2.917e-01 0.000e+00
3.500e+00 3.017e-01 0.000e+00
3.600e+00 3.173e-01 0.000e+00
3.700e+00 2.587e-01 0.000e+00
3.800e+00 2.965e-01 0.000e+00
3.900e+00 2.820e-01 0.000e+00
4.000e+00 2.507e-01 0.000e+00
4.100e+00 2.329e-01 0.000e+00
4.200e+00 2.106e-01 0.000e+00
4.300e+00 2.673e-01 0.000e+00
4.400e+00 2.689e-01 0.000e+00
4.500e+00 2.502e-01 0.000e+00
4.600e+00 2.495e-01 0.000e+00
4.700e+00 1.906e-01 0.000e+00
4.800e+00 1.773e-01 0.000e+00
4.900e+00 1.914e-01 0.000e+00
5.000e+00 1.691e-01 0.000e+00
5.100e+00 1.843e-01 0.000e+00
5.200e+00 1.747e-01 0.000e+00
5.300e+00 1.384e-01 0.000e+00
5.400e+00 1.436e-01 0.000e+00
5.500e+00 1.766e-01 0.000e+00
5.600e+00 1.567e-01 0.000e+00
5.700e+00 1.506e-01 0.000e+00
5.800e+00 1.484e-01 0.000e+00
5.900e+00 1.118e-01 0.000e+00
6.000e+00 9.722e-02 0.000e+00
6.100e+00 1.237e-01 0.000e+00
6.200e+00 1.347e-01 0.000e+00
6.300e+00 1.425e-01 0.000e+00
6.400e+00 1.288e-01 0.000e+00
6.500e+00 1.493e-01 0.000e+00
6.600e+00 1.299e-01 0.000e+00
6.700e+00 1.513e-01 0.000e+00
6.800e+00 1.164e-01 0.000e+00
6.900e+00 1.077e-01 0.000e+00
7.000e+00 9.442e-02 0.000e+00
7.100e+00 8.752e-02 0.000e+00
7.200e+00 1.160e-01 0.000e+00
7.300e+00 1.333e-01 0.000e+00
7.400e+00 1.768e-01 0.000e+00
7.500e+00 1.538e-01 0.000e+00
7.600e+00 1.329e-01 0.000e+00
7.700e+00 1.305e-01 0.000e+00
7.800e+00 8.581e-02 0.000e+00
7.900e+00 9.208e-02 0.000e+00
8.000e+00 9.954e-02 0.000e+00
8.100e+00 9.630e-02 0.000e+00
8.200e+00 7.281e-02 0.000e+00
8.300e+00 9.183e-02 0.000e+00
8.400e+00 9.440e-02 0.000e+00
8.500e+00 8.744e-02 0.000e+00
8.600e+00 8.050e-02 0.000e+00
8.700e+00 1.230e-01 0.000e+00
8.800e+00 1.635e-01 0.000e+00
8.900e+00 1.404e-01 0.000e+00
9.000e+00 1.283e-01 0.000e+00
9.100e+00 1.021e-01 0.000e+00
9.200e+00 1.306e-01 0.000e+00
9.300e+00 1.215e-01 0.000e+00
9.400e+00 1.317e-01 0.000e+00
9.500e+00 1.414e-01 0.000e+00
9.600e+00 1.004e-01 0.000e+00
9.700e+00 1.180e-01 0.000e+00
9.800e+00 1.356e-01 0.000e+00
9.900e+00 1.346e-01 0.000e+00
1.000e+01 1.320e-01 0.000e+00
1.010e+01 1.319e-01 0.000e+00
1.020e+01 1.105e-01 0.000e+00
1.030e+01 1.273e-01 0.000e+00
1.040e+01 1.215e-01 0.000e+00
1.050e+01 1.209e-01 0.000e+00
1.060e+01 1.238e-01 0.000e+00
1.070e+01 1.028e-01 0.000e+00
1.080e+01 1.098e-01 0.000e+00
1.090e+01 1.297e-01 0.000e+00
1.100e+01 1.184e-01 0.000e+00
1.110e+01 1.077e-01 0.000e+00
1.120e+01 9.073e-02 0.000e+00
1.130e+01 7.307e-02 0.000e+00
1.140e+01 9.127e-02 0.000e+00
1.150e+01 7.653e-02 0.000e+00
1.160e+01 6.445e-02 0.000e+00
1.170e+01 6.535e-02 0.000e+00
1.180e+01 6.997e-02 0.000e+00
1.190e+01 7.039e-02 0.000e+00
1.200e+01 8.070e-02 0.000e+00
1.210e+01 8.430e-02 0.000e+00
1.220e+01 8.620e-02 0.000e+00
1.230e+01 9.444e-02 0.000e+00
1.240e+01 8.818e-02 0.000e+00
1.250e+01 9.823e-02 0.000e+00
1.260e+01 8.301e-02 0.000e+00
1.270e+01 6.804e-02 0.000e+00
1.280e+01 7.380e-02 0.000e+00
1.290e+01 9.745e-02 0.000e+00
1.300e+01 9.363e-02 0.000e+00
1.310e+01 8.623e-02 0.000e+00
1.320e+01 7.017e-02 0.000e+00
1.330e+01 6.510e-02 0.000e+00
1.340e+01 6.364e-02 0.000e+00
1.350e+01 8.238e-02 0.000e+00
1.360e+01 9.811e-02 0.000e+00
1.370e+01 9.628e-02 0.000e+00
1.380e+01 1.081e-01 0.000e+00
1.390e+01 9.468e-02 0.000e+00
1.400e+01 1.039e-01 0.000e+00
1.410e+01 1.205e-01 0.000e+00
1.420e+01 1.167e-01 0.000e+00
1.430e+01 1.286e-01 0.000e+00
1.440e+01 1.113e-01 0.000e+00
1.450e+01 1.114e-01 0.000e+00
1.460e+01 1.123e-01 0.000e+00
1.470e+01 9.576e-02 0.000e+00
1.480e+01 8.579e-02 0.000e+00
1.490e+01 7.558e-02 0.000e+00
1.500e+01 5.813e-02 0.000e+00
1.510e+01 4.138e-02 0.000e+00
1.520e+01 4.744e-02 0.000e+00
1.530e+01 6.767e-02 0.000e+00
1.540e+01 5.491e-02 0.000e+00
1.550e+01 6.141e-02 0.000e+00
1.560e+01 5.315e-02 0.000e+00
1.570e+01 5.380e-02 0.000e+00
1.580e+01 4.080e-02 0.000e+00
1.590e+01 1.391e-02 0.000e+00
1.600e+01 8.019e-03 0.000e+00
1.610e+01 1.822e-02 0.000e+00
1.620e+01 4.022e-03 0.000e+00
1.630e+01 3.045e-02 0.000e+00
1.640e+01 2.127e-02 0.000e+00
1.650e+01 1.622e-02 0.000e+00
1.660e+01 1.422e-02 0.000e+00
1.670e+01 1.882e-02 0.000e+00
1.680e+01 3.569e-02 0.000e+00
1.690e+01 4.431e-02 0.000e+00
1.700e+01 4.393e-02 0.000e+00
1.710e+01 4.853e-02 0.000e+00
1.720e+01 6.935e-02 0.000e+00
1.730e+01 5.995e-02 0.000e+00
1.740e+01 6.992e-02 0.000e+00
1.750e+01 6.639e-02 0.000e+00
1.760e+01 7.066e-02 0.000e+00
1.770e+01 4.336e-02 0.000e+00
1.780e+01 4.374e-02 0.000e+00
1.790e+01 3.867e-02 0.000e+00
1.800e+01 4.063e-02 0.000e+00
1.810e+01 4.247e-02 0.000e+00
1.820e+01 4.935e-02 0.000e+00
1.830e+01 3.451e-02 0.000e+00
1.840e+01 4.688e-02 0.000e+00
1.850e+01 4.197e-02 0.000e+00
1.860e+01 4.161e-02 0.000e+00
1.870e+01 3.807e-02 0.000e+00
1.880e+01 2.514e-02 0.000e+00
1.890e+01 4.008e-02 0.000e+00
1.900e+01 4.121e-02 0.000e+00
1.910e+01 3.956e-02 0.000e+00
1.920e+01 4.735e-02 0.000e+00
1.930e+01 4.534e-02 0.000e+00
1.940e+01 3.422e-02 0.000e+00
1.950e+01 1.979e-02 0.000e+00
1.960e+01 1.013e-02 0.000e+00
1.970e+01 -1.228e-03 0.000e+00
1.980e+01 1.508e-02 0.000e+00
1.990e+01 3.177e-02 0.000e+00
2.000e+01 4.457e-02 0.000e+00
2.010e+01 4.933e-02 0.000e+00
2.020e+01 4.668e-02 0.000e+00
2.030e+01 3.247e-02 0.000e+00
2.040e+01 2.162e-02 0.000e+00
2.050e+01 -3.427e-03 0.000e+00
2.060e+01 2.477e-02 0.000e+00
2.070e+01 2.820e-02 0.000e+00
2.080e+01 3.573e-02 0.000e+00
2.090e+01 3.637e-02 0.000e+00
2.100e+01 4.421e-02 0.000e+00
2.110e+01 6.736e-02 0.000e+00
2.120e+01 6.093e-02 0.000e+00
2.130e+01 6.627e-02 0.000e+00
2.140e+01 4.215e-02 0.000e+00
2.150e+01 5.181e-02 0.000e+00
2.160e+01 3.844e-02 0.000e+00
2.170e+01 3.557e-02 0.000e+00
2.180e+01 2.355e-02 0.000e+00
2.190e+01 4.125e-02 0.000e+00
2.200e+01 2.144e-02 0.000e+00
2.210e+01 3.209e-02 0.000e+00
2.220e+01 3.153e-02 0.000e+00
2.230e+01 2.283e-02 0.000e+00
2.240e+01 2.358e-02 0.000e+00
2.250e+01 1.829e-02 0.000e+00
2.260e+01 4.393e-02 0.000e+00
2.270e+01 3.344e-02 0.000e+00
2.280e+01 3.178e-02 0.000e+00
2.290e+01 3.557e-02 0.000e+00
2.300e+01 2.834e-02 0.000e+00
2.310e+01 3.341e-02 0.000e+00
2.320e+01 3.113e-02 0.000e+00
2.330e+01 2.913e-02 0.000e+00
2.340e+01 2.288e-02 0.000e+00
2.350e+01 2.747e-02 0.000e+00
2.360e+01 3.301e-02 0.000e+00
2.370e+01 3.881e-02 0.000e+00
2.380e+01 3.886e-02 0.000e+00
2.390e+01 4.120e-02 0.000e+00
2.400e+01 4.491e-02 0.000e+00
2.410e+01 3.884e-02 0.000e+00
2.420e+01 4.304e-02 0.000e+00
2.430e+01 4.645e-02 0.000e+00
2.440e+01 4.908e-02 0.000e+00
2.450e+01 4.223e-02 0.000e+00
2.460e+01 4.861e-02 0.000e+00
2.470e+01 4.596e-02 0.000e+00
2.480e+01 4.440e-02 0.000e+00
2.490e+01 5.239e-02 0.000e+00
2.500e+01 5.373e-02 0.000e+00
2.510e+01 6.198e-02 0.000e+00
2.520e+01 5.458e-02 0.000e+00
2.530e+01 4.971e-02 0.000e+00
2.540e+01 4.924e-02 0.000e+00
2.550e+01 5.070e-02 0.000e+00
2.560e+01 4.752e-02 0.000e+00
2.570e+01 4.650e-02 0.000e+00
2.580e+01 5.076e-02 0.000e+00
2.590e+01 5.231e-02 0.000e+00
2.600e+01 4.719e-02 0.000e+00
2.610e+01 5.081e-02 0.000e+00
2.620e+01 4.893e-02 0.000e+00
2.630e+01 3.927e-02 0.000e+00
2.640e+01 3.845e-02 0.000e+00
2.650e+01 3.537e-02 0.000e+00
2.660e+01 4.075e-02 0.000e+00
2.670e+01 3.785e-02 0.000e+00
2.680e+01 2.948e-02 0.000e+00
2.690e+01 3.238e-02 0.000e+00
2.700e+01 3.544e-02 0.000e+00
2.710e+01 4.473e-02 0.000e+00
2.720e+01 4.809e-02 0.000e+00
2.730e+01 5.201e-02 0.000e+00
2.740e+01 5.136e-02 0.000e+00
2.750e+01 5.531e-02 0.000e+00
2.760e+01 4.113e-02 0.000e+00
2.770e+01 4.056e-02 0.000e+00
2.780e+01 3.951e-02 0.000e+00
2.790e+01 3.499e-02 0.000e+00
2.800e+01 2.288e-02 0.000e+00
2.810e+01 3.357e-02 0.000e+00
2.820e+01 3.560e-02 0.000e+00
2.830e+01 3.105e-02 0.000e+00
2.840e+01 3.721e-02 0.000e+00
2.850e+01 2.306e-02 0.000e+00
2.860e+01 1.826e-02 0.000e+00
2.870e+01 1.926e-02 0.000e+00
2.880e+01 1.158e-02 0.000e+00
2.890e+01 5.308e-03 0.000e+00
2.900e+01 7.664e-03 0.000e+00
2.910e+01 9.881e-03 0.000e+00
2.920e+01 6.667e-03 0.000e+00
2.930e+01 1.088e-02 0.000e+00
2.940e+01 7.692e-03 0.000e+00
2.950e+01 3.775e-03 0.000e+00
2.960e+01 -3.157e-03 0.000e+00
2.970e+01 4.616e-03 0.000e+00
2.980e+01 2.425e-03 0.000e+00
2.990e+01 1.757e-02 0.000e+00
3.000e+01 2.495e-02 0.000e+00
3.010e+01 2.454e-02 0.000e+00
3.020e+01 2.675e-02 0.000e+00
3.030e+01 2.153e-02 0.000e+00
3.040e+01 1.424e-02 0.000e+00
3.050e+01 1.952e-02 0.000e+00
3.060e+01 7.024e-03 0.000e+00
3.070e+01 -2.205e-03 0.000e+00
3.080e+01 1.067e-02 0.000e+00
3.090e+01 -3.573e-03 0.000e+00
3.100e+01 5.794e-03 0.000e+00
3.110e+01 -7.116e-03 0.000e+00
3.120e+01 -7.901e-04 0.000e+00
3.130e+01 -2.012e-03 0.000e+00
3.140e+01 6.406e-03 0.000e+00
3.150e+01 2.651e-03 0.000e+00
3.160e+01 8.789e-03 0.000e+00
3.170e+01 6.465e-03 0.000e+00
3.180e+01 2.079e-02 0.000e+00
3.190e+01 2.159e-02 0.000e+00
3.200e+01 7.585e-03 0.000e+00
3.210e+01 4.691e-03 0.000e+00
3.220e+01 1.718e-02 0.000e+00
3.230e+01 -4.154e-03 0.000e+00
3.240e+01 1.995e-02 0.000e+00
3.250e+01 9.320e-03 0.000e+00
3.260e+01 8.294e-03 0.000e+00
3.270e+01 6.096e-03 0.000e+00
3.280e+01 -2.596e-03 0.000e+00
3.290e+01 5.091e-03 0.000e+00
3.300e+01 6.718e-03 0.000e+00
3.310e+01 -2.372e-03 0.000e+00
3.320e+01 5.095e-03 0.000e+00
3.330e+01 7.511e-03 0.000e+00
3.340e+01 9.410e-03 0.000e+00
3.350e+01 -1.391e-03 0.000e+00
3.360e+01 6.840e-03 0.000e+00
3.370e+01 4.411e-03 0.000e+00
3.380e+01 1.344e-02 0.000e+00
3.390e+01 9.543e-03 0.000e+00
3.400e+01 2.230e-02 0.000e+00
3.410e+01 2.127e-02 0.000e+00
3.420e+01 3.122e-02 0.000e+00
3.430e+01 1.889e-02 0.000e+00
3.440e+01 1.044e-02 0.000e+00
3.450e+01 2.562e-02 0.000e+00
3.460e+01 3.481e-02 0.000e+00
3.470e+01 1.648e-02 0.000e+00
3.480e+01 3.506e-02 0.000e+00
3.490e+01 4.082e-02 0.000e+00
3.500e+01 7.804e-02 0.000e+00
3.510e+01 1.018e-01 0.000e+00
3.520e+01 5.711e-02 0.000e+00
3.530e+01 4.085e-02 0.000e+00
3.540e+01 9.754e-02 0.000e+00
3.550e+01 5.046e-02 0.000e+00
3.560e+01 6.254e-02 0.000e+00
3.570e+01 5.160e-02 0.000e+00
3.580e+01 4.486e-02 0.000e+00
3.590e+01 2.318e-02 0.000e+00
3.600e+01 2.368e-02 0.000e+00
3.610e+01 2.737e-02 0.000e+00
3.620e+01 5.025e-02 0.000e+00
3.630e+01 4.125e-02 0.000e+00
3.640e+01 3.485e-02 0.000e+00
3.650e+01 2.616e-02 0.000e+00
3.660e+01 2.855e-02 0.000e+00
3.670e+01 2.913e-02 0.000e+00
3.680e+01 3.985e-02 0.000e+00
3.690e+01 2.934e-02 0.000e+00
3.700e+01 2.357e-02 0.000e+00
3.710e+01 2.882e-02 0.000e+00
3.720e+01 4.489e-02 0.000e+00
3.730e+01 4.620e-02 0.000e+00
3.740e+01 2.993e-02 0.000e+00
3.750e+01 2.146e-02 0.000e+00
3.760e+01 7.434e-03 0.000e+00
3.770e+01 2.168e-02 0.000e+00
3.780e+01 3.581e-02 0.000e+00
3.790e+01 7.478e-02 0.000e+00
3.800e+01 8.619e-02 0.000e+00
3.810e+01 9.466e-02 0.000e+00
3.820e+01 6.449e-02 0.000e+00
3.830e+01 5.335e-02 0.000e+00
3.840e+01 5.267e-02 0.000e+00
3.850e+01 5.183e-02 0.000e+00
3.860e+01 7.451e-02 0.000e+00
3.870e+01 7.949e-02 0.000e+00
3.880e+01 5.734e-02 0.000e+00
3.890e+01 2.226e-02 0.000e+00
3.900e+01 6.979e-03 0.000e+00
3.910e+01 1.088e-02 0.000e+00
3.920e+01 2.051e-02 0.000e+00
3.930e+01 2.517e-02 0.000e+00
3.940e+01 1.462e-02 0.000e+00
3.950e+01 2.868e-02 0.000e+00
3.960e+01 2.792e-02 0.000e+00
3.970e+01 1.798e-02 0.000e+00
3.980e+01 8.288e-03 0.000e+00
3.990e+01 2.617e-03 0.000e+00
4.000e+01 1.023e-02 0.000e+00
4.010e+01 2.642e-02 0.000e+00
4.020e+01 4.399e-02 0.000e+00
4.030e+01 3.471e-02 0.000e+00
4.040e+01 2.242e-02 0.000e+00
4.050e+01 2.216e-02 0.000e+00
4.060e+01 2.405e-02 0.000e+00
4.070e+01 3.047e-02 0.000e+00
4.080e+01 2.130e-02 0.000e+00
4.090e+01 2.008e-02 0.000e+00
4.100e+01 1.769e-02 0.000e+00
4.110e+01 2.240e-02 0.000e+00
4.120e+01 2.769e-02 0.000e+00
4.130e+01 2.385e-02 0.000e+00
4.140e+01 1.428e-02 0.000e+00
4.150e+01 -3.126e-03 0.000e+00
4.160e+01 7.591e-03 0.000e+00
4.170e+01 1.572e-02 0.000e+00
4.180e+01 1.706e-02 0.000e+00
4.190e+01 1.247e-02 0.000e+00
4.200e+01 5.504e-03 0.000e+00
4.210e+01 7.603e-03 0.000e+00
4.220e+01 6.732e-03 0.000e+00
4.230e+01 3.100e-03 0.000e+00
4.240e+01 1.037e-02 0.000e+00
4.250e+01 -5.265e-03 0.000e+00
4.260e+01 -5.722e-03 0.000e+00
4.270e+01 1.338e-02 0.000e+00
4.280e+01 2.654e-02 0.000e+00
4.290e+01 3.882e-02 0.000e+00
4.300e+01 3.190e-02 0.000e+00
4.310e+01 1.280e-02 0.000e+00
4.320e+01 1.093e-02 0.000e+00
4.330e+01 2.227e-03 0.000e+00
4.340e+01 -1.223e-02 0.000e+00
4.350e+01 -3.000e-03 0.000e+00
4.360e+01 -6.201e-03 0.000e+00
4.370e+01 -1.086e-02 0.000e+00
4.380e+01 -1.953e-02 0.000e+00
4.390e+01 1.716e-03 0.000e+00
4.400e+01 -1.497e-03 0.000e+00
4.410e+01 1.877e-02 0.000e+00
4.420e+01 1.381e-02 0.000e+00
4.430e+01 3.006e-02 0.000e+00
4.440e+01 1.198e-02 0.000e+00
4.450e+01 1.668e-02 0.000e+00
4.460e+01 5.315e-02 0.000e+00
4.470e+01 6.687e-02 0.000e+00
4.480e+01 6.540e-02 0.000e+00
4.490e+01 5.441e-02 0.000e+00
4.500e+01 4.695e-02 0.000e+00
4.510e+01 2.674e-02 0.000e+00
4.520e+01 2.373e-02 0.000e+00
4.530e+01 5.264e-02 0.000e+00
4.540e+01 4.148e-02 0.000e+00
4.550e+01 3.886e-02 0.000e+00
4.560e+01 2.830e-02 0.000e+00
4.570e+01 4.369e-02 0.000e+00
4.580e+01 2.652e-02 0.000e+00
4.590e+01 4.375e-02 0.000e+00
4.600e+01 2.111e-02 0.000e+00
4.610e+01 2.238e-02 0.000e+00
4.620e+01 4.686e-02 0.000e+00
4.630e+01 5.687e-02 0.000e+00
4.640e+01 4.415e-02 0.000e+00
4.650e+01 4.135e-02 0.000e+00
4.660e+01 3.755e-02 0.000e+00
4.670e+01 2.754e-02 0.000e+00
4.680e+01 1.447e-02 0.000e+00
4.690e+01 3.237e-02 0.000e+00
4.700e+01 5.811e-02 0.000e+00
4.710e+01 3.438e-02 0.000e+00
4.720e+01 2.424e-03 0.000e+00
4.730e+01 -8.958e-03 0.000e+00
4.740e+01 1.772e-03 0.000e+00
4.750e+01 -4.505e-03 0.000e+00
4.760e+01 1.150e-02 0.000e+00
4.770e+01 4.031e-02 0.000e+00
4.780e+01 5.120e-02 0.000e+00
4.790e+01 4.320e-02 0.000e+00
4.800e+01 9.977e-03 0.000e+00
4.810e+01 9.442e-03 0.000e+00
4.820e+01 1.325e-02 0.000e+00
4.830e+01 9.401e-03 0.000e+00
4.840e+01 9.845e-04 0.000e+00
4.850e+01 1.280e-02 0.000e+00
4.860e+01 1.061e-02 0.000e+00
4.870e+01 2.101e-02 0.000e+00
4.880e+01 3.379e-02 0.000e+00
4.890e+01 2.905e-02 0.000e+00
4.900e+01 4.795e-02 0.000e+00
4.910e+01 3.129e-02 0.000e+00
4.920e+01 2.903e-02 0.000e+00
4.930e+01 2.104e-02 0.000e+00
4.940e+01 2.674e-03 0.000e+00
4.950e+01 1.440e-04 0.000e+00
4.960e+01 8.262e-03 0.000e+00
4.970e+01 1.206e-02 0.000e+00
4.980e+01 2.399e-02 0.000e+00
4.990e+01 3.063e-02 0.000e+00
5.000e+01 3.089e-02 0.000e+00
5.010e+01 1.768e-02 0.000e+00
5.020e+01 4.199e-02 0.000e+00
5.030e+01 5.916e-02 0.000e+00
5.040e+01 2.400e-02 0.000e+00
5.050e+01 3.373e-02 0.000e+00
5.060e+01 2.743e-02 0.000e+00
5.070e+01 3.274e-02 0.000e+00
5.080e+01 2.394e-02 0.000e+00
5.090e+01 3.369e-02 0.000e+00
5.100e+01 4.161e-02 0.000e+00
5.110e+01 3.236e-02 0.000e+00
5.120e+01 2.280e-02 0.000e+00
5.130e+01 2.299e-02 0.000e+00
5.140e+01 2.856e-02 0.000e+00
5.150e+01 2.235e-02 0.000e+00
5.160e+01 2.127e-02 0.000e+00
5.170e+01 2.436e-02 0.000e+00
5.180e+01 2.656e-02 0.000e+00
5.190e+01 2.394e-02 0.000e+00
5.200e+01 2.264e-02 0.000e+00
5.210e+01 2.325e-02 0.000e+00
5.220e+01 2.159e-02 0.000e+00
5.230e+01 2.859e-02 0.000e+00
5.240e+01 2.365e-02 0.000e+00
5.250e+01 8.563e-03 0.000e+00
5.260e+01 1.558e-02 0.000e+00
5.270e+01 1.891e-02 0.000e+00
5.280e+01 1.553e-02 0.000e+00
5.290e+01 2.681e-02 0.000e+00
5.300e+01 3.154e-02 0.000e+00
5.310e+01 3.410e-02 0.000e+00
5.320e+01 1.579e-02 0.000e+00
5.330e+01 1.454e-02 0.000e+00
5.340e+01 7.819e-03 0.000e+00
5.350e+01 1.025e-02 0.000e+00
5.360e+01 8.290e-03 0.000e+00
5.370e+01 2.781e-03 0.000e+00
5.380e+01 -6.204e-03 0.000e+00
5.390e+01 7.515e-03 0.000e+00
5.400e+01 3.725e-03 0.000e+00
5.410e+01 6.443e-03 0.000e+00
5.420e+01 9.105e-03 0.000e+00
5.430e+01 -4.204e-03 0.000e+00
5.440e+01 -1.712e-02 0.000e+00
5.450e+01 -7.376e-03 0.000e+00
5.460e+01 -1.181e-02 0.000e+00
5.470e+01 -1.962e-02 0.000e+00
5.480e+01 -7.141e-03 0.000e+00
5.490e+01 -6.241e-03 0.000e+00
5.500e+01 -5.970e-03 0.000e+00
5.510e+01 4.621e-03 0.000e+00
5.520e+01 4.492e-03 0.000e+00
5.530e+01 4.167e-03 0.000e+00
5.540e+01 1.059e-02 0.000e+00
5.550e+01 1.164e-02 0.000e+00
5.560e+01 1.525e-02 0.000e+00
5.570e+01 1.210e-02 0.000e+00
5.580e+01 7.700e-03 0.000e+00
5.590e+01 6.684e-03 0.000e+00
5.600e+01 1.092e-02 0.000e+00
5.610e+01 1.210e-02 0.000e+00
5.620e+01 1.344e-02 0.000e+00
5.630e+01 1.189e-02 0.000e+00
5.640e+01 1.388e-02 0.000e+00
5.650e+01 1.378e-02 0.000e+00
5.660e+01 1.473e-02 0.000e+00
5.670e+01 1.406e-02 0.000e+00
5.680e+01 1.175e-02 0.000e+00
5.690e+01 1.223e-02 0.000e+00
5.700e+01 1.343e-02 0.000e+00
5.710e+01 1.379e-02 0.000e+00
5.720e+01 1.736e-02 0.000e+00
5.730e+01 2.170e-02 0.000e+00
5.740e+01 1.637e-02 0.000e+00
5.750e+01 2.073e-02 0.000e+00
5.760e+01 1.171e-02 0.000e+00
5.770e+01 5.701e-03 0.000e+00
5.780e+01 2.001e-03 0.000e+00
5.790e+01 -5.809e-03 0.000e+00
5.800e+01 -6.712e-03 0.000e+00
5.810e+01 -9.099e-03 0.000e+00
5.820e+01 -1.523e-02 0.000e+00
5.830e+01 -7.645e-03 0.000e+00
5.840e+01 -1.587e-02 0.000e+00
5.850e+01 -9.961e-03 0.000e+00
5.860e+01 -1.206e-02 0.000e+00
5.870e+01 -5.813e-03 0.000e+00
5.880e+01 -6.529e-03 0.000e+00
5.890e+01 -9.571e-03 0.000e+00
5.900e+01 -5.546e-03 0.000e+00
5.910e+01 -8.848e-03 0.000e+00
5.920e+01 -9.992e-03 0.000e+00
5.930e+01 -1.810e-02 0.000e+00
5.940e+01 -1.952e-02 0.000e+00
5.950e+01 -4.119e-03 0.000e+00
5.960e+01 1.668e-03 0.000e+00
5.970e+01 2.468e-03 0.000e+00
5.980e+01 3.085e-03 0.000e+00
5.990e+01 2.565e-03 0.000e+00
6.000e+01 -5.622e-03 0.000e+00
6.010e+01 -1.214e-02 0.000e+00
6.020e+01 -9.663e-03 0.000e+00
6.030e+01 -7.319e-03 0.000e+00
6.040e+01 -9.815e-04 0.000e+00
6.050e+01 1.151e-03 0.000e+00
6.060e+01 1.454e-03 0.000e+00
6.070e+01 7.916e-03 0.000e+00
6.080e+01 1.066e-02 0.000e+00
6.090e+01 1.453e-02 0.000e+00
6.100e+01 6.188e-03 0.000e+00
6.110e+01 7.033e-03 0.000e+00
6.120e+01 5.715e-03 0.000e+00
6.130e+01 2.779e-03 0.000e+00
6.140e+01 1.623e-03 0.000e+00
6.150e+01 4.448e-03 0.000e+00
6.160e+01 1.159e-02 0.000e+00
6.170e+01 8.875e-03 0.000e+00
6.180e+01 3.873e-03 0.000e+00
6.190e+01 -2.570e-04 0.000e+00
6.200e+01 -4.105e-03 0.000e+00
6.210e+01 -7.726e-03 0.000e+00
6.220e+01 -8.692e-03 0.000e+00
6.230e+01 -1.120e-02 0.000e+00
6.240e+01 -1.235e-02 0.000e+00
6.250e+01 -7.831e-03 0.000e+00
6.260e+01 -9.731e-03 0.000e+00
6.270e+01 -9.067e-03 0.000e+00
6.280e+01 -1.635e-02 0.000e+00
6.290e+01 -1.593e-02 0.000e+00
6.300e+01 -1.369e-02 0.000e+00
6.310e+01 -7.620e-03 0.000e+00
6.320e+01 -1.901e-02 0.000e+00
6.330e+01 -1.349e-02 0.000e+00
6.340e+01 -1.371e-02 0.000e+00
6.350e+01 -1.849e-02 0.000e+00
6.360e+01 -3.091e-02 0.000e+00
6.370e+01 -2.319e-02 0.000e+00
6.380e+01 -2.545e-02 0.000e+00
6.390e+01 -2.132e-02 0.000e+00
6.400e+01 -1.956e-02 0.000e+00
6.410e+01 -2.180e-02 0.000e+00
6.420e+01 -7.700e-03 0.000e+00
6.430e+01 -1.011e-02 0.000e+00
6.440e+01 -9.322e-03 0.000e+00
6.450e+01 -1.308e-02 0.000e+00
6.460e+01 -1.408e-02 0.000e+00
6.470e+01 -8.887e-03 0.000e+00
6.480e+01 -9.481e-03 0.000e+00
6.490e+01 -9.155e-03 0.000e+00
6.500e+01 -4.783e-03 0.000e+00
6.510e+01 -7.796e-03 0.000e+00
6.520e+01 -8.121e-04 0.000e+00
6.530e+01 -1.826e-03 0.000e+00
6.540e+01 -3.100e-03 0.000e+00
6.550e+01 -2.957e-03 0.000e+00
6.560e+01 -3.305e-03 0.000e+00
6.570e+01 -5.250e-03 0.000e+00
6.580e+01 -6.160e-03 0.000e+00
6.590e+01 -5.440e-04 0.000e+00
6.600e+01 2.587e-03 0.000e+00
6.610e+01 -4.632e-03 0.000e+00
6.620e+01 -9.488e-04 0.000e+00
6.630e+01 -6.580e-04 0.000e+00
6.640e+01 2.768e-03 0.000e+00
6.650e+01 4.458e-03 0.000e+00
6.660e+01 3.879e-03 0.000e+00
6.670e+01 4.722e-03 0.000e+00
6.680e+01 7.208e-03 0.000e+00
6.690e+01 1.246e-02 0.000e+00
6.700e+01 8.587e-03 0.000e+00
6.710e+01 1.456e-02 0.000e+00
6.720e+01 8.193e-03 0.000e+00
6.730e+01 5.163e-03 0.000e+00
6.740e+01 2.451e-03 0.000e+00
6.750e+01 2.467e-03 0.000e+00
6.760e+01 2.972e-03 0.000e+00
6.770e+01 6.276e-03 0.000e+00
6.780e+01 7.505e-03 0.000e+00
6.790e+01 8.442e-04 0.000e+00
6.800e+01 4.696e-03 0.000e+00
6.810e+01 5.341e-03 0.000e+00
6.820e+01 7.153e-03 0.000e+00
6.830e+01 7.177e-03 0.000e+00
6.840e+01 7.321e-03 0.000e+00
6.850e+01 8.320e-03 0.000e+00
6.860e+01 1.153e-02 0.000e+00
6.870e+01 8.559e-03 0.000e+00
6.880e+01 8.108e-03 0.000e+00
6.890e+01 9.770e-03 0.000e+00
6.900e+01 1.018e-02 0.000e+00
6.910e+01 9.430e-03 0.000e+00
6.920e+01 1.074e-02 0.000e+00
6.930e+01 1.239e-02 0.000e+00
6.940e+01 1.123e-02 0.000e+00
6.950e+01 1.462e-02 0.000e+00
6.960e+01 1.318e-02 0.000e+00
6.970e+01 4.766e-03 0.000e+00
6.980e+01 5.086e-03 0.000e+00
6.990e+01 5.007e-03 0.000e+00
7.000e+01 8.702e-03 0.000e+00
7.010e+01 5.454e-03 0.000e+00
7.020e+01 8.771e-03 0.000e+00
7.030e+01 7.914e-03 0.000e+00
7.040e+01 1.162e-02 0.000e+00
7.050e+01 8.258e-03 0.000e+00
7.060e+01 8.322e-03 0.000e+00
7.070e+01 8.547e-03 0.000e+00
7.080e+01 7.216e-03 0.000e+00
7.090e+01 8.668e-03 0.000e+00
7.100e+01 7.592e-03 0.000e+00
7.110e+01 1.113e-02 0.000e+00
7.120e+01 9.866e-03 0.000e+00
7.130e+01 1.157e-02 0.000e+00
7.140e+01 9.001e-03 0.000e+00
7.150e+01 1.108e-02 0.000e+00
7.160e+01 1.150e-02 0.000e+00
7.170e+01 8.169e-03 0.000e+00
7.180e+01 7.955e-03 0.000e+00
7.190e+01 1.229e-02 0.000e+00
7.200e+01 6.667e-03 0.000e+00
7.210e+01 9.991e-03 0.000e+00
7.220e+01 1.011e-02 0.000e+00
7.230e+01 8.976e-03 0.000e+00
7.240e+01 1.346e-02 0.000e+00
7.250e+01 1.577e-02 0.000e+00
7.260e+01 1.528e-02 0.000e+00
7.270e+01 1.853e-02 0.000e+00
7.280e+01 1.507e-02 0.000e+00
7.290e+01 1.720e-02 0.000e+00
7.300e+01 1.524e-02 0.000e+00
7.310e+01 1.490e-02 0.000e+00
7.320e+01 1.312e-02 0.000e+00
7.330e+01 1.390e-02 0.000e+00
7.340e+01 1.760e-02 0.000e+00
7.350e+01 1.672e-02 0.000e+00
7.360e+01 1.147e-02 0.000e+00
7.370e+01 9.305e-03 0.000e+00
7.380e+01 9.299e-03 0.000e+00
7.390e+01 6.945e-03 0.000e+00
7.400e+01 8.075e-03 0.000e+00
7.410e+01 9.841e-03 0.000e+00
7.420e+01 1.105e-02 0.000e+00
7.430e+01 9.431e-03 0.000e+00
7.440e+01 1.289e-02 0.000e+00
7.450e+01 1.642e-02 0.000e+00
7.460e+01 1.818e-02 0.000e+00
7.470e+01 1.471e-02 0.000e+00
7.480e+01 1.273e-02 0.000e+00
7.490e+01 1.037e-02 0.000e+00
7.500e+01 1.258e-02 0.000e+00
7.510e+01 8.765e-03 0.000e+00
7.520e+01 1.151e-02 0.000e+00
7.530e+01 1.235e-02 0.000e+00
7.540e+01 1.007e-02 0.000e+00
7.550e+01 1.117e-02 0.000e+00
7.560e+01 1.210e-02 0.000e+00
7.570e+01 1.080e-02 0.000e+00
7.580e+01 1.416e-02 0.000e+00
7.590e+01 1.355e-02 0.000e+00
7.600e+01 1.311e-02 0.000e+00
7.610e+01 1.324e-02 0.000e+00
7.620e+01 1.338e-02 0.000e+00
7.630e+01 1.014e-02 0.000e+00
7.640e+01 8.217e-03 0.000e+00
7.650e+01 1.189e-02 0.000e+00
7.660e+01 1.184e-02 0.000e+00
7.670e+01 1.395e-02 0.000e+00
7.680e+01 1.795e-02 0.000e+00
7.690e+01 1.878e-02 0.000e+00
7.700e+01 1.510e-02 0.000e+00
7.710e+01 1.588e-02 0.000e+00
7.720e+01 1.282e-02 0.000e+00
7.730e+01 1.394e-02 0.000e+00
7.740e+01 1.310e-02 0.000e+00
7.750e+01 1.395e-02 0.000e+00
7.760e+01 1.695e-02 0.000e+00
7.770e+01 1.467e-02 0.000e+00
7.780e+01 8.339e-03 0.000e+00
7.790e+01 7.760e-03 0.000e+00
7.800e+01 8.189e-03 0.000e+00
7.810e+01 8.393e-03 0.000e+00
7.820e+01 1.393e-02 0.000e+00
7.830e+01 1.536e-02 0.000e+00
7.840e+01 1.933e-02 0.000e+00
7.850e+01 9.343e-03 0.000e+00
7.860e+01 9.970e-03 0.000e+00
7.870e+01 1.138e-02 0.000e+00
7.880e+01 1.196e-02 0.000e+00
7.890e+01 1.448e-02 0.000e+00
7.900e+01 1.689e-02 0.000e+00
7.910e+01 1.453e-02 0.000e+00
7.920e+01 1.038e-02 0.000e+00
7.930e+01 8.146e-03 0.000e+00
7.940e+01 4.055e-03 0.000e+00
7.950e+01 6.443e-03 0.000e+00
7.960e+01 8.577e-03 0.000e+00
7.970e+01 6.697e-03 0.000e+00
7.980e+01 5.830e-03 0.000e+00
7.990e+01 8.062e-03 0.000e+00
8.000e+01 1.194e-02 0.000e+00
8.010e+01 9.697e-03 0.000e+00
8.020e+01 1.227e-02 0.000e+00
8.030e+01 1.211e-02 0.000e+00
8.040e+01 1.181e-02 0.000e+00
8.050e+01 1.222e-02 0.000e+00
8.060e+01 9.748e-03 0.000e+00
8.070e+01 7.279e-03 0.000e+00
8.080e+01 8.857e-03 0.000e+00
8.090e+01 8.724e-03 0.000e+00
8.100e+01 9.989e-03 0.000e+00
8.110e+01 8.890e-03 0.000e+00
8.120e+01 1.185e-02 0.000e+00
8.130e+01 4.961e-03 0.000e+00
8.140e+01 5.888e-03 0.000e+00
8.150e+01 1.767e-03 0.000e+00
8.160e+01 1.745e-03 0.000e+00
8.170e+01 8.199e-03 0.000e+00
8.180e+01 7.534e-03 0.000e+00
8.190e+01 4.001e-03 0.000e+00
8.200e+01 1.112e-03 0.000e+00
8.210e+01 6.959e-04 0.000e+00
8.220e+01 2.675e-03 0.000e+00
8.230e+01 5.788e-03 0.000e+00
8.240e+01 7.338e-03 0.000e+00
8.250e+01 9.879e-03 0.000e+00
8.260e+01 5.395e-03 0.000e+00
8.270e+01 -9.900e-04 0.000e+00
8.280e+01 -9.178e-04 0.000e+00
8.290e+01 1.475e-03 0.000e+00
8.300e+01 4.328e-03 0.000e+00
8.310e+01 7.172e-03 0.000e+00
8.320e+01 7.924e-03 0.000e+00
8.330e+01 7.462e-03 0.000e+00
8.340e+01 3.572e-03 0.000e+00
8.350e+01 7.599e-03 0.000e+00
8.360e+01 8.106e-03 0.000e+00
8.370e+01 5.334e-03 0.000e+00
8.380e+01 3.785e-03 0.000e+00
8.390e+01 8.266e-03 0.000e+00
8.400e+01 6.104e-03 0.000e+00
8.410e+01 7.605e-03 0.000e+00
8.420e+01 7.618e-03 0.000e+00
8.430e+01 8.572e-03 0.000e+00
8.440e+01 7.542e-03 0.000e+00
8.450e+01 6.052e-03 0.000e+00
8.460e+01 5.260e-03 0.000e+00
8.470e+01 2.736e-03 0.000e+00
8.480e+01 8.041e-03 0.000e+00
8.490e+01 6.172e-03 0.000e+00
8.500e+01 6.618e-03 0.000e+00
8.510e+01 7.586e-03 0.000e+00
8.520e+01 6.610e-03 0.000e+00
8.530e+01 3.651e-03 0.000e+00
8.540e+01 2.219e-03 0.000e+00
8.550e+01 2.203e-03 0.000e+00
8.560e+01 -5.083e-04 0.000e+00
8.570e+01 1.541e-04 0.000e+00
8.580e+01 4.782e-03 0.000e+00
8.590e+01 7.864e-03 0.000e+00
8.600e+01 7.396e-03 0.000e+00
8.610e+01 8.528e-03 0.000e+00
8.620e+01 8.273e-03 0.000e+00
8.630e+01 9.179e-03 0.000e+00
8.640e+01 9.631e-03 0.000e+00
8.650e+01 7.635e-03 0.000e+00
8.660e+01 5.597e-03 0.000e+00
8.670e+01 4.477e-03 0.000e+00
8.680e+01 2.366e-03 0.000e+00
8.690e+01 4.971e-03 0.000e+00
8.700e+01 4.836e-03 0.000e+00
8.710e+01 -2.151e-03 0.000e+00
8.720e+01 -2.785e-03 0.000e+00
8.730e+01 2.352e-03 0.000e+00
8.740e+01 -1.235e-04 0.000e+00
8.750e+01 1.508e-04 0.000e+00
8.760e+01 -1.891e-03 0.000e+00
8.770e+01 -4.590e-03 0.000e+00
8.780e+01 -5.038e-03 0.000e+00
8.790e+01 -8.678e-03 0.000e+00
8.800e+01 -7.765e-03 0.000e+00
8.810e+01 -8.584e-03 0.000e+00
8.820e+01 -1.062e-02 0.000e+00
8.830e+01 -9.785e-03 0.000e+00
8.840e+01 -7.343e-03 0.000e+00
8.850e+01 -3.260e-03 0.000e+00
8.860e+01 -6.489e-03 0.000e+00
8.870e+01 -2.237e-03 0.000e+00
8.880e+01 -5.944e-03 0.000e+00
8.890e+01 -4.755e-03 0.000e+00
8.900e+01 -8.167e-04 0.000e+00
8.910e+01 9.217e-04 0.000e+00
8.920e+01 5.361e-04 0.000e+00
8.930e+01 -1.762e-03 0.000e+00
8.940e+01 -1.878e-03 0.000e+00
8.950e+01 -8.087e-05 0.000e+00
8.960e+01 1.899e-03 0.000e+00
8.970e+01 1.022e-03 0.000e+00
8.980e+01 2.922e-03 0.000e+00
8.990e+01 1.023e-03 0.000e+00
9.000e+01 8.542e-05 0.000e+00
9.010e+01 1.350e-04 0.000e+00
9.020e+01 -1.241e-03 0.000e+00
9.030e+01 -1.044e-04 0.000e+00
9.040e+01 1.648e-05 0.000e+00
9.050e+01 -9.354e-04 0.000e+00
9.060e+01 -1.904e-03 0.000e+00
9.070e+01 -6.936e-04 0.000e+00
9.080e+01 -3.174e-04 0.000e+00
9.090e+01 1.804e-04 0.000e+00
9.100e+01 5.963e-04 0.000e+00
9.110e+01 2.140e-04 0.000e+00
9.120e+01 5.677e-05 0.000e+00
9.130e+01 1.386e-04 0.000e+00
9.140e+01 2.836e-03 0.000e+00
9.150e+01 3.120e-03 0.000e+00
9.160e+01 2.562e-03 0.000e+00
9.170e+01 2.226e-03 0.000e+00
9.180e+01 3.016e-03 0.000e+00
9.190e+01 5.417e-03 0.000e+00
9.200e+01 5.570e-03 0.000e+00
9.210e+01 6.680e-03 0.000e+00
9.220e+01 6.592e-03 0.000e+00
9.230e+01 6.222e-03 0.000e+00
9.240e+01 2.641e-03 0.000e+00
9.250e+01 2.262e-03 0.000e+00
9.260e+01 1.542e-03 0.000e+00
9.270e+01 1.263e-03 0.000e+00
9.280e+01 2.280e-03 0.000e+00
9.290e+01 4.303e-03 0.000e+00
9.300e+01 2.748e-03 0.000e+00
9.310e+01 1.206e-03 0.000e+00
9.320e+01 9.334e-04 0.000e+00
9.330e+01 1.620e-03 0.000e+00
9.340e+01 4.623e-03 0.000e+00
9.350e+01 2.400e-03 0.000e+00
9.360e+01 2.714e-03 0.000e+00
9.370e+01 4.951e-03 0.000e+00
9.380e+01 4.987e-04 0.000e+00
9.390e+01 3.307e-03 0.000e+00
9.400e+01 1.205e-03 0.000e+00
9.410e+01 3.878e-03 0.000e+00
9.420e+01 6.575e-03 0.000e+00
9.430e+01 6.549e-03 0.000e+00
9.440e+01 5.571e-03 0.000e+00
9.450e+01 4.687e-04 0.000e+00
9.460e+01 7.836e-03 0.000e+00
9.470e+01 3.016e-03 0.000e+00
9.480e+01 2.723e-03 0.000e+00
9.490e+01 3.286e-03 0.000e+00
9.500e+01 1.080e-03 0.000e+00
9.510e+01 6.171e-04 0.000e+00
9.520e+01 7.402e-05 0.000e+00
9.530e+01 2.696e-03 0.000e+00
9.540e+01 2.545e-03 0.000e+00
9.550e+01 1.665e-03 0.000e+00
9.560e+01 2.241e-03 0.000e+00
9.570e+01 3.746e-03 0.000e+00
9.580e+01 2.794e-03 0.000e+00
9.590e+01 1.179e-03 0.000e+00
9.600e+01 2.924e-03 0.000e+00
9.610e+01 3.645e-03 0.000e+00
9.620e+01 2.515e-03 0.000e+00
9.630e+01 6.295e-03 0.000e+00
9.640e+01 7.659e-03 0.000e+00
9.650e+01 8.587e-03 0.000e+00
9.660e+01 5.813e-03 0.000e+00
9.670e+01 5.359e-03 0.000e+00
9.680e+01 3.748e-03 0.000e+00
9.690e+01 6.808e-03 0.000e+00
9.700e+01 7.273e-03 0.000e+00
9.710e+01 7.553e-03 0.000e+00
9.720e+01 6.429e-03 0.000e+00
9.730e+01 4.457e-03 0.000e+00
9.740e+01 5.142e-03 0.000e+00
9.750e+01 3.221e-03 0.000e+00
9.760e+01 7.021e-03 0.000e+00
9.770e+01 7.280e-03 0.000e+00
9.780e+01 5.449e-03 0.000e+00
9.790e+01 3.220e-03 0.000e+00
9.800e+01 2.159e-03 0.000e+00
9.810e+01 1.150e-03 0.000e+00
9.820e+01 1.991e-03 0.000e+00
9.830e+01 3.702e-03 0.000e+00
9.840e+01 3.325e-03 0.000e+00
9.850e+01 3.242e-03 0.000e+00
9.860e+01 4.269e-03 0.000e+00
9.870e+01 3.198e-03 0.000e+00
9.880e+01 2.270e-03 0.000e+00
9.890e+01 2.188e-03 0.000e+00
9.900e+01 5.907e-03 0.000e+00
9.910e+01 3.536e-03 0.000e+00
9.920e+01 4.315e-03 0.000e+00
9.930e+01 1.304e-03 0.000e+00
9.940e+01 1.847e-03 0.000e+00
9.950e+01 2.550e-03 0.000e+00
9.960e+01 3.108e-03 0.000e+00
9.970e+01 3.383e-03 0.000e+00
9.980e+01 5.216e-03 0.000e+00
9.990e+01 1.467e-02 0.000e+00
