# Frequency (1.0/ps)      real(fft(F_0))
0.000e+00 2.104e+02
1.000e-02 4.845e+01
2.000e-02 3.013e+01
3.000e-02 4.911e+00
4.000e-02 -2.118e+00
5.000e-02 1.957e+00
6.000e-02 -2.362e-01
7.000e-02 5.834e+00
8.000e-02 3.385e+00
9.000e-02 9.207e-01
1.000e-01 1.574e+00
1.100e-01 -1.793e+00
1.200e-01 -4.055e-02
1.300e-01 -2.784e+00
1.400e-01 4.465e+00
1.500e-01 3.478e+00
1.600e-01 2.265e+00
1.700e-01 2.789e+00
1.800e-01 1.623e+00
1.900e-01 1.272e+00
2.000e-01 1.084e+00
2.100e-01 1.475e+00
2.200e-01 3.190e+00
2.300e-01 4.401e+00
2.400e-01 1.461e+00
2.500e-01 2.110e+00
2.600e-01 1.677e+00
2.700e-01 1.575e-01
2.800e-01 1.305e+00
2.900e-01 1.127e+00
3.000e-01 2.710e+00
3.100e-01 1.542e+00
3.200e-01 3.387e-01
3.300e-01 1.894e-01
3.400e-01 7.234e-01
3.500e-01 2.179e-01
3.600e-01 8.212e-01
3.700e-01 1.684e+00
3.800e-01 2.003e+00
3.900e-01 1.291e+00
4.000e-01 3.446e-02
4.100e-01 9.761e-01
4.200e-01 1.396e+00
4.300e-01 4.093e-01
4.400e-01 4.547e-01
4.500e-01 9.041e-03
4.600e-01 -2.847e-03
4.700e-01 -9.181e-02
4.800e-01 1.191e+00
4.900e-01 2.221e-01
5.000e-01 1.540e+00
5.100e-01 1.206e+00
5.200e-01 9.966e-01
5.300e-01 7.684e-01
5.400e-01 3.137e-01
5.500e-01 -4.733e-01
5.600e-01 1.892e+00
5.700e-01 -7.891e-01
5.800e-01 1.966e+00
5.900e-01 9.471e-01
6.000e-01 6.980e-01
6.100e-01 1.240e+00
6.200e-01 3.921e-01
6.300e-01 7.130e-01
6.400e-01 1.749e+00
6.500e-01 1.069e+00
6.600e-01 7.029e-01
6.700e-01 -3.513e-01
6.800e-01 7.636e-02
6.900e-01 3.302e-01
7.000e-01 1.595e+00
7.100e-01 6.017e-01
7.200e-01 1.453e+00
7.300e-01 7.580e-01
7.400e-01 2.501e-01
7.500e-01 1.439e+00
7.600e-01 1.567e+00
7.700e-01 8.367e-01
7.800e-01 8.089e-01
7.900e-01 -9.093e-02
8.000e-01 4.797e-01
8.100e-01 2.213e-01
8.200e-01 4.473e-01
8.300e-01 -7.618e-01
8.400e-01 7.983e-01
8.500e-01 8.661e-01
8.600e-01 5.672e-01
8.700e-01 7.732e-01
8.800e-01 3.448e-01
8.900e-01 3.853e-01
9.000e-01 -7.894e-02
9.100e-01 1.106e+00
9.200e-01 5.797e-01
9.300e-01 9.226e-01
9.400e-01 3.076e-01
9.500e-01 3.210e-01
9.600e-01 2.197e-01
9.700e-01 1.046e-01
9.800e-01 1.082e-01
9.900e-01 4.236e-02
1.000e+00 8.549e-01
1.010e+00 7.992e-01
1.020e+00 8.962e-01
1.030e+00 1.260e-01
1.040e+00 6.880e-01
1.050e+00 5.334e-01
1.060e+00 7.374e-01
1.070e+00 -2.360e-01
1.080e+00 8.983e-02
1.090e+00 7.982e-01
1.100e+00 1.517e+00
1.110e+00 1.007e+00
1.120e+00 5.119e-01
1.130e+00 -8.078e-01
1.140e+00 4.056e-01
1.150e+00 -1.053e-01
1.160e+00 6.757e-02
1.170e+00 -9.475e-01
1.180e+00 -1.232e-01
1.190e+00 -5.849e-02
1.200e+00 9.054e-01
1.210e+00 -2.427e-01
1.220e+00 6.722e-01
1.230e+00 -2.695e-01
1.240e+00 1.952e-01
1.250e+00 3.806e-01
1.260e+00 4.133e-01
1.270e+00 3.457e-01
1.280e+00 1.647e-01
1.290e+00 6.421e-01
1.300e+00 -1.856e-01
1.310e+00 -1.423e-01
1.320e+00 3.105e-01
1.330e+00 -1.589e-01
1.340e+00 -3.239e-01
1.350e+00 4.611e-01
1.360e+00 7.134e-01
1.370e+00 1.527e+00
1.380e+00 4.736e-01
1.390e+00 1.494e+00
1.400e+00 -1.208e-01
1.410e+00 1.174e+00
1.420e+00 1.484e+00
1.430e+00 5.536e-01
1.440e+00 1.460e+00
1.450e+00 9.148e-01
1.460e+00 6.040e-01
1.470e+00 -9.273e-02
1.480e+00 4.678e-01
1.490e+00 2.336e-01
1.500e+00 -2.264e-01
1.510e+00 5.118e-01
1.520e+00 -8.972e-02
1.530e+00 1.198e-01
1.540e+00 1.620e+00
1.550e+00 9.470e-01
1.560e+00 7.063e-01
1.570e+00 5.871e-01
1.580e+00 -8.785e-02
1.590e+00 2.930e-01
1.600e+00 9.104e-01
1.610e+00 4.076e-01
1.620e+00 8.617e-01
1.630e+00 1.366e+00
1.640e+00 1.144e+00
1.650e+00 1.039e+00
1.660e+00 -7.030e-02
1.670e+00 5.534e-01
1.680e+00 6.355e-01
1.690e+00 5.598e-01
1.700e+00 4.887e-01
1.710e+00 3.930e-01
1.720e+00 3.929e-01
1.730e+00 6.072e-01
1.740e+00 1.601e+00
1.750e+00 1.198e+00
1.760e+00 2.236e-01
1.770e+00 1.245e+00
1.780e+00 3.230e-01
1.790e+00 8.280e-01
1.800e+00 1.224e+00
1.810e+00 4.765e-01
1.820e+00 3.933e-01
1.830e+00 2.134e-01
1.840e+00 5.460e-01
1.850e+00 2.002e-02
1.860e+00 6.142e-01
1.870e+00 6.370e-01
1.880e+00 3.247e-01
1.890e+00 6.139e-01
1.900e+00 5.424e-01
1.910e+00 1.057e+00
1.920e+00 5.186e-01
1.930e+00 1.024e+00
1.940e+00 -1.913e-01
1.950e+00 7.968e-01
1.960e+00 3.671e-01
1.970e+00 3.750e-01
1.980e+00 7.462e-01
1.990e+00 6.482e-01
2.000e+00 5.935e-01
2.010e+00 2.331e-01
2.020e+00 7.258e-01
2.030e+00 3.956e-01
2.040e+00 6.643e-01
2.050e+00 1.059e+00
2.060e+00 3.873e-01
2.070e+00 5.643e-01
2.080e+00 6.876e-01
2.090e+00 7.677e-01
2.100e+00 8.585e-01
2.110e+00 8.075e-01
2.120e+00 5.809e-01
2.130e+00 3.080e-01
2.140e+00 6.542e-01
2.150e+00 5.387e-01
2.160e+00 9.038e-01
2.170e+00 9.696e-01
2.180e+00 1.145e+00
2.190e+00 8.609e-01
2.200e+00 1.289e+00
2.210e+00 5.117e-01
2.220e+00 6.285e-01
2.230e+00 8.971e-01
2.240e+00 8.586e-01
2.250e+00 9.457e-01
2.260e+00 9.598e-01
2.270e+00 4.533e-01
2.280e+00 4.155e-01
2.290e+00 2.294e-01
2.300e+00 1.676e-01
2.310e+00 7.731e-01
2.320e+00 1.029e+00
2.330e+00 1.114e+00
2.340e+00 2.015e-01
2.350e+00 4.160e-01
2.360e+00 1.661e-01
2.370e+00 6.483e-01
2.380e+00 6.739e-01
2.390e+00 8.723e-01
2.400e+00 8.454e-01
2.410e+00 6.373e-01
2.420e+00 5.935e-01
2.430e+00 7.263e-01
2.440e+00 8.869e-01
2.450e+00 6.806e-01
2.460e+00 3.977e-01
2.470e+00 9.385e-01
2.480e+00 6.094e-01
2.490e+00 4.768e-01
2.500e+00 8.167e-01
2.510e+00 1.028e+00
2.520e+00 6.839e-01
2.530e+00 6.813e-01
2.540e+00 6.232e-01
2.550e+00 1.840e-01
2.560e+00 1.165e+00
2.570e+00 4.368e-01
2.580e+00 3.821e-01
2.590e+00 8.525e-01
2.600e+00 4.889e-01
2.610e+00 6.993e-01
2.620e+00 9.339e-01
2.630e+00 5.464e-01
2.640e+00 9.557e-01
2.650e+00 6.315e-01
2.660e+00 6.418e-01
2.670e+00 4.277e-01
2.680e+00 3.616e-01
2.690e+00 4.704e-01
2.700e+00 9.284e-01
2.710e+00 2.757e-01
2.720e+00 5.288e-01
2.730e+00 1.905e-01
2.740e+00 6.892e-01
2.750e+00 8.092e-01
2.760e+00 3.759e-01
2.770e+00 5.315e-01
2.780e+00 2.339e-01
2.790e+00 4.852e-01
2.800e+00 3.278e-01
2.810e+00 1.726e-01
2.820e+00 6.134e-01
2.830e+00 6.120e-01
2.840e+00 2.798e-01
2.850e+00 6.454e-01
2.860e+00 2.589e-01
2.870e+00 4.098e-01
2.880e+00 5.790e-01
2.890e+00 5.907e-01
2.900e+00 1.280e+00
2.910e+00 6.459e-01
2.920e+00 7.419e-01
2.930e+00 8.782e-01
2.940e+00 4.622e-01
2.950e+00 6.670e-01
2.960e+00 7.773e-01
2.970e+00 5.954e-01
2.980e+00 6.804e-01
2.990e+00 5.842e-01
3.000e+00 4.503e-01
3.010e+00 6.604e-01
3.020e+00 7.282e-01
3.030e+00 8.133e-01
3.040e+00 5.539e-01
3.050e+00 7.996e-01
3.060e+00 2.261e-01
3.070e+00 6.989e-01
3.080e+00 6.658e-01
3.090e+00 4.402e-01
3.100e+00 7.880e-01
3.110e+00 9.185e-01
3.120e+00 7.979e-01
3.130e+00 8.413e-01
3.140e+00 7.235e-02
3.150e+00 3.774e-01
3.160e+00 5.516e-01
3.170e+00 1.120e+00
3.180e+00 8.575e-01
3.190e+00 4.809e-01
3.200e+00 1.206e-01
3.210e+00 4.785e-01
3.220e+00 6.711e-01
3.230e+00 5.859e-01
3.240e+00 8.978e-01
3.250e+00 7.720e-01
3.260e+00 4.494e-01
3.270e+00 1.103e+00
3.280e+00 1.070e+00
3.290e+00 4.593e-01
3.300e+00 1.020e+00
3.310e+00 5.790e-01
3.320e+00 7.111e-01
3.330e+00 3.296e-01
3.340e+00 6.214e-01
3.350e+00 4.593e-01
3.360e+00 4.573e-01
3.370e+00 6.278e-01
3.380e+00 4.285e-01
3.390e+00 3.527e-01
3.400e+00 5.331e-01
3.410e+00 4.367e-01
3.420e+00 7.456e-01
3.430e+00 7.219e-01
3.440e+00 2.181e-01
3.450e+00 6.786e-01
3.460e+00 5.419e-01
3.470e+00 6.085e-01
3.480e+00 5.163e-01
3.490e+00 6.633e-01
3.500e+00 9.292e-01
3.510e+00 8.391e-01
3.520e+00 8.715e-01
3.530e+00 8.137e-01
3.540e+00 6.387e-01
3.550e+00 5.008e-01
3.560e+00 2.754e-01
3.570e+00 6.588e-01
3.580e+00 4.156e-01
3.590e+00 7.656e-01
3.600e+00 -1.780e-03
3.610e+00 4.380e-01
3.620e+00 2.109e-01
3.630e+00 -1.498e-02
3.640e+00 3.659e-01
3.650e+00 3.819e-01
3.660e+00 7.318e-01
3.670e+00 6.790e-01
3.680e+00 5.692e-01
3.690e+00 2.602e-01
3.700e+00 5.332e-01
3.710e+00 7.980e-01
3.720e+00 6.830e-01
3.730e+00 6.105e-01
3.740e+00 6.214e-01
3.750e+00 6.305e-01
3.760e+00 9.385e-01
3.770e+00 6.257e-01
3.780e+00 7.560e-01
3.790e+00 5.886e-01
3.800e+00 3.022e-01
3.810e+00 4.998e-01
3.820e+00 8.968e-01
3.830e+00 1.128e+00
3.840e+00 4.000e-01
3.850e+00 3.408e-01
3.860e+00 8.313e-01
3.870e+00 1.595e-01
3.880e+00 5.743e-01
3.890e+00 4.881e-01
3.900e+00 1.278e+00
3.910e+00 7.358e-01
3.920e+00 6.534e-01
3.930e+00 5.871e-01
3.940e+00 1.557e-01
3.950e+00 -6.440e-02
3.960e+00 1.392e-02
3.970e+00 7.181e-01
3.980e+00 5.812e-01
3.990e+00 4.559e-01
4.000e+00 5.801e-01
4.010e+00 4.597e-01
4.020e+00 6.704e-01
4.030e+00 -4.484e-02
4.040e+00 4.963e-01
4.050e+00 4.526e-01
4.060e+00 2.439e-01
4.070e+00 3.074e-01
4.080e+00 8.310e-01
4.090e+00 6.601e-01
4.100e+00 2.857e-01
4.110e+00 5.622e-01
4.120e+00 6.043e-01
4.130e+00 3.363e-01
4.140e+00 1.495e-01
4.150e+00 2.354e-01
4.160e+00 2.582e-01
4.170e+00 -2.994e-01
4.180e+00 2.960e-01
4.190e+00 5.755e-01
4.200e+00 5.735e-01
4.210e+00 7.924e-01
4.220e+00 8.648e-01
4.230e+00 7.876e-01
4.240e+00 3.536e-01
4.250e+00 7.063e-01
4.260e+00 5.283e-01
4.270e+00 6.969e-01
4.280e+00 5.016e-01
4.290e+00 6.171e-01
4.300e+00 7.158e-01
4.310e+00 4.526e-01
4.320e+00 4.477e-01
4.330e+00 5.529e-01
4.340e+00 3.871e-01
4.350e+00 8.264e-01
4.360e+00 6.670e-01
4.370e+00 5.968e-01
4.380e+00 4.490e-01
4.390e+00 2.115e-01
4.400e+00 2.780e-01
4.410e+00 4.490e-01
4.420e+00 4.980e-01
4.430e+00 1.042e+00
4.440e+00 5.718e-01
4.450e+00 5.668e-01
4.460e+00 5.127e-01
4.470e+00 8.139e-01
4.480e+00 7.486e-01
4.490e+00 4.002e-01
4.500e+00 4.853e-01
4.510e+00 4.010e-01
4.520e+00 6.629e-01
4.530e+00 2.515e-01
4.540e+00 8.107e-01
4.550e+00 4.921e-01
4.560e+00 5.190e-01
4.570e+00 3.366e-01
4.580e+00 7.220e-01
4.590e+00 6.310e-01
4.600e+00 7.738e-01
4.610e+00 4.059e-01
4.620e+00 7.090e-01
4.630e+00 7.620e-01
4.640e+00 2.283e-01
4.650e+00 3.137e-01
4.660e+00 3.670e-01
4.670e+00 5.475e-01
4.680e+00 6.337e-01
4.690e+00 6.465e-01
4.700e+00 5.735e-01
4.710e+00 5.689e-01
4.720e+00 9.663e-01
4.730e+00 9.069e-01
4.740e+00 1.951e-01
4.750e+00 4.697e-01
4.760e+00 6.387e-01
4.770e+00 3.112e-01
4.780e+00 3.494e-01
4.790e+00 3.675e-01
4.800e+00 1.457e-01
4.810e+00 6.716e-01
4.820e+00 3.930e-01
4.830e+00 3.694e-01
4.840e+00 4.845e-01
4.850e+00 1.041e-01
4.860e+00 4.768e-01
4.870e+00 6.982e-02
4.880e+00 2.474e-01
4.890e+00 3.168e-01
4.900e+00 6.957e-01
4.910e+00 8.317e-01
4.920e+00 4.401e-01
4.930e+00 2.807e-01
4.940e+00 4.871e-01
4.950e+00 5.398e-01
4.960e+00 8.070e-01
4.970e+00 3.880e-01
4.980e+00 1.323e-01
4.990e+00 1.852e-01
-5.000e+00 5.596e-01
-4.990e+00 1.852e-01
-4.980e+00 1.323e-01
-4.970e+00 3.880e-01
-4.960e+00 8.070e-01
-4.950e+00 5.398e-01
-4.940e+00 4.871e-01
-4.930e+00 2.807e-01
-4.920e+00 4.401e-01
-4.910e+00 8.317e-01
-4.900e+00 6.957e-01
-4.890e+00 3.168e-01
-4.880e+00 2.474e-01
-4.870e+00 6.982e-02
-4.860e+00 4.768e-01
-4.850e+00 1.041e-01
-4.840e+00 4.845e-01
-4.830e+00 3.694e-01
-4.820e+00 3.930e-01
-4.810e+00 6.716e-01
-4.800e+00 1.457e-01
-4.790e+00 3.675e-01
-4.780e+00 3.494e-01
-4.770e+00 3.112e-01
-4.760e+00 6.387e-01
-4.750e+00 4.697e-01
-4.740e+00 1.951e-01
-4.730e+00 9.069e-01
-4.720e+00 9.663e-01
-4.710e+00 5.689e-01
-4.700e+00 5.735e-01
-4.690e+00 6.465e-01
-4.680e+00 6.337e-01
-4.670e+00 5.475e-01
-4.660e+00 3.670e-01
-4.650e+00 3.137e-01
-4.640e+00 2.283e-01
-4.630e+00 7.620e-01
-4.620e+00 7.090e-01
-4.610e+00 4.059e-01
-4.600e+00 7.738e-01
-4.590e+00 6.310e-01
-4.580e+00 7.220e-01
-4.570e+00 3.366e-01
-4.560e+00 5.190e-01
-4.550e+00 4.921e-01
-4.540e+00 8.107e-01
-4.530e+00 2.515e-01
-4.520e+00 6.629e-01
-4.510e+00 4.010e-01
-4.500e+00 4.853e-01
-4.490e+00 4.002e-01
-4.480e+00 7.486e-01
-4.470e+00 8.139e-01
-4.460e+00 5.127e-01
-4.450e+00 5.668e-01
-4.440e+00 5.718e-01
-4.430e+00 1.042e+00
-4.420e+00 4.980e-01
-4.410e+00 4.490e-01
-4.400e+00 2.780e-01
-4.390e+00 2.115e-01
-4.380e+00 4.490e-01
-4.370e+00 5.968e-01
-4.360e+00 6.670e-01
-4.350e+00 8.264e-01
-4.340e+00 3.871e-01
-4.330e+00 5.529e-01
-4.320e+00 4.477e-01
-4.310e+00 4.526e-01
-4.300e+00 7.158e-01
-4.290e+00 6.171e-01
-4.280e+00 5.016e-01
-4.270e+00 6.969e-01
-4.260e+00 5.283e-01
-4.250e+00 7.063e-01
-4.240e+00 3.536e-01
-4.230e+00 7.876e-01
-4.220e+00 8.648e-01
-4.210e+00 7.924e-01
-4.200e+00 5.735e-01
-4.190e+00 5.755e-01
-4.180e+00 2.960e-01
-4.170e+00 -2.994e-01
-4.160e+00 2.582e-01
-4.150e+00 2.354e-01
-4.140e+00 1.495e-01
-4.130e+00 3.363e-01
-4.120e+00 6.043e-01
-4.110e+00 5.622e-01
-4.100e+00 2.857e-01
-4.090e+00 6.601e-01
-4.080e+00 8.310e-01
-4.070e+00 3.074e-01
-4.060e+00 2.439e-01
-4.050e+00 4.526e-01
-4.040e+00 4.963e-01
-4.030e+00 -4.484e-02
-4.020e+00 6.704e-01
-4.010e+00 4.597e-01
-4.000e+00 5.801e-01
-3.990e+00 4.559e-01
-3.980e+00 5.812e-01
-3.970e+00 7.181e-01
-3.960e+00 1.392e-02
-3.950e+00 -6.440e-02
-3.940e+00 1.557e-01
-3.930e+00 5.871e-01
-3.920e+00 6.534e-01
-3.910e+00 7.358e-01
-3.900e+00 1.278e+00
-3.890e+00 4.881e-01
-3.880e+00 5.743e-01
-3.870e+00 1.595e-01
-3.860e+00 8.313e-01
-3.850e+00 3.408e-01
-3.840e+00 4.000e-01
-3.830e+00 1.128e+00
-3.820e+00 8.968e-01
-3.810e+00 4.998e-01
-3.800e+00 3.022e-01
-3.790e+00 5.886e-01
-3.780e+00 7.560e-01
-3.770e+00 6.257e-01
-3.760e+00 9.385e-01
-3.750e+00 6.305e-01
-3.740e+00 6.214e-01
-3.730e+00 6.105e-01
-3.720e+00 6.830e-01
-3.710e+00 7.980e-01
-3.700e+00 5.332e-01
-3.690e+00 2.602e-01
-3.680e+00 5.692e-01
-3.670e+00 6.790e-01
-3.660e+00 7.318e-01
-3.650e+00 3.819e-01
-3.640e+00 3.659e-01
-3.630e+00 -1.498e-02
-3.620e+00 2.109e-01
-3.610e+00 4.380e-01
-3.600e+00 -1.780e-03
-3.590e+00 7.656e-01
-3.580e+00 4.156e-01
-3.570e+00 6.588e-01
-3.560e+00 2.754e-01
-3.550e+00 5.008e-01
-3.540e+00 6.387e-01
-3.530e+00 8.137e-01
-3.520e+00 8.715e-01
-3.510e+00 8.391e-01
-3.500e+00 9.292e-01
-3.490e+00 6.633e-01
-3.480e+00 5.163e-01
-3.470e+00 6.085e-01
-3.460e+00 5.419e-01
-3.450e+00 6.786e-01
-3.440e+00 2.181e-01
-3.430e+00 7.219e-01
-3.420e+00 7.456e-01
-3.410e+00 4.367e-01
-3.400e+00 5.331e-01
-3.390e+00 3.527e-01
-3.380e+00 4.285e-01
-3.370e+00 6.278e-01
-3.360e+00 4.573e-01
-3.350e+00 4.593e-01
-3.340e+00 6.214e-01
-3.330e+00 3.296e-01
-3.320e+00 7.111e-01
-3.310e+00 5.790e-01
-3.300e+00 1.020e+00
-3.290e+00 4.593e-01
-3.280e+00 1.070e+00
-3.270e+00 1.103e+00
-3.260e+00 4.494e-01
-3.250e+00 7.720e-01
-3.240e+00 8.978e-01
-3.230e+00 5.859e-01
-3.220e+00 6.711e-01
-3.210e+00 4.785e-01
-3.200e+00 1.206e-01
-3.190e+00 4.809e-01
-3.180e+00 8.575e-01
-3.170e+00 1.120e+00
-3.160e+00 5.516e-01
-3.150e+00 3.774e-01
-3.140e+00 7.235e-02
-3.130e+00 8.413e-01
-3.120e+00 7.979e-01
-3.110e+00 9.185e-01
-3.100e+00 7.880e-01
-3.090e+00 4.402e-01
-3.080e+00 6.658e-01
-3.070e+00 6.989e-01
-3.060e+00 2.261e-01
-3.050e+00 7.996e-01
-3.040e+00 5.539e-01
-3.030e+00 8.133e-01
-3.020e+00 7.282e-01
-3.010e+00 6.604e-01
-3.000e+00 4.503e-01
-2.990e+00 5.842e-01
-2.980e+00 6.804e-01
-2.970e+00 5.954e-01
-2.960e+00 7.773e-01
-2.950e+00 6.670e-01
-2.940e+00 4.622e-01
-2.930e+00 8.782e-01
-2.920e+00 7.419e-01
-2.910e+00 6.459e-01
-2.900e+00 1.280e+00
-2.890e+00 5.907e-01
-2.880e+00 5.790e-01
-2.870e+00 4.098e-01
-2.860e+00 2.589e-01
-2.850e+00 6.454e-01
-2.840e+00 2.798e-01
-2.830e+00 6.120e-01
-2.820e+00 6.134e-01
-2.810e+00 1.726e-01
-2.800e+00 3.278e-01
-2.790e+00 4.852e-01
-2.780e+00 2.339e-01
-2.770e+00 5.315e-01
-2.760e+00 3.759e-01
-2.750e+00 8.092e-01
-2.740e+00 6.892e-01
-2.730e+00 1.905e-01
-2.720e+00 5.288e-01
-2.710e+00 2.757e-01
-2.700e+00 9.284e-01
-2.690e+00 4.704e-01
-2.680e+00 3.616e-01
-2.670e+00 4.277e-01
-2.660e+00 6.418e-01
-2.650e+00 6.315e-01
-2.640e+00 9.557e-01
-2.630e+00 5.464e-01
-2.620e+00 9.339e-01
-2.610e+00 6.993e-01
-2.600e+00 4.889e-01
-2.590e+00 8.525e-01
-2.580e+00 3.821e-01
-2.570e+00 4.368e-01
-2.560e+00 1.165e+00
-2.550e+00 1.840e-01
-2.540e+00 6.232e-01
-2.530e+00 6.813e-01
-2.520e+00 6.839e-01
-2.510e+00 1.028e+00
-2.500e+00 8.167e-01
-2.490e+00 4.768e-01
-2.480e+00 6.094e-01
-2.470e+00 9.385e-01
-2.460e+00 3.977e-01
-2.450e+00 6.806e-01
-2.440e+00 8.869e-01
-2.430e+00 7.263e-01
-2.420e+00 5.935e-01
-2.410e+00 6.373e-01
-2.400e+00 8.454e-01
-2.390e+00 8.723e-01
-2.380e+00 6.739e-01
-2.370e+00 6.483e-01
-2.360e+00 1.661e-01
-2.350e+00 4.160e-01
-2.340e+00 2.015e-01
-2.330e+00 1.114e+00
-2.320e+00 1.029e+00
-2.310e+00 7.731e-01
-2.300e+00 1.676e-01
-2.290e+00 2.294e-01
-2.280e+00 4.155e-01
-2.270e+00 4.533e-01
-2.260e+00 9.598e-01
-2.250e+00 9.457e-01
-2.240e+00 8.586e-01
-2.230e+00 8.971e-01
-2.220e+00 6.285e-01
-2.210e+00 5.117e-01
-2.200e+00 1.289e+00
-2.190e+00 8.609e-01
-2.180e+00 1.145e+00
-2.170e+00 9.696e-01
-2.160e+00 9.038e-01
-2.150e+00 5.387e-01
-2.140e+00 6.542e-01
-2.130e+00 3.080e-01
-2.120e+00 5.809e-01
-2.110e+00 8.075e-01
-2.100e+00 8.585e-01
-2.090e+00 7.677e-01
-2.080e+00 6.876e-01
-2.070e+00 5.643e-01
-2.060e+00 3.873e-01
-2.050e+00 1.059e+00
-2.040e+00 6.643e-01
-2.030e+00 3.956e-01
-2.020e+00 7.258e-01
-2.010e+00 2.331e-01
-2.000e+00 5.935e-01
-1.990e+00 6.482e-01
-1.980e+00 7.462e-01
-1.970e+00 3.750e-01
-1.960e+00 3.671e-01
-1.950e+00 7.968e-01
-1.940e+00 -1.913e-01
-1.930e+00 1.024e+00
-1.920e+00 5.186e-01
-1.910e+00 1.057e+00
-1.900e+00 5.424e-01
-1.890e+00 6.139e-01
-1.880e+00 3.247e-01
-1.870e+00 6.370e-01
-1.860e+00 6.142e-01
-1.850e+00 2.002e-02
-1.840e+00 5.460e-01
-1.830e+00 2.134e-01
-1.820e+00 3.933e-01
-1.810e+00 4.765e-01
-1.800e+00 1.224e+00
-1.790e+00 8.280e-01
-1.780e+00 3.230e-01
-1.770e+00 1.245e+00
-1.760e+00 2.236e-01
-1.750e+00 1.198e+00
-1.740e+00 1.601e+00
-1.730e+00 6.072e-01
-1.720e+00 3.929e-01
-1.710e+00 3.930e-01
-1.700e+00 4.887e-01
-1.690e+00 5.598e-01
-1.680e+00 6.355e-01
-1.670e+00 5.534e-01
-1.660e+00 -7.030e-02
-1.650e+00 1.039e+00
-1.640e+00 1.144e+00
-1.630e+00 1.366e+00
-1.620e+00 8.617e-01
-1.610e+00 4.076e-01
-1.600e+00 9.104e-01
-1.590e+00 2.930e-01
-1.580e+00 -8.785e-02
-1.570e+00 5.871e-01
-1.560e+00 7.063e-01
-1.550e+00 9.470e-01
-1.540e+00 1.620e+00
-1.530e+00 1.198e-01
-1.520e+00 -8.972e-02
-1.510e+00 5.118e-01
-1.500e+00 -2.264e-01
-1.490e+00 2.336e-01
-1.480e+00 4.678e-01
-1.470e+00 -9.273e-02
-1.460e+00 6.040e-01
-1.450e+00 9.148e-01
-1.440e+00 1.460e+00
-1.430e+00 5.536e-01
-1.420e+00 1.484e+00
-1.410e+00 1.174e+00
-1.400e+00 -1.208e-01
-1.390e+00 1.494e+00
-1.380e+00 4.736e-01
-1.370e+00 1.527e+00
-1.360e+00 7.134e-01
-1.350e+00 4.611e-01
-1.340e+00 -3.239e-01
-1.330e+00 -1.589e-01
-1.320e+00 3.105e-01
-1.310e+00 -1.423e-01
-1.300e+00 -1.856e-01
-1.290e+00 6.421e-01
-1.280e+00 1.647e-01
-1.270e+00 3.457e-01
-1.260e+00 4.133e-01
-1.250e+00 3.806e-01
-1.240e+00 1.952e-01
-1.230e+00 -2.695e-01
-1.220e+00 6.722e-01
-1.210e+00 -2.427e-01
-1.200e+00 9.054e-01
-1.190e+00 -5.849e-02
-1.180e+00 -1.232e-01
-1.170e+00 -9.475e-01
-1.160e+00 6.757e-02
-1.150e+00 -1.053e-01
-1.140e+00 4.056e-01
-1.130e+00 -8.078e-01
-1.120e+00 5.119e-01
-1.110e+00 1.007e+00
-1.100e+00 1.517e+00
-1.090e+00 7.982e-01
-1.080e+00 8.983e-02
-1.070e+00 -2.360e-01
-1.060e+00 7.374e-01
-1.050e+00 5.334e-01
-1.040e+00 6.880e-01
-1.030e+00 1.260e-01
-1.020e+00 8.962e-01
-1.010e+00 7.992e-01
-1.000e+00 8.549e-01
-9.900e-01 4.236e-02
-9.800e-01 1.082e-01
-9.700e-01 1.046e-01
-9.600e-01 2.197e-01
-9.500e-01 3.210e-01
-9.400e-01 3.076e-01
-9.300e-01 9.226e-01
-9.200e-01 5.797e-01
-9.100e-01 1.106e+00
-9.000e-01 -7.894e-02
-8.900e-01 3.853e-01
-8.800e-01 3.448e-01
-8.700e-01 7.732e-01
-8.600e-01 5.672e-01
-8.500e-01 8.661e-01
-8.400e-01 7.983e-01
-8.300e-01 -7.618e-01
-8.200e-01 4.473e-01
-8.100e-01 2.213e-01
-8.000e-01 4.797e-01
-7.900e-01 -9.093e-02
-7.800e-01 8.089e-01
-7.700e-01 8.367e-01
-7.600e-01 1.567e+00
-7.500e-01 1.439e+00
-7.400e-01 2.501e-01
-7.300e-01 7.580e-01
-7.200e-01 1.453e+00
-7.100e-01 6.017e-01
-7.000e-01 1.595e+00
-6.900e-01 3.302e-01
-6.800e-01 7.636e-02
-6.700e-01 -3.513e-01
-6.600e-01 7.029e-01
-6.500e-01 1.069e+00
-6.400e-01 1.749e+00
-6.300e-01 7.130e-01
-6.200e-01 3.921e-01
-6.100e-01 1.240e+00
-6.000e-01 6.980e-01
-5.900e-01 9.471e-01
-5.800e-01 1.966e+00
-5.700e-01 -7.891e-01
-5.600e-01 1.892e+00
-5.500e-01 -4.733e-01
-5.400e-01 3.137e-01
-5.300e-01 7.684e-01
-5.200e-01 9.966e-01
-5.100e-01 1.206e+00
-5.000e-01 1.540e+00
-4.900e-01 2.221e-01
-4.800e-01 1.191e+00
-4.700e-01 -9.181e-02
-4.600e-01 -2.847e-03
-4.500e-01 9.041e-03
-4.400e-01 4.547e-01
-4.300e-01 4.093e-01
-4.200e-01 1.396e+00
-4.100e-01 9.761e-01
-4.000e-01 3.446e-02
-3.900e-01 1.291e+00
-3.800e-01 2.003e+00
-3.700e-01 1.684e+00
-3.600e-01 8.212e-01
-3.500e-01 2.179e-01
-3.400e-01 7.234e-01
-3.300e-01 1.894e-01
-3.200e-01 3.387e-01
-3.100e-01 1.542e+00
-3.000e-01 2.710e+00
-2.900e-01 1.127e+00
-2.800e-01 1.305e+00
-2.700e-01 1.575e-01
-2.600e-01 1.677e+00
-2.500e-01 2.110e+00
-2.400e-01 1.461e+00
-2.300e-01 4.401e+00
-2.200e-01 3.190e+00
-2.100e-01 1.475e+00
-2.000e-01 1.084e+00
-1.900e-01 1.272e+00
-1.800e-01 1.623e+00
-1.700e-01 2.789e+00
-1.600e-01 2.265e+00
-1.500e-01 3.478e+00
-1.400e-01 4.465e+00
-1.300e-01 -2.784e+00
-1.200e-01 -4.055e-02
-1.100e-01 -1.793e+00
-1.000e-01 1.574e+00
-9.000e-02 9.207e-01
-8.000e-02 3.385e+00
-7.000e-02 5.834e+00
-6.000e-02 -2.362e-01
-5.000e-02 1.957e+00
-4.000e-02 -2.118e+00
-3.000e-02 4.911e+00
-2.000e-02 3.013e+01
-1.000e-02 4.845e+01
