# Frequency (1.0/ps)      real(fft(F_0))
0.000e+00 6.434e+01
1.000e-02 5.247e+01
2.000e-02 3.402e+01
3.000e-02 2.072e+01
4.000e-02 1.142e+01
5.000e-02 7.016e+00
6.000e-02 4.080e+00
7.000e-02 4.968e+00
8.000e-02 4.477e+00
9.000e-02 4.071e+00
1.000e-01 3.391e+00
1.100e-01 2.300e+00
1.200e-01 2.181e+00
1.300e-01 2.696e+00
1.400e-01 1.819e+00
1.500e-01 2.110e+00
1.600e-01 2.524e+00
1.700e-01 1.911e+00
1.800e-01 2.123e+00
1.900e-01 2.455e+00
2.000e-01 2.304e+00
2.100e-01 2.066e+00
2.200e-01 1.311e+00
2.300e-01 1.505e+00
2.400e-01 5.334e-01
2.500e-01 8.459e-01
2.600e-01 7.783e-01
2.700e-01 9.838e-01
2.800e-01 3.699e-01
2.900e-01 1.018e+00
3.000e-01 1.003e+00
3.100e-01 1.937e+00
3.200e-01 1.874e+00
3.300e-01 1.929e+00
3.400e-01 3.343e-01
3.500e-01 4.688e-01
3.600e-01 1.211e+00
3.700e-01 1.485e+00
3.800e-01 2.325e+00
3.900e-01 2.624e+00
4.000e-01 2.223e+00
4.100e-01 1.141e+00
4.200e-01 7.815e-01
4.300e-01 7.307e-01
4.400e-01 4.449e-01
4.500e-01 1.569e-01
4.600e-01 6.497e-01
4.700e-01 2.261e-01
4.800e-01 1.461e-01
4.900e-01 -1.628e-01
5.000e-01 3.944e-01
5.100e-01 7.537e-01
5.200e-01 3.375e-01
5.300e-01 1.861e-01
5.400e-01 -3.736e-01
5.500e-01 1.427e-02
5.600e-01 4.685e-01
5.700e-01 1.028e+00
5.800e-01 1.236e+00
5.900e-01 9.612e-01
6.000e-01 1.017e+00
6.100e-01 1.244e+00
6.200e-01 1.271e+00
6.300e-01 5.774e-01
6.400e-01 3.120e-01
6.500e-01 6.987e-01
6.600e-01 5.837e-01
6.700e-01 1.284e-01
6.800e-01 7.500e-02
6.900e-01 5.422e-01
7.000e-01 5.223e-01
7.100e-01 3.400e-03
7.200e-01 2.307e-01
7.300e-01 3.693e-01
7.400e-01 5.136e-01
7.500e-01 9.823e-01
7.600e-01 1.076e+00
7.700e-01 1.052e+00
7.800e-01 9.863e-01
7.900e-01 9.693e-01
8.000e-01 8.248e-01
8.100e-01 1.593e+00
8.200e-01 1.127e+00
8.300e-01 7.531e-01
8.400e-01 3.678e-01
8.500e-01 4.403e-01
8.600e-01 2.298e-01
8.700e-01 1.943e-01
8.800e-01 6.866e-01
8.900e-01 9.708e-01
9.000e-01 1.041e+00
9.100e-01 6.848e-01
9.200e-01 7.562e-01
9.300e-01 1.136e+00
9.400e-01 1.438e+00
9.500e-01 1.173e+00
9.600e-01 5.651e-01
9.700e-01 4.484e-01
9.800e-01 6.043e-01
9.900e-01 2.764e-01
1.000e+00 2.758e-01
1.010e+00 7.946e-01
1.020e+00 1.026e+00
1.030e+00 7.385e-01
1.040e+00 1.152e-01
1.050e+00 2.563e-01
1.060e+00 4.728e-01
1.070e+00 4.193e-01
1.080e+00 2.023e-01
1.090e+00 -3.242e-01
1.100e+00 1.716e-01
1.110e+00 7.052e-01
1.120e+00 5.420e-01
1.130e+00 6.516e-01
1.140e+00 6.063e-01
1.150e+00 8.140e-01
1.160e+00 3.991e-01
1.170e+00 2.168e-01
1.180e+00 2.967e-01
1.190e+00 8.814e-01
1.200e+00 1.068e+00
1.210e+00 4.673e-01
1.220e+00 5.760e-01
1.230e+00 6.004e-01
1.240e+00 9.505e-01
1.250e+00 1.326e+00
1.260e+00 1.026e+00
1.270e+00 1.028e+00
1.280e+00 1.193e+00
1.290e+00 1.607e+00
1.300e+00 9.353e-01
1.310e+00 8.664e-01
1.320e+00 1.352e+00
1.330e+00 1.421e+00
1.340e+00 1.366e+00
1.350e+00 1.431e+00
1.360e+00 1.034e+00
1.370e+00 5.260e-01
1.380e+00 5.754e-01
1.390e+00 8.689e-01
1.400e+00 1.336e+00
1.410e+00 1.172e+00
1.420e+00 1.085e+00
1.430e+00 6.791e-01
1.440e+00 5.119e-01
1.450e+00 4.231e-01
1.460e+00 5.965e-01
1.470e+00 5.235e-01
1.480e+00 7.691e-01
1.490e+00 6.686e-01
1.500e+00 5.313e-01
1.510e+00 1.840e-01
1.520e+00 1.639e-01
1.530e+00 5.835e-01
1.540e+00 4.711e-01
1.550e+00 6.611e-01
1.560e+00 5.282e-01
1.570e+00 4.400e-01
1.580e+00 4.107e-02
1.590e+00 1.217e-01
1.600e+00 1.979e-01
1.610e+00 4.382e-01
1.620e+00 4.699e-01
1.630e+00 6.010e-01
1.640e+00 5.201e-01
1.650e+00 6.323e-01
1.660e+00 4.311e-01
1.670e+00 5.801e-01
1.680e+00 4.339e-01
1.690e+00 3.512e-01
1.700e+00 7.312e-01
1.710e+00 6.822e-01
1.720e+00 4.780e-01
1.730e+00 7.475e-01
1.740e+00 9.542e-01
1.750e+00 7.965e-01
1.760e+00 3.792e-01
1.770e+00 2.394e-01
1.780e+00 2.477e-01
1.790e+00 3.771e-01
1.800e+00 5.361e-01
1.810e+00 6.895e-01
1.820e+00 8.607e-01
1.830e+00 6.677e-01
1.840e+00 5.800e-01
1.850e+00 5.493e-01
1.860e+00 5.091e-01
1.870e+00 6.908e-01
1.880e+00 5.294e-01
1.890e+00 8.156e-01
1.900e+00 5.746e-01
1.910e+00 1.017e+00
1.920e+00 1.140e+00
1.930e+00 1.085e+00
1.940e+00 7.252e-01
1.950e+00 6.664e-01
1.960e+00 5.315e-01
1.970e+00 6.561e-01
1.980e+00 5.877e-01
1.990e+00 7.609e-01
2.000e+00 7.235e-01
2.010e+00 6.950e-01
2.020e+00 8.949e-01
2.030e+00 8.127e-01
2.040e+00 7.021e-01
2.050e+00 6.960e-01
2.060e+00 7.640e-01
2.070e+00 8.583e-01
2.080e+00 1.053e+00
2.090e+00 9.241e-01
2.100e+00 9.934e-01
2.110e+00 8.973e-01
2.120e+00 9.857e-01
2.130e+00 7.115e-01
2.140e+00 7.338e-01
2.150e+00 7.947e-01
2.160e+00 8.230e-01
2.170e+00 6.872e-01
2.180e+00 4.960e-01
2.190e+00 4.962e-01
2.200e+00 5.522e-01
2.210e+00 5.081e-01
2.220e+00 9.423e-01
2.230e+00 6.981e-01
2.240e+00 6.000e-01
2.250e+00 5.603e-01
2.260e+00 6.132e-01
2.270e+00 4.072e-01
2.280e+00 3.951e-01
2.290e+00 2.923e-01
2.300e+00 4.397e-01
2.310e+00 5.003e-01
2.320e+00 4.397e-01
2.330e+00 6.362e-01
2.340e+00 5.873e-01
2.350e+00 4.387e-01
2.360e+00 5.774e-01
2.370e+00 6.479e-01
2.380e+00 9.099e-01
2.390e+00 1.122e+00
2.400e+00 1.007e+00
2.410e+00 5.538e-01
2.420e+00 4.486e-01
2.430e+00 2.652e-01
2.440e+00 2.174e-01
2.450e+00 5.132e-01
2.460e+00 6.227e-01
2.470e+00 7.155e-01
2.480e+00 7.875e-01
2.490e+00 7.413e-01
2.500e+00 7.747e-01
2.510e+00 4.772e-01
2.520e+00 6.142e-01
2.530e+00 6.062e-01
2.540e+00 4.648e-01
2.550e+00 4.438e-01
2.560e+00 3.574e-01
2.570e+00 3.654e-01
2.580e+00 2.537e-01
2.590e+00 4.307e-01
2.600e+00 3.638e-01
2.610e+00 4.045e-01
2.620e+00 5.697e-01
2.630e+00 4.798e-01
2.640e+00 7.017e-01
2.650e+00 6.011e-01
2.660e+00 4.552e-01
2.670e+00 5.313e-01
2.680e+00 6.498e-01
2.690e+00 2.941e-01
2.700e+00 9.650e-02
2.710e+00 1.450e-01
2.720e+00 7.362e-02
2.730e+00 2.441e-01
2.740e+00 6.937e-01
2.750e+00 9.357e-01
2.760e+00 1.040e+00
2.770e+00 5.959e-01
2.780e+00 3.681e-01
2.790e+00 3.927e-01
2.800e+00 2.978e-01
2.810e+00 3.062e-01
2.820e+00 3.711e-01
2.830e+00 5.742e-01
2.840e+00 5.323e-01
2.850e+00 3.963e-01
2.860e+00 6.522e-01
2.870e+00 7.330e-01
2.880e+00 6.648e-01
2.890e+00 5.692e-01
2.900e+00 5.356e-01
2.910e+00 4.638e-01
2.920e+00 4.321e-01
2.930e+00 3.259e-01
2.940e+00 4.165e-01
2.950e+00 5.276e-01
2.960e+00 7.377e-01
2.970e+00 9.982e-01
2.980e+00 8.818e-01
2.990e+00 5.692e-01
3.000e+00 4.317e-01
3.010e+00 5.136e-01
3.020e+00 4.602e-01
3.030e+00 3.688e-01
3.040e+00 2.424e-01
3.050e+00 1.556e-01
3.060e+00 2.299e-01
3.070e+00 5.314e-02
3.080e+00 6.934e-02
3.090e+00 3.578e-01
3.100e+00 4.328e-01
3.110e+00 5.355e-01
3.120e+00 4.959e-01
3.130e+00 4.280e-01
3.140e+00 4.114e-01
3.150e+00 4.984e-01
3.160e+00 5.127e-01
3.170e+00 7.958e-01
3.180e+00 8.356e-01
3.190e+00 7.629e-01
3.200e+00 6.464e-01
3.210e+00 5.728e-01
3.220e+00 3.432e-01
3.230e+00 4.200e-01
3.240e+00 4.399e-01
3.250e+00 5.462e-01
3.260e+00 4.347e-01
3.270e+00 3.486e-01
3.280e+00 4.888e-01
3.290e+00 5.273e-01
3.300e+00 3.679e-01
3.310e+00 4.946e-01
3.320e+00 6.182e-01
3.330e+00 7.371e-01
3.340e+00 6.878e-01
3.350e+00 6.255e-01
3.360e+00 5.495e-01
3.370e+00 3.672e-01
3.380e+00 3.592e-01
3.390e+00 6.002e-01
3.400e+00 5.962e-01
3.410e+00 4.916e-01
3.420e+00 5.506e-01
3.430e+00 6.076e-01
3.440e+00 4.663e-01
3.450e+00 4.624e-01
3.460e+00 4.030e-01
3.470e+00 3.883e-01
3.480e+00 4.712e-01
3.490e+00 3.800e-01
3.500e+00 4.398e-01
3.510e+00 3.675e-01
3.520e+00 2.331e-01
3.530e+00 3.511e-01
3.540e+00 4.408e-01
3.550e+00 4.611e-01
3.560e+00 5.583e-01
3.570e+00 5.311e-01
3.580e+00 5.449e-01
3.590e+00 6.730e-01
3.600e+00 6.965e-01
3.610e+00 6.712e-01
3.620e+00 7.793e-01
3.630e+00 6.939e-01
3.640e+00 4.355e-01
3.650e+00 4.604e-01
3.660e+00 5.897e-01
3.670e+00 6.358e-01
3.680e+00 4.873e-01
3.690e+00 3.768e-01
3.700e+00 3.749e-01
3.710e+00 5.795e-01
3.720e+00 6.857e-01
3.730e+00 6.253e-01
3.740e+00 6.824e-01
3.750e+00 8.205e-01
3.760e+00 6.563e-01
3.770e+00 5.305e-01
3.780e+00 8.006e-01
3.790e+00 7.403e-01
3.800e+00 4.449e-01
3.810e+00 1.898e-01
3.820e+00 3.780e-01
3.830e+00 3.908e-01
3.840e+00 3.549e-01
3.850e+00 3.931e-01
3.860e+00 5.559e-01
3.870e+00 5.843e-01
3.880e+00 5.490e-01
3.890e+00 6.853e-01
3.900e+00 1.000e+00
3.910e+00 8.324e-01
3.920e+00 6.517e-01
3.930e+00 6.669e-01
3.940e+00 7.721e-01
3.950e+00 6.315e-01
3.960e+00 5.614e-01
3.970e+00 7.045e-01
3.980e+00 7.544e-01
3.990e+00 7.147e-01
4.000e+00 4.090e-01
4.010e+00 2.279e-01
4.020e+00 1.247e-01
4.030e+00 4.136e-01
4.040e+00 5.603e-01
4.050e+00 6.394e-01
4.060e+00 7.565e-01
4.070e+00 8.609e-01
4.080e+00 5.968e-01
4.090e+00 6.740e-01
4.100e+00 7.585e-01
4.110e+00 6.897e-01
4.120e+00 7.529e-01
4.130e+00 6.576e-01
4.140e+00 4.714e-01
4.150e+00 4.431e-01
4.160e+00 5.365e-01
4.170e+00 6.500e-01
4.180e+00 6.823e-01
4.190e+00 4.780e-01
4.200e+00 4.850e-01
4.210e+00 7.236e-01
4.220e+00 6.567e-01
4.230e+00 5.022e-01
4.240e+00 4.435e-01
4.250e+00 6.662e-01
4.260e+00 5.923e-01
4.270e+00 5.815e-01
4.280e+00 5.684e-01
4.290e+00 7.034e-01
4.300e+00 6.615e-01
4.310e+00 5.171e-01
4.320e+00 3.164e-01
4.330e+00 4.614e-01
4.340e+00 4.260e-01
4.350e+00 4.938e-01
4.360e+00 2.933e-01
4.370e+00 3.836e-01
4.380e+00 5.832e-01
4.390e+00 7.213e-01
4.400e+00 5.430e-01
4.410e+00 3.545e-01
4.420e+00 3.107e-01
4.430e+00 2.987e-01
4.440e+00 2.727e-01
4.450e+00 1.347e-01
4.460e+00 2.025e-01
4.470e+00 5.219e-01
4.480e+00 4.949e-01
4.490e+00 5.746e-01
4.500e+00 7.678e-01
4.510e+00 7.503e-01
4.520e+00 7.264e-01
4.530e+00 6.174e-01
4.540e+00 6.081e-01
4.550e+00 4.601e-01
4.560e+00 7.750e-01
4.570e+00 8.476e-01
4.580e+00 7.057e-01
4.590e+00 6.274e-01
4.600e+00 6.107e-01
4.610e+00 6.254e-01
4.620e+00 6.418e-01
4.630e+00 6.105e-01
4.640e+00 6.888e-01
4.650e+00 7.544e-01
4.660e+00 6.641e-01
4.670e+00 5.256e-01
4.680e+00 5.136e-01
4.690e+00 6.570e-01
4.700e+00 6.235e-01
4.710e+00 3.783e-01
4.720e+00 2.814e-01
4.730e+00 4.340e-01
4.740e+00 6.355e-01
4.750e+00 6.514e-01
4.760e+00 6.178e-01
4.770e+00 5.936e-01
4.780e+00 6.085e-01
4.790e+00 5.582e-01
4.800e+00 6.023e-01
4.810e+00 5.016e-01
4.820e+00 4.973e-01
4.830e+00 4.048e-01
4.840e+00 6.128e-01
4.850e+00 6.582e-01
4.860e+00 6.109e-01
4.870e+00 6.726e-01
4.880e+00 7.762e-01
4.890e+00 6.887e-01
4.900e+00 6.697e-01
4.910e+00 6.993e-01
4.920e+00 8.573e-01
4.930e+00 8.059e-01
4.940e+00 6.867e-01
4.950e+00 7.780e-01
4.960e+00 8.252e-01
4.970e+00 8.017e-01
4.980e+00 6.489e-01
4.990e+00 3.964e-01
-5.000e+00 1.788e-01
-4.990e+00 3.964e-01
-4.980e+00 6.489e-01
-4.970e+00 8.017e-01
-4.960e+00 8.252e-01
-4.950e+00 7.780e-01
-4.940e+00 6.867e-01
-4.930e+00 8.059e-01
-4.920e+00 8.573e-01
-4.910e+00 6.993e-01
-4.900e+00 6.697e-01
-4.890e+00 6.887e-01
-4.880e+00 7.762e-01
-4.870e+00 6.726e-01
-4.860e+00 6.109e-01
-4.850e+00 6.582e-01
-4.840e+00 6.128e-01
-4.830e+00 4.048e-01
-4.820e+00 4.973e-01
-4.810e+00 5.016e-01
-4.800e+00 6.023e-01
-4.790e+00 5.582e-01
-4.780e+00 6.085e-01
-4.770e+00 5.936e-01
-4.760e+00 6.178e-01
-4.750e+00 6.514e-01
-4.740e+00 6.355e-01
-4.730e+00 4.340e-01
-4.720e+00 2.814e-01
-4.710e+00 3.783e-01
-4.700e+00 6.235e-01
-4.690e+00 6.570e-01
-4.680e+00 5.136e-01
-4.670e+00 5.256e-01
-4.660e+00 6.641e-01
-4.650e+00 7.544e-01
-4.640e+00 6.888e-01
-4.630e+00 6.105e-01
-4.620e+00 6.418e-01
-4.610e+00 6.254e-01
-4.600e+00 6.107e-01
-4.590e+00 6.274e-01
-4.580e+00 7.057e-01
-4.570e+00 8.476e-01
-4.560e+00 7.750e-01
-4.550e+00 4.601e-01
-4.540e+00 6.081e-01
-4.530e+00 6.174e-01
-4.520e+00 7.264e-01
-4.510e+00 7.503e-01
-4.500e+00 7.678e-01
-4.490e+00 5.746e-01
-4.480e+00 4.949e-01
-4.470e+00 5.219e-01
-4.460e+00 2.025e-01
-4.450e+00 1.347e-01
-4.440e+00 2.727e-01
-4.430e+00 2.987e-01
-4.420e+00 3.107e-01
-4.410e+00 3.545e-01
-4.400e+00 5.430e-01
-4.390e+00 7.213e-01
-4.380e+00 5.832e-01
-4.370e+00 3.836e-01
-4.360e+00 2.933e-01
-4.350e+00 4.938e-01
-4.340e+00 4.260e-01
-4.330e+00 4.614e-01
-4.320e+00 3.164e-01
-4.310e+00 5.171e-01
-4.300e+00 6.615e-01
-4.290e+00 7.034e-01
-4.280e+00 5.684e-01
-4.270e+00 5.815e-01
-4.260e+00 5.923e-01
-4.250e+00 6.662e-01
-4.240e+00 4.435e-01
-4.230e+00 5.022e-01
-4.220e+00 6.567e-01
-4.210e+00 7.236e-01
-4.200e+00 4.850e-01
-4.190e+00 4.780e-01
-4.180e+00 6.823e-01
-4.170e+00 6.500e-01
-4.160e+00 5.365e-01
-4.150e+00 4.431e-01
-4.140e+00 4.714e-01
-4.130e+00 6.576e-01
-4.120e+00 7.529e-01
-4.110e+00 6.897e-01
-4.100e+00 7.585e-01
-4.090e+00 6.740e-01
-4.080e+00 5.968e-01
-4.070e+00 8.609e-01
-4.060e+00 7.565e-01
-4.050e+00 6.394e-01
-4.040e+00 5.603e-01
-4.030e+00 4.136e-01
-4.020e+00 1.247e-01
-4.010e+00 2.279e-01
-4.000e+00 4.090e-01
-3.990e+00 7.147e-01
-3.980e+00 7.544e-01
-3.970e+00 7.045e-01
-3.960e+00 5.614e-01
-3.950e+00 6.315e-01
-3.940e+00 7.721e-01
-3.930e+00 6.669e-01
-3.920e+00 6.517e-01
-3.910e+00 8.324e-01
-3.900e+00 1.000e+00
-3.890e+00 6.853e-01
-3.880e+00 5.490e-01
-3.870e+00 5.843e-01
-3.860e+00 5.559e-01
-3.850e+00 3.931e-01
-3.840e+00 3.549e-01
-3.830e+00 3.908e-01
-3.820e+00 3.780e-01
-3.810e+00 1.898e-01
-3.800e+00 4.449e-01
-3.790e+00 7.403e-01
-3.780e+00 8.006e-01
-3.770e+00 5.305e-01
-3.760e+00 6.563e-01
-3.750e+00 8.205e-01
-3.740e+00 6.824e-01
-3.730e+00 6.253e-01
-3.720e+00 6.857e-01
-3.710e+00 5.795e-01
-3.700e+00 3.749e-01
-3.690e+00 3.768e-01
-3.680e+00 4.873e-01
-3.670e+00 6.358e-01
-3.660e+00 5.897e-01
-3.650e+00 4.604e-01
-3.640e+00 4.355e-01
-3.630e+00 6.939e-01
-3.620e+00 7.793e-01
-3.610e+00 6.712e-01
-3.600e+00 6.965e-01
-3.590e+00 6.730e-01
-3.580e+00 5.449e-01
-3.570e+00 5.311e-01
-3.560e+00 5.583e-01
-3.550e+00 4.611e-01
-3.540e+00 4.408e-01
-3.530e+00 3.511e-01
-3.520e+00 2.331e-01
-3.510e+00 3.675e-01
-3.500e+00 4.398e-01
-3.490e+00 3.800e-01
-3.480e+00 4.712e-01
-3.470e+00 3.883e-01
-3.460e+00 4.030e-01
-3.450e+00 4.624e-01
-3.440e+00 4.663e-01
-3.430e+00 6.076e-01
-3.420e+00 5.506e-01
-3.410e+00 4.916e-01
-3.400e+00 5.962e-01
-3.390e+00 6.002e-01
-3.380e+00 3.592e-01
-3.370e+00 3.672e-01
-3.360e+00 5.495e-01
-3.350e+00 6.255e-01
-3.340e+00 6.878e-01
-3.330e+00 7.371e-01
-3.320e+00 6.182e-01
-3.310e+00 4.946e-01
-3.300e+00 3.679e-01
-3.290e+00 5.273e-01
-3.280e+00 4.888e-01
-3.270e+00 3.486e-01
-3.260e+00 4.347e-01
-3.250e+00 5.462e-01
-3.240e+00 4.399e-01
-3.230e+00 4.200e-01
-3.220e+00 3.432e-01
-3.210e+00 5.728e-01
-3.200e+00 6.464e-01
-3.190e+00 7.629e-01
-3.180e+00 8.356e-01
-3.170e+00 7.958e-01
-3.160e+00 5.127e-01
-3.150e+00 4.984e-01
-3.140e+00 4.114e-01
-3.130e+00 4.280e-01
-3.120e+00 4.959e-01
-3.110e+00 5.355e-01
-3.100e+00 4.328e-01
-3.090e+00 3.578e-01
-3.080e+00 6.934e-02
-3.070e+00 5.314e-02
-3.060e+00 2.299e-01
-3.050e+00 1.556e-01
-3.040e+00 2.424e-01
-3.030e+00 3.688e-01
-3.020e+00 4.602e-01
-3.010e+00 5.136e-01
-3.000e+00 4.317e-01
-2.990e+00 5.692e-01
-2.980e+00 8.818e-01
-2.970e+00 9.982e-01
-2.960e+00 7.377e-01
-2.950e+00 5.276e-01
-2.940e+00 4.165e-01
-2.930e+00 3.259e-01
-2.920e+00 4.321e-01
-2.910e+00 4.638e-01
-2.900e+00 5.356e-01
-2.890e+00 5.692e-01
-2.880e+00 6.648e-01
-2.870e+00 7.330e-01
-2.860e+00 6.522e-01
-2.850e+00 3.963e-01
-2.840e+00 5.323e-01
-2.830e+00 5.742e-01
-2.820e+00 3.711e-01
-2.810e+00 3.062e-01
-2.800e+00 2.978e-01
-2.790e+00 3.927e-01
-2.780e+00 3.681e-01
-2.770e+00 5.959e-01
-2.760e+00 1.040e+00
-2.750e+00 9.357e-01
-2.740e+00 6.937e-01
-2.730e+00 2.441e-01
-2.720e+00 7.362e-02
-2.710e+00 1.450e-01
-2.700e+00 9.650e-02
-2.690e+00 2.941e-01
-2.680e+00 6.498e-01
-2.670e+00 5.313e-01
-2.660e+00 4.552e-01
-2.650e+00 6.011e-01
-2.640e+00 7.017e-01
-2.630e+00 4.798e-01
-2.620e+00 5.697e-01
-2.610e+00 4.045e-01
-2.600e+00 3.638e-01
-2.590e+00 4.307e-01
-2.580e+00 2.537e-01
-2.570e+00 3.654e-01
-2.560e+00 3.574e-01
-2.550e+00 4.438e-01
-2.540e+00 4.648e-01
-2.530e+00 6.062e-01
-2.520e+00 6.142e-01
-2.510e+00 4.772e-01
-2.500e+00 7.747e-01
-2.490e+00 7.413e-01
-2.480e+00 7.875e-01
-2.470e+00 7.155e-01
-2.460e+00 6.227e-01
-2.450e+00 5.132e-01
-2.440e+00 2.174e-01
-2.430e+00 2.652e-01
-2.420e+00 4.486e-01
-2.410e+00 5.538e-01
-2.400e+00 1.007e+00
-2.390e+00 1.122e+00
-2.380e+00 9.099e-01
-2.370e+00 6.479e-01
-2.360e+00 5.774e-01
-2.350e+00 4.387e-01
-2.340e+00 5.873e-01
-2.330e+00 6.362e-01
-2.320e+00 4.397e-01
-2.310e+00 5.003e-01
-2.300e+00 4.397e-01
-2.290e+00 2.923e-01
-2.280e+00 3.951e-01
-2.270e+00 4.072e-01
-2.260e+00 6.132e-01
-2.250e+00 5.603e-01
-2.240e+00 6.000e-01
-2.230e+00 6.981e-01
-2.220e+00 9.423e-01
-2.210e+00 5.081e-01
-2.200e+00 5.522e-01
-2.190e+00 4.962e-01
-2.180e+00 4.960e-01
-2.170e+00 6.872e-01
-2.160e+00 8.230e-01
-2.150e+00 7.947e-01
-2.140e+00 7.338e-01
-2.130e+00 7.115e-01
-2.120e+00 9.857e-01
-2.110e+00 8.973e-01
-2.100e+00 9.934e-01
-2.090e+00 9.241e-01
-2.080e+00 1.053e+00
-2.070e+00 8.583e-01
-2.060e+00 7.640e-01
-2.050e+00 6.960e-01
-2.040e+00 7.021e-01
-2.030e+00 8.127e-01
-2.020e+00 8.949e-01
-2.010e+00 6.950e-01
-2.000e+00 7.235e-01
-1.990e+00 7.609e-01
-1.980e+00 5.877e-01
-1.970e+00 6.561e-01
-1.960e+00 5.315e-01
-1.950e+00 6.664e-01
-1.940e+00 7.252e-01
-1.930e+00 1.085e+00
-1.920e+00 1.140e+00
-1.910e+00 1.017e+00
-1.900e+00 5.746e-01
-1.890e+00 8.156e-01
-1.880e+00 5.294e-01
-1.870e+00 6.908e-01
-1.860e+00 5.091e-01
-1.850e+00 5.493e-01
-1.840e+00 5.800e-01
-1.830e+00 6.677e-01
-1.820e+00 8.607e-01
-1.810e+00 6.895e-01
-1.800e+00 5.361e-01
-1.790e+00 3.771e-01
-1.780e+00 2.477e-01
-1.770e+00 2.394e-01
-1.760e+00 3.792e-01
-1.750e+00 7.965e-01
-1.740e+00 9.542e-01
-1.730e+00 7.475e-01
-1.720e+00 4.780e-01
-1.710e+00 6.822e-01
-1.700e+00 7.312e-01
-1.690e+00 3.512e-01
-1.680e+00 4.339e-01
-1.670e+00 5.801e-01
-1.660e+00 4.311e-01
-1.650e+00 6.323e-01
-1.640e+00 5.201e-01
-1.630e+00 6.010e-01
-1.620e+00 4.699e-01
-1.610e+00 4.382e-01
-1.600e+00 1.979e-01
-1.590e+00 1.217e-01
-1.580e+00 4.107e-02
-1.570e+00 4.400e-01
-1.560e+00 5.282e-01
-1.550e+00 6.611e-01
-1.540e+00 4.711e-01
-1.530e+00 5.835e-01
-1.520e+00 1.639e-01
-1.510e+00 1.840e-01
-1.500e+00 5.313e-01
-1.490e+00 6.686e-01
-1.480e+00 7.691e-01
-1.470e+00 5.235e-01
-1.460e+00 5.965e-01
-1.450e+00 4.231e-01
-1.440e+00 5.119e-01
-1.430e+00 6.791e-01
-1.420e+00 1.085e+00
-1.410e+00 1.172e+00
-1.400e+00 1.336e+00
-1.390e+00 8.689e-01
-1.380e+00 5.754e-01
-1.370e+00 5.260e-01
-1.360e+00 1.034e+00
-1.350e+00 1.431e+00
-1.340e+00 1.366e+00
-1.330e+00 1.421e+00
-1.320e+00 1.352e+00
-1.310e+00 8.664e-01
-1.300e+00 9.353e-01
-1.290e+00 1.607e+00
-1.280e+00 1.193e+00
-1.270e+00 1.028e+00
-1.260e+00 1.026e+00
-1.250e+00 1.326e+00
-1.240e+00 9.505e-01
-1.230e+00 6.004e-01
-1.220e+00 5.760e-01
-1.210e+00 4.673e-01
-1.200e+00 1.068e+00
-1.190e+00 8.814e-01
-1.180e+00 2.967e-01
-1.170e+00 2.168e-01
-1.160e+00 3.991e-01
-1.150e+00 8.140e-01
-1.140e+00 6.063e-01
-1.130e+00 6.516e-01
-1.120e+00 5.420e-01
-1.110e+00 7.052e-01
-1.100e+00 1.716e-01
-1.090e+00 -3.242e-01
-1.080e+00 2.023e-01
-1.070e+00 4.193e-01
-1.060e+00 4.728e-01
-1.050e+00 2.563e-01
-1.040e+00 1.152e-01
-1.030e+00 7.385e-01
-1.020e+00 1.026e+00
-1.010e+00 7.946e-01
-1.000e+00 2.758e-01
-9.900e-01 2.764e-01
-9.800e-01 6.043e-01
-9.700e-01 4.484e-01
-9.600e-01 5.651e-01
-9.500e-01 1.173e+00
-9.400e-01 1.438e+00
-9.300e-01 1.136e+00
-9.200e-01 7.562e-01
-9.100e-01 6.848e-01
-9.000e-01 1.041e+00
-8.900e-01 9.708e-01
-8.800e-01 6.866e-01
-8.700e-01 1.943e-01
-8.600e-01 2.298e-01
-8.500e-01 4.403e-01
-8.400e-01 3.678e-01
-8.300e-01 7.531e-01
-8.200e-01 1.127e+00
-8.100e-01 1.593e+00
-8.000e-01 8.248e-01
-7.900e-01 9.693e-01
-7.800e-01 9.863e-01
-7.700e-01 1.052e+00
-7.600e-01 1.076e+00
-7.500e-01 9.823e-01
-7.400e-01 5.136e-01
-7.300e-01 3.693e-01
-7.200e-01 2.307e-01
-7.100e-01 3.400e-03
-7.000e-01 5.223e-01
-6.900e-01 5.422e-01
-6.800e-01 7.500e-02
-6.700e-01 1.284e-01
-6.600e-01 5.837e-01
-6.500e-01 6.987e-01
-6.400e-01 3.120e-01
-6.300e-01 5.774e-01
-6.200e-01 1.271e+00
-6.100e-01 1.244e+00
-6.000e-01 1.017e+00
-5.900e-01 9.612e-01
-5.800e-01 1.236e+00
-5.700e-01 1.028e+00
-5.600e-01 4.685e-01
-5.500e-01 1.427e-02
-5.400e-01 -3.736e-01
-5.300e-01 1.861e-01
-5.200e-01 3.375e-01
-5.100e-01 7.537e-01
-5.000e-01 3.944e-01
-4.900e-01 -1.628e-01
-4.800e-01 1.461e-01
-4.700e-01 2.261e-01
-4.600e-01 6.497e-01
-4.500e-01 1.569e-01
-4.400e-01 4.449e-01
-4.300e-01 7.307e-01
-4.200e-01 7.815e-01
-4.100e-01 1.141e+00
-4.000e-01 2.223e+00
-3.900e-01 2.624e+00
-3.800e-01 2.325e+00
-3.700e-01 1.485e+00
-3.600e-01 1.211e+00
-3.500e-01 4.688e-01
-3.400e-01 3.343e-01
-3.300e-01 1.929e+00
-3.200e-01 1.874e+00
-3.100e-01 1.937e+00
-3.000e-01 1.003e+00
-2.900e-01 1.018e+00
-2.800e-01 3.699e-01
-2.700e-01 9.838e-01
-2.600e-01 7.783e-01
-2.500e-01 8.459e-01
-2.400e-01 5.334e-01
-2.300e-01 1.505e+00
-2.200e-01 1.311e+00
-2.100e-01 2.066e+00
-2.000e-01 2.304e+00
-1.900e-01 2.455e+00
-1.800e-01 2.123e+00
-1.700e-01 1.911e+00
-1.600e-01 2.524e+00
-1.500e-01 2.110e+00
-1.400e-01 1.819e+00
-1.300e-01 2.696e+00
-1.200e-01 2.181e+00
-1.100e-01 2.300e+00
-1.000e-01 3.391e+00
-9.000e-02 4.071e+00
-8.000e-02 4.477e+00
-7.000e-02 4.968e+00
-6.000e-02 4.080e+00
-5.000e-02 7.016e+00
-4.000e-02 1.142e+01
-3.000e-02 2.072e+01
-2.000e-02 3.402e+01
-1.000e-02 5.247e+01
