# Frequency (1.0/ps)      real(fft(F_2))
0.000e+00 7.007e+01
1.000e-02 4.544e+01
2.000e-02 2.383e+01
3.000e-02 1.033e+01
4.000e-02 5.788e+00
5.000e-02 4.031e+00
6.000e-02 3.638e+00
7.000e-02 3.699e+00
8.000e-02 1.812e+00
9.000e-02 3.834e+00
1.000e-01 3.668e+00
1.100e-01 3.597e+00
1.200e-01 2.586e+00
1.300e-01 1.135e+00
1.400e-01 1.369e+00
1.500e-01 2.313e+00
1.600e-01 2.120e+00
1.700e-01 2.015e+00
1.800e-01 2.114e+00
1.900e-01 1.396e+00
2.000e-01 1.971e+00
2.100e-01 2.260e+00
2.200e-01 3.310e+00
2.300e-01 2.720e+00
2.400e-01 8.242e-01
2.500e-01 1.998e-01
2.600e-01 9.588e-01
2.700e-01 1.235e+00
2.800e-01 5.762e-01
2.900e-01 2.790e-01
3.000e-01 5.029e-01
3.100e-01 4.480e-01
3.200e-01 1.007e+00
3.300e-01 1.062e+00
3.400e-01 1.566e+00
3.500e-01 1.641e+00
3.600e-01 1.885e+00
3.700e-01 1.678e+00
3.800e-01 1.875e+00
3.900e-01 1.485e+00
4.000e-01 6.585e-01
4.100e-01 5.930e-01
4.200e-01 6.677e-01
4.300e-01 1.083e+00
4.400e-01 1.412e+00
4.500e-01 1.065e+00
4.600e-01 6.675e-01
4.700e-01 2.745e-01
4.800e-01 5.041e-01
4.900e-01 1.452e+00
5.000e-01 1.546e+00
5.100e-01 9.944e-01
5.200e-01 4.811e-01
5.300e-01 1.051e+00
5.400e-01 1.127e+00
5.500e-01 1.202e+00
5.600e-01 2.140e+00
5.700e-01 2.088e+00
5.800e-01 1.462e+00
5.900e-01 1.619e+00
6.000e-01 1.840e+00
6.100e-01 1.561e+00
6.200e-01 1.022e+00
6.300e-01 7.404e-01
6.400e-01 5.647e-01
6.500e-01 8.204e-01
6.600e-01 1.035e+00
6.700e-01 9.640e-01
6.800e-01 1.562e+00
6.900e-01 1.379e+00
7.000e-01 6.814e-01
7.100e-01 1.459e-01
7.200e-01 6.535e-01
7.300e-01 3.906e-01
7.400e-01 5.134e-01
7.500e-01 1.046e+00
7.600e-01 6.215e-01
7.700e-01 2.861e-01
7.800e-01 7.543e-02
7.900e-01 8.279e-01
8.000e-01 1.368e+00
8.100e-01 1.638e+00
8.200e-01 1.623e+00
8.300e-01 1.682e+00
8.400e-01 1.257e+00
8.500e-01 1.076e+00
8.600e-01 3.046e-01
8.700e-01 6.698e-01
8.800e-01 9.828e-01
8.900e-01 9.144e-01
9.000e-01 7.342e-01
9.100e-01 1.006e-01
9.200e-01 -2.748e-01
9.300e-01 3.204e-01
9.400e-01 6.727e-01
9.500e-01 8.987e-02
9.600e-01 2.216e-01
9.700e-01 -2.165e-01
9.800e-01 4.087e-01
9.900e-01 1.008e+00
1.000e+00 1.212e+00
1.010e+00 1.391e+00
1.020e+00 1.655e+00
1.030e+00 1.474e+00
1.040e+00 8.879e-01
1.050e+00 8.510e-01
1.060e+00 9.910e-01
1.070e+00 6.014e-01
1.080e+00 -1.044e-01
1.090e+00 -1.086e-01
1.100e+00 -4.419e-01
1.110e+00 7.292e-02
1.120e+00 6.349e-02
1.130e+00 -1.344e-01
1.140e+00 2.178e-01
1.150e+00 7.908e-01
1.160e+00 1.242e+00
1.170e+00 8.602e-01
1.180e+00 7.103e-01
1.190e+00 6.418e-01
1.200e+00 5.228e-01
1.210e+00 4.522e-01
1.220e+00 5.358e-01
1.230e+00 3.014e-01
1.240e+00 3.685e-01
1.250e+00 8.206e-01
1.260e+00 9.054e-01
1.270e+00 9.005e-01
1.280e+00 9.853e-01
1.290e+00 8.217e-01
1.300e+00 9.570e-01
1.310e+00 7.436e-01
1.320e+00 1.176e+00
1.330e+00 1.106e+00
1.340e+00 6.596e-01
1.350e+00 6.870e-01
1.360e+00 4.093e-01
1.370e+00 5.032e-01
1.380e+00 3.684e-01
1.390e+00 2.615e-01
1.400e+00 4.795e-01
1.410e+00 6.371e-01
1.420e+00 4.054e-01
1.430e+00 2.875e-01
1.440e+00 1.190e+00
1.450e+00 1.394e+00
1.460e+00 1.322e+00
1.470e+00 1.121e+00
1.480e+00 1.199e+00
1.490e+00 7.310e-01
1.500e+00 1.969e-01
1.510e+00 4.320e-01
1.520e+00 7.869e-01
1.530e+00 9.088e-01
1.540e+00 7.298e-01
1.550e+00 8.087e-01
1.560e+00 9.668e-01
1.570e+00 7.179e-01
1.580e+00 2.629e-01
1.590e+00 -1.179e-01
1.600e+00 1.218e-01
1.610e+00 8.023e-01
1.620e+00 8.338e-01
1.630e+00 5.504e-01
1.640e+00 1.135e-01
1.650e+00 4.614e-01
1.660e+00 8.477e-01
1.670e+00 1.087e+00
1.680e+00 1.131e+00
1.690e+00 1.450e+00
1.700e+00 1.285e+00
1.710e+00 7.364e-01
1.720e+00 5.058e-01
1.730e+00 5.775e-01
1.740e+00 6.074e-01
1.750e+00 4.282e-01
1.760e+00 8.608e-01
1.770e+00 1.112e+00
1.780e+00 1.220e+00
1.790e+00 1.170e+00
1.800e+00 8.729e-01
1.810e+00 9.062e-01
1.820e+00 6.755e-01
1.830e+00 1.010e+00
1.840e+00 1.270e+00
1.850e+00 1.329e+00
1.860e+00 1.175e+00
1.870e+00 8.630e-01
1.880e+00 8.543e-01
1.890e+00 6.579e-01
1.900e+00 6.849e-01
1.910e+00 9.233e-01
1.920e+00 1.056e+00
1.930e+00 1.091e+00
1.940e+00 1.003e+00
1.950e+00 1.183e+00
1.960e+00 8.572e-01
1.970e+00 5.335e-01
1.980e+00 7.003e-01
1.990e+00 8.814e-01
2.000e+00 8.218e-01
2.010e+00 7.449e-01
2.020e+00 8.658e-01
2.030e+00 9.549e-01
2.040e+00 9.364e-01
2.050e+00 9.333e-01
2.060e+00 6.685e-01
2.070e+00 9.189e-01
2.080e+00 6.975e-01
2.090e+00 5.606e-01
2.100e+00 7.596e-01
2.110e+00 7.026e-01
2.120e+00 4.816e-01
2.130e+00 6.000e-01
2.140e+00 6.522e-01
2.150e+00 9.231e-01
2.160e+00 8.901e-01
2.170e+00 6.082e-01
2.180e+00 4.254e-01
2.190e+00 4.661e-01
2.200e+00 4.512e-01
2.210e+00 3.099e-01
2.220e+00 7.240e-02
2.230e+00 1.075e-01
2.240e+00 5.788e-01
2.250e+00 5.892e-01
2.260e+00 1.948e-01
2.270e+00 2.727e-01
2.280e+00 3.856e-01
2.290e+00 4.409e-01
2.300e+00 5.314e-01
2.310e+00 6.801e-01
2.320e+00 9.622e-01
2.330e+00 1.073e+00
2.340e+00 8.682e-01
2.350e+00 7.066e-01
2.360e+00 3.215e-01
2.370e+00 2.182e-01
2.380e+00 2.021e-01
2.390e+00 5.018e-01
2.400e+00 5.060e-01
2.410e+00 8.256e-01
2.420e+00 1.192e+00
2.430e+00 1.188e+00
2.440e+00 1.220e+00
2.450e+00 1.154e+00
2.460e+00 1.041e+00
2.470e+00 7.310e-01
2.480e+00 4.268e-01
2.490e+00 4.915e-01
2.500e+00 5.065e-01
2.510e+00 5.770e-01
2.520e+00 8.207e-01
2.530e+00 8.554e-01
2.540e+00 7.516e-01
2.550e+00 6.373e-01
2.560e+00 3.865e-01
2.570e+00 4.399e-01
2.580e+00 5.326e-01
2.590e+00 4.287e-01
2.600e+00 3.337e-01
2.610e+00 4.589e-01
2.620e+00 5.994e-01
2.630e+00 4.796e-01
2.640e+00 2.503e-01
2.650e+00 9.100e-02
2.660e+00 1.604e-01
2.670e+00 4.820e-01
2.680e+00 6.002e-01
2.690e+00 4.876e-01
2.700e+00 3.577e-01
2.710e+00 5.691e-01
2.720e+00 3.405e-01
2.730e+00 -7.526e-02
2.740e+00 1.563e-02
2.750e+00 4.344e-01
2.760e+00 7.818e-01
2.770e+00 6.955e-01
2.780e+00 4.049e-01
2.790e+00 5.622e-01
2.800e+00 7.004e-01
2.810e+00 7.479e-01
2.820e+00 6.725e-01
2.830e+00 7.831e-01
2.840e+00 8.534e-01
2.850e+00 8.426e-01
2.860e+00 5.759e-01
2.870e+00 3.966e-01
2.880e+00 5.090e-01
2.890e+00 5.992e-01
2.900e+00 5.212e-01
2.910e+00 5.959e-01
2.920e+00 4.678e-01
2.930e+00 3.485e-01
2.940e+00 3.300e-01
2.950e+00 3.181e-01
2.960e+00 4.528e-01
2.970e+00 5.168e-01
2.980e+00 5.609e-01
2.990e+00 4.832e-01
3.000e+00 2.670e-01
3.010e+00 2.865e-01
3.020e+00 3.331e-01
3.030e+00 6.163e-01
3.040e+00 5.211e-01
3.050e+00 5.221e-01
3.060e+00 5.494e-01
3.070e+00 5.844e-01
3.080e+00 4.249e-01
3.090e+00 4.060e-01
3.100e+00 3.902e-01
3.110e+00 3.056e-01
3.120e+00 4.343e-02
3.130e+00 5.496e-02
3.140e+00 5.578e-01
3.150e+00 4.756e-01
3.160e+00 6.248e-01
3.170e+00 9.403e-01
3.180e+00 7.554e-01
3.190e+00 6.746e-01
3.200e+00 5.041e-01
3.210e+00 5.854e-01
3.220e+00 7.488e-01
3.230e+00 7.779e-01
3.240e+00 5.735e-01
3.250e+00 5.959e-01
3.260e+00 5.809e-01
3.270e+00 6.058e-01
3.280e+00 3.966e-01
3.290e+00 2.384e-01
3.300e+00 4.064e-01
3.310e+00 5.241e-01
3.320e+00 5.925e-01
3.330e+00 6.268e-01
3.340e+00 8.916e-01
3.350e+00 8.215e-01
3.360e+00 6.350e-01
3.370e+00 3.645e-01
3.380e+00 5.102e-01
3.390e+00 5.891e-01
3.400e+00 5.513e-01
3.410e+00 2.730e-01
3.420e+00 3.921e-01
3.430e+00 4.005e-01
3.440e+00 4.211e-01
3.450e+00 5.694e-01
3.460e+00 6.798e-01
3.470e+00 6.267e-01
3.480e+00 5.529e-01
3.490e+00 5.718e-01
3.500e+00 6.523e-01
3.510e+00 6.398e-01
3.520e+00 6.089e-01
3.530e+00 7.045e-01
3.540e+00 7.691e-01
3.550e+00 1.050e+00
3.560e+00 1.154e+00
3.570e+00 8.333e-01
3.580e+00 4.149e-01
3.590e+00 2.454e-01
3.600e+00 4.838e-01
3.610e+00 5.631e-01
3.620e+00 5.208e-01
3.630e+00 4.410e-01
3.640e+00 5.500e-01
3.650e+00 7.624e-01
3.660e+00 7.760e-01
3.670e+00 6.233e-01
3.680e+00 4.762e-01
3.690e+00 5.496e-01
3.700e+00 5.901e-01
3.710e+00 6.307e-01
3.720e+00 6.410e-01
3.730e+00 6.008e-01
3.740e+00 5.460e-01
3.750e+00 4.202e-01
3.760e+00 2.161e-01
3.770e+00 2.530e-01
3.780e+00 4.183e-01
3.790e+00 4.037e-01
3.800e+00 4.266e-01
3.810e+00 4.681e-01
3.820e+00 6.098e-01
3.830e+00 5.947e-01
3.840e+00 5.830e-01
3.850e+00 7.036e-01
3.860e+00 8.415e-01
3.870e+00 6.056e-01
3.880e+00 8.108e-01
3.890e+00 8.900e-01
3.900e+00 9.512e-01
3.910e+00 9.199e-01
3.920e+00 8.868e-01
3.930e+00 6.814e-01
3.940e+00 6.247e-01
3.950e+00 5.700e-01
3.960e+00 4.452e-01
3.970e+00 5.450e-01
3.980e+00 6.750e-01
3.990e+00 7.839e-01
4.000e+00 7.354e-01
4.010e+00 5.331e-01
4.020e+00 5.159e-01
4.030e+00 7.724e-01
4.040e+00 6.961e-01
4.050e+00 5.856e-01
4.060e+00 5.331e-01
4.070e+00 4.479e-01
4.080e+00 4.252e-01
4.090e+00 5.230e-01
4.100e+00 7.704e-01
4.110e+00 1.099e+00
4.120e+00 1.106e+00
4.130e+00 7.280e-01
4.140e+00 5.892e-01
4.150e+00 4.773e-01
4.160e+00 4.771e-01
4.170e+00 4.665e-01
4.180e+00 4.854e-01
4.190e+00 5.041e-01
4.200e+00 6.431e-01
4.210e+00 4.493e-01
4.220e+00 6.469e-02
4.230e+00 5.928e-02
4.240e+00 9.395e-02
4.250e+00 2.747e-01
4.260e+00 6.321e-01
4.270e+00 6.965e-01
4.280e+00 7.093e-01
4.290e+00 6.155e-01
4.300e+00 5.728e-01
4.310e+00 4.978e-01
4.320e+00 5.841e-01
4.330e+00 5.728e-01
4.340e+00 6.881e-01
4.350e+00 5.030e-01
4.360e+00 3.949e-01
4.370e+00 5.453e-01
4.380e+00 5.193e-01
4.390e+00 4.182e-01
4.400e+00 3.159e-01
4.410e+00 2.062e-01
4.420e+00 1.412e-01
4.430e+00 1.898e-01
4.440e+00 1.710e-01
4.450e+00 2.702e-01
4.460e+00 4.130e-01
4.470e+00 3.487e-01
4.480e+00 2.605e-01
4.490e+00 2.373e-01
4.500e+00 3.284e-01
4.510e+00 5.548e-01
4.520e+00 5.930e-01
4.530e+00 6.448e-01
4.540e+00 6.468e-01
4.550e+00 5.166e-01
4.560e+00 3.887e-01
4.570e+00 3.179e-01
4.580e+00 4.246e-01
4.590e+00 2.751e-01
4.600e+00 3.968e-01
4.610e+00 5.790e-01
4.620e+00 7.412e-01
4.630e+00 5.797e-01
4.640e+00 5.927e-01
4.650e+00 6.062e-01
4.660e+00 7.260e-01
4.670e+00 6.396e-01
4.680e+00 3.336e-01
4.690e+00 1.439e-01
4.700e+00 1.643e-01
4.710e+00 2.124e-01
4.720e+00 2.676e-01
4.730e+00 3.606e-01
4.740e+00 4.211e-01
4.750e+00 3.665e-01
4.760e+00 3.470e-01
4.770e+00 2.530e-01
4.780e+00 4.398e-01
4.790e+00 5.555e-01
4.800e+00 5.646e-01
4.810e+00 6.717e-01
4.820e+00 4.240e-01
4.830e+00 3.540e-01
4.840e+00 4.785e-01
4.850e+00 4.476e-01
4.860e+00 6.187e-01
4.870e+00 6.497e-01
4.880e+00 5.796e-01
4.890e+00 7.216e-01
4.900e+00 6.087e-01
4.910e+00 5.700e-01
4.920e+00 4.915e-01
4.930e+00 5.067e-01
4.940e+00 7.077e-01
4.950e+00 7.229e-01
4.960e+00 7.088e-01
4.970e+00 6.966e-01
4.980e+00 5.809e-01
4.990e+00 4.016e-01
-5.000e+00 5.152e-01
-4.990e+00 6.455e-01
-4.980e+00 7.137e-01
-4.970e+00 6.498e-01
-4.960e+00 4.738e-01
-4.950e+00 3.814e-01
-4.940e+00 5.091e-01
-4.930e+00 6.537e-01
-4.920e+00 6.044e-01
-4.910e+00 6.361e-01
-4.900e+00 6.120e-01
-4.890e+00 4.803e-01
-4.880e+00 4.765e-01
-4.870e+00 4.179e-01
-4.860e+00 5.578e-01
-4.850e+00 7.793e-01
-4.840e+00 8.250e-01
-4.830e+00 6.657e-01
-4.820e+00 7.005e-01
-4.810e+00 6.591e-01
-4.800e+00 6.438e-01
-4.790e+00 5.216e-01
-4.780e+00 5.029e-01
-4.770e+00 4.449e-01
-4.760e+00 6.081e-01
-4.750e+00 6.967e-01
-4.740e+00 6.883e-01
-4.730e+00 4.418e-01
-4.720e+00 1.485e-01
-4.710e+00 1.272e-01
-4.700e+00 4.425e-01
-4.690e+00 5.637e-01
-4.680e+00 4.843e-01
-4.670e+00 5.046e-01
-4.660e+00 7.229e-01
-4.650e+00 7.389e-01
-4.640e+00 7.405e-01
-4.630e+00 6.868e-01
-4.620e+00 8.145e-01
-4.610e+00 1.098e+00
-4.600e+00 8.994e-01
-4.590e+00 6.743e-01
-4.580e+00 9.037e-01
-4.570e+00 9.284e-01
-4.560e+00 8.127e-01
-4.550e+00 4.435e-01
-4.540e+00 3.120e-01
-4.530e+00 5.790e-01
-4.520e+00 7.334e-01
-4.510e+00 7.143e-01
-4.500e+00 5.736e-01
-4.490e+00 2.576e-01
-4.480e+00 4.877e-02
-4.470e+00 1.246e-01
-4.460e+00 2.937e-01
-4.450e+00 4.245e-01
-4.440e+00 5.237e-01
-4.430e+00 4.396e-01
-4.420e+00 6.034e-01
-4.410e+00 3.407e-01
-4.400e+00 2.504e-01
-4.390e+00 4.589e-01
-4.380e+00 5.793e-01
-4.370e+00 5.123e-01
-4.360e+00 3.974e-01
-4.350e+00 4.509e-01
-4.340e+00 7.904e-01
-4.330e+00 9.326e-01
-4.320e+00 9.043e-01
-4.310e+00 8.218e-01
-4.300e+00 5.989e-01
-4.290e+00 5.753e-01
-4.280e+00 5.954e-01
-4.270e+00 5.667e-01
-4.260e+00 5.877e-01
-4.250e+00 7.617e-01
-4.240e+00 6.845e-01
-4.230e+00 5.153e-01
-4.220e+00 4.440e-01
-4.210e+00 4.334e-01
-4.200e+00 4.323e-01
-4.190e+00 4.758e-01
-4.180e+00 5.427e-01
-4.170e+00 6.253e-01
-4.160e+00 5.354e-01
-4.150e+00 3.221e-01
-4.140e+00 5.542e-01
-4.130e+00 6.795e-01
-4.120e+00 7.862e-01
-4.110e+00 6.461e-01
-4.100e+00 5.154e-01
-4.090e+00 3.975e-01
-4.080e+00 6.233e-01
-4.070e+00 7.045e-01
-4.060e+00 4.387e-01
-4.050e+00 2.715e-01
-4.040e+00 3.374e-01
-4.030e+00 5.081e-01
-4.020e+00 4.677e-01
-4.010e+00 4.968e-01
-4.000e+00 7.014e-01
-3.990e+00 8.891e-01
-3.980e+00 8.382e-01
-3.970e+00 6.653e-01
-3.960e+00 7.969e-01
-3.950e+00 8.187e-01
-3.940e+00 7.480e-01
-3.930e+00 5.380e-01
-3.920e+00 5.663e-01
-3.910e+00 6.269e-01
-3.900e+00 2.071e-01
-3.890e+00 2.948e-01
-3.880e+00 4.762e-01
-3.870e+00 6.155e-01
-3.860e+00 5.863e-01
-3.850e+00 7.129e-01
-3.840e+00 7.147e-01
-3.830e+00 4.036e-01
-3.820e+00 2.217e-01
-3.810e+00 1.506e-01
-3.800e+00 4.406e-01
-3.790e+00 5.273e-01
-3.780e+00 5.281e-01
-3.770e+00 2.468e-01
-3.760e+00 2.688e-01
-3.750e+00 5.845e-01
-3.740e+00 6.696e-01
-3.730e+00 8.340e-01
-3.720e+00 9.877e-01
-3.710e+00 1.005e+00
-3.700e+00 7.243e-01
-3.690e+00 6.530e-01
-3.680e+00 7.792e-01
-3.670e+00 9.646e-01
-3.660e+00 9.293e-01
-3.650e+00 7.240e-01
-3.640e+00 9.399e-01
-3.630e+00 9.562e-01
-3.620e+00 7.145e-01
-3.610e+00 3.004e-01
-3.600e+00 2.542e-01
-3.590e+00 3.577e-01
-3.580e+00 4.240e-01
-3.570e+00 4.552e-01
-3.560e+00 5.229e-01
-3.550e+00 3.746e-01
-3.540e+00 3.931e-01
-3.530e+00 5.693e-01
-3.520e+00 5.758e-01
-3.510e+00 5.087e-01
-3.500e+00 5.821e-01
-3.490e+00 8.351e-01
-3.480e+00 1.177e+00
-3.470e+00 1.195e+00
-3.460e+00 8.950e-01
-3.450e+00 6.164e-01
-3.440e+00 3.276e-01
-3.430e+00 6.236e-01
-3.420e+00 8.957e-01
-3.410e+00 9.060e-01
-3.400e+00 7.779e-01
-3.390e+00 7.110e-01
-3.380e+00 8.894e-01
-3.370e+00 1.090e+00
-3.360e+00 1.095e+00
-3.350e+00 1.163e+00
-3.340e+00 1.095e+00
-3.330e+00 9.513e-01
-3.320e+00 9.643e-01
-3.310e+00 6.262e-01
-3.300e+00 5.185e-01
-3.290e+00 6.386e-01
-3.280e+00 8.378e-01
-3.270e+00 8.398e-01
-3.260e+00 7.457e-01
-3.250e+00 8.704e-01
-3.240e+00 9.944e-01
-3.230e+00 1.023e+00
-3.220e+00 8.737e-01
-3.210e+00 8.299e-01
-3.200e+00 6.562e-01
-3.190e+00 6.341e-01
-3.180e+00 7.057e-01
-3.170e+00 7.562e-01
-3.160e+00 7.151e-01
-3.150e+00 7.729e-01
-3.140e+00 5.288e-01
-3.130e+00 2.803e-01
-3.120e+00 2.577e-01
-3.110e+00 2.879e-01
-3.100e+00 4.314e-01
-3.090e+00 4.671e-01
-3.080e+00 3.526e-01
-3.070e+00 3.067e-01
-3.060e+00 2.877e-01
-3.050e+00 3.755e-01
-3.040e+00 4.392e-01
-3.030e+00 5.863e-01
-3.020e+00 5.552e-01
-3.010e+00 6.780e-01
-3.000e+00 8.515e-01
-2.990e+00 8.821e-01
-2.980e+00 8.849e-01
-2.970e+00 9.100e-01
-2.960e+00 7.259e-01
-2.950e+00 6.272e-01
-2.940e+00 3.953e-01
-2.930e+00 1.670e-01
-2.920e+00 2.809e-01
-2.910e+00 3.420e-01
-2.900e+00 2.929e-01
-2.890e+00 4.093e-01
-2.880e+00 6.077e-01
-2.870e+00 9.178e-01
-2.860e+00 1.067e+00
-2.850e+00 9.326e-01
-2.840e+00 7.346e-01
-2.830e+00 7.597e-01
-2.820e+00 8.720e-01
-2.810e+00 8.258e-01
-2.800e+00 5.315e-01
-2.790e+00 4.980e-01
-2.780e+00 3.569e-01
-2.770e+00 4.794e-01
-2.760e+00 5.227e-01
-2.750e+00 5.752e-01
-2.740e+00 8.560e-01
-2.730e+00 9.196e-01
-2.720e+00 5.446e-01
-2.710e+00 5.221e-01
-2.700e+00 4.302e-01
-2.690e+00 4.840e-01
-2.680e+00 5.786e-01
-2.670e+00 7.917e-01
-2.660e+00 5.717e-01
-2.650e+00 5.901e-01
-2.640e+00 5.599e-01
-2.630e+00 6.349e-01
-2.620e+00 6.291e-01
-2.610e+00 6.092e-01
-2.600e+00 4.583e-01
-2.590e+00 4.328e-01
-2.580e+00 5.201e-01
-2.570e+00 5.485e-01
-2.560e+00 5.684e-01
-2.550e+00 5.085e-01
-2.540e+00 3.266e-01
-2.530e+00 4.221e-01
-2.520e+00 6.029e-01
-2.510e+00 5.166e-01
-2.500e+00 4.383e-01
-2.490e+00 6.377e-01
-2.480e+00 7.219e-01
-2.470e+00 7.581e-01
-2.460e+00 9.701e-01
-2.450e+00 6.867e-01
-2.440e+00 2.690e-01
-2.430e+00 1.272e-01
-2.420e+00 1.708e-01
-2.410e+00 4.248e-01
-2.400e+00 5.562e-01
-2.390e+00 5.766e-01
-2.380e+00 4.958e-01
-2.370e+00 4.530e-01
-2.360e+00 2.275e-01
-2.350e+00 2.743e-01
-2.340e+00 4.426e-01
-2.330e+00 3.358e-01
-2.320e+00 2.458e-01
-2.310e+00 2.923e-01
-2.300e+00 5.016e-01
-2.290e+00 5.393e-01
-2.280e+00 5.683e-01
-2.270e+00 7.901e-01
-2.260e+00 6.797e-01
-2.250e+00 4.035e-01
-2.240e+00 2.196e-01
-2.230e+00 2.303e-01
-2.220e+00 6.411e-01
-2.210e+00 8.976e-01
-2.200e+00 8.851e-01
-2.190e+00 9.273e-01
-2.180e+00 6.151e-01
-2.170e+00 5.761e-01
-2.160e+00 5.955e-01
-2.150e+00 6.041e-01
-2.140e+00 5.706e-01
-2.130e+00 4.762e-01
-2.120e+00 4.409e-01
-2.110e+00 2.403e-01
-2.100e+00 3.344e-01
-2.090e+00 1.677e-01
-2.080e+00 3.536e-01
-2.070e+00 4.220e-01
-2.060e+00 5.640e-01
-2.050e+00 7.026e-01
-2.040e+00 5.144e-01
-2.030e+00 4.246e-01
-2.020e+00 7.569e-01
-2.010e+00 1.096e+00
-2.000e+00 8.659e-01
-1.990e+00 7.161e-01
-1.980e+00 6.077e-01
-1.970e+00 8.155e-01
-1.960e+00 6.842e-01
-1.950e+00 5.248e-01
-1.940e+00 4.738e-01
-1.930e+00 9.782e-01
-1.920e+00 1.077e+00
-1.910e+00 8.118e-01
-1.900e+00 2.651e-01
-1.890e+00 2.133e-01
-1.880e+00 4.150e-01
-1.870e+00 5.953e-01
-1.860e+00 5.691e-01
-1.850e+00 6.624e-01
-1.840e+00 7.016e-01
-1.830e+00 7.369e-01
-1.820e+00 7.334e-01
-1.810e+00 7.761e-01
-1.800e+00 6.002e-01
-1.790e+00 3.308e-01
-1.780e+00 -9.955e-02
-1.770e+00 2.629e-01
-1.760e+00 1.084e+00
-1.750e+00 1.086e+00
-1.740e+00 1.086e+00
-1.730e+00 8.490e-01
-1.720e+00 6.957e-01
-1.710e+00 5.112e-01
-1.700e+00 1.379e-01
-1.690e+00 -1.932e-01
-1.680e+00 1.305e-01
-1.670e+00 6.958e-02
-1.660e+00 3.017e-01
-1.650e+00 4.478e-01
-1.640e+00 7.528e-01
-1.630e+00 9.867e-01
-1.620e+00 1.266e+00
-1.610e+00 1.256e+00
-1.600e+00 5.744e-01
-1.590e+00 4.008e-01
-1.580e+00 2.573e-01
-1.570e+00 2.293e-01
-1.560e+00 1.529e-01
-1.550e+00 1.660e-01
-1.540e+00 3.713e-01
-1.530e+00 5.922e-02
-1.520e+00 2.238e-01
-1.510e+00 1.609e-01
-1.500e+00 -4.237e-02
-1.490e+00 -1.419e-01
-1.480e+00 4.240e-02
-1.470e+00 7.855e-02
-1.460e+00 4.130e-01
-1.450e+00 8.648e-01
-1.440e+00 7.983e-01
-1.430e+00 5.250e-01
-1.420e+00 6.740e-01
-1.410e+00 5.843e-01
-1.400e+00 5.360e-01
-1.390e+00 1.697e-01
-1.380e+00 -1.835e-01
-1.370e+00 3.899e-02
-1.360e+00 2.098e-01
-1.350e+00 3.901e-01
-1.340e+00 1.649e-01
-1.330e+00 2.567e-01
-1.320e+00 -5.289e-02
-1.310e+00 3.250e-03
-1.300e+00 4.657e-01
-1.290e+00 6.711e-01
-1.280e+00 8.833e-01
-1.270e+00 1.147e+00
-1.260e+00 8.296e-01
-1.250e+00 4.157e-01
-1.240e+00 5.263e-01
-1.230e+00 7.018e-01
-1.220e+00 7.502e-01
-1.210e+00 5.455e-01
-1.200e+00 1.335e+00
-1.190e+00 1.383e+00
-1.180e+00 7.279e-01
-1.170e+00 1.773e-01
-1.160e+00 5.633e-01
-1.150e+00 1.043e+00
-1.140e+00 1.250e+00
-1.130e+00 1.381e+00
-1.120e+00 1.010e+00
-1.110e+00 5.438e-01
-1.100e+00 4.520e-01
-1.090e+00 5.386e-01
-1.080e+00 7.883e-01
-1.070e+00 6.467e-01
-1.060e+00 4.385e-01
-1.050e+00 8.239e-01
-1.040e+00 3.482e-01
-1.030e+00 3.191e-01
-1.020e+00 4.783e-01
-1.010e+00 6.840e-01
-1.000e+00 8.006e-01
-9.900e-01 1.131e+00
-9.800e-01 1.279e+00
-9.700e-01 1.057e+00
-9.600e-01 1.199e+00
-9.500e-01 1.519e+00
-9.400e-01 1.346e+00
-9.300e-01 9.467e-01
-9.200e-01 8.788e-01
-9.100e-01 4.921e-01
-9.000e-01 3.238e-01
-8.900e-01 3.832e-01
-8.800e-01 4.311e-01
-8.700e-01 5.081e-01
-8.600e-01 4.154e-01
-8.500e-01 3.128e-01
-8.400e-01 1.487e-01
-8.300e-01 2.894e-01
-8.200e-01 6.726e-01
-8.100e-01 4.539e-01
-8.000e-01 6.688e-01
-7.900e-01 1.429e+00
-7.800e-01 1.465e+00
-7.700e-01 1.300e+00
-7.600e-01 9.593e-01
-7.500e-01 3.970e-01
-7.400e-01 5.968e-02
-7.300e-01 1.021e-01
-7.200e-01 2.105e-01
-7.100e-01 -7.046e-02
-7.000e-01 2.726e-01
-6.900e-01 3.625e-01
-6.800e-01 3.160e-01
-6.700e-01 5.342e-02
-6.600e-01 3.312e-01
-6.500e-01 6.923e-01
-6.400e-01 1.030e+00
-6.300e-01 1.189e+00
-6.200e-01 7.176e-01
-6.100e-01 5.520e-01
-6.000e-01 5.526e-01
-5.900e-01 2.946e-01
-5.800e-01 7.914e-01
-5.700e-01 7.146e-01
-5.600e-01 1.068e+00
-5.500e-01 8.011e-01
-5.400e-01 1.810e-01
-5.300e-01 6.555e-01
-5.200e-01 1.300e+00
-5.100e-01 1.612e+00
-5.000e-01 7.927e-01
-4.900e-01 6.515e-01
-4.800e-01 1.007e+00
-4.700e-01 1.305e+00
-4.600e-01 1.106e+00
-4.500e-01 6.254e-01
-4.400e-01 1.408e+00
-4.300e-01 1.680e+00
-4.200e-01 1.601e+00
-4.100e-01 1.241e+00
-4.000e-01 1.070e+00
-3.900e-01 1.223e+00
-3.800e-01 9.073e-01
-3.700e-01 -1.193e-01
-3.600e-01 -2.318e-01
-3.500e-01 8.839e-01
-3.400e-01 1.968e+00
-3.300e-01 2.116e+00
-3.200e-01 8.856e-01
-3.100e-01 6.551e-01
-3.000e-01 2.791e-01
-2.900e-01 3.681e-01
-2.800e-01 -1.239e-03
-2.700e-01 5.436e-01
-2.600e-01 1.852e+00
-2.500e-01 1.689e+00
-2.400e-01 1.439e+00
-2.300e-01 1.953e+00
-2.200e-01 6.964e-01
-2.100e-01 3.768e-01
-2.000e-01 1.129e+00
-1.900e-01 2.636e+00
-1.800e-01 3.848e+00
-1.700e-01 4.169e+00
-1.600e-01 2.060e+00
-1.500e-01 7.756e-01
-1.400e-01 1.733e+00
-1.300e-01 3.411e+00
-1.200e-01 3.217e+00
-1.100e-01 4.134e+00
-1.000e-01 5.660e+00
-9.000e-02 8.078e+00
-8.000e-02 1.037e+01
-7.000e-02 8.336e+00
-6.000e-02 8.757e+00
-5.000e-02 1.113e+01
-4.000e-02 9.218e+00
-3.000e-02 1.764e+01
-2.000e-02 3.004e+01
-1.000e-02 5.113e+01
