# Frequency (1.0/ps)      real(fft(F_1))
0.000e+00 8.484e+01
1.000e-02 4.322e+01
2.000e-02 2.810e+01
3.000e-02 1.872e+01
4.000e-02 1.443e+01
5.000e-02 1.046e+01
6.000e-02 6.842e+00
7.000e-02 7.017e+00
8.000e-02 5.045e+00
9.000e-02 2.084e+00
1.000e-01 2.524e+00
1.100e-01 4.011e+00
1.200e-01 4.919e+00
1.300e-01 4.772e+00
1.400e-01 2.676e+00
1.500e-01 3.147e+00
1.600e-01 3.168e+00
1.700e-01 2.467e+00
1.800e-01 3.035e+00
1.900e-01 1.928e+00
2.000e-01 2.431e+00
2.100e-01 3.072e+00
2.200e-01 3.085e+00
2.300e-01 2.063e+00
2.400e-01 9.125e-01
2.500e-01 5.192e-01
2.600e-01 8.477e-01
2.700e-01 9.164e-01
2.800e-01 1.483e+00
2.900e-01 1.578e+00
3.000e-01 1.159e+00
3.100e-01 1.239e+00
3.200e-01 4.283e-01
3.300e-01 1.167e+00
3.400e-01 1.499e+00
3.500e-01 1.350e+00
3.600e-01 1.352e+00
3.700e-01 5.663e-01
3.800e-01 6.519e-01
3.900e-01 3.895e-01
4.000e-01 1.046e+00
4.100e-01 2.649e-01
4.200e-01 6.421e-01
4.300e-01 5.805e-01
4.400e-01 8.204e-01
4.500e-01 1.550e-01
4.600e-01 2.801e-01
4.700e-01 5.439e-01
4.800e-01 2.786e-01
4.900e-01 4.434e-01
5.000e-01 1.420e+00
5.100e-01 9.816e-01
5.200e-01 8.306e-01
5.300e-01 9.886e-01
5.400e-01 1.139e+00
5.500e-01 1.418e+00
5.600e-01 1.005e+00
5.700e-01 1.035e+00
5.800e-01 1.408e+00
5.900e-01 9.672e-01
6.000e-01 1.351e+00
6.100e-01 9.382e-01
6.200e-01 6.034e-01
6.300e-01 7.584e-01
6.400e-01 9.436e-01
6.500e-01 9.171e-01
6.600e-01 7.340e-01
6.700e-01 3.801e-01
6.800e-01 5.530e-01
6.900e-01 5.208e-01
7.000e-01 3.617e-01
7.100e-01 4.269e-01
7.200e-01 9.254e-01
7.300e-01 4.115e-01
7.400e-01 8.098e-01
7.500e-01 9.345e-01
7.600e-01 1.060e+00
7.700e-01 7.869e-01
7.800e-01 1.005e+00
7.900e-01 9.902e-01
8.000e-01 8.023e-01
8.100e-01 7.254e-01
8.200e-01 5.974e-01
8.300e-01 7.322e-01
8.400e-01 7.212e-01
8.500e-01 7.597e-01
8.600e-01 6.693e-01
8.700e-01 9.675e-01
8.800e-01 1.444e-01
8.900e-01 5.117e-01
9.000e-01 5.267e-01
9.100e-01 7.606e-01
9.200e-01 6.258e-01
9.300e-01 8.947e-01
9.400e-01 5.953e-01
9.500e-01 7.951e-01
9.600e-01 3.617e-01
9.700e-01 7.107e-01
9.800e-01 5.532e-01
9.900e-01 6.512e-01
1.000e+00 3.785e-01
1.010e+00 4.242e-01
1.020e+00 5.108e-01
1.030e+00 2.424e-01
1.040e+00 2.659e-01
1.050e+00 1.879e-02
1.060e+00 2.485e-01
1.070e+00 2.521e-01
1.080e+00 7.351e-01
1.090e+00 6.101e-01
1.100e+00 5.249e-01
1.110e+00 1.535e-01
1.120e+00 3.110e-01
1.130e+00 7.001e-01
1.140e+00 9.214e-01
1.150e+00 5.771e-01
1.160e+00 5.188e-01
1.170e+00 1.642e-01
1.180e+00 3.569e-01
1.190e+00 1.972e-01
1.200e+00 3.518e-01
1.210e+00 4.242e-01
1.220e+00 5.429e-01
1.230e+00 4.360e-01
1.240e+00 5.833e-01
1.250e+00 8.509e-01
1.260e+00 9.468e-01
1.270e+00 5.471e-01
1.280e+00 6.541e-01
1.290e+00 7.619e-01
1.300e+00 6.013e-01
1.310e+00 3.999e-01
1.320e+00 4.748e-01
1.330e+00 6.554e-01
1.340e+00 3.940e-01
1.350e+00 3.130e-01
1.360e+00 4.641e-01
1.370e+00 6.521e-01
1.380e+00 5.916e-01
1.390e+00 3.922e-01
1.400e+00 4.390e-01
1.410e+00 3.786e-01
1.420e+00 6.907e-01
1.430e+00 6.483e-01
1.440e+00 9.599e-01
1.450e+00 8.382e-01
1.460e+00 5.155e-01
1.470e+00 5.021e-01
1.480e+00 6.304e-01
1.490e+00 1.074e+00
1.500e+00 8.147e-01
1.510e+00 1.024e+00
1.520e+00 7.640e-01
1.530e+00 6.988e-01
1.540e+00 6.086e-01
1.550e+00 6.702e-01
1.560e+00 7.991e-01
1.570e+00 8.178e-01
1.580e+00 8.491e-01
1.590e+00 6.890e-01
1.600e+00 7.455e-01
1.610e+00 1.110e+00
1.620e+00 9.693e-01
1.630e+00 6.958e-01
1.640e+00 9.341e-01
1.650e+00 1.167e+00
1.660e+00 1.259e+00
1.670e+00 9.661e-01
1.680e+00 7.567e-01
1.690e+00 8.016e-01
1.700e+00 5.961e-01
1.710e+00 6.149e-01
1.720e+00 8.459e-01
1.730e+00 8.345e-01
1.740e+00 7.428e-01
1.750e+00 6.288e-01
1.760e+00 6.957e-01
1.770e+00 7.018e-01
1.780e+00 9.178e-01
1.790e+00 7.320e-01
1.800e+00 5.893e-01
1.810e+00 8.693e-01
1.820e+00 6.505e-01
1.830e+00 4.669e-01
1.840e+00 5.272e-01
1.850e+00 5.045e-01
1.860e+00 2.973e-01
1.870e+00 4.405e-01
1.880e+00 2.619e-01
1.890e+00 1.869e-01
1.900e+00 4.605e-01
1.910e+00 5.695e-01
1.920e+00 5.724e-01
1.930e+00 5.763e-01
1.940e+00 5.147e-01
1.950e+00 5.145e-01
1.960e+00 3.305e-01
1.970e+00 3.635e-01
1.980e+00 6.728e-01
1.990e+00 6.073e-01
2.000e+00 5.188e-01
2.010e+00 6.151e-01
2.020e+00 5.966e-01
2.030e+00 4.553e-01
2.040e+00 4.759e-01
2.050e+00 6.982e-01
2.060e+00 6.369e-01
2.070e+00 6.652e-01
2.080e+00 7.610e-01
2.090e+00 9.649e-01
2.100e+00 7.511e-01
2.110e+00 5.371e-01
2.120e+00 6.969e-01
2.130e+00 8.186e-01
2.140e+00 4.999e-01
2.150e+00 4.052e-01
2.160e+00 5.561e-01
2.170e+00 5.159e-01
2.180e+00 5.054e-01
2.190e+00 4.767e-01
2.200e+00 7.737e-01
2.210e+00 6.874e-01
2.220e+00 5.317e-01
2.230e+00 5.011e-01
2.240e+00 6.993e-01
2.250e+00 7.346e-01
2.260e+00 5.333e-01
2.270e+00 5.485e-01
2.280e+00 4.279e-01
2.290e+00 6.087e-01
2.300e+00 5.533e-01
2.310e+00 4.566e-01
2.320e+00 4.329e-01
2.330e+00 4.870e-01
2.340e+00 3.376e-01
2.350e+00 5.345e-01
2.360e+00 7.476e-01
2.370e+00 6.490e-01
2.380e+00 5.043e-01
2.390e+00 4.137e-01
2.400e+00 3.621e-01
2.410e+00 5.670e-01
2.420e+00 6.336e-01
2.430e+00 5.832e-01
2.440e+00 7.638e-01
2.450e+00 6.810e-01
2.460e+00 5.736e-01
2.470e+00 5.741e-01
2.480e+00 6.802e-01
2.490e+00 6.223e-01
2.500e+00 6.665e-01
2.510e+00 5.783e-01
2.520e+00 4.249e-01
2.530e+00 6.751e-01
2.540e+00 4.317e-01
2.550e+00 4.819e-01
2.560e+00 3.618e-01
2.570e+00 4.989e-01
2.580e+00 4.897e-01
2.590e+00 5.319e-01
2.600e+00 5.396e-01
2.610e+00 6.970e-01
2.620e+00 6.459e-01
2.630e+00 7.138e-01
2.640e+00 6.556e-01
2.650e+00 7.677e-01
2.660e+00 8.265e-01
2.670e+00 9.417e-01
2.680e+00 8.579e-01
2.690e+00 6.063e-01
2.700e+00 8.331e-01
2.710e+00 7.680e-01
2.720e+00 8.847e-01
2.730e+00 9.049e-01
2.740e+00 8.713e-01
2.750e+00 7.647e-01
2.760e+00 5.819e-01
2.770e+00 6.855e-01
2.780e+00 8.305e-01
2.790e+00 6.372e-01
2.800e+00 5.208e-01
2.810e+00 5.710e-01
2.820e+00 5.787e-01
2.830e+00 6.615e-01
2.840e+00 5.697e-01
2.850e+00 5.837e-01
2.860e+00 5.556e-01
2.870e+00 5.573e-01
2.880e+00 5.153e-01
2.890e+00 5.502e-01
2.900e+00 5.679e-01
2.910e+00 4.837e-01
2.920e+00 6.498e-01
2.930e+00 6.154e-01
2.940e+00 3.469e-01
2.950e+00 3.157e-01
2.960e+00 3.944e-01
2.970e+00 4.164e-01
2.980e+00 4.382e-01
2.990e+00 4.538e-01
3.000e+00 4.159e-01
3.010e+00 6.628e-01
3.020e+00 5.709e-01
3.030e+00 4.581e-01
3.040e+00 4.118e-01
3.050e+00 4.762e-01
3.060e+00 7.736e-01
3.070e+00 6.354e-01
3.080e+00 7.457e-01
3.090e+00 7.730e-01
3.100e+00 6.573e-01
3.110e+00 7.345e-01
3.120e+00 6.606e-01
3.130e+00 6.706e-01
3.140e+00 4.349e-01
3.150e+00 5.412e-01
3.160e+00 4.958e-01
3.170e+00 4.612e-01
3.180e+00 5.558e-01
3.190e+00 5.615e-01
3.200e+00 5.572e-01
3.210e+00 6.826e-01
3.220e+00 8.214e-01
3.230e+00 7.636e-01
3.240e+00 6.149e-01
3.250e+00 6.415e-01
3.260e+00 5.951e-01
3.270e+00 6.091e-01
3.280e+00 4.488e-01
3.290e+00 2.948e-01
3.300e+00 2.691e-01
3.310e+00 5.171e-01
3.320e+00 5.375e-01
3.330e+00 1.911e-01
3.340e+00 4.878e-01
3.350e+00 5.606e-01
3.360e+00 5.712e-01
3.370e+00 7.068e-01
3.380e+00 5.261e-01
3.390e+00 4.326e-01
3.400e+00 4.745e-01
3.410e+00 4.799e-01
3.420e+00 5.848e-01
3.430e+00 5.987e-01
3.440e+00 5.961e-01
3.450e+00 5.623e-01
3.460e+00 6.761e-01
3.470e+00 5.566e-01
3.480e+00 5.541e-01
3.490e+00 6.226e-01
3.500e+00 5.776e-01
3.510e+00 6.724e-01
3.520e+00 6.563e-01
3.530e+00 5.681e-01
3.540e+00 5.788e-01
3.550e+00 4.867e-01
3.560e+00 5.571e-01
3.570e+00 6.778e-01
3.580e+00 5.039e-01
3.590e+00 4.815e-01
3.600e+00 3.467e-01
3.610e+00 5.049e-01
3.620e+00 4.449e-01
3.630e+00 4.115e-01
3.640e+00 4.425e-01
3.650e+00 4.996e-01
3.660e+00 3.174e-01
3.670e+00 5.596e-01
3.680e+00 4.035e-01
3.690e+00 5.975e-01
3.700e+00 5.752e-01
3.710e+00 4.999e-01
3.720e+00 4.740e-01
3.730e+00 5.024e-01
3.740e+00 3.635e-01
3.750e+00 4.872e-01
3.760e+00 2.814e-01
3.770e+00 5.063e-01
3.780e+00 4.308e-01
3.790e+00 5.125e-01
3.800e+00 2.882e-01
3.810e+00 4.106e-01
3.820e+00 4.702e-01
3.830e+00 4.980e-01
3.840e+00 2.472e-01
3.850e+00 5.046e-01
3.860e+00 4.259e-01
3.870e+00 5.141e-01
3.880e+00 5.965e-01
3.890e+00 6.704e-01
3.900e+00 5.442e-01
3.910e+00 6.271e-01
3.920e+00 7.633e-01
3.930e+00 6.486e-01
3.940e+00 7.163e-01
3.950e+00 7.457e-01
3.960e+00 6.515e-01
3.970e+00 5.732e-01
3.980e+00 6.720e-01
3.990e+00 5.751e-01
4.000e+00 7.652e-01
4.010e+00 5.984e-01
4.020e+00 5.941e-01
4.030e+00 4.622e-01
4.040e+00 3.666e-01
4.050e+00 5.195e-01
4.060e+00 4.589e-01
4.070e+00 4.008e-01
4.080e+00 3.599e-01
4.090e+00 5.652e-01
4.100e+00 3.737e-01
4.110e+00 4.823e-01
4.120e+00 3.634e-01
4.130e+00 6.003e-01
4.140e+00 3.957e-01
4.150e+00 2.914e-01
4.160e+00 3.895e-01
4.170e+00 4.269e-01
4.180e+00 2.964e-01
4.190e+00 3.417e-01
4.200e+00 3.408e-01
4.210e+00 4.149e-01
4.220e+00 6.469e-01
4.230e+00 7.048e-01
4.240e+00 7.524e-01
4.250e+00 6.914e-01
4.260e+00 7.559e-01
4.270e+00 5.140e-01
4.280e+00 5.079e-01
4.290e+00 5.161e-01
4.300e+00 7.087e-01
4.310e+00 7.529e-01
4.320e+00 7.917e-01
4.330e+00 6.967e-01
4.340e+00 5.120e-01
4.350e+00 4.552e-01
4.360e+00 6.314e-01
4.370e+00 5.007e-01
4.380e+00 5.364e-01
4.390e+00 4.260e-01
4.400e+00 5.326e-01
4.410e+00 4.641e-01
4.420e+00 4.267e-01
4.430e+00 5.151e-01
4.440e+00 5.069e-01
4.450e+00 5.698e-01
4.460e+00 4.560e-01
4.470e+00 5.789e-01
4.480e+00 7.129e-01
4.490e+00 6.679e-01
4.500e+00 5.571e-01
4.510e+00 4.304e-01
4.520e+00 5.060e-01
4.530e+00 5.519e-01
4.540e+00 5.948e-01
4.550e+00 5.062e-01
4.560e+00 4.927e-01
4.570e+00 3.394e-01
4.580e+00 3.020e-01
4.590e+00 3.806e-01
4.600e+00 3.468e-01
4.610e+00 4.166e-01
4.620e+00 1.432e-01
4.630e+00 3.197e-01
4.640e+00 2.560e-01
4.650e+00 3.270e-01
4.660e+00 3.956e-01
4.670e+00 1.931e-01
4.680e+00 5.057e-01
4.690e+00 4.571e-01
4.700e+00 6.303e-01
4.710e+00 4.644e-01
4.720e+00 4.924e-01
4.730e+00 4.952e-01
4.740e+00 6.473e-01
4.750e+00 3.732e-01
4.760e+00 4.801e-01
4.770e+00 2.150e-01
4.780e+00 4.211e-01
4.790e+00 2.845e-01
4.800e+00 4.530e-01
4.810e+00 3.397e-01
4.820e+00 4.004e-01
4.830e+00 5.312e-01
4.840e+00 4.616e-01
4.850e+00 4.931e-01
4.860e+00 5.679e-01
4.870e+00 5.034e-01
4.880e+00 6.305e-01
4.890e+00 6.668e-01
4.900e+00 6.016e-01
4.910e+00 4.819e-01
4.920e+00 6.256e-01
4.930e+00 5.659e-01
4.940e+00 4.762e-01
4.950e+00 5.119e-01
4.960e+00 4.341e-01
4.970e+00 4.524e-01
4.980e+00 4.796e-01
4.990e+00 2.891e-01
-5.000e+00 2.453e-01
-4.990e+00 3.294e-01
-4.980e+00 3.895e-01
-4.970e+00 5.533e-01
-4.960e+00 5.428e-01
-4.950e+00 6.424e-01
-4.940e+00 5.735e-01
-4.930e+00 6.310e-01
-4.920e+00 5.329e-01
-4.910e+00 5.917e-01
-4.900e+00 7.250e-01
-4.890e+00 6.558e-01
-4.880e+00 8.932e-01
-4.870e+00 7.595e-01
-4.860e+00 8.105e-01
-4.850e+00 6.868e-01
-4.840e+00 6.349e-01
-4.830e+00 6.075e-01
-4.820e+00 4.880e-01
-4.810e+00 5.417e-01
-4.800e+00 7.770e-01
-4.790e+00 7.268e-01
-4.780e+00 6.227e-01
-4.770e+00 5.105e-01
-4.760e+00 6.562e-01
-4.750e+00 5.701e-01
-4.740e+00 4.254e-01
-4.730e+00 5.278e-01
-4.720e+00 6.004e-01
-4.710e+00 6.025e-01
-4.700e+00 7.455e-01
-4.690e+00 5.350e-01
-4.680e+00 6.076e-01
-4.670e+00 5.810e-01
-4.660e+00 5.452e-01
-4.650e+00 4.489e-01
-4.640e+00 3.146e-01
-4.630e+00 3.886e-01
-4.620e+00 2.296e-01
-4.610e+00 3.874e-01
-4.600e+00 3.363e-01
-4.590e+00 3.415e-01
-4.580e+00 3.791e-01
-4.570e+00 4.498e-01
-4.560e+00 4.101e-01
-4.550e+00 3.853e-01
-4.540e+00 4.892e-01
-4.530e+00 6.392e-01
-4.520e+00 6.381e-01
-4.510e+00 5.900e-01
-4.500e+00 6.721e-01
-4.490e+00 7.819e-01
-4.480e+00 8.138e-01
-4.470e+00 8.158e-01
-4.460e+00 7.409e-01
-4.450e+00 5.808e-01
-4.440e+00 4.184e-01
-4.430e+00 6.749e-01
-4.420e+00 4.459e-01
-4.410e+00 5.103e-01
-4.400e+00 5.435e-01
-4.390e+00 5.955e-01
-4.380e+00 5.706e-01
-4.370e+00 4.823e-01
-4.360e+00 4.339e-01
-4.350e+00 3.826e-01
-4.340e+00 3.902e-01
-4.330e+00 3.684e-01
-4.320e+00 5.639e-01
-4.310e+00 5.099e-01
-4.300e+00 4.552e-01
-4.290e+00 3.308e-01
-4.280e+00 5.111e-01
-4.270e+00 6.142e-01
-4.260e+00 6.896e-01
-4.250e+00 6.876e-01
-4.240e+00 6.886e-01
-4.230e+00 6.329e-01
-4.220e+00 6.653e-01
-4.210e+00 5.603e-01
-4.200e+00 4.611e-01
-4.190e+00 4.064e-01
-4.180e+00 4.767e-01
-4.170e+00 4.829e-01
-4.160e+00 5.036e-01
-4.150e+00 3.870e-01
-4.140e+00 2.556e-01
-4.130e+00 4.135e-01
-4.120e+00 5.273e-01
-4.110e+00 6.777e-01
-4.100e+00 6.152e-01
-4.090e+00 5.504e-01
-4.080e+00 5.332e-01
-4.070e+00 4.089e-01
-4.060e+00 4.490e-01
-4.050e+00 3.973e-01
-4.040e+00 3.758e-01
-4.030e+00 3.730e-01
-4.020e+00 4.221e-01
-4.010e+00 5.019e-01
-4.000e+00 4.299e-01
-3.990e+00 3.363e-01
-3.980e+00 6.462e-01
-3.970e+00 5.990e-01
-3.960e+00 6.212e-01
-3.950e+00 4.905e-01
-3.940e+00 5.821e-01
-3.930e+00 4.993e-01
-3.920e+00 5.988e-01
-3.910e+00 7.405e-01
-3.900e+00 7.862e-01
-3.890e+00 8.385e-01
-3.880e+00 6.848e-01
-3.870e+00 6.149e-01
-3.860e+00 4.640e-01
-3.850e+00 4.661e-01
-3.840e+00 4.453e-01
-3.830e+00 2.500e-01
-3.820e+00 2.450e-01
-3.810e+00 3.483e-01
-3.800e+00 3.281e-01
-3.790e+00 3.359e-01
-3.780e+00 3.148e-01
-3.770e+00 5.007e-01
-3.760e+00 3.135e-01
-3.750e+00 5.099e-01
-3.740e+00 3.580e-01
-3.730e+00 5.761e-01
-3.720e+00 5.946e-01
-3.710e+00 5.954e-01
-3.700e+00 4.548e-01
-3.690e+00 6.068e-01
-3.680e+00 4.225e-01
-3.670e+00 7.621e-01
-3.660e+00 7.443e-01
-3.650e+00 7.120e-01
-3.640e+00 6.460e-01
-3.630e+00 6.655e-01
-3.620e+00 7.767e-01
-3.610e+00 6.296e-01
-3.600e+00 5.086e-01
-3.590e+00 4.832e-01
-3.580e+00 5.619e-01
-3.570e+00 8.877e-01
-3.560e+00 5.045e-01
-3.550e+00 4.893e-01
-3.540e+00 5.578e-01
-3.530e+00 5.869e-01
-3.520e+00 4.271e-01
-3.510e+00 5.254e-01
-3.500e+00 4.852e-01
-3.490e+00 6.756e-01
-3.480e+00 4.196e-01
-3.470e+00 6.049e-01
-3.460e+00 5.421e-01
-3.450e+00 4.195e-01
-3.440e+00 3.713e-01
-3.430e+00 6.433e-01
-3.420e+00 6.537e-01
-3.410e+00 6.384e-01
-3.400e+00 4.667e-01
-3.390e+00 5.193e-01
-3.380e+00 6.580e-01
-3.370e+00 7.226e-01
-3.360e+00 6.540e-01
-3.350e+00 5.155e-01
-3.340e+00 6.007e-01
-3.330e+00 3.733e-01
-3.320e+00 3.032e-01
-3.310e+00 3.648e-01
-3.300e+00 3.766e-01
-3.290e+00 4.463e-01
-3.280e+00 4.382e-01
-3.270e+00 5.149e-01
-3.260e+00 3.871e-01
-3.250e+00 4.855e-01
-3.240e+00 6.003e-01
-3.230e+00 6.984e-01
-3.220e+00 6.622e-01
-3.210e+00 6.393e-01
-3.200e+00 4.125e-01
-3.190e+00 6.666e-01
-3.180e+00 6.943e-01
-3.170e+00 7.487e-01
-3.160e+00 5.852e-01
-3.150e+00 5.527e-01
-3.140e+00 5.759e-01
-3.130e+00 5.995e-01
-3.120e+00 5.676e-01
-3.110e+00 5.421e-01
-3.100e+00 5.394e-01
-3.090e+00 6.702e-01
-3.080e+00 7.703e-01
-3.070e+00 6.669e-01
-3.060e+00 8.458e-01
-3.050e+00 6.877e-01
-3.040e+00 6.678e-01
-3.030e+00 7.255e-01
-3.020e+00 4.789e-01
-3.010e+00 5.125e-01
-3.000e+00 2.249e-01
-2.990e+00 4.033e-01
-2.980e+00 3.835e-01
-2.970e+00 3.436e-01
-2.960e+00 5.051e-01
-2.950e+00 5.988e-01
-2.940e+00 5.112e-01
-2.930e+00 4.376e-01
-2.920e+00 3.070e-01
-2.910e+00 3.273e-01
-2.900e+00 3.734e-01
-2.890e+00 4.246e-01
-2.880e+00 4.020e-01
-2.870e+00 1.692e-01
-2.860e+00 4.672e-01
-2.850e+00 3.758e-01
-2.840e+00 4.146e-01
-2.830e+00 4.867e-01
-2.820e+00 6.434e-01
-2.810e+00 4.089e-01
-2.800e+00 5.149e-01
-2.790e+00 4.223e-01
-2.780e+00 4.899e-01
-2.770e+00 4.739e-01
-2.760e+00 5.593e-01
-2.750e+00 4.275e-01
-2.740e+00 6.969e-01
-2.730e+00 6.773e-01
-2.720e+00 5.275e-01
-2.710e+00 3.502e-01
-2.700e+00 5.538e-01
-2.690e+00 4.623e-01
-2.680e+00 4.510e-01
-2.670e+00 5.228e-01
-2.660e+00 6.296e-01
-2.650e+00 5.878e-01
-2.640e+00 4.847e-01
-2.630e+00 5.517e-01
-2.620e+00 7.177e-01
-2.610e+00 5.581e-01
-2.600e+00 6.159e-01
-2.590e+00 8.362e-01
-2.580e+00 8.493e-01
-2.570e+00 6.942e-01
-2.560e+00 4.282e-01
-2.550e+00 5.878e-01
-2.540e+00 4.950e-01
-2.530e+00 5.145e-01
-2.520e+00 4.487e-01
-2.510e+00 5.431e-01
-2.500e+00 6.136e-01
-2.490e+00 3.636e-01
-2.480e+00 2.144e-01
-2.470e+00 2.793e-01
-2.460e+00 2.551e-01
-2.450e+00 3.468e-01
-2.440e+00 4.511e-01
-2.430e+00 4.600e-01
-2.420e+00 5.235e-01
-2.410e+00 6.648e-01
-2.400e+00 4.672e-01
-2.390e+00 3.281e-01
-2.380e+00 3.512e-01
-2.370e+00 6.452e-01
-2.360e+00 5.335e-01
-2.350e+00 4.517e-01
-2.340e+00 2.932e-01
-2.330e+00 2.394e-01
-2.320e+00 3.715e-01
-2.310e+00 6.474e-01
-2.300e+00 4.388e-01
-2.290e+00 3.193e-01
-2.280e+00 5.066e-01
-2.270e+00 4.560e-01
-2.260e+00 3.137e-01
-2.250e+00 4.883e-01
-2.240e+00 7.085e-01
-2.230e+00 6.413e-01
-2.220e+00 7.124e-01
-2.210e+00 8.208e-01
-2.200e+00 7.623e-01
-2.190e+00 5.717e-01
-2.180e+00 9.319e-01
-2.170e+00 9.571e-01
-2.160e+00 9.671e-01
-2.150e+00 7.161e-01
-2.140e+00 6.772e-01
-2.130e+00 9.226e-01
-2.120e+00 6.721e-01
-2.110e+00 8.396e-01
-2.100e+00 9.266e-01
-2.090e+00 5.750e-01
-2.080e+00 7.114e-01
-2.070e+00 6.160e-01
-2.060e+00 5.695e-01
-2.050e+00 6.141e-01
-2.040e+00 5.014e-01
-2.030e+00 5.334e-01
-2.020e+00 5.987e-01
-2.010e+00 7.326e-01
-2.000e+00 8.632e-01
-1.990e+00 4.926e-01
-1.980e+00 7.129e-01
-1.970e+00 4.834e-01
-1.960e+00 5.278e-01
-1.950e+00 6.516e-01
-1.940e+00 4.559e-01
-1.930e+00 5.883e-01
-1.920e+00 4.369e-01
-1.910e+00 5.887e-01
-1.900e+00 8.690e-01
-1.890e+00 4.973e-01
-1.880e+00 4.626e-01
-1.870e+00 6.088e-01
-1.860e+00 4.385e-01
-1.850e+00 5.272e-01
-1.840e+00 4.048e-01
-1.830e+00 6.669e-01
-1.820e+00 7.291e-01
-1.810e+00 5.864e-01
-1.800e+00 4.697e-01
-1.790e+00 6.270e-01
-1.780e+00 8.677e-01
-1.770e+00 7.386e-01
-1.760e+00 4.678e-01
-1.750e+00 2.597e-01
-1.740e+00 5.165e-01
-1.730e+00 2.530e-01
-1.720e+00 3.339e-01
-1.710e+00 4.287e-01
-1.700e+00 4.296e-01
-1.690e+00 5.981e-01
-1.680e+00 6.893e-01
-1.670e+00 8.339e-01
-1.660e+00 7.603e-01
-1.650e+00 5.062e-01
-1.640e+00 4.792e-01
-1.630e+00 3.843e-01
-1.620e+00 5.554e-01
-1.610e+00 8.679e-01
-1.600e+00 7.102e-01
-1.590e+00 5.660e-01
-1.580e+00 5.083e-01
-1.570e+00 5.259e-01
-1.560e+00 7.177e-01
-1.550e+00 8.963e-01
-1.540e+00 3.062e-01
-1.530e+00 5.054e-01
-1.520e+00 2.517e-01
-1.510e+00 5.583e-01
-1.500e+00 4.776e-01
-1.490e+00 7.694e-01
-1.480e+00 6.660e-01
-1.470e+00 9.126e-01
-1.460e+00 6.774e-01
-1.450e+00 7.995e-01
-1.440e+00 4.705e-01
-1.430e+00 3.393e-01
-1.420e+00 4.397e-01
-1.410e+00 3.840e-01
-1.400e+00 6.357e-01
-1.390e+00 5.421e-01
-1.380e+00 7.101e-01
-1.370e+00 9.552e-01
-1.360e+00 1.039e+00
-1.350e+00 8.433e-01
-1.340e+00 8.976e-01
-1.330e+00 1.011e+00
-1.320e+00 7.241e-01
-1.310e+00 8.960e-01
-1.300e+00 6.678e-01
-1.290e+00 6.335e-01
-1.280e+00 4.866e-01
-1.270e+00 5.738e-01
-1.260e+00 6.991e-01
-1.250e+00 4.414e-01
-1.240e+00 4.115e-01
-1.230e+00 5.076e-01
-1.220e+00 4.035e-01
-1.210e+00 2.397e-01
-1.200e+00 5.630e-01
-1.190e+00 7.527e-01
-1.180e+00 7.915e-01
-1.170e+00 5.463e-01
-1.160e+00 6.562e-01
-1.150e+00 7.224e-01
-1.140e+00 4.926e-01
-1.130e+00 5.335e-01
-1.120e+00 6.456e-01
-1.110e+00 5.584e-01
-1.100e+00 3.448e-01
-1.090e+00 3.936e-01
-1.080e+00 4.630e-01
-1.070e+00 3.864e-01
-1.060e+00 2.714e-01
-1.050e+00 4.202e-01
-1.040e+00 6.038e-01
-1.030e+00 7.728e-01
-1.020e+00 2.544e-01
-1.010e+00 1.724e-01
-1.000e+00 4.951e-01
-9.900e-01 2.109e-01
-9.800e-01 5.773e-01
-9.700e-01 5.602e-01
-9.600e-01 6.825e-01
-9.500e-01 3.198e-01
-9.400e-01 4.039e-01
-9.300e-01 -1.851e-01
-9.200e-01 4.540e-01
-9.100e-01 3.607e-01
-9.000e-01 4.897e-01
-8.900e-01 7.614e-01
-8.800e-01 8.584e-01
-8.700e-01 8.337e-01
-8.600e-01 3.422e-01
-8.500e-01 6.380e-01
-8.400e-01 8.059e-01
-8.300e-01 5.743e-01
-8.200e-01 8.844e-01
-8.100e-01 1.093e+00
-8.000e-01 5.087e-01
-7.900e-01 6.678e-01
-7.800e-01 7.348e-01
-7.700e-01 1.037e+00
-7.600e-01 8.011e-01
-7.500e-01 2.443e-01
-7.400e-01 2.815e-01
-7.300e-01 4.042e-01
-7.200e-01 5.524e-01
-7.100e-01 8.509e-01
-7.000e-01 7.395e-01
-6.900e-01 6.268e-01
-6.800e-01 6.083e-01
-6.700e-01 6.217e-01
-6.600e-01 1.061e+00
-6.500e-01 1.315e+00
-6.400e-01 1.403e+00
-6.300e-01 1.189e+00
-6.200e-01 6.906e-01
-6.100e-01 1.257e+00
-6.000e-01 1.332e+00
-5.900e-01 9.017e-01
-5.800e-01 6.661e-01
-5.700e-01 1.037e+00
-5.600e-01 6.031e-01
-5.500e-01 1.379e+00
-5.400e-01 1.198e+00
-5.300e-01 1.270e+00
-5.200e-01 1.247e+00
-5.100e-01 1.015e+00
-5.000e-01 5.713e-01
-4.900e-01 1.449e+00
-4.800e-01 1.434e+00
-4.700e-01 1.254e+00
-4.600e-01 7.951e-01
-4.500e-01 8.459e-01
-4.400e-01 6.177e-01
-4.300e-01 5.635e-01
-4.200e-01 1.080e+00
-4.100e-01 8.977e-01
-4.000e-01 1.042e+00
-3.900e-01 1.013e+00
-3.800e-01 1.801e+00
-3.700e-01 7.706e-01
-3.600e-01 1.526e+00
-3.500e-01 1.139e+00
-3.400e-01 6.687e-01
-3.300e-01 1.764e+00
-3.200e-01 1.400e+00
-3.100e-01 1.823e+00
-3.000e-01 6.903e-01
-2.900e-01 7.794e-01
-2.800e-01 5.977e-01
-2.700e-01 8.873e-01
-2.600e-01 1.384e+00
-2.500e-01 2.422e-01
-2.400e-01 6.942e-01
-2.300e-01 2.343e+00
-2.200e-01 2.175e+00
-2.100e-01 2.714e+00
-2.000e-01 2.615e+00
-1.900e-01 2.390e+00
-1.800e-01 2.557e+00
-1.700e-01 2.656e+00
-1.600e-01 2.727e+00
-1.500e-01 3.693e+00
-1.400e-01 3.468e+00
-1.300e-01 3.476e+00
-1.200e-01 2.898e+00
-1.100e-01 2.620e+00
-1.000e-01 1.650e+00
-9.000e-02 3.810e+00
-8.000e-02 5.085e+00
-7.000e-02 6.212e+00
-6.000e-02 5.724e+00
-5.000e-02 1.131e+01
-4.000e-02 1.462e+01
-3.000e-02 1.722e+01
-2.000e-02 2.672e+01
-1.000e-02 3.797e+01
