# Frequency (1.0/ps)      real(fft(F_2))
0.000e+00 2.250e+01
1.000e-02 1.733e+01
2.000e-02 1.449e+01
3.000e-02 1.291e+01
4.000e-02 1.149e+01
5.000e-02 9.873e+00
6.000e-02 7.493e+00
7.000e-02 8.110e+00
8.000e-02 6.211e+00
9.000e-02 5.336e+00
1.000e-01 6.043e+00
1.100e-01 4.668e+00
1.200e-01 4.286e+00
1.300e-01 3.453e+00
1.400e-01 3.581e+00
1.500e-01 3.487e+00
1.600e-01 3.166e+00
1.700e-01 4.293e+00
1.800e-01 3.276e+00
1.900e-01 1.721e+00
2.000e-01 1.827e+00
2.100e-01 1.390e+00
2.200e-01 8.627e-01
2.300e-01 1.421e+00
2.400e-01 1.078e+00
2.500e-01 1.770e+00
2.600e-01 1.737e+00
2.700e-01 1.689e+00
2.800e-01 2.180e+00
2.900e-01 1.638e+00
3.000e-01 1.590e+00
3.100e-01 1.754e+00
3.200e-01 1.027e+00
3.300e-01 1.100e+00
3.400e-01 6.347e-01
3.500e-01 6.497e-01
3.600e-01 1.002e+00
3.700e-01 9.722e-01
3.800e-01 9.473e-01
3.900e-01 9.517e-01
4.000e-01 1.417e+00
4.100e-01 1.643e+00
4.200e-01 1.545e+00
4.300e-01 1.188e+00
4.400e-01 1.430e+00
4.500e-01 1.222e+00
4.600e-01 1.204e+00
4.700e-01 1.172e+00
4.800e-01 9.974e-01
4.900e-01 9.660e-01
5.000e-01 9.964e-01
5.100e-01 1.489e+00
5.200e-01 1.230e+00
5.300e-01 9.732e-01
5.400e-01 1.065e+00
5.500e-01 1.281e+00
5.600e-01 1.433e+00
5.700e-01 1.483e+00
5.800e-01 1.317e+00
5.900e-01 1.533e+00
6.000e-01 1.529e+00
6.100e-01 1.683e+00
6.200e-01 1.383e+00
6.300e-01 1.498e+00
6.400e-01 1.098e+00
6.500e-01 9.913e-01
6.600e-01 1.220e+00
6.700e-01 1.438e+00
6.800e-01 1.415e+00
6.900e-01 1.156e+00
7.000e-01 8.866e-01
7.100e-01 1.095e+00
7.200e-01 9.720e-01
7.300e-01 1.061e+00
7.400e-01 8.238e-01
7.500e-01 8.365e-01
7.600e-01 1.239e+00
7.700e-01 1.359e+00
7.800e-01 1.653e+00
7.900e-01 1.349e+00
8.000e-01 1.496e+00
8.100e-01 1.389e+00
8.200e-01 1.070e+00
8.300e-01 8.437e-01
8.400e-01 6.823e-01
8.500e-01 6.088e-01
8.600e-01 5.222e-01
8.700e-01 3.373e-01
8.800e-01 6.087e-01
8.900e-01 5.743e-01
9.000e-01 3.947e-01
9.100e-01 3.653e-01
9.200e-01 2.394e-01
9.300e-01 5.256e-01
9.400e-01 3.324e-01
9.500e-01 2.187e-01
9.600e-01 3.464e-01
9.700e-01 2.530e-01
9.800e-01 6.149e-01
9.900e-01 5.729e-01
1.000e+00 3.344e-01
1.010e+00 5.009e-01
1.020e+00 5.894e-01
1.030e+00 8.835e-01
1.040e+00 1.027e+00
1.050e+00 1.059e+00
1.060e+00 8.971e-01
1.070e+00 7.253e-01
1.080e+00 6.463e-01
1.090e+00 6.966e-01
1.100e+00 8.006e-01
1.110e+00 7.228e-01
1.120e+00 6.612e-01
1.130e+00 8.114e-01
1.140e+00 7.416e-01
1.150e+00 9.230e-01
1.160e+00 1.018e+00
1.170e+00 9.695e-01
1.180e+00 1.053e+00
1.190e+00 8.869e-01
1.200e+00 8.197e-01
1.210e+00 6.507e-01
1.220e+00 6.009e-01
1.230e+00 7.956e-01
1.240e+00 6.690e-01
1.250e+00 6.284e-01
1.260e+00 5.864e-01
1.270e+00 5.873e-01
1.280e+00 7.255e-01
1.290e+00 5.633e-01
1.300e+00 6.476e-01
1.310e+00 8.766e-01
1.320e+00 7.022e-01
1.330e+00 8.020e-01
1.340e+00 7.159e-01
1.350e+00 6.735e-01
1.360e+00 7.221e-01
1.370e+00 6.921e-01
1.380e+00 7.171e-01
1.390e+00 8.440e-01
1.400e+00 7.949e-01
1.410e+00 7.409e-01
1.420e+00 4.935e-01
1.430e+00 3.710e-01
1.440e+00 5.836e-01
1.450e+00 4.123e-01
1.460e+00 4.590e-01
1.470e+00 4.330e-01
1.480e+00 4.606e-01
1.490e+00 7.551e-01
1.500e+00 6.770e-01
1.510e+00 6.229e-01
1.520e+00 5.855e-01
1.530e+00 6.720e-01
1.540e+00 8.927e-01
1.550e+00 9.535e-01
1.560e+00 1.085e+00
1.570e+00 1.082e+00
1.580e+00 7.992e-01
1.590e+00 8.184e-01
1.600e+00 8.971e-01
1.610e+00 8.628e-01
1.620e+00 7.312e-01
1.630e+00 3.901e-01
1.640e+00 4.147e-01
1.650e+00 4.847e-01
1.660e+00 7.441e-01
1.670e+00 8.408e-01
1.680e+00 7.731e-01
1.690e+00 7.848e-01
1.700e+00 1.001e+00
1.710e+00 1.356e+00
1.720e+00 1.391e+00
1.730e+00 1.237e+00
1.740e+00 1.046e+00
1.750e+00 1.072e+00
1.760e+00 1.091e+00
1.770e+00 1.048e+00
1.780e+00 9.366e-01
1.790e+00 9.300e-01
1.800e+00 9.811e-01
1.810e+00 1.053e+00
1.820e+00 9.396e-01
1.830e+00 7.310e-01
1.840e+00 6.287e-01
1.850e+00 4.862e-01
1.860e+00 4.746e-01
1.870e+00 4.790e-01
1.880e+00 5.210e-01
1.890e+00 4.950e-01
1.900e+00 7.271e-01
1.910e+00 7.661e-01
1.920e+00 7.705e-01
1.930e+00 8.215e-01
1.940e+00 7.359e-01
1.950e+00 6.530e-01
1.960e+00 6.400e-01
1.970e+00 6.274e-01
1.980e+00 4.839e-01
1.990e+00 3.924e-01
2.000e+00 3.459e-01
2.010e+00 4.038e-01
2.020e+00 5.025e-01
2.030e+00 5.123e-01
2.040e+00 5.318e-01
2.050e+00 5.863e-01
2.060e+00 5.973e-01
2.070e+00 6.862e-01
2.080e+00 8.020e-01
2.090e+00 8.176e-01
2.100e+00 7.879e-01
2.110e+00 8.512e-01
2.120e+00 1.058e+00
2.130e+00 8.706e-01
2.140e+00 7.441e-01
2.150e+00 7.712e-01
2.160e+00 7.295e-01
2.170e+00 7.070e-01
2.180e+00 6.570e-01
2.190e+00 5.850e-01
2.200e+00 6.539e-01
2.210e+00 7.577e-01
2.220e+00 8.871e-01
2.230e+00 8.565e-01
2.240e+00 8.177e-01
2.250e+00 8.347e-01
2.260e+00 6.574e-01
2.270e+00 6.369e-01
2.280e+00 5.837e-01
2.290e+00 5.939e-01
2.300e+00 5.506e-01
2.310e+00 4.657e-01
2.320e+00 3.816e-01
2.330e+00 3.319e-01
2.340e+00 2.671e-01
2.350e+00 3.028e-01
2.360e+00 4.299e-01
2.370e+00 4.923e-01
2.380e+00 4.425e-01
2.390e+00 5.071e-01
2.400e+00 5.615e-01
2.410e+00 6.460e-01
2.420e+00 6.838e-01
2.430e+00 6.454e-01
2.440e+00 7.177e-01
2.450e+00 7.193e-01
2.460e+00 7.049e-01
2.470e+00 8.437e-01
2.480e+00 8.160e-01
2.490e+00 7.447e-01
2.500e+00 6.889e-01
2.510e+00 6.648e-01
2.520e+00 6.850e-01
2.530e+00 5.706e-01
2.540e+00 4.634e-01
2.550e+00 4.623e-01
2.560e+00 4.171e-01
2.570e+00 4.937e-01
2.580e+00 5.359e-01
2.590e+00 4.826e-01
2.600e+00 3.534e-01
2.610e+00 3.089e-01
2.620e+00 3.367e-01
2.630e+00 3.733e-01
2.640e+00 5.497e-01
2.650e+00 4.415e-01
2.660e+00 4.320e-01
2.670e+00 4.493e-01
2.680e+00 5.413e-01
2.690e+00 6.643e-01
2.700e+00 5.296e-01
2.710e+00 4.542e-01
2.720e+00 3.469e-01
2.730e+00 2.966e-01
2.740e+00 4.348e-01
2.750e+00 4.248e-01
2.760e+00 3.676e-01
2.770e+00 2.955e-01
2.780e+00 3.457e-01
2.790e+00 3.249e-01
2.800e+00 3.501e-01
2.810e+00 2.932e-01
2.820e+00 2.904e-01
2.830e+00 3.103e-01
2.840e+00 2.509e-01
2.850e+00 4.212e-01
2.860e+00 4.982e-01
2.870e+00 4.513e-01
2.880e+00 5.404e-01
2.890e+00 6.958e-01
2.900e+00 6.794e-01
2.910e+00 7.029e-01
2.920e+00 6.381e-01
2.930e+00 6.642e-01
2.940e+00 6.647e-01
2.950e+00 5.621e-01
2.960e+00 5.858e-01
2.970e+00 5.153e-01
2.980e+00 5.473e-01
2.990e+00 5.135e-01
3.000e+00 4.136e-01
3.010e+00 4.726e-01
3.020e+00 4.775e-01
3.030e+00 3.931e-01
3.040e+00 4.584e-01
3.050e+00 5.276e-01
3.060e+00 5.889e-01
3.070e+00 6.338e-01
3.080e+00 6.167e-01
3.090e+00 6.161e-01
3.100e+00 6.642e-01
3.110e+00 5.441e-01
3.120e+00 6.315e-01
3.130e+00 5.590e-01
3.140e+00 4.863e-01
3.150e+00 5.733e-01
3.160e+00 3.836e-01
3.170e+00 3.493e-01
3.180e+00 3.793e-01
3.190e+00 3.133e-01
3.200e+00 3.133e-01
3.210e+00 3.086e-01
3.220e+00 3.104e-01
3.230e+00 3.308e-01
3.240e+00 3.337e-01
3.250e+00 4.164e-01
3.260e+00 4.528e-01
3.270e+00 4.274e-01
3.280e+00 4.099e-01
3.290e+00 3.560e-01
3.300e+00 4.096e-01
3.310e+00 4.486e-01
3.320e+00 5.067e-01
3.330e+00 5.034e-01
3.340e+00 4.586e-01
3.350e+00 4.703e-01
3.360e+00 4.319e-01
3.370e+00 5.107e-01
3.380e+00 4.348e-01
3.390e+00 4.215e-01
3.400e+00 4.769e-01
3.410e+00 4.216e-01
3.420e+00 4.947e-01
3.430e+00 4.589e-01
3.440e+00 3.605e-01
3.450e+00 4.695e-01
3.460e+00 4.468e-01
3.470e+00 4.717e-01
3.480e+00 5.317e-01
3.490e+00 4.669e-01
3.500e+00 5.367e-01
3.510e+00 5.088e-01
3.520e+00 4.968e-01
3.530e+00 5.861e-01
3.540e+00 5.093e-01
3.550e+00 5.616e-01
3.560e+00 5.252e-01
3.570e+00 5.567e-01
3.580e+00 6.091e-01
3.590e+00 5.758e-01
3.600e+00 6.382e-01
3.610e+00 7.272e-01
3.620e+00 7.374e-01
3.630e+00 7.350e-01
3.640e+00 7.506e-01
3.650e+00 7.306e-01
3.660e+00 7.394e-01
3.670e+00 7.198e-01
3.680e+00 7.073e-01
3.690e+00 7.242e-01
3.700e+00 7.018e-01
3.710e+00 7.091e-01
3.720e+00 6.290e-01
3.730e+00 6.163e-01
3.740e+00 7.356e-01
3.750e+00 7.572e-01
3.760e+00 7.085e-01
3.770e+00 7.815e-01
3.780e+00 7.945e-01
3.790e+00 8.165e-01
3.800e+00 7.377e-01
3.810e+00 6.775e-01
3.820e+00 7.537e-01
3.830e+00 7.643e-01
3.840e+00 7.739e-01
3.850e+00 7.490e-01
3.860e+00 6.706e-01
3.870e+00 7.105e-01
3.880e+00 7.000e-01
3.890e+00 7.134e-01
3.900e+00 6.763e-01
3.910e+00 6.194e-01
3.920e+00 5.853e-01
3.930e+00 5.318e-01
3.940e+00 5.481e-01
3.950e+00 5.105e-01
3.960e+00 4.978e-01
3.970e+00 4.529e-01
3.980e+00 4.963e-01
3.990e+00 5.681e-01
4.000e+00 5.573e-01
4.010e+00 6.494e-01
4.020e+00 6.023e-01
4.030e+00 5.040e-01
4.040e+00 4.929e-01
4.050e+00 4.807e-01
4.060e+00 5.513e-01
4.070e+00 6.047e-01
4.080e+00 6.336e-01
4.090e+00 6.598e-01
4.100e+00 6.166e-01
4.110e+00 5.493e-01
4.120e+00 5.785e-01
4.130e+00 6.335e-01
4.140e+00 6.562e-01
4.150e+00 6.854e-01
4.160e+00 5.805e-01
4.170e+00 6.643e-01
4.180e+00 6.599e-01
4.190e+00 7.398e-01
4.200e+00 7.852e-01
4.210e+00 7.188e-01
4.220e+00 6.827e-01
4.230e+00 6.784e-01
4.240e+00 6.861e-01
4.250e+00 7.709e-01
4.260e+00 7.848e-01
4.270e+00 6.784e-01
4.280e+00 7.114e-01
4.290e+00 7.355e-01
4.300e+00 7.816e-01
4.310e+00 7.865e-01
4.320e+00 7.108e-01
4.330e+00 6.752e-01
4.340e+00 6.859e-01
4.350e+00 6.305e-01
4.360e+00 5.446e-01
4.370e+00 4.504e-01
4.380e+00 4.483e-01
4.390e+00 5.585e-01
4.400e+00 5.447e-01
4.410e+00 5.669e-01
4.420e+00 5.740e-01
4.430e+00 5.093e-01
4.440e+00 4.382e-01
4.450e+00 4.387e-01
4.460e+00 4.349e-01
4.470e+00 3.801e-01
4.480e+00 3.190e-01
4.490e+00 3.516e-01
4.500e+00 3.984e-01
4.510e+00 4.027e-01
4.520e+00 4.981e-01
4.530e+00 6.054e-01
4.540e+00 5.406e-01
4.550e+00 5.869e-01
4.560e+00 6.312e-01
4.570e+00 6.594e-01
4.580e+00 7.063e-01
4.590e+00 7.158e-01
4.600e+00 7.306e-01
4.610e+00 7.318e-01
4.620e+00 6.289e-01
4.630e+00 6.829e-01
4.640e+00 6.918e-01
4.650e+00 6.516e-01
4.660e+00 6.220e-01
4.670e+00 6.317e-01
4.680e+00 7.511e-01
4.690e+00 7.564e-01
4.700e+00 7.732e-01
4.710e+00 6.963e-01
4.720e+00 6.389e-01
4.730e+00 5.619e-01
4.740e+00 5.160e-01
4.750e+00 5.522e-01
4.760e+00 5.374e-01
4.770e+00 4.985e-01
4.780e+00 5.525e-01
4.790e+00 5.090e-01
4.800e+00 5.056e-01
4.810e+00 4.877e-01
4.820e+00 5.292e-01
4.830e+00 6.352e-01
4.840e+00 5.848e-01
4.850e+00 5.534e-01
4.860e+00 6.056e-01
4.870e+00 6.188e-01
4.880e+00 6.619e-01
4.890e+00 6.142e-01
4.900e+00 6.185e-01
4.910e+00 6.669e-01
4.920e+00 7.132e-01
4.930e+00 8.336e-01
4.940e+00 8.249e-01
4.950e+00 7.651e-01
4.960e+00 6.950e-01
4.970e+00 7.055e-01
4.980e+00 6.518e-01
4.990e+00 5.355e-01
-5.000e+00 5.088e-01
-4.990e+00 4.843e-01
-4.980e+00 5.291e-01
-4.970e+00 4.987e-01
-4.960e+00 4.877e-01
-4.950e+00 5.554e-01
-4.940e+00 5.714e-01
-4.930e+00 5.695e-01
-4.920e+00 5.962e-01
-4.910e+00 6.015e-01
-4.900e+00 6.372e-01
-4.890e+00 5.816e-01
-4.880e+00 6.233e-01
-4.870e+00 6.675e-01
-4.860e+00 6.142e-01
-4.850e+00 4.877e-01
-4.840e+00 5.187e-01
-4.830e+00 5.444e-01
-4.820e+00 6.254e-01
-4.810e+00 7.241e-01
-4.800e+00 7.524e-01
-4.790e+00 7.747e-01
-4.780e+00 7.484e-01
-4.770e+00 7.413e-01
-4.760e+00 8.345e-01
-4.750e+00 8.085e-01
-4.740e+00 8.823e-01
-4.730e+00 9.428e-01
-4.720e+00 8.311e-01
-4.710e+00 8.109e-01
-4.700e+00 7.408e-01
-4.690e+00 8.408e-01
-4.680e+00 8.746e-01
-4.670e+00 6.667e-01
-4.660e+00 6.981e-01
-4.650e+00 5.770e-01
-4.640e+00 5.059e-01
-4.630e+00 5.943e-01
-4.620e+00 4.678e-01
-4.610e+00 4.585e-01
-4.600e+00 4.548e-01
-4.590e+00 4.224e-01
-4.580e+00 5.362e-01
-4.570e+00 5.413e-01
-4.560e+00 6.025e-01
-4.550e+00 6.431e-01
-4.540e+00 6.358e-01
-4.530e+00 6.548e-01
-4.520e+00 6.568e-01
-4.510e+00 6.396e-01
-4.500e+00 5.892e-01
-4.490e+00 6.988e-01
-4.480e+00 6.683e-01
-4.470e+00 6.341e-01
-4.460e+00 5.632e-01
-4.450e+00 4.927e-01
-4.440e+00 5.532e-01
-4.430e+00 6.584e-01
-4.420e+00 7.058e-01
-4.410e+00 7.413e-01
-4.400e+00 6.874e-01
-4.390e+00 6.774e-01
-4.380e+00 7.032e-01
-4.370e+00 7.760e-01
-4.360e+00 8.913e-01
-4.350e+00 8.382e-01
-4.340e+00 8.284e-01
-4.330e+00 6.992e-01
-4.320e+00 6.222e-01
-4.310e+00 7.156e-01
-4.300e+00 7.507e-01
-4.290e+00 7.763e-01
-4.280e+00 7.494e-01
-4.270e+00 6.653e-01
-4.260e+00 6.342e-01
-4.250e+00 6.138e-01
-4.240e+00 6.595e-01
-4.230e+00 5.814e-01
-4.220e+00 4.807e-01
-4.210e+00 3.946e-01
-4.200e+00 3.919e-01
-4.190e+00 4.209e-01
-4.180e+00 3.423e-01
-4.170e+00 2.870e-01
-4.160e+00 2.607e-01
-4.150e+00 3.768e-01
-4.140e+00 3.445e-01
-4.130e+00 3.227e-01
-4.120e+00 3.802e-01
-4.110e+00 4.410e-01
-4.100e+00 5.082e-01
-4.090e+00 5.386e-01
-4.080e+00 4.654e-01
-4.070e+00 5.044e-01
-4.060e+00 4.711e-01
-4.050e+00 3.654e-01
-4.040e+00 3.903e-01
-4.030e+00 4.737e-01
-4.020e+00 4.484e-01
-4.010e+00 3.901e-01
-4.000e+00 5.424e-01
-3.990e+00 5.773e-01
-3.980e+00 7.068e-01
-3.970e+00 6.567e-01
-3.960e+00 6.348e-01
-3.950e+00 6.608e-01
-3.940e+00 6.085e-01
-3.930e+00 5.658e-01
-3.920e+00 5.255e-01
-3.910e+00 5.141e-01
-3.900e+00 4.852e-01
-3.890e+00 3.888e-01
-3.880e+00 4.388e-01
-3.870e+00 5.152e-01
-3.860e+00 4.296e-01
-3.850e+00 5.521e-01
-3.840e+00 5.187e-01
-3.830e+00 4.647e-01
-3.820e+00 3.628e-01
-3.810e+00 2.375e-01
-3.800e+00 2.924e-01
-3.790e+00 2.860e-01
-3.780e+00 3.330e-01
-3.770e+00 2.881e-01
-3.760e+00 2.866e-01
-3.750e+00 2.725e-01
-3.740e+00 3.152e-01
-3.730e+00 3.045e-01
-3.720e+00 2.798e-01
-3.710e+00 2.685e-01
-3.700e+00 2.666e-01
-3.690e+00 2.602e-01
-3.680e+00 2.427e-01
-3.670e+00 1.902e-01
-3.660e+00 1.918e-01
-3.650e+00 2.152e-01
-3.640e+00 2.641e-01
-3.630e+00 3.542e-01
-3.620e+00 4.532e-01
-3.610e+00 5.850e-01
-3.600e+00 5.574e-01
-3.590e+00 4.924e-01
-3.580e+00 5.731e-01
-3.570e+00 5.976e-01
-3.560e+00 5.955e-01
-3.550e+00 7.071e-01
-3.540e+00 7.492e-01
-3.530e+00 8.202e-01
-3.520e+00 6.200e-01
-3.510e+00 5.508e-01
-3.500e+00 6.661e-01
-3.490e+00 6.377e-01
-3.480e+00 5.670e-01
-3.470e+00 4.961e-01
-3.460e+00 4.397e-01
-3.450e+00 5.111e-01
-3.440e+00 6.019e-01
-3.430e+00 4.520e-01
-3.420e+00 3.806e-01
-3.410e+00 3.800e-01
-3.400e+00 3.111e-01
-3.390e+00 3.895e-01
-3.380e+00 3.893e-01
-3.370e+00 5.411e-01
-3.360e+00 4.671e-01
-3.350e+00 3.775e-01
-3.340e+00 3.792e-01
-3.330e+00 3.281e-01
-3.320e+00 3.628e-01
-3.310e+00 3.422e-01
-3.300e+00 3.525e-01
-3.290e+00 4.733e-01
-3.280e+00 4.504e-01
-3.270e+00 3.680e-01
-3.260e+00 4.314e-01
-3.250e+00 4.639e-01
-3.240e+00 5.036e-01
-3.230e+00 5.718e-01
-3.220e+00 7.146e-01
-3.210e+00 8.051e-01
-3.200e+00 7.155e-01
-3.190e+00 8.125e-01
-3.180e+00 7.917e-01
-3.170e+00 8.252e-01
-3.160e+00 8.049e-01
-3.150e+00 8.360e-01
-3.140e+00 9.314e-01
-3.130e+00 8.202e-01
-3.120e+00 7.529e-01
-3.110e+00 7.691e-01
-3.100e+00 6.614e-01
-3.090e+00 7.200e-01
-3.080e+00 7.136e-01
-3.070e+00 6.921e-01
-3.060e+00 6.705e-01
-3.050e+00 5.147e-01
-3.040e+00 4.865e-01
-3.030e+00 4.709e-01
-3.020e+00 3.761e-01
-3.010e+00 3.632e-01
-3.000e+00 3.710e-01
-2.990e+00 3.795e-01
-2.980e+00 4.924e-01
-2.970e+00 5.103e-01
-2.960e+00 4.821e-01
-2.950e+00 5.768e-01
-2.940e+00 6.063e-01
-2.930e+00 6.041e-01
-2.920e+00 5.711e-01
-2.910e+00 4.317e-01
-2.900e+00 5.410e-01
-2.890e+00 5.770e-01
-2.880e+00 6.747e-01
-2.870e+00 6.479e-01
-2.860e+00 5.152e-01
-2.850e+00 5.270e-01
-2.840e+00 4.572e-01
-2.830e+00 4.662e-01
-2.820e+00 6.596e-01
-2.810e+00 5.720e-01
-2.800e+00 6.996e-01
-2.790e+00 6.879e-01
-2.780e+00 6.615e-01
-2.770e+00 7.486e-01
-2.760e+00 7.343e-01
-2.750e+00 7.819e-01
-2.740e+00 7.853e-01
-2.730e+00 8.068e-01
-2.720e+00 8.268e-01
-2.710e+00 7.877e-01
-2.700e+00 8.010e-01
-2.690e+00 6.997e-01
-2.680e+00 5.905e-01
-2.670e+00 5.761e-01
-2.660e+00 5.311e-01
-2.650e+00 4.887e-01
-2.640e+00 4.776e-01
-2.630e+00 4.910e-01
-2.620e+00 4.663e-01
-2.610e+00 4.675e-01
-2.600e+00 4.238e-01
-2.590e+00 4.057e-01
-2.580e+00 5.174e-01
-2.570e+00 3.808e-01
-2.560e+00 4.383e-01
-2.550e+00 4.598e-01
-2.540e+00 4.875e-01
-2.530e+00 5.499e-01
-2.520e+00 5.715e-01
-2.510e+00 5.405e-01
-2.500e+00 4.702e-01
-2.490e+00 4.271e-01
-2.480e+00 4.202e-01
-2.470e+00 4.988e-01
-2.460e+00 4.548e-01
-2.450e+00 4.852e-01
-2.440e+00 6.270e-01
-2.430e+00 6.155e-01
-2.420e+00 7.394e-01
-2.410e+00 7.743e-01
-2.400e+00 7.831e-01
-2.390e+00 8.726e-01
-2.380e+00 7.976e-01
-2.370e+00 9.053e-01
-2.360e+00 9.038e-01
-2.350e+00 7.773e-01
-2.340e+00 6.835e-01
-2.330e+00 6.724e-01
-2.320e+00 6.668e-01
-2.310e+00 6.157e-01
-2.300e+00 4.924e-01
-2.290e+00 4.473e-01
-2.280e+00 5.442e-01
-2.270e+00 5.040e-01
-2.260e+00 3.922e-01
-2.250e+00 2.459e-01
-2.240e+00 1.862e-01
-2.230e+00 2.335e-01
-2.220e+00 3.115e-01
-2.210e+00 3.237e-01
-2.200e+00 3.336e-01
-2.190e+00 3.258e-01
-2.180e+00 3.824e-01
-2.170e+00 6.132e-01
-2.160e+00 6.459e-01
-2.150e+00 5.572e-01
-2.140e+00 4.105e-01
-2.130e+00 3.958e-01
-2.120e+00 5.260e-01
-2.110e+00 6.704e-01
-2.100e+00 6.679e-01
-2.090e+00 5.812e-01
-2.080e+00 6.290e-01
-2.070e+00 6.926e-01
-2.060e+00 8.126e-01
-2.050e+00 7.807e-01
-2.040e+00 6.882e-01
-2.030e+00 7.501e-01
-2.020e+00 9.678e-01
-2.010e+00 9.554e-01
-2.000e+00 9.807e-01
-1.990e+00 7.518e-01
-1.980e+00 6.909e-01
-1.970e+00 7.373e-01
-1.960e+00 7.922e-01
-1.950e+00 1.019e+00
-1.940e+00 9.270e-01
-1.930e+00 8.036e-01
-1.920e+00 6.381e-01
-1.910e+00 5.282e-01
-1.900e+00 5.801e-01
-1.890e+00 5.373e-01
-1.880e+00 3.988e-01
-1.870e+00 5.251e-01
-1.860e+00 4.550e-01
-1.850e+00 5.237e-01
-1.840e+00 6.375e-01
-1.830e+00 5.437e-01
-1.820e+00 5.995e-01
-1.810e+00 5.496e-01
-1.800e+00 5.439e-01
-1.790e+00 4.453e-01
-1.780e+00 3.469e-01
-1.770e+00 2.914e-01
-1.760e+00 4.237e-01
-1.750e+00 2.814e-01
-1.740e+00 2.320e-01
-1.730e+00 2.921e-01
-1.720e+00 3.165e-01
-1.710e+00 4.148e-01
-1.700e+00 4.083e-01
-1.690e+00 2.887e-01
-1.680e+00 2.403e-01
-1.670e+00 2.168e-01
-1.660e+00 7.865e-02
-1.650e+00 2.316e-01
-1.640e+00 2.735e-01
-1.630e+00 2.354e-01
-1.620e+00 1.141e-01
-1.610e+00 1.450e-01
-1.600e+00 3.497e-01
-1.590e+00 5.843e-01
-1.580e+00 5.985e-01
-1.570e+00 4.930e-01
-1.560e+00 5.554e-01
-1.550e+00 7.391e-01
-1.540e+00 7.785e-01
-1.530e+00 8.242e-01
-1.520e+00 8.008e-01
-1.510e+00 8.570e-01
-1.500e+00 7.766e-01
-1.490e+00 6.440e-01
-1.480e+00 7.567e-01
-1.470e+00 8.507e-01
-1.460e+00 7.628e-01
-1.450e+00 9.342e-01
-1.440e+00 7.739e-01
-1.430e+00 8.601e-01
-1.420e+00 1.017e+00
-1.410e+00 9.998e-01
-1.400e+00 1.056e+00
-1.390e+00 9.554e-01
-1.380e+00 9.533e-01
-1.370e+00 9.115e-01
-1.360e+00 9.861e-01
-1.350e+00 1.167e+00
-1.340e+00 1.249e+00
-1.330e+00 1.143e+00
-1.320e+00 1.025e+00
-1.310e+00 1.060e+00
-1.300e+00 8.202e-01
-1.290e+00 7.490e-01
-1.280e+00 6.308e-01
-1.270e+00 6.154e-01
-1.260e+00 8.134e-01
-1.250e+00 6.443e-01
-1.240e+00 5.083e-01
-1.230e+00 5.966e-01
-1.220e+00 4.344e-01
-1.210e+00 2.810e-01
-1.200e+00 3.194e-01
-1.190e+00 3.608e-01
-1.180e+00 4.194e-01
-1.170e+00 4.684e-01
-1.160e+00 4.235e-01
-1.150e+00 4.132e-01
-1.140e+00 3.910e-01
-1.130e+00 3.696e-01
-1.120e+00 7.047e-01
-1.110e+00 9.535e-01
-1.100e+00 5.051e-01
-1.090e+00 6.044e-01
-1.080e+00 6.267e-01
-1.070e+00 6.198e-01
-1.060e+00 7.062e-01
-1.050e+00 7.395e-01
-1.040e+00 8.626e-01
-1.030e+00 8.676e-01
-1.020e+00 8.604e-01
-1.010e+00 9.697e-01
-1.000e+00 8.867e-01
-9.900e-01 7.313e-01
-9.800e-01 7.436e-01
-9.700e-01 8.796e-01
-9.600e-01 9.484e-01
-9.500e-01 6.830e-01
-9.400e-01 3.609e-01
-9.300e-01 6.487e-01
-9.200e-01 7.387e-01
-9.100e-01 7.793e-01
-9.000e-01 9.181e-01
-8.900e-01 8.997e-01
-8.800e-01 1.124e+00
-8.700e-01 1.136e+00
-8.600e-01 1.340e+00
-8.500e-01 1.466e+00
-8.400e-01 1.709e+00
-8.300e-01 1.473e+00
-8.200e-01 1.506e+00
-8.100e-01 1.470e+00
-8.000e-01 1.221e+00
-7.900e-01 1.145e+00
-7.800e-01 1.119e+00
-7.700e-01 1.446e+00
-7.600e-01 1.713e+00
-7.500e-01 1.232e+00
-7.400e-01 1.317e+00
-7.300e-01 1.517e+00
-7.200e-01 1.508e+00
-7.100e-01 1.319e+00
-7.000e-01 1.374e+00
-6.900e-01 1.137e+00
-6.800e-01 1.062e+00
-6.700e-01 1.204e+00
-6.600e-01 1.248e+00
-6.500e-01 1.596e+00
-6.400e-01 1.632e+00
-6.300e-01 1.619e+00
-6.200e-01 1.368e+00
-6.100e-01 1.617e+00
-6.000e-01 1.580e+00
-5.900e-01 1.670e+00
-5.800e-01 1.852e+00
-5.700e-01 1.989e+00
-5.600e-01 2.013e+00
-5.500e-01 2.150e+00
-5.400e-01 2.161e+00
-5.300e-01 1.785e+00
-5.200e-01 2.055e+00
-5.100e-01 2.081e+00
-5.000e-01 2.072e+00
-4.900e-01 2.153e+00
-4.800e-01 1.927e+00
-4.700e-01 2.014e+00
-4.600e-01 1.648e+00
-4.500e-01 1.046e+00
-4.400e-01 5.033e-01
-4.300e-01 6.450e-01
-4.200e-01 1.108e+00
-4.100e-01 1.069e+00
-4.000e-01 1.513e+00
-3.900e-01 1.463e+00
-3.800e-01 1.339e+00
-3.700e-01 2.089e+00
-3.600e-01 2.339e+00
-3.500e-01 2.083e+00
-3.400e-01 1.665e+00
-3.300e-01 1.390e+00
-3.200e-01 1.174e+00
-3.100e-01 1.498e+00
-3.000e-01 1.459e+00
-2.900e-01 1.307e+00
-2.800e-01 1.328e+00
-2.700e-01 1.426e+00
-2.600e-01 1.713e+00
-2.500e-01 2.568e+00
-2.400e-01 3.280e+00
-2.300e-01 3.365e+00
-2.200e-01 3.359e+00
-2.100e-01 2.985e+00
-2.000e-01 2.440e+00
-1.900e-01 2.303e+00
-1.800e-01 2.861e+00
-1.700e-01 3.354e+00
-1.600e-01 3.604e+00
-1.500e-01 3.977e+00
-1.400e-01 5.655e+00
-1.300e-01 5.902e+00
-1.200e-01 5.508e+00
-1.100e-01 5.364e+00
-1.000e-01 5.974e+00
-9.000e-02 6.967e+00
-8.000e-02 7.431e+00
-7.000e-02 7.897e+00
-6.000e-02 1.010e+01
-5.000e-02 1.124e+01
-4.000e-02 1.389e+01
-3.000e-02 1.503e+01
-2.000e-02 1.733e+01
-1.000e-02 2.115e+01
