# Time (ps)      real(F_1)      im(F_1)
0.000e+00 1.000e+00 0.000e+00
1.000e-01 9.529e-01 9.628e-03
2.000e-01 9.390e-01 -1.982e-02
3.000e-01 8.330e-01 -3.467e-02
4.000e-01 8.155e-01 -4.425e-02
5.000e-01 8.403e-01 -5.301e-02
6.000e-01 8.632e-01 -5.573e-02
7.000e-01 8.593e-01 -4.377e-02
8.000e-01 8.736e-01 -5.560e-02
9.000e-01 8.974e-01 -4.168e-02
1.000e+00 8.628e-01 -4.069e-02
1.100e+00 8.361e-01 -4.397e-02
1.200e+00 8.422e-01 -4.490e-02
1.300e+00 8.344e-01 -4.618e-02
1.400e+00 8.749e-01 -4.839e-02
1.500e+00 8.947e-01 -5.593e-02
1.600e+00 8.149e-01 -3.470e-02
1.700e+00 8.352e-01 -6.818e-02
1.800e+00 8.649e-01 -3.775e-02
1.900e+00 8.221e-01 -3.922e-02
2.000e+00 8.510e-01 -3.572e-02
2.100e+00 8.160e-01 -1.959e-02
2.200e+00 8.389e-01 5.977e-03
2.300e+00 7.881e-01 -2.218e-02
2.400e+00 7.621e-01 5.122e-04
2.500e+00 7.662e-01 -3.002e-02
2.600e+00 7.405e-01 -6.302e-02
2.700e+00 7.799e-01 -6.577e-02
2.800e+00 7.553e-01 -3.309e-02
2.900e+00 7.457e-01 -3.848e-02
3.000e+00 7.353e-01 -2.975e-02
3.100e+00 7.645e-01 -2.738e-02
3.200e+00 7.164e-01 -3.452e-02
3.300e+00 7.812e-01 -3.686e-02
3.400e+00 7.235e-01 -4.474e-02
3.500e+00 6.776e-01 -5.599e-02
3.600e+00 7.429e-01 -5.377e-02
3.700e+00 7.804e-01 -6.527e-02
3.800e+00 6.816e-01 -5.490e-02
3.900e+00 7.389e-01 -7.315e-02
4.000e+00 7.143e-01 -6.350e-02
4.100e+00 7.101e-01 -6.307e-02
4.200e+00 7.144e-01 -4.598e-02
4.300e+00 7.254e-01 -6.982e-02
4.400e+00 6.767e-01 -5.671e-02
4.500e+00 7.061e-01 -6.240e-02
4.600e+00 6.596e-01 -5.477e-02
4.700e+00 6.758e-01 -5.573e-02
4.800e+00 6.378e-01 -4.248e-02
4.900e+00 7.239e-01 -6.711e-02
5.000e+00 7.054e-01 -3.041e-02
5.100e+00 6.931e-01 -9.041e-03
5.200e+00 6.900e-01 1.842e-02
5.300e+00 7.109e-01 9.492e-04
5.400e+00 6.914e-01 -2.452e-03
5.500e+00 7.359e-01 -1.740e-03
5.600e+00 7.067e-01 7.760e-03
5.700e+00 7.078e-01 -4.386e-03
5.800e+00 7.156e-01 -2.224e-04
5.900e+00 7.277e-01 -1.528e-02
6.000e+00 7.071e-01 -5.535e-02
6.100e+00 6.891e-01 -6.680e-02
6.200e+00 7.161e-01 -2.758e-02
6.300e+00 7.240e-01 -3.064e-02
6.400e+00 7.039e-01 -1.766e-02
6.500e+00 6.586e-01 -3.046e-02
6.600e+00 6.759e-01 -3.025e-02
6.700e+00 7.010e-01 4.004e-03
6.800e+00 7.086e-01 1.568e-02
6.900e+00 6.920e-01 1.268e-02
7.000e+00 6.954e-01 -1.270e-02
7.100e+00 6.664e-01 -2.489e-02
7.200e+00 6.780e-01 -3.244e-02
7.300e+00 6.703e-01 -1.626e-02
7.400e+00 7.042e-01 -3.441e-03
7.500e+00 7.115e-01 -5.065e-03
7.600e+00 7.093e-01 -9.904e-03
7.700e+00 7.209e-01 -1.684e-02
7.800e+00 7.095e-01 -1.634e-02
7.900e+00 6.900e-01 -2.247e-02
8.000e+00 6.758e-01 -1.801e-02
8.100e+00 7.032e-01 -2.570e-02
8.200e+00 7.103e-01 -5.883e-02
8.300e+00 7.118e-01 -5.081e-02
8.400e+00 6.561e-01 -5.080e-02
8.500e+00 6.690e-01 -4.321e-02
8.600e+00 6.563e-01 -1.469e-02
8.700e+00 6.769e-01 -2.607e-02
8.800e+00 6.798e-01 -1.329e-02
8.900e+00 6.421e-01 -4.756e-03
9.000e+00 6.909e-01 -6.035e-03
9.100e+00 6.744e-01 -3.801e-02
9.200e+00 6.818e-01 -3.497e-02
9.300e+00 6.582e-01 1.775e-03
9.400e+00 6.673e-01 -1.143e-02
9.500e+00 6.459e-01 6.911e-03
9.600e+00 6.797e-01 -1.863e-03
9.700e+00 6.359e-01 3.359e-03
9.800e+00 6.275e-01 -3.337e-02
9.900e+00 6.096e-01 -2.040e-02
1.000e+01 6.422e-01 -4.807e-02
1.010e+01 6.547e-01 -5.640e-02
1.020e+01 6.833e-01 -3.728e-02
1.030e+01 6.451e-01 -3.484e-02
1.040e+01 6.799e-01 -4.850e-02
1.050e+01 6.592e-01 -3.231e-02
1.060e+01 6.465e-01 -1.004e-02
1.070e+01 6.366e-01 -3.292e-02
1.080e+01 6.325e-01 -2.947e-02
1.090e+01 6.345e-01 -2.101e-02
1.100e+01 6.220e-01 -2.680e-02
1.110e+01 6.306e-01 -2.563e-02
1.120e+01 5.998e-01 -2.679e-02
1.130e+01 5.951e-01 -3.672e-02
1.140e+01 5.973e-01 -1.080e-02
1.150e+01 5.785e-01 -1.223e-02
1.160e+01 5.762e-01 -1.922e-02
1.170e+01 6.030e-01 -3.053e-02
1.180e+01 5.695e-01 -1.949e-02
1.190e+01 5.733e-01 9.004e-03
1.200e+01 6.100e-01 -3.995e-03
1.210e+01 5.789e-01 -3.781e-02
1.220e+01 5.917e-01 -2.727e-02
1.230e+01 5.465e-01 -3.198e-02
1.240e+01 5.591e-01 -5.860e-02
1.250e+01 6.084e-01 -5.345e-02
1.260e+01 5.865e-01 -3.976e-02
1.270e+01 5.646e-01 -2.393e-02
1.280e+01 5.543e-01 -3.682e-02
1.290e+01 5.233e-01 -4.724e-02
1.300e+01 5.272e-01 -2.679e-02
1.310e+01 5.240e-01 -3.206e-02
1.320e+01 5.273e-01 4.228e-03
1.330e+01 5.458e-01 -1.208e-02
1.340e+01 5.050e-01 -8.483e-03
1.350e+01 5.332e-01 -1.488e-02
1.360e+01 5.231e-01 -3.703e-02
1.370e+01 4.888e-01 -1.860e-02
1.380e+01 5.169e-01 -1.052e-02
1.390e+01 5.148e-01 -1.521e-02
1.400e+01 4.893e-01 -1.318e-02
1.410e+01 5.106e-01 -1.607e-02
1.420e+01 5.088e-01 -2.056e-02
1.430e+01 4.993e-01 -1.670e-02
1.440e+01 4.869e-01 9.394e-04
1.450e+01 5.032e-01 -2.749e-02
1.460e+01 4.896e-01 -3.273e-02
1.470e+01 4.710e-01 -3.608e-02
1.480e+01 4.857e-01 -3.908e-02
1.490e+01 4.644e-01 -5.148e-02
1.500e+01 4.749e-01 -4.830e-02
1.510e+01 4.690e-01 -5.048e-02
1.520e+01 4.758e-01 -5.596e-02
1.530e+01 4.548e-01 -4.213e-02
1.540e+01 4.700e-01 -5.350e-02
1.550e+01 4.668e-01 -4.525e-02
1.560e+01 5.025e-01 -2.625e-02
1.570e+01 4.694e-01 -3.542e-02
1.580e+01 4.710e-01 -3.951e-02
1.590e+01 4.659e-01 -3.793e-02
1.600e+01 4.419e-01 -3.524e-02
1.610e+01 4.449e-01 -6.354e-02
1.620e+01 4.677e-01 -4.712e-02
1.630e+01 4.742e-01 -2.632e-02
1.640e+01 4.664e-01 -4.095e-02
1.650e+01 4.650e-01 -2.238e-02
1.660e+01 4.437e-01 -3.317e-02
1.670e+01 4.466e-01 -3.403e-02
1.680e+01 4.669e-01 -3.377e-02
1.690e+01 4.443e-01 -5.013e-02
1.700e+01 4.452e-01 -5.972e-02
1.710e+01 4.528e-01 -6.481e-02
1.720e+01 4.658e-01 -2.709e-02
1.730e+01 4.570e-01 -3.769e-02
1.740e+01 4.763e-01 -2.848e-02
1.750e+01 4.766e-01 -3.835e-02
1.760e+01 4.648e-01 -2.595e-02
1.770e+01 4.510e-01 -2.340e-02
1.780e+01 4.358e-01 -4.267e-02
1.790e+01 4.422e-01 -3.418e-02
1.800e+01 4.662e-01 -4.643e-02
1.810e+01 4.665e-01 -3.827e-02
1.820e+01 4.478e-01 -3.686e-02
1.830e+01 4.659e-01 -3.318e-02
1.840e+01 4.485e-01 -2.463e-02
1.850e+01 4.662e-01 -9.851e-03
1.860e+01 4.257e-01 -2.823e-02
1.870e+01 4.309e-01 -3.000e-02
1.880e+01 4.187e-01 -3.979e-02
1.890e+01 4.329e-01 -1.996e-02
1.900e+01 4.685e-01 -1.348e-02
1.910e+01 4.765e-01 4.909e-03
1.920e+01 4.459e-01 -2.167e-02
1.930e+01 4.407e-01 -3.106e-02
1.940e+01 4.255e-01 -2.300e-02
1.950e+01 4.183e-01 -3.128e-02
1.960e+01 3.968e-01 -2.428e-02
1.970e+01 4.202e-01 -3.956e-02
1.980e+01 4.278e-01 -6.076e-02
1.990e+01 4.260e-01 -5.243e-02
2.000e+01 4.398e-01 -2.048e-02
2.010e+01 4.596e-01 -2.935e-02
2.020e+01 4.481e-01 -1.524e-02
2.030e+01 4.422e-01 -4.101e-02
2.040e+01 4.329e-01 -3.423e-02
2.050e+01 4.440e-01 -1.958e-02
2.060e+01 4.491e-01 -2.201e-02
2.070e+01 4.355e-01 -3.426e-02
2.080e+01 4.471e-01 -3.592e-02
2.090e+01 4.458e-01 -2.829e-02
2.100e+01 4.508e-01 -2.677e-02
2.110e+01 4.295e-01 -3.788e-02
2.120e+01 4.063e-01 -3.163e-02
2.130e+01 4.313e-01 -4.800e-02
2.140e+01 4.130e-01 -5.521e-02
2.150e+01 4.142e-01 -5.305e-02
2.160e+01 4.200e-01 -3.091e-02
2.170e+01 4.385e-01 -4.151e-02
2.180e+01 4.265e-01 -5.088e-02
2.190e+01 4.239e-01 -4.389e-02
2.200e+01 4.274e-01 -4.361e-02
2.210e+01 4.092e-01 -4.654e-02
2.220e+01 4.525e-01 -3.841e-02
2.230e+01 4.611e-01 -5.932e-02
2.240e+01 4.549e-01 -6.349e-02
2.250e+01 4.518e-01 -6.959e-02
2.260e+01 4.392e-01 -5.803e-02
2.270e+01 4.474e-01 -5.894e-02
2.280e+01 4.310e-01 -7.047e-02
2.290e+01 4.201e-01 -4.555e-02
2.300e+01 4.270e-01 -5.991e-02
2.310e+01 4.514e-01 -4.916e-02
2.320e+01 4.532e-01 -4.696e-02
2.330e+01 4.683e-01 -3.707e-02
2.340e+01 4.699e-01 -3.960e-02
2.350e+01 4.355e-01 -2.950e-02
2.360e+01 4.448e-01 -3.873e-02
2.370e+01 4.662e-01 -2.581e-02
2.380e+01 4.556e-01 -7.127e-02
2.390e+01 4.286e-01 -4.954e-02
2.400e+01 4.242e-01 -5.981e-02
2.410e+01 4.186e-01 -5.425e-02
2.420e+01 4.198e-01 -3.818e-02
2.430e+01 4.298e-01 -5.539e-02
2.440e+01 4.526e-01 -5.882e-02
2.450e+01 4.210e-01 -5.577e-02
2.460e+01 4.008e-01 -7.502e-02
2.470e+01 4.299e-01 -6.399e-02
2.480e+01 4.309e-01 -3.790e-02
2.490e+01 4.187e-01 -5.253e-02
2.500e+01 4.073e-01 -5.100e-02
2.510e+01 4.407e-01 -4.717e-02
2.520e+01 4.211e-01 -4.201e-02
2.530e+01 4.033e-01 -4.795e-02
2.540e+01 3.928e-01 -4.498e-02
2.550e+01 3.645e-01 -5.291e-02
2.560e+01 3.563e-01 -4.967e-02
2.570e+01 3.643e-01 -4.233e-02
2.580e+01 3.732e-01 -5.222e-02
2.590e+01 3.792e-01 -1.694e-02
2.600e+01 3.878e-01 -5.412e-02
2.610e+01 3.571e-01 -3.926e-02
2.620e+01 3.568e-01 -4.050e-02
2.630e+01 3.805e-01 -1.822e-02
2.640e+01 4.021e-01 -5.236e-02
2.650e+01 4.003e-01 -4.305e-02
2.660e+01 3.948e-01 -5.333e-02
2.670e+01 3.837e-01 -5.368e-02
2.680e+01 3.694e-01 -4.419e-02
2.690e+01 3.769e-01 -1.382e-02
2.700e+01 3.708e-01 -2.965e-02
2.710e+01 3.817e-01 -3.768e-02
2.720e+01 4.001e-01 -4.836e-02
2.730e+01 4.160e-01 -3.037e-02
2.740e+01 4.042e-01 -4.233e-02
2.750e+01 3.973e-01 -3.251e-02
2.760e+01 3.936e-01 -3.034e-02
2.770e+01 4.150e-01 -3.003e-02
2.780e+01 3.829e-01 -2.575e-02
2.790e+01 3.817e-01 -3.981e-02
2.800e+01 3.717e-01 -2.147e-02
2.810e+01 3.772e-01 -1.504e-02
2.820e+01 3.753e-01 -3.007e-02
2.830e+01 3.825e-01 -1.137e-02
2.840e+01 3.657e-01 -1.438e-02
2.850e+01 3.543e-01 -3.068e-02
2.860e+01 3.699e-01 -2.469e-02
2.870e+01 3.715e-01 -1.011e-02
2.880e+01 3.619e-01 -2.517e-02
2.890e+01 3.700e-01 -2.865e-02
2.900e+01 3.704e-01 -4.482e-02
2.910e+01 3.819e-01 -2.853e-02
2.920e+01 3.747e-01 -2.221e-02
2.930e+01 3.834e-01 -8.610e-03
2.940e+01 4.012e-01 -2.896e-03
2.950e+01 3.870e-01 -9.407e-03
2.960e+01 3.729e-01 -4.745e-03
2.970e+01 3.939e-01 -2.469e-02
2.980e+01 3.748e-01 -7.057e-03
2.990e+01 3.697e-01 5.104e-03
3.000e+01 3.919e-01 -1.788e-02
3.010e+01 3.953e-01 -1.398e-02
3.020e+01 3.836e-01 -2.107e-02
3.030e+01 3.277e-01 -2.642e-02
3.040e+01 3.275e-01 -3.396e-02
3.050e+01 3.682e-01 -2.181e-02
3.060e+01 3.425e-01 -1.708e-03
3.070e+01 3.466e-01 -9.904e-03
3.080e+01 3.614e-01 -6.110e-03
3.090e+01 3.798e-01 7.083e-03
3.100e+01 3.827e-01 2.252e-02
3.110e+01 3.560e-01 1.152e-02
3.120e+01 3.569e-01 1.342e-02
3.130e+01 3.579e-01 1.098e-03
3.140e+01 3.751e-01 2.059e-02
3.150e+01 3.874e-01 1.438e-02
3.160e+01 4.000e-01 1.210e-02
3.170e+01 4.056e-01 5.696e-03
3.180e+01 4.042e-01 1.399e-02
3.190e+01 3.809e-01 6.298e-03
3.200e+01 3.737e-01 -1.310e-02
3.210e+01 3.613e-01 -4.990e-03
3.220e+01 3.765e-01 7.504e-03
3.230e+01 3.611e-01 1.013e-02
3.240e+01 3.506e-01 1.221e-02
3.250e+01 3.404e-01 -1.355e-02
3.260e+01 3.478e-01 -1.476e-02
3.270e+01 3.299e-01 -5.786e-03
3.280e+01 3.602e-01 1.204e-02
3.290e+01 3.296e-01 -1.163e-02
3.300e+01 3.494e-01 -1.694e-02
3.310e+01 3.446e-01 -1.894e-02
3.320e+01 3.370e-01 -7.181e-03
3.330e+01 3.371e-01 -1.983e-02
3.340e+01 3.311e-01 1.585e-03
3.350e+01 3.272e-01 -6.419e-03
3.360e+01 3.237e-01 -8.820e-03
3.370e+01 3.096e-01 -1.671e-02
3.380e+01 3.004e-01 -2.556e-02
3.390e+01 3.187e-01 -1.204e-02
3.400e+01 3.130e-01 -6.175e-03
3.410e+01 3.111e-01 -2.125e-02
3.420e+01 3.240e-01 -2.643e-02
3.430e+01 3.326e-01 -2.436e-02
3.440e+01 3.280e-01 -2.109e-02
3.450e+01 3.313e-01 -2.123e-02
3.460e+01 3.233e-01 -1.700e-02
3.470e+01 3.198e-01 -1.266e-02
3.480e+01 3.128e-01 -4.948e-03
3.490e+01 3.227e-01 -1.062e-02
3.500e+01 3.265e-01 -1.374e-02
3.510e+01 3.357e-01 -2.318e-02
3.520e+01 3.294e-01 -2.765e-02
3.530e+01 3.343e-01 -3.102e-02
3.540e+01 3.129e-01 -2.727e-02
3.550e+01 3.286e-01 -1.904e-02
3.560e+01 3.140e-01 -2.770e-02
3.570e+01 3.312e-01 -2.519e-02
3.580e+01 3.302e-01 -2.680e-02
3.590e+01 3.198e-01 -1.963e-02
3.600e+01 3.274e-01 -3.476e-02
3.610e+01 3.134e-01 -4.298e-02
3.620e+01 3.325e-01 -2.376e-02
3.630e+01 3.209e-01 -7.753e-03
3.640e+01 3.219e-01 6.505e-03
3.650e+01 3.103e-01 -4.408e-04
3.660e+01 3.267e-01 -1.178e-02
3.670e+01 3.311e-01 -1.203e-02
3.680e+01 3.253e-01 -1.602e-03
3.690e+01 3.235e-01 -6.538e-03
3.700e+01 3.294e-01 -7.983e-03
3.710e+01 3.115e-01 6.257e-04
3.720e+01 3.034e-01 -1.428e-02
3.730e+01 3.164e-01 -2.529e-02
3.740e+01 3.090e-01 -2.294e-02
3.750e+01 3.068e-01 -2.819e-02
3.760e+01 2.948e-01 -2.870e-02
3.770e+01 3.116e-01 -3.523e-02
3.780e+01 3.125e-01 -4.091e-02
3.790e+01 3.151e-01 -3.545e-02
3.800e+01 3.090e-01 -3.066e-02
3.810e+01 3.125e-01 -3.365e-02
3.820e+01 3.060e-01 -5.311e-02
3.830e+01 3.108e-01 -5.175e-02
3.840e+01 3.161e-01 -3.435e-02
3.850e+01 3.229e-01 -2.252e-02
3.860e+01 3.010e-01 -2.449e-02
3.870e+01 3.127e-01 -4.635e-02
3.880e+01 3.020e-01 -2.905e-02
3.890e+01 3.075e-01 -4.658e-02
3.900e+01 3.017e-01 -3.848e-02
3.910e+01 3.029e-01 -3.887e-02
3.920e+01 3.084e-01 -5.331e-02
3.930e+01 3.035e-01 -3.968e-02
3.940e+01 2.937e-01 -2.796e-02
3.950e+01 2.856e-01 -2.155e-02
3.960e+01 3.111e-01 -1.848e-02
3.970e+01 2.998e-01 -4.422e-03
3.980e+01 2.946e-01 -1.445e-02
3.990e+01 3.016e-01 -2.054e-02
4.000e+01 3.007e-01 -2.569e-02
4.010e+01 3.051e-01 -2.757e-02
4.020e+01 3.136e-01 -2.886e-02
4.030e+01 2.924e-01 -2.784e-02
4.040e+01 3.107e-01 -3.922e-02
4.050e+01 3.028e-01 -2.677e-02
4.060e+01 3.042e-01 -2.880e-02
4.070e+01 3.049e-01 -2.424e-02
4.080e+01 2.823e-01 -1.410e-02
4.090e+01 2.778e-01 -1.586e-02
4.100e+01 2.951e-01 -1.431e-02
4.110e+01 2.616e-01 -1.255e-02
4.120e+01 2.768e-01 -1.163e-02
4.130e+01 2.790e-01 -2.548e-03
4.140e+01 2.718e-01 7.695e-03
4.150e+01 2.740e-01 5.635e-03
4.160e+01 2.783e-01 -1.790e-03
4.170e+01 2.827e-01 -1.991e-02
4.180e+01 2.818e-01 -1.214e-02
4.190e+01 2.667e-01 -4.323e-04
4.200e+01 2.825e-01 6.024e-03
4.210e+01 2.788e-01 -7.719e-03
4.220e+01 2.903e-01 -5.275e-03
4.230e+01 2.701e-01 -9.007e-03
4.240e+01 2.677e-01 -6.666e-03
4.250e+01 2.764e-01 -1.665e-02
4.260e+01 2.744e-01 -1.279e-02
4.270e+01 2.882e-01 5.227e-03
4.280e+01 2.706e-01 -6.380e-03
4.290e+01 2.625e-01 -1.421e-02
4.300e+01 2.550e-01 -1.421e-02
4.310e+01 2.527e-01 -6.874e-03
4.320e+01 2.434e-01 6.731e-03
4.330e+01 2.716e-01 -1.316e-02
4.340e+01 2.568e-01 1.056e-03
4.350e+01 2.748e-01 2.542e-03
4.360e+01 2.497e-01 -5.527e-03
4.370e+01 2.541e-01 -8.369e-03
4.380e+01 2.700e-01 2.055e-03
4.390e+01 2.861e-01 -1.229e-02
4.400e+01 2.757e-01 -2.991e-03
4.410e+01 2.685e-01 -9.716e-03
4.420e+01 2.636e-01 -1.738e-02
4.430e+01 2.709e-01 -2.466e-02
4.440e+01 2.558e-01 2.128e-03
4.450e+01 2.515e-01 -1.179e-02
4.460e+01 2.553e-01 -1.053e-02
4.470e+01 2.484e-01 -9.995e-03
4.480e+01 2.659e-01 -1.167e-02
4.490e+01 2.696e-01 -2.794e-02
4.500e+01 2.642e-01 -2.058e-02
4.510e+01 2.601e-01 -2.436e-02
4.520e+01 2.590e-01 -3.370e-02
4.530e+01 2.409e-01 -3.103e-02
4.540e+01 2.473e-01 -2.770e-02
4.550e+01 2.476e-01 -2.192e-02
4.560e+01 2.571e-01 -2.151e-02
4.570e+01 2.482e-01 -2.647e-02
4.580e+01 2.540e-01 -3.873e-02
4.590e+01 2.431e-01 -3.209e-02
4.600e+01 2.440e-01 -1.881e-02
4.610e+01 2.572e-01 -2.547e-02
4.620e+01 2.502e-01 -1.270e-02
4.630e+01 2.606e-01 -2.218e-02
4.640e+01 2.661e-01 -2.493e-02
4.650e+01 2.597e-01 -1.570e-02
4.660e+01 2.423e-01 -1.722e-02
4.670e+01 2.547e-01 -7.949e-03
4.680e+01 2.648e-01 3.114e-03
4.690e+01 2.467e-01 -1.146e-02
4.700e+01 2.644e-01 -1.878e-02
4.710e+01 2.676e-01 -2.185e-02
4.720e+01 2.538e-01 -1.936e-02
4.730e+01 2.543e-01 -2.097e-02
4.740e+01 2.497e-01 -1.844e-02
4.750e+01 2.524e-01 -1.265e-02
4.760e+01 2.529e-01 -1.028e-02
4.770e+01 2.404e-01 -2.600e-02
4.780e+01 2.423e-01 -2.304e-02
4.790e+01 2.435e-01 -2.750e-02
4.800e+01 2.476e-01 -2.003e-02
4.810e+01 2.378e-01 -1.736e-02
4.820e+01 2.438e-01 -2.226e-02
4.830e+01 2.511e-01 -2.169e-02
4.840e+01 2.453e-01 -2.899e-02
4.850e+01 2.440e-01 -1.864e-02
4.860e+01 2.275e-01 -6.908e-03
4.870e+01 2.260e-01 4.138e-03
4.880e+01 2.246e-01 3.513e-03
4.890e+01 2.325e-01 9.496e-03
4.900e+01 2.380e-01 7.522e-03
4.910e+01 2.433e-01 1.721e-02
4.920e+01 2.406e-01 9.031e-03
4.930e+01 2.415e-01 -3.310e-03
4.940e+01 2.524e-01 -8.202e-03
4.950e+01 2.388e-01 -1.540e-02
4.960e+01 2.406e-01 -3.067e-03
4.970e+01 2.336e-01 -2.679e-03
4.980e+01 2.419e-01 -1.419e-02
4.990e+01 2.284e-01 -7.309e-03
5.000e+01 2.432e-01 -2.433e-03
5.010e+01 2.536e-01 -3.246e-03
5.020e+01 2.314e-01 -9.495e-03
5.030e+01 2.457e-01 -9.509e-03
5.040e+01 2.544e-01 -9.664e-03
5.050e+01 2.455e-01 -7.029e-03
5.060e+01 2.553e-01 -4.102e-03
5.070e+01 2.361e-01 -2.549e-03
5.080e+01 2.614e-01 5.306e-05
5.090e+01 2.461e-01 9.149e-03
5.100e+01 2.649e-01 -1.626e-02
5.110e+01 2.645e-01 -2.325e-02
5.120e+01 2.403e-01 -1.183e-02
5.130e+01 2.469e-01 -3.259e-03
5.140e+01 2.386e-01 -1.206e-02
5.150e+01 2.384e-01 1.830e-04
5.160e+01 2.330e-01 8.696e-03
5.170e+01 2.428e-01 3.264e-03
5.180e+01 2.363e-01 -1.975e-03
5.190e+01 2.274e-01 -1.066e-02
5.200e+01 2.284e-01 -2.231e-02
5.210e+01 2.155e-01 -1.869e-02
5.220e+01 2.295e-01 -5.413e-03
5.230e+01 2.335e-01 7.101e-04
5.240e+01 2.327e-01 -6.561e-03
5.250e+01 2.342e-01 -1.217e-02
5.260e+01 2.279e-01 1.595e-03
5.270e+01 2.366e-01 -2.669e-03
5.280e+01 2.342e-01 -4.937e-03
5.290e+01 2.341e-01 -9.430e-03
5.300e+01 2.223e-01 -4.242e-03
5.310e+01 2.192e-01 -4.157e-03
5.320e+01 2.218e-01 -3.446e-03
5.330e+01 2.259e-01 7.392e-03
5.340e+01 2.336e-01 1.835e-02
5.350e+01 2.291e-01 -5.858e-04
5.360e+01 2.334e-01 -7.900e-03
5.370e+01 2.430e-01 -1.590e-03
5.380e+01 2.488e-01 -2.015e-02
5.390e+01 2.278e-01 -9.594e-03
5.400e+01 2.313e-01 -4.695e-03
5.410e+01 2.320e-01 -1.551e-02
5.420e+01 2.461e-01 3.394e-03
5.430e+01 2.556e-01 8.037e-03
5.440e+01 2.433e-01 -3.863e-03
5.450e+01 2.500e-01 -2.319e-03
5.460e+01 2.409e-01 -8.876e-03
5.470e+01 2.449e-01 -1.846e-04
5.480e+01 2.489e-01 5.725e-03
5.490e+01 2.421e-01 2.592e-03
5.500e+01 2.361e-01 5.167e-03
5.510e+01 2.296e-01 -1.003e-03
5.520e+01 2.339e-01 4.383e-03
5.530e+01 2.169e-01 -1.194e-03
5.540e+01 2.221e-01 -7.674e-03
5.550e+01 2.090e-01 -1.262e-02
5.560e+01 2.156e-01 -1.429e-02
5.570e+01 2.105e-01 -1.051e-02
5.580e+01 2.278e-01 -2.030e-02
5.590e+01 2.203e-01 -1.292e-02
5.600e+01 2.318e-01 -3.979e-02
5.610e+01 2.109e-01 -1.853e-02
5.620e+01 2.150e-01 -2.188e-02
5.630e+01 2.218e-01 -1.814e-02
5.640e+01 2.381e-01 -2.948e-02
5.650e+01 2.296e-01 -1.210e-02
5.660e+01 2.310e-01 -1.545e-02
5.670e+01 2.237e-01 -8.924e-03
5.680e+01 2.261e-01 -7.995e-03
5.690e+01 2.302e-01 -7.646e-03
5.700e+01 2.285e-01 -1.512e-02
5.710e+01 2.363e-01 -1.559e-02
5.720e+01 2.357e-01 -1.926e-02
5.730e+01 2.330e-01 -1.151e-02
5.740e+01 2.224e-01 -1.098e-02
5.750e+01 2.302e-01 -5.462e-03
5.760e+01 2.372e-01 -1.762e-02
5.770e+01 2.234e-01 -3.493e-03
5.780e+01 2.176e-01 -1.460e-02
5.790e+01 2.085e-01 -1.744e-02
5.800e+01 2.061e-01 -1.937e-02
5.810e+01 2.145e-01 -2.048e-02
5.820e+01 2.078e-01 -2.098e-02
5.830e+01 2.068e-01 -1.606e-02
5.840e+01 2.033e-01 -1.441e-02
5.850e+01 1.997e-01 -1.713e-02
5.860e+01 2.171e-01 -1.926e-02
5.870e+01 2.098e-01 -2.013e-02
5.880e+01 2.138e-01 -2.089e-02
5.890e+01 2.066e-01 -2.834e-02
5.900e+01 2.139e-01 -2.276e-02
5.910e+01 2.159e-01 -2.101e-02
5.920e+01 2.035e-01 -3.173e-02
5.930e+01 2.116e-01 -1.778e-02
5.940e+01 2.218e-01 -2.837e-02
5.950e+01 2.252e-01 -1.641e-02
5.960e+01 1.961e-01 -9.827e-03
5.970e+01 2.117e-01 -1.898e-02
5.980e+01 2.036e-01 2.109e-03
5.990e+01 2.075e-01 2.415e-03
6.000e+01 2.343e-01 -9.746e-03
6.010e+01 2.241e-01 -1.668e-02
6.020e+01 2.112e-01 -2.123e-02
6.030e+01 1.943e-01 -2.940e-02
6.040e+01 1.943e-01 -2.133e-02
6.050e+01 2.249e-01 -1.826e-02
6.060e+01 2.226e-01 -1.089e-02
6.070e+01 2.352e-01 -1.674e-02
6.080e+01 2.294e-01 -7.950e-03
6.090e+01 2.441e-01 -9.428e-03
6.100e+01 2.446e-01 -1.070e-02
6.110e+01 2.268e-01 -1.359e-02
6.120e+01 2.241e-01 -7.665e-03
6.130e+01 2.350e-01 -2.181e-02
6.140e+01 2.196e-01 -9.003e-03
6.150e+01 2.068e-01 -1.454e-02
6.160e+01 2.093e-01 -2.407e-02
6.170e+01 2.176e-01 -1.697e-02
6.180e+01 2.177e-01 -1.034e-02
6.190e+01 2.054e-01 -1.345e-02
6.200e+01 2.132e-01 -2.209e-02
6.210e+01 2.043e-01 -1.818e-02
6.220e+01 2.228e-01 -2.886e-02
6.230e+01 2.005e-01 -1.429e-02
6.240e+01 1.915e-01 -9.241e-03
6.250e+01 2.133e-01 -2.672e-02
6.260e+01 2.222e-01 -3.409e-02
6.270e+01 2.170e-01 -2.129e-02
6.280e+01 2.267e-01 -1.837e-02
6.290e+01 2.074e-01 -2.304e-02
6.300e+01 1.978e-01 -3.117e-02
6.310e+01 2.006e-01 -3.611e-02
6.320e+01 2.002e-01 -4.395e-02
6.330e+01 1.923e-01 -2.748e-02
6.340e+01 1.918e-01 -2.159e-02
6.350e+01 1.981e-01 -3.411e-02
6.360e+01 1.990e-01 -3.220e-02
6.370e+01 2.080e-01 -3.820e-02
6.380e+01 1.821e-01 -2.981e-02
6.390e+01 1.763e-01 -2.332e-02
6.400e+01 1.835e-01 -2.035e-02
6.410e+01 1.784e-01 -1.509e-02
6.420e+01 1.794e-01 -1.837e-02
6.430e+01 1.831e-01 -2.668e-02
6.440e+01 1.775e-01 -2.305e-02
6.450e+01 1.761e-01 -3.508e-02
6.460e+01 1.765e-01 -2.689e-02
6.470e+01 1.699e-01 -2.564e-02
6.480e+01 1.636e-01 -2.817e-02
6.490e+01 1.762e-01 -1.652e-02
6.500e+01 1.718e-01 -2.038e-02
6.510e+01 1.725e-01 -1.819e-02
6.520e+01 1.651e-01 -2.581e-02
6.530e+01 1.733e-01 -2.622e-02
6.540e+01 1.782e-01 -1.829e-02
6.550e+01 1.713e-01 -9.484e-03
6.560e+01 1.703e-01 -2.023e-02
6.570e+01 1.861e-01 -1.028e-02
6.580e+01 1.808e-01 -1.999e-02
6.590e+01 1.754e-01 -2.068e-02
6.600e+01 1.789e-01 -2.856e-02
6.610e+01 1.718e-01 -3.482e-02
6.620e+01 1.921e-01 -2.390e-02
6.630e+01 1.772e-01 -1.163e-02
6.640e+01 1.868e-01 -1.385e-02
6.650e+01 1.649e-01 -1.482e-04
6.660e+01 1.794e-01 -6.392e-03
6.670e+01 1.732e-01 -1.300e-02
6.680e+01 1.704e-01 -1.708e-03
6.690e+01 1.797e-01 -1.180e-03
6.700e+01 1.855e-01 2.008e-03
6.710e+01 1.777e-01 -1.638e-03
6.720e+01 1.625e-01 -3.794e-03
6.730e+01 1.622e-01 -1.359e-02
6.740e+01 1.718e-01 -1.889e-02
6.750e+01 1.642e-01 -2.626e-02
6.760e+01 1.680e-01 -2.173e-02
6.770e+01 1.720e-01 -2.394e-02
6.780e+01 1.807e-01 -2.389e-02
6.790e+01 1.723e-01 -2.441e-02
6.800e+01 1.728e-01 -1.894e-02
6.810e+01 1.796e-01 -1.813e-02
6.820e+01 1.776e-01 -2.453e-02
6.830e+01 1.845e-01 -3.049e-02
6.840e+01 1.777e-01 -2.046e-02
6.850e+01 1.814e-01 -2.204e-02
6.860e+01 1.825e-01 -1.946e-02
6.870e+01 1.793e-01 -2.579e-02
6.880e+01 1.746e-01 -1.594e-02
6.890e+01 1.771e-01 -1.944e-02
6.900e+01 1.915e-01 -1.697e-02
6.910e+01 1.752e-01 -2.323e-02
6.920e+01 1.912e-01 -3.694e-02
6.930e+01 1.801e-01 -3.082e-02
6.940e+01 1.767e-01 -2.467e-02
6.950e+01 1.686e-01 -9.271e-03
6.960e+01 1.796e-01 -2.667e-03
6.970e+01 1.754e-01 -1.546e-03
6.980e+01 1.735e-01 -1.890e-02
6.990e+01 1.655e-01 -1.731e-02
7.000e+01 1.742e-01 -1.563e-02
7.010e+01 1.696e-01 -2.203e-02
7.020e+01 1.755e-01 -1.544e-02
7.030e+01 1.749e-01 -1.490e-02
7.040e+01 1.917e-01 -2.425e-02
7.050e+01 2.007e-01 -1.542e-02
7.060e+01 1.920e-01 -1.592e-02
7.070e+01 1.926e-01 -2.609e-02
7.080e+01 1.876e-01 -1.654e-02
7.090e+01 1.819e-01 -1.832e-02
7.100e+01 1.808e-01 -1.047e-02
7.110e+01 1.666e-01 -1.274e-02
7.120e+01 1.653e-01 -1.088e-02
7.130e+01 1.751e-01 -5.860e-03
7.140e+01 1.639e-01 -7.800e-03
7.150e+01 1.640e-01 -8.391e-03
7.160e+01 1.663e-01 -6.087e-03
7.170e+01 1.768e-01 -5.419e-03
7.180e+01 1.628e-01 -9.416e-03
7.190e+01 1.607e-01 -9.467e-03
7.200e+01 1.568e-01 -1.101e-02
7.210e+01 1.592e-01 -1.520e-02
7.220e+01 1.733e-01 -7.601e-03
7.230e+01 1.620e-01 -7.649e-03
7.240e+01 1.746e-01 -6.984e-04
7.250e+01 1.762e-01 -1.597e-02
7.260e+01 1.886e-01 -2.469e-02
7.270e+01 1.834e-01 -1.542e-02
7.280e+01 1.701e-01 -1.305e-02
7.290e+01 1.632e-01 -1.092e-02
7.300e+01 1.504e-01 -6.594e-03
7.310e+01 1.546e-01 -2.321e-03
7.320e+01 1.453e-01 -5.130e-03
7.330e+01 1.672e-01 -2.236e-02
7.340e+01 1.604e-01 -9.598e-03
7.350e+01 1.527e-01 -1.264e-02
7.360e+01 1.509e-01 -8.963e-03
7.370e+01 1.553e-01 -7.318e-03
7.380e+01 1.696e-01 -9.283e-03
7.390e+01 1.762e-01 -1.177e-02
7.400e+01 1.637e-01 -3.057e-03
7.410e+01 1.636e-01 -6.489e-03
7.420e+01 1.627e-01 -1.691e-02
7.430e+01 1.732e-01 -2.242e-02
7.440e+01 1.631e-01 -9.689e-03
7.450e+01 1.658e-01 -7.895e-03
7.460e+01 1.572e-01 -8.545e-03
7.470e+01 1.593e-01 -9.646e-03
7.480e+01 1.517e-01 -1.213e-02
7.490e+01 1.548e-01 -1.771e-02
7.500e+01 1.573e-01 -1.199e-02
7.510e+01 1.593e-01 -1.691e-02
7.520e+01 1.576e-01 -2.458e-02
7.530e+01 1.476e-01 -2.146e-02
7.540e+01 1.548e-01 -1.868e-02
7.550e+01 1.460e-01 -2.483e-02
7.560e+01 1.642e-01 -2.541e-02
7.570e+01 1.582e-01 -2.942e-02
7.580e+01 1.667e-01 -3.918e-02
7.590e+01 1.597e-01 -2.967e-02
7.600e+01 1.630e-01 -2.289e-02
7.610e+01 1.731e-01 -2.345e-02
7.620e+01 1.730e-01 -2.659e-02
7.630e+01 1.799e-01 -2.132e-02
7.640e+01 1.746e-01 -2.358e-02
7.650e+01 1.707e-01 -1.602e-02
7.660e+01 1.752e-01 -1.601e-02
7.670e+01 1.672e-01 -1.955e-02
7.680e+01 1.788e-01 -9.060e-03
7.690e+01 1.730e-01 -9.044e-03
7.700e+01 1.705e-01 -1.015e-02
7.710e+01 1.679e-01 -1.438e-02
7.720e+01 1.629e-01 -2.337e-02
7.730e+01 1.619e-01 -1.991e-02
7.740e+01 1.590e-01 -1.967e-02
7.750e+01 1.665e-01 -2.530e-02
7.760e+01 1.722e-01 -4.882e-03
7.770e+01 1.590e-01 -1.826e-02
7.780e+01 1.620e-01 -1.606e-02
7.790e+01 1.702e-01 -1.580e-02
7.800e+01 1.811e-01 -2.182e-02
7.810e+01 1.731e-01 -3.187e-02
7.820e+01 1.790e-01 -3.247e-02
7.830e+01 1.812e-01 -2.360e-02
7.840e+01 1.808e-01 -2.908e-02
7.850e+01 1.767e-01 -1.949e-02
7.860e+01 1.746e-01 -2.012e-02
7.870e+01 1.675e-01 -1.376e-02
7.880e+01 1.631e-01 -2.051e-03
7.890e+01 1.650e-01 -3.713e-03
7.900e+01 1.637e-01 -1.735e-02
7.910e+01 1.603e-01 -5.465e-04
7.920e+01 1.661e-01 -3.144e-03
7.930e+01 1.713e-01 -4.365e-05
7.940e+01 1.743e-01 2.174e-03
7.950e+01 1.702e-01 -2.144e-03
7.960e+01 1.641e-01 -2.599e-03
7.970e+01 1.489e-01 -1.236e-03
7.980e+01 1.499e-01 -6.356e-03
7.990e+01 1.613e-01 2.383e-03
8.000e+01 1.585e-01 -4.837e-04
8.010e+01 1.525e-01 -1.115e-02
8.020e+01 1.521e-01 -1.219e-02
8.030e+01 1.606e-01 -2.377e-02
8.040e+01 1.557e-01 -2.178e-02
8.050e+01 1.515e-01 -1.286e-02
8.060e+01 1.608e-01 -1.965e-02
8.070e+01 1.574e-01 -1.861e-02
8.080e+01 1.643e-01 -1.531e-02
8.090e+01 1.632e-01 -8.898e-03
8.100e+01 1.703e-01 -3.870e-03
8.110e+01 1.601e-01 -9.953e-03
8.120e+01 1.291e-01 -4.313e-03
8.130e+01 1.488e-01 -1.324e-02
8.140e+01 1.478e-01 -1.393e-02
8.150e+01 1.299e-01 -8.483e-03
8.160e+01 1.320e-01 1.428e-05
8.170e+01 1.343e-01 -1.560e-03
8.180e+01 1.362e-01 -1.002e-02
8.190e+01 1.384e-01 -6.653e-03
8.200e+01 1.361e-01 -1.122e-02
8.210e+01 1.235e-01 -8.344e-03
8.220e+01 1.383e-01 -2.131e-03
8.230e+01 1.383e-01 -1.135e-02
8.240e+01 1.451e-01 -1.154e-02
8.250e+01 1.418e-01 -8.232e-03
8.260e+01 1.426e-01 -6.767e-03
8.270e+01 1.426e-01 -1.471e-02
8.280e+01 1.349e-01 -9.938e-03
8.290e+01 1.444e-01 -4.656e-03
8.300e+01 1.344e-01 -2.132e-03
8.310e+01 1.347e-01 -1.012e-02
8.320e+01 1.307e-01 4.362e-03
8.330e+01 1.293e-01 4.329e-03
8.340e+01 1.430e-01 1.740e-03
8.350e+01 1.450e-01 -4.539e-03
8.360e+01 1.357e-01 -1.084e-02
8.370e+01 1.358e-01 -4.214e-03
8.380e+01 1.422e-01 -9.331e-03
8.390e+01 1.433e-01 -1.348e-02
8.400e+01 1.327e-01 -1.167e-02
8.410e+01 1.369e-01 -5.138e-03
8.420e+01 1.421e-01 1.248e-03
8.430e+01 1.369e-01 2.821e-03
8.440e+01 1.333e-01 2.967e-03
8.450e+01 1.354e-01 -5.061e-03
8.460e+01 1.415e-01 -1.326e-02
8.470e+01 1.405e-01 -1.123e-02
8.480e+01 1.373e-01 -1.408e-02
8.490e+01 1.308e-01 -1.556e-02
8.500e+01 1.311e-01 -2.228e-02
8.510e+01 1.302e-01 -2.802e-02
8.520e+01 1.380e-01 -2.276e-02
8.530e+01 1.344e-01 -1.856e-02
8.540e+01 1.340e-01 -1.679e-02
8.550e+01 1.335e-01 -1.856e-02
8.560e+01 1.423e-01 -1.884e-02
8.570e+01 1.446e-01 -2.085e-02
8.580e+01 1.546e-01 -2.670e-02
8.590e+01 1.567e-01 -2.439e-02
8.600e+01 1.451e-01 -2.572e-02
8.610e+01 1.395e-01 -2.012e-02
8.620e+01 1.468e-01 -2.111e-02
8.630e+01 1.452e-01 -1.575e-02
8.640e+01 1.493e-01 -1.718e-02
8.650e+01 1.461e-01 -1.064e-02
8.660e+01 1.418e-01 -1.538e-02
8.670e+01 1.334e-01 -1.602e-02
8.680e+01 1.264e-01 -6.514e-03
8.690e+01 1.333e-01 -1.162e-02
8.700e+01 1.376e-01 -2.940e-02
8.710e+01 1.389e-01 -2.910e-02
8.720e+01 1.440e-01 -2.441e-02
8.730e+01 1.380e-01 -1.979e-02
8.740e+01 1.390e-01 -1.062e-02
8.750e+01 1.412e-01 -1.744e-02
8.760e+01 1.290e-01 -5.816e-03
8.770e+01 1.288e-01 -3.716e-03
8.780e+01 1.335e-01 -5.464e-04
8.790e+01 1.283e-01 1.531e-03
8.800e+01 1.297e-01 -6.374e-03
8.810e+01 1.285e-01 -1.558e-02
8.820e+01 1.337e-01 -1.181e-02
8.830e+01 1.394e-01 -9.055e-03
8.840e+01 1.457e-01 -1.534e-02
8.850e+01 1.464e-01 -1.658e-02
8.860e+01 1.538e-01 -2.265e-02
8.870e+01 1.423e-01 -1.277e-02
8.880e+01 1.429e-01 -1.900e-02
8.890e+01 1.538e-01 3.707e-03
8.900e+01 1.584e-01 8.481e-03
8.910e+01 1.674e-01 -3.870e-03
8.920e+01 1.645e-01 -2.119e-03
8.930e+01 1.681e-01 -4.904e-03
8.940e+01 1.794e-01 3.651e-03
8.950e+01 1.660e-01 6.019e-03
8.960e+01 1.657e-01 1.582e-02
8.970e+01 1.728e-01 2.236e-02
8.980e+01 1.625e-01 1.237e-02
8.990e+01 1.476e-01 1.222e-04
9.000e+01 1.614e-01 -3.758e-03
9.010e+01 1.591e-01 -3.902e-03
9.020e+01 1.665e-01 -1.804e-02
9.030e+01 1.673e-01 -1.977e-02
9.040e+01 1.547e-01 -9.266e-03
9.050e+01 1.593e-01 -8.233e-03
9.060e+01 1.714e-01 -1.541e-02
9.070e+01 1.665e-01 -3.328e-02
9.080e+01 1.707e-01 -2.913e-02
9.090e+01 1.837e-01 -1.357e-02
9.100e+01 1.820e-01 -1.584e-02
9.110e+01 1.562e-01 -8.983e-03
9.120e+01 1.578e-01 -5.539e-03
9.130e+01 1.544e-01 -1.636e-02
9.140e+01 1.638e-01 -3.183e-03
9.150e+01 1.550e-01 -6.731e-03
9.160e+01 1.699e-01 -1.911e-02
9.170e+01 1.735e-01 -2.434e-02
9.180e+01 1.878e-01 -2.587e-02
9.190e+01 1.650e-01 -2.673e-02
9.200e+01 1.613e-01 -2.317e-02
9.210e+01 1.638e-01 -2.114e-02
9.220e+01 1.674e-01 -2.036e-02
9.230e+01 1.623e-01 -1.577e-02
9.240e+01 1.548e-01 -1.096e-02
9.250e+01 1.701e-01 -2.407e-02
9.260e+01 1.717e-01 -3.108e-02
9.270e+01 1.826e-01 -1.292e-02
9.280e+01 1.741e-01 -1.198e-02
9.290e+01 1.581e-01 -2.524e-02
9.300e+01 1.537e-01 -4.003e-02
9.310e+01 1.527e-01 -3.969e-02
9.320e+01 1.565e-01 -4.094e-02
9.330e+01 1.507e-01 -3.769e-02
9.340e+01 1.491e-01 -2.806e-02
9.350e+01 1.568e-01 -3.572e-02
9.360e+01 1.648e-01 -4.341e-02
9.370e+01 1.670e-01 -3.847e-02
9.380e+01 1.526e-01 -2.308e-02
9.390e+01 1.541e-01 -1.669e-02
9.400e+01 1.559e-01 -2.906e-02
9.410e+01 1.468e-01 -2.177e-02
9.420e+01 1.498e-01 -2.177e-02
9.430e+01 1.508e-01 -2.501e-02
9.440e+01 1.450e-01 -2.172e-02
9.450e+01 1.550e-01 -1.788e-02
9.460e+01 1.554e-01 -2.280e-02
9.470e+01 1.542e-01 -3.176e-02
9.480e+01 1.536e-01 -2.954e-02
9.490e+01 1.587e-01 -3.101e-02
9.500e+01 1.770e-01 -3.146e-02
9.510e+01 1.772e-01 -5.593e-03
9.520e+01 1.572e-01 -1.727e-02
9.530e+01 1.682e-01 -2.268e-02
9.540e+01 1.643e-01 -3.324e-02
9.550e+01 1.762e-01 -2.725e-02
9.560e+01 1.594e-01 -3.144e-02
9.570e+01 1.778e-01 -3.350e-02
9.580e+01 1.617e-01 -3.285e-02
9.590e+01 1.704e-01 -2.145e-02
9.600e+01 1.613e-01 -2.758e-02
9.610e+01 1.552e-01 -1.837e-02
9.620e+01 1.741e-01 -8.625e-03
9.630e+01 1.631e-01 -1.571e-02
9.640e+01 1.655e-01 -1.387e-02
9.650e+01 1.556e-01 1.270e-03
9.660e+01 1.650e-01 -5.527e-03
9.670e+01 1.673e-01 2.014e-04
9.680e+01 1.736e-01 6.753e-04
9.690e+01 1.602e-01 -6.335e-03
9.700e+01 1.656e-01 4.108e-04
9.710e+01 1.713e-01 -3.417e-03
9.720e+01 1.547e-01 -8.832e-03
9.730e+01 1.520e-01 1.198e-03
9.740e+01 1.561e-01 2.754e-04
9.750e+01 1.526e-01 -1.041e-02
9.760e+01 1.627e-01 4.732e-04
9.770e+01 1.675e-01 3.141e-03
9.780e+01 1.612e-01 -6.726e-03
9.790e+01 1.593e-01 -1.781e-02
9.800e+01 1.680e-01 -1.901e-02
9.810e+01 1.573e-01 -1.481e-02
9.820e+01 1.712e-01 1.199e-03
9.830e+01 1.620e-01 -3.663e-04
9.840e+01 1.708e-01 -6.398e-03
9.850e+01 1.655e-01 -1.154e-02
9.860e+01 1.621e-01 -1.292e-02
9.870e+01 1.626e-01 -9.505e-03
9.880e+01 1.517e-01 -1.710e-02
9.890e+01 1.515e-01 -1.705e-02
9.900e+01 1.553e-01 -1.229e-02
9.910e+01 1.403e-01 -1.028e-02
9.920e+01 1.509e-01 -2.486e-02
9.930e+01 1.410e-01 -2.564e-02
9.940e+01 1.421e-01 -1.171e-02
9.950e+01 1.438e-01 -8.159e-03
9.960e+01 1.574e-01 3.514e-03
9.970e+01 1.544e-01 -2.516e-03
9.980e+01 1.417e-01 -2.109e-02
9.990e+01 1.458e-01 -1.566e-02
