# Time (ps)      real(F_0)      im(F_0)
0.000e+00 1.000e+00 0.000e+00
1.000e-01 9.766e-01 0.000e+00
2.000e-01 9.405e-01 0.000e+00
3.000e-01 8.297e-01 0.000e+00
4.000e-01 8.527e-01 0.000e+00
5.000e-01 7.798e-01 0.000e+00
6.000e-01 8.160e-01 0.000e+00
7.000e-01 8.341e-01 0.000e+00
8.000e-01 8.254e-01 0.000e+00
9.000e-01 8.742e-01 0.000e+00
1.000e+00 8.803e-01 0.000e+00
1.100e+00 8.217e-01 0.000e+00
1.200e+00 7.819e-01 0.000e+00
1.300e+00 8.188e-01 0.000e+00
1.400e+00 8.239e-01 0.000e+00
1.500e+00 7.911e-01 0.000e+00
1.600e+00 7.559e-01 0.000e+00
1.700e+00 7.185e-01 0.000e+00
1.800e+00 7.382e-01 0.000e+00
1.900e+00 6.967e-01 0.000e+00
2.000e+00 6.967e-01 0.000e+00
2.100e+00 7.319e-01 0.000e+00
2.200e+00 6.996e-01 0.000e+00
2.300e+00 7.260e-01 0.000e+00
2.400e+00 6.962e-01 0.000e+00
2.500e+00 7.432e-01 0.000e+00
2.600e+00 7.400e-01 0.000e+00
2.700e+00 7.547e-01 0.000e+00
2.800e+00 7.400e-01 0.000e+00
2.900e+00 7.489e-01 0.000e+00
3.000e+00 7.226e-01 0.000e+00
3.100e+00 7.066e-01 0.000e+00
3.200e+00 7.032e-01 0.000e+00
3.300e+00 6.653e-01 0.000e+00
3.400e+00 7.150e-01 0.000e+00
3.500e+00 7.167e-01 0.000e+00
3.600e+00 7.436e-01 0.000e+00
3.700e+00 7.153e-01 0.000e+00
3.800e+00 6.977e-01 0.000e+00
3.900e+00 7.081e-01 0.000e+00
4.000e+00 6.811e-01 0.000e+00
4.100e+00 6.950e-01 0.000e+00
4.200e+00 6.497e-01 0.000e+00
4.300e+00 6.484e-01 0.000e+00
4.400e+00 6.828e-01 0.000e+00
4.500e+00 6.902e-01 0.000e+00
4.600e+00 6.592e-01 0.000e+00
4.700e+00 6.760e-01 0.000e+00
4.800e+00 6.161e-01 0.000e+00
4.900e+00 6.455e-01 0.000e+00
5.000e+00 6.595e-01 0.000e+00
5.100e+00 6.301e-01 0.000e+00
5.200e+00 6.150e-01 0.000e+00
5.300e+00 6.034e-01 0.000e+00
5.400e+00 6.361e-01 0.000e+00
5.500e+00 6.022e-01 0.000e+00
5.600e+00 6.406e-01 0.000e+00
5.700e+00 5.632e-01 0.000e+00
5.800e+00 5.782e-01 0.000e+00
5.900e+00 6.131e-01 0.000e+00
6.000e+00 5.566e-01 0.000e+00
6.100e+00 5.675e-01 0.000e+00
6.200e+00 5.658e-01 0.000e+00
6.300e+00 5.930e-01 0.000e+00
6.400e+00 5.481e-01 0.000e+00
6.500e+00 6.194e-01 0.000e+00
6.600e+00 5.908e-01 0.000e+00
6.700e+00 6.210e-01 0.000e+00
6.800e+00 6.180e-01 0.000e+00
6.900e+00 6.237e-01 0.000e+00
7.000e+00 5.665e-01 0.000e+00
7.100e+00 5.751e-01 0.000e+00
7.200e+00 5.517e-01 0.000e+00
7.300e+00 5.596e-01 0.000e+00
7.400e+00 5.380e-01 0.000e+00
7.500e+00 5.432e-01 0.000e+00
7.600e+00 5.352e-01 0.000e+00
7.700e+00 5.637e-01 0.000e+00
7.800e+00 5.562e-01 0.000e+00
7.900e+00 5.933e-01 0.000e+00
8.000e+00 5.962e-01 0.000e+00
8.100e+00 5.863e-01 0.000e+00
8.200e+00 5.974e-01 0.000e+00
8.300e+00 5.767e-01 0.000e+00
8.400e+00 5.750e-01 0.000e+00
8.500e+00 5.543e-01 0.000e+00
8.600e+00 5.482e-01 0.000e+00
8.700e+00 5.681e-01 0.000e+00
8.800e+00 5.662e-01 0.000e+00
8.900e+00 5.783e-01 0.000e+00
9.000e+00 5.582e-01 0.000e+00
9.100e+00 6.288e-01 0.000e+00
9.200e+00 6.257e-01 0.000e+00
9.300e+00 5.716e-01 0.000e+00
9.400e+00 5.921e-01 0.000e+00
9.500e+00 6.228e-01 0.000e+00
9.600e+00 5.759e-01 0.000e+00
9.700e+00 5.764e-01 0.000e+00
9.800e+00 5.693e-01 0.000e+00
9.900e+00 5.564e-01 0.000e+00
1.000e+01 5.514e-01 0.000e+00
1.010e+01 6.551e-01 0.000e+00
1.020e+01 5.413e-01 0.000e+00
1.030e+01 5.065e-01 0.000e+00
1.040e+01 4.878e-01 0.000e+00
1.050e+01 4.650e-01 0.000e+00
1.060e+01 4.709e-01 0.000e+00
1.070e+01 4.864e-01 0.000e+00
1.080e+01 5.044e-01 0.000e+00
1.090e+01 5.592e-01 0.000e+00
1.100e+01 5.474e-01 0.000e+00
1.110e+01 6.036e-01 0.000e+00
1.120e+01 6.357e-01 0.000e+00
1.130e+01 5.580e-01 0.000e+00
1.140e+01 5.750e-01 0.000e+00
1.150e+01 5.148e-01 0.000e+00
1.160e+01 5.507e-01 0.000e+00
1.170e+01 5.676e-01 0.000e+00
1.180e+01 5.288e-01 0.000e+00
1.190e+01 5.668e-01 0.000e+00
1.200e+01 6.216e-01 0.000e+00
1.210e+01 5.962e-01 0.000e+00
1.220e+01 6.076e-01 0.000e+00
1.230e+01 5.711e-01 0.000e+00
1.240e+01 5.670e-01 0.000e+00
1.250e+01 5.184e-01 0.000e+00
1.260e+01 5.226e-01 0.000e+00
1.270e+01 4.767e-01 0.000e+00
1.280e+01 4.793e-01 0.000e+00
1.290e+01 4.907e-01 0.000e+00
1.300e+01 5.111e-01 0.000e+00
1.310e+01 5.475e-01 0.000e+00
1.320e+01 5.519e-01 0.000e+00
1.330e+01 5.672e-01 0.000e+00
1.340e+01 5.419e-01 0.000e+00
1.350e+01 5.581e-01 0.000e+00
1.360e+01 4.996e-01 0.000e+00
1.370e+01 4.772e-01 0.000e+00
1.380e+01 5.140e-01 0.000e+00
1.390e+01 4.703e-01 0.000e+00
1.400e+01 5.397e-01 0.000e+00
1.410e+01 5.097e-01 0.000e+00
1.420e+01 5.241e-01 0.000e+00
1.430e+01 5.135e-01 0.000e+00
1.440e+01 4.609e-01 0.000e+00
1.450e+01 4.642e-01 0.000e+00
1.460e+01 4.416e-01 0.000e+00
1.470e+01 4.217e-01 0.000e+00
1.480e+01 4.010e-01 0.000e+00
1.490e+01 4.135e-01 0.000e+00
1.500e+01 3.963e-01 0.000e+00
1.510e+01 4.006e-01 0.000e+00
1.520e+01 4.002e-01 0.000e+00
1.530e+01 3.978e-01 0.000e+00
1.540e+01 3.852e-01 0.000e+00
1.550e+01 3.864e-01 0.000e+00
1.560e+01 4.039e-01 0.000e+00
1.570e+01 3.802e-01 0.000e+00
1.580e+01 3.946e-01 0.000e+00
1.590e+01 3.862e-01 0.000e+00
1.600e+01 3.938e-01 0.000e+00
1.610e+01 4.075e-01 0.000e+00
1.620e+01 4.181e-01 0.000e+00
1.630e+01 4.503e-01 0.000e+00
1.640e+01 4.619e-01 0.000e+00
1.650e+01 4.474e-01 0.000e+00
1.660e+01 4.224e-01 0.000e+00
1.670e+01 3.910e-01 0.000e+00
1.680e+01 3.899e-01 0.000e+00
1.690e+01 3.871e-01 0.000e+00
1.700e+01 4.039e-01 0.000e+00
1.710e+01 4.129e-01 0.000e+00
1.720e+01 4.077e-01 0.000e+00
1.730e+01 3.808e-01 0.000e+00
1.740e+01 3.746e-01 0.000e+00
1.750e+01 4.223e-01 0.000e+00
1.760e+01 4.417e-01 0.000e+00
1.770e+01 4.010e-01 0.000e+00
1.780e+01 4.026e-01 0.000e+00
1.790e+01 4.311e-01 0.000e+00
1.800e+01 4.110e-01 0.000e+00
1.810e+01 4.349e-01 0.000e+00
1.820e+01 4.763e-01 0.000e+00
1.830e+01 4.126e-01 0.000e+00
1.840e+01 4.158e-01 0.000e+00
1.850e+01 4.138e-01 0.000e+00
1.860e+01 3.971e-01 0.000e+00
1.870e+01 4.032e-01 0.000e+00
1.880e+01 4.013e-01 0.000e+00
1.890e+01 3.500e-01 0.000e+00
1.900e+01 3.418e-01 0.000e+00
1.910e+01 4.081e-01 0.000e+00
1.920e+01 3.794e-01 0.000e+00
1.930e+01 3.988e-01 0.000e+00
1.940e+01 3.769e-01 0.000e+00
1.950e+01 3.996e-01 0.000e+00
1.960e+01 3.874e-01 0.000e+00
1.970e+01 4.315e-01 0.000e+00
1.980e+01 4.096e-01 0.000e+00
1.990e+01 4.046e-01 0.000e+00
2.000e+01 4.073e-01 0.000e+00
2.010e+01 3.702e-01 0.000e+00
2.020e+01 3.471e-01 0.000e+00
2.030e+01 3.669e-01 0.000e+00
2.040e+01 3.729e-01 0.000e+00
2.050e+01 4.207e-01 0.000e+00
2.060e+01 4.074e-01 0.000e+00
2.070e+01 3.968e-01 0.000e+00
2.080e+01 3.901e-01 0.000e+00
2.090e+01 3.621e-01 0.000e+00
2.100e+01 3.510e-01 0.000e+00
2.110e+01 3.747e-01 0.000e+00
2.120e+01 4.185e-01 0.000e+00
2.130e+01 4.008e-01 0.000e+00
2.140e+01 3.823e-01 0.000e+00
2.150e+01 3.790e-01 0.000e+00
2.160e+01 3.874e-01 0.000e+00
2.170e+01 3.823e-01 0.000e+00
2.180e+01 3.913e-01 0.000e+00
2.190e+01 4.109e-01 0.000e+00
2.200e+01 4.211e-01 0.000e+00
2.210e+01 3.901e-01 0.000e+00
2.220e+01 4.074e-01 0.000e+00
2.230e+01 3.617e-01 0.000e+00
2.240e+01 3.746e-01 0.000e+00
2.250e+01 3.894e-01 0.000e+00
2.260e+01 4.044e-01 0.000e+00
2.270e+01 4.135e-01 0.000e+00
2.280e+01 4.423e-01 0.000e+00
2.290e+01 4.001e-01 0.000e+00
2.300e+01 3.816e-01 0.000e+00
2.310e+01 3.720e-01 0.000e+00
2.320e+01 3.743e-01 0.000e+00
2.330e+01 3.847e-01 0.000e+00
2.340e+01 3.833e-01 0.000e+00
2.350e+01 3.896e-01 0.000e+00
2.360e+01 3.747e-01 0.000e+00
2.370e+01 3.543e-01 0.000e+00
2.380e+01 3.494e-01 0.000e+00
2.390e+01 3.888e-01 0.000e+00
2.400e+01 3.738e-01 0.000e+00
2.410e+01 3.826e-01 0.000e+00
2.420e+01 3.674e-01 0.000e+00
2.430e+01 3.582e-01 0.000e+00
2.440e+01 3.692e-01 0.000e+00
2.450e+01 3.987e-01 0.000e+00
2.460e+01 3.830e-01 0.000e+00
2.470e+01 3.810e-01 0.000e+00
2.480e+01 3.461e-01 0.000e+00
2.490e+01 3.450e-01 0.000e+00
2.500e+01 3.505e-01 0.000e+00
2.510e+01 3.330e-01 0.000e+00
2.520e+01 3.585e-01 0.000e+00
2.530e+01 3.119e-01 0.000e+00
2.540e+01 3.520e-01 0.000e+00
2.550e+01 3.628e-01 0.000e+00
2.560e+01 3.463e-01 0.000e+00
2.570e+01 3.811e-01 0.000e+00
2.580e+01 3.461e-01 0.000e+00
2.590e+01 3.777e-01 0.000e+00
2.600e+01 3.526e-01 0.000e+00
2.610e+01 3.293e-01 0.000e+00
2.620e+01 3.191e-01 0.000e+00
2.630e+01 3.147e-01 0.000e+00
2.640e+01 3.231e-01 0.000e+00
2.650e+01 3.086e-01 0.000e+00
2.660e+01 2.971e-01 0.000e+00
2.670e+01 2.953e-01 0.000e+00
2.680e+01 2.943e-01 0.000e+00
2.690e+01 3.033e-01 0.000e+00
2.700e+01 3.083e-01 0.000e+00
2.710e+01 3.001e-01 0.000e+00
2.720e+01 2.799e-01 0.000e+00
2.730e+01 3.033e-01 0.000e+00
2.740e+01 3.095e-01 0.000e+00
2.750e+01 2.961e-01 0.000e+00
2.760e+01 3.408e-01 0.000e+00
2.770e+01 2.973e-01 0.000e+00
2.780e+01 3.150e-01 0.000e+00
2.790e+01 3.007e-01 0.000e+00
2.800e+01 3.055e-01 0.000e+00
2.810e+01 3.282e-01 0.000e+00
2.820e+01 3.035e-01 0.000e+00
2.830e+01 3.440e-01 0.000e+00
2.840e+01 3.458e-01 0.000e+00
2.850e+01 3.476e-01 0.000e+00
2.860e+01 3.475e-01 0.000e+00
2.870e+01 3.487e-01 0.000e+00
2.880e+01 3.238e-01 0.000e+00
2.890e+01 3.232e-01 0.000e+00
2.900e+01 3.400e-01 0.000e+00
2.910e+01 3.908e-01 0.000e+00
2.920e+01 3.210e-01 0.000e+00
2.930e+01 3.286e-01 0.000e+00
2.940e+01 3.232e-01 0.000e+00
2.950e+01 3.605e-01 0.000e+00
2.960e+01 3.647e-01 0.000e+00
2.970e+01 3.521e-01 0.000e+00
2.980e+01 3.400e-01 0.000e+00
2.990e+01 3.099e-01 0.000e+00
3.000e+01 3.155e-01 0.000e+00
3.010e+01 3.296e-01 0.000e+00
3.020e+01 3.161e-01 0.000e+00
3.030e+01 3.233e-01 0.000e+00
3.040e+01 3.296e-01 0.000e+00
3.050e+01 2.964e-01 0.000e+00
3.060e+01 3.186e-01 0.000e+00
3.070e+01 3.162e-01 0.000e+00
3.080e+01 3.132e-01 0.000e+00
3.090e+01 3.089e-01 0.000e+00
3.100e+01 3.167e-01 0.000e+00
3.110e+01 3.102e-01 0.000e+00
3.120e+01 3.064e-01 0.000e+00
3.130e+01 3.361e-01 0.000e+00
3.140e+01 3.348e-01 0.000e+00
3.150e+01 3.185e-01 0.000e+00
3.160e+01 3.251e-01 0.000e+00
3.170e+01 3.240e-01 0.000e+00
3.180e+01 3.366e-01 0.000e+00
3.190e+01 3.092e-01 0.000e+00
3.200e+01 3.164e-01 0.000e+00
3.210e+01 3.365e-01 0.000e+00
3.220e+01 3.303e-01 0.000e+00
3.230e+01 3.386e-01 0.000e+00
3.240e+01 3.332e-01 0.000e+00
3.250e+01 3.445e-01 0.000e+00
3.260e+01 3.475e-01 0.000e+00
3.270e+01 3.211e-01 0.000e+00
3.280e+01 3.076e-01 0.000e+00
3.290e+01 3.310e-01 0.000e+00
3.300e+01 3.334e-01 0.000e+00
3.310e+01 3.275e-01 0.000e+00
3.320e+01 3.057e-01 0.000e+00
3.330e+01 2.957e-01 0.000e+00
3.340e+01 3.266e-01 0.000e+00
3.350e+01 3.279e-01 0.000e+00
3.360e+01 3.209e-01 0.000e+00
3.370e+01 3.413e-01 0.000e+00
3.380e+01 3.162e-01 0.000e+00
3.390e+01 3.357e-01 0.000e+00
3.400e+01 3.068e-01 0.000e+00
3.410e+01 2.930e-01 0.000e+00
3.420e+01 2.575e-01 0.000e+00
3.430e+01 2.895e-01 0.000e+00
3.440e+01 2.922e-01 0.000e+00
3.450e+01 2.867e-01 0.000e+00
3.460e+01 2.799e-01 0.000e+00
3.470e+01 2.932e-01 0.000e+00
3.480e+01 2.732e-01 0.000e+00
3.490e+01 2.613e-01 0.000e+00
3.500e+01 2.651e-01 0.000e+00
3.510e+01 2.437e-01 0.000e+00
3.520e+01 2.499e-01 0.000e+00
3.530e+01 2.656e-01 0.000e+00
3.540e+01 2.741e-01 0.000e+00
3.550e+01 2.623e-01 0.000e+00
3.560e+01 2.640e-01 0.000e+00
3.570e+01 2.608e-01 0.000e+00
3.580e+01 2.489e-01 0.000e+00
3.590e+01 2.690e-01 0.000e+00
3.600e+01 2.697e-01 0.000e+00
3.610e+01 2.629e-01 0.000e+00
3.620e+01 2.546e-01 0.000e+00
3.630e+01 2.614e-01 0.000e+00
3.640e+01 2.434e-01 0.000e+00
3.650e+01 2.414e-01 0.000e+00
3.660e+01 2.372e-01 0.000e+00
3.670e+01 2.595e-01 0.000e+00
3.680e+01 2.756e-01 0.000e+00
3.690e+01 2.709e-01 0.000e+00
3.700e+01 2.577e-01 0.000e+00
3.710e+01 2.777e-01 0.000e+00
3.720e+01 2.565e-01 0.000e+00
3.730e+01 2.728e-01 0.000e+00
3.740e+01 2.551e-01 0.000e+00
3.750e+01 2.469e-01 0.000e+00
3.760e+01 2.489e-01 0.000e+00
3.770e+01 2.766e-01 0.000e+00
3.780e+01 2.627e-01 0.000e+00
3.790e+01 2.622e-01 0.000e+00
3.800e+01 2.667e-01 0.000e+00
3.810e+01 2.712e-01 0.000e+00
3.820e+01 2.652e-01 0.000e+00
3.830e+01 2.540e-01 0.000e+00
3.840e+01 2.577e-01 0.000e+00
3.850e+01 2.420e-01 0.000e+00
3.860e+01 2.537e-01 0.000e+00
3.870e+01 2.651e-01 0.000e+00
3.880e+01 2.637e-01 0.000e+00
3.890e+01 2.624e-01 0.000e+00
3.900e+01 2.469e-01 0.000e+00
3.910e+01 2.551e-01 0.000e+00
3.920e+01 2.569e-01 0.000e+00
3.930e+01 2.371e-01 0.000e+00
3.940e+01 2.411e-01 0.000e+00
3.950e+01 2.655e-01 0.000e+00
3.960e+01 2.760e-01 0.000e+00
3.970e+01 2.708e-01 0.000e+00
3.980e+01 2.374e-01 0.000e+00
3.990e+01 2.333e-01 0.000e+00
4.000e+01 2.502e-01 0.000e+00
4.010e+01 2.836e-01 0.000e+00
4.020e+01 2.617e-01 0.000e+00
4.030e+01 2.626e-01 0.000e+00
4.040e+01 2.504e-01 0.000e+00
4.050e+01 2.433e-01 0.000e+00
4.060e+01 2.493e-01 0.000e+00
4.070e+01 2.283e-01 0.000e+00
4.080e+01 2.381e-01 0.000e+00
4.090e+01 2.588e-01 0.000e+00
4.100e+01 2.516e-01 0.000e+00
4.110e+01 2.552e-01 0.000e+00
4.120e+01 2.602e-01 0.000e+00
4.130e+01 2.483e-01 0.000e+00
4.140e+01 2.516e-01 0.000e+00
4.150e+01 2.295e-01 0.000e+00
4.160e+01 2.393e-01 0.000e+00
4.170e+01 2.316e-01 0.000e+00
4.180e+01 2.328e-01 0.000e+00
4.190e+01 2.526e-01 0.000e+00
4.200e+01 2.505e-01 0.000e+00
4.210e+01 2.386e-01 0.000e+00
4.220e+01 2.606e-01 0.000e+00
4.230e+01 2.521e-01 0.000e+00
4.240e+01 2.425e-01 0.000e+00
4.250e+01 2.504e-01 0.000e+00
4.260e+01 2.479e-01 0.000e+00
4.270e+01 2.337e-01 0.000e+00
4.280e+01 2.329e-01 0.000e+00
4.290e+01 2.207e-01 0.000e+00
4.300e+01 2.291e-01 0.000e+00
4.310e+01 2.512e-01 0.000e+00
4.320e+01 2.463e-01 0.000e+00
4.330e+01 2.433e-01 0.000e+00
4.340e+01 2.408e-01 0.000e+00
4.350e+01 2.474e-01 0.000e+00
4.360e+01 2.542e-01 0.000e+00
4.370e+01 2.568e-01 0.000e+00
4.380e+01 2.426e-01 0.000e+00
4.390e+01 2.390e-01 0.000e+00
4.400e+01 2.497e-01 0.000e+00
4.410e+01 2.353e-01 0.000e+00
4.420e+01 2.193e-01 0.000e+00
4.430e+01 2.173e-01 0.000e+00
4.440e+01 2.251e-01 0.000e+00
4.450e+01 2.400e-01 0.000e+00
4.460e+01 2.180e-01 0.000e+00
4.470e+01 2.292e-01 0.000e+00
4.480e+01 2.098e-01 0.000e+00
4.490e+01 2.177e-01 0.000e+00
4.500e+01 2.161e-01 0.000e+00
4.510e+01 2.252e-01 0.000e+00
4.520e+01 2.116e-01 0.000e+00
4.530e+01 2.036e-01 0.000e+00
4.540e+01 1.884e-01 0.000e+00
4.550e+01 1.952e-01 0.000e+00
4.560e+01 2.048e-01 0.000e+00
4.570e+01 2.100e-01 0.000e+00
4.580e+01 2.181e-01 0.000e+00
4.590e+01 2.024e-01 0.000e+00
4.600e+01 1.987e-01 0.000e+00
4.610e+01 1.964e-01 0.000e+00
4.620e+01 2.147e-01 0.000e+00
4.630e+01 2.377e-01 0.000e+00
4.640e+01 2.360e-01 0.000e+00
4.650e+01 2.314e-01 0.000e+00
4.660e+01 2.348e-01 0.000e+00
4.670e+01 2.356e-01 0.000e+00
4.680e+01 2.242e-01 0.000e+00
4.690e+01 2.233e-01 0.000e+00
4.700e+01 2.267e-01 0.000e+00
4.710e+01 2.235e-01 0.000e+00
4.720e+01 2.432e-01 0.000e+00
4.730e+01 2.263e-01 0.000e+00
4.740e+01 2.122e-01 0.000e+00
4.750e+01 2.309e-01 0.000e+00
4.760e+01 2.267e-01 0.000e+00
4.770e+01 2.093e-01 0.000e+00
4.780e+01 2.124e-01 0.000e+00
4.790e+01 2.179e-01 0.000e+00
4.800e+01 2.108e-01 0.000e+00
4.810e+01 2.026e-01 0.000e+00
4.820e+01 2.193e-01 0.000e+00
4.830e+01 2.296e-01 0.000e+00
4.840e+01 2.326e-01 0.000e+00
4.850e+01 2.327e-01 0.000e+00
4.860e+01 2.362e-01 0.000e+00
4.870e+01 2.193e-01 0.000e+00
4.880e+01 2.311e-01 0.000e+00
4.890e+01 2.070e-01 0.000e+00
4.900e+01 2.026e-01 0.000e+00
4.910e+01 2.123e-01 0.000e+00
4.920e+01 2.162e-01 0.000e+00
4.930e+01 2.177e-01 0.000e+00
4.940e+01 2.290e-01 0.000e+00
4.950e+01 2.126e-01 0.000e+00
4.960e+01 2.117e-01 0.000e+00
4.970e+01 2.142e-01 0.000e+00
4.980e+01 2.064e-01 0.000e+00
4.990e+01 2.005e-01 0.000e+00
5.000e+01 2.097e-01 0.000e+00
5.010e+01 2.065e-01 0.000e+00
5.020e+01 2.112e-01 0.000e+00
5.030e+01 2.091e-01 0.000e+00
5.040e+01 1.990e-01 0.000e+00
5.050e+01 2.117e-01 0.000e+00
5.060e+01 2.172e-01 0.000e+00
5.070e+01 2.308e-01 0.000e+00
5.080e+01 2.220e-01 0.000e+00
5.090e+01 2.084e-01 0.000e+00
5.100e+01 2.094e-01 0.000e+00
5.110e+01 2.149e-01 0.000e+00
5.120e+01 2.159e-01 0.000e+00
5.130e+01 2.228e-01 0.000e+00
5.140e+01 2.264e-01 0.000e+00
5.150e+01 2.367e-01 0.000e+00
5.160e+01 2.239e-01 0.000e+00
5.170e+01 2.246e-01 0.000e+00
5.180e+01 2.233e-01 0.000e+00
5.190e+01 2.300e-01 0.000e+00
5.200e+01 2.411e-01 0.000e+00
5.210e+01 2.206e-01 0.000e+00
5.220e+01 2.027e-01 0.000e+00
5.230e+01 1.965e-01 0.000e+00
5.240e+01 2.097e-01 0.000e+00
5.250e+01 2.261e-01 0.000e+00
5.260e+01 2.221e-01 0.000e+00
5.270e+01 2.280e-01 0.000e+00
5.280e+01 2.168e-01 0.000e+00
5.290e+01 1.978e-01 0.000e+00
5.300e+01 2.072e-01 0.000e+00
5.310e+01 1.941e-01 0.000e+00
5.320e+01 1.960e-01 0.000e+00
5.330e+01 2.102e-01 0.000e+00
5.340e+01 2.083e-01 0.000e+00
5.350e+01 2.122e-01 0.000e+00
5.360e+01 2.016e-01 0.000e+00
5.370e+01 2.016e-01 0.000e+00
5.380e+01 1.957e-01 0.000e+00
5.390e+01 2.139e-01 0.000e+00
5.400e+01 2.024e-01 0.000e+00
5.410e+01 2.016e-01 0.000e+00
5.420e+01 1.946e-01 0.000e+00
5.430e+01 2.025e-01 0.000e+00
5.440e+01 1.932e-01 0.000e+00
5.450e+01 1.961e-01 0.000e+00
5.460e+01 1.927e-01 0.000e+00
5.470e+01 2.019e-01 0.000e+00
5.480e+01 2.020e-01 0.000e+00
5.490e+01 2.067e-01 0.000e+00
5.500e+01 1.872e-01 0.000e+00
5.510e+01 1.950e-01 0.000e+00
5.520e+01 2.082e-01 0.000e+00
5.530e+01 1.856e-01 0.000e+00
5.540e+01 1.919e-01 0.000e+00
5.550e+01 2.070e-01 0.000e+00
5.560e+01 1.950e-01 0.000e+00
5.570e+01 2.140e-01 0.000e+00
5.580e+01 1.851e-01 0.000e+00
5.590e+01 1.919e-01 0.000e+00
5.600e+01 1.961e-01 0.000e+00
5.610e+01 2.049e-01 0.000e+00
5.620e+01 1.966e-01 0.000e+00
5.630e+01 1.889e-01 0.000e+00
5.640e+01 1.874e-01 0.000e+00
5.650e+01 1.937e-01 0.000e+00
5.660e+01 2.009e-01 0.000e+00
5.670e+01 1.797e-01 0.000e+00
5.680e+01 1.779e-01 0.000e+00
5.690e+01 1.752e-01 0.000e+00
5.700e+01 1.891e-01 0.000e+00
5.710e+01 1.908e-01 0.000e+00
5.720e+01 1.941e-01 0.000e+00
5.730e+01 1.871e-01 0.000e+00
5.740e+01 1.853e-01 0.000e+00
5.750e+01 1.816e-01 0.000e+00
5.760e+01 1.734e-01 0.000e+00
5.770e+01 1.681e-01 0.000e+00
5.780e+01 1.833e-01 0.000e+00
5.790e+01 1.728e-01 0.000e+00
5.800e+01 1.765e-01 0.000e+00
5.810e+01 1.811e-01 0.000e+00
5.820e+01 1.863e-01 0.000e+00
5.830e+01 1.716e-01 0.000e+00
5.840e+01 1.759e-01 0.000e+00
5.850e+01 1.671e-01 0.000e+00
5.860e+01 1.837e-01 0.000e+00
5.870e+01 1.831e-01 0.000e+00
5.880e+01 1.894e-01 0.000e+00
5.890e+01 1.951e-01 0.000e+00
5.900e+01 1.973e-01 0.000e+00
5.910e+01 2.032e-01 0.000e+00
5.920e+01 1.705e-01 0.000e+00
5.930e+01 1.802e-01 0.000e+00
5.940e+01 1.700e-01 0.000e+00
5.950e+01 1.793e-01 0.000e+00
5.960e+01 1.736e-01 0.000e+00
5.970e+01 1.811e-01 0.000e+00
5.980e+01 1.824e-01 0.000e+00
5.990e+01 1.541e-01 0.000e+00
6.000e+01 1.746e-01 0.000e+00
6.010e+01 1.766e-01 0.000e+00
6.020e+01 1.836e-01 0.000e+00
6.030e+01 1.596e-01 0.000e+00
6.040e+01 1.698e-01 0.000e+00
6.050e+01 1.488e-01 0.000e+00
6.060e+01 1.666e-01 0.000e+00
6.070e+01 1.804e-01 0.000e+00
6.080e+01 1.752e-01 0.000e+00
6.090e+01 1.779e-01 0.000e+00
6.100e+01 1.815e-01 0.000e+00
6.110e+01 1.862e-01 0.000e+00
6.120e+01 1.810e-01 0.000e+00
6.130e+01 1.835e-01 0.000e+00
6.140e+01 2.072e-01 0.000e+00
6.150e+01 1.773e-01 0.000e+00
6.160e+01 1.774e-01 0.000e+00
6.170e+01 1.726e-01 0.000e+00
6.180e+01 1.770e-01 0.000e+00
6.190e+01 1.580e-01 0.000e+00
6.200e+01 1.654e-01 0.000e+00
6.210e+01 1.560e-01 0.000e+00
6.220e+01 1.573e-01 0.000e+00
6.230e+01 1.575e-01 0.000e+00
6.240e+01 1.672e-01 0.000e+00
6.250e+01 1.509e-01 0.000e+00
6.260e+01 1.650e-01 0.000e+00
6.270e+01 1.741e-01 0.000e+00
6.280e+01 1.700e-01 0.000e+00
6.290e+01 1.763e-01 0.000e+00
6.300e+01 1.722e-01 0.000e+00
6.310e+01 1.534e-01 0.000e+00
6.320e+01 1.400e-01 0.000e+00
6.330e+01 1.415e-01 0.000e+00
6.340e+01 1.396e-01 0.000e+00
6.350e+01 1.532e-01 0.000e+00
6.360e+01 1.626e-01 0.000e+00
6.370e+01 1.715e-01 0.000e+00
6.380e+01 1.480e-01 0.000e+00
6.390e+01 1.492e-01 0.000e+00
6.400e+01 1.387e-01 0.000e+00
6.410e+01 1.374e-01 0.000e+00
6.420e+01 1.376e-01 0.000e+00
6.430e+01 1.447e-01 0.000e+00
6.440e+01 1.511e-01 0.000e+00
6.450e+01 1.478e-01 0.000e+00
6.460e+01 1.305e-01 0.000e+00
6.470e+01 1.362e-01 0.000e+00
6.480e+01 1.369e-01 0.000e+00
6.490e+01 1.370e-01 0.000e+00
6.500e+01 1.279e-01 0.000e+00
6.510e+01 1.185e-01 0.000e+00
6.520e+01 1.169e-01 0.000e+00
6.530e+01 1.200e-01 0.000e+00
6.540e+01 1.255e-01 0.000e+00
6.550e+01 1.188e-01 0.000e+00
6.560e+01 1.140e-01 0.000e+00
6.570e+01 1.232e-01 0.000e+00
6.580e+01 1.239e-01 0.000e+00
6.590e+01 1.168e-01 0.000e+00
6.600e+01 1.160e-01 0.000e+00
6.610e+01 1.173e-01 0.000e+00
6.620e+01 1.141e-01 0.000e+00
6.630e+01 1.278e-01 0.000e+00
6.640e+01 1.202e-01 0.000e+00
6.650e+01 1.211e-01 0.000e+00
6.660e+01 1.183e-01 0.000e+00
6.670e+01 1.207e-01 0.000e+00
6.680e+01 1.281e-01 0.000e+00
6.690e+01 1.281e-01 0.000e+00
6.700e+01 1.276e-01 0.000e+00
6.710e+01 1.266e-01 0.000e+00
6.720e+01 1.244e-01 0.000e+00
6.730e+01 1.305e-01 0.000e+00
6.740e+01 1.323e-01 0.000e+00
6.750e+01 1.370e-01 0.000e+00
6.760e+01 1.304e-01 0.000e+00
6.770e+01 1.375e-01 0.000e+00
6.780e+01 1.315e-01 0.000e+00
6.790e+01 1.399e-01 0.000e+00
6.800e+01 1.325e-01 0.000e+00
6.810e+01 1.299e-01 0.000e+00
6.820e+01 1.454e-01 0.000e+00
6.830e+01 1.372e-01 0.000e+00
6.840e+01 1.399e-01 0.000e+00
6.850e+01 1.342e-01 0.000e+00
6.860e+01 1.268e-01 0.000e+00
6.870e+01 1.373e-01 0.000e+00
6.880e+01 1.329e-01 0.000e+00
6.890e+01 1.282e-01 0.000e+00
6.900e+01 1.400e-01 0.000e+00
6.910e+01 1.226e-01 0.000e+00
6.920e+01 1.348e-01 0.000e+00
6.930e+01 1.200e-01 0.000e+00
6.940e+01 1.227e-01 0.000e+00
6.950e+01 1.265e-01 0.000e+00
6.960e+01 1.261e-01 0.000e+00
6.970e+01 1.245e-01 0.000e+00
6.980e+01 1.218e-01 0.000e+00
6.990e+01 1.172e-01 0.000e+00
7.000e+01 1.251e-01 0.000e+00
7.010e+01 1.374e-01 0.000e+00
7.020e+01 1.274e-01 0.000e+00
7.030e+01 1.230e-01 0.000e+00
7.040e+01 1.226e-01 0.000e+00
7.050e+01 1.187e-01 0.000e+00
7.060e+01 1.271e-01 0.000e+00
7.070e+01 1.187e-01 0.000e+00
7.080e+01 1.222e-01 0.000e+00
7.090e+01 1.154e-01 0.000e+00
7.100e+01 1.098e-01 0.000e+00
7.110e+01 1.190e-01 0.000e+00
7.120e+01 1.247e-01 0.000e+00
7.130e+01 1.252e-01 0.000e+00
7.140e+01 1.272e-01 0.000e+00
7.150e+01 1.231e-01 0.000e+00
7.160e+01 1.192e-01 0.000e+00
7.170e+01 1.160e-01 0.000e+00
7.180e+01 1.147e-01 0.000e+00
7.190e+01 1.171e-01 0.000e+00
7.200e+01 1.305e-01 0.000e+00
7.210e+01 1.261e-01 0.000e+00
7.220e+01 1.325e-01 0.000e+00
7.230e+01 1.228e-01 0.000e+00
7.240e+01 1.262e-01 0.000e+00
7.250e+01 1.290e-01 0.000e+00
7.260e+01 1.340e-01 0.000e+00
7.270e+01 1.247e-01 0.000e+00
7.280e+01 1.223e-01 0.000e+00
7.290e+01 1.251e-01 0.000e+00
7.300e+01 1.264e-01 0.000e+00
7.310e+01 1.249e-01 0.000e+00
7.320e+01 1.264e-01 0.000e+00
7.330e+01 1.298e-01 0.000e+00
7.340e+01 1.324e-01 0.000e+00
7.350e+01 1.389e-01 0.000e+00
7.360e+01 1.288e-01 0.000e+00
7.370e+01 1.242e-01 0.000e+00
7.380e+01 1.166e-01 0.000e+00
7.390e+01 1.232e-01 0.000e+00
7.400e+01 1.239e-01 0.000e+00
7.410e+01 1.131e-01 0.000e+00
7.420e+01 1.077e-01 0.000e+00
7.430e+01 1.143e-01 0.000e+00
7.440e+01 1.054e-01 0.000e+00
7.450e+01 1.126e-01 0.000e+00
7.460e+01 1.159e-01 0.000e+00
7.470e+01 1.236e-01 0.000e+00
7.480e+01 1.236e-01 0.000e+00
7.490e+01 1.303e-01 0.000e+00
7.500e+01 1.284e-01 0.000e+00
7.510e+01 1.263e-01 0.000e+00
7.520e+01 1.195e-01 0.000e+00
7.530e+01 1.176e-01 0.000e+00
7.540e+01 1.229e-01 0.000e+00
7.550e+01 1.216e-01 0.000e+00
7.560e+01 1.262e-01 0.000e+00
7.570e+01 1.240e-01 0.000e+00
7.580e+01 1.259e-01 0.000e+00
7.590e+01 1.308e-01 0.000e+00
7.600e+01 1.410e-01 0.000e+00
7.610e+01 1.318e-01 0.000e+00
7.620e+01 1.277e-01 0.000e+00
7.630e+01 1.439e-01 0.000e+00
7.640e+01 1.449e-01 0.000e+00
7.650e+01 1.323e-01 0.000e+00
7.660e+01 1.252e-01 0.000e+00
7.670e+01 1.347e-01 0.000e+00
7.680e+01 1.327e-01 0.000e+00
7.690e+01 1.327e-01 0.000e+00
7.700e+01 1.956e-01 0.000e+00
7.710e+01 1.723e-01 0.000e+00
7.720e+01 1.885e-01 0.000e+00
7.730e+01 1.724e-01 0.000e+00
7.740e+01 1.410e-01 0.000e+00
7.750e+01 2.012e-01 0.000e+00
7.760e+01 1.465e-01 0.000e+00
7.770e+01 1.480e-01 0.000e+00
7.780e+01 1.302e-01 0.000e+00
7.790e+01 1.191e-01 0.000e+00
7.800e+01 1.094e-01 0.000e+00
7.810e+01 1.159e-01 0.000e+00
7.820e+01 1.116e-01 0.000e+00
7.830e+01 1.404e-01 0.000e+00
7.840e+01 1.306e-01 0.000e+00
7.850e+01 1.247e-01 0.000e+00
7.860e+01 1.379e-01 0.000e+00
7.870e+01 1.298e-01 0.000e+00
7.880e+01 1.458e-01 0.000e+00
7.890e+01 1.249e-01 0.000e+00
7.900e+01 1.278e-01 0.000e+00
7.910e+01 1.192e-01 0.000e+00
7.920e+01 1.192e-01 0.000e+00
7.930e+01 1.185e-01 0.000e+00
7.940e+01 1.192e-01 0.000e+00
7.950e+01 1.171e-01 0.000e+00
7.960e+01 1.160e-01 0.000e+00
7.970e+01 1.275e-01 0.000e+00
7.980e+01 1.290e-01 0.000e+00
7.990e+01 1.206e-01 0.000e+00
8.000e+01 1.163e-01 0.000e+00
8.010e+01 1.045e-01 0.000e+00
8.020e+01 1.082e-01 0.000e+00
8.030e+01 1.133e-01 0.000e+00
8.040e+01 1.225e-01 0.000e+00
8.050e+01 1.157e-01 0.000e+00
8.060e+01 1.104e-01 0.000e+00
8.070e+01 1.059e-01 0.000e+00
8.080e+01 1.082e-01 0.000e+00
8.090e+01 1.035e-01 0.000e+00
8.100e+01 9.550e-02 0.000e+00
8.110e+01 1.060e-01 0.000e+00
8.120e+01 1.106e-01 0.000e+00
8.130e+01 1.107e-01 0.000e+00
8.140e+01 1.181e-01 0.000e+00
8.150e+01 1.158e-01 0.000e+00
8.160e+01 1.130e-01 0.000e+00
8.170e+01 1.009e-01 0.000e+00
8.180e+01 1.117e-01 0.000e+00
8.190e+01 1.089e-01 0.000e+00
8.200e+01 1.040e-01 0.000e+00
8.210e+01 1.072e-01 0.000e+00
8.220e+01 9.850e-02 0.000e+00
8.230e+01 9.822e-02 0.000e+00
8.240e+01 8.566e-02 0.000e+00
8.250e+01 1.000e-01 0.000e+00
8.260e+01 9.695e-02 0.000e+00
8.270e+01 9.768e-02 0.000e+00
8.280e+01 9.967e-02 0.000e+00
8.290e+01 9.454e-02 0.000e+00
8.300e+01 8.881e-02 0.000e+00
8.310e+01 9.414e-02 0.000e+00
8.320e+01 9.813e-02 0.000e+00
8.330e+01 9.524e-02 0.000e+00
8.340e+01 1.039e-01 0.000e+00
8.350e+01 1.093e-01 0.000e+00
8.360e+01 9.483e-02 0.000e+00
8.370e+01 9.747e-02 0.000e+00
8.380e+01 8.895e-02 0.000e+00
8.390e+01 8.660e-02 0.000e+00
8.400e+01 7.966e-02 0.000e+00
8.410e+01 8.484e-02 0.000e+00
8.420e+01 8.814e-02 0.000e+00
8.430e+01 8.757e-02 0.000e+00
8.440e+01 8.233e-02 0.000e+00
8.450e+01 7.725e-02 0.000e+00
8.460e+01 8.057e-02 0.000e+00
8.470e+01 8.338e-02 0.000e+00
8.480e+01 9.051e-02 0.000e+00
8.490e+01 8.061e-02 0.000e+00
8.500e+01 8.481e-02 0.000e+00
8.510e+01 8.633e-02 0.000e+00
8.520e+01 8.874e-02 0.000e+00
8.530e+01 7.776e-02 0.000e+00
8.540e+01 7.251e-02 0.000e+00
8.550e+01 7.866e-02 0.000e+00
8.560e+01 7.782e-02 0.000e+00
8.570e+01 8.295e-02 0.000e+00
8.580e+01 7.620e-02 0.000e+00
8.590e+01 7.778e-02 0.000e+00
8.600e+01 7.918e-02 0.000e+00
8.610e+01 6.876e-02 0.000e+00
8.620e+01 6.307e-02 0.000e+00
8.630e+01 7.423e-02 0.000e+00
8.640e+01 7.622e-02 0.000e+00
8.650e+01 7.814e-02 0.000e+00
8.660e+01 7.780e-02 0.000e+00
8.670e+01 7.667e-02 0.000e+00
8.680e+01 8.316e-02 0.000e+00
8.690e+01 8.727e-02 0.000e+00
8.700e+01 8.767e-02 0.000e+00
8.710e+01 7.842e-02 0.000e+00
8.720e+01 7.673e-02 0.000e+00
8.730e+01 7.904e-02 0.000e+00
8.740e+01 8.395e-02 0.000e+00
8.750e+01 8.214e-02 0.000e+00
8.760e+01 7.793e-02 0.000e+00
8.770e+01 8.616e-02 0.000e+00
8.780e+01 9.479e-02 0.000e+00
8.790e+01 8.885e-02 0.000e+00
8.800e+01 8.456e-02 0.000e+00
8.810e+01 8.677e-02 0.000e+00
8.820e+01 9.156e-02 0.000e+00
8.830e+01 8.893e-02 0.000e+00
8.840e+01 8.616e-02 0.000e+00
8.850e+01 8.900e-02 0.000e+00
8.860e+01 8.464e-02 0.000e+00
8.870e+01 8.399e-02 0.000e+00
8.880e+01 8.783e-02 0.000e+00
8.890e+01 9.560e-02 0.000e+00
8.900e+01 9.425e-02 0.000e+00
8.910e+01 1.038e-01 0.000e+00
8.920e+01 9.280e-02 0.000e+00
8.930e+01 1.010e-01 0.000e+00
8.940e+01 9.977e-02 0.000e+00
8.950e+01 9.561e-02 0.000e+00
8.960e+01 9.549e-02 0.000e+00
8.970e+01 9.577e-02 0.000e+00
8.980e+01 9.888e-02 0.000e+00
8.990e+01 9.436e-02 0.000e+00
9.000e+01 9.789e-02 0.000e+00
9.010e+01 9.329e-02 0.000e+00
9.020e+01 9.433e-02 0.000e+00
9.030e+01 9.233e-02 0.000e+00
9.040e+01 1.060e-01 0.000e+00
9.050e+01 8.908e-02 0.000e+00
9.060e+01 9.293e-02 0.000e+00
9.070e+01 9.615e-02 0.000e+00
9.080e+01 9.493e-02 0.000e+00
9.090e+01 9.629e-02 0.000e+00
9.100e+01 9.275e-02 0.000e+00
9.110e+01 9.939e-02 0.000e+00
9.120e+01 9.157e-02 0.000e+00
9.130e+01 8.802e-02 0.000e+00
9.140e+01 9.434e-02 0.000e+00
9.150e+01 1.006e-01 0.000e+00
9.160e+01 9.113e-02 0.000e+00
9.170e+01 9.529e-02 0.000e+00
9.180e+01 9.702e-02 0.000e+00
9.190e+01 9.388e-02 0.000e+00
9.200e+01 9.261e-02 0.000e+00
9.210e+01 9.143e-02 0.000e+00
9.220e+01 9.053e-02 0.000e+00
9.230e+01 9.055e-02 0.000e+00
9.240e+01 9.115e-02 0.000e+00
9.250e+01 9.066e-02 0.000e+00
9.260e+01 9.598e-02 0.000e+00
9.270e+01 9.146e-02 0.000e+00
9.280e+01 9.112e-02 0.000e+00
9.290e+01 9.771e-02 0.000e+00
9.300e+01 9.652e-02 0.000e+00
9.310e+01 9.601e-02 0.000e+00
9.320e+01 9.030e-02 0.000e+00
9.330e+01 8.630e-02 0.000e+00
9.340e+01 8.810e-02 0.000e+00
9.350e+01 9.209e-02 0.000e+00
9.360e+01 9.171e-02 0.000e+00
9.370e+01 9.474e-02 0.000e+00
9.380e+01 8.934e-02 0.000e+00
9.390e+01 8.956e-02 0.000e+00
9.400e+01 8.898e-02 0.000e+00
9.410e+01 8.772e-02 0.000e+00
9.420e+01 8.183e-02 0.000e+00
9.430e+01 8.888e-02 0.000e+00
9.440e+01 9.198e-02 0.000e+00
9.450e+01 9.226e-02 0.000e+00
9.460e+01 8.732e-02 0.000e+00
9.470e+01 8.650e-02 0.000e+00
9.480e+01 8.444e-02 0.000e+00
9.490e+01 8.329e-02 0.000e+00
9.500e+01 7.934e-02 0.000e+00
9.510e+01 7.844e-02 0.000e+00
9.520e+01 8.028e-02 0.000e+00
9.530e+01 8.168e-02 0.000e+00
9.540e+01 8.104e-02 0.000e+00
9.550e+01 8.444e-02 0.000e+00
9.560e+01 8.780e-02 0.000e+00
9.570e+01 7.862e-02 0.000e+00
9.580e+01 7.502e-02 0.000e+00
9.590e+01 7.590e-02 0.000e+00
9.600e+01 7.766e-02 0.000e+00
9.610e+01 7.714e-02 0.000e+00
9.620e+01 7.467e-02 0.000e+00
9.630e+01 7.815e-02 0.000e+00
9.640e+01 8.002e-02 0.000e+00
9.650e+01 8.740e-02 0.000e+00
9.660e+01 7.941e-02 0.000e+00
9.670e+01 7.742e-02 0.000e+00
9.680e+01 7.428e-02 0.000e+00
9.690e+01 7.617e-02 0.000e+00
9.700e+01 7.508e-02 0.000e+00
9.710e+01 7.627e-02 0.000e+00
9.720e+01 7.186e-02 0.000e+00
9.730e+01 7.652e-02 0.000e+00
9.740e+01 7.769e-02 0.000e+00
9.750e+01 8.389e-02 0.000e+00
9.760e+01 8.399e-02 0.000e+00
9.770e+01 8.882e-02 0.000e+00
9.780e+01 9.230e-02 0.000e+00
9.790e+01 8.583e-02 0.000e+00
9.800e+01 7.753e-02 0.000e+00
9.810e+01 8.078e-02 0.000e+00
9.820e+01 8.050e-02 0.000e+00
9.830e+01 8.245e-02 0.000e+00
9.840e+01 7.924e-02 0.000e+00
9.850e+01 8.026e-02 0.000e+00
9.860e+01 7.918e-02 0.000e+00
9.870e+01 8.076e-02 0.000e+00
9.880e+01 8.281e-02 0.000e+00
9.890e+01 8.427e-02 0.000e+00
9.900e+01 8.193e-02 0.000e+00
9.910e+01 8.808e-02 0.000e+00
9.920e+01 8.650e-02 0.000e+00
9.930e+01 8.071e-02 0.000e+00
9.940e+01 8.611e-02 0.000e+00
9.950e+01 8.565e-02 0.000e+00
9.960e+01 8.288e-02 0.000e+00
9.970e+01 8.576e-02 0.000e+00
9.980e+01 8.288e-02 0.000e+00
9.990e+01 8.255e-02 0.000e+00
