# Time (ps)      real(F_1)      im(F_1)
0.000e+00 1.000e+00 0.000e+00
1.000e-01 9.664e-01 8.780e-03
2.000e-01 8.881e-01 -2.600e-02
3.000e-01 9.374e-01 -6.253e-02
4.000e-01 8.152e-01 -5.250e-02
5.000e-01 7.734e-01 -5.418e-02
6.000e-01 7.432e-01 -2.055e-02
7.000e-01 7.548e-01 -4.174e-02
8.000e-01 7.671e-01 -7.195e-03
9.000e-01 7.130e-01 -3.925e-02
1.000e+00 6.971e-01 -5.713e-02
1.100e+00 6.810e-01 -6.442e-02
1.200e+00 7.026e-01 -3.728e-02
1.300e+00 6.764e-01 -2.086e-02
1.400e+00 7.778e-01 -4.478e-02
1.500e+00 6.853e-01 -2.925e-02
1.600e+00 6.527e-01 -3.883e-02
1.700e+00 6.391e-01 -5.525e-02
1.800e+00 6.265e-01 -2.093e-02
1.900e+00 6.273e-01 -2.290e-02
2.000e+00 6.210e-01 -5.524e-02
2.100e+00 6.199e-01 -1.763e-02
2.200e+00 6.315e-01 1.154e-02
2.300e+00 7.063e-01 1.801e-02
2.400e+00 6.423e-01 7.408e-03
2.500e+00 6.234e-01 -8.562e-03
2.600e+00 5.860e-01 -2.048e-02
2.700e+00 6.082e-01 -4.666e-03
2.800e+00 6.127e-01 -1.912e-02
2.900e+00 6.074e-01 -4.956e-02
3.000e+00 5.856e-01 -8.523e-02
3.100e+00 4.964e-01 -5.276e-02
3.200e+00 5.084e-01 -5.742e-02
3.300e+00 4.847e-01 -3.109e-02
3.400e+00 5.529e-01 -1.931e-02
3.500e+00 4.638e-01 -2.036e-02
3.600e+00 5.306e-01 -4.722e-02
3.700e+00 5.804e-01 -2.494e-02
3.800e+00 5.683e-01 -5.585e-02
3.900e+00 5.235e-01 -4.784e-02
4.000e+00 5.078e-01 -3.706e-02
4.100e+00 5.268e-01 -2.755e-02
4.200e+00 4.510e-01 -6.091e-02
4.300e+00 4.761e-01 -6.939e-02
4.400e+00 4.480e-01 -6.957e-02
4.500e+00 4.444e-01 -6.822e-02
4.600e+00 4.522e-01 -6.074e-02
4.700e+00 4.399e-01 -6.836e-02
4.800e+00 4.194e-01 -8.997e-02
4.900e+00 4.403e-01 -8.465e-02
5.000e+00 4.234e-01 -8.258e-02
5.100e+00 4.875e-01 -1.070e-01
5.200e+00 4.379e-01 -7.930e-02
5.300e+00 4.397e-01 -9.019e-02
5.400e+00 4.113e-01 -7.591e-02
5.500e+00 4.305e-01 -5.739e-02
5.600e+00 4.369e-01 -6.634e-02
5.700e+00 4.554e-01 -1.042e-01
5.800e+00 4.631e-01 -7.734e-02
5.900e+00 4.551e-01 -6.352e-02
6.000e+00 4.441e-01 -6.716e-02
6.100e+00 4.477e-01 -6.043e-02
6.200e+00 4.353e-01 -8.682e-02
6.300e+00 4.530e-01 -8.956e-02
6.400e+00 4.479e-01 -9.682e-02
6.500e+00 4.932e-01 -8.636e-02
6.600e+00 4.294e-01 -7.822e-02
6.700e+00 4.463e-01 -1.004e-01
6.800e+00 4.353e-01 -6.531e-02
6.900e+00 3.988e-01 -2.450e-02
7.000e+00 3.956e-01 8.874e-03
7.100e+00 3.889e-01 3.111e-03
7.200e+00 4.283e-01 -7.295e-02
7.300e+00 4.110e-01 -1.810e-02
7.400e+00 4.240e-01 -3.066e-02
7.500e+00 4.430e-01 -4.127e-02
7.600e+00 3.711e-01 -6.936e-02
7.700e+00 3.365e-01 -8.569e-02
7.800e+00 3.555e-01 -3.950e-02
7.900e+00 3.931e-01 -6.936e-02
8.000e+00 3.980e-01 -6.278e-02
8.100e+00 3.704e-01 -1.389e-02
8.200e+00 3.726e-01 -2.526e-03
8.300e+00 3.381e-01 1.586e-02
8.400e+00 3.305e-01 2.657e-02
8.500e+00 3.511e-01 2.691e-02
8.600e+00 3.089e-01 3.324e-03
8.700e+00 2.958e-01 -1.079e-02
8.800e+00 3.147e-01 -2.429e-02
8.900e+00 3.394e-01 -1.808e-02
9.000e+00 3.151e-01 -1.547e-02
9.100e+00 3.225e-01 -1.952e-02
9.200e+00 2.823e-01 -3.922e-02
9.300e+00 2.671e-01 -1.415e-02
9.400e+00 2.925e-01 -4.635e-03
9.500e+00 2.561e-01 -1.455e-02
9.600e+00 2.948e-01 -3.841e-02
9.700e+00 2.870e-01 8.193e-03
9.800e+00 3.115e-01 -4.811e-02
9.900e+00 3.010e-01 -4.955e-02
1.000e+01 3.014e-01 -3.631e-02
1.010e+01 2.644e-01 -2.236e-02
1.020e+01 2.725e-01 -2.205e-02
1.030e+01 2.476e-01 -1.577e-02
1.040e+01 2.059e-01 -9.504e-03
1.050e+01 2.007e-01 -1.933e-02
1.060e+01 1.931e-01 -2.419e-02
1.070e+01 1.989e-01 -1.228e-02
1.080e+01 2.003e-01 -2.472e-02
1.090e+01 2.348e-01 -7.124e-04
1.100e+01 1.996e-01 -4.540e-03
1.110e+01 1.894e-01 8.825e-03
1.120e+01 1.975e-01 -5.967e-03
1.130e+01 1.756e-01 -4.232e-03
1.140e+01 1.678e-01 4.009e-03
1.150e+01 1.840e-01 -3.158e-03
1.160e+01 1.751e-01 -1.865e-03
1.170e+01 1.726e-01 -5.450e-03
1.180e+01 1.801e-01 -6.284e-03
1.190e+01 1.853e-01 -6.245e-03
1.200e+01 1.844e-01 5.781e-04
1.210e+01 1.825e-01 3.443e-04
1.220e+01 1.582e-01 6.016e-03
1.230e+01 1.447e-01 6.806e-03
1.240e+01 1.490e-01 1.120e-02
1.250e+01 1.493e-01 -1.490e-03
1.260e+01 1.543e-01 -5.516e-03
1.270e+01 1.484e-01 -2.666e-03
1.280e+01 1.424e-01 6.232e-03
1.290e+01 1.364e-01 9.042e-03
1.300e+01 1.425e-01 1.387e-02
1.310e+01 1.433e-01 1.142e-02
1.320e+01 1.448e-01 5.265e-03
1.330e+01 1.375e-01 -1.584e-03
1.340e+01 1.350e-01 -2.770e-03
1.350e+01 1.241e-01 -3.039e-03
1.360e+01 1.270e-01 3.629e-03
1.370e+01 1.182e-01 3.908e-03
1.380e+01 1.191e-01 -2.813e-04
1.390e+01 1.131e-01 -6.045e-03
1.400e+01 1.095e-01 -4.413e-03
1.410e+01 1.105e-01 -1.349e-03
1.420e+01 1.096e-01 1.957e-03
1.430e+01 1.095e-01 5.981e-03
1.440e+01 1.083e-01 2.673e-03
1.450e+01 1.115e-01 5.386e-03
1.460e+01 1.144e-01 4.327e-03
1.470e+01 1.122e-01 1.985e-03
1.480e+01 1.218e-01 -5.280e-03
1.490e+01 1.251e-01 -4.236e-03
1.500e+01 1.388e-01 -2.600e-02
1.510e+01 1.330e-01 -2.482e-02
1.520e+01 1.243e-01 -7.910e-03
1.530e+01 1.293e-01 -1.482e-02
1.540e+01 1.290e-01 -1.990e-02
1.550e+01 1.184e-01 -1.083e-02
1.560e+01 1.291e-01 -1.195e-02
1.570e+01 1.282e-01 -7.373e-03
1.580e+01 1.349e-01 -2.443e-03
1.590e+01 1.450e-01 5.628e-03
1.600e+01 1.356e-01 -9.446e-03
1.610e+01 1.268e-01 -1.078e-02
1.620e+01 1.216e-01 -1.285e-02
1.630e+01 1.250e-01 -5.004e-03
1.640e+01 1.284e-01 -7.112e-03
1.650e+01 1.294e-01 -3.733e-03
1.660e+01 1.267e-01 -3.757e-04
1.670e+01 1.216e-01 -1.572e-02
1.680e+01 1.250e-01 -2.895e-02
1.690e+01 1.249e-01 -6.401e-03
1.700e+01 1.334e-01 7.551e-05
1.710e+01 1.346e-01 -5.476e-03
1.720e+01 1.280e-01 -1.128e-02
1.730e+01 1.324e-01 -2.171e-02
1.740e+01 1.314e-01 -1.979e-02
1.750e+01 1.390e-01 -2.742e-02
1.760e+01 1.143e-01 -2.161e-02
1.770e+01 1.149e-01 -2.159e-02
1.780e+01 1.178e-01 -9.299e-03
1.790e+01 1.229e-01 -4.948e-03
1.800e+01 1.196e-01 -7.399e-03
1.810e+01 1.328e-01 -9.027e-03
1.820e+01 1.214e-01 -1.529e-02
1.830e+01 1.085e-01 2.308e-03
1.840e+01 1.171e-01 2.022e-03
1.850e+01 1.060e-01 1.219e-02
1.860e+01 1.068e-01 1.841e-02
1.870e+01 1.107e-01 7.934e-03
1.880e+01 1.153e-01 1.453e-03
1.890e+01 1.075e-01 5.962e-03
1.900e+01 1.140e-01 1.924e-02
1.910e+01 1.166e-01 1.790e-02
1.920e+01 1.045e-01 -3.115e-03
1.930e+01 1.027e-01 -1.654e-02
1.940e+01 8.839e-02 -2.655e-02
1.950e+01 9.866e-02 -1.158e-02
1.960e+01 1.072e-01 4.809e-03
1.970e+01 1.070e-01 1.449e-02
1.980e+01 9.967e-02 1.377e-02
1.990e+01 9.558e-02 1.725e-02
2.000e+01 1.004e-01 1.043e-02
2.010e+01 9.916e-02 4.097e-03
2.020e+01 1.038e-01 1.362e-02
2.030e+01 1.090e-01 9.376e-03
2.040e+01 1.050e-01 1.131e-02
2.050e+01 1.056e-01 1.253e-02
2.060e+01 1.047e-01 7.040e-03
2.070e+01 1.109e-01 -2.279e-03
2.080e+01 1.136e-01 4.229e-03
2.090e+01 1.231e-01 -5.296e-04
2.100e+01 1.272e-01 -3.708e-03
2.110e+01 1.290e-01 -1.199e-02
2.120e+01 1.244e-01 -4.785e-03
2.130e+01 1.106e-01 3.608e-03
2.140e+01 1.175e-01 1.076e-02
2.150e+01 1.114e-01 5.032e-03
2.160e+01 1.092e-01 3.713e-03
2.170e+01 1.070e-01 -7.261e-03
2.180e+01 1.135e-01 -1.112e-02
2.190e+01 1.182e-01 -1.595e-02
2.200e+01 1.105e-01 -4.325e-03
2.210e+01 1.101e-01 -7.901e-03
2.220e+01 1.028e-01 2.063e-03
2.230e+01 1.024e-01 4.338e-03
2.240e+01 1.078e-01 5.162e-03
2.250e+01 1.063e-01 -2.215e-04
2.260e+01 9.789e-02 -7.925e-03
2.270e+01 9.556e-02 -5.776e-03
2.280e+01 9.928e-02 -8.299e-03
2.290e+01 9.119e-02 -5.780e-03
2.300e+01 9.155e-02 1.579e-03
2.310e+01 9.758e-02 -2.205e-03
2.320e+01 8.351e-02 9.801e-03
2.330e+01 7.920e-02 9.251e-03
2.340e+01 7.547e-02 1.402e-02
2.350e+01 8.158e-02 7.958e-03
2.360e+01 8.062e-02 4.953e-03
2.370e+01 8.649e-02 -1.749e-04
2.380e+01 6.563e-02 -2.125e-03
2.390e+01 6.215e-02 6.144e-04
2.400e+01 6.478e-02 -7.224e-05
2.410e+01 6.872e-02 -2.470e-03
2.420e+01 7.489e-02 9.472e-04
2.430e+01 6.417e-02 -7.930e-04
2.440e+01 6.781e-02 -3.818e-03
2.450e+01 6.869e-02 -5.981e-03
2.460e+01 5.664e-02 5.718e-03
2.470e+01 4.908e-02 3.414e-03
2.480e+01 4.905e-02 2.801e-03
2.490e+01 5.417e-02 -3.535e-03
2.500e+01 5.437e-02 -5.598e-03
2.510e+01 5.125e-02 -4.746e-03
2.520e+01 5.600e-02 -7.687e-05
2.530e+01 5.528e-02 -5.372e-04
2.540e+01 5.850e-02 1.790e-03
2.550e+01 6.940e-02 -6.835e-03
2.560e+01 6.378e-02 1.076e-03
2.570e+01 6.774e-02 5.970e-04
2.580e+01 6.018e-02 -3.501e-03
2.590e+01 4.793e-02 -4.641e-03
2.600e+01 3.865e-02 -5.950e-03
2.610e+01 2.847e-02 -9.109e-04
2.620e+01 3.959e-02 -4.561e-03
2.630e+01 4.212e-02 -5.012e-03
2.640e+01 3.630e-02 -1.023e-02
2.650e+01 3.581e-02 -7.997e-03
2.660e+01 3.464e-02 -5.763e-03
2.670e+01 3.229e-02 -1.292e-02
2.680e+01 3.480e-02 -2.076e-02
2.690e+01 3.898e-02 -1.471e-02
2.700e+01 3.975e-02 -1.859e-02
2.710e+01 3.635e-02 -1.448e-02
2.720e+01 4.074e-02 -1.914e-02
2.730e+01 3.730e-02 -2.458e-02
2.740e+01 3.379e-02 -2.587e-02
2.750e+01 3.056e-02 -1.612e-02
2.760e+01 3.458e-02 -9.890e-03
2.770e+01 3.919e-02 -9.707e-03
2.780e+01 2.714e-02 -6.802e-03
2.790e+01 2.727e-02 -1.461e-02
2.800e+01 3.088e-02 -1.262e-02
2.810e+01 3.414e-02 -1.012e-02
2.820e+01 3.002e-02 -1.701e-02
2.830e+01 3.515e-02 -1.580e-02
2.840e+01 3.136e-02 -2.218e-02
2.850e+01 3.166e-02 -2.049e-02
2.860e+01 1.944e-02 -1.843e-02
2.870e+01 1.269e-02 -1.426e-02
2.880e+01 2.660e-02 -1.248e-02
2.890e+01 3.715e-02 -1.155e-02
2.900e+01 4.787e-02 -4.453e-03
2.910e+01 4.974e-02 -6.452e-04
2.920e+01 4.477e-02 -8.653e-04
2.930e+01 5.471e-02 -4.317e-03
2.940e+01 3.224e-02 -1.165e-02
2.950e+01 2.806e-02 -1.214e-02
2.960e+01 3.163e-02 -1.405e-02
2.970e+01 2.638e-02 -1.509e-02
2.980e+01 3.288e-02 -6.913e-03
2.990e+01 2.670e-02 -1.290e-02
3.000e+01 2.314e-02 -1.020e-02
3.010e+01 2.227e-02 -1.750e-02
3.020e+01 2.579e-02 -1.535e-02
3.030e+01 3.554e-02 -8.064e-03
3.040e+01 3.468e-02 -1.057e-02
3.050e+01 3.728e-02 -1.689e-02
3.060e+01 3.969e-02 -2.108e-02
3.070e+01 2.319e-02 -2.768e-02
3.080e+01 2.730e-02 -2.789e-02
3.090e+01 4.049e-02 -1.404e-02
3.100e+01 3.289e-02 -1.437e-02
3.110e+01 3.594e-02 -1.232e-02
3.120e+01 3.772e-02 -1.441e-02
3.130e+01 2.533e-02 -1.676e-02
3.140e+01 3.586e-02 -1.595e-02
3.150e+01 3.042e-02 -1.858e-02
3.160e+01 3.868e-02 -1.480e-02
3.170e+01 2.883e-02 -1.633e-02
3.180e+01 3.519e-02 -9.468e-03
3.190e+01 2.739e-02 -1.376e-02
3.200e+01 2.273e-02 -1.784e-02
3.210e+01 2.507e-02 -1.804e-02
3.220e+01 3.669e-02 -1.841e-02
3.230e+01 3.595e-02 -1.981e-02
3.240e+01 3.561e-02 -1.484e-02
3.250e+01 3.926e-02 -1.252e-02
3.260e+01 3.980e-02 -4.753e-03
3.270e+01 3.763e-02 -1.074e-02
3.280e+01 3.728e-02 -1.248e-02
3.290e+01 3.882e-02 -8.477e-03
3.300e+01 4.173e-02 -5.673e-03
3.310e+01 4.478e-02 -2.958e-03
3.320e+01 4.343e-02 -4.243e-03
3.330e+01 4.373e-02 -6.833e-03
3.340e+01 3.476e-02 -7.223e-03
3.350e+01 4.466e-02 1.956e-03
3.360e+01 4.122e-02 2.948e-03
3.370e+01 3.689e-02 1.277e-02
3.380e+01 3.031e-02 1.349e-02
3.390e+01 3.483e-02 6.667e-03
3.400e+01 4.337e-02 7.155e-03
3.410e+01 5.193e-02 1.082e-02
3.420e+01 5.387e-02 2.057e-02
3.430e+01 5.496e-02 1.300e-02
3.440e+01 5.605e-02 9.446e-03
3.450e+01 4.963e-02 7.908e-03
3.460e+01 4.852e-02 1.341e-02
3.470e+01 5.097e-02 1.485e-02
3.480e+01 5.079e-02 1.412e-02
3.490e+01 5.176e-02 7.215e-03
3.500e+01 4.787e-02 1.136e-02
3.510e+01 4.320e-02 1.431e-02
3.520e+01 4.386e-02 8.585e-03
3.530e+01 4.231e-02 1.108e-02
3.540e+01 4.216e-02 1.069e-02
3.550e+01 3.710e-02 1.096e-02
3.560e+01 3.621e-02 7.213e-03
3.570e+01 3.529e-02 7.370e-03
3.580e+01 2.970e-02 3.929e-03
3.590e+01 2.831e-02 2.606e-03
3.600e+01 3.149e-02 1.296e-03
3.610e+01 3.646e-02 -4.439e-04
3.620e+01 4.262e-02 -1.911e-03
3.630e+01 4.246e-02 7.096e-04
3.640e+01 3.473e-02 5.274e-03
3.650e+01 3.405e-02 9.878e-04
3.660e+01 4.030e-02 3.594e-04
3.670e+01 4.014e-02 4.494e-03
3.680e+01 4.337e-02 -7.658e-04
3.690e+01 4.785e-02 -6.197e-03
3.700e+01 5.247e-02 -8.003e-03
3.710e+01 4.992e-02 -9.162e-03
3.720e+01 5.553e-02 -7.348e-03
3.730e+01 5.404e-02 -3.373e-03
3.740e+01 5.160e-02 -2.386e-03
3.750e+01 4.568e-02 -2.792e-03
3.760e+01 4.545e-02 -4.741e-03
3.770e+01 4.788e-02 -8.316e-03
3.780e+01 4.251e-02 -6.501e-03
3.790e+01 3.955e-02 2.374e-03
3.800e+01 4.718e-02 -5.989e-03
3.810e+01 5.081e-02 -1.120e-02
3.820e+01 5.276e-02 -1.213e-02
3.830e+01 5.739e-02 -1.024e-02
3.840e+01 5.556e-02 -2.417e-03
3.850e+01 5.595e-02 -4.198e-03
3.860e+01 5.842e-02 1.525e-03
3.870e+01 5.811e-02 1.945e-03
3.880e+01 5.227e-02 9.504e-04
3.890e+01 5.200e-02 4.574e-03
3.900e+01 4.987e-02 -5.064e-03
3.910e+01 5.085e-02 -3.940e-03
3.920e+01 4.780e-02 8.596e-04
3.930e+01 4.756e-02 -7.621e-04
3.940e+01 4.506e-02 1.737e-03
3.950e+01 4.388e-02 -1.767e-03
3.960e+01 4.415e-02 -2.078e-03
3.970e+01 4.235e-02 -7.659e-03
3.980e+01 5.205e-02 -1.059e-02
3.990e+01 4.862e-02 -9.409e-03
4.000e+01 4.434e-02 -1.714e-02
4.010e+01 4.473e-02 -1.459e-02
4.020e+01 4.267e-02 -1.723e-02
4.030e+01 4.073e-02 -1.235e-02
4.040e+01 3.208e-02 -1.453e-02
4.050e+01 3.213e-02 -1.958e-02
4.060e+01 2.787e-02 -2.416e-02
4.070e+01 3.298e-02 -1.831e-02
4.080e+01 3.407e-02 -1.734e-02
4.090e+01 3.418e-02 -1.589e-02
4.100e+01 3.646e-02 -1.573e-02
4.110e+01 3.744e-02 -1.684e-02
4.120e+01 3.735e-02 -1.330e-02
4.130e+01 3.982e-02 -1.089e-02
4.140e+01 4.252e-02 -1.102e-02
4.150e+01 3.753e-02 -1.028e-02
4.160e+01 3.519e-02 -1.297e-02
4.170e+01 3.746e-02 -1.163e-02
4.180e+01 3.895e-02 -5.217e-03
4.190e+01 3.787e-02 -6.885e-03
4.200e+01 3.601e-02 -8.674e-03
4.210e+01 3.483e-02 -5.733e-03
4.220e+01 3.686e-02 -1.143e-02
4.230e+01 3.823e-02 -8.746e-03
4.240e+01 3.754e-02 -9.382e-03
4.250e+01 3.608e-02 -9.739e-03
4.260e+01 4.155e-02 -1.139e-02
4.270e+01 3.694e-02 -7.907e-03
4.280e+01 3.949e-02 -8.243e-03
4.290e+01 4.456e-02 -3.743e-03
4.300e+01 4.132e-02 -1.962e-03
4.310e+01 4.148e-02 -4.523e-03
4.320e+01 4.172e-02 -1.833e-03
4.330e+01 3.889e-02 -8.455e-05
4.340e+01 4.069e-02 -1.837e-03
4.350e+01 3.652e-02 -1.248e-03
4.360e+01 4.021e-02 -2.017e-03
4.370e+01 4.233e-02 -6.384e-03
4.380e+01 4.331e-02 -1.207e-02
4.390e+01 4.438e-02 -6.362e-03
4.400e+01 3.770e-02 -6.219e-03
4.410e+01 3.362e-02 -6.363e-03
4.420e+01 3.877e-02 -2.148e-03
4.430e+01 3.983e-02 -7.162e-03
4.440e+01 4.054e-02 -7.547e-03
4.450e+01 3.864e-02 -1.041e-02
4.460e+01 3.655e-02 -4.288e-03
4.470e+01 3.916e-02 -6.801e-03
4.480e+01 3.802e-02 -7.869e-03
4.490e+01 3.595e-02 -9.263e-03
4.500e+01 3.065e-02 -9.467e-03
4.510e+01 2.946e-02 -9.006e-03
4.520e+01 3.154e-02 -1.908e-03
4.530e+01 2.815e-02 -3.697e-03
4.540e+01 3.282e-02 -2.545e-03
4.550e+01 3.269e-02 -8.012e-03
4.560e+01 3.192e-02 -8.520e-03
4.570e+01 2.956e-02 -1.314e-02
4.580e+01 2.699e-02 -1.296e-02
4.590e+01 2.909e-02 -8.732e-03
4.600e+01 2.918e-02 -1.009e-02
4.610e+01 2.779e-02 -1.140e-02
4.620e+01 2.963e-02 -1.021e-02
4.630e+01 3.298e-02 -1.181e-02
4.640e+01 2.821e-02 -6.702e-03
4.650e+01 2.660e-02 -3.416e-03
4.660e+01 2.619e-02 -4.890e-04
4.670e+01 2.564e-02 -1.237e-03
4.680e+01 2.096e-02 -8.895e-03
4.690e+01 1.262e-02 -1.242e-02
4.700e+01 1.056e-02 -6.726e-03
4.710e+01 1.651e-02 -5.149e-03
4.720e+01 1.193e-02 -3.372e-03
4.730e+01 3.078e-02 -5.558e-03
4.740e+01 3.390e-02 -5.739e-03
4.750e+01 3.463e-02 -3.839e-03
4.760e+01 2.816e-02 -2.172e-03
4.770e+01 2.528e-02 -4.422e-03
4.780e+01 2.687e-02 -6.243e-03
4.790e+01 2.300e-02 -6.311e-04
4.800e+01 1.449e-02 1.325e-04
4.810e+01 1.931e-02 -3.050e-03
4.820e+01 2.131e-02 -3.940e-03
4.830e+01 2.050e-02 -6.531e-03
4.840e+01 1.500e-02 -9.429e-03
4.850e+01 2.559e-02 -1.275e-02
4.860e+01 2.626e-02 -1.617e-02
4.870e+01 2.396e-02 -1.434e-02
4.880e+01 2.413e-02 -7.794e-03
4.890e+01 1.867e-02 -6.875e-03
4.900e+01 1.785e-02 -6.133e-03
4.910e+01 1.485e-02 -8.033e-03
4.920e+01 1.643e-02 -1.228e-02
4.930e+01 2.730e-02 -1.117e-02
4.940e+01 2.268e-02 -1.211e-02
4.950e+01 2.659e-02 -1.251e-02
4.960e+01 2.156e-02 -1.043e-02
4.970e+01 2.727e-02 -7.674e-03
4.980e+01 3.238e-02 -8.882e-03
4.990e+01 2.418e-02 -5.296e-03
5.000e+01 1.169e-02 -2.560e-03
5.010e+01 1.706e-02 -4.146e-03
5.020e+01 1.665e-02 -2.571e-03
5.030e+01 2.101e-02 -3.879e-03
5.040e+01 2.155e-02 -2.502e-03
5.050e+01 2.783e-02 -3.913e-03
5.060e+01 2.197e-02 -1.247e-03
5.070e+01 2.128e-02 -4.522e-04
5.080e+01 2.134e-02 -1.288e-03
5.090e+01 1.430e-02 -2.610e-03
5.100e+01 2.124e-02 -4.406e-03
5.110e+01 1.650e-02 -6.779e-04
5.120e+01 3.268e-02 -7.494e-03
5.130e+01 3.045e-02 -6.436e-03
5.140e+01 2.865e-02 -5.962e-03
5.150e+01 2.637e-02 -9.053e-03
5.160e+01 2.392e-02 -1.084e-02
5.170e+01 2.350e-02 -1.168e-02
5.180e+01 2.061e-02 -8.611e-03
5.190e+01 2.384e-02 -1.304e-02
5.200e+01 2.744e-02 1.883e-03
5.210e+01 2.600e-02 8.786e-03
5.220e+01 2.511e-02 1.200e-02
5.230e+01 2.074e-02 7.289e-03
5.240e+01 2.315e-02 1.868e-03
5.250e+01 2.135e-02 -2.269e-04
5.260e+01 2.182e-02 -1.470e-04
5.270e+01 2.348e-02 4.413e-03
5.280e+01 2.495e-02 4.787e-03
5.290e+01 2.659e-02 1.196e-03
5.300e+01 3.235e-02 -4.746e-03
5.310e+01 2.986e-02 -9.453e-04
5.320e+01 3.931e-02 -8.940e-03
5.330e+01 3.566e-02 -7.218e-03
5.340e+01 2.946e-02 -1.030e-02
5.350e+01 2.459e-02 -2.671e-03
5.360e+01 2.381e-02 2.125e-03
5.370e+01 1.685e-02 -4.857e-03
5.380e+01 1.886e-02 -8.953e-03
5.390e+01 1.979e-02 -8.201e-03
5.400e+01 2.182e-02 -8.598e-03
5.410e+01 2.184e-02 -8.972e-03
5.420e+01 2.086e-02 -9.572e-03
5.430e+01 1.971e-02 -6.204e-03
5.440e+01 2.002e-02 -5.350e-03
5.450e+01 2.239e-02 -2.289e-03
5.460e+01 2.643e-02 -1.885e-03
5.470e+01 2.316e-02 -3.507e-03
5.480e+01 2.607e-02 -7.449e-03
5.490e+01 2.808e-02 -9.147e-03
5.500e+01 2.597e-02 -8.569e-03
5.510e+01 2.295e-02 -6.489e-03
5.520e+01 2.063e-02 -1.252e-03
5.530e+01 2.793e-02 -3.287e-03
5.540e+01 2.890e-02 -2.344e-03
5.550e+01 3.089e-02 -7.081e-03
5.560e+01 2.952e-02 -7.300e-03
5.570e+01 2.673e-02 -8.506e-03
5.580e+01 2.555e-02 -1.036e-02
5.590e+01 1.996e-02 -1.098e-02
5.600e+01 2.100e-02 -1.123e-02
5.610e+01 1.728e-02 -1.925e-02
5.620e+01 1.963e-02 -1.777e-02
5.630e+01 2.399e-02 -1.542e-02
5.640e+01 2.076e-02 -1.456e-02
5.650e+01 1.749e-02 -7.192e-03
5.660e+01 1.610e-02 -6.719e-03
5.670e+01 1.585e-02 -1.487e-02
5.680e+01 1.938e-02 -1.187e-02
5.690e+01 1.833e-02 -1.430e-02
5.700e+01 1.603e-02 -1.634e-02
5.710e+01 1.626e-02 -1.725e-02
5.720e+01 1.914e-02 -1.511e-02
5.730e+01 1.861e-02 -1.605e-02
5.740e+01 1.813e-02 -2.527e-02
5.750e+01 1.707e-02 -2.143e-02
5.760e+01 1.665e-02 -2.024e-02
5.770e+01 1.337e-02 -1.998e-02
5.780e+01 1.636e-02 -1.800e-02
5.790e+01 1.886e-02 -1.750e-02
5.800e+01 1.742e-02 -2.833e-02
5.810e+01 1.863e-02 -2.418e-02
5.820e+01 1.651e-02 -2.242e-02
5.830e+01 1.804e-02 -2.579e-02
5.840e+01 1.490e-02 -2.103e-02
5.850e+01 2.112e-02 -2.232e-02
5.860e+01 2.220e-02 -2.172e-02
5.870e+01 2.276e-02 -2.164e-02
5.880e+01 2.136e-02 -1.670e-02
5.890e+01 1.974e-02 -1.339e-02
5.900e+01 1.836e-02 -1.380e-02
5.910e+01 1.862e-02 -1.461e-02
5.920e+01 1.778e-02 -1.111e-02
5.930e+01 2.482e-02 -1.240e-02
5.940e+01 2.864e-02 -1.183e-02
5.950e+01 1.932e-02 -1.078e-02
5.960e+01 2.148e-02 -1.055e-02
5.970e+01 2.082e-02 -8.995e-03
5.980e+01 2.296e-02 -6.370e-03
5.990e+01 2.232e-02 -4.213e-03
6.000e+01 2.053e-02 -4.192e-03
6.010e+01 1.579e-02 -6.426e-03
6.020e+01 1.735e-02 -5.594e-03
6.030e+01 1.757e-02 -3.518e-03
6.040e+01 1.525e-02 -5.891e-03
6.050e+01 1.503e-02 -4.574e-03
6.060e+01 1.175e-02 -5.673e-03
6.070e+01 1.329e-02 -5.548e-03
6.080e+01 1.625e-02 -5.986e-03
6.090e+01 1.590e-02 -9.357e-03
6.100e+01 1.344e-02 -6.106e-03
6.110e+01 1.195e-02 -5.025e-03
6.120e+01 7.708e-03 -1.320e-03
6.130e+01 2.805e-03 -1.829e-03
6.140e+01 1.199e-02 -2.121e-03
6.150e+01 1.136e-02 -1.426e-03
6.160e+01 1.386e-02 8.632e-04
6.170e+01 1.607e-02 -1.342e-05
6.180e+01 1.412e-02 -6.190e-04
6.190e+01 1.834e-02 4.133e-04
6.200e+01 2.026e-02 -1.008e-03
6.210e+01 1.884e-02 9.565e-04
6.220e+01 1.492e-02 3.701e-03
6.230e+01 1.554e-02 3.760e-03
6.240e+01 1.488e-02 2.380e-03
6.250e+01 7.900e-03 -2.507e-03
6.260e+01 7.172e-03 -6.100e-03
6.270e+01 1.126e-03 -5.168e-03
6.280e+01 2.865e-04 -4.450e-03
6.290e+01 3.589e-03 -2.945e-03
6.300e+01 1.753e-03 9.469e-04
6.310e+01 4.468e-03 -3.060e-03
6.320e+01 6.167e-03 -7.236e-03
6.330e+01 3.282e-03 -7.668e-03
6.340e+01 4.201e-04 -1.109e-03
6.350e+01 3.486e-03 -2.199e-03
6.360e+01 7.435e-03 -3.418e-03
6.370e+01 4.622e-03 -8.193e-03
6.380e+01 9.931e-03 -1.816e-03
6.390e+01 9.865e-03 -7.797e-03
6.400e+01 1.446e-02 4.750e-03
6.410e+01 1.602e-02 3.260e-03
6.420e+01 6.473e-03 -1.323e-02
6.430e+01 1.770e-02 -1.772e-03
6.440e+01 1.191e-02 -9.162e-03
6.450e+01 1.410e-02 -7.813e-03
6.460e+01 1.173e-02 -9.623e-03
6.470e+01 1.268e-02 -8.867e-03
6.480e+01 1.018e-02 -8.373e-03
6.490e+01 1.289e-02 -5.274e-03
6.500e+01 1.219e-02 -1.217e-03
6.510e+01 1.879e-02 8.096e-03
6.520e+01 1.441e-02 4.165e-04
6.530e+01 8.133e-03 -1.814e-03
6.540e+01 5.961e-03 -5.313e-03
6.550e+01 8.076e-03 -7.360e-03
6.560e+01 5.881e-03 -6.835e-03
6.570e+01 8.646e-03 -1.075e-02
6.580e+01 1.160e-02 -7.556e-03
6.590e+01 9.943e-03 -6.447e-03
6.600e+01 1.051e-02 -6.809e-03
6.610e+01 1.131e-02 -6.932e-03
6.620e+01 9.428e-03 -7.547e-03
6.630e+01 8.470e-03 -1.040e-02
6.640e+01 4.499e-03 -1.147e-02
6.650e+01 5.174e-03 -9.144e-03
6.660e+01 2.645e-03 -1.073e-02
6.670e+01 3.433e-03 -1.051e-02
6.680e+01 2.605e-03 -1.016e-02
6.690e+01 7.480e-03 -1.200e-02
6.700e+01 1.026e-02 -1.172e-02
6.710e+01 8.269e-03 -1.187e-02
6.720e+01 7.671e-03 -1.118e-02
6.730e+01 5.676e-03 -9.609e-03
6.740e+01 5.658e-03 -1.040e-02
6.750e+01 8.732e-03 -1.049e-02
6.760e+01 1.074e-02 -7.953e-03
6.770e+01 8.228e-03 -9.837e-03
6.780e+01 1.141e-02 -1.217e-02
6.790e+01 1.002e-02 -1.557e-02
6.800e+01 1.348e-02 -1.294e-02
6.810e+01 1.313e-02 -1.285e-02
6.820e+01 1.057e-02 -1.244e-02
6.830e+01 4.774e-03 -1.171e-02
6.840e+01 4.150e-03 -1.196e-02
6.850e+01 4.905e-03 -1.310e-02
6.860e+01 6.985e-03 -1.251e-02
6.870e+01 4.767e-03 -1.091e-02
6.880e+01 2.370e-03 -1.340e-02
6.890e+01 4.090e-03 -1.223e-02
6.900e+01 3.183e-03 -9.601e-03
6.910e+01 3.776e-03 -1.113e-02
6.920e+01 4.078e-03 -1.289e-02
6.930e+01 5.711e-03 -1.324e-02
6.940e+01 5.152e-03 -1.441e-02
6.950e+01 4.985e-03 -1.392e-02
6.960e+01 6.929e-03 -1.172e-02
6.970e+01 7.520e-03 -1.263e-02
6.980e+01 6.086e-03 -1.035e-02
6.990e+01 5.943e-03 -1.003e-02
7.000e+01 6.682e-03 -9.778e-03
7.010e+01 5.810e-03 -1.112e-02
7.020e+01 6.545e-03 -1.192e-02
7.030e+01 6.782e-03 -1.642e-02
7.040e+01 6.197e-03 -1.335e-02
7.050e+01 4.340e-03 -1.340e-02
7.060e+01 4.578e-03 -1.468e-02
7.070e+01 6.959e-03 -1.268e-02
7.080e+01 6.035e-03 -1.134e-02
7.090e+01 8.249e-03 -9.544e-03
7.100e+01 6.296e-03 -1.158e-02
7.110e+01 5.933e-03 -1.211e-02
7.120e+01 6.792e-03 -1.145e-02
7.130e+01 7.656e-03 -1.338e-02
7.140e+01 8.362e-03 -1.258e-02
7.150e+01 8.556e-03 -1.298e-02
7.160e+01 6.805e-03 -1.304e-02
7.170e+01 6.491e-03 -1.287e-02
7.180e+01 5.625e-03 -1.358e-02
7.190e+01 9.326e-03 -1.342e-02
7.200e+01 1.136e-02 -1.511e-02
7.210e+01 9.587e-03 -1.808e-02
7.220e+01 6.053e-03 -1.914e-02
7.230e+01 1.146e-02 -2.085e-02
7.240e+01 9.753e-03 -1.680e-02
7.250e+01 1.062e-02 -1.391e-02
7.260e+01 1.199e-02 -1.445e-02
7.270e+01 1.134e-02 -1.479e-02
7.280e+01 1.354e-02 -1.276e-02
7.290e+01 1.298e-02 -1.456e-02
7.300e+01 1.519e-02 -1.276e-02
7.310e+01 1.339e-02 -1.187e-02
7.320e+01 1.275e-02 -1.338e-02
7.330e+01 1.308e-02 -1.182e-02
7.340e+01 1.126e-02 -1.226e-02
7.350e+01 1.098e-02 -1.239e-02
7.360e+01 1.126e-02 -9.602e-03
7.370e+01 8.708e-03 -8.292e-03
7.380e+01 9.162e-03 -6.883e-03
7.390e+01 9.019e-03 -5.502e-03
7.400e+01 9.892e-03 -5.613e-03
7.410e+01 1.036e-02 -5.905e-03
7.420e+01 1.107e-02 -6.077e-03
7.430e+01 1.097e-02 -7.361e-03
7.440e+01 9.335e-03 -7.406e-03
7.450e+01 8.353e-03 -7.990e-03
7.460e+01 8.974e-03 -5.001e-03
7.470e+01 1.042e-02 -5.732e-03
7.480e+01 9.218e-03 -6.292e-03
7.490e+01 7.318e-03 -6.659e-03
7.500e+01 7.279e-03 -6.764e-03
7.510e+01 1.027e-02 -9.899e-03
7.520e+01 1.025e-02 -8.230e-03
7.530e+01 7.898e-03 -9.440e-03
7.540e+01 8.936e-03 -8.035e-03
7.550e+01 8.201e-03 -8.495e-03
7.560e+01 9.615e-03 -5.616e-03
7.570e+01 9.666e-03 -4.556e-03
7.580e+01 8.434e-03 -5.127e-03
7.590e+01 7.909e-03 -5.486e-03
7.600e+01 6.992e-03 -8.062e-03
7.610e+01 4.674e-03 -8.339e-03
7.620e+01 6.986e-03 -5.231e-03
7.630e+01 1.053e-02 -3.090e-03
7.640e+01 1.129e-02 -6.445e-03
7.650e+01 1.131e-02 -5.257e-03
7.660e+01 9.201e-03 -5.724e-03
7.670e+01 9.058e-03 -4.506e-03
7.680e+01 8.309e-03 -5.501e-03
7.690e+01 8.161e-03 -7.909e-03
7.700e+01 7.987e-03 -8.043e-03
7.710e+01 8.474e-03 -9.191e-03
7.720e+01 8.690e-03 -7.842e-03
7.730e+01 1.026e-02 -1.001e-02
7.740e+01 1.078e-02 -6.088e-03
7.750e+01 9.555e-03 -7.412e-03
7.760e+01 9.305e-03 -4.868e-03
7.770e+01 7.916e-03 -3.277e-03
7.780e+01 7.781e-03 -5.952e-03
7.790e+01 8.951e-03 -5.850e-03
7.800e+01 8.338e-03 -6.539e-03
7.810e+01 6.481e-03 -7.726e-03
7.820e+01 2.742e-03 -8.524e-03
7.830e+01 7.989e-03 -7.680e-03
7.840e+01 4.546e-03 -5.514e-03
7.850e+01 5.555e-03 -8.065e-03
7.860e+01 2.437e-03 -1.905e-03
7.870e+01 1.989e-03 -2.547e-03
7.880e+01 7.643e-03 -3.589e-03
7.890e+01 8.011e-03 -1.370e-03
7.900e+01 8.413e-03 -4.406e-04
7.910e+01 8.186e-03 -1.801e-03
7.920e+01 9.033e-03 -4.001e-03
7.930e+01 1.220e-02 8.377e-04
7.940e+01 1.023e-02 -1.626e-03
7.950e+01 1.187e-02 -2.868e-03
7.960e+01 9.586e-03 -9.254e-04
7.970e+01 9.812e-03 -2.802e-03
7.980e+01 1.155e-02 -4.276e-03
7.990e+01 1.024e-02 -4.428e-03
8.000e+01 9.656e-03 -7.018e-03
8.010e+01 9.281e-03 -4.175e-03
8.020e+01 9.116e-03 -1.794e-03
8.030e+01 9.895e-03 -8.642e-05
8.040e+01 1.085e-02 -4.469e-03
8.050e+01 1.109e-02 -5.395e-03
8.060e+01 1.001e-02 -6.191e-03
8.070e+01 1.273e-02 -1.307e-02
8.080e+01 1.654e-02 -9.444e-03
8.090e+01 1.462e-02 -9.862e-03
8.100e+01 1.743e-02 -1.514e-02
8.110e+01 1.949e-02 -1.516e-02
8.120e+01 1.414e-02 -6.706e-03
8.130e+01 1.241e-02 -1.036e-02
8.140e+01 1.253e-02 -1.165e-02
8.150e+01 1.194e-02 -1.055e-02
8.160e+01 1.134e-02 -1.144e-02
8.170e+01 1.012e-02 -1.230e-02
8.180e+01 1.149e-02 -1.008e-02
8.190e+01 1.214e-02 -1.085e-02
8.200e+01 9.086e-03 -1.078e-02
8.210e+01 9.358e-03 -1.104e-02
8.220e+01 9.677e-03 -8.990e-03
8.230e+01 6.441e-03 -9.349e-03
8.240e+01 5.833e-03 -5.300e-03
8.250e+01 7.619e-03 -7.735e-03
8.260e+01 1.046e-02 -8.412e-03
8.270e+01 7.095e-03 -5.770e-03
8.280e+01 8.210e-03 -8.067e-03
8.290e+01 8.359e-03 -8.602e-03
8.300e+01 7.424e-03 -8.975e-03
8.310e+01 5.113e-03 -7.971e-03
8.320e+01 7.568e-03 -9.907e-03
8.330e+01 5.734e-03 -7.032e-03
8.340e+01 6.140e-03 -7.158e-03
8.350e+01 6.090e-03 -7.545e-03
8.360e+01 6.839e-03 -8.487e-03
8.370e+01 7.293e-03 -6.653e-03
8.380e+01 7.591e-03 -6.829e-03
8.390e+01 8.147e-03 -5.375e-03
8.400e+01 7.735e-03 -5.561e-03
8.410e+01 9.977e-03 -4.753e-03
8.420e+01 9.049e-03 -4.384e-03
8.430e+01 8.755e-03 -4.449e-03
8.440e+01 4.325e-03 -6.512e-03
8.450e+01 4.712e-03 -1.216e-02
8.460e+01 6.932e-03 -1.248e-02
8.470e+01 8.387e-03 -9.191e-03
8.480e+01 5.420e-03 -1.026e-02
8.490e+01 3.305e-03 -1.122e-02
8.500e+01 6.661e-03 -1.453e-02
8.510e+01 7.015e-03 -1.456e-02
8.520e+01 9.683e-03 -1.418e-02
8.530e+01 1.226e-02 -1.582e-02
8.540e+01 1.079e-02 -1.420e-02
8.550e+01 8.019e-03 -1.160e-02
8.560e+01 9.190e-03 -1.037e-02
8.570e+01 1.502e-02 -1.323e-02
8.580e+01 1.911e-02 -1.065e-02
8.590e+01 2.880e-02 -9.857e-03
8.600e+01 1.769e-02 -8.002e-03
8.610e+01 1.473e-02 -6.942e-03
8.620e+01 1.038e-02 -7.550e-03
8.630e+01 9.497e-03 -6.642e-03
8.640e+01 5.836e-03 -6.109e-03
8.650e+01 5.865e-03 -4.477e-03
8.660e+01 7.502e-03 -5.666e-03
8.670e+01 6.425e-03 -5.850e-03
8.680e+01 7.746e-03 -2.854e-03
8.690e+01 7.601e-03 -2.721e-03
8.700e+01 7.754e-03 -2.763e-03
8.710e+01 3.987e-03 -1.218e-04
8.720e+01 6.350e-03 -1.096e-04
8.730e+01 4.969e-03 -9.486e-04
8.740e+01 4.498e-03 4.851e-04
8.750e+01 4.487e-03 2.429e-04
8.760e+01 4.702e-03 1.221e-03
8.770e+01 4.950e-03 -1.056e-03
8.780e+01 4.821e-03 -6.902e-04
8.790e+01 5.830e-03 -2.015e-03
8.800e+01 6.573e-03 -1.028e-03
8.810e+01 8.711e-03 -2.459e-03
8.820e+01 9.835e-03 -7.283e-04
8.830e+01 1.025e-02 1.635e-03
8.840e+01 1.186e-02 2.302e-03
8.850e+01 1.061e-02 9.731e-04
8.860e+01 1.156e-02 3.715e-03
8.870e+01 1.025e-02 2.110e-03
8.880e+01 1.135e-02 1.712e-03
8.890e+01 8.684e-03 3.821e-04
8.900e+01 7.485e-03 4.832e-04
8.910e+01 8.802e-03 4.390e-04
8.920e+01 7.748e-03 -1.263e-03
8.930e+01 6.979e-03 -6.546e-05
8.940e+01 6.799e-03 -7.639e-04
8.950e+01 8.548e-03 -2.490e-03
8.960e+01 6.682e-03 -2.783e-03
8.970e+01 1.049e-02 -2.151e-03
8.980e+01 1.006e-02 -2.230e-03
8.990e+01 1.049e-02 -2.355e-03
9.000e+01 1.094e-02 -3.307e-03
9.010e+01 9.890e-03 -1.622e-03
9.020e+01 9.610e-03 -6.536e-04
9.030e+01 8.175e-03 -6.110e-04
9.040e+01 6.766e-03 3.272e-04
9.050e+01 6.766e-03 1.618e-03
9.060e+01 9.561e-03 3.900e-03
9.070e+01 1.163e-02 3.610e-03
9.080e+01 9.939e-03 4.150e-03
9.090e+01 8.411e-03 1.872e-03
9.100e+01 8.794e-03 1.469e-03
9.110e+01 8.075e-03 9.208e-04
9.120e+01 1.009e-02 1.515e-03
9.130e+01 9.132e-03 1.492e-03
9.140e+01 7.802e-03 1.743e-03
9.150e+01 6.617e-03 1.111e-03
9.160e+01 4.049e-03 1.641e-03
9.170e+01 7.873e-03 2.913e-03
9.180e+01 9.120e-03 2.610e-03
9.190e+01 8.090e-03 1.354e-03
9.200e+01 6.430e-03 1.858e-03
9.210e+01 5.741e-03 6.545e-04
9.220e+01 5.573e-03 4.669e-04
9.230e+01 5.578e-03 7.375e-04
9.240e+01 7.080e-03 1.323e-03
9.250e+01 6.154e-03 1.631e-03
9.260e+01 5.716e-03 3.651e-05
9.270e+01 4.034e-03 1.864e-04
9.280e+01 4.804e-03 8.631e-04
9.290e+01 6.002e-03 2.329e-03
9.300e+01 5.864e-03 2.394e-03
9.310e+01 4.654e-03 1.421e-03
9.320e+01 6.200e-03 4.052e-04
9.330e+01 7.303e-03 2.115e-03
9.340e+01 9.071e-03 1.396e-03
9.350e+01 9.091e-03 -1.405e-04
9.360e+01 7.228e-03 -1.673e-03
9.370e+01 7.334e-03 -1.251e-03
9.380e+01 7.278e-03 -9.804e-04
9.390e+01 6.543e-03 8.264e-04
9.400e+01 6.585e-03 7.718e-04
9.410e+01 4.637e-03 -1.451e-03
9.420e+01 3.202e-03 -8.272e-04
9.430e+01 3.770e-03 6.498e-04
9.440e+01 6.945e-03 5.928e-04
9.450e+01 7.616e-03 3.255e-04
9.460e+01 8.261e-03 -9.623e-04
9.470e+01 6.929e-03 -9.750e-04
9.480e+01 6.358e-03 -7.956e-04
9.490e+01 7.484e-03 -1.947e-03
9.500e+01 7.955e-03 -1.551e-03
9.510e+01 8.117e-03 -1.872e-05
9.520e+01 7.283e-03 6.576e-05
9.530e+01 7.151e-03 -1.591e-03
9.540e+01 4.894e-03 -1.837e-03
9.550e+01 4.355e-03 -1.809e-03
9.560e+01 3.931e-03 -1.092e-03
9.570e+01 3.293e-03 -1.157e-03
9.580e+01 2.812e-03 -1.504e-03
9.590e+01 3.950e-03 -1.779e-03
9.600e+01 3.873e-03 -4.737e-04
9.610e+01 5.008e-03 -9.508e-04
9.620e+01 4.520e-03 -9.888e-05
9.630e+01 4.553e-03 -1.125e-03
9.640e+01 4.105e-03 -1.712e-03
9.650e+01 4.826e-03 -1.843e-03
9.660e+01 6.219e-03 -1.828e-03
9.670e+01 8.496e-03 -6.160e-04
9.680e+01 6.524e-03 -1.986e-03
9.690e+01 5.986e-03 -6.021e-04
9.700e+01 5.295e-03 -7.601e-05
9.710e+01 5.039e-03 -4.829e-04
9.720e+01 4.083e-03 -2.642e-04
9.730e+01 4.769e-03 4.751e-04
9.740e+01 6.585e-03 -3.194e-04
9.750e+01 6.054e-03 -2.394e-03
9.760e+01 6.675e-03 -2.840e-03
9.770e+01 8.245e-03 -1.345e-03
9.780e+01 8.186e-03 -1.419e-03
9.790e+01 7.443e-03 -2.298e-03
9.800e+01 7.785e-03 -1.740e-03
9.810e+01 7.449e-03 -1.589e-03
9.820e+01 8.183e-03 -2.757e-03
9.830e+01 8.067e-03 -2.914e-03
9.840e+01 7.701e-03 -2.470e-03
9.850e+01 7.101e-03 -2.183e-03
9.860e+01 7.848e-03 -1.530e-03
9.870e+01 8.481e-03 -1.613e-03
9.880e+01 9.783e-03 -1.456e-03
9.890e+01 9.026e-03 -1.659e-03
9.900e+01 8.707e-03 -8.402e-04
9.910e+01 9.747e-03 -9.632e-04
9.920e+01 9.676e-03 -8.451e-04
9.930e+01 9.904e-03 -1.386e-03
9.940e+01 8.546e-03 -1.822e-03
9.950e+01 8.765e-03 -1.253e-03
9.960e+01 8.391e-03 -2.031e-03
9.970e+01 8.418e-03 -1.378e-03
9.980e+01 8.407e-03 -1.069e-03
9.990e+01 8.778e-03 -1.110e-03
