# Frequency (1.0/ps)      real(fft(F_1))
0.000e+00 8.424e+01
1.000e-02 4.996e+01
2.000e-02 3.168e+01
3.000e-02 1.701e+01
4.000e-02 1.027e+01
5.000e-02 8.588e+00
6.000e-02 2.583e+00
7.000e-02 -2.473e-01
8.000e-02 7.241e-01
9.000e-02 3.711e+00
1.000e-01 5.060e+00
1.100e-01 4.369e+00
1.200e-01 5.725e+00
1.300e-01 4.608e+00
1.400e-01 3.347e+00
1.500e-01 3.335e+00
1.600e-01 1.944e+00
1.700e-01 2.086e+00
1.800e-01 2.492e+00
1.900e-01 2.301e-01
2.000e-01 -3.932e-01
2.100e-01 3.269e-02
2.200e-01 -7.048e-02
2.300e-01 4.153e-01
2.400e-01 5.494e-01
2.500e-01 -1.072e-01
2.600e-01 8.961e-01
2.700e-01 1.336e+00
2.800e-01 1.286e+00
2.900e-01 1.632e+00
3.000e-01 9.176e-01
3.100e-01 1.619e+00
3.200e-01 1.663e+00
3.300e-01 8.540e-01
3.400e-01 1.275e+00
3.500e-01 4.858e-01
3.600e-01 7.119e-01
3.700e-01 8.877e-01
3.800e-01 1.011e+00
3.900e-01 1.226e+00
4.000e-01 9.526e-01
4.100e-01 5.761e-01
4.200e-01 6.641e-01
4.300e-01 6.664e-01
4.400e-01 1.152e+00
4.500e-01 6.791e-01
4.600e-01 8.008e-01
4.700e-01 9.287e-01
4.800e-01 1.502e+00
4.900e-01 1.705e+00
5.000e-01 1.591e+00
5.100e-01 1.873e+00
5.200e-01 1.634e+00
5.300e-01 4.438e-01
5.400e-01 7.065e-01
5.500e-01 7.486e-01
5.600e-01 6.006e-01
5.700e-01 5.696e-01
5.800e-01 1.353e+00
5.900e-01 1.043e+00
6.000e-01 1.164e+00
6.100e-01 1.179e+00
6.200e-01 1.336e+00
6.300e-01 7.316e-01
6.400e-01 -8.411e-02
6.500e-01 3.736e-01
6.600e-01 5.714e-02
6.700e-01 -1.355e-01
6.800e-01 -2.596e-01
6.900e-01 2.153e-01
7.000e-01 7.666e-01
7.100e-01 9.059e-01
7.200e-01 9.932e-01
7.300e-01 1.121e+00
7.400e-01 1.076e+00
7.500e-01 1.443e+00
7.600e-01 1.326e+00
7.700e-01 1.329e+00
7.800e-01 1.066e+00
7.900e-01 7.539e-01
8.000e-01 8.982e-01
8.100e-01 5.713e-01
8.200e-01 9.831e-01
8.300e-01 7.058e-01
8.400e-01 4.978e-01
8.500e-01 8.742e-01
8.600e-01 1.200e+00
8.700e-01 7.312e-01
8.800e-01 6.565e-01
8.900e-01 8.493e-01
9.000e-01 1.057e+00
9.100e-01 9.087e-01
9.200e-01 4.834e-01
9.300e-01 1.153e-01
9.400e-01 3.571e-01
9.500e-01 5.806e-02
9.600e-01 7.792e-02
9.700e-01 4.580e-01
9.800e-01 5.468e-01
9.900e-01 1.424e+00
1.000e+00 1.251e+00
1.010e+00 9.574e-01
1.020e+00 7.188e-01
1.030e+00 3.811e-01
1.040e+00 -2.884e-01
1.050e+00 2.815e-01
1.060e+00 1.208e-02
1.070e+00 4.961e-01
1.080e+00 4.801e-01
1.090e+00 7.409e-01
1.100e+00 7.831e-01
1.110e+00 5.542e-01
1.120e+00 2.002e-01
1.130e+00 1.786e-01
1.140e+00 -1.938e-01
1.150e+00 -5.012e-01
1.160e+00 -3.378e-01
1.170e+00 3.756e-01
1.180e+00 3.208e-01
1.190e+00 6.363e-01
1.200e+00 6.413e-01
1.210e+00 7.512e-01
1.220e+00 7.162e-01
1.230e+00 8.473e-01
1.240e+00 3.313e-01
1.250e+00 3.707e-01
1.260e+00 4.333e-01
1.270e+00 7.843e-01
1.280e+00 3.593e-01
1.290e+00 3.491e-01
1.300e+00 2.672e-01
1.310e+00 8.437e-01
1.320e+00 1.052e+00
1.330e+00 1.343e+00
1.340e+00 1.038e+00
1.350e+00 1.460e+00
1.360e+00 1.116e+00
1.370e+00 1.390e+00
1.380e+00 1.172e+00
1.390e+00 6.357e-01
1.400e+00 5.455e-01
1.410e+00 4.129e-01
1.420e+00 3.897e-01
1.430e+00 2.044e-01
1.440e+00 2.863e-01
1.450e+00 1.231e-01
1.460e+00 5.193e-01
1.470e+00 5.405e-01
1.480e+00 1.265e+00
1.490e+00 8.032e-01
1.500e+00 4.413e-01
1.510e+00 5.862e-01
1.520e+00 9.308e-01
1.530e+00 3.952e-01
1.540e+00 4.791e-01
1.550e+00 6.301e-01
1.560e+00 5.625e-01
1.570e+00 5.203e-01
1.580e+00 1.073e+00
1.590e+00 6.670e-01
1.600e+00 5.450e-01
1.610e+00 2.846e-01
1.620e+00 2.169e-01
1.630e+00 4.127e-01
1.640e+00 7.331e-01
1.650e+00 4.019e-01
1.660e+00 1.960e-01
1.670e+00 3.435e-01
1.680e+00 1.598e-01
1.690e+00 4.010e-01
1.700e+00 2.730e-01
1.710e+00 3.616e-01
1.720e+00 6.149e-01
1.730e+00 5.916e-01
1.740e+00 8.412e-01
1.750e+00 9.148e-01
1.760e+00 7.067e-01
1.770e+00 8.862e-01
1.780e+00 7.760e-01
1.790e+00 6.740e-01
1.800e+00 1.381e-01
1.810e+00 1.588e-01
1.820e+00 4.745e-01
1.830e+00 3.863e-01
1.840e+00 4.070e-01
1.850e+00 5.455e-01
1.860e+00 2.765e-01
1.870e+00 3.068e-01
1.880e+00 5.690e-01
1.890e+00 7.043e-01
1.900e+00 6.075e-01
1.910e+00 7.139e-01
1.920e+00 2.854e-01
1.930e+00 1.423e-01
1.940e+00 2.995e-01
1.950e+00 -6.550e-02
1.960e+00 1.303e-01
1.970e+00 -1.099e-02
1.980e+00 -5.923e-02
1.990e+00 3.483e-01
2.000e+00 4.691e-01
2.010e+00 5.644e-01
2.020e+00 5.527e-01
2.030e+00 6.354e-01
2.040e+00 6.222e-01
2.050e+00 5.141e-01
2.060e+00 5.430e-01
2.070e+00 5.785e-01
2.080e+00 3.731e-01
2.090e+00 3.578e-01
2.100e+00 2.371e-01
2.110e+00 6.685e-01
2.120e+00 6.003e-01
2.130e+00 7.862e-01
2.140e+00 6.967e-01
2.150e+00 8.079e-01
2.160e+00 5.555e-01
2.170e+00 7.453e-01
2.180e+00 6.776e-01
2.190e+00 7.430e-01
2.200e+00 7.288e-01
2.210e+00 7.125e-01
2.220e+00 5.370e-01
2.230e+00 5.821e-01
2.240e+00 6.165e-01
2.250e+00 4.679e-01
2.260e+00 4.632e-01
2.270e+00 3.675e-01
2.280e+00 4.376e-01
2.290e+00 4.456e-01
2.300e+00 2.842e-01
2.310e+00 4.589e-01
2.320e+00 6.886e-01
2.330e+00 5.449e-01
2.340e+00 5.817e-01
2.350e+00 7.154e-01
2.360e+00 7.762e-01
2.370e+00 6.219e-01
2.380e+00 6.545e-01
2.390e+00 5.039e-01
2.400e+00 4.799e-01
2.410e+00 5.815e-01
2.420e+00 4.756e-01
2.430e+00 4.633e-01
2.440e+00 4.140e-01
2.450e+00 5.679e-01
2.460e+00 8.195e-01
2.470e+00 6.772e-01
2.480e+00 6.478e-01
2.490e+00 8.579e-01
2.500e+00 4.755e-01
2.510e+00 4.411e-01
2.520e+00 3.555e-01
2.530e+00 4.259e-01
2.540e+00 2.737e-01
2.550e+00 3.859e-01
2.560e+00 3.471e-01
2.570e+00 4.761e-01
2.580e+00 5.330e-01
2.590e+00 7.895e-01
2.600e+00 7.975e-01
2.610e+00 8.826e-01
2.620e+00 6.025e-01
2.630e+00 6.803e-01
2.640e+00 7.982e-01
2.650e+00 7.825e-01
2.660e+00 7.883e-01
2.670e+00 7.151e-01
2.680e+00 7.404e-01
2.690e+00 8.474e-01
2.700e+00 9.212e-01
2.710e+00 9.217e-01
2.720e+00 7.614e-01
2.730e+00 8.798e-01
2.740e+00 8.470e-01
2.750e+00 8.807e-01
2.760e+00 7.631e-01
2.770e+00 7.385e-01
2.780e+00 7.772e-01
2.790e+00 6.249e-01
2.800e+00 6.529e-01
2.810e+00 6.628e-01
2.820e+00 5.086e-01
2.830e+00 4.596e-01
2.840e+00 3.285e-01
2.850e+00 3.745e-01
2.860e+00 4.474e-01
2.870e+00 2.957e-01
2.880e+00 2.734e-01
2.890e+00 6.290e-01
2.900e+00 7.169e-01
2.910e+00 9.223e-01
2.920e+00 1.085e+00
2.930e+00 1.019e+00
2.940e+00 1.010e+00
2.950e+00 7.822e-01
2.960e+00 6.542e-01
2.970e+00 8.197e-01
2.980e+00 7.414e-01
2.990e+00 5.757e-01
3.000e+00 5.084e-01
3.010e+00 6.845e-01
3.020e+00 6.760e-01
3.030e+00 7.742e-01
3.040e+00 5.693e-01
3.050e+00 4.270e-01
3.060e+00 3.413e-01
3.070e+00 3.073e-01
3.080e+00 5.136e-01
3.090e+00 3.113e-01
3.100e+00 4.063e-01
3.110e+00 5.182e-01
3.120e+00 3.669e-01
3.130e+00 3.132e-01
3.140e+00 3.239e-01
3.150e+00 1.083e-01
3.160e+00 -3.930e-02
3.170e+00 2.780e-01
3.180e+00 1.553e-01
3.190e+00 3.502e-01
3.200e+00 4.402e-01
3.210e+00 6.654e-01
3.220e+00 6.365e-01
3.230e+00 5.139e-01
3.240e+00 5.502e-01
3.250e+00 4.878e-01
3.260e+00 4.293e-01
3.270e+00 5.722e-01
3.280e+00 5.997e-01
3.290e+00 6.841e-01
3.300e+00 7.819e-01
3.310e+00 9.284e-01
3.320e+00 7.827e-01
3.330e+00 6.540e-01
3.340e+00 4.814e-01
3.350e+00 2.472e-01
3.360e+00 3.336e-01
3.370e+00 4.573e-01
3.380e+00 5.316e-01
3.390e+00 6.355e-01
3.400e+00 6.330e-01
3.410e+00 6.340e-01
3.420e+00 6.992e-01
3.430e+00 7.470e-01
3.440e+00 6.806e-01
3.450e+00 7.295e-01
3.460e+00 6.497e-01
3.470e+00 9.391e-01
3.480e+00 7.263e-01
3.490e+00 8.102e-01
3.500e+00 9.610e-01
3.510e+00 9.346e-01
3.520e+00 8.200e-01
3.530e+00 8.475e-01
3.540e+00 6.689e-01
3.550e+00 6.674e-01
3.560e+00 4.681e-01
3.570e+00 6.723e-01
3.580e+00 5.286e-01
3.590e+00 5.513e-01
3.600e+00 5.083e-01
3.610e+00 5.809e-01
3.620e+00 5.798e-01
3.630e+00 6.856e-01
3.640e+00 6.429e-01
3.650e+00 5.162e-01
3.660e+00 4.689e-01
3.670e+00 4.225e-01
3.680e+00 4.061e-01
3.690e+00 5.863e-01
3.700e+00 5.497e-01
3.710e+00 5.904e-01
3.720e+00 8.109e-01
3.730e+00 6.764e-01
3.740e+00 6.169e-01
3.750e+00 5.968e-01
3.760e+00 4.950e-01
3.770e+00 2.896e-01
3.780e+00 2.132e-01
3.790e+00 2.418e-01
3.800e+00 1.438e-01
3.810e+00 3.129e-01
3.820e+00 3.955e-01
3.830e+00 6.470e-01
3.840e+00 7.262e-01
3.850e+00 8.121e-01
3.860e+00 8.826e-01
3.870e+00 7.331e-01
3.880e+00 6.355e-01
3.890e+00 7.698e-01
3.900e+00 4.337e-01
3.910e+00 4.200e-01
3.920e+00 5.732e-01
3.930e+00 3.957e-01
3.940e+00 4.186e-01
3.950e+00 3.914e-01
3.960e+00 6.464e-01
3.970e+00 6.462e-01
3.980e+00 6.045e-01
3.990e+00 6.102e-01
4.000e+00 6.375e-01
4.010e+00 5.356e-01
4.020e+00 5.654e-01
4.030e+00 5.098e-01
4.040e+00 5.318e-01
4.050e+00 4.012e-01
4.060e+00 4.477e-01
4.070e+00 2.033e-01
4.080e+00 2.578e-01
4.090e+00 3.784e-01
4.100e+00 6.664e-01
4.110e+00 7.032e-01
4.120e+00 1.007e+00
4.130e+00 7.252e-01
4.140e+00 1.026e+00
4.150e+00 1.096e+00
4.160e+00 8.753e-01
4.170e+00 6.855e-01
4.180e+00 4.335e-01
4.190e+00 2.405e-01
4.200e+00 2.621e-01
4.210e+00 5.660e-02
4.220e+00 9.078e-02
4.230e+00 1.901e-01
4.240e+00 3.203e-01
4.250e+00 5.112e-01
4.260e+00 4.783e-01
4.270e+00 6.870e-01
4.280e+00 6.665e-01
4.290e+00 6.787e-01
4.300e+00 7.300e-01
4.310e+00 5.460e-01
4.320e+00 4.106e-01
4.330e+00 5.679e-01
4.340e+00 5.846e-01
4.350e+00 5.442e-01
4.360e+00 5.062e-01
4.370e+00 6.677e-01
4.380e+00 5.674e-01
4.390e+00 6.964e-01
4.400e+00 6.089e-01
4.410e+00 6.149e-01
4.420e+00 4.948e-01
4.430e+00 5.459e-01
4.440e+00 3.826e-01
4.450e+00 4.854e-01
4.460e+00 4.371e-01
4.470e+00 5.550e-01
4.480e+00 3.461e-01
4.490e+00 2.451e-01
4.500e+00 2.008e-01
4.510e+00 1.612e-01
4.520e+00 -4.593e-02
4.530e+00 -2.409e-02
4.540e+00 -8.807e-02
4.550e+00 -6.893e-02
4.560e+00 -2.086e-02
4.570e+00 3.508e-02
4.580e+00 4.358e-02
4.590e+00 1.474e-01
4.600e+00 1.581e-01
4.610e+00 1.254e-01
4.620e+00 1.963e-01
4.630e+00 2.626e-01
4.640e+00 1.126e-01
4.650e+00 2.698e-01
4.660e+00 3.616e-01
4.670e+00 5.831e-01
4.680e+00 6.327e-01
4.690e+00 6.314e-01
4.700e+00 5.509e-01
4.710e+00 4.427e-01
4.720e+00 4.929e-01
4.730e+00 3.485e-01
4.740e+00 2.449e-01
4.750e+00 2.655e-01
4.760e+00 2.163e-01
4.770e+00 4.020e-01
4.780e+00 3.767e-01
4.790e+00 2.230e-01
4.800e+00 1.355e-01
4.810e+00 2.220e-01
4.820e+00 -1.422e-02
4.830e+00 6.855e-02
4.840e+00 2.995e-01
4.850e+00 3.833e-01
4.860e+00 4.367e-01
4.870e+00 6.959e-01
4.880e+00 6.728e-01
4.890e+00 6.292e-01
4.900e+00 5.760e-01
4.910e+00 6.120e-01
4.920e+00 6.919e-01
4.930e+00 6.320e-01
4.940e+00 5.653e-01
4.950e+00 5.358e-01
4.960e+00 5.734e-01
4.970e+00 6.522e-01
4.980e+00 5.865e-01
4.990e+00 4.677e-01
-5.000e+00 3.461e-01
-4.990e+00 3.106e-01
-4.980e+00 2.759e-01
-4.970e+00 2.261e-01
-4.960e+00 2.790e-01
-4.950e+00 4.542e-01
-4.940e+00 5.499e-01
-4.930e+00 7.154e-01
-4.920e+00 5.416e-01
-4.910e+00 7.303e-01
-4.900e+00 6.743e-01
-4.890e+00 5.081e-01
-4.880e+00 3.583e-01
-4.870e+00 3.664e-01
-4.860e+00 2.592e-01
-4.850e+00 2.717e-01
-4.840e+00 3.538e-01
-4.830e+00 2.011e-01
-4.820e+00 3.607e-01
-4.810e+00 4.831e-01
-4.800e+00 4.449e-01
-4.790e+00 4.388e-01
-4.780e+00 4.965e-01
-4.770e+00 4.996e-01
-4.760e+00 5.826e-01
-4.750e+00 6.596e-01
-4.740e+00 6.686e-01
-4.730e+00 6.001e-01
-4.720e+00 5.807e-01
-4.710e+00 7.111e-01
-4.700e+00 6.395e-01
-4.690e+00 6.104e-01
-4.680e+00 5.519e-01
-4.670e+00 3.690e-01
-4.660e+00 2.044e-01
-4.650e+00 2.881e-01
-4.640e+00 1.127e-01
-4.630e+00 3.269e-01
-4.620e+00 3.301e-01
-4.610e+00 2.963e-01
-4.600e+00 3.408e-01
-4.590e+00 5.337e-01
-4.580e+00 2.106e-01
-4.570e+00 2.241e-01
-4.560e+00 9.510e-02
-4.550e+00 1.540e-02
-4.540e+00 -8.290e-02
-4.530e+00 9.028e-02
-4.520e+00 1.684e-01
-4.510e+00 3.159e-01
-4.500e+00 3.273e-01
-4.490e+00 4.782e-01
-4.480e+00 6.358e-01
-4.470e+00 7.020e-01
-4.460e+00 6.399e-01
-4.450e+00 4.816e-01
-4.440e+00 3.895e-01
-4.430e+00 3.938e-01
-4.420e+00 4.733e-01
-4.410e+00 6.633e-01
-4.400e+00 8.658e-01
-4.390e+00 8.585e-01
-4.380e+00 7.687e-01
-4.370e+00 6.162e-01
-4.360e+00 6.785e-01
-4.350e+00 6.671e-01
-4.340e+00 7.411e-01
-4.330e+00 5.413e-01
-4.320e+00 5.377e-01
-4.310e+00 6.686e-01
-4.300e+00 8.489e-01
-4.290e+00 7.255e-01
-4.280e+00 4.085e-01
-4.270e+00 4.577e-01
-4.260e+00 3.713e-01
-4.250e+00 2.373e-01
-4.240e+00 2.393e-01
-4.230e+00 2.418e-01
-4.220e+00 1.926e-01
-4.210e+00 4.270e-01
-4.200e+00 6.858e-01
-4.190e+00 6.085e-01
-4.180e+00 6.989e-01
-4.170e+00 5.795e-01
-4.160e+00 6.596e-01
-4.150e+00 4.305e-01
-4.140e+00 5.761e-01
-4.130e+00 6.243e-01
-4.120e+00 7.599e-01
-4.110e+00 4.587e-01
-4.100e+00 5.817e-01
-4.090e+00 5.758e-01
-4.080e+00 5.881e-01
-4.070e+00 3.906e-01
-4.060e+00 4.695e-01
-4.050e+00 4.797e-01
-4.040e+00 5.132e-01
-4.030e+00 4.135e-01
-4.020e+00 4.095e-01
-4.010e+00 4.261e-01
-4.000e+00 3.506e-01
-3.990e+00 3.019e-01
-3.980e+00 3.794e-01
-3.970e+00 2.388e-01
-3.960e+00 4.631e-01
-3.950e+00 3.913e-01
-3.940e+00 3.839e-01
-3.930e+00 5.746e-01
-3.920e+00 6.304e-01
-3.910e+00 4.787e-01
-3.900e+00 4.719e-01
-3.890e+00 5.602e-01
-3.880e+00 3.655e-01
-3.870e+00 3.770e-01
-3.860e+00 2.731e-01
-3.850e+00 5.253e-01
-3.840e+00 2.923e-01
-3.830e+00 3.370e-01
-3.820e+00 5.571e-01
-3.810e+00 3.796e-01
-3.800e+00 3.856e-01
-3.790e+00 5.297e-01
-3.780e+00 5.425e-01
-3.770e+00 4.066e-01
-3.760e+00 7.245e-01
-3.750e+00 6.282e-01
-3.740e+00 5.031e-01
-3.730e+00 7.151e-01
-3.720e+00 5.969e-01
-3.710e+00 5.387e-01
-3.700e+00 5.673e-01
-3.690e+00 6.216e-01
-3.680e+00 5.949e-01
-3.670e+00 5.520e-01
-3.660e+00 6.137e-01
-3.650e+00 7.202e-01
-3.640e+00 6.572e-01
-3.630e+00 5.123e-01
-3.620e+00 4.844e-01
-3.610e+00 5.631e-01
-3.600e+00 5.386e-01
-3.590e+00 7.664e-01
-3.580e+00 5.921e-01
-3.570e+00 6.250e-01
-3.560e+00 5.634e-01
-3.550e+00 7.636e-01
-3.540e+00 7.716e-01
-3.530e+00 8.694e-01
-3.520e+00 7.736e-01
-3.510e+00 7.579e-01
-3.500e+00 7.394e-01
-3.490e+00 6.662e-01
-3.480e+00 7.227e-01
-3.470e+00 6.446e-01
-3.460e+00 6.261e-01
-3.450e+00 5.042e-01
-3.440e+00 4.140e-01
-3.430e+00 5.039e-01
-3.420e+00 8.039e-01
-3.410e+00 7.723e-01
-3.400e+00 8.054e-01
-3.390e+00 7.669e-01
-3.380e+00 5.479e-01
-3.370e+00 5.160e-01
-3.360e+00 3.001e-01
-3.350e+00 1.496e-01
-3.340e+00 2.725e-01
-3.330e+00 1.720e-01
-3.320e+00 3.204e-01
-3.310e+00 4.113e-01
-3.300e+00 5.008e-01
-3.290e+00 4.509e-01
-3.280e+00 3.050e-01
-3.270e+00 3.965e-01
-3.260e+00 5.009e-01
-3.250e+00 3.637e-01
-3.240e+00 2.848e-01
-3.230e+00 3.450e-01
-3.220e+00 4.257e-01
-3.210e+00 9.298e-01
-3.200e+00 8.885e-01
-3.190e+00 7.402e-01
-3.180e+00 5.977e-01
-3.170e+00 5.416e-01
-3.160e+00 6.606e-01
-3.150e+00 5.934e-01
-3.140e+00 5.194e-01
-3.130e+00 4.488e-01
-3.120e+00 2.783e-01
-3.110e+00 4.009e-01
-3.100e+00 3.453e-01
-3.090e+00 4.151e-01
-3.080e+00 5.246e-01
-3.070e+00 8.130e-01
-3.060e+00 7.218e-01
-3.050e+00 8.661e-01
-3.040e+00 8.875e-01
-3.030e+00 5.899e-01
-3.020e+00 4.145e-01
-3.010e+00 4.164e-01
-3.000e+00 4.813e-01
-2.990e+00 4.709e-01
-2.980e+00 5.987e-01
-2.970e+00 6.825e-01
-2.960e+00 7.038e-01
-2.950e+00 1.116e+00
-2.940e+00 9.911e-01
-2.930e+00 1.062e+00
-2.920e+00 7.015e-01
-2.910e+00 5.558e-01
-2.900e+00 3.885e-01
-2.890e+00 4.205e-01
-2.880e+00 2.877e-01
-2.870e+00 4.381e-01
-2.860e+00 3.509e-01
-2.850e+00 4.022e-01
-2.840e+00 2.777e-01
-2.830e+00 3.593e-01
-2.820e+00 6.262e-01
-2.810e+00 6.001e-01
-2.800e+00 5.250e-01
-2.790e+00 4.931e-01
-2.780e+00 4.872e-01
-2.770e+00 5.128e-01
-2.760e+00 6.719e-01
-2.750e+00 5.714e-01
-2.740e+00 5.200e-01
-2.730e+00 3.490e-01
-2.720e+00 2.889e-01
-2.710e+00 4.724e-01
-2.700e+00 7.249e-01
-2.690e+00 6.985e-01
-2.680e+00 9.640e-01
-2.670e+00 1.024e+00
-2.660e+00 1.034e+00
-2.650e+00 8.522e-01
-2.640e+00 7.462e-01
-2.630e+00 7.002e-01
-2.620e+00 3.325e-01
-2.610e+00 3.572e-01
-2.600e+00 1.662e-01
-2.590e+00 2.260e-01
-2.580e+00 2.617e-01
-2.570e+00 5.007e-01
-2.560e+00 5.471e-01
-2.550e+00 6.516e-01
-2.540e+00 5.830e-01
-2.530e+00 7.395e-01
-2.520e+00 5.541e-01
-2.510e+00 5.124e-01
-2.500e+00 4.277e-01
-2.490e+00 3.334e-01
-2.480e+00 2.141e-01
-2.470e+00 2.996e-01
-2.460e+00 4.087e-01
-2.450e+00 4.954e-01
-2.440e+00 5.131e-01
-2.430e+00 3.378e-01
-2.420e+00 7.391e-01
-2.410e+00 7.868e-01
-2.400e+00 6.319e-01
-2.390e+00 8.216e-01
-2.380e+00 4.688e-01
-2.370e+00 4.129e-01
-2.360e+00 4.681e-01
-2.350e+00 4.835e-01
-2.340e+00 3.232e-01
-2.330e+00 5.326e-01
-2.320e+00 2.752e-01
-2.310e+00 6.504e-02
-2.300e+00 1.571e-02
-2.290e+00 3.627e-01
-2.280e+00 2.989e-01
-2.270e+00 2.488e-01
-2.260e+00 2.449e-01
-2.250e+00 4.561e-01
-2.240e+00 5.661e-01
-2.230e+00 3.829e-01
-2.220e+00 2.221e-01
-2.210e+00 2.554e-01
-2.200e+00 2.957e-01
-2.190e+00 2.290e-01
-2.180e+00 5.019e-01
-2.170e+00 6.629e-01
-2.160e+00 8.618e-01
-2.150e+00 1.085e+00
-2.140e+00 1.321e+00
-2.130e+00 1.435e+00
-2.120e+00 1.256e+00
-2.110e+00 9.418e-01
-2.100e+00 1.016e+00
-2.090e+00 8.651e-01
-2.080e+00 5.914e-01
-2.070e+00 4.452e-01
-2.060e+00 1.808e-01
-2.050e+00 4.078e-01
-2.040e+00 3.342e-01
-2.030e+00 3.942e-01
-2.020e+00 2.653e-01
-2.010e+00 5.537e-01
-2.000e+00 5.121e-01
-1.990e+00 7.030e-01
-1.980e+00 5.088e-01
-1.970e+00 3.231e-01
-1.960e+00 2.034e-03
-1.950e+00 3.162e-01
-1.940e+00 1.575e-01
-1.930e+00 9.797e-02
-1.920e+00 -3.355e-02
-1.910e+00 -7.327e-02
-1.900e+00 1.600e-01
-1.890e+00 6.308e-02
-1.880e+00 2.967e-02
-1.870e+00 3.173e-01
-1.860e+00 4.820e-02
-1.850e+00 -2.513e-01
-1.840e+00 5.260e-02
-1.830e+00 1.970e-01
-1.820e+00 2.046e-01
-1.810e+00 2.432e-01
-1.800e+00 -1.285e-01
-1.790e+00 -6.783e-02
-1.780e+00 3.820e-01
-1.770e+00 5.105e-01
-1.760e+00 7.262e-01
-1.750e+00 5.583e-01
-1.740e+00 6.437e-01
-1.730e+00 5.971e-01
-1.720e+00 3.098e-01
-1.710e+00 3.157e-01
-1.700e+00 6.957e-02
-1.690e+00 3.425e-01
-1.680e+00 3.317e-01
-1.670e+00 5.971e-01
-1.660e+00 5.818e-01
-1.650e+00 5.616e-01
-1.640e+00 3.761e-01
-1.630e+00 3.676e-01
-1.620e+00 4.836e-01
-1.610e+00 4.854e-01
-1.600e+00 3.693e-01
-1.590e+00 -2.185e-01
-1.580e+00 1.606e-01
-1.570e+00 4.227e-01
-1.560e+00 2.765e-01
-1.550e+00 3.128e-01
-1.540e+00 1.827e-01
-1.530e+00 5.961e-02
-1.520e+00 6.343e-01
-1.510e+00 5.178e-01
-1.500e+00 2.759e-01
-1.490e+00 1.317e-01
-1.480e+00 2.301e-01
-1.470e+00 1.981e-01
-1.460e+00 1.510e-01
-1.450e+00 5.133e-01
-1.440e+00 9.174e-01
-1.430e+00 7.330e-01
-1.420e+00 3.515e-01
-1.410e+00 9.573e-01
-1.400e+00 8.814e-01
-1.390e+00 1.027e+00
-1.380e+00 1.201e+00
-1.370e+00 1.259e+00
-1.360e+00 1.134e+00
-1.350e+00 1.182e+00
-1.340e+00 1.013e+00
-1.330e+00 1.106e+00
-1.320e+00 7.597e-01
-1.310e+00 4.186e-01
-1.300e+00 3.870e-01
-1.290e+00 2.688e-01
-1.280e+00 9.117e-01
-1.270e+00 5.856e-01
-1.260e+00 7.144e-01
-1.250e+00 5.933e-01
-1.240e+00 9.143e-01
-1.230e+00 7.001e-01
-1.220e+00 7.365e-01
-1.210e+00 1.070e+00
-1.200e+00 9.315e-01
-1.190e+00 4.321e-01
-1.180e+00 2.897e-02
-1.170e+00 -1.403e-03
-1.160e+00 3.404e-02
-1.150e+00 5.320e-01
-1.140e+00 4.705e-01
-1.130e+00 4.663e-01
-1.120e+00 5.316e-01
-1.110e+00 1.049e+00
-1.100e+00 1.204e+00
-1.090e+00 1.232e+00
-1.080e+00 6.616e-01
-1.070e+00 8.787e-01
-1.060e+00 9.322e-01
-1.050e+00 1.008e+00
-1.040e+00 2.817e-01
-1.030e+00 7.070e-01
-1.020e+00 4.255e-01
-1.010e+00 8.034e-01
-1.000e+00 7.548e-01
-9.900e-01 9.142e-01
-9.800e-01 1.865e-01
-9.700e-01 2.780e-01
-9.600e-01 6.516e-02
-9.500e-01 4.903e-01
-9.400e-01 5.147e-01
-9.300e-01 8.952e-01
-9.200e-01 7.043e-01
-9.100e-01 1.543e-01
-9.000e-01 4.197e-01
-8.900e-01 4.542e-01
-8.800e-01 1.616e-01
-8.700e-01 -1.600e-01
-8.600e-01 1.951e-01
-8.500e-01 4.768e-01
-8.400e-01 6.889e-01
-8.300e-01 1.205e+00
-8.200e-01 2.167e+00
-8.100e-01 2.231e+00
-8.000e-01 1.828e+00
-7.900e-01 2.197e+00
-7.800e-01 1.999e+00
-7.700e-01 1.094e+00
-7.600e-01 1.093e+00
-7.500e-01 1.299e+00
-7.400e-01 1.043e+00
-7.300e-01 9.335e-01
-7.200e-01 1.087e+00
-7.100e-01 9.816e-01
-7.000e-01 1.427e+00
-6.900e-01 1.330e+00
-6.800e-01 1.695e+00
-6.700e-01 1.380e+00
-6.600e-01 7.358e-01
-6.500e-01 4.283e-01
-6.400e-01 5.540e-01
-6.300e-01 7.107e-01
-6.200e-01 4.795e-01
-6.100e-01 2.339e-01
-6.000e-01 1.480e-01
-5.900e-01 5.509e-01
-5.800e-01 8.000e-01
-5.700e-01 1.956e-01
-5.600e-01 3.298e-02
-5.500e-01 6.597e-01
-5.400e-01 8.713e-01
-5.300e-01 1.582e+00
-5.200e-01 1.655e+00
-5.100e-01 1.388e+00
-5.000e-01 1.096e+00
-4.900e-01 1.074e+00
-4.800e-01 1.268e+00
-4.700e-01 1.596e+00
-4.600e-01 1.033e+00
-4.500e-01 1.222e+00
-4.400e-01 9.825e-01
-4.300e-01 2.015e+00
-4.200e-01 1.474e+00
-4.100e-01 1.586e+00
-4.000e-01 1.669e+00
-3.900e-01 9.197e-01
-3.800e-01 1.249e+00
-3.700e-01 1.146e+00
-3.600e-01 7.979e-01
-3.500e-01 1.457e+00
-3.400e-01 1.795e+00
-3.300e-01 1.918e+00
-3.200e-01 2.395e+00
-3.100e-01 2.296e+00
-3.000e-01 1.975e+00
-2.900e-01 1.815e+00
-2.800e-01 1.582e+00
-2.700e-01 1.450e+00
-2.600e-01 1.377e+00
-2.500e-01 1.601e+00
-2.400e-01 1.325e+00
-2.300e-01 2.479e+00
-2.200e-01 1.140e+00
-2.100e-01 1.408e+00
-2.000e-01 2.329e+00
-1.900e-01 2.022e+00
-1.800e-01 2.262e+00
-1.700e-01 1.263e+00
-1.600e-01 1.390e+00
-1.500e-01 1.633e+00
-1.400e-01 3.211e+00
-1.300e-01 4.180e+00
-1.200e-01 3.223e+00
-1.100e-01 4.671e+00
-1.000e-01 3.138e+00
-9.000e-02 3.948e+00
-8.000e-02 3.077e+00
-7.000e-02 3.109e+00
-6.000e-02 6.698e+00
-5.000e-02 1.518e+01
-4.000e-02 1.768e+01
-3.000e-02 2.351e+01
-2.000e-02 3.689e+01
-1.000e-02 5.073e+01
