# Time (ps)      real(F_0)      im(F_0)
0.000e+00 1.000e+00 0.000e+00
1.000e-01 9.553e-01 0.000e+00
2.000e-01 8.927e-01 0.000e+00
3.000e-01 8.386e-01 0.000e+00
4.000e-01 9.253e-01 0.000e+00
5.000e-01 8.963e-01 0.000e+00
6.000e-01 8.464e-01 0.000e+00
7.000e-01 7.978e-01 0.000e+00
8.000e-01 7.847e-01 0.000e+00
9.000e-01 8.088e-01 0.000e+00
1.000e+00 8.357e-01 0.000e+00
1.100e+00 8.393e-01 0.000e+00
1.200e+00 7.550e-01 0.000e+00
1.300e+00 8.027e-01 0.000e+00
1.400e+00 7.986e-01 0.000e+00
1.500e+00 7.850e-01 0.000e+00
1.600e+00 8.054e-01 0.000e+00
1.700e+00 7.996e-01 0.000e+00
1.800e+00 8.034e-01 0.000e+00
1.900e+00 8.070e-01 0.000e+00
2.000e+00 7.747e-01 0.000e+00
2.100e+00 7.528e-01 0.000e+00
2.200e+00 7.729e-01 0.000e+00
2.300e+00 7.560e-01 0.000e+00
2.400e+00 6.943e-01 0.000e+00
2.500e+00 7.010e-01 0.000e+00
2.600e+00 7.280e-01 0.000e+00
2.700e+00 7.070e-01 0.000e+00
2.800e+00 7.042e-01 0.000e+00
2.900e+00 6.863e-01 0.000e+00
3.000e+00 6.701e-01 0.000e+00
3.100e+00 6.713e-01 0.000e+00
3.200e+00 6.452e-01 0.000e+00
3.300e+00 6.728e-01 0.000e+00
3.400e+00 7.509e-01 0.000e+00
3.500e+00 7.403e-01 0.000e+00
3.600e+00 6.831e-01 0.000e+00
3.700e+00 7.243e-01 0.000e+00
3.800e+00 7.129e-01 0.000e+00
3.900e+00 6.700e-01 0.000e+00
4.000e+00 6.392e-01 0.000e+00
4.100e+00 6.444e-01 0.000e+00
4.200e+00 6.674e-01 0.000e+00
4.300e+00 6.717e-01 0.000e+00
4.400e+00 6.435e-01 0.000e+00
4.500e+00 6.900e-01 0.000e+00
4.600e+00 6.364e-01 0.000e+00
4.700e+00 6.002e-01 0.000e+00
4.800e+00 6.684e-01 0.000e+00
4.900e+00 6.277e-01 0.000e+00
5.000e+00 5.816e-01 0.000e+00
5.100e+00 6.169e-01 0.000e+00
5.200e+00 5.915e-01 0.000e+00
5.300e+00 6.041e-01 0.000e+00
5.400e+00 6.129e-01 0.000e+00
5.500e+00 5.553e-01 0.000e+00
5.600e+00 5.925e-01 0.000e+00
5.700e+00 5.675e-01 0.000e+00
5.800e+00 5.649e-01 0.000e+00
5.900e+00 5.050e-01 0.000e+00
6.000e+00 5.073e-01 0.000e+00
6.100e+00 4.929e-01 0.000e+00
6.200e+00 4.687e-01 0.000e+00
6.300e+00 5.006e-01 0.000e+00
6.400e+00 5.252e-01 0.000e+00
6.500e+00 4.758e-01 0.000e+00
6.600e+00 4.778e-01 0.000e+00
6.700e+00 4.819e-01 0.000e+00
6.800e+00 4.891e-01 0.000e+00
6.900e+00 4.862e-01 0.000e+00
7.000e+00 4.763e-01 0.000e+00
7.100e+00 4.666e-01 0.000e+00
7.200e+00 4.589e-01 0.000e+00
7.300e+00 4.356e-01 0.000e+00
7.400e+00 4.618e-01 0.000e+00
7.500e+00 4.492e-01 0.000e+00
7.600e+00 4.340e-01 0.000e+00
7.700e+00 4.498e-01 0.000e+00
7.800e+00 4.365e-01 0.000e+00
7.900e+00 4.502e-01 0.000e+00
8.000e+00 4.618e-01 0.000e+00
8.100e+00 4.363e-01 0.000e+00
8.200e+00 4.462e-01 0.000e+00
8.300e+00 4.214e-01 0.000e+00
8.400e+00 4.256e-01 0.000e+00
8.500e+00 4.149e-01 0.000e+00
8.600e+00 4.330e-01 0.000e+00
8.700e+00 4.186e-01 0.000e+00
8.800e+00 4.166e-01 0.000e+00
8.900e+00 4.178e-01 0.000e+00
9.000e+00 4.032e-01 0.000e+00
9.100e+00 4.073e-01 0.000e+00
9.200e+00 4.172e-01 0.000e+00
9.300e+00 4.307e-01 0.000e+00
9.400e+00 4.135e-01 0.000e+00
9.500e+00 3.926e-01 0.000e+00
9.600e+00 3.850e-01 0.000e+00
9.700e+00 3.875e-01 0.000e+00
9.800e+00 3.714e-01 0.000e+00
9.900e+00 3.635e-01 0.000e+00
1.000e+01 3.925e-01 0.000e+00
1.010e+01 3.702e-01 0.000e+00
1.020e+01 3.751e-01 0.000e+00
1.030e+01 3.685e-01 0.000e+00
1.040e+01 4.056e-01 0.000e+00
1.050e+01 3.731e-01 0.000e+00
1.060e+01 3.590e-01 0.000e+00
1.070e+01 3.689e-01 0.000e+00
1.080e+01 3.709e-01 0.000e+00
1.090e+01 3.673e-01 0.000e+00
1.100e+01 3.607e-01 0.000e+00
1.110e+01 3.462e-01 0.000e+00
1.120e+01 3.454e-01 0.000e+00
1.130e+01 3.398e-01 0.000e+00
1.140e+01 3.255e-01 0.000e+00
1.150e+01 3.230e-01 0.000e+00
1.160e+01 3.387e-01 0.000e+00
1.170e+01 3.430e-01 0.000e+00
1.180e+01 3.553e-01 0.000e+00
1.190e+01 3.426e-01 0.000e+00
1.200e+01 3.206e-01 0.000e+00
1.210e+01 3.212e-01 0.000e+00
1.220e+01 3.289e-01 0.000e+00
1.230e+01 3.227e-01 0.000e+00
1.240e+01 3.058e-01 0.000e+00
1.250e+01 2.914e-01 0.000e+00
1.260e+01 2.847e-01 0.000e+00
1.270e+01 2.817e-01 0.000e+00
1.280e+01 2.964e-01 0.000e+00
1.290e+01 3.094e-01 0.000e+00
1.300e+01 2.978e-01 0.000e+00
1.310e+01 2.854e-01 0.000e+00
1.320e+01 2.786e-01 0.000e+00
1.330e+01 2.794e-01 0.000e+00
1.340e+01 3.021e-01 0.000e+00
1.350e+01 3.172e-01 0.000e+00
1.360e+01 3.013e-01 0.000e+00
1.370e+01 2.958e-01 0.000e+00
1.380e+01 3.004e-01 0.000e+00
1.390e+01 2.738e-01 0.000e+00
1.400e+01 2.933e-01 0.000e+00
1.410e+01 2.827e-01 0.000e+00
1.420e+01 2.962e-01 0.000e+00
1.430e+01 2.936e-01 0.000e+00
1.440e+01 2.986e-01 0.000e+00
1.450e+01 2.962e-01 0.000e+00
1.460e+01 2.613e-01 0.000e+00
1.470e+01 2.623e-01 0.000e+00
1.480e+01 2.629e-01 0.000e+00
1.490e+01 2.910e-01 0.000e+00
1.500e+01 2.831e-01 0.000e+00
1.510e+01 2.804e-01 0.000e+00
1.520e+01 2.752e-01 0.000e+00
1.530e+01 2.738e-01 0.000e+00
1.540e+01 2.754e-01 0.000e+00
1.550e+01 2.650e-01 0.000e+00
1.560e+01 2.706e-01 0.000e+00
1.570e+01 2.939e-01 0.000e+00
1.580e+01 2.712e-01 0.000e+00
1.590e+01 2.703e-01 0.000e+00
1.600e+01 2.503e-01 0.000e+00
1.610e+01 2.552e-01 0.000e+00
1.620e+01 2.387e-01 0.000e+00
1.630e+01 2.408e-01 0.000e+00
1.640e+01 2.489e-01 0.000e+00
1.650e+01 2.548e-01 0.000e+00
1.660e+01 2.430e-01 0.000e+00
1.670e+01 2.435e-01 0.000e+00
1.680e+01 2.297e-01 0.000e+00
1.690e+01 2.460e-01 0.000e+00
1.700e+01 2.368e-01 0.000e+00
1.710e+01 2.337e-01 0.000e+00
1.720e+01 2.358e-01 0.000e+00
1.730e+01 2.270e-01 0.000e+00
1.740e+01 2.309e-01 0.000e+00
1.750e+01 2.184e-01 0.000e+00
1.760e+01 1.952e-01 0.000e+00
1.770e+01 2.072e-01 0.000e+00
1.780e+01 2.150e-01 0.000e+00
1.790e+01 2.190e-01 0.000e+00
1.800e+01 2.288e-01 0.000e+00
1.810e+01 2.245e-01 0.000e+00
1.820e+01 2.135e-01 0.000e+00
1.830e+01 2.073e-01 0.000e+00
1.840e+01 2.148e-01 0.000e+00
1.850e+01 2.127e-01 0.000e+00
1.860e+01 2.257e-01 0.000e+00
1.870e+01 2.214e-01 0.000e+00
1.880e+01 2.048e-01 0.000e+00
1.890e+01 1.978e-01 0.000e+00
1.900e+01 2.078e-01 0.000e+00
1.910e+01 2.118e-01 0.000e+00
1.920e+01 1.966e-01 0.000e+00
1.930e+01 1.987e-01 0.000e+00
1.940e+01 1.872e-01 0.000e+00
1.950e+01 1.875e-01 0.000e+00
1.960e+01 1.903e-01 0.000e+00
1.970e+01 1.905e-01 0.000e+00
1.980e+01 1.776e-01 0.000e+00
1.990e+01 1.894e-01 0.000e+00
2.000e+01 1.859e-01 0.000e+00
2.010e+01 1.926e-01 0.000e+00
2.020e+01 1.946e-01 0.000e+00
2.030e+01 1.920e-01 0.000e+00
2.040e+01 1.950e-01 0.000e+00
2.050e+01 1.808e-01 0.000e+00
2.060e+01 1.701e-01 0.000e+00
2.070e+01 1.906e-01 0.000e+00
2.080e+01 1.668e-01 0.000e+00
2.090e+01 1.810e-01 0.000e+00
2.100e+01 1.815e-01 0.000e+00
2.110e+01 1.848e-01 0.000e+00
2.120e+01 1.814e-01 0.000e+00
2.130e+01 1.713e-01 0.000e+00
2.140e+01 1.683e-01 0.000e+00
2.150e+01 1.723e-01 0.000e+00
2.160e+01 1.755e-01 0.000e+00
2.170e+01 1.664e-01 0.000e+00
2.180e+01 1.808e-01 0.000e+00
2.190e+01 1.662e-01 0.000e+00
2.200e+01 1.675e-01 0.000e+00
2.210e+01 1.566e-01 0.000e+00
2.220e+01 1.730e-01 0.000e+00
2.230e+01 1.733e-01 0.000e+00
2.240e+01 1.674e-01 0.000e+00
2.250e+01 1.647e-01 0.000e+00
2.260e+01 1.710e-01 0.000e+00
2.270e+01 1.742e-01 0.000e+00
2.280e+01 1.634e-01 0.000e+00
2.290e+01 1.599e-01 0.000e+00
2.300e+01 1.674e-01 0.000e+00
2.310e+01 1.671e-01 0.000e+00
2.320e+01 1.550e-01 0.000e+00
2.330e+01 1.613e-01 0.000e+00
2.340e+01 1.586e-01 0.000e+00
2.350e+01 1.537e-01 0.000e+00
2.360e+01 1.562e-01 0.000e+00
2.370e+01 1.538e-01 0.000e+00
2.380e+01 1.590e-01 0.000e+00
2.390e+01 1.550e-01 0.000e+00
2.400e+01 1.628e-01 0.000e+00
2.410e+01 1.604e-01 0.000e+00
2.420e+01 1.585e-01 0.000e+00
2.430e+01 1.702e-01 0.000e+00
2.440e+01 1.700e-01 0.000e+00
2.450e+01 1.741e-01 0.000e+00
2.460e+01 1.621e-01 0.000e+00
2.470e+01 1.430e-01 0.000e+00
2.480e+01 1.545e-01 0.000e+00
2.490e+01 1.702e-01 0.000e+00
2.500e+01 1.647e-01 0.000e+00
2.510e+01 1.813e-01 0.000e+00
2.520e+01 1.737e-01 0.000e+00
2.530e+01 1.730e-01 0.000e+00
2.540e+01 1.787e-01 0.000e+00
2.550e+01 1.756e-01 0.000e+00
2.560e+01 1.713e-01 0.000e+00
2.570e+01 1.783e-01 0.000e+00
2.580e+01 1.929e-01 0.000e+00
2.590e+01 1.968e-01 0.000e+00
2.600e+01 1.983e-01 0.000e+00
2.610e+01 1.925e-01 0.000e+00
2.620e+01 1.840e-01 0.000e+00
2.630e+01 1.885e-01 0.000e+00
2.640e+01 2.035e-01 0.000e+00
2.650e+01 1.876e-01 0.000e+00
2.660e+01 1.986e-01 0.000e+00
2.670e+01 1.857e-01 0.000e+00
2.680e+01 1.958e-01 0.000e+00
2.690e+01 1.929e-01 0.000e+00
2.700e+01 1.977e-01 0.000e+00
2.710e+01 1.827e-01 0.000e+00
2.720e+01 1.744e-01 0.000e+00
2.730e+01 1.845e-01 0.000e+00
2.740e+01 2.052e-01 0.000e+00
2.750e+01 1.984e-01 0.000e+00
2.760e+01 1.975e-01 0.000e+00
2.770e+01 1.920e-01 0.000e+00
2.780e+01 1.819e-01 0.000e+00
2.790e+01 1.718e-01 0.000e+00
2.800e+01 1.595e-01 0.000e+00
2.810e+01 1.743e-01 0.000e+00
2.820e+01 1.939e-01 0.000e+00
2.830e+01 1.965e-01 0.000e+00
2.840e+01 1.802e-01 0.000e+00
2.850e+01 1.899e-01 0.000e+00
2.860e+01 1.809e-01 0.000e+00
2.870e+01 1.787e-01 0.000e+00
2.880e+01 1.590e-01 0.000e+00
2.890e+01 1.590e-01 0.000e+00
2.900e+01 1.739e-01 0.000e+00
2.910e+01 1.792e-01 0.000e+00
2.920e+01 1.781e-01 0.000e+00
2.930e+01 1.753e-01 0.000e+00
2.940e+01 1.749e-01 0.000e+00
2.950e+01 1.749e-01 0.000e+00
2.960e+01 1.735e-01 0.000e+00
2.970e+01 1.764e-01 0.000e+00
2.980e+01 1.610e-01 0.000e+00
2.990e+01 1.695e-01 0.000e+00
3.000e+01 1.720e-01 0.000e+00
3.010e+01 1.657e-01 0.000e+00
3.020e+01 1.559e-01 0.000e+00
3.030e+01 1.519e-01 0.000e+00
3.040e+01 1.612e-01 0.000e+00
3.050e+01 1.621e-01 0.000e+00
3.060e+01 1.675e-01 0.000e+00
3.070e+01 1.663e-01 0.000e+00
3.080e+01 1.488e-01 0.000e+00
3.090e+01 1.521e-01 0.000e+00
3.100e+01 1.463e-01 0.000e+00
3.110e+01 1.538e-01 0.000e+00
3.120e+01 1.325e-01 0.000e+00
3.130e+01 1.352e-01 0.000e+00
3.140e+01 1.418e-01 0.000e+00
3.150e+01 1.452e-01 0.000e+00
3.160e+01 1.344e-01 0.000e+00
3.170e+01 1.356e-01 0.000e+00
3.180e+01 1.364e-01 0.000e+00
3.190e+01 1.303e-01 0.000e+00
3.200e+01 1.278e-01 0.000e+00
3.210e+01 1.215e-01 0.000e+00
3.220e+01 1.222e-01 0.000e+00
3.230e+01 1.271e-01 0.000e+00
3.240e+01 1.324e-01 0.000e+00
3.250e+01 1.345e-01 0.000e+00
3.260e+01 1.428e-01 0.000e+00
3.270e+01 1.508e-01 0.000e+00
3.280e+01 1.366e-01 0.000e+00
3.290e+01 1.376e-01 0.000e+00
3.300e+01 1.386e-01 0.000e+00
3.310e+01 1.193e-01 0.000e+00
3.320e+01 1.195e-01 0.000e+00
3.330e+01 1.232e-01 0.000e+00
3.340e+01 1.282e-01 0.000e+00
3.350e+01 1.280e-01 0.000e+00
3.360e+01 1.197e-01 0.000e+00
3.370e+01 1.229e-01 0.000e+00
3.380e+01 1.179e-01 0.000e+00
3.390e+01 1.180e-01 0.000e+00
3.400e+01 1.183e-01 0.000e+00
3.410e+01 1.187e-01 0.000e+00
3.420e+01 1.342e-01 0.000e+00
3.430e+01 1.334e-01 0.000e+00
3.440e+01 1.390e-01 0.000e+00
3.450e+01 1.338e-01 0.000e+00
3.460e+01 1.311e-01 0.000e+00
3.470e+01 1.331e-01 0.000e+00
3.480e+01 1.279e-01 0.000e+00
3.490e+01 1.294e-01 0.000e+00
3.500e+01 1.267e-01 0.000e+00
3.510e+01 1.408e-01 0.000e+00
3.520e+01 1.336e-01 0.000e+00
3.530e+01 1.335e-01 0.000e+00
3.540e+01 1.295e-01 0.000e+00
3.550e+01 1.318e-01 0.000e+00
3.560e+01 1.305e-01 0.000e+00
3.570e+01 1.413e-01 0.000e+00
3.580e+01 1.437e-01 0.000e+00
3.590e+01 1.349e-01 0.000e+00
3.600e+01 1.417e-01 0.000e+00
3.610e+01 1.443e-01 0.000e+00
3.620e+01 1.398e-01 0.000e+00
3.630e+01 1.449e-01 0.000e+00
3.640e+01 1.604e-01 0.000e+00
3.650e+01 1.495e-01 0.000e+00
3.660e+01 1.395e-01 0.000e+00
3.670e+01 1.520e-01 0.000e+00
3.680e+01 1.346e-01 0.000e+00
3.690e+01 1.307e-01 0.000e+00
3.700e+01 1.264e-01 0.000e+00
3.710e+01 1.290e-01 0.000e+00
3.720e+01 1.319e-01 0.000e+00
3.730e+01 1.312e-01 0.000e+00
3.740e+01 1.296e-01 0.000e+00
3.750e+01 1.302e-01 0.000e+00
3.760e+01 1.289e-01 0.000e+00
3.770e+01 1.235e-01 0.000e+00
3.780e+01 1.236e-01 0.000e+00
3.790e+01 1.228e-01 0.000e+00
3.800e+01 1.181e-01 0.000e+00
3.810e+01 1.166e-01 0.000e+00
3.820e+01 1.200e-01 0.000e+00
3.830e+01 1.246e-01 0.000e+00
3.840e+01 1.261e-01 0.000e+00
3.850e+01 1.345e-01 0.000e+00
3.860e+01 1.398e-01 0.000e+00
3.870e+01 1.383e-01 0.000e+00
3.880e+01 1.192e-01 0.000e+00
3.890e+01 1.196e-01 0.000e+00
3.900e+01 1.402e-01 0.000e+00
3.910e+01 1.362e-01 0.000e+00
3.920e+01 1.334e-01 0.000e+00
3.930e+01 1.344e-01 0.000e+00
3.940e+01 1.115e-01 0.000e+00
3.950e+01 1.279e-01 0.000e+00
3.960e+01 1.276e-01 0.000e+00
3.970e+01 1.398e-01 0.000e+00
3.980e+01 1.317e-01 0.000e+00
3.990e+01 1.148e-01 0.000e+00
4.000e+01 1.087e-01 0.000e+00
4.010e+01 1.137e-01 0.000e+00
4.020e+01 1.078e-01 0.000e+00
4.030e+01 1.120e-01 0.000e+00
4.040e+01 1.055e-01 0.000e+00
4.050e+01 1.167e-01 0.000e+00
4.060e+01 1.150e-01 0.000e+00
4.070e+01 1.128e-01 0.000e+00
4.080e+01 1.101e-01 0.000e+00
4.090e+01 1.094e-01 0.000e+00
4.100e+01 9.660e-02 0.000e+00
4.110e+01 1.112e-01 0.000e+00
4.120e+01 1.089e-01 0.000e+00
4.130e+01 1.092e-01 0.000e+00
4.140e+01 9.772e-02 0.000e+00
4.150e+01 1.004e-01 0.000e+00
4.160e+01 1.154e-01 0.000e+00
4.170e+01 1.143e-01 0.000e+00
4.180e+01 1.258e-01 0.000e+00
4.190e+01 9.386e-02 0.000e+00
4.200e+01 9.269e-02 0.000e+00
4.210e+01 9.468e-02 0.000e+00
4.220e+01 1.203e-01 0.000e+00
4.230e+01 1.154e-01 0.000e+00
4.240e+01 1.235e-01 0.000e+00
4.250e+01 1.264e-01 0.000e+00
4.260e+01 1.346e-01 0.000e+00
4.270e+01 1.385e-01 0.000e+00
4.280e+01 1.312e-01 0.000e+00
4.290e+01 1.209e-01 0.000e+00
4.300e+01 1.178e-01 0.000e+00
4.310e+01 1.250e-01 0.000e+00
4.320e+01 1.319e-01 0.000e+00
4.330e+01 1.284e-01 0.000e+00
4.340e+01 1.232e-01 0.000e+00
4.350e+01 1.181e-01 0.000e+00
4.360e+01 1.239e-01 0.000e+00
4.370e+01 1.182e-01 0.000e+00
4.380e+01 1.257e-01 0.000e+00
4.390e+01 1.227e-01 0.000e+00
4.400e+01 1.251e-01 0.000e+00
4.410e+01 1.239e-01 0.000e+00
4.420e+01 1.335e-01 0.000e+00
4.430e+01 1.306e-01 0.000e+00
4.440e+01 1.301e-01 0.000e+00
4.450e+01 1.345e-01 0.000e+00
4.460e+01 1.311e-01 0.000e+00
4.470e+01 1.282e-01 0.000e+00
4.480e+01 1.184e-01 0.000e+00
4.490e+01 1.200e-01 0.000e+00
4.500e+01 1.028e-01 0.000e+00
4.510e+01 1.069e-01 0.000e+00
4.520e+01 1.082e-01 0.000e+00
4.530e+01 1.027e-01 0.000e+00
4.540e+01 1.057e-01 0.000e+00
4.550e+01 9.747e-02 0.000e+00
4.560e+01 9.757e-02 0.000e+00
4.570e+01 9.935e-02 0.000e+00
4.580e+01 9.841e-02 0.000e+00
4.590e+01 1.026e-01 0.000e+00
4.600e+01 9.910e-02 0.000e+00
4.610e+01 1.074e-01 0.000e+00
4.620e+01 1.038e-01 0.000e+00
4.630e+01 1.067e-01 0.000e+00
4.640e+01 1.157e-01 0.000e+00
4.650e+01 9.825e-02 0.000e+00
4.660e+01 9.876e-02 0.000e+00
4.670e+01 9.932e-02 0.000e+00
4.680e+01 9.107e-02 0.000e+00
4.690e+01 9.772e-02 0.000e+00
4.700e+01 9.147e-02 0.000e+00
4.710e+01 9.948e-02 0.000e+00
4.720e+01 9.347e-02 0.000e+00
4.730e+01 1.003e-01 0.000e+00
4.740e+01 1.017e-01 0.000e+00
4.750e+01 1.069e-01 0.000e+00
4.760e+01 9.938e-02 0.000e+00
4.770e+01 9.468e-02 0.000e+00
4.780e+01 8.588e-02 0.000e+00
4.790e+01 8.878e-02 0.000e+00
4.800e+01 8.589e-02 0.000e+00
4.810e+01 9.122e-02 0.000e+00
4.820e+01 8.997e-02 0.000e+00
4.830e+01 8.983e-02 0.000e+00
4.840e+01 9.645e-02 0.000e+00
4.850e+01 9.556e-02 0.000e+00
4.860e+01 1.029e-01 0.000e+00
4.870e+01 9.395e-02 0.000e+00
4.880e+01 9.108e-02 0.000e+00
4.890e+01 9.093e-02 0.000e+00
4.900e+01 9.637e-02 0.000e+00
4.910e+01 1.006e-01 0.000e+00
4.920e+01 9.292e-02 0.000e+00
4.930e+01 9.081e-02 0.000e+00
4.940e+01 8.630e-02 0.000e+00
4.950e+01 8.878e-02 0.000e+00
4.960e+01 9.167e-02 0.000e+00
4.970e+01 8.973e-02 0.000e+00
4.980e+01 8.147e-02 0.000e+00
4.990e+01 7.558e-02 0.000e+00
5.000e+01 7.896e-02 0.000e+00
5.010e+01 8.407e-02 0.000e+00
5.020e+01 8.498e-02 0.000e+00
5.030e+01 8.312e-02 0.000e+00
5.040e+01 8.911e-02 0.000e+00
5.050e+01 8.639e-02 0.000e+00
5.060e+01 7.346e-02 0.000e+00
5.070e+01 7.735e-02 0.000e+00
5.080e+01 7.159e-02 0.000e+00
5.090e+01 7.188e-02 0.000e+00
5.100e+01 7.373e-02 0.000e+00
5.110e+01 7.619e-02 0.000e+00
5.120e+01 8.038e-02 0.000e+00
5.130e+01 7.935e-02 0.000e+00
5.140e+01 7.602e-02 0.000e+00
5.150e+01 6.645e-02 0.000e+00
5.160e+01 7.444e-02 0.000e+00
5.170e+01 7.848e-02 0.000e+00
5.180e+01 8.194e-02 0.000e+00
5.190e+01 6.990e-02 0.000e+00
5.200e+01 7.172e-02 0.000e+00
5.210e+01 6.590e-02 0.000e+00
5.220e+01 7.254e-02 0.000e+00
5.230e+01 7.294e-02 0.000e+00
5.240e+01 7.294e-02 0.000e+00
5.250e+01 8.499e-02 0.000e+00
5.260e+01 8.882e-02 0.000e+00
5.270e+01 8.872e-02 0.000e+00
5.280e+01 8.225e-02 0.000e+00
5.290e+01 8.320e-02 0.000e+00
5.300e+01 8.915e-02 0.000e+00
5.310e+01 8.624e-02 0.000e+00
5.320e+01 9.006e-02 0.000e+00
5.330e+01 8.880e-02 0.000e+00
5.340e+01 8.697e-02 0.000e+00
5.350e+01 7.364e-02 0.000e+00
5.360e+01 7.668e-02 0.000e+00
5.370e+01 7.950e-02 0.000e+00
5.380e+01 7.726e-02 0.000e+00
5.390e+01 7.657e-02 0.000e+00
5.400e+01 7.947e-02 0.000e+00
5.410e+01 7.659e-02 0.000e+00
5.420e+01 7.882e-02 0.000e+00
5.430e+01 7.744e-02 0.000e+00
5.440e+01 8.078e-02 0.000e+00
5.450e+01 8.799e-02 0.000e+00
5.460e+01 8.778e-02 0.000e+00
5.470e+01 8.515e-02 0.000e+00
5.480e+01 7.822e-02 0.000e+00
5.490e+01 7.988e-02 0.000e+00
5.500e+01 7.627e-02 0.000e+00
5.510e+01 8.192e-02 0.000e+00
5.520e+01 8.113e-02 0.000e+00
5.530e+01 8.359e-02 0.000e+00
5.540e+01 8.015e-02 0.000e+00
5.550e+01 8.276e-02 0.000e+00
5.560e+01 7.270e-02 0.000e+00
5.570e+01 7.834e-02 0.000e+00
5.580e+01 8.958e-02 0.000e+00
5.590e+01 8.769e-02 0.000e+00
5.600e+01 7.946e-02 0.000e+00
5.610e+01 8.252e-02 0.000e+00
5.620e+01 7.667e-02 0.000e+00
5.630e+01 8.037e-02 0.000e+00
5.640e+01 7.818e-02 0.000e+00
5.650e+01 8.103e-02 0.000e+00
5.660e+01 7.485e-02 0.000e+00
5.670e+01 7.575e-02 0.000e+00
5.680e+01 7.375e-02 0.000e+00
5.690e+01 7.214e-02 0.000e+00
5.700e+01 6.669e-02 0.000e+00
5.710e+01 6.917e-02 0.000e+00
5.720e+01 6.553e-02 0.000e+00
5.730e+01 7.197e-02 0.000e+00
5.740e+01 7.763e-02 0.000e+00
5.750e+01 8.547e-02 0.000e+00
5.760e+01 7.966e-02 0.000e+00
5.770e+01 8.418e-02 0.000e+00
5.780e+01 7.746e-02 0.000e+00
5.790e+01 7.349e-02 0.000e+00
5.800e+01 7.145e-02 0.000e+00
5.810e+01 7.488e-02 0.000e+00
5.820e+01 7.605e-02 0.000e+00
5.830e+01 6.935e-02 0.000e+00
5.840e+01 7.849e-02 0.000e+00
5.850e+01 6.954e-02 0.000e+00
5.860e+01 7.101e-02 0.000e+00
5.870e+01 6.812e-02 0.000e+00
5.880e+01 6.993e-02 0.000e+00
5.890e+01 8.486e-02 0.000e+00
5.900e+01 8.325e-02 0.000e+00
5.910e+01 9.539e-02 0.000e+00
5.920e+01 8.625e-02 0.000e+00
5.930e+01 8.900e-02 0.000e+00
5.940e+01 8.297e-02 0.000e+00
5.950e+01 7.579e-02 0.000e+00
5.960e+01 8.359e-02 0.000e+00
5.970e+01 8.220e-02 0.000e+00
5.980e+01 7.666e-02 0.000e+00
5.990e+01 8.170e-02 0.000e+00
6.000e+01 8.942e-02 0.000e+00
6.010e+01 8.141e-02 0.000e+00
6.020e+01 9.136e-02 0.000e+00
6.030e+01 8.218e-02 0.000e+00
6.040e+01 8.419e-02 0.000e+00
6.050e+01 7.314e-02 0.000e+00
6.060e+01 7.376e-02 0.000e+00
6.070e+01 8.541e-02 0.000e+00
6.080e+01 7.524e-02 0.000e+00
6.090e+01 7.743e-02 0.000e+00
6.100e+01 7.750e-02 0.000e+00
6.110e+01 7.265e-02 0.000e+00
6.120e+01 7.777e-02 0.000e+00
6.130e+01 7.521e-02 0.000e+00
6.140e+01 7.623e-02 0.000e+00
6.150e+01 6.145e-02 0.000e+00
6.160e+01 7.410e-02 0.000e+00
6.170e+01 7.205e-02 0.000e+00
6.180e+01 7.194e-02 0.000e+00
6.190e+01 5.904e-02 0.000e+00
6.200e+01 6.601e-02 0.000e+00
6.210e+01 7.351e-02 0.000e+00
6.220e+01 6.928e-02 0.000e+00
6.230e+01 7.496e-02 0.000e+00
6.240e+01 6.726e-02 0.000e+00
6.250e+01 7.302e-02 0.000e+00
6.260e+01 7.550e-02 0.000e+00
6.270e+01 7.828e-02 0.000e+00
6.280e+01 6.290e-02 0.000e+00
6.290e+01 6.876e-02 0.000e+00
6.300e+01 6.324e-02 0.000e+00
6.310e+01 6.117e-02 0.000e+00
6.320e+01 5.928e-02 0.000e+00
6.330e+01 6.539e-02 0.000e+00
6.340e+01 6.164e-02 0.000e+00
6.350e+01 5.273e-02 0.000e+00
6.360e+01 5.975e-02 0.000e+00
6.370e+01 6.586e-02 0.000e+00
6.380e+01 6.141e-02 0.000e+00
6.390e+01 5.758e-02 0.000e+00
6.400e+01 5.492e-02 0.000e+00
6.410e+01 5.424e-02 0.000e+00
6.420e+01 5.430e-02 0.000e+00
6.430e+01 5.242e-02 0.000e+00
6.440e+01 5.246e-02 0.000e+00
6.450e+01 4.843e-02 0.000e+00
6.460e+01 5.578e-02 0.000e+00
6.470e+01 5.100e-02 0.000e+00
6.480e+01 5.144e-02 0.000e+00
6.490e+01 4.628e-02 0.000e+00
6.500e+01 4.690e-02 0.000e+00
6.510e+01 5.363e-02 0.000e+00
6.520e+01 5.578e-02 0.000e+00
6.530e+01 5.932e-02 0.000e+00
6.540e+01 6.026e-02 0.000e+00
6.550e+01 6.576e-02 0.000e+00
6.560e+01 5.818e-02 0.000e+00
6.570e+01 6.649e-02 0.000e+00
6.580e+01 7.314e-02 0.000e+00
6.590e+01 6.116e-02 0.000e+00
6.600e+01 6.061e-02 0.000e+00
6.610e+01 7.279e-02 0.000e+00
6.620e+01 7.084e-02 0.000e+00
6.630e+01 7.284e-02 0.000e+00
6.640e+01 6.235e-02 0.000e+00
6.650e+01 5.493e-02 0.000e+00
6.660e+01 4.759e-02 0.000e+00
6.670e+01 5.832e-02 0.000e+00
6.680e+01 5.739e-02 0.000e+00
6.690e+01 5.605e-02 0.000e+00
6.700e+01 5.484e-02 0.000e+00
6.710e+01 6.072e-02 0.000e+00
6.720e+01 5.563e-02 0.000e+00
6.730e+01 5.316e-02 0.000e+00
6.740e+01 5.094e-02 0.000e+00
6.750e+01 4.987e-02 0.000e+00
6.760e+01 3.765e-02 0.000e+00
6.770e+01 4.167e-02 0.000e+00
6.780e+01 4.022e-02 0.000e+00
6.790e+01 4.053e-02 0.000e+00
6.800e+01 3.933e-02 0.000e+00
6.810e+01 3.955e-02 0.000e+00
6.820e+01 4.944e-02 0.000e+00
6.830e+01 4.897e-02 0.000e+00
6.840e+01 4.922e-02 0.000e+00
6.850e+01 4.078e-02 0.000e+00
6.860e+01 3.685e-02 0.000e+00
6.870e+01 3.964e-02 0.000e+00
6.880e+01 3.997e-02 0.000e+00
6.890e+01 5.460e-02 0.000e+00
6.900e+01 5.075e-02 0.000e+00
6.910e+01 5.113e-02 0.000e+00
6.920e+01 4.351e-02 0.000e+00
6.930e+01 4.832e-02 0.000e+00
6.940e+01 4.280e-02 0.000e+00
6.950e+01 4.191e-02 0.000e+00
6.960e+01 4.136e-02 0.000e+00
6.970e+01 4.230e-02 0.000e+00
6.980e+01 3.680e-02 0.000e+00
6.990e+01 4.880e-02 0.000e+00
7.000e+01 4.805e-02 0.000e+00
7.010e+01 4.554e-02 0.000e+00
7.020e+01 3.741e-02 0.000e+00
7.030e+01 3.732e-02 0.000e+00
7.040e+01 2.909e-02 0.000e+00
7.050e+01 2.321e-02 0.000e+00
7.060e+01 2.364e-02 0.000e+00
7.070e+01 2.257e-02 0.000e+00
7.080e+01 1.793e-02 0.000e+00
7.090e+01 1.537e-02 0.000e+00
7.100e+01 2.377e-02 0.000e+00
7.110e+01 2.897e-02 0.000e+00
7.120e+01 3.416e-02 0.000e+00
7.130e+01 3.956e-02 0.000e+00
7.140e+01 3.965e-02 0.000e+00
7.150e+01 3.441e-02 0.000e+00
7.160e+01 4.047e-02 0.000e+00
7.170e+01 5.333e-02 0.000e+00
7.180e+01 4.151e-02 0.000e+00
7.190e+01 2.652e-02 0.000e+00
7.200e+01 2.928e-02 0.000e+00
7.210e+01 3.488e-02 0.000e+00
7.220e+01 3.325e-02 0.000e+00
7.230e+01 3.199e-02 0.000e+00
7.240e+01 3.012e-02 0.000e+00
7.250e+01 2.291e-02 0.000e+00
7.260e+01 2.578e-02 0.000e+00
7.270e+01 3.447e-02 0.000e+00
7.280e+01 3.388e-02 0.000e+00
7.290e+01 4.214e-02 0.000e+00
7.300e+01 3.759e-02 0.000e+00
7.310e+01 3.097e-02 0.000e+00
7.320e+01 2.985e-02 0.000e+00
7.330e+01 3.583e-02 0.000e+00
7.340e+01 4.041e-02 0.000e+00
7.350e+01 3.777e-02 0.000e+00
7.360e+01 3.387e-02 0.000e+00
7.370e+01 3.698e-02 0.000e+00
7.380e+01 3.626e-02 0.000e+00
7.390e+01 3.609e-02 0.000e+00
7.400e+01 3.359e-02 0.000e+00
7.410e+01 3.753e-02 0.000e+00
7.420e+01 3.964e-02 0.000e+00
7.430e+01 3.949e-02 0.000e+00
7.440e+01 4.253e-02 0.000e+00
7.450e+01 4.879e-02 0.000e+00
7.460e+01 4.468e-02 0.000e+00
7.470e+01 4.118e-02 0.000e+00
7.480e+01 4.128e-02 0.000e+00
7.490e+01 3.446e-02 0.000e+00
7.500e+01 3.701e-02 0.000e+00
7.510e+01 4.219e-02 0.000e+00
7.520e+01 4.111e-02 0.000e+00
7.530e+01 3.799e-02 0.000e+00
7.540e+01 2.889e-02 0.000e+00
7.550e+01 2.545e-02 0.000e+00
7.560e+01 3.844e-02 0.000e+00
7.570e+01 3.468e-02 0.000e+00
7.580e+01 2.952e-02 0.000e+00
7.590e+01 2.763e-02 0.000e+00
7.600e+01 3.148e-02 0.000e+00
7.610e+01 3.980e-02 0.000e+00
7.620e+01 3.936e-02 0.000e+00
7.630e+01 4.353e-02 0.000e+00
7.640e+01 3.935e-02 0.000e+00
7.650e+01 3.229e-02 0.000e+00
7.660e+01 3.111e-02 0.000e+00
7.670e+01 2.641e-02 0.000e+00
7.680e+01 2.592e-02 0.000e+00
7.690e+01 2.407e-02 0.000e+00
7.700e+01 2.537e-02 0.000e+00
7.710e+01 2.416e-02 0.000e+00
7.720e+01 2.494e-02 0.000e+00
7.730e+01 2.682e-02 0.000e+00
7.740e+01 3.328e-02 0.000e+00
7.750e+01 2.880e-02 0.000e+00
7.760e+01 2.095e-02 0.000e+00
7.770e+01 2.767e-02 0.000e+00
7.780e+01 2.475e-02 0.000e+00
7.790e+01 2.475e-02 0.000e+00
7.800e+01 2.680e-02 0.000e+00
7.810e+01 2.750e-02 0.000e+00
7.820e+01 2.944e-02 0.000e+00
7.830e+01 2.587e-02 0.000e+00
7.840e+01 2.645e-02 0.000e+00
7.850e+01 2.718e-02 0.000e+00
7.860e+01 2.242e-02 0.000e+00
7.870e+01 2.342e-02 0.000e+00
7.880e+01 2.088e-02 0.000e+00
7.890e+01 2.469e-02 0.000e+00
7.900e+01 2.500e-02 0.000e+00
7.910e+01 2.903e-02 0.000e+00
7.920e+01 2.626e-02 0.000e+00
7.930e+01 2.766e-02 0.000e+00
7.940e+01 2.682e-02 0.000e+00
7.950e+01 2.774e-02 0.000e+00
7.960e+01 2.860e-02 0.000e+00
7.970e+01 2.550e-02 0.000e+00
7.980e+01 2.520e-02 0.000e+00
7.990e+01 2.426e-02 0.000e+00
8.000e+01 2.610e-02 0.000e+00
8.010e+01 2.834e-02 0.000e+00
8.020e+01 2.837e-02 0.000e+00
8.030e+01 2.430e-02 0.000e+00
8.040e+01 2.445e-02 0.000e+00
8.050e+01 2.667e-02 0.000e+00
8.060e+01 2.264e-02 0.000e+00
8.070e+01 2.183e-02 0.000e+00
8.080e+01 1.426e-02 0.000e+00
8.090e+01 1.138e-02 0.000e+00
8.100e+01 1.539e-02 0.000e+00
8.110e+01 2.253e-02 0.000e+00
8.120e+01 2.403e-02 0.000e+00
8.130e+01 2.789e-02 0.000e+00
8.140e+01 2.725e-02 0.000e+00
8.150e+01 2.665e-02 0.000e+00
8.160e+01 2.959e-02 0.000e+00
8.170e+01 2.632e-02 0.000e+00
8.180e+01 2.644e-02 0.000e+00
8.190e+01 2.065e-02 0.000e+00
8.200e+01 2.123e-02 0.000e+00
8.210e+01 1.695e-02 0.000e+00
8.220e+01 1.890e-02 0.000e+00
8.230e+01 1.669e-02 0.000e+00
8.240e+01 1.679e-02 0.000e+00
8.250e+01 1.457e-02 0.000e+00
8.260e+01 1.520e-02 0.000e+00
8.270e+01 2.436e-02 0.000e+00
8.280e+01 1.942e-02 0.000e+00
8.290e+01 1.523e-02 0.000e+00
8.300e+01 1.691e-02 0.000e+00
8.310e+01 1.747e-02 0.000e+00
8.320e+01 1.560e-02 0.000e+00
8.330e+01 9.142e-03 0.000e+00
8.340e+01 1.521e-02 0.000e+00
8.350e+01 1.743e-02 0.000e+00
8.360e+01 1.747e-02 0.000e+00
8.370e+01 1.971e-02 0.000e+00
8.380e+01 1.852e-02 0.000e+00
8.390e+01 1.922e-02 0.000e+00
8.400e+01 1.850e-02 0.000e+00
8.410e+01 2.091e-02 0.000e+00
8.420e+01 1.736e-02 0.000e+00
8.430e+01 1.958e-02 0.000e+00
8.440e+01 2.109e-02 0.000e+00
8.450e+01 2.736e-02 0.000e+00
8.460e+01 2.272e-02 0.000e+00
8.470e+01 1.947e-02 0.000e+00
8.480e+01 1.979e-02 0.000e+00
8.490e+01 1.946e-02 0.000e+00
8.500e+01 1.919e-02 0.000e+00
8.510e+01 2.319e-02 0.000e+00
8.520e+01 2.471e-02 0.000e+00
8.530e+01 2.205e-02 0.000e+00
8.540e+01 1.149e-02 0.000e+00
8.550e+01 1.469e-02 0.000e+00
8.560e+01 1.842e-02 0.000e+00
8.570e+01 1.861e-02 0.000e+00
8.580e+01 1.710e-02 0.000e+00
8.590e+01 1.805e-02 0.000e+00
8.600e+01 1.482e-02 0.000e+00
8.610e+01 1.600e-02 0.000e+00
8.620e+01 1.611e-02 0.000e+00
8.630e+01 1.603e-02 0.000e+00
8.640e+01 1.843e-02 0.000e+00
8.650e+01 1.635e-02 0.000e+00
8.660e+01 1.365e-02 0.000e+00
8.670e+01 1.072e-02 0.000e+00
8.680e+01 1.291e-02 0.000e+00
8.690e+01 1.043e-02 0.000e+00
8.700e+01 8.241e-03 0.000e+00
8.710e+01 6.474e-03 0.000e+00
8.720e+01 6.834e-03 0.000e+00
8.730e+01 1.587e-02 0.000e+00
8.740e+01 2.033e-02 0.000e+00
8.750e+01 1.777e-02 0.000e+00
8.760e+01 1.505e-02 0.000e+00
8.770e+01 1.628e-02 0.000e+00
8.780e+01 1.514e-02 0.000e+00
8.790e+01 1.486e-02 0.000e+00
8.800e+01 1.309e-02 0.000e+00
8.810e+01 1.371e-02 0.000e+00
8.820e+01 1.614e-02 0.000e+00
8.830e+01 1.062e-02 0.000e+00
8.840e+01 1.270e-02 0.000e+00
8.850e+01 1.084e-02 0.000e+00
8.860e+01 9.632e-03 0.000e+00
8.870e+01 1.288e-02 0.000e+00
8.880e+01 1.258e-02 0.000e+00
8.890e+01 1.574e-02 0.000e+00
8.900e+01 1.747e-02 0.000e+00
8.910e+01 1.946e-02 0.000e+00
8.920e+01 2.096e-02 0.000e+00
8.930e+01 2.185e-02 0.000e+00
8.940e+01 1.724e-02 0.000e+00
8.950e+01 1.824e-02 0.000e+00
8.960e+01 2.193e-02 0.000e+00
8.970e+01 2.003e-02 0.000e+00
8.980e+01 2.071e-02 0.000e+00
8.990e+01 1.670e-02 0.000e+00
9.000e+01 1.782e-02 0.000e+00
9.010e+01 2.060e-02 0.000e+00
9.020e+01 2.059e-02 0.000e+00
9.030e+01 2.222e-02 0.000e+00
9.040e+01 1.656e-02 0.000e+00
9.050e+01 2.462e-02 0.000e+00
9.060e+01 1.807e-02 0.000e+00
9.070e+01 1.727e-02 0.000e+00
9.080e+01 8.457e-03 0.000e+00
9.090e+01 8.005e-03 0.000e+00
9.100e+01 6.584e-03 0.000e+00
9.110e+01 5.744e-03 0.000e+00
9.120e+01 7.327e-03 0.000e+00
9.130e+01 1.039e-02 0.000e+00
9.140e+01 7.374e-03 0.000e+00
9.150e+01 7.707e-03 0.000e+00
9.160e+01 5.753e-03 0.000e+00
9.170e+01 5.562e-03 0.000e+00
9.180e+01 1.470e-03 0.000e+00
9.190e+01 1.197e-03 0.000e+00
9.200e+01 9.894e-04 0.000e+00
9.210e+01 1.898e-03 0.000e+00
9.220e+01 3.963e-03 0.000e+00
9.230e+01 4.804e-03 0.000e+00
9.240e+01 8.194e-04 0.000e+00
9.250e+01 5.493e-03 0.000e+00
9.260e+01 1.000e-03 0.000e+00
9.270e+01 4.192e-03 0.000e+00
9.280e+01 5.623e-03 0.000e+00
9.290e+01 6.487e-03 0.000e+00
9.300e+01 8.015e-03 0.000e+00
9.310e+01 2.227e-03 0.000e+00
9.320e+01 5.185e-03 0.000e+00
9.330e+01 4.777e-03 0.000e+00
9.340e+01 8.962e-03 0.000e+00
9.350e+01 8.464e-03 0.000e+00
9.360e+01 7.368e-03 0.000e+00
9.370e+01 9.762e-03 0.000e+00
9.380e+01 1.080e-02 0.000e+00
9.390e+01 9.048e-03 0.000e+00
9.400e+01 8.601e-03 0.000e+00
9.410e+01 8.367e-03 0.000e+00
9.420e+01 4.843e-03 0.000e+00
9.430e+01 7.148e-03 0.000e+00
9.440e+01 8.394e-03 0.000e+00
9.450e+01 1.149e-02 0.000e+00
9.460e+01 7.051e-03 0.000e+00
9.470e+01 7.818e-03 0.000e+00
9.480e+01 7.206e-03 0.000e+00
9.490e+01 1.207e-02 0.000e+00
9.500e+01 1.034e-02 0.000e+00
9.510e+01 1.044e-02 0.000e+00
9.520e+01 8.744e-03 0.000e+00
9.530e+01 5.322e-03 0.000e+00
9.540e+01 1.769e-03 0.000e+00
9.550e+01 3.828e-03 0.000e+00
9.560e+01 8.563e-03 0.000e+00
9.570e+01 5.626e-03 0.000e+00
9.580e+01 2.786e-03 0.000e+00
9.590e+01 4.334e-03 0.000e+00
9.600e+01 3.619e-03 0.000e+00
9.610e+01 8.262e-03 0.000e+00
9.620e+01 1.017e-02 0.000e+00
9.630e+01 9.409e-03 0.000e+00
9.640e+01 1.128e-02 0.000e+00
9.650e+01 9.524e-03 0.000e+00
9.660e+01 9.802e-03 0.000e+00
9.670e+01 8.920e-03 0.000e+00
9.680e+01 1.228e-02 0.000e+00
9.690e+01 1.652e-02 0.000e+00
9.700e+01 9.850e-03 0.000e+00
9.710e+01 5.806e-03 0.000e+00
9.720e+01 1.235e-02 0.000e+00
9.730e+01 1.604e-02 0.000e+00
9.740e+01 2.043e-02 0.000e+00
9.750e+01 1.654e-02 0.000e+00
9.760e+01 1.565e-02 0.000e+00
9.770e+01 1.202e-02 0.000e+00
9.780e+01 1.147e-02 0.000e+00
9.790e+01 1.252e-02 0.000e+00
9.800e+01 1.473e-02 0.000e+00
9.810e+01 1.739e-02 0.000e+00
9.820e+01 2.185e-02 0.000e+00
9.830e+01 1.784e-02 0.000e+00
9.840e+01 1.829e-02 0.000e+00
9.850e+01 1.722e-02 0.000e+00
9.860e+01 1.368e-02 0.000e+00
9.870e+01 1.654e-02 0.000e+00
9.880e+01 1.801e-02 0.000e+00
9.890e+01 2.117e-02 0.000e+00
9.900e+01 2.244e-02 0.000e+00
9.910e+01 2.229e-02 0.000e+00
9.920e+01 2.559e-02 0.000e+00
9.930e+01 2.270e-02 0.000e+00
9.940e+01 2.121e-02 0.000e+00
9.950e+01 2.150e-02 0.000e+00
9.960e+01 2.017e-02 0.000e+00
9.970e+01 2.017e-02 0.000e+00
9.980e+01 1.941e-02 0.000e+00
9.990e+01 1.682e-02 0.000e+00
