# Frequency (1.0/ps)      real(fft(F_0))
0.000e+00 1.375e+02
1.000e-02 5.223e+01
2.000e-02 2.390e+01
3.000e-02 1.319e+01
4.000e-02 1.078e+01
5.000e-02 7.572e+00
6.000e-02 5.204e+00
7.000e-02 5.323e+00
8.000e-02 4.300e+00
9.000e-02 3.921e+00
1.000e-01 3.862e+00
1.100e-01 3.051e+00
1.200e-01 3.277e+00
1.300e-01 2.706e+00
1.400e-01 1.845e+00
1.500e-01 1.498e+00
1.600e-01 1.508e+00
1.700e-01 2.359e+00
1.800e-01 2.596e+00
1.900e-01 2.363e+00
2.000e-01 1.145e+00
2.100e-01 1.567e+00
2.200e-01 9.456e-01
2.300e-01 7.916e-01
2.400e-01 7.858e-01
2.500e-01 8.888e-01
2.600e-01 7.763e-01
2.700e-01 1.596e+00
2.800e-01 1.400e+00
2.900e-01 6.878e-01
3.000e-01 8.994e-01
3.100e-01 1.655e+00
3.200e-01 1.432e+00
3.300e-01 6.832e-01
3.400e-01 1.039e+00
3.500e-01 1.530e+00
3.600e-01 1.361e+00
3.700e-01 1.343e+00
3.800e-01 1.141e+00
3.900e-01 1.499e+00
4.000e-01 8.729e-01
4.100e-01 8.037e-01
4.200e-01 8.176e-01
4.300e-01 9.249e-01
4.400e-01 1.136e+00
4.500e-01 8.269e-01
4.600e-01 6.653e-01
4.700e-01 7.179e-01
4.800e-01 1.260e+00
4.900e-01 8.152e-01
5.000e-01 5.600e-01
5.100e-01 1.387e-01
5.200e-01 9.444e-01
5.300e-01 7.464e-01
5.400e-01 4.754e-01
5.500e-01 7.811e-01
5.600e-01 6.680e-01
5.700e-01 6.531e-01
5.800e-01 8.115e-01
5.900e-01 1.155e+00
6.000e-01 1.461e+00
6.100e-01 9.087e-01
6.200e-01 9.439e-01
6.300e-01 9.520e-01
6.400e-01 9.053e-01
6.500e-01 6.538e-01
6.600e-01 6.196e-01
6.700e-01 4.422e-01
6.800e-01 7.914e-01
6.900e-01 7.067e-01
7.000e-01 4.973e-01
7.100e-01 4.907e-01
7.200e-01 9.201e-01
7.300e-01 8.298e-01
7.400e-01 5.091e-01
7.500e-01 5.922e-01
7.600e-01 5.772e-01
7.700e-01 6.392e-01
7.800e-01 6.340e-01
7.900e-01 7.799e-01
8.000e-01 8.531e-01
8.100e-01 1.075e+00
8.200e-01 1.062e+00
8.300e-01 8.272e-01
8.400e-01 8.804e-01
8.500e-01 9.442e-01
8.600e-01 6.508e-01
8.700e-01 6.066e-01
8.800e-01 6.951e-01
8.900e-01 9.342e-01
9.000e-01 4.410e-01
9.100e-01 -6.851e-02
9.200e-01 -1.155e-01
9.300e-01 2.943e-01
9.400e-01 2.483e-01
9.500e-01 2.584e-01
9.600e-01 4.597e-01
9.700e-01 6.738e-01
9.800e-01 4.575e-01
9.900e-01 8.287e-02
1.000e+00 1.154e-01
1.010e+00 5.253e-01
1.020e+00 3.447e-01
1.030e+00 3.244e-01
1.040e+00 4.138e-01
1.050e+00 4.833e-01
1.060e+00 5.650e-01
1.070e+00 7.368e-01
1.080e+00 5.519e-01
1.090e+00 6.013e-01
1.100e+00 5.748e-01
1.110e+00 8.089e-01
1.120e+00 7.238e-01
1.130e+00 6.569e-01
1.140e+00 5.178e-01
1.150e+00 6.899e-01
1.160e+00 5.796e-01
1.170e+00 5.865e-01
1.180e+00 3.881e-01
1.190e+00 6.314e-01
1.200e+00 4.114e-01
1.210e+00 5.358e-01
1.220e+00 5.136e-01
1.230e+00 7.769e-01
1.240e+00 4.939e-01
1.250e+00 3.396e-01
1.260e+00 3.236e-01
1.270e+00 5.207e-01
1.280e+00 1.348e-01
1.290e+00 3.877e-02
1.300e+00 -3.027e-01
1.310e+00 2.935e-01
1.320e+00 5.665e-01
1.330e+00 4.668e-01
1.340e+00 4.351e-01
1.350e+00 7.374e-01
1.360e+00 5.634e-01
1.370e+00 4.515e-01
1.380e+00 4.657e-01
1.390e+00 1.983e-01
1.400e+00 7.251e-01
1.410e+00 5.456e-01
1.420e+00 5.715e-01
1.430e+00 5.880e-01
1.440e+00 5.141e-01
1.450e+00 4.846e-01
1.460e+00 5.315e-01
1.470e+00 6.308e-01
1.480e+00 4.950e-01
1.490e+00 6.254e-01
1.500e+00 1.536e-01
1.510e+00 1.987e-01
1.520e+00 4.458e-01
1.530e+00 5.249e-01
1.540e+00 6.263e-01
1.550e+00 5.508e-01
1.560e+00 4.243e-01
1.570e+00 4.164e-01
1.580e+00 6.213e-01
1.590e+00 4.091e-01
1.600e+00 8.965e-01
1.610e+00 6.820e-01
1.620e+00 7.099e-01
1.630e+00 3.808e-01
1.640e+00 5.584e-01
1.650e+00 5.047e-01
1.660e+00 5.270e-01
1.670e+00 6.669e-01
1.680e+00 7.225e-01
1.690e+00 6.946e-01
1.700e+00 3.404e-01
1.710e+00 1.669e-01
1.720e+00 3.363e-01
1.730e+00 5.022e-01
1.740e+00 3.706e-01
1.750e+00 4.607e-01
1.760e+00 3.651e-01
1.770e+00 5.306e-01
1.780e+00 8.741e-01
1.790e+00 4.001e-01
1.800e+00 2.486e-01
1.810e+00 4.338e-01
1.820e+00 5.521e-01
1.830e+00 7.453e-01
1.840e+00 4.358e-01
1.850e+00 5.438e-01
1.860e+00 5.924e-01
1.870e+00 4.126e-01
1.880e+00 4.083e-01
1.890e+00 5.547e-01
1.900e+00 5.892e-01
1.910e+00 8.368e-01
1.920e+00 6.738e-01
1.930e+00 7.011e-01
1.940e+00 5.664e-01
1.950e+00 5.239e-01
1.960e+00 5.827e-01
1.970e+00 6.071e-01
1.980e+00 6.174e-01
1.990e+00 6.873e-01
2.000e+00 9.976e-01
2.010e+00 6.734e-01
2.020e+00 6.775e-01
2.030e+00 6.884e-01
2.040e+00 7.028e-01
2.050e+00 6.336e-01
2.060e+00 6.294e-01
2.070e+00 7.409e-01
2.080e+00 7.188e-01
2.090e+00 5.028e-01
2.100e+00 3.169e-01
2.110e+00 6.811e-01
2.120e+00 4.420e-01
2.130e+00 5.707e-01
2.140e+00 3.108e-01
2.150e+00 4.316e-01
2.160e+00 5.781e-01
2.170e+00 6.195e-01
2.180e+00 5.505e-01
2.190e+00 3.895e-01
2.200e+00 5.003e-01
2.210e+00 6.879e-01
2.220e+00 5.029e-01
2.230e+00 6.142e-01
2.240e+00 3.948e-01
2.250e+00 5.159e-01
2.260e+00 4.496e-01
2.270e+00 5.101e-01
2.280e+00 6.544e-01
2.290e+00 4.281e-01
2.300e+00 4.478e-01
2.310e+00 7.525e-01
2.320e+00 5.816e-01
2.330e+00 5.815e-01
2.340e+00 5.933e-01
2.350e+00 4.919e-01
2.360e+00 4.559e-01
2.370e+00 6.330e-01
2.380e+00 4.696e-01
2.390e+00 5.319e-01
2.400e+00 8.937e-01
2.410e+00 7.277e-01
2.420e+00 8.506e-01
2.430e+00 8.476e-01
2.440e+00 8.742e-01
2.450e+00 7.939e-01
2.460e+00 8.432e-01
2.470e+00 7.262e-01
2.480e+00 7.685e-01
2.490e+00 8.236e-01
2.500e+00 4.872e-01
2.510e+00 4.224e-01
2.520e+00 4.707e-01
2.530e+00 5.237e-01
2.540e+00 3.979e-01
2.550e+00 4.783e-01
2.560e+00 4.332e-01
2.570e+00 4.250e-01
2.580e+00 3.671e-01
2.590e+00 4.141e-01
2.600e+00 5.624e-01
2.610e+00 4.860e-01
2.620e+00 5.778e-01
2.630e+00 6.117e-01
2.640e+00 4.837e-01
2.650e+00 5.788e-01
2.660e+00 5.334e-01
2.670e+00 4.735e-01
2.680e+00 4.025e-01
2.690e+00 5.660e-01
2.700e+00 4.324e-01
2.710e+00 7.640e-01
2.720e+00 5.022e-01
2.730e+00 6.217e-01
2.740e+00 4.595e-01
2.750e+00 4.233e-01
2.760e+00 5.011e-01
2.770e+00 5.214e-01
2.780e+00 6.043e-01
2.790e+00 6.601e-01
2.800e+00 5.214e-01
2.810e+00 5.780e-01
2.820e+00 6.068e-01
2.830e+00 6.535e-01
2.840e+00 4.731e-01
2.850e+00 4.176e-01
2.860e+00 4.645e-01
2.870e+00 5.264e-01
2.880e+00 7.506e-01
2.890e+00 6.871e-01
2.900e+00 7.745e-01
2.910e+00 7.221e-01
2.920e+00 6.131e-01
2.930e+00 6.329e-01
2.940e+00 6.561e-01
2.950e+00 4.832e-01
2.960e+00 5.235e-01
2.970e+00 7.447e-01
2.980e+00 7.889e-01
2.990e+00 5.566e-01
3.000e+00 9.544e-01
3.010e+00 4.911e-01
3.020e+00 7.106e-01
3.030e+00 7.692e-01
3.040e+00 6.045e-01
3.050e+00 5.600e-01
3.060e+00 8.069e-01
3.070e+00 7.701e-01
3.080e+00 6.778e-01
3.090e+00 8.956e-01
3.100e+00 2.693e-01
3.110e+00 4.021e-01
3.120e+00 5.875e-01
3.130e+00 5.850e-01
3.140e+00 4.716e-01
3.150e+00 4.798e-01
3.160e+00 5.228e-01
3.170e+00 4.360e-01
3.180e+00 5.460e-01
3.190e+00 6.603e-01
3.200e+00 7.452e-01
3.210e+00 4.815e-01
3.220e+00 4.987e-01
3.230e+00 3.259e-01
3.240e+00 5.058e-01
3.250e+00 4.364e-01
3.260e+00 4.687e-01
3.270e+00 5.401e-01
3.280e+00 6.594e-01
3.290e+00 4.097e-01
3.300e+00 4.988e-01
3.310e+00 2.701e-01
3.320e+00 4.142e-01
3.330e+00 3.619e-01
3.340e+00 2.763e-01
3.350e+00 4.168e-01
3.360e+00 4.474e-01
3.370e+00 5.423e-01
3.380e+00 3.675e-01
3.390e+00 2.632e-01
3.400e+00 4.329e-01
3.410e+00 5.179e-01
3.420e+00 6.588e-01
3.430e+00 4.361e-01
3.440e+00 5.259e-01
3.450e+00 4.815e-01
3.460e+00 5.089e-01
3.470e+00 5.893e-01
3.480e+00 4.340e-01
3.490e+00 5.883e-01
3.500e+00 5.903e-01
3.510e+00 6.670e-01
3.520e+00 4.920e-01
3.530e+00 4.437e-01
3.540e+00 4.555e-01
3.550e+00 3.468e-01
3.560e+00 4.482e-01
3.570e+00 4.837e-01
3.580e+00 4.729e-01
3.590e+00 6.071e-01
3.600e+00 5.606e-01
3.610e+00 6.149e-01
3.620e+00 5.571e-01
3.630e+00 6.313e-01
3.640e+00 5.597e-01
3.650e+00 5.809e-01
3.660e+00 5.748e-01
3.670e+00 7.029e-01
3.680e+00 5.132e-01
3.690e+00 3.314e-01
3.700e+00 4.304e-01
3.710e+00 3.332e-01
3.720e+00 5.348e-01
3.730e+00 5.303e-01
3.740e+00 5.575e-01
3.750e+00 4.957e-01
3.760e+00 5.180e-01
3.770e+00 5.875e-01
3.780e+00 6.135e-01
3.790e+00 4.662e-01
3.800e+00 4.291e-01
3.810e+00 4.837e-01
3.820e+00 6.525e-01
3.830e+00 5.104e-01
3.840e+00 5.659e-01
3.850e+00 4.157e-01
3.860e+00 4.351e-01
3.870e+00 5.737e-01
3.880e+00 5.402e-01
3.890e+00 4.810e-01
3.900e+00 6.521e-01
3.910e+00 5.113e-01
3.920e+00 4.558e-01
3.930e+00 3.817e-01
3.940e+00 4.729e-01
3.950e+00 4.486e-01
3.960e+00 5.262e-01
3.970e+00 4.624e-01
3.980e+00 5.493e-01
3.990e+00 4.745e-01
4.000e+00 6.390e-01
4.010e+00 5.278e-01
4.020e+00 5.451e-01
4.030e+00 5.480e-01
4.040e+00 5.324e-01
4.050e+00 5.945e-01
4.060e+00 6.691e-01
4.070e+00 7.332e-01
4.080e+00 6.136e-01
4.090e+00 5.770e-01
4.100e+00 4.918e-01
4.110e+00 1.835e-01
4.120e+00 3.727e-01
4.130e+00 5.041e-01
4.140e+00 4.886e-01
4.150e+00 5.041e-01
4.160e+00 5.884e-01
4.170e+00 5.686e-01
4.180e+00 4.146e-01
4.190e+00 4.779e-01
4.200e+00 5.936e-01
4.210e+00 6.848e-01
4.220e+00 5.048e-01
4.230e+00 5.268e-01
4.240e+00 5.522e-01
4.250e+00 5.742e-01
4.260e+00 5.274e-01
4.270e+00 4.285e-01
4.280e+00 4.419e-01
4.290e+00 3.941e-01
4.300e+00 6.339e-01
4.310e+00 4.769e-01
4.320e+00 4.845e-01
4.330e+00 5.152e-01
4.340e+00 4.933e-01
4.350e+00 4.310e-01
4.360e+00 4.420e-01
4.370e+00 3.895e-01
4.380e+00 4.381e-01
4.390e+00 7.059e-01
4.400e+00 4.408e-01
4.410e+00 5.238e-01
4.420e+00 5.001e-01
4.430e+00 4.652e-01
4.440e+00 5.629e-01
4.450e+00 5.404e-01
4.460e+00 6.111e-01
4.470e+00 5.679e-01
4.480e+00 5.508e-01
4.490e+00 4.555e-01
4.500e+00 4.901e-01
4.510e+00 4.650e-01
4.520e+00 3.917e-01
4.530e+00 4.277e-01
4.540e+00 4.928e-01
4.550e+00 4.514e-01
4.560e+00 5.358e-01
4.570e+00 5.726e-01
4.580e+00 4.427e-01
4.590e+00 5.738e-01
4.600e+00 5.812e-01
4.610e+00 7.324e-01
4.620e+00 6.244e-01
4.630e+00 5.719e-01
4.640e+00 5.834e-01
4.650e+00 5.321e-01
4.660e+00 5.299e-01
4.670e+00 5.695e-01
4.680e+00 7.107e-01
4.690e+00 5.816e-01
4.700e+00 4.528e-01
4.710e+00 3.882e-01
4.720e+00 5.685e-01
4.730e+00 5.768e-01
4.740e+00 5.927e-01
4.750e+00 5.962e-01
4.760e+00 6.511e-01
4.770e+00 5.579e-01
4.780e+00 4.595e-01
4.790e+00 5.852e-01
4.800e+00 6.951e-01
4.810e+00 8.330e-01
4.820e+00 7.844e-01
4.830e+00 5.874e-01
4.840e+00 7.767e-01
4.850e+00 7.198e-01
4.860e+00 6.319e-01
4.870e+00 5.255e-01
4.880e+00 7.036e-01
4.890e+00 5.184e-01
4.900e+00 4.521e-01
4.910e+00 4.243e-01
4.920e+00 4.371e-01
4.930e+00 5.807e-01
4.940e+00 5.132e-01
4.950e+00 3.861e-01
4.960e+00 3.483e-01
4.970e+00 4.297e-01
4.980e+00 3.150e-01
4.990e+00 4.507e-01
-5.000e+00 4.319e-01
-4.990e+00 4.507e-01
-4.980e+00 3.150e-01
-4.970e+00 4.297e-01
-4.960e+00 3.483e-01
-4.950e+00 3.861e-01
-4.940e+00 5.132e-01
-4.930e+00 5.807e-01
-4.920e+00 4.371e-01
-4.910e+00 4.243e-01
-4.900e+00 4.521e-01
-4.890e+00 5.184e-01
-4.880e+00 7.036e-01
-4.870e+00 5.255e-01
-4.860e+00 6.319e-01
-4.850e+00 7.198e-01
-4.840e+00 7.767e-01
-4.830e+00 5.874e-01
-4.820e+00 7.844e-01
-4.810e+00 8.330e-01
-4.800e+00 6.951e-01
-4.790e+00 5.852e-01
-4.780e+00 4.595e-01
-4.770e+00 5.579e-01
-4.760e+00 6.511e-01
-4.750e+00 5.962e-01
-4.740e+00 5.927e-01
-4.730e+00 5.768e-01
-4.720e+00 5.685e-01
-4.710e+00 3.882e-01
-4.700e+00 4.528e-01
-4.690e+00 5.816e-01
-4.680e+00 7.107e-01
-4.670e+00 5.695e-01
-4.660e+00 5.299e-01
-4.650e+00 5.321e-01
-4.640e+00 5.834e-01
-4.630e+00 5.719e-01
-4.620e+00 6.244e-01
-4.610e+00 7.324e-01
-4.600e+00 5.812e-01
-4.590e+00 5.738e-01
-4.580e+00 4.427e-01
-4.570e+00 5.726e-01
-4.560e+00 5.358e-01
-4.550e+00 4.514e-01
-4.540e+00 4.928e-01
-4.530e+00 4.277e-01
-4.520e+00 3.917e-01
-4.510e+00 4.650e-01
-4.500e+00 4.901e-01
-4.490e+00 4.555e-01
-4.480e+00 5.508e-01
-4.470e+00 5.679e-01
-4.460e+00 6.111e-01
-4.450e+00 5.404e-01
-4.440e+00 5.629e-01
-4.430e+00 4.652e-01
-4.420e+00 5.001e-01
-4.410e+00 5.238e-01
-4.400e+00 4.408e-01
-4.390e+00 7.059e-01
-4.380e+00 4.381e-01
-4.370e+00 3.895e-01
-4.360e+00 4.420e-01
-4.350e+00 4.310e-01
-4.340e+00 4.933e-01
-4.330e+00 5.152e-01
-4.320e+00 4.845e-01
-4.310e+00 4.769e-01
-4.300e+00 6.339e-01
-4.290e+00 3.941e-01
-4.280e+00 4.419e-01
-4.270e+00 4.285e-01
-4.260e+00 5.274e-01
-4.250e+00 5.742e-01
-4.240e+00 5.522e-01
-4.230e+00 5.268e-01
-4.220e+00 5.048e-01
-4.210e+00 6.848e-01
-4.200e+00 5.936e-01
-4.190e+00 4.779e-01
-4.180e+00 4.146e-01
-4.170e+00 5.686e-01
-4.160e+00 5.884e-01
-4.150e+00 5.041e-01
-4.140e+00 4.886e-01
-4.130e+00 5.041e-01
-4.120e+00 3.727e-01
-4.110e+00 1.835e-01
-4.100e+00 4.918e-01
-4.090e+00 5.770e-01
-4.080e+00 6.136e-01
-4.070e+00 7.332e-01
-4.060e+00 6.691e-01
-4.050e+00 5.945e-01
-4.040e+00 5.324e-01
-4.030e+00 5.480e-01
-4.020e+00 5.451e-01
-4.010e+00 5.278e-01
-4.000e+00 6.390e-01
-3.990e+00 4.745e-01
-3.980e+00 5.493e-01
-3.970e+00 4.624e-01
-3.960e+00 5.262e-01
-3.950e+00 4.486e-01
-3.940e+00 4.729e-01
-3.930e+00 3.817e-01
-3.920e+00 4.558e-01
-3.910e+00 5.113e-01
-3.900e+00 6.521e-01
-3.890e+00 4.810e-01
-3.880e+00 5.402e-01
-3.870e+00 5.737e-01
-3.860e+00 4.351e-01
-3.850e+00 4.157e-01
-3.840e+00 5.659e-01
-3.830e+00 5.104e-01
-3.820e+00 6.525e-01
-3.810e+00 4.837e-01
-3.800e+00 4.291e-01
-3.790e+00 4.662e-01
-3.780e+00 6.135e-01
-3.770e+00 5.875e-01
-3.760e+00 5.180e-01
-3.750e+00 4.957e-01
-3.740e+00 5.575e-01
-3.730e+00 5.303e-01
-3.720e+00 5.348e-01
-3.710e+00 3.332e-01
-3.700e+00 4.304e-01
-3.690e+00 3.314e-01
-3.680e+00 5.132e-01
-3.670e+00 7.029e-01
-3.660e+00 5.748e-01
-3.650e+00 5.809e-01
-3.640e+00 5.597e-01
-3.630e+00 6.313e-01
-3.620e+00 5.571e-01
-3.610e+00 6.149e-01
-3.600e+00 5.606e-01
-3.590e+00 6.071e-01
-3.580e+00 4.729e-01
-3.570e+00 4.837e-01
-3.560e+00 4.482e-01
-3.550e+00 3.468e-01
-3.540e+00 4.555e-01
-3.530e+00 4.437e-01
-3.520e+00 4.920e-01
-3.510e+00 6.670e-01
-3.500e+00 5.903e-01
-3.490e+00 5.883e-01
-3.480e+00 4.340e-01
-3.470e+00 5.893e-01
-3.460e+00 5.089e-01
-3.450e+00 4.815e-01
-3.440e+00 5.259e-01
-3.430e+00 4.361e-01
-3.420e+00 6.588e-01
-3.410e+00 5.179e-01
-3.400e+00 4.329e-01
-3.390e+00 2.632e-01
-3.380e+00 3.675e-01
-3.370e+00 5.423e-01
-3.360e+00 4.474e-01
-3.350e+00 4.168e-01
-3.340e+00 2.763e-01
-3.330e+00 3.619e-01
-3.320e+00 4.142e-01
-3.310e+00 2.701e-01
-3.300e+00 4.988e-01
-3.290e+00 4.097e-01
-3.280e+00 6.594e-01
-3.270e+00 5.401e-01
-3.260e+00 4.687e-01
-3.250e+00 4.364e-01
-3.240e+00 5.058e-01
-3.230e+00 3.259e-01
-3.220e+00 4.987e-01
-3.210e+00 4.815e-01
-3.200e+00 7.452e-01
-3.190e+00 6.603e-01
-3.180e+00 5.460e-01
-3.170e+00 4.360e-01
-3.160e+00 5.228e-01
-3.150e+00 4.798e-01
-3.140e+00 4.716e-01
-3.130e+00 5.850e-01
-3.120e+00 5.875e-01
-3.110e+00 4.021e-01
-3.100e+00 2.693e-01
-3.090e+00 8.956e-01
-3.080e+00 6.778e-01
-3.070e+00 7.701e-01
-3.060e+00 8.069e-01
-3.050e+00 5.600e-01
-3.040e+00 6.045e-01
-3.030e+00 7.692e-01
-3.020e+00 7.106e-01
-3.010e+00 4.911e-01
-3.000e+00 9.544e-01
-2.990e+00 5.566e-01
-2.980e+00 7.889e-01
-2.970e+00 7.447e-01
-2.960e+00 5.235e-01
-2.950e+00 4.832e-01
-2.940e+00 6.561e-01
-2.930e+00 6.329e-01
-2.920e+00 6.131e-01
-2.910e+00 7.221e-01
-2.900e+00 7.745e-01
-2.890e+00 6.871e-01
-2.880e+00 7.506e-01
-2.870e+00 5.264e-01
-2.860e+00 4.645e-01
-2.850e+00 4.176e-01
-2.840e+00 4.731e-01
-2.830e+00 6.535e-01
-2.820e+00 6.068e-01
-2.810e+00 5.780e-01
-2.800e+00 5.214e-01
-2.790e+00 6.601e-01
-2.780e+00 6.043e-01
-2.770e+00 5.214e-01
-2.760e+00 5.011e-01
-2.750e+00 4.233e-01
-2.740e+00 4.595e-01
-2.730e+00 6.217e-01
-2.720e+00 5.022e-01
-2.710e+00 7.640e-01
-2.700e+00 4.324e-01
-2.690e+00 5.660e-01
-2.680e+00 4.025e-01
-2.670e+00 4.735e-01
-2.660e+00 5.334e-01
-2.650e+00 5.788e-01
-2.640e+00 4.837e-01
-2.630e+00 6.117e-01
-2.620e+00 5.778e-01
-2.610e+00 4.860e-01
-2.600e+00 5.624e-01
-2.590e+00 4.141e-01
-2.580e+00 3.671e-01
-2.570e+00 4.250e-01
-2.560e+00 4.332e-01
-2.550e+00 4.783e-01
-2.540e+00 3.979e-01
-2.530e+00 5.237e-01
-2.520e+00 4.707e-01
-2.510e+00 4.224e-01
-2.500e+00 4.872e-01
-2.490e+00 8.236e-01
-2.480e+00 7.685e-01
-2.470e+00 7.262e-01
-2.460e+00 8.432e-01
-2.450e+00 7.939e-01
-2.440e+00 8.742e-01
-2.430e+00 8.476e-01
-2.420e+00 8.506e-01
-2.410e+00 7.277e-01
-2.400e+00 8.937e-01
-2.390e+00 5.319e-01
-2.380e+00 4.696e-01
-2.370e+00 6.330e-01
-2.360e+00 4.559e-01
-2.350e+00 4.919e-01
-2.340e+00 5.933e-01
-2.330e+00 5.815e-01
-2.320e+00 5.816e-01
-2.310e+00 7.525e-01
-2.300e+00 4.478e-01
-2.290e+00 4.281e-01
-2.280e+00 6.544e-01
-2.270e+00 5.101e-01
-2.260e+00 4.496e-01
-2.250e+00 5.159e-01
-2.240e+00 3.948e-01
-2.230e+00 6.142e-01
-2.220e+00 5.029e-01
-2.210e+00 6.879e-01
-2.200e+00 5.003e-01
-2.190e+00 3.895e-01
-2.180e+00 5.505e-01
-2.170e+00 6.195e-01
-2.160e+00 5.781e-01
-2.150e+00 4.316e-01
-2.140e+00 3.108e-01
-2.130e+00 5.707e-01
-2.120e+00 4.420e-01
-2.110e+00 6.811e-01
-2.100e+00 3.169e-01
-2.090e+00 5.028e-01
-2.080e+00 7.188e-01
-2.070e+00 7.409e-01
-2.060e+00 6.294e-01
-2.050e+00 6.336e-01
-2.040e+00 7.028e-01
-2.030e+00 6.884e-01
-2.020e+00 6.775e-01
-2.010e+00 6.734e-01
-2.000e+00 9.976e-01
-1.990e+00 6.873e-01
-1.980e+00 6.174e-01
-1.970e+00 6.071e-01
-1.960e+00 5.827e-01
-1.950e+00 5.239e-01
-1.940e+00 5.664e-01
-1.930e+00 7.011e-01
-1.920e+00 6.738e-01
-1.910e+00 8.368e-01
-1.900e+00 5.892e-01
-1.890e+00 5.547e-01
-1.880e+00 4.083e-01
-1.870e+00 4.126e-01
-1.860e+00 5.924e-01
-1.850e+00 5.438e-01
-1.840e+00 4.358e-01
-1.830e+00 7.453e-01
-1.820e+00 5.521e-01
-1.810e+00 4.338e-01
-1.800e+00 2.486e-01
-1.790e+00 4.001e-01
-1.780e+00 8.741e-01
-1.770e+00 5.306e-01
-1.760e+00 3.651e-01
-1.750e+00 4.607e-01
-1.740e+00 3.706e-01
-1.730e+00 5.022e-01
-1.720e+00 3.363e-01
-1.710e+00 1.669e-01
-1.700e+00 3.404e-01
-1.690e+00 6.946e-01
-1.680e+00 7.225e-01
-1.670e+00 6.669e-01
-1.660e+00 5.270e-01
-1.650e+00 5.047e-01
-1.640e+00 5.584e-01
-1.630e+00 3.808e-01
-1.620e+00 7.099e-01
-1.610e+00 6.820e-01
-1.600e+00 8.965e-01
-1.590e+00 4.091e-01
-1.580e+00 6.213e-01
-1.570e+00 4.164e-01
-1.560e+00 4.243e-01
-1.550e+00 5.508e-01
-1.540e+00 6.263e-01
-1.530e+00 5.249e-01
-1.520e+00 4.458e-01
-1.510e+00 1.987e-01
-1.500e+00 1.536e-01
-1.490e+00 6.254e-01
-1.480e+00 4.950e-01
-1.470e+00 6.308e-01
-1.460e+00 5.315e-01
-1.450e+00 4.846e-01
-1.440e+00 5.141e-01
-1.430e+00 5.880e-01
-1.420e+00 5.715e-01
-1.410e+00 5.456e-01
-1.400e+00 7.251e-01
-1.390e+00 1.983e-01
-1.380e+00 4.657e-01
-1.370e+00 4.515e-01
-1.360e+00 5.634e-01
-1.350e+00 7.374e-01
-1.340e+00 4.351e-01
-1.330e+00 4.668e-01
-1.320e+00 5.665e-01
-1.310e+00 2.935e-01
-1.300e+00 -3.027e-01
-1.290e+00 3.877e-02
-1.280e+00 1.348e-01
-1.270e+00 5.207e-01
-1.260e+00 3.236e-01
-1.250e+00 3.396e-01
-1.240e+00 4.939e-01
-1.230e+00 7.769e-01
-1.220e+00 5.136e-01
-1.210e+00 5.358e-01
-1.200e+00 4.114e-01
-1.190e+00 6.314e-01
-1.180e+00 3.881e-01
-1.170e+00 5.865e-01
-1.160e+00 5.796e-01
-1.150e+00 6.899e-01
-1.140e+00 5.178e-01
-1.130e+00 6.569e-01
-1.120e+00 7.238e-01
-1.110e+00 8.089e-01
-1.100e+00 5.748e-01
-1.090e+00 6.013e-01
-1.080e+00 5.519e-01
-1.070e+00 7.368e-01
-1.060e+00 5.650e-01
-1.050e+00 4.833e-01
-1.040e+00 4.138e-01
-1.030e+00 3.244e-01
-1.020e+00 3.447e-01
-1.010e+00 5.253e-01
-1.000e+00 1.154e-01
-9.900e-01 8.287e-02
-9.800e-01 4.575e-01
-9.700e-01 6.738e-01
-9.600e-01 4.597e-01
-9.500e-01 2.584e-01
-9.400e-01 2.483e-01
-9.300e-01 2.943e-01
-9.200e-01 -1.155e-01
-9.100e-01 -6.851e-02
-9.000e-01 4.410e-01
-8.900e-01 9.342e-01
-8.800e-01 6.951e-01
-8.700e-01 6.066e-01
-8.600e-01 6.508e-01
-8.500e-01 9.442e-01
-8.400e-01 8.804e-01
-8.300e-01 8.272e-01
-8.200e-01 1.062e+00
-8.100e-01 1.075e+00
-8.000e-01 8.531e-01
-7.900e-01 7.799e-01
-7.800e-01 6.340e-01
-7.700e-01 6.392e-01
-7.600e-01 5.772e-01
-7.500e-01 5.922e-01
-7.400e-01 5.091e-01
-7.300e-01 8.298e-01
-7.200e-01 9.201e-01
-7.100e-01 4.907e-01
-7.000e-01 4.973e-01
-6.900e-01 7.067e-01
-6.800e-01 7.914e-01
-6.700e-01 4.422e-01
-6.600e-01 6.196e-01
-6.500e-01 6.538e-01
-6.400e-01 9.053e-01
-6.300e-01 9.520e-01
-6.200e-01 9.439e-01
-6.100e-01 9.087e-01
-6.000e-01 1.461e+00
-5.900e-01 1.155e+00
-5.800e-01 8.115e-01
-5.700e-01 6.531e-01
-5.600e-01 6.680e-01
-5.500e-01 7.811e-01
-5.400e-01 4.754e-01
-5.300e-01 7.464e-01
-5.200e-01 9.444e-01
-5.100e-01 1.387e-01
-5.000e-01 5.600e-01
-4.900e-01 8.152e-01
-4.800e-01 1.260e+00
-4.700e-01 7.179e-01
-4.600e-01 6.653e-01
-4.500e-01 8.269e-01
-4.400e-01 1.136e+00
-4.300e-01 9.249e-01
-4.200e-01 8.176e-01
-4.100e-01 8.037e-01
-4.000e-01 8.729e-01
-3.900e-01 1.499e+00
-3.800e-01 1.141e+00
-3.700e-01 1.343e+00
-3.600e-01 1.361e+00
-3.500e-01 1.530e+00
-3.400e-01 1.039e+00
-3.300e-01 6.832e-01
-3.200e-01 1.432e+00
-3.100e-01 1.655e+00
-3.000e-01 8.994e-01
-2.900e-01 6.878e-01
-2.800e-01 1.400e+00
-2.700e-01 1.596e+00
-2.600e-01 7.763e-01
-2.500e-01 8.888e-01
-2.400e-01 7.858e-01
-2.300e-01 7.916e-01
-2.200e-01 9.456e-01
-2.100e-01 1.567e+00
-2.000e-01 1.145e+00
-1.900e-01 2.363e+00
-1.800e-01 2.596e+00
-1.700e-01 2.359e+00
-1.600e-01 1.508e+00
-1.500e-01 1.498e+00
-1.400e-01 1.845e+00
-1.300e-01 2.706e+00
-1.200e-01 3.277e+00
-1.100e-01 3.051e+00
-1.000e-01 3.862e+00
-9.000e-02 3.921e+00
-8.000e-02 4.300e+00
-7.000e-02 5.323e+00
-6.000e-02 5.204e+00
-5.000e-02 7.572e+00
-4.000e-02 1.078e+01
-3.000e-02 1.319e+01
-2.000e-02 2.390e+01
-1.000e-02 5.223e+01
