# Time (ps)      real(F_2)      im(F_2)
0.000e+00 1.000e+00 0.000e+00
1.000e-01 9.010e-01 3.444e-02
2.000e-01 8.745e-01 1.960e-02
3.000e-01 8.404e-01 2.939e-02
4.000e-01 8.524e-01 -1.443e-02
5.000e-01 8.231e-01 5.404e-02
6.000e-01 8.400e-01 3.392e-02
7.000e-01 8.151e-01 2.275e-02
8.000e-01 8.264e-01 1.096e-02
9.000e-01 8.025e-01 -3.073e-03
1.000e+00 8.129e-01 -1.372e-02
1.100e+00 7.996e-01 -2.049e-02
1.200e+00 8.104e-01 -1.351e-02
1.300e+00 7.806e-01 -9.278e-03
1.400e+00 7.754e-01 2.467e-02
1.500e+00 7.560e-01 -1.466e-03
1.600e+00 7.626e-01 -7.638e-03
1.700e+00 8.006e-01 7.094e-03
1.800e+00 7.886e-01 3.998e-03
1.900e+00 7.623e-01 -3.882e-02
2.000e+00 7.244e-01 -2.607e-02
2.100e+00 7.337e-01 -1.669e-04
2.200e+00 7.386e-01 3.173e-02
2.300e+00 6.721e-01 3.681e-02
2.400e+00 7.096e-01 2.847e-02
2.500e+00 6.761e-01 1.009e-02
2.600e+00 7.192e-01 9.278e-03
2.700e+00 7.201e-01 2.558e-02
2.800e+00 7.198e-01 3.578e-02
2.900e+00 6.949e-01 5.935e-03
3.000e+00 7.101e-01 -7.021e-03
3.100e+00 6.888e-01 -1.969e-02
3.200e+00 6.890e-01 -3.428e-02
3.300e+00 6.894e-01 -2.408e-02
3.400e+00 6.879e-01 -3.949e-03
3.500e+00 6.708e-01 -2.505e-02
3.600e+00 6.936e-01 2.378e-03
3.700e+00 6.640e-01 2.028e-03
3.800e+00 6.673e-01 1.471e-02
3.900e+00 6.599e-01 1.249e-02
4.000e+00 6.398e-01 3.605e-02
4.100e+00 6.514e-01 2.573e-02
4.200e+00 6.459e-01 4.965e-03
4.300e+00 6.545e-01 6.952e-02
4.400e+00 6.387e-01 4.433e-02
4.500e+00 6.340e-01 3.909e-02
4.600e+00 6.151e-01 2.661e-02
4.700e+00 5.760e-01 1.543e-02
4.800e+00 6.052e-01 2.159e-02
4.900e+00 6.298e-01 3.495e-02
5.000e+00 6.234e-01 5.782e-02
5.100e+00 6.248e-01 4.779e-02
5.200e+00 5.972e-01 5.499e-03
5.300e+00 6.152e-01 2.149e-02
5.400e+00 6.371e-01 1.127e-02
5.500e+00 6.155e-01 3.370e-02
5.600e+00 6.288e-01 3.338e-02
5.700e+00 5.774e-01 5.652e-02
5.800e+00 6.105e-01 3.268e-02
5.900e+00 6.109e-01 -2.257e-04
6.000e+00 6.228e-01 -9.476e-03
6.100e+00 5.874e-01 -4.286e-02
6.200e+00 5.810e-01 -5.738e-02
6.300e+00 5.898e-01 -4.960e-02
6.400e+00 5.735e-01 -2.852e-02
6.500e+00 5.457e-01 7.354e-05
6.600e+00 5.564e-01 3.741e-02
6.700e+00 5.652e-01 7.538e-02
6.800e+00 5.593e-01 3.215e-02
6.900e+00 5.429e-01 2.053e-02
7.000e+00 5.841e-01 9.833e-03
7.100e+00 5.912e-01 2.848e-02
7.200e+00 5.866e-01 3.947e-02
7.300e+00 5.637e-01 3.088e-02
7.400e+00 5.783e-01 2.348e-02
7.500e+00 5.675e-01 1.511e-02
7.600e+00 5.785e-01 3.347e-02
7.700e+00 5.257e-01 2.170e-02
7.800e+00 5.223e-01 -2.460e-02
7.900e+00 5.234e-01 -7.121e-03
8.000e+00 5.281e-01 1.463e-02
8.100e+00 5.332e-01 5.588e-03
8.200e+00 5.428e-01 -7.168e-04
8.300e+00 5.347e-01 1.326e-02
8.400e+00 5.679e-01 2.350e-02
8.500e+00 5.915e-01 1.324e-02
8.600e+00 5.481e-01 8.397e-03
8.700e+00 5.520e-01 -2.435e-02
8.800e+00 5.563e-01 -1.146e-02
8.900e+00 5.370e-01 1.063e-02
9.000e+00 5.240e-01 1.226e-02
9.100e+00 5.623e-01 5.980e-02
9.200e+00 5.317e-01 2.609e-02
9.300e+00 5.156e-01 2.026e-02
9.400e+00 5.311e-01 2.651e-02
9.500e+00 4.945e-01 1.726e-02
9.600e+00 4.998e-01 1.068e-02
9.700e+00 5.145e-01 5.267e-04
9.800e+00 5.130e-01 -1.234e-02
9.900e+00 5.027e-01 -2.802e-02
1.000e+01 5.318e-01 -4.135e-02
1.010e+01 5.202e-01 -6.118e-02
1.020e+01 4.976e-01 -4.413e-02
1.030e+01 4.957e-01 -3.245e-02
1.040e+01 5.100e-01 -1.902e-02
1.050e+01 5.010e-01 -3.545e-02
1.060e+01 4.951e-01 -2.026e-02
1.070e+01 5.037e-01 -4.741e-02
1.080e+01 5.202e-01 -5.703e-02
1.090e+01 5.051e-01 -1.866e-02
1.100e+01 4.965e-01 -8.595e-02
1.110e+01 5.199e-01 -6.335e-02
1.120e+01 5.174e-01 -5.324e-02
1.130e+01 5.229e-01 -4.779e-02
1.140e+01 5.272e-01 -6.357e-02
1.150e+01 5.201e-01 -5.522e-02
1.160e+01 5.220e-01 -4.379e-02
1.170e+01 5.056e-01 -2.285e-02
1.180e+01 5.141e-01 -1.199e-02
1.190e+01 4.880e-01 -4.250e-02
1.200e+01 4.941e-01 -6.729e-02
1.210e+01 5.231e-01 -6.970e-02
1.220e+01 4.914e-01 -5.055e-02
1.230e+01 4.739e-01 -2.812e-02
1.240e+01 4.747e-01 -4.003e-02
1.250e+01 4.674e-01 8.030e-04
1.260e+01 4.929e-01 -4.962e-03
1.270e+01 4.574e-01 -2.982e-02
1.280e+01 4.782e-01 -2.808e-02
1.290e+01 4.794e-01 -2.558e-02
1.300e+01 4.890e-01 -3.409e-02
1.310e+01 4.680e-01 -2.640e-02
1.320e+01 4.404e-01 -3.871e-02
1.330e+01 4.465e-01 -6.004e-02
1.340e+01 4.641e-01 -2.960e-02
1.350e+01 4.423e-01 -5.058e-02
1.360e+01 4.580e-01 -4.500e-02
1.370e+01 4.675e-01 -6.107e-03
1.380e+01 4.563e-01 1.325e-02
1.390e+01 4.395e-01 -7.269e-03
1.400e+01 4.382e-01 -4.467e-03
1.410e+01 4.600e-01 -4.406e-03
1.420e+01 4.405e-01 -3.553e-03
1.430e+01 4.338e-01 -1.212e-02
1.440e+01 4.501e-01 -5.538e-03
1.450e+01 4.884e-01 -2.643e-02
1.460e+01 4.652e-01 2.573e-03
1.470e+01 4.471e-01 -2.937e-02
1.480e+01 4.291e-01 -1.817e-02
1.490e+01 4.420e-01 -3.913e-02
1.500e+01 4.551e-01 -3.909e-02
1.510e+01 4.403e-01 -3.337e-02
1.520e+01 4.381e-01 -3.398e-02
1.530e+01 4.613e-01 -4.697e-02
1.540e+01 4.326e-01 -3.603e-02
1.550e+01 4.439e-01 -4.381e-02
1.560e+01 4.498e-01 -2.689e-02
1.570e+01 4.265e-01 -1.452e-02
1.580e+01 4.333e-01 -6.173e-03
1.590e+01 4.295e-01 -1.798e-02
1.600e+01 4.471e-01 -4.392e-02
1.610e+01 4.301e-01 -2.387e-02
1.620e+01 4.206e-01 -3.758e-02
1.630e+01 4.453e-01 -4.746e-02
1.640e+01 4.346e-01 -3.986e-02
1.650e+01 4.196e-01 -4.033e-02
1.660e+01 4.251e-01 -4.213e-02
1.670e+01 4.362e-01 -3.265e-02
1.680e+01 4.154e-01 -2.812e-02
1.690e+01 4.190e-01 -1.436e-02
1.700e+01 4.243e-01 -3.414e-02
1.710e+01 4.062e-01 -3.689e-02
1.720e+01 4.185e-01 1.865e-03
1.730e+01 3.921e-01 -1.117e-02
1.740e+01 4.316e-01 -1.699e-02
1.750e+01 4.340e-01 -2.274e-02
1.760e+01 4.241e-01 -3.328e-02
1.770e+01 4.363e-01 -1.849e-02
1.780e+01 4.442e-01 -1.277e-02
1.790e+01 4.474e-01 1.442e-03
1.800e+01 4.203e-01 -1.157e-02
1.810e+01 4.417e-01 1.366e-03
1.820e+01 4.554e-01 -1.941e-02
1.830e+01 4.413e-01 -8.154e-03
1.840e+01 4.182e-01 -4.590e-02
1.850e+01 4.147e-01 -3.827e-02
1.860e+01 4.115e-01 -2.957e-02
1.870e+01 4.046e-01 -1.491e-02
1.880e+01 4.256e-01 -2.104e-02
1.890e+01 4.192e-01 -1.760e-02
1.900e+01 4.021e-01 2.455e-03
1.910e+01 3.890e-01 -8.442e-03
1.920e+01 3.855e-01 -3.441e-03
1.930e+01 3.829e-01 1.847e-02
1.940e+01 3.852e-01 9.376e-04
1.950e+01 3.842e-01 -8.444e-03
1.960e+01 4.033e-01 2.732e-03
1.970e+01 3.833e-01 -2.737e-03
1.980e+01 3.803e-01 1.627e-03
1.990e+01 3.912e-01 1.063e-02
2.000e+01 3.758e-01 1.182e-02
2.010e+01 3.974e-01 -2.450e-02
2.020e+01 4.068e-01 -5.243e-02
2.030e+01 3.792e-01 -3.869e-02
2.040e+01 4.078e-01 -1.566e-02
2.050e+01 4.054e-01 -3.042e-02
2.060e+01 3.800e-01 -1.197e-02
2.070e+01 3.823e-01 -1.928e-02
2.080e+01 4.033e-01 3.013e-03
2.090e+01 3.806e-01 -2.200e-02
2.100e+01 3.968e-01 -1.847e-02
2.110e+01 3.891e-01 -1.624e-02
2.120e+01 4.146e-01 -2.978e-02
2.130e+01 3.751e-01 -2.382e-02
2.140e+01 3.990e-01 -6.226e-02
2.150e+01 3.781e-01 -3.494e-02
2.160e+01 3.741e-01 -3.124e-02
2.170e+01 3.772e-01 -2.902e-02
2.180e+01 3.889e-01 -3.958e-02
2.190e+01 3.771e-01 -3.084e-02
2.200e+01 3.912e-01 -1.656e-02
2.210e+01 3.763e-01 -2.387e-02
2.220e+01 3.750e-01 -2.666e-02
2.230e+01 3.448e-01 -3.235e-02
2.240e+01 3.450e-01 -2.932e-02
2.250e+01 3.349e-01 -3.175e-02
2.260e+01 3.788e-01 -1.944e-02
2.270e+01 3.767e-01 -3.658e-02
2.280e+01 3.832e-01 -5.691e-02
2.290e+01 3.742e-01 -6.050e-02
2.300e+01 3.626e-01 -5.991e-02
2.310e+01 3.655e-01 -5.582e-02
2.320e+01 3.836e-01 -5.409e-02
2.330e+01 3.682e-01 -4.214e-02
2.340e+01 3.437e-01 -4.668e-02
2.350e+01 3.851e-01 -3.554e-02
2.360e+01 3.931e-01 -3.719e-02
2.370e+01 3.877e-01 -3.663e-02
2.380e+01 3.825e-01 -2.518e-02
2.390e+01 3.663e-01 -3.158e-02
2.400e+01 3.790e-01 -3.617e-02
2.410e+01 3.604e-01 -3.285e-02
2.420e+01 3.504e-01 -1.962e-02
2.430e+01 3.655e-01 -2.033e-02
2.440e+01 3.586e-01 7.454e-04
2.450e+01 3.599e-01 -5.853e-03
2.460e+01 3.661e-01 -5.011e-03
2.470e+01 3.398e-01 -2.161e-02
2.480e+01 3.585e-01 -3.623e-02
2.490e+01 3.560e-01 -4.145e-02
2.500e+01 3.802e-01 -3.460e-03
2.510e+01 3.656e-01 -1.403e-02
2.520e+01 3.518e-01 -1.667e-02
2.530e+01 3.626e-01 -4.060e-02
2.540e+01 3.623e-01 -3.886e-02
2.550e+01 3.596e-01 5.418e-03
2.560e+01 3.515e-01 -2.308e-02
2.570e+01 3.368e-01 -3.144e-02
2.580e+01 3.554e-01 -3.346e-02
2.590e+01 3.581e-01 -4.122e-02
2.600e+01 3.286e-01 -2.643e-02
2.610e+01 3.200e-01 -3.169e-02
2.620e+01 3.351e-01 -4.401e-02
2.630e+01 3.332e-01 -4.230e-02
2.640e+01 3.113e-01 -4.961e-02
2.650e+01 3.295e-01 -9.511e-03
2.660e+01 3.272e-01 9.040e-03
2.670e+01 3.326e-01 -2.907e-02
2.680e+01 3.070e-01 -2.001e-02
2.690e+01 3.430e-01 -4.562e-03
2.700e+01 3.114e-01 -1.162e-02
2.710e+01 3.284e-01 -4.014e-02
2.720e+01 3.056e-01 -4.527e-02
2.730e+01 3.123e-01 -5.542e-02
2.740e+01 3.225e-01 -5.553e-02
2.750e+01 3.282e-01 -4.842e-02
2.760e+01 3.242e-01 -2.500e-02
2.770e+01 3.267e-01 -5.510e-03
2.780e+01 2.970e-01 -1.292e-02
2.790e+01 3.242e-01 -6.406e-03
2.800e+01 3.336e-01 -1.340e-02
2.810e+01 3.347e-01 -4.901e-02
2.820e+01 3.615e-01 -5.423e-02
2.830e+01 3.519e-01 -3.870e-02
2.840e+01 3.412e-01 -3.943e-02
2.850e+01 3.213e-01 -4.781e-02
2.860e+01 3.171e-01 -4.920e-02
2.870e+01 3.433e-01 -4.123e-02
2.880e+01 3.283e-01 -3.749e-02
2.890e+01 3.267e-01 -3.612e-02
2.900e+01 3.101e-01 -1.010e-02
2.910e+01 3.289e-01 1.676e-03
2.920e+01 3.481e-01 -1.729e-02
2.930e+01 3.375e-01 -1.733e-02
2.940e+01 3.324e-01 -2.306e-02
2.950e+01 3.265e-01 -3.440e-02
2.960e+01 3.219e-01 3.060e-03
2.970e+01 3.227e-01 -2.226e-02
2.980e+01 3.273e-01 5.403e-03
2.990e+01 3.674e-01 -3.146e-02
3.000e+01 3.589e-01 -4.749e-02
3.010e+01 3.098e-01 -2.190e-02
3.020e+01 3.063e-01 -2.049e-02
3.030e+01 2.980e-01 -1.303e-02
3.040e+01 3.060e-01 -4.281e-02
3.050e+01 3.227e-01 -2.179e-02
3.060e+01 3.500e-01 -1.828e-02
3.070e+01 3.185e-01 -3.097e-03
3.080e+01 3.228e-01 -3.154e-02
3.090e+01 3.007e-01 -3.178e-02
3.100e+01 3.172e-01 -3.948e-02
3.110e+01 2.991e-01 -3.316e-02
3.120e+01 2.864e-01 -4.794e-02
3.130e+01 2.900e-01 -3.326e-02
3.140e+01 3.042e-01 -1.600e-02
3.150e+01 3.148e-01 -2.182e-02
3.160e+01 2.961e-01 -3.502e-02
3.170e+01 2.922e-01 -4.681e-02
3.180e+01 2.958e-01 -4.323e-02
3.190e+01 3.196e-01 -5.802e-02
3.200e+01 3.217e-01 -6.397e-02
3.210e+01 3.161e-01 -4.421e-02
3.220e+01 3.268e-01 -3.469e-02
3.230e+01 2.952e-01 -1.328e-02
3.240e+01 3.003e-01 -5.490e-03
3.250e+01 2.864e-01 -2.218e-02
3.260e+01 3.095e-01 -3.483e-02
3.270e+01 2.912e-01 -5.355e-02
3.280e+01 3.071e-01 -5.050e-02
3.290e+01 2.953e-01 -3.672e-02
3.300e+01 2.892e-01 -3.184e-02
3.310e+01 2.969e-01 -3.014e-02
3.320e+01 2.819e-01 -6.036e-02
3.330e+01 2.929e-01 -6.237e-02
3.340e+01 3.194e-01 -4.381e-02
3.350e+01 3.025e-01 -3.658e-02
3.360e+01 2.959e-01 -4.730e-02
3.370e+01 3.031e-01 -4.746e-02
3.380e+01 3.147e-01 -5.649e-02
3.390e+01 3.108e-01 -5.676e-02
3.400e+01 3.209e-01 -6.223e-03
3.410e+01 3.088e-01 -2.268e-02
3.420e+01 3.010e-01 -1.759e-02
3.430e+01 3.207e-01 -3.321e-02
3.440e+01 3.068e-01 -3.327e-02
3.450e+01 2.892e-01 -4.223e-02
3.460e+01 2.915e-01 -3.094e-02
3.470e+01 2.725e-01 -3.537e-02
3.480e+01 2.958e-01 -3.825e-02
3.490e+01 3.041e-01 -8.744e-03
3.500e+01 3.000e-01 -1.793e-02
3.510e+01 3.037e-01 -3.115e-02
3.520e+01 2.841e-01 -5.567e-02
3.530e+01 2.880e-01 -4.227e-02
3.540e+01 2.853e-01 -6.758e-02
3.550e+01 2.957e-01 -4.776e-02
3.560e+01 3.077e-01 -3.916e-02
3.570e+01 3.008e-01 -2.016e-02
3.580e+01 3.171e-01 -2.436e-02
3.590e+01 3.204e-01 -4.035e-02
3.600e+01 3.090e-01 -5.710e-02
3.610e+01 2.801e-01 -6.271e-02
3.620e+01 2.535e-01 -7.070e-02
3.630e+01 3.072e-01 -3.532e-02
3.640e+01 2.966e-01 -5.313e-02
3.650e+01 2.780e-01 -2.985e-02
3.660e+01 2.823e-01 -5.131e-02
3.670e+01 2.914e-01 -1.465e-02
3.680e+01 2.855e-01 -2.312e-02
3.690e+01 2.899e-01 -1.712e-02
3.700e+01 3.139e-01 -4.297e-02
3.710e+01 3.066e-01 -3.904e-02
3.720e+01 3.133e-01 -3.543e-02
3.730e+01 3.162e-01 -5.417e-02
3.740e+01 3.215e-01 -3.689e-02
3.750e+01 3.247e-01 -5.657e-02
3.760e+01 3.263e-01 -2.577e-02
3.770e+01 3.021e-01 -4.467e-02
3.780e+01 2.986e-01 -6.769e-02
3.790e+01 2.895e-01 -4.349e-02
3.800e+01 2.990e-01 -2.938e-02
3.810e+01 2.989e-01 -7.088e-02
3.820e+01 3.054e-01 -4.926e-02
3.830e+01 2.792e-01 -4.057e-02
3.840e+01 3.021e-01 -3.316e-02
3.850e+01 3.354e-01 -4.661e-02
3.860e+01 2.961e-01 -5.354e-02
3.870e+01 3.053e-01 -8.066e-02
3.880e+01 3.227e-01 -4.694e-02
3.890e+01 2.991e-01 -1.817e-02
3.900e+01 2.766e-01 -4.052e-02
3.910e+01 2.953e-01 -1.753e-02
3.920e+01 2.650e-01 -4.356e-03
3.930e+01 2.878e-01 8.262e-04
3.940e+01 2.761e-01 7.582e-03
3.950e+01 2.729e-01 -1.628e-02
3.960e+01 2.582e-01 -9.920e-03
3.970e+01 2.606e-01 -2.955e-02
3.980e+01 2.665e-01 -3.361e-02
3.990e+01 2.560e-01 -5.187e-02
4.000e+01 2.814e-01 -5.759e-02
4.010e+01 2.621e-01 -5.878e-02
4.020e+01 2.735e-01 -6.722e-02
4.030e+01 2.708e-01 -3.000e-02
4.040e+01 2.534e-01 -4.425e-02
4.050e+01 2.283e-01 -5.006e-02
4.060e+01 2.372e-01 -1.693e-02
4.070e+01 2.746e-01 -3.205e-02
4.080e+01 2.819e-01 -2.057e-02
4.090e+01 2.695e-01 -1.575e-02
4.100e+01 2.843e-01 -3.479e-02
4.110e+01 2.785e-01 -4.400e-02
4.120e+01 2.778e-01 -2.809e-02
4.130e+01 2.684e-01 -1.389e-02
4.140e+01 2.707e-01 -2.626e-02
4.150e+01 2.747e-01 -4.084e-02
4.160e+01 2.669e-01 -3.050e-02
4.170e+01 2.517e-01 -6.699e-04
4.180e+01 2.650e-01 -8.985e-03
4.190e+01 2.600e-01 -4.101e-03
4.200e+01 2.442e-01 -2.368e-02
4.210e+01 2.577e-01 -9.399e-03
4.220e+01 2.446e-01 -3.032e-02
4.230e+01 2.425e-01 -1.155e-02
4.240e+01 2.388e-01 -7.073e-03
4.250e+01 2.490e-01 2.961e-03
4.260e+01 2.630e-01 -1.544e-02
4.270e+01 2.575e-01 -2.264e-02
4.280e+01 2.368e-01 -2.517e-03
4.290e+01 2.249e-01 -1.959e-02
4.300e+01 2.344e-01 -2.595e-02
4.310e+01 2.199e-01 -3.247e-02
4.320e+01 2.165e-01 -3.052e-02
4.330e+01 2.184e-01 -3.995e-02
4.340e+01 2.320e-01 -1.974e-02
4.350e+01 2.362e-01 -3.794e-02
4.360e+01 2.310e-01 -5.095e-02
4.370e+01 2.446e-01 -1.906e-02
4.380e+01 2.276e-01 -2.061e-02
4.390e+01 2.120e-01 -7.167e-03
4.400e+01 2.006e-01 -1.426e-02
4.410e+01 2.119e-01 -1.068e-02
4.420e+01 2.008e-01 -1.180e-02
4.430e+01 2.100e-01 -1.278e-02
4.440e+01 2.120e-01 -7.418e-03
4.450e+01 2.119e-01 -4.394e-02
4.460e+01 2.101e-01 -3.059e-02
4.470e+01 2.035e-01 -5.020e-02
4.480e+01 1.978e-01 -2.219e-02
4.490e+01 2.042e-01 -3.561e-02
4.500e+01 2.152e-01 -2.781e-02
4.510e+01 2.081e-01 -1.516e-02
4.520e+01 2.178e-01 -2.371e-02
4.530e+01 2.278e-01 -3.933e-02
4.540e+01 2.108e-01 -1.483e-02
4.550e+01 2.088e-01 -2.987e-02
4.560e+01 2.237e-01 -8.877e-03
4.570e+01 2.260e-01 -1.562e-02
4.580e+01 2.164e-01 -3.683e-02
4.590e+01 2.307e-01 -2.675e-02
4.600e+01 2.314e-01 -3.624e-02
4.610e+01 2.319e-01 -1.003e-02
4.620e+01 2.267e-01 -1.885e-02
4.630e+01 2.346e-01 -1.926e-02
4.640e+01 2.317e-01 -1.627e-02
4.650e+01 2.233e-01 -3.901e-02
4.660e+01 2.444e-01 -2.190e-02
4.670e+01 2.254e-01 -2.232e-02
4.680e+01 2.080e-01 -9.261e-03
4.690e+01 2.123e-01 -5.028e-03
4.700e+01 1.877e-01 -2.287e-02
4.710e+01 1.965e-01 -1.145e-02
4.720e+01 2.236e-01 -4.206e-03
4.730e+01 2.082e-01 -5.425e-03
4.740e+01 2.207e-01 -7.880e-03
4.750e+01 2.431e-01 -2.211e-02
4.760e+01 2.139e-01 -2.632e-02
4.770e+01 2.299e-01 -7.794e-03
4.780e+01 2.109e-01 -2.191e-02
4.790e+01 2.200e-01 1.087e-02
4.800e+01 2.196e-01 -4.237e-03
4.810e+01 2.231e-01 2.052e-02
4.820e+01 2.254e-01 2.161e-02
4.830e+01 2.395e-01 1.678e-02
4.840e+01 2.471e-01 -1.188e-02
4.850e+01 2.332e-01 -1.032e-02
4.860e+01 2.275e-01 1.271e-02
4.870e+01 2.138e-01 1.481e-02
4.880e+01 2.252e-01 3.454e-02
4.890e+01 2.047e-01 1.821e-02
4.900e+01 2.013e-01 7.471e-03
4.910e+01 1.922e-01 3.069e-03
4.920e+01 1.939e-01 1.666e-02
4.930e+01 1.857e-01 1.858e-02
4.940e+01 2.101e-01 2.358e-02
4.950e+01 2.033e-01 1.313e-02
4.960e+01 2.137e-01 2.578e-02
4.970e+01 1.899e-01 1.090e-02
4.980e+01 2.003e-01 1.633e-02
4.990e+01 2.181e-01 7.048e-03
5.000e+01 2.106e-01 2.531e-02
5.010e+01 1.938e-01 2.035e-02
5.020e+01 1.914e-01 -7.126e-03
5.030e+01 2.011e-01 -5.445e-03
5.040e+01 2.166e-01 1.067e-02
5.050e+01 2.096e-01 1.661e-02
5.060e+01 2.098e-01 2.646e-02
5.070e+01 2.047e-01 3.510e-02
5.080e+01 2.099e-01 3.887e-02
5.090e+01 2.057e-01 9.771e-03
5.100e+01 2.055e-01 2.014e-02
5.110e+01 1.954e-01 3.524e-02
5.120e+01 2.317e-01 2.654e-02
5.130e+01 2.028e-01 2.831e-02
5.140e+01 2.034e-01 -1.895e-02
5.150e+01 1.793e-01 9.715e-03
5.160e+01 1.860e-01 5.447e-03
5.170e+01 1.912e-01 -4.637e-04
5.180e+01 1.955e-01 -1.538e-02
5.190e+01 1.881e-01 -4.229e-03
5.200e+01 1.923e-01 7.135e-03
5.210e+01 1.897e-01 -4.034e-03
5.220e+01 1.826e-01 8.304e-03
5.230e+01 1.788e-01 1.464e-02
5.240e+01 1.791e-01 8.013e-03
5.250e+01 1.863e-01 -6.432e-03
5.260e+01 2.084e-01 -4.427e-03
5.270e+01 2.006e-01 -2.414e-02
5.280e+01 1.999e-01 -1.441e-02
5.290e+01 1.977e-01 -1.935e-03
5.300e+01 1.944e-01 3.740e-03
5.310e+01 1.923e-01 -6.113e-03
5.320e+01 1.989e-01 -3.475e-04
5.330e+01 1.955e-01 1.964e-02
5.340e+01 1.724e-01 3.514e-03
5.350e+01 1.962e-01 1.557e-02
5.360e+01 1.940e-01 3.327e-02
5.370e+01 1.952e-01 6.027e-03
5.380e+01 1.871e-01 1.135e-02
5.390e+01 1.868e-01 1.649e-02
5.400e+01 1.760e-01 5.576e-03
5.410e+01 1.996e-01 -2.604e-03
5.420e+01 1.775e-01 4.527e-03
5.430e+01 1.923e-01 1.232e-02
5.440e+01 1.813e-01 2.930e-02
5.450e+01 1.822e-01 1.675e-02
5.460e+01 1.559e-01 4.069e-02
5.470e+01 1.626e-01 2.125e-02
5.480e+01 1.907e-01 1.943e-02
5.490e+01 2.025e-01 4.957e-03
5.500e+01 2.042e-01 1.595e-02
5.510e+01 1.830e-01 2.539e-02
5.520e+01 1.815e-01 1.728e-02
5.530e+01 1.888e-01 7.036e-03
5.540e+01 2.001e-01 9.320e-03
5.550e+01 1.747e-01 3.452e-02
5.560e+01 1.772e-01 1.617e-02
5.570e+01 1.682e-01 7.514e-03
5.580e+01 1.907e-01 7.823e-03
5.590e+01 1.899e-01 -1.638e-02
5.600e+01 1.711e-01 -9.594e-04
5.610e+01 1.728e-01 2.813e-03
5.620e+01 1.751e-01 1.473e-02
5.630e+01 1.787e-01 -2.113e-03
5.640e+01 1.641e-01 -5.114e-03
5.650e+01 1.618e-01 1.684e-02
5.660e+01 1.661e-01 1.736e-02
5.670e+01 1.618e-01 1.480e-02
5.680e+01 1.644e-01 1.363e-02
5.690e+01 1.828e-01 1.480e-02
5.700e+01 1.659e-01 7.905e-03
5.710e+01 1.885e-01 2.387e-02
5.720e+01 1.710e-01 1.328e-02
5.730e+01 1.699e-01 1.083e-02
5.740e+01 1.752e-01 1.154e-02
5.750e+01 1.662e-01 2.303e-02
5.760e+01 1.651e-01 2.505e-02
5.770e+01 1.549e-01 2.880e-02
5.780e+01 1.438e-01 2.946e-02
5.790e+01 1.517e-01 3.073e-02
5.800e+01 1.629e-01 1.381e-02
5.810e+01 1.741e-01 -8.115e-03
5.820e+01 1.867e-01 -7.499e-03
5.830e+01 1.838e-01 -4.649e-04
5.840e+01 1.776e-01 -1.067e-02
5.850e+01 1.612e-01 -2.797e-02
5.860e+01 1.685e-01 -1.889e-02
5.870e+01 1.741e-01 -6.471e-03
5.880e+01 1.719e-01 -1.318e-04
5.890e+01 1.492e-01 -3.439e-03
5.900e+01 1.519e-01 2.737e-02
5.910e+01 1.631e-01 2.580e-02
5.920e+01 1.690e-01 2.436e-02
5.930e+01 1.649e-01 2.908e-02
5.940e+01 1.645e-01 1.052e-02
5.950e+01 1.657e-01 1.420e-02
5.960e+01 1.703e-01 4.035e-02
5.970e+01 1.553e-01 3.136e-02
5.980e+01 1.720e-01 5.993e-02
5.990e+01 2.042e-01 2.656e-02
6.000e+01 1.846e-01 1.760e-02
6.010e+01 1.593e-01 4.712e-02
6.020e+01 1.560e-01 3.746e-02
6.030e+01 1.319e-01 1.853e-02
6.040e+01 1.377e-01 1.498e-03
6.050e+01 1.770e-01 2.913e-03
6.060e+01 1.653e-01 3.490e-03
6.070e+01 1.522e-01 3.775e-02
6.080e+01 1.404e-01 4.555e-02
6.090e+01 1.502e-01 1.987e-02
6.100e+01 1.592e-01 3.198e-02
6.110e+01 1.585e-01 2.231e-02
6.120e+01 1.465e-01 1.598e-02
6.130e+01 1.479e-01 1.201e-02
6.140e+01 1.434e-01 8.811e-03
6.150e+01 1.718e-01 -2.079e-03
6.160e+01 1.636e-01 1.380e-03
6.170e+01 1.580e-01 5.847e-04
6.180e+01 1.598e-01 -1.218e-03
6.190e+01 1.906e-01 -8.701e-03
6.200e+01 1.751e-01 -1.228e-02
6.210e+01 1.773e-01 1.523e-02
6.220e+01 1.635e-01 7.790e-03
6.230e+01 1.294e-01 3.239e-03
6.240e+01 1.494e-01 2.026e-02
6.250e+01 1.536e-01 1.883e-02
6.260e+01 1.806e-01 8.438e-03
6.270e+01 1.698e-01 -1.204e-02
6.280e+01 1.876e-01 1.005e-02
6.290e+01 1.756e-01 8.499e-03
6.300e+01 1.637e-01 3.411e-03
6.310e+01 1.757e-01 1.907e-02
6.320e+01 1.496e-01 2.561e-03
6.330e+01 1.563e-01 8.623e-03
6.340e+01 1.724e-01 6.113e-03
6.350e+01 1.801e-01 1.990e-02
6.360e+01 1.660e-01 1.223e-02
6.370e+01 1.690e-01 2.900e-03
6.380e+01 1.707e-01 1.133e-02
6.390e+01 1.692e-01 5.923e-03
6.400e+01 1.623e-01 3.188e-02
6.410e+01 1.772e-01 5.175e-03
6.420e+01 1.685e-01 2.953e-03
6.430e+01 1.832e-01 6.990e-03
6.440e+01 1.640e-01 1.657e-02
6.450e+01 1.621e-01 2.831e-02
6.460e+01 1.555e-01 4.039e-02
6.470e+01 1.537e-01 4.381e-02
6.480e+01 1.561e-01 1.455e-02
6.490e+01 1.671e-01 3.668e-02
6.500e+01 1.573e-01 4.831e-03
6.510e+01 1.546e-01 1.496e-02
6.520e+01 1.496e-01 -3.892e-03
6.530e+01 1.433e-01 9.257e-04
6.540e+01 1.645e-01 -3.134e-02
6.550e+01 1.548e-01 -2.007e-02
6.560e+01 1.654e-01 -1.503e-02
6.570e+01 1.685e-01 -1.150e-02
6.580e+01 1.635e-01 -1.793e-02
6.590e+01 1.768e-01 -2.384e-02
6.600e+01 1.689e-01 -1.872e-02
6.610e+01 1.447e-01 -1.862e-02
6.620e+01 1.498e-01 -2.173e-02
6.630e+01 1.791e-01 -3.624e-03
6.640e+01 1.748e-01 -5.395e-03
6.650e+01 1.700e-01 -1.334e-03
6.660e+01 1.627e-01 -1.550e-02
6.670e+01 1.656e-01 1.330e-02
6.680e+01 1.572e-01 -3.490e-03
6.690e+01 1.564e-01 -1.312e-02
6.700e+01 1.602e-01 -1.836e-02
6.710e+01 1.713e-01 6.010e-03
6.720e+01 1.729e-01 4.923e-03
6.730e+01 1.709e-01 -1.293e-02
6.740e+01 1.887e-01 -5.928e-03
6.750e+01 1.742e-01 -1.160e-02
6.760e+01 1.799e-01 -5.005e-03
6.770e+01 1.617e-01 -2.674e-02
6.780e+01 1.672e-01 -1.158e-02
6.790e+01 1.715e-01 -1.361e-02
6.800e+01 1.515e-01 6.438e-03
6.810e+01 1.495e-01 -1.506e-02
6.820e+01 1.673e-01 -1.245e-02
6.830e+01 1.555e-01 -1.271e-02
6.840e+01 1.607e-01 -2.801e-03
6.850e+01 1.786e-01 -2.596e-03
6.860e+01 1.828e-01 -1.077e-02
6.870e+01 1.955e-01 -2.711e-02
6.880e+01 2.071e-01 -1.035e-02
6.890e+01 1.725e-01 -1.106e-02
6.900e+01 1.584e-01 -2.609e-02
6.910e+01 1.757e-01 9.777e-03
6.920e+01 1.681e-01 -1.259e-03
6.930e+01 1.921e-01 6.563e-03
6.940e+01 1.681e-01 4.534e-03
6.950e+01 1.564e-01 -2.126e-02
6.960e+01 1.487e-01 -2.653e-02
6.970e+01 1.441e-01 -3.248e-02
6.980e+01 1.372e-01 -2.948e-02
6.990e+01 1.357e-01 -2.436e-02
7.000e+01 1.659e-01 -4.162e-02
7.010e+01 1.755e-01 -4.377e-02
7.020e+01 1.840e-01 -3.896e-02
7.030e+01 1.610e-01 -3.103e-02
7.040e+01 1.455e-01 -2.592e-02
7.050e+01 1.332e-01 -5.354e-02
7.060e+01 1.218e-01 -1.118e-02
7.070e+01 1.463e-01 -3.667e-02
7.080e+01 1.540e-01 -2.937e-02
7.090e+01 1.449e-01 -2.346e-02
7.100e+01 1.577e-01 -1.639e-02
7.110e+01 1.642e-01 -2.045e-02
7.120e+01 1.455e-01 -2.429e-02
7.130e+01 1.654e-01 -2.043e-02
7.140e+01 1.743e-01 -1.950e-02
7.150e+01 1.654e-01 -1.169e-02
7.160e+01 1.730e-01 -1.250e-02
7.170e+01 1.610e-01 5.888e-03
7.180e+01 1.545e-01 2.301e-03
7.190e+01 1.477e-01 -2.297e-03
7.200e+01 1.475e-01 -1.305e-02
7.210e+01 1.569e-01 1.181e-02
7.220e+01 1.459e-01 -1.641e-02
7.230e+01 1.457e-01 -1.282e-02
7.240e+01 1.449e-01 -1.452e-02
7.250e+01 1.440e-01 1.338e-02
7.260e+01 1.515e-01 -1.585e-03
7.270e+01 1.489e-01 9.704e-03
7.280e+01 1.347e-01 2.448e-02
7.290e+01 1.305e-01 4.738e-03
7.300e+01 1.274e-01 -6.137e-03
7.310e+01 1.189e-01 -7.926e-03
7.320e+01 1.333e-01 -1.941e-02
7.330e+01 1.472e-01 -1.246e-02
7.340e+01 1.493e-01 7.915e-03
7.350e+01 1.448e-01 -9.071e-04
7.360e+01 1.318e-01 -2.244e-02
7.370e+01 1.299e-01 -8.917e-03
7.380e+01 1.193e-01 -3.917e-03
7.390e+01 1.109e-01 7.793e-03
7.400e+01 1.012e-01 3.074e-03
7.410e+01 1.234e-01 6.880e-03
7.420e+01 1.148e-01 3.928e-04
7.430e+01 1.225e-01 -1.057e-02
7.440e+01 1.235e-01 -3.594e-03
7.450e+01 1.230e-01 -7.644e-03
7.460e+01 1.182e-01 8.349e-04
7.470e+01 1.369e-01 -2.581e-02
7.480e+01 1.083e-01 -1.096e-02
7.490e+01 1.176e-01 -1.483e-02
7.500e+01 1.261e-01 -1.240e-02
7.510e+01 1.202e-01 1.052e-02
7.520e+01 1.224e-01 1.207e-02
7.530e+01 1.273e-01 -1.960e-03
7.540e+01 1.106e-01 3.786e-03
7.550e+01 1.226e-01 -1.726e-02
7.560e+01 1.135e-01 -2.245e-03
7.570e+01 1.178e-01 -5.708e-03
7.580e+01 1.114e-01 -3.568e-04
7.590e+01 1.265e-01 7.626e-03
7.600e+01 1.251e-01 1.224e-03
7.610e+01 1.175e-01 8.984e-03
7.620e+01 1.195e-01 1.266e-02
7.630e+01 1.211e-01 1.681e-02
7.640e+01 1.164e-01 -4.159e-03
7.650e+01 1.347e-01 -3.909e-03
7.660e+01 1.286e-01 9.074e-04
7.670e+01 1.377e-01 4.335e-03
7.680e+01 1.238e-01 -4.432e-03
7.690e+01 1.273e-01 1.044e-02
7.700e+01 1.226e-01 7.070e-03
7.710e+01 1.244e-01 -7.257e-03
7.720e+01 1.213e-01 -1.053e-02
7.730e+01 1.231e-01 -1.325e-02
7.740e+01 1.232e-01 -5.479e-04
7.750e+01 1.141e-01 8.324e-03
7.760e+01 1.136e-01 -1.785e-03
7.770e+01 1.152e-01 1.913e-02
7.780e+01 1.181e-01 -9.391e-03
7.790e+01 1.155e-01 2.200e-02
7.800e+01 1.187e-01 2.721e-03
7.810e+01 1.143e-01 2.048e-02
7.820e+01 1.076e-01 1.827e-02
7.830e+01 1.157e-01 1.168e-02
7.840e+01 1.340e-01 -6.953e-03
7.850e+01 1.103e-01 2.220e-03
7.860e+01 1.018e-01 1.999e-02
7.870e+01 1.090e-01 1.578e-02
7.880e+01 1.049e-01 3.565e-02
7.890e+01 9.971e-02 2.646e-02
7.900e+01 9.224e-02 2.400e-02
7.910e+01 9.075e-02 1.704e-02
7.920e+01 8.771e-02 1.455e-02
7.930e+01 9.572e-02 1.573e-02
7.940e+01 9.929e-02 1.081e-02
7.950e+01 9.278e-02 1.841e-02
7.960e+01 9.008e-02 1.712e-02
7.970e+01 9.587e-02 1.284e-02
7.980e+01 1.040e-01 1.830e-02
7.990e+01 1.126e-01 9.618e-03
8.000e+01 1.028e-01 2.042e-02
8.010e+01 9.455e-02 1.473e-02
8.020e+01 1.018e-01 3.455e-03
8.030e+01 9.975e-02 1.495e-03
8.040e+01 9.693e-02 2.264e-02
8.050e+01 9.199e-02 1.604e-02
8.060e+01 9.484e-02 2.539e-02
8.070e+01 8.607e-02 1.812e-02
8.080e+01 8.935e-02 4.050e-02
8.090e+01 8.835e-02 1.955e-02
8.100e+01 8.756e-02 1.164e-02
8.110e+01 9.442e-02 3.034e-02
8.120e+01 1.160e-01 3.956e-02
8.130e+01 9.815e-02 3.143e-02
8.140e+01 1.109e-01 4.880e-03
8.150e+01 9.386e-02 3.842e-03
8.160e+01 1.034e-01 -2.672e-04
8.170e+01 9.239e-02 8.834e-03
8.180e+01 1.104e-01 3.830e-03
8.190e+01 1.124e-01 5.526e-03
8.200e+01 1.147e-01 2.133e-03
8.210e+01 1.051e-01 5.226e-03
8.220e+01 9.806e-02 7.478e-04
8.230e+01 9.474e-02 5.204e-03
8.240e+01 9.095e-02 1.329e-02
8.250e+01 9.369e-02 -2.788e-03
8.260e+01 1.043e-01 1.387e-02
8.270e+01 1.166e-01 4.310e-03
8.280e+01 1.071e-01 2.075e-03
8.290e+01 1.074e-01 -2.700e-03
8.300e+01 9.420e-02 4.626e-03
8.310e+01 1.016e-01 -4.005e-03
8.320e+01 1.107e-01 2.762e-02
8.330e+01 1.224e-01 1.365e-02
8.340e+01 1.109e-01 5.899e-03
8.350e+01 1.144e-01 8.713e-03
8.360e+01 1.007e-01 3.102e-02
8.370e+01 1.060e-01 2.293e-02
8.380e+01 1.015e-01 2.126e-02
8.390e+01 9.664e-02 2.778e-02
8.400e+01 1.028e-01 3.642e-03
8.410e+01 1.097e-01 7.121e-03
8.420e+01 9.581e-02 4.268e-03
8.430e+01 1.071e-01 8.437e-03
8.440e+01 9.299e-02 1.451e-02
8.450e+01 8.375e-02 1.233e-02
8.460e+01 6.273e-02 1.590e-02
8.470e+01 8.047e-02 5.537e-03
8.480e+01 1.092e-01 1.122e-02
8.490e+01 1.172e-01 -1.075e-03
8.500e+01 1.161e-01 2.090e-03
8.510e+01 9.681e-02 1.293e-02
8.520e+01 1.033e-01 7.903e-03
8.530e+01 1.106e-01 2.122e-03
8.540e+01 9.880e-02 1.039e-02
8.550e+01 8.560e-02 1.669e-02
8.560e+01 7.712e-02 -4.114e-03
8.570e+01 6.403e-02 2.246e-03
8.580e+01 8.065e-02 1.394e-02
8.590e+01 8.529e-02 1.803e-02
8.600e+01 8.691e-02 2.582e-02
8.610e+01 9.496e-02 1.980e-02
8.620e+01 9.220e-02 1.332e-02
8.630e+01 9.614e-02 1.169e-02
8.640e+01 9.258e-02 1.055e-02
8.650e+01 8.099e-02 6.685e-03
8.660e+01 8.554e-02 2.626e-02
8.670e+01 9.651e-02 2.728e-02
8.680e+01 9.462e-02 1.938e-02
8.690e+01 9.752e-02 2.661e-02
8.700e+01 8.814e-02 2.680e-02
8.710e+01 1.234e-01 4.973e-02
8.720e+01 1.100e-01 1.790e-02
8.730e+01 1.110e-01 1.618e-02
8.740e+01 1.096e-01 1.484e-02
8.750e+01 1.096e-01 3.658e-02
8.760e+01 1.186e-01 3.748e-02
8.770e+01 1.001e-01 3.058e-02
8.780e+01 8.950e-02 2.032e-02
8.790e+01 9.087e-02 2.959e-02
8.800e+01 8.927e-02 2.648e-02
8.810e+01 9.655e-02 1.133e-02
8.820e+01 1.047e-01 1.090e-02
8.830e+01 1.134e-01 1.455e-02
8.840e+01 1.120e-01 -6.492e-04
8.850e+01 1.115e-01 -7.762e-03
8.860e+01 1.065e-01 2.844e-03
8.870e+01 1.138e-01 1.090e-02
8.880e+01 1.041e-01 1.935e-02
8.890e+01 9.977e-02 2.120e-02
8.900e+01 8.472e-02 3.486e-02
8.910e+01 9.664e-02 3.269e-02
8.920e+01 9.993e-02 3.054e-02
8.930e+01 1.027e-01 3.679e-02
8.940e+01 1.165e-01 2.709e-02
8.950e+01 1.079e-01 2.908e-02
8.960e+01 1.058e-01 4.218e-02
8.970e+01 1.227e-01 2.090e-02
8.980e+01 1.208e-01 5.231e-02
8.990e+01 1.445e-01 4.730e-02
9.000e+01 1.347e-01 4.030e-02
9.010e+01 1.169e-01 4.615e-02
9.020e+01 1.447e-01 2.496e-02
9.030e+01 1.129e-01 2.702e-02
9.040e+01 1.257e-01 1.107e-02
9.050e+01 1.338e-01 3.673e-02
9.060e+01 1.306e-01 2.831e-02
9.070e+01 1.218e-01 3.317e-02
9.080e+01 1.340e-01 3.329e-02
9.090e+01 1.270e-01 2.445e-02
9.100e+01 1.227e-01 3.742e-02
9.110e+01 1.383e-01 3.112e-02
9.120e+01 1.185e-01 2.046e-02
9.130e+01 1.260e-01 2.739e-02
9.140e+01 1.258e-01 1.302e-02
9.150e+01 1.407e-01 7.721e-03
9.160e+01 1.213e-01 6.878e-03
9.170e+01 1.211e-01 -1.425e-02
9.180e+01 1.241e-01 -3.721e-03
9.190e+01 1.470e-01 4.819e-03
9.200e+01 1.361e-01 -6.145e-03
9.210e+01 1.387e-01 6.159e-03
9.220e+01 1.326e-01 6.689e-03
9.230e+01 1.065e-01 2.739e-03
9.240e+01 1.174e-01 1.918e-02
9.250e+01 1.164e-01 1.536e-02
9.260e+01 1.483e-01 2.666e-03
9.270e+01 1.401e-01 -1.928e-02
9.280e+01 1.424e-01 -1.167e-02
9.290e+01 1.393e-01 -8.816e-03
9.300e+01 1.301e-01 -1.535e-02
9.310e+01 1.386e-01 -9.395e-03
9.320e+01 1.239e-01 -4.636e-03
9.330e+01 1.192e-01 9.043e-03
9.340e+01 1.318e-01 1.303e-02
9.350e+01 1.309e-01 1.376e-02
9.360e+01 1.315e-01 5.501e-03
9.370e+01 1.405e-01 -6.814e-03
9.380e+01 1.211e-01 -1.207e-02
9.390e+01 1.289e-01 -1.048e-03
9.400e+01 1.219e-01 2.819e-02
9.410e+01 1.390e-01 2.353e-02
9.420e+01 1.172e-01 5.501e-03
9.430e+01 1.333e-01 1.932e-02
9.440e+01 1.144e-01 1.101e-02
9.450e+01 1.145e-01 1.315e-02
9.460e+01 1.097e-01 2.084e-02
9.470e+01 1.169e-01 1.102e-02
9.480e+01 1.185e-01 -1.817e-03
9.490e+01 1.385e-01 1.676e-02
9.500e+01 1.416e-01 8.646e-03
9.510e+01 1.365e-01 7.036e-03
9.520e+01 1.264e-01 -9.236e-03
9.530e+01 1.152e-01 7.254e-04
9.540e+01 1.364e-01 1.505e-03
9.550e+01 1.146e-01 8.502e-03
9.560e+01 1.306e-01 -8.129e-03
9.570e+01 1.286e-01 1.972e-02
9.580e+01 1.221e-01 1.858e-02
9.590e+01 1.299e-01 1.283e-02
9.600e+01 1.320e-01 2.606e-03
9.610e+01 1.210e-01 -1.953e-02
9.620e+01 1.244e-01 -2.443e-02
9.630e+01 1.150e-01 -8.269e-03
9.640e+01 1.243e-01 1.671e-03
9.650e+01 1.239e-01 8.970e-03
9.660e+01 1.230e-01 1.257e-02
9.670e+01 1.155e-01 8.556e-03
9.680e+01 9.669e-02 -2.129e-02
9.690e+01 1.055e-01 -2.053e-02
9.700e+01 1.098e-01 -9.592e-03
9.710e+01 1.007e-01 -1.912e-03
9.720e+01 1.186e-01 1.569e-03
9.730e+01 1.129e-01 1.386e-05
9.740e+01 1.194e-01 5.434e-03
9.750e+01 1.168e-01 -1.456e-03
9.760e+01 1.133e-01 3.656e-03
9.770e+01 1.075e-01 -8.693e-04
9.780e+01 1.051e-01 4.542e-03
9.790e+01 1.158e-01 6.020e-03
9.800e+01 9.948e-02 1.945e-02
9.810e+01 1.134e-01 5.018e-03
9.820e+01 1.086e-01 -1.814e-03
9.830e+01 1.102e-01 -1.652e-02
9.840e+01 1.153e-01 -2.626e-03
9.850e+01 1.187e-01 6.946e-03
9.860e+01 1.197e-01 -6.562e-03
9.870e+01 1.266e-01 -1.435e-02
9.880e+01 1.292e-01 -1.662e-02
9.890e+01 1.035e-01 -2.241e-03
9.900e+01 1.107e-01 -2.644e-02
9.910e+01 1.212e-01 -5.211e-03
9.920e+01 1.066e-01 -6.527e-03
9.930e+01 1.068e-01 -9.631e-03
9.940e+01 9.628e-02 -4.591e-03
9.950e+01 8.834e-02 -1.618e-02
9.960e+01 9.282e-02 -1.880e-02
9.970e+01 8.851e-02 -3.034e-02
9.980e+01 9.310e-02 -2.460e-02
9.990e+01 1.039e-01 -1.269e-02
