# Time (ps)      real(F_0)      im(F_0)
0.000e+00 1.000e+00 0.000e+00
1.000e-01 9.710e-01 0.000e+00
2.000e-01 9.424e-01 0.000e+00
3.000e-01 9.365e-01 0.000e+00
4.000e-01 8.902e-01 0.000e+00
5.000e-01 8.908e-01 0.000e+00
6.000e-01 9.013e-01 0.000e+00
7.000e-01 8.214e-01 0.000e+00
8.000e-01 8.858e-01 0.000e+00
9.000e-01 8.546e-01 0.000e+00
1.000e+00 8.778e-01 0.000e+00
1.100e+00 9.386e-01 0.000e+00
1.200e+00 9.333e-01 0.000e+00
1.300e+00 8.875e-01 0.000e+00
1.400e+00 8.713e-01 0.000e+00
1.500e+00 8.972e-01 0.000e+00
1.600e+00 8.197e-01 0.000e+00
1.700e+00 8.447e-01 0.000e+00
1.800e+00 8.671e-01 0.000e+00
1.900e+00 8.698e-01 0.000e+00
2.000e+00 9.147e-01 0.000e+00
2.100e+00 8.503e-01 0.000e+00
2.200e+00 8.626e-01 0.000e+00
2.300e+00 8.452e-01 0.000e+00
2.400e+00 8.148e-01 0.000e+00
2.500e+00 7.837e-01 0.000e+00
2.600e+00 7.619e-01 0.000e+00
2.700e+00 7.212e-01 0.000e+00
2.800e+00 6.968e-01 0.000e+00
2.900e+00 7.123e-01 0.000e+00
3.000e+00 7.379e-01 0.000e+00
3.100e+00 6.923e-01 0.000e+00
3.200e+00 7.029e-01 0.000e+00
3.300e+00 7.323e-01 0.000e+00
3.400e+00 7.087e-01 0.000e+00
3.500e+00 7.364e-01 0.000e+00
3.600e+00 7.151e-01 0.000e+00
3.700e+00 6.934e-01 0.000e+00
3.800e+00 7.080e-01 0.000e+00
3.900e+00 6.626e-01 0.000e+00
4.000e+00 6.617e-01 0.000e+00
4.100e+00 6.853e-01 0.000e+00
4.200e+00 6.805e-01 0.000e+00
4.300e+00 6.722e-01 0.000e+00
4.400e+00 6.592e-01 0.000e+00
4.500e+00 6.446e-01 0.000e+00
4.600e+00 6.820e-01 0.000e+00
4.700e+00 6.557e-01 0.000e+00
4.800e+00 6.176e-01 0.000e+00
4.900e+00 6.185e-01 0.000e+00
5.000e+00 6.012e-01 0.000e+00
5.100e+00 6.341e-01 0.000e+00
5.200e+00 7.355e-01 0.000e+00
5.300e+00 6.517e-01 0.000e+00
5.400e+00 6.899e-01 0.000e+00
5.500e+00 6.667e-01 0.000e+00
5.600e+00 6.993e-01 0.000e+00
5.700e+00 6.922e-01 0.000e+00
5.800e+00 6.553e-01 0.000e+00
5.900e+00 6.305e-01 0.000e+00
6.000e+00 6.350e-01 0.000e+00
6.100e+00 6.366e-01 0.000e+00
6.200e+00 6.675e-01 0.000e+00
6.300e+00 6.423e-01 0.000e+00
6.400e+00 6.415e-01 0.000e+00
6.500e+00 6.180e-01 0.000e+00
6.600e+00 6.197e-01 0.000e+00
6.700e+00 6.793e-01 0.000e+00
6.800e+00 6.478e-01 0.000e+00
6.900e+00 6.531e-01 0.000e+00
7.000e+00 6.654e-01 0.000e+00
7.100e+00 6.428e-01 0.000e+00
7.200e+00 6.297e-01 0.000e+00
7.300e+00 5.780e-01 0.000e+00
7.400e+00 5.688e-01 0.000e+00
7.500e+00 5.758e-01 0.000e+00
7.600e+00 5.834e-01 0.000e+00
7.700e+00 5.743e-01 0.000e+00
7.800e+00 5.842e-01 0.000e+00
7.900e+00 5.948e-01 0.000e+00
8.000e+00 6.150e-01 0.000e+00
8.100e+00 5.913e-01 0.000e+00
8.200e+00 5.988e-01 0.000e+00
8.300e+00 5.808e-01 0.000e+00
8.400e+00 6.036e-01 0.000e+00
8.500e+00 6.387e-01 0.000e+00
8.600e+00 6.342e-01 0.000e+00
8.700e+00 5.963e-01 0.000e+00
8.800e+00 5.909e-01 0.000e+00
8.900e+00 6.203e-01 0.000e+00
9.000e+00 5.918e-01 0.000e+00
9.100e+00 5.980e-01 0.000e+00
9.200e+00 5.937e-01 0.000e+00
9.300e+00 6.115e-01 0.000e+00
9.400e+00 6.106e-01 0.000e+00
9.500e+00 5.648e-01 0.000e+00
9.600e+00 5.878e-01 0.000e+00
9.700e+00 5.570e-01 0.000e+00
9.800e+00 5.380e-01 0.000e+00
9.900e+00 5.784e-01 0.000e+00
1.000e+01 6.253e-01 0.000e+00
1.010e+01 6.244e-01 0.000e+00
1.020e+01 5.828e-01 0.000e+00
1.030e+01 5.838e-01 0.000e+00
1.040e+01 5.211e-01 0.000e+00
1.050e+01 5.202e-01 0.000e+00
1.060e+01 5.463e-01 0.000e+00
1.070e+01 5.764e-01 0.000e+00
1.080e+01 5.049e-01 0.000e+00
1.090e+01 5.096e-01 0.000e+00
1.100e+01 5.087e-01 0.000e+00
1.110e+01 4.948e-01 0.000e+00
1.120e+01 4.621e-01 0.000e+00
1.130e+01 4.786e-01 0.000e+00
1.140e+01 5.377e-01 0.000e+00
1.150e+01 5.879e-01 0.000e+00
1.160e+01 5.356e-01 0.000e+00
1.170e+01 5.364e-01 0.000e+00
1.180e+01 4.706e-01 0.000e+00
1.190e+01 5.272e-01 0.000e+00
1.200e+01 5.237e-01 0.000e+00
1.210e+01 4.993e-01 0.000e+00
1.220e+01 5.116e-01 0.000e+00
1.230e+01 5.091e-01 0.000e+00
1.240e+01 5.045e-01 0.000e+00
1.250e+01 5.279e-01 0.000e+00
1.260e+01 5.403e-01 0.000e+00
1.270e+01 5.419e-01 0.000e+00
1.280e+01 4.958e-01 0.000e+00
1.290e+01 5.089e-01 0.000e+00
1.300e+01 4.885e-01 0.000e+00
1.310e+01 5.158e-01 0.000e+00
1.320e+01 5.490e-01 0.000e+00
1.330e+01 5.321e-01 0.000e+00
1.340e+01 5.381e-01 0.000e+00
1.350e+01 5.504e-01 0.000e+00
1.360e+01 5.373e-01 0.000e+00
1.370e+01 5.142e-01 0.000e+00
1.380e+01 4.876e-01 0.000e+00
1.390e+01 5.355e-01 0.000e+00
1.400e+01 4.809e-01 0.000e+00
1.410e+01 4.781e-01 0.000e+00
1.420e+01 4.696e-01 0.000e+00
1.430e+01 4.861e-01 0.000e+00
1.440e+01 5.054e-01 0.000e+00
1.450e+01 4.436e-01 0.000e+00
1.460e+01 4.554e-01 0.000e+00
1.470e+01 4.683e-01 0.000e+00
1.480e+01 4.803e-01 0.000e+00
1.490e+01 4.614e-01 0.000e+00
1.500e+01 4.562e-01 0.000e+00
1.510e+01 4.566e-01 0.000e+00
1.520e+01 4.767e-01 0.000e+00
1.530e+01 4.566e-01 0.000e+00
1.540e+01 4.632e-01 0.000e+00
1.550e+01 4.320e-01 0.000e+00
1.560e+01 4.579e-01 0.000e+00
1.570e+01 4.574e-01 0.000e+00
1.580e+01 4.501e-01 0.000e+00
1.590e+01 4.113e-01 0.000e+00
1.600e+01 4.527e-01 0.000e+00
1.610e+01 4.485e-01 0.000e+00
1.620e+01 4.242e-01 0.000e+00
1.630e+01 4.647e-01 0.000e+00
1.640e+01 4.461e-01 0.000e+00
1.650e+01 4.571e-01 0.000e+00
1.660e+01 4.795e-01 0.000e+00
1.670e+01 4.338e-01 0.000e+00
1.680e+01 4.218e-01 0.000e+00
1.690e+01 4.468e-01 0.000e+00
1.700e+01 4.056e-01 0.000e+00
1.710e+01 4.534e-01 0.000e+00
1.720e+01 4.182e-01 0.000e+00
1.730e+01 4.433e-01 0.000e+00
1.740e+01 4.015e-01 0.000e+00
1.750e+01 3.971e-01 0.000e+00
1.760e+01 3.804e-01 0.000e+00
1.770e+01 3.868e-01 0.000e+00
1.780e+01 3.893e-01 0.000e+00
1.790e+01 3.916e-01 0.000e+00
1.800e+01 4.267e-01 0.000e+00
1.810e+01 3.494e-01 0.000e+00
1.820e+01 3.798e-01 0.000e+00
1.830e+01 3.984e-01 0.000e+00
1.840e+01 4.174e-01 0.000e+00
1.850e+01 4.027e-01 0.000e+00
1.860e+01 3.793e-01 0.000e+00
1.870e+01 3.983e-01 0.000e+00
1.880e+01 3.691e-01 0.000e+00
1.890e+01 3.586e-01 0.000e+00
1.900e+01 3.598e-01 0.000e+00
1.910e+01 3.681e-01 0.000e+00
1.920e+01 3.661e-01 0.000e+00
1.930e+01 3.862e-01 0.000e+00
1.940e+01 3.957e-01 0.000e+00
1.950e+01 3.795e-01 0.000e+00
1.960e+01 3.732e-01 0.000e+00
1.970e+01 3.850e-01 0.000e+00
1.980e+01 3.907e-01 0.000e+00
1.990e+01 4.002e-01 0.000e+00
2.000e+01 3.716e-01 0.000e+00
2.010e+01 3.768e-01 0.000e+00
2.020e+01 3.635e-01 0.000e+00
2.030e+01 3.588e-01 0.000e+00
2.040e+01 3.627e-01 0.000e+00
2.050e+01 3.506e-01 0.000e+00
2.060e+01 3.778e-01 0.000e+00
2.070e+01 3.472e-01 0.000e+00
2.080e+01 3.755e-01 0.000e+00
2.090e+01 3.707e-01 0.000e+00
2.100e+01 3.668e-01 0.000e+00
2.110e+01 3.431e-01 0.000e+00
2.120e+01 3.666e-01 0.000e+00
2.130e+01 3.669e-01 0.000e+00
2.140e+01 3.674e-01 0.000e+00
2.150e+01 3.523e-01 0.000e+00
2.160e+01 3.697e-01 0.000e+00
2.170e+01 3.919e-01 0.000e+00
2.180e+01 3.864e-01 0.000e+00
2.190e+01 3.926e-01 0.000e+00
2.200e+01 4.085e-01 0.000e+00
2.210e+01 4.020e-01 0.000e+00
2.220e+01 3.814e-01 0.000e+00
2.230e+01 3.688e-01 0.000e+00
2.240e+01 3.542e-01 0.000e+00
2.250e+01 3.741e-01 0.000e+00
2.260e+01 3.797e-01 0.000e+00
2.270e+01 3.773e-01 0.000e+00
2.280e+01 3.734e-01 0.000e+00
2.290e+01 3.752e-01 0.000e+00
2.300e+01 3.558e-01 0.000e+00
2.310e+01 3.888e-01 0.000e+00
2.320e+01 3.574e-01 0.000e+00
2.330e+01 3.461e-01 0.000e+00
2.340e+01 3.315e-01 0.000e+00
2.350e+01 3.685e-01 0.000e+00
2.360e+01 3.669e-01 0.000e+00
2.370e+01 3.855e-01 0.000e+00
2.380e+01 3.826e-01 0.000e+00
2.390e+01 3.472e-01 0.000e+00
2.400e+01 3.392e-01 0.000e+00
2.410e+01 3.293e-01 0.000e+00
2.420e+01 3.301e-01 0.000e+00
2.430e+01 3.167e-01 0.000e+00
2.440e+01 3.509e-01 0.000e+00
2.450e+01 3.594e-01 0.000e+00
2.460e+01 3.418e-01 0.000e+00
2.470e+01 3.294e-01 0.000e+00
2.480e+01 3.413e-01 0.000e+00
2.490e+01 3.464e-01 0.000e+00
2.500e+01 3.248e-01 0.000e+00
2.510e+01 3.550e-01 0.000e+00
2.520e+01 3.141e-01 0.000e+00
2.530e+01 3.290e-01 0.000e+00
2.540e+01 3.359e-01 0.000e+00
2.550e+01 3.120e-01 0.000e+00
2.560e+01 3.268e-01 0.000e+00
2.570e+01 3.126e-01 0.000e+00
2.580e+01 3.151e-01 0.000e+00
2.590e+01 3.180e-01 0.000e+00
2.600e+01 3.130e-01 0.000e+00
2.610e+01 3.229e-01 0.000e+00
2.620e+01 3.236e-01 0.000e+00
2.630e+01 3.207e-01 0.000e+00
2.640e+01 3.205e-01 0.000e+00
2.650e+01 3.200e-01 0.000e+00
2.660e+01 3.100e-01 0.000e+00
2.670e+01 2.799e-01 0.000e+00
2.680e+01 2.901e-01 0.000e+00
2.690e+01 2.805e-01 0.000e+00
2.700e+01 2.896e-01 0.000e+00
2.710e+01 2.864e-01 0.000e+00
2.720e+01 2.852e-01 0.000e+00
2.730e+01 3.158e-01 0.000e+00
2.740e+01 3.037e-01 0.000e+00
2.750e+01 3.140e-01 0.000e+00
2.760e+01 2.575e-01 0.000e+00
2.770e+01 2.567e-01 0.000e+00
2.780e+01 2.452e-01 0.000e+00
2.790e+01 2.428e-01 0.000e+00
2.800e+01 2.581e-01 0.000e+00
2.810e+01 2.731e-01 0.000e+00
2.820e+01 2.558e-01 0.000e+00
2.830e+01 2.627e-01 0.000e+00
2.840e+01 2.713e-01 0.000e+00
2.850e+01 2.834e-01 0.000e+00
2.860e+01 2.776e-01 0.000e+00
2.870e+01 2.887e-01 0.000e+00
2.880e+01 2.758e-01 0.000e+00
2.890e+01 2.684e-01 0.000e+00
2.900e+01 2.662e-01 0.000e+00
2.910e+01 2.693e-01 0.000e+00
2.920e+01 2.437e-01 0.000e+00
2.930e+01 2.712e-01 0.000e+00
2.940e+01 2.505e-01 0.000e+00
2.950e+01 2.659e-01 0.000e+00
2.960e+01 2.783e-01 0.000e+00
2.970e+01 2.483e-01 0.000e+00
2.980e+01 2.610e-01 0.000e+00
2.990e+01 2.649e-01 0.000e+00
3.000e+01 2.794e-01 0.000e+00
3.010e+01 2.753e-01 0.000e+00
3.020e+01 2.703e-01 0.000e+00
3.030e+01 2.721e-01 0.000e+00
3.040e+01 2.931e-01 0.000e+00
3.050e+01 3.180e-01 0.000e+00
3.060e+01 3.023e-01 0.000e+00
3.070e+01 2.839e-01 0.000e+00
3.080e+01 2.690e-01 0.000e+00
3.090e+01 2.863e-01 0.000e+00
3.100e+01 2.832e-01 0.000e+00
3.110e+01 3.098e-01 0.000e+00
3.120e+01 2.992e-01 0.000e+00
3.130e+01 3.077e-01 0.000e+00
3.140e+01 3.110e-01 0.000e+00
3.150e+01 3.054e-01 0.000e+00
3.160e+01 2.879e-01 0.000e+00
3.170e+01 3.065e-01 0.000e+00
3.180e+01 3.039e-01 0.000e+00
3.190e+01 2.874e-01 0.000e+00
3.200e+01 2.917e-01 0.000e+00
3.210e+01 2.981e-01 0.000e+00
3.220e+01 3.087e-01 0.000e+00
3.230e+01 2.822e-01 0.000e+00
3.240e+01 2.786e-01 0.000e+00
3.250e+01 2.704e-01 0.000e+00
3.260e+01 2.835e-01 0.000e+00
3.270e+01 2.718e-01 0.000e+00
3.280e+01 2.742e-01 0.000e+00
3.290e+01 2.582e-01 0.000e+00
3.300e+01 2.509e-01 0.000e+00
3.310e+01 2.531e-01 0.000e+00
3.320e+01 2.621e-01 0.000e+00
3.330e+01 2.691e-01 0.000e+00
3.340e+01 2.672e-01 0.000e+00
3.350e+01 3.137e-01 0.000e+00
3.360e+01 2.955e-01 0.000e+00
3.370e+01 2.612e-01 0.000e+00
3.380e+01 2.530e-01 0.000e+00
3.390e+01 2.411e-01 0.000e+00
3.400e+01 2.414e-01 0.000e+00
3.410e+01 2.471e-01 0.000e+00
3.420e+01 2.610e-01 0.000e+00
3.430e+01 2.660e-01 0.000e+00
3.440e+01 2.503e-01 0.000e+00
3.450e+01 2.425e-01 0.000e+00
3.460e+01 2.402e-01 0.000e+00
3.470e+01 2.290e-01 0.000e+00
3.480e+01 2.210e-01 0.000e+00
3.490e+01 2.130e-01 0.000e+00
3.500e+01 1.880e-01 0.000e+00
3.510e+01 2.038e-01 0.000e+00
3.520e+01 2.324e-01 0.000e+00
3.530e+01 2.328e-01 0.000e+00
3.540e+01 2.189e-01 0.000e+00
3.550e+01 2.188e-01 0.000e+00
3.560e+01 2.129e-01 0.000e+00
3.570e+01 2.247e-01 0.000e+00
3.580e+01 2.232e-01 0.000e+00
3.590e+01 2.316e-01 0.000e+00
3.600e+01 2.271e-01 0.000e+00
3.610e+01 2.279e-01 0.000e+00
3.620e+01 2.194e-01 0.000e+00
3.630e+01 2.348e-01 0.000e+00
3.640e+01 2.242e-01 0.000e+00
3.650e+01 2.216e-01 0.000e+00
3.660e+01 2.331e-01 0.000e+00
3.670e+01 2.358e-01 0.000e+00
3.680e+01 2.307e-01 0.000e+00
3.690e+01 2.148e-01 0.000e+00
3.700e+01 2.021e-01 0.000e+00
3.710e+01 2.100e-01 0.000e+00
3.720e+01 2.164e-01 0.000e+00
3.730e+01 2.364e-01 0.000e+00
3.740e+01 2.376e-01 0.000e+00
3.750e+01 2.242e-01 0.000e+00
3.760e+01 2.264e-01 0.000e+00
3.770e+01 2.156e-01 0.000e+00
3.780e+01 2.028e-01 0.000e+00
3.790e+01 2.120e-01 0.000e+00
3.800e+01 2.217e-01 0.000e+00
3.810e+01 2.126e-01 0.000e+00
3.820e+01 2.260e-01 0.000e+00
3.830e+01 2.284e-01 0.000e+00
3.840e+01 2.258e-01 0.000e+00
3.850e+01 2.318e-01 0.000e+00
3.860e+01 2.361e-01 0.000e+00
3.870e+01 2.287e-01 0.000e+00
3.880e+01 2.234e-01 0.000e+00
3.890e+01 2.188e-01 0.000e+00
3.900e+01 2.036e-01 0.000e+00
3.910e+01 1.958e-01 0.000e+00
3.920e+01 2.140e-01 0.000e+00
3.930e+01 2.277e-01 0.000e+00
3.940e+01 2.062e-01 0.000e+00
3.950e+01 2.187e-01 0.000e+00
3.960e+01 2.202e-01 0.000e+00
3.970e+01 2.183e-01 0.000e+00
3.980e+01 2.136e-01 0.000e+00
3.990e+01 2.139e-01 0.000e+00
4.000e+01 2.157e-01 0.000e+00
4.010e+01 2.152e-01 0.000e+00
4.020e+01 2.216e-01 0.000e+00
4.030e+01 2.156e-01 0.000e+00
4.040e+01 2.023e-01 0.000e+00
4.050e+01 1.981e-01 0.000e+00
4.060e+01 1.999e-01 0.000e+00
4.070e+01 2.025e-01 0.000e+00
4.080e+01 2.083e-01 0.000e+00
4.090e+01 2.051e-01 0.000e+00
4.100e+01 2.015e-01 0.000e+00
4.110e+01 1.912e-01 0.000e+00
4.120e+01 2.155e-01 0.000e+00
4.130e+01 2.090e-01 0.000e+00
4.140e+01 2.003e-01 0.000e+00
4.150e+01 2.179e-01 0.000e+00
4.160e+01 2.171e-01 0.000e+00
4.170e+01 2.117e-01 0.000e+00
4.180e+01 2.116e-01 0.000e+00
4.190e+01 2.033e-01 0.000e+00
4.200e+01 2.133e-01 0.000e+00
4.210e+01 2.223e-01 0.000e+00
4.220e+01 2.292e-01 0.000e+00
4.230e+01 2.096e-01 0.000e+00
4.240e+01 2.289e-01 0.000e+00
4.250e+01 2.331e-01 0.000e+00
4.260e+01 2.262e-01 0.000e+00
4.270e+01 2.151e-01 0.000e+00
4.280e+01 2.155e-01 0.000e+00
4.290e+01 2.198e-01 0.000e+00
4.300e+01 2.075e-01 0.000e+00
4.310e+01 2.249e-01 0.000e+00
4.320e+01 2.076e-01 0.000e+00
4.330e+01 2.193e-01 0.000e+00
4.340e+01 2.220e-01 0.000e+00
4.350e+01 2.263e-01 0.000e+00
4.360e+01 2.265e-01 0.000e+00
4.370e+01 2.152e-01 0.000e+00
4.380e+01 1.998e-01 0.000e+00
4.390e+01 2.111e-01 0.000e+00
4.400e+01 2.284e-01 0.000e+00
4.410e+01 2.311e-01 0.000e+00
4.420e+01 2.291e-01 0.000e+00
4.430e+01 2.208e-01 0.000e+00
4.440e+01 2.299e-01 0.000e+00
4.450e+01 2.251e-01 0.000e+00
4.460e+01 2.371e-01 0.000e+00
4.470e+01 2.171e-01 0.000e+00
4.480e+01 2.204e-01 0.000e+00
4.490e+01 2.318e-01 0.000e+00
4.500e+01 2.345e-01 0.000e+00
4.510e+01 2.226e-01 0.000e+00
4.520e+01 2.166e-01 0.000e+00
4.530e+01 2.204e-01 0.000e+00
4.540e+01 2.411e-01 0.000e+00
4.550e+01 2.349e-01 0.000e+00
4.560e+01 2.423e-01 0.000e+00
4.570e+01 2.261e-01 0.000e+00
4.580e+01 2.244e-01 0.000e+00
4.590e+01 2.201e-01 0.000e+00
4.600e+01 2.174e-01 0.000e+00
4.610e+01 2.246e-01 0.000e+00
4.620e+01 2.230e-01 0.000e+00
4.630e+01 2.281e-01 0.000e+00
4.640e+01 2.301e-01 0.000e+00
4.650e+01 2.251e-01 0.000e+00
4.660e+01 1.982e-01 0.000e+00
4.670e+01 2.135e-01 0.000e+00
4.680e+01 2.077e-01 0.000e+00
4.690e+01 1.934e-01 0.000e+00
4.700e+01 1.791e-01 0.000e+00
4.710e+01 1.832e-01 0.000e+00
4.720e+01 1.994e-01 0.000e+00
4.730e+01 1.873e-01 0.000e+00
4.740e+01 1.877e-01 0.000e+00
4.750e+01 2.030e-01 0.000e+00
4.760e+01 2.056e-01 0.000e+00
4.770e+01 2.125e-01 0.000e+00
4.780e+01 2.035e-01 0.000e+00
4.790e+01 2.189e-01 0.000e+00
4.800e+01 2.148e-01 0.000e+00
4.810e+01 2.068e-01 0.000e+00
4.820e+01 2.107e-01 0.000e+00
4.830e+01 2.078e-01 0.000e+00
4.840e+01 2.134e-01 0.000e+00
4.850e+01 2.133e-01 0.000e+00
4.860e+01 2.182e-01 0.000e+00
4.870e+01 2.234e-01 0.000e+00
4.880e+01 2.051e-01 0.000e+00
4.890e+01 2.083e-01 0.000e+00
4.900e+01 2.157e-01 0.000e+00
4.910e+01 2.213e-01 0.000e+00
4.920e+01 2.194e-01 0.000e+00
4.930e+01 2.264e-01 0.000e+00
4.940e+01 2.319e-01 0.000e+00
4.950e+01 2.107e-01 0.000e+00
4.960e+01 2.064e-01 0.000e+00
4.970e+01 1.949e-01 0.000e+00
4.980e+01 2.028e-01 0.000e+00
4.990e+01 1.955e-01 0.000e+00
5.000e+01 1.929e-01 0.000e+00
5.010e+01 1.787e-01 0.000e+00
5.020e+01 1.783e-01 0.000e+00
5.030e+01 1.551e-01 0.000e+00
5.040e+01 1.585e-01 0.000e+00
5.050e+01 1.674e-01 0.000e+00
5.060e+01 1.704e-01 0.000e+00
5.070e+01 1.811e-01 0.000e+00
5.080e+01 1.664e-01 0.000e+00
5.090e+01 1.824e-01 0.000e+00
5.100e+01 1.922e-01 0.000e+00
5.110e+01 1.945e-01 0.000e+00
5.120e+01 1.915e-01 0.000e+00
5.130e+01 1.865e-01 0.000e+00
5.140e+01 1.869e-01 0.000e+00
5.150e+01 1.843e-01 0.000e+00
5.160e+01 1.673e-01 0.000e+00
5.170e+01 2.009e-01 0.000e+00
5.180e+01 1.991e-01 0.000e+00
5.190e+01 1.893e-01 0.000e+00
5.200e+01 1.695e-01 0.000e+00
5.210e+01 1.860e-01 0.000e+00
5.220e+01 1.930e-01 0.000e+00
5.230e+01 2.021e-01 0.000e+00
5.240e+01 2.002e-01 0.000e+00
5.250e+01 2.059e-01 0.000e+00
5.260e+01 2.198e-01 0.000e+00
5.270e+01 2.027e-01 0.000e+00
5.280e+01 2.053e-01 0.000e+00
5.290e+01 1.975e-01 0.000e+00
5.300e+01 1.983e-01 0.000e+00
5.310e+01 1.825e-01 0.000e+00
5.320e+01 1.792e-01 0.000e+00
5.330e+01 1.781e-01 0.000e+00
5.340e+01 1.799e-01 0.000e+00
5.350e+01 1.831e-01 0.000e+00
5.360e+01 1.821e-01 0.000e+00
5.370e+01 1.842e-01 0.000e+00
5.380e+01 1.939e-01 0.000e+00
5.390e+01 1.830e-01 0.000e+00
5.400e+01 1.781e-01 0.000e+00
5.410e+01 1.825e-01 0.000e+00
5.420e+01 1.745e-01 0.000e+00
5.430e+01 1.700e-01 0.000e+00
5.440e+01 1.817e-01 0.000e+00
5.450e+01 1.977e-01 0.000e+00
5.460e+01 1.692e-01 0.000e+00
5.470e+01 1.637e-01 0.000e+00
5.480e+01 1.563e-01 0.000e+00
5.490e+01 1.777e-01 0.000e+00
5.500e+01 1.735e-01 0.000e+00
5.510e+01 1.818e-01 0.000e+00
5.520e+01 1.745e-01 0.000e+00
5.530e+01 1.801e-01 0.000e+00
5.540e+01 1.690e-01 0.000e+00
5.550e+01 1.691e-01 0.000e+00
5.560e+01 1.660e-01 0.000e+00
5.570e+01 1.697e-01 0.000e+00
5.580e+01 1.695e-01 0.000e+00
5.590e+01 1.676e-01 0.000e+00
5.600e+01 1.743e-01 0.000e+00
5.610e+01 1.776e-01 0.000e+00
5.620e+01 1.792e-01 0.000e+00
5.630e+01 1.923e-01 0.000e+00
5.640e+01 1.956e-01 0.000e+00
5.650e+01 1.770e-01 0.000e+00
5.660e+01 1.662e-01 0.000e+00
5.670e+01 1.725e-01 0.000e+00
5.680e+01 1.620e-01 0.000e+00
5.690e+01 1.467e-01 0.000e+00
5.700e+01 1.463e-01 0.000e+00
5.710e+01 1.586e-01 0.000e+00
5.720e+01 1.470e-01 0.000e+00
5.730e+01 1.502e-01 0.000e+00
5.740e+01 1.608e-01 0.000e+00
5.750e+01 1.573e-01 0.000e+00
5.760e+01 1.637e-01 0.000e+00
5.770e+01 1.595e-01 0.000e+00
5.780e+01 1.483e-01 0.000e+00
5.790e+01 1.620e-01 0.000e+00
5.800e+01 1.454e-01 0.000e+00
5.810e+01 1.568e-01 0.000e+00
5.820e+01 1.698e-01 0.000e+00
5.830e+01 1.704e-01 0.000e+00
5.840e+01 1.712e-01 0.000e+00
5.850e+01 1.743e-01 0.000e+00
5.860e+01 1.775e-01 0.000e+00
5.870e+01 1.703e-01 0.000e+00
5.880e+01 1.690e-01 0.000e+00
5.890e+01 1.674e-01 0.000e+00
5.900e+01 1.833e-01 0.000e+00
5.910e+01 1.841e-01 0.000e+00
5.920e+01 1.705e-01 0.000e+00
5.930e+01 1.657e-01 0.000e+00
5.940e+01 1.687e-01 0.000e+00
5.950e+01 1.723e-01 0.000e+00
5.960e+01 1.740e-01 0.000e+00
5.970e+01 1.821e-01 0.000e+00
5.980e+01 1.871e-01 0.000e+00
5.990e+01 1.871e-01 0.000e+00
6.000e+01 1.914e-01 0.000e+00
6.010e+01 1.937e-01 0.000e+00
6.020e+01 1.836e-01 0.000e+00
6.030e+01 1.764e-01 0.000e+00
6.040e+01 1.699e-01 0.000e+00
6.050e+01 1.819e-01 0.000e+00
6.060e+01 1.764e-01 0.000e+00
6.070e+01 1.873e-01 0.000e+00
6.080e+01 1.904e-01 0.000e+00
6.090e+01 1.954e-01 0.000e+00
6.100e+01 1.872e-01 0.000e+00
6.110e+01 1.875e-01 0.000e+00
6.120e+01 1.786e-01 0.000e+00
6.130e+01 1.843e-01 0.000e+00
6.140e+01 1.730e-01 0.000e+00
6.150e+01 1.862e-01 0.000e+00
6.160e+01 1.652e-01 0.000e+00
6.170e+01 1.631e-01 0.000e+00
6.180e+01 1.681e-01 0.000e+00
6.190e+01 1.860e-01 0.000e+00
6.200e+01 1.914e-01 0.000e+00
6.210e+01 2.009e-01 0.000e+00
6.220e+01 1.790e-01 0.000e+00
6.230e+01 1.671e-01 0.000e+00
6.240e+01 1.778e-01 0.000e+00
6.250e+01 1.778e-01 0.000e+00
6.260e+01 2.020e-01 0.000e+00
6.270e+01 1.842e-01 0.000e+00
6.280e+01 1.881e-01 0.000e+00
6.290e+01 2.145e-01 0.000e+00
6.300e+01 2.002e-01 0.000e+00
6.310e+01 1.803e-01 0.000e+00
6.320e+01 1.721e-01 0.000e+00
6.330e+01 1.657e-01 0.000e+00
6.340e+01 1.804e-01 0.000e+00
6.350e+01 2.043e-01 0.000e+00
6.360e+01 1.687e-01 0.000e+00
6.370e+01 1.691e-01 0.000e+00
6.380e+01 1.568e-01 0.000e+00
6.390e+01 1.543e-01 0.000e+00
6.400e+01 1.785e-01 0.000e+00
6.410e+01 1.657e-01 0.000e+00
6.420e+01 1.746e-01 0.000e+00
6.430e+01 1.573e-01 0.000e+00
6.440e+01 1.531e-01 0.000e+00
6.450e+01 1.518e-01 0.000e+00
6.460e+01 1.594e-01 0.000e+00
6.470e+01 1.549e-01 0.000e+00
6.480e+01 1.460e-01 0.000e+00
6.490e+01 1.463e-01 0.000e+00
6.500e+01 1.338e-01 0.000e+00
6.510e+01 1.545e-01 0.000e+00
6.520e+01 1.707e-01 0.000e+00
6.530e+01 1.740e-01 0.000e+00
6.540e+01 1.567e-01 0.000e+00
6.550e+01 1.682e-01 0.000e+00
6.560e+01 1.602e-01 0.000e+00
6.570e+01 1.651e-01 0.000e+00
6.580e+01 1.604e-01 0.000e+00
6.590e+01 1.839e-01 0.000e+00
6.600e+01 1.655e-01 0.000e+00
6.610e+01 1.491e-01 0.000e+00
6.620e+01 1.455e-01 0.000e+00
6.630e+01 1.602e-01 0.000e+00
6.640e+01 1.616e-01 0.000e+00
6.650e+01 1.601e-01 0.000e+00
6.660e+01 1.482e-01 0.000e+00
6.670e+01 1.405e-01 0.000e+00
6.680e+01 1.522e-01 0.000e+00
6.690e+01 1.521e-01 0.000e+00
6.700e+01 1.604e-01 0.000e+00
6.710e+01 1.492e-01 0.000e+00
6.720e+01 1.566e-01 0.000e+00
6.730e+01 1.460e-01 0.000e+00
6.740e+01 1.515e-01 0.000e+00
6.750e+01 1.424e-01 0.000e+00
6.760e+01 1.315e-01 0.000e+00
6.770e+01 1.236e-01 0.000e+00
6.780e+01 1.332e-01 0.000e+00
6.790e+01 1.377e-01 0.000e+00
6.800e+01 1.489e-01 0.000e+00
6.810e+01 1.405e-01 0.000e+00
6.820e+01 1.349e-01 0.000e+00
6.830e+01 1.510e-01 0.000e+00
6.840e+01 1.790e-01 0.000e+00
6.850e+01 1.711e-01 0.000e+00
6.860e+01 1.725e-01 0.000e+00
6.870e+01 1.682e-01 0.000e+00
6.880e+01 1.707e-01 0.000e+00
6.890e+01 1.573e-01 0.000e+00
6.900e+01 1.797e-01 0.000e+00
6.910e+01 1.574e-01 0.000e+00
6.920e+01 1.579e-01 0.000e+00
6.930e+01 1.579e-01 0.000e+00
6.940e+01 1.510e-01 0.000e+00
6.950e+01 1.546e-01 0.000e+00
6.960e+01 1.687e-01 0.000e+00
6.970e+01 1.789e-01 0.000e+00
6.980e+01 1.548e-01 0.000e+00
6.990e+01 1.740e-01 0.000e+00
7.000e+01 1.646e-01 0.000e+00
7.010e+01 1.604e-01 0.000e+00
7.020e+01 1.636e-01 0.000e+00
7.030e+01 1.433e-01 0.000e+00
7.040e+01 1.579e-01 0.000e+00
7.050e+01 1.615e-01 0.000e+00
7.060e+01 1.512e-01 0.000e+00
7.070e+01 1.730e-01 0.000e+00
7.080e+01 1.718e-01 0.000e+00
7.090e+01 1.677e-01 0.000e+00
7.100e+01 1.789e-01 0.000e+00
7.110e+01 1.812e-01 0.000e+00
7.120e+01 1.912e-01 0.000e+00
7.130e+01 1.706e-01 0.000e+00
7.140e+01 1.587e-01 0.000e+00
7.150e+01 1.534e-01 0.000e+00
7.160e+01 1.490e-01 0.000e+00
7.170e+01 1.228e-01 0.000e+00
7.180e+01 1.339e-01 0.000e+00
7.190e+01 1.276e-01 0.000e+00
7.200e+01 1.288e-01 0.000e+00
7.210e+01 1.317e-01 0.000e+00
7.220e+01 1.516e-01 0.000e+00
7.230e+01 1.517e-01 0.000e+00
7.240e+01 1.555e-01 0.000e+00
7.250e+01 1.512e-01 0.000e+00
7.260e+01 1.257e-01 0.000e+00
7.270e+01 1.192e-01 0.000e+00
7.280e+01 1.348e-01 0.000e+00
7.290e+01 1.332e-01 0.000e+00
7.300e+01 1.364e-01 0.000e+00
7.310e+01 1.387e-01 0.000e+00
7.320e+01 1.386e-01 0.000e+00
7.330e+01 1.216e-01 0.000e+00
7.340e+01 1.157e-01 0.000e+00
7.350e+01 1.364e-01 0.000e+00
7.360e+01 1.081e-01 0.000e+00
7.370e+01 1.115e-01 0.000e+00
7.380e+01 1.215e-01 0.000e+00
7.390e+01 1.169e-01 0.000e+00
7.400e+01 1.352e-01 0.000e+00
7.410e+01 1.388e-01 0.000e+00
7.420e+01 1.359e-01 0.000e+00
7.430e+01 1.202e-01 0.000e+00
7.440e+01 1.290e-01 0.000e+00
7.450e+01 1.328e-01 0.000e+00
7.460e+01 1.323e-01 0.000e+00
7.470e+01 1.335e-01 0.000e+00
7.480e+01 1.304e-01 0.000e+00
7.490e+01 1.460e-01 0.000e+00
7.500e+01 1.447e-01 0.000e+00
7.510e+01 1.348e-01 0.000e+00
7.520e+01 1.156e-01 0.000e+00
7.530e+01 1.421e-01 0.000e+00
7.540e+01 1.248e-01 0.000e+00
7.550e+01 1.444e-01 0.000e+00
7.560e+01 1.382e-01 0.000e+00
7.570e+01 1.208e-01 0.000e+00
7.580e+01 1.424e-01 0.000e+00
7.590e+01 1.162e-01 0.000e+00
7.600e+01 1.359e-01 0.000e+00
7.610e+01 1.390e-01 0.000e+00
7.620e+01 1.190e-01 0.000e+00
7.630e+01 1.017e-01 0.000e+00
7.640e+01 1.234e-01 0.000e+00
7.650e+01 1.376e-01 0.000e+00
7.660e+01 1.077e-01 0.000e+00
7.670e+01 1.247e-01 0.000e+00
7.680e+01 1.054e-01 0.000e+00
7.690e+01 1.054e-01 0.000e+00
7.700e+01 1.114e-01 0.000e+00
7.710e+01 1.232e-01 0.000e+00
7.720e+01 1.071e-01 0.000e+00
7.730e+01 1.163e-01 0.000e+00
7.740e+01 1.035e-01 0.000e+00
7.750e+01 1.106e-01 0.000e+00
7.760e+01 1.221e-01 0.000e+00
7.770e+01 1.110e-01 0.000e+00
7.780e+01 1.205e-01 0.000e+00
7.790e+01 1.217e-01 0.000e+00
7.800e+01 1.123e-01 0.000e+00
7.810e+01 1.192e-01 0.000e+00
7.820e+01 1.370e-01 0.000e+00
7.830e+01 1.350e-01 0.000e+00
7.840e+01 1.432e-01 0.000e+00
7.850e+01 1.249e-01 0.000e+00
7.860e+01 1.189e-01 0.000e+00
7.870e+01 1.156e-01 0.000e+00
7.880e+01 1.340e-01 0.000e+00
7.890e+01 1.464e-01 0.000e+00
7.900e+01 1.358e-01 0.000e+00
7.910e+01 1.342e-01 0.000e+00
7.920e+01 1.310e-01 0.000e+00
7.930e+01 1.292e-01 0.000e+00
7.940e+01 1.174e-01 0.000e+00
7.950e+01 1.291e-01 0.000e+00
7.960e+01 1.532e-01 0.000e+00
7.970e+01 1.516e-01 0.000e+00
7.980e+01 1.425e-01 0.000e+00
7.990e+01 1.306e-01 0.000e+00
8.000e+01 1.714e-01 0.000e+00
8.010e+01 1.529e-01 0.000e+00
8.020e+01 1.728e-01 0.000e+00
8.030e+01 1.435e-01 0.000e+00
8.040e+01 1.188e-01 0.000e+00
8.050e+01 1.190e-01 0.000e+00
8.060e+01 1.058e-01 0.000e+00
8.070e+01 1.193e-01 0.000e+00
8.080e+01 1.046e-01 0.000e+00
8.090e+01 1.117e-01 0.000e+00
8.100e+01 1.064e-01 0.000e+00
8.110e+01 1.243e-01 0.000e+00
8.120e+01 1.191e-01 0.000e+00
8.130e+01 1.221e-01 0.000e+00
8.140e+01 1.296e-01 0.000e+00
8.150e+01 1.234e-01 0.000e+00
8.160e+01 1.330e-01 0.000e+00
8.170e+01 1.513e-01 0.000e+00
8.180e+01 1.605e-01 0.000e+00
8.190e+01 1.364e-01 0.000e+00
8.200e+01 1.442e-01 0.000e+00
8.210e+01 1.547e-01 0.000e+00
8.220e+01 1.767e-01 0.000e+00
8.230e+01 1.810e-01 0.000e+00
8.240e+01 1.623e-01 0.000e+00
8.250e+01 1.656e-01 0.000e+00
8.260e+01 1.796e-01 0.000e+00
8.270e+01 1.604e-01 0.000e+00
8.280e+01 1.702e-01 0.000e+00
8.290e+01 1.809e-01 0.000e+00
8.300e+01 1.646e-01 0.000e+00
8.310e+01 1.590e-01 0.000e+00
8.320e+01 1.768e-01 0.000e+00
8.330e+01 1.828e-01 0.000e+00
8.340e+01 1.521e-01 0.000e+00
8.350e+01 1.651e-01 0.000e+00
8.360e+01 1.674e-01 0.000e+00
8.370e+01 1.682e-01 0.000e+00
8.380e+01 1.684e-01 0.000e+00
8.390e+01 1.661e-01 0.000e+00
8.400e+01 1.760e-01 0.000e+00
8.410e+01 1.756e-01 0.000e+00
8.420e+01 1.546e-01 0.000e+00
8.430e+01 1.742e-01 0.000e+00
8.440e+01 1.812e-01 0.000e+00
8.450e+01 1.921e-01 0.000e+00
8.460e+01 1.472e-01 0.000e+00
8.470e+01 1.588e-01 0.000e+00
8.480e+01 1.326e-01 0.000e+00
8.490e+01 1.428e-01 0.000e+00
8.500e+01 1.405e-01 0.000e+00
8.510e+01 1.728e-01 0.000e+00
8.520e+01 1.442e-01 0.000e+00
8.530e+01 1.637e-01 0.000e+00
8.540e+01 1.465e-01 0.000e+00
8.550e+01 1.298e-01 0.000e+00
8.560e+01 1.481e-01 0.000e+00
8.570e+01 1.472e-01 0.000e+00
8.580e+01 1.478e-01 0.000e+00
8.590e+01 1.643e-01 0.000e+00
8.600e+01 1.573e-01 0.000e+00
8.610e+01 1.615e-01 0.000e+00
8.620e+01 1.656e-01 0.000e+00
8.630e+01 1.557e-01 0.000e+00
8.640e+01 1.561e-01 0.000e+00
8.650e+01 1.520e-01 0.000e+00
8.660e+01 1.725e-01 0.000e+00
8.670e+01 1.488e-01 0.000e+00
8.680e+01 1.756e-01 0.000e+00
8.690e+01 1.298e-01 0.000e+00
8.700e+01 1.146e-01 0.000e+00
8.710e+01 1.726e-01 0.000e+00
8.720e+01 1.499e-01 0.000e+00
8.730e+01 1.471e-01 0.000e+00
8.740e+01 1.485e-01 0.000e+00
8.750e+01 1.792e-01 0.000e+00
8.760e+01 1.630e-01 0.000e+00
8.770e+01 1.496e-01 0.000e+00
8.780e+01 1.445e-01 0.000e+00
8.790e+01 1.445e-01 0.000e+00
8.800e+01 1.387e-01 0.000e+00
8.810e+01 1.430e-01 0.000e+00
8.820e+01 1.386e-01 0.000e+00
8.830e+01 1.696e-01 0.000e+00
8.840e+01 1.773e-01 0.000e+00
8.850e+01 1.741e-01 0.000e+00
8.860e+01 1.599e-01 0.000e+00
8.870e+01 1.712e-01 0.000e+00
8.880e+01 1.532e-01 0.000e+00
8.890e+01 1.528e-01 0.000e+00
8.900e+01 1.881e-01 0.000e+00
8.910e+01 1.881e-01 0.000e+00
8.920e+01 1.776e-01 0.000e+00
8.930e+01 1.748e-01 0.000e+00
8.940e+01 1.541e-01 0.000e+00
8.950e+01 1.744e-01 0.000e+00
8.960e+01 1.827e-01 0.000e+00
8.970e+01 1.532e-01 0.000e+00
8.980e+01 1.399e-01 0.000e+00
8.990e+01 1.344e-01 0.000e+00
9.000e+01 1.657e-01 0.000e+00
9.010e+01 1.779e-01 0.000e+00
9.020e+01 1.759e-01 0.000e+00
9.030e+01 1.696e-01 0.000e+00
9.040e+01 1.624e-01 0.000e+00
9.050e+01 1.710e-01 0.000e+00
9.060e+01 1.816e-01 0.000e+00
9.070e+01 1.642e-01 0.000e+00
9.080e+01 1.728e-01 0.000e+00
9.090e+01 1.729e-01 0.000e+00
9.100e+01 1.691e-01 0.000e+00
9.110e+01 2.003e-01 0.000e+00
9.120e+01 1.648e-01 0.000e+00
9.130e+01 1.704e-01 0.000e+00
9.140e+01 1.638e-01 0.000e+00
9.150e+01 1.669e-01 0.000e+00
9.160e+01 1.458e-01 0.000e+00
9.170e+01 1.703e-01 0.000e+00
9.180e+01 1.643e-01 0.000e+00
9.190e+01 1.574e-01 0.000e+00
9.200e+01 1.667e-01 0.000e+00
9.210e+01 1.787e-01 0.000e+00
9.220e+01 1.899e-01 0.000e+00
9.230e+01 1.574e-01 0.000e+00
9.240e+01 1.629e-01 0.000e+00
9.250e+01 1.516e-01 0.000e+00
9.260e+01 1.617e-01 0.000e+00
9.270e+01 1.318e-01 0.000e+00
9.280e+01 1.196e-01 0.000e+00
9.290e+01 1.274e-01 0.000e+00
9.300e+01 1.259e-01 0.000e+00
9.310e+01 1.203e-01 0.000e+00
9.320e+01 1.002e-01 0.000e+00
9.330e+01 1.034e-01 0.000e+00
9.340e+01 1.119e-01 0.000e+00
9.350e+01 1.182e-01 0.000e+00
9.360e+01 1.073e-01 0.000e+00
9.370e+01 1.013e-01 0.000e+00
9.380e+01 1.104e-01 0.000e+00
9.390e+01 1.127e-01 0.000e+00
9.400e+01 1.217e-01 0.000e+00
9.410e+01 1.125e-01 0.000e+00
9.420e+01 1.099e-01 0.000e+00
9.430e+01 1.098e-01 0.000e+00
9.440e+01 1.042e-01 0.000e+00
9.450e+01 1.058e-01 0.000e+00
9.460e+01 1.125e-01 0.000e+00
9.470e+01 1.058e-01 0.000e+00
9.480e+01 1.054e-01 0.000e+00
9.490e+01 1.133e-01 0.000e+00
9.500e+01 1.118e-01 0.000e+00
9.510e+01 1.136e-01 0.000e+00
9.520e+01 1.307e-01 0.000e+00
9.530e+01 1.274e-01 0.000e+00
9.540e+01 1.274e-01 0.000e+00
9.550e+01 1.291e-01 0.000e+00
9.560e+01 1.294e-01 0.000e+00
9.570e+01 1.209e-01 0.000e+00
9.580e+01 1.206e-01 0.000e+00
9.590e+01 1.306e-01 0.000e+00
9.600e+01 1.198e-01 0.000e+00
9.610e+01 1.227e-01 0.000e+00
9.620e+01 1.217e-01 0.000e+00
9.630e+01 1.275e-01 0.000e+00
9.640e+01 1.198e-01 0.000e+00
9.650e+01 1.232e-01 0.000e+00
9.660e+01 1.211e-01 0.000e+00
9.670e+01 1.277e-01 0.000e+00
9.680e+01 1.180e-01 0.000e+00
9.690e+01 1.200e-01 0.000e+00
9.700e+01 1.326e-01 0.000e+00
9.710e+01 1.165e-01 0.000e+00
9.720e+01 1.196e-01 0.000e+00
9.730e+01 9.784e-02 0.000e+00
9.740e+01 1.100e-01 0.000e+00
9.750e+01 1.119e-01 0.000e+00
9.760e+01 1.032e-01 0.000e+00
9.770e+01 9.289e-02 0.000e+00
9.780e+01 1.230e-01 0.000e+00
9.790e+01 1.205e-01 0.000e+00
9.800e+01 1.299e-01 0.000e+00
9.810e+01 1.250e-01 0.000e+00
9.820e+01 1.150e-01 0.000e+00
9.830e+01 1.154e-01 0.000e+00
9.840e+01 1.290e-01 0.000e+00
9.850e+01 1.337e-01 0.000e+00
9.860e+01 1.329e-01 0.000e+00
9.870e+01 1.325e-01 0.000e+00
9.880e+01 1.297e-01 0.000e+00
9.890e+01 1.254e-01 0.000e+00
9.900e+01 1.348e-01 0.000e+00
9.910e+01 1.239e-01 0.000e+00
9.920e+01 1.270e-01 0.000e+00
9.930e+01 1.207e-01 0.000e+00
9.940e+01 1.335e-01 0.000e+00
9.950e+01 1.160e-01 0.000e+00
9.960e+01 1.286e-01 0.000e+00
9.970e+01 1.217e-01 0.000e+00
9.980e+01 1.049e-01 0.000e+00
9.990e+01 1.082e-01 0.000e+00
