# Time (ps)      real(F_2)      im(F_2)
0.000e+00 1.000e+00 0.000e+00
1.000e-01 9.297e-01 3.208e-03
2.000e-01 9.297e-01 1.835e-02
3.000e-01 8.768e-01 3.298e-02
4.000e-01 9.582e-01 1.890e-02
5.000e-01 8.583e-01 -2.737e-03
6.000e-01 9.131e-01 5.760e-03
7.000e-01 8.846e-01 5.370e-02
8.000e-01 8.752e-01 3.980e-02
9.000e-01 9.225e-01 8.891e-02
1.000e+00 8.809e-01 5.174e-02
1.100e+00 8.726e-01 8.395e-02
1.200e+00 8.666e-01 4.306e-02
1.300e+00 8.266e-01 1.265e-02
1.400e+00 8.096e-01 5.233e-02
1.500e+00 7.697e-01 7.143e-02
1.600e+00 7.547e-01 7.255e-02
1.700e+00 8.242e-01 3.682e-02
1.800e+00 7.645e-01 6.175e-02
1.900e+00 7.439e-01 1.195e-01
2.000e+00 7.497e-01 1.261e-01
2.100e+00 7.686e-01 9.276e-02
2.200e+00 8.046e-01 5.971e-02
2.300e+00 7.092e-01 5.667e-02
2.400e+00 7.473e-01 1.247e-02
2.500e+00 7.347e-01 3.540e-02
2.600e+00 8.131e-01 5.288e-02
2.700e+00 7.491e-01 7.686e-02
2.800e+00 7.764e-01 7.547e-02
2.900e+00 7.241e-01 8.008e-02
3.000e+00 7.353e-01 7.506e-02
3.100e+00 7.582e-01 4.120e-02
3.200e+00 7.409e-01 4.242e-02
3.300e+00 6.970e-01 4.158e-02
3.400e+00 7.491e-01 6.023e-02
3.500e+00 7.197e-01 8.548e-02
3.600e+00 7.292e-01 3.958e-02
3.700e+00 7.060e-01 3.340e-02
3.800e+00 7.159e-01 6.149e-02
3.900e+00 6.737e-01 6.983e-02
4.000e+00 6.914e-01 1.042e-01
4.100e+00 7.129e-01 1.030e-01
4.200e+00 7.149e-01 8.483e-02
4.300e+00 7.289e-01 3.635e-02
4.400e+00 7.227e-01 8.435e-02
4.500e+00 6.900e-01 7.302e-02
4.600e+00 7.131e-01 9.218e-02
4.700e+00 7.207e-01 9.071e-02
4.800e+00 6.750e-01 1.372e-01
4.900e+00 6.514e-01 1.420e-01
5.000e+00 6.743e-01 1.148e-01
5.100e+00 6.815e-01 8.453e-02
5.200e+00 6.186e-01 7.010e-02
5.300e+00 6.004e-01 9.183e-02
5.400e+00 5.963e-01 1.112e-01
5.500e+00 6.445e-01 1.289e-01
5.600e+00 6.276e-01 1.490e-01
5.700e+00 6.388e-01 1.103e-01
5.800e+00 6.528e-01 1.338e-01
5.900e+00 7.095e-01 1.106e-01
6.000e+00 6.344e-01 8.301e-02
6.100e+00 6.240e-01 1.210e-01
6.200e+00 6.146e-01 1.021e-01
6.300e+00 6.344e-01 9.968e-02
6.400e+00 6.664e-01 1.118e-01
6.500e+00 6.279e-01 1.387e-01
6.600e+00 6.247e-01 1.314e-01
6.700e+00 6.571e-01 1.764e-01
6.800e+00 6.080e-01 1.101e-01
6.900e+00 6.067e-01 1.292e-01
7.000e+00 6.119e-01 1.249e-01
7.100e+00 5.989e-01 1.168e-01
7.200e+00 5.826e-01 1.323e-01
7.300e+00 5.304e-01 9.074e-02
7.400e+00 5.650e-01 9.313e-02
7.500e+00 5.954e-01 1.071e-01
7.600e+00 5.699e-01 1.084e-01
7.700e+00 5.786e-01 8.593e-02
7.800e+00 6.042e-01 9.727e-02
7.900e+00 6.238e-01 1.483e-01
8.000e+00 5.893e-01 1.092e-01
8.100e+00 5.781e-01 8.088e-02
8.200e+00 5.926e-01 9.136e-02
8.300e+00 5.793e-01 7.921e-02
8.400e+00 5.959e-01 1.011e-01
8.500e+00 5.661e-01 6.866e-02
8.600e+00 5.695e-01 6.873e-02
8.700e+00 5.362e-01 7.605e-02
8.800e+00 5.450e-01 6.195e-02
8.900e+00 5.744e-01 7.894e-02
9.000e+00 5.542e-01 7.230e-02
9.100e+00 5.613e-01 8.037e-02
9.200e+00 5.063e-01 7.443e-02
9.300e+00 4.927e-01 6.519e-02
9.400e+00 4.941e-01 9.321e-02
9.500e+00 5.148e-01 8.701e-02
9.600e+00 5.114e-01 7.515e-02
9.700e+00 5.410e-01 6.629e-02
9.800e+00 5.748e-01 8.108e-02
9.900e+00 5.724e-01 6.987e-02
1.000e+01 5.826e-01 9.559e-02
1.010e+01 5.494e-01 4.415e-02
1.020e+01 5.249e-01 3.060e-02
1.030e+01 5.342e-01 3.786e-02
1.040e+01 5.648e-01 2.214e-02
1.050e+01 5.578e-01 5.892e-02
1.060e+01 5.184e-01 3.960e-02
1.070e+01 5.260e-01 6.862e-02
1.080e+01 5.008e-01 7.558e-02
1.090e+01 4.984e-01 3.647e-02
1.100e+01 5.161e-01 5.627e-02
1.110e+01 4.989e-01 5.370e-02
1.120e+01 4.850e-01 5.264e-02
1.130e+01 4.673e-01 3.981e-02
1.140e+01 4.651e-01 2.273e-02
1.150e+01 4.633e-01 5.115e-02
1.160e+01 4.541e-01 4.946e-02
1.170e+01 4.887e-01 6.628e-02
1.180e+01 4.893e-01 4.466e-02
1.190e+01 4.793e-01 3.632e-02
1.200e+01 4.645e-01 2.507e-02
1.210e+01 4.499e-01 2.121e-02
1.220e+01 4.355e-01 2.670e-02
1.230e+01 4.566e-01 3.365e-02
1.240e+01 4.481e-01 6.355e-02
1.250e+01 4.704e-01 5.448e-02
1.260e+01 4.873e-01 5.422e-02
1.270e+01 4.597e-01 2.155e-02
1.280e+01 4.842e-01 1.258e-02
1.290e+01 4.978e-01 2.451e-02
1.300e+01 5.154e-01 4.444e-02
1.310e+01 4.967e-01 4.352e-02
1.320e+01 4.978e-01 5.331e-02
1.330e+01 5.281e-01 4.820e-02
1.340e+01 5.159e-01 5.535e-02
1.350e+01 5.114e-01 6.721e-02
1.360e+01 5.094e-01 2.096e-02
1.370e+01 4.889e-01 3.122e-02
1.380e+01 4.954e-01 3.523e-02
1.390e+01 4.739e-01 4.741e-02
1.400e+01 4.604e-01 2.495e-02
1.410e+01 4.752e-01 4.906e-03
1.420e+01 4.716e-01 2.200e-03
1.430e+01 4.929e-01 2.595e-02
1.440e+01 4.985e-01 1.147e-02
1.450e+01 4.865e-01 2.213e-02
1.460e+01 4.710e-01 -1.140e-02
1.470e+01 4.367e-01 2.546e-02
1.480e+01 4.250e-01 5.863e-03
1.490e+01 4.235e-01 2.149e-02
1.500e+01 4.170e-01 6.202e-02
1.510e+01 4.624e-01 5.514e-02
1.520e+01 4.670e-01 3.339e-02
1.530e+01 4.582e-01 7.090e-02
1.540e+01 4.369e-01 7.523e-02
1.550e+01 4.423e-01 6.736e-02
1.560e+01 4.528e-01 5.966e-02
1.570e+01 4.626e-01 3.142e-02
1.580e+01 4.598e-01 3.201e-02
1.590e+01 4.523e-01 2.756e-02
1.600e+01 4.533e-01 3.180e-02
1.610e+01 4.527e-01 3.781e-02
1.620e+01 4.360e-01 1.779e-02
1.630e+01 4.161e-01 4.865e-02
1.640e+01 4.111e-01 7.769e-02
1.650e+01 3.835e-01 6.687e-02
1.660e+01 3.846e-01 4.716e-02
1.670e+01 4.024e-01 3.240e-02
1.680e+01 3.915e-01 2.708e-02
1.690e+01 4.103e-01 4.218e-02
1.700e+01 4.168e-01 8.729e-02
1.710e+01 4.185e-01 9.310e-02
1.720e+01 4.163e-01 6.120e-02
1.730e+01 4.082e-01 6.899e-02
1.740e+01 4.022e-01 5.516e-02
1.750e+01 3.876e-01 5.720e-02
1.760e+01 4.104e-01 7.087e-02
1.770e+01 4.002e-01 5.327e-02
1.780e+01 4.253e-01 5.177e-02
1.790e+01 3.976e-01 2.495e-02
1.800e+01 3.648e-01 5.391e-02
1.810e+01 3.855e-01 6.010e-02
1.820e+01 3.573e-01 4.757e-02
1.830e+01 3.941e-01 2.806e-02
1.840e+01 3.992e-01 3.780e-02
1.850e+01 4.154e-01 8.538e-03
1.860e+01 3.868e-01 9.155e-03
1.870e+01 4.090e-01 8.223e-03
1.880e+01 4.310e-01 4.213e-02
1.890e+01 3.978e-01 6.756e-02
1.900e+01 4.015e-01 7.401e-02
1.910e+01 3.905e-01 6.476e-02
1.920e+01 4.111e-01 6.052e-02
1.930e+01 3.895e-01 4.866e-02
1.940e+01 3.783e-01 4.192e-02
1.950e+01 3.884e-01 5.744e-02
1.960e+01 3.897e-01 6.367e-02
1.970e+01 3.915e-01 5.750e-02
1.980e+01 3.617e-01 4.412e-02
1.990e+01 3.340e-01 4.786e-02
2.000e+01 3.671e-01 5.773e-02
2.010e+01 3.671e-01 4.122e-02
2.020e+01 3.821e-01 3.870e-02
2.030e+01 4.036e-01 4.969e-02
2.040e+01 3.919e-01 2.589e-02
2.050e+01 3.913e-01 1.508e-02
2.060e+01 3.844e-01 7.606e-03
2.070e+01 3.666e-01 -3.061e-03
2.080e+01 3.580e-01 1.199e-02
2.090e+01 3.885e-01 1.183e-02
2.100e+01 3.738e-01 2.402e-02
2.110e+01 3.756e-01 3.536e-02
2.120e+01 3.666e-01 2.957e-02
2.130e+01 3.948e-01 3.255e-02
2.140e+01 3.918e-01 3.281e-02
2.150e+01 3.736e-01 2.850e-02
2.160e+01 3.946e-01 2.463e-02
2.170e+01 3.769e-01 1.939e-02
2.180e+01 3.727e-01 1.427e-02
2.190e+01 3.766e-01 3.613e-02
2.200e+01 3.866e-01 5.295e-02
2.210e+01 3.915e-01 4.515e-02
2.220e+01 3.751e-01 4.680e-02
2.230e+01 3.609e-01 4.499e-02
2.240e+01 3.600e-01 1.907e-02
2.250e+01 3.566e-01 1.294e-02
2.260e+01 3.500e-01 9.197e-03
2.270e+01 3.571e-01 2.586e-02
2.280e+01 3.713e-01 3.090e-02
2.290e+01 3.547e-01 2.749e-02
2.300e+01 3.579e-01 3.952e-02
2.310e+01 3.695e-01 3.166e-02
2.320e+01 3.594e-01 3.535e-02
2.330e+01 3.868e-01 5.907e-02
2.340e+01 4.045e-01 6.651e-02
2.350e+01 3.830e-01 8.371e-02
2.360e+01 3.662e-01 6.932e-02
2.370e+01 3.648e-01 6.778e-02
2.380e+01 3.936e-01 5.644e-02
2.390e+01 3.990e-01 2.897e-02
2.400e+01 4.161e-01 3.542e-02
2.410e+01 3.985e-01 4.233e-02
2.420e+01 3.860e-01 4.920e-02
2.430e+01 4.090e-01 3.827e-02
2.440e+01 3.880e-01 4.704e-02
2.450e+01 3.617e-01 4.006e-02
2.460e+01 3.988e-01 3.401e-02
2.470e+01 3.940e-01 4.357e-02
2.480e+01 4.025e-01 2.726e-02
2.490e+01 3.907e-01 9.441e-03
2.500e+01 3.848e-01 1.846e-02
2.510e+01 3.509e-01 3.114e-02
2.520e+01 3.767e-01 5.590e-02
2.530e+01 3.602e-01 4.806e-02
2.540e+01 3.548e-01 5.748e-02
2.550e+01 3.451e-01 5.986e-02
2.560e+01 3.544e-01 3.604e-02
2.570e+01 3.502e-01 5.355e-02
2.580e+01 3.466e-01 4.084e-02
2.590e+01 3.609e-01 6.188e-02
2.600e+01 3.828e-01 5.074e-02
2.610e+01 3.771e-01 6.645e-02
2.620e+01 3.440e-01 6.741e-02
2.630e+01 3.181e-01 9.099e-02
2.640e+01 3.066e-01 5.536e-02
2.650e+01 3.201e-01 4.119e-02
2.660e+01 3.255e-01 5.891e-02
2.670e+01 3.325e-01 6.290e-02
2.680e+01 3.218e-01 7.551e-02
2.690e+01 3.396e-01 8.131e-02
2.700e+01 3.244e-01 8.053e-02
2.710e+01 3.432e-01 7.767e-02
2.720e+01 3.191e-01 6.644e-02
2.730e+01 3.509e-01 8.631e-02
2.740e+01 3.396e-01 5.567e-02
2.750e+01 3.231e-01 6.055e-02
2.760e+01 3.320e-01 3.935e-02
2.770e+01 3.494e-01 4.943e-02
2.780e+01 3.579e-01 6.810e-02
2.790e+01 3.527e-01 9.037e-02
2.800e+01 3.720e-01 5.861e-02
2.810e+01 3.434e-01 5.697e-02
2.820e+01 3.622e-01 6.239e-02
2.830e+01 3.380e-01 6.627e-02
2.840e+01 3.226e-01 4.347e-02
2.850e+01 3.155e-01 3.184e-02
2.860e+01 3.129e-01 1.827e-02
2.870e+01 3.144e-01 1.458e-02
2.880e+01 3.087e-01 1.988e-02
2.890e+01 3.124e-01 2.318e-02
2.900e+01 3.151e-01 2.921e-02
2.910e+01 3.132e-01 3.135e-02
2.920e+01 3.041e-01 3.479e-02
2.930e+01 3.109e-01 2.888e-02
2.940e+01 3.073e-01 1.875e-02
2.950e+01 2.896e-01 6.764e-03
2.960e+01 2.980e-01 1.508e-02
2.970e+01 2.854e-01 4.278e-03
2.980e+01 2.919e-01 8.789e-03
2.990e+01 2.802e-01 -5.077e-03
3.000e+01 2.882e-01 1.086e-05
3.010e+01 2.931e-01 3.608e-03
3.020e+01 2.886e-01 1.410e-02
3.030e+01 2.824e-01 2.327e-02
3.040e+01 3.006e-01 1.175e-02
3.050e+01 2.856e-01 2.655e-03
3.060e+01 2.950e-01 -1.099e-02
3.070e+01 2.889e-01 -8.002e-03
3.080e+01 3.008e-01 -1.194e-03
3.090e+01 3.059e-01 2.328e-02
3.100e+01 3.010e-01 1.814e-02
3.110e+01 3.013e-01 2.677e-02
3.120e+01 3.105e-01 1.573e-02
3.130e+01 3.006e-01 1.729e-02
3.140e+01 3.097e-01 2.429e-02
3.150e+01 3.138e-01 4.350e-02
3.160e+01 2.900e-01 2.637e-02
3.170e+01 2.950e-01 2.830e-02
3.180e+01 2.855e-01 2.835e-02
3.190e+01 2.913e-01 4.995e-02
3.200e+01 2.770e-01 3.161e-02
3.210e+01 2.667e-01 2.116e-02
3.220e+01 2.831e-01 -3.779e-04
3.230e+01 2.734e-01 1.028e-02
3.240e+01 2.672e-01 5.591e-03
3.250e+01 2.794e-01 1.071e-02
3.260e+01 2.850e-01 8.164e-03
3.270e+01 3.045e-01 9.455e-03
3.280e+01 3.014e-01 2.491e-02
3.290e+01 2.906e-01 1.635e-02
3.300e+01 2.818e-01 1.886e-02
3.310e+01 2.745e-01 8.093e-03
3.320e+01 2.791e-01 1.146e-02
3.330e+01 2.555e-01 2.561e-02
3.340e+01 2.778e-01 1.732e-02
3.350e+01 2.655e-01 1.040e-02
3.360e+01 2.430e-01 -2.048e-03
3.370e+01 2.522e-01 7.723e-03
3.380e+01 2.482e-01 3.433e-02
3.390e+01 2.411e-01 2.183e-02
3.400e+01 2.436e-01 3.901e-02
3.410e+01 2.703e-01 3.667e-02
3.420e+01 2.593e-01 2.575e-02
3.430e+01 2.595e-01 1.290e-02
3.440e+01 2.625e-01 1.640e-02
3.450e+01 2.557e-01 1.316e-02
3.460e+01 2.627e-01 8.730e-03
3.470e+01 2.647e-01 2.217e-02
3.480e+01 2.703e-01 2.485e-02
3.490e+01 2.433e-01 4.514e-02
3.500e+01 2.441e-01 2.811e-02
3.510e+01 2.311e-01 3.568e-02
3.520e+01 2.312e-01 3.641e-02
3.530e+01 2.230e-01 3.971e-02
3.540e+01 2.296e-01 2.765e-02
3.550e+01 2.340e-01 4.234e-02
3.560e+01 2.466e-01 3.228e-02
3.570e+01 2.402e-01 3.991e-02
3.580e+01 2.558e-01 5.063e-02
3.590e+01 2.621e-01 4.637e-02
3.600e+01 2.443e-01 4.174e-02
3.610e+01 2.628e-01 3.802e-02
3.620e+01 2.760e-01 4.383e-02
3.630e+01 2.688e-01 3.941e-02
3.640e+01 2.704e-01 3.622e-02
3.650e+01 2.466e-01 2.505e-02
3.660e+01 2.301e-01 3.256e-02
3.670e+01 2.454e-01 3.135e-02
3.680e+01 2.262e-01 3.484e-02
3.690e+01 2.392e-01 2.782e-02
3.700e+01 2.337e-01 4.013e-02
3.710e+01 2.331e-01 2.557e-02
3.720e+01 2.302e-01 3.352e-02
3.730e+01 2.240e-01 5.079e-02
3.740e+01 2.350e-01 5.506e-02
3.750e+01 2.356e-01 4.481e-02
3.760e+01 2.430e-01 3.301e-02
3.770e+01 2.343e-01 3.140e-02
3.780e+01 2.447e-01 3.582e-02
3.790e+01 2.610e-01 5.483e-02
3.800e+01 2.472e-01 5.283e-02
3.810e+01 2.702e-01 4.269e-02
3.820e+01 2.594e-01 2.037e-02
3.830e+01 2.672e-01 2.716e-02
3.840e+01 2.683e-01 4.861e-02
3.850e+01 2.590e-01 4.007e-02
3.860e+01 2.494e-01 2.560e-02
3.870e+01 2.301e-01 -1.270e-04
3.880e+01 2.347e-01 1.125e-02
3.890e+01 2.361e-01 4.274e-02
3.900e+01 2.464e-01 6.189e-02
3.910e+01 2.178e-01 4.524e-02
3.920e+01 1.969e-01 2.655e-02
3.930e+01 2.029e-01 2.646e-02
3.940e+01 2.018e-01 4.159e-02
3.950e+01 2.071e-01 4.318e-02
3.960e+01 2.007e-01 3.730e-02
3.970e+01 2.099e-01 1.980e-02
3.980e+01 2.182e-01 3.702e-02
3.990e+01 2.142e-01 2.573e-02
4.000e+01 2.252e-01 3.871e-02
4.010e+01 2.248e-01 2.585e-02
4.020e+01 2.125e-01 4.505e-02
4.030e+01 2.006e-01 4.454e-02
4.040e+01 1.939e-01 3.796e-02
4.050e+01 2.109e-01 2.558e-02
4.060e+01 2.187e-01 1.464e-02
4.070e+01 2.211e-01 3.299e-02
4.080e+01 2.242e-01 3.161e-02
4.090e+01 2.220e-01 1.961e-02
4.100e+01 2.235e-01 3.962e-02
4.110e+01 2.297e-01 5.336e-02
4.120e+01 2.302e-01 5.051e-02
4.130e+01 2.100e-01 4.950e-02
4.140e+01 2.087e-01 3.087e-02
4.150e+01 2.234e-01 4.766e-02
4.160e+01 2.129e-01 4.559e-02
4.170e+01 2.266e-01 4.539e-02
4.180e+01 2.098e-01 3.215e-02
4.190e+01 2.153e-01 3.274e-02
4.200e+01 2.148e-01 2.455e-02
4.210e+01 2.174e-01 3.859e-02
4.220e+01 1.999e-01 1.995e-02
4.230e+01 1.981e-01 2.188e-02
4.240e+01 1.988e-01 2.782e-02
4.250e+01 1.896e-01 1.193e-02
4.260e+01 2.021e-01 1.376e-02
4.270e+01 2.027e-01 1.209e-02
4.280e+01 2.135e-01 2.105e-02
4.290e+01 2.158e-01 1.336e-02
4.300e+01 2.127e-01 3.892e-02
4.310e+01 2.064e-01 3.600e-02
4.320e+01 1.952e-01 2.659e-02
4.330e+01 2.200e-01 2.380e-02
4.340e+01 2.049e-01 2.665e-02
4.350e+01 1.935e-01 2.836e-02
4.360e+01 1.866e-01 1.327e-02
4.370e+01 1.956e-01 1.459e-02
4.380e+01 2.003e-01 1.532e-02
4.390e+01 1.881e-01 1.186e-02
4.400e+01 1.805e-01 7.980e-03
4.410e+01 1.922e-01 1.203e-02
4.420e+01 2.030e-01 4.561e-03
4.430e+01 2.046e-01 1.534e-02
4.440e+01 2.052e-01 3.947e-03
4.450e+01 1.933e-01 5.000e-03
4.460e+01 1.914e-01 -1.747e-03
4.470e+01 1.730e-01 1.327e-02
4.480e+01 1.888e-01 -5.064e-03
4.490e+01 2.028e-01 2.176e-02
4.500e+01 1.944e-01 1.231e-02
4.510e+01 2.255e-01 7.305e-03
4.520e+01 2.145e-01 2.197e-03
4.530e+01 1.953e-01 2.411e-02
4.540e+01 1.899e-01 1.650e-02
4.550e+01 2.001e-01 2.090e-02
4.560e+01 2.113e-01 2.479e-02
4.570e+01 2.022e-01 4.108e-03
4.580e+01 1.973e-01 2.119e-02
4.590e+01 2.133e-01 7.277e-04
4.600e+01 2.146e-01 7.580e-03
4.610e+01 2.025e-01 -5.165e-04
4.620e+01 1.823e-01 2.861e-03
4.630e+01 1.633e-01 1.018e-02
4.640e+01 1.721e-01 1.883e-02
4.650e+01 1.694e-01 1.212e-02
4.660e+01 1.781e-01 2.500e-02
4.670e+01 1.837e-01 8.686e-03
4.680e+01 1.812e-01 1.207e-02
4.690e+01 1.863e-01 1.109e-02
4.700e+01 1.886e-01 2.322e-02
4.710e+01 1.807e-01 2.989e-02
4.720e+01 1.760e-01 1.676e-02
4.730e+01 1.817e-01 3.445e-02
4.740e+01 1.858e-01 2.549e-02
4.750e+01 1.656e-01 1.934e-02
4.760e+01 1.707e-01 2.032e-02
4.770e+01 1.626e-01 1.192e-02
4.780e+01 1.703e-01 6.899e-04
4.790e+01 1.694e-01 8.968e-03
4.800e+01 1.550e-01 9.730e-03
4.810e+01 1.725e-01 7.589e-03
4.820e+01 1.656e-01 1.192e-02
4.830e+01 1.791e-01 1.382e-02
4.840e+01 1.712e-01 4.022e-03
4.850e+01 1.756e-01 -6.361e-03
4.860e+01 1.671e-01 4.063e-03
4.870e+01 1.715e-01 1.668e-03
4.880e+01 1.777e-01 1.466e-02
4.890e+01 1.876e-01 2.929e-02
4.900e+01 1.858e-01 3.933e-03
4.910e+01 1.720e-01 1.239e-02
4.920e+01 1.714e-01 9.304e-03
4.930e+01 1.634e-01 1.597e-02
4.940e+01 1.603e-01 2.615e-03
4.950e+01 1.663e-01 8.977e-03
4.960e+01 1.670e-01 5.198e-03
4.970e+01 1.750e-01 1.329e-02
4.980e+01 1.748e-01 1.562e-02
4.990e+01 1.662e-01 1.489e-02
5.000e+01 1.682e-01 1.835e-02
5.010e+01 1.640e-01 1.925e-02
5.020e+01 1.651e-01 2.697e-02
5.030e+01 1.660e-01 2.873e-02
5.040e+01 1.547e-01 1.430e-02
5.050e+01 1.478e-01 4.921e-04
5.060e+01 1.603e-01 8.147e-03
5.070e+01 1.449e-01 5.827e-03
5.080e+01 1.567e-01 2.095e-03
5.090e+01 1.663e-01 1.193e-03
5.100e+01 1.775e-01 1.993e-02
5.110e+01 1.709e-01 2.688e-02
5.120e+01 1.697e-01 1.998e-02
5.130e+01 1.743e-01 2.112e-02
5.140e+01 1.724e-01 1.493e-02
5.150e+01 1.794e-01 1.211e-02
5.160e+01 1.892e-01 3.628e-03
5.170e+01 1.725e-01 -3.992e-03
5.180e+01 1.700e-01 -7.060e-03
5.190e+01 1.632e-01 3.714e-03
5.200e+01 1.765e-01 1.421e-02
5.210e+01 1.578e-01 3.274e-02
5.220e+01 1.494e-01 1.656e-02
5.230e+01 1.464e-01 2.677e-02
5.240e+01 1.543e-01 4.120e-02
5.250e+01 1.555e-01 2.958e-02
5.260e+01 1.524e-01 3.055e-02
5.270e+01 1.621e-01 2.019e-02
5.280e+01 1.643e-01 1.851e-02
5.290e+01 1.574e-01 8.223e-03
5.300e+01 1.382e-01 1.632e-03
5.310e+01 1.485e-01 9.648e-03
5.320e+01 1.467e-01 3.056e-02
5.330e+01 1.514e-01 3.584e-02
5.340e+01 1.597e-01 1.745e-02
5.350e+01 1.584e-01 3.364e-02
5.360e+01 1.522e-01 2.352e-02
5.370e+01 1.544e-01 2.318e-02
5.380e+01 1.684e-01 1.345e-02
5.390e+01 1.614e-01 -6.120e-03
5.400e+01 1.657e-01 -2.297e-02
5.410e+01 1.720e-01 -3.146e-03
5.420e+01 1.556e-01 1.215e-02
5.430e+01 1.582e-01 1.052e-03
5.440e+01 1.633e-01 9.140e-03
5.450e+01 1.662e-01 -2.887e-03
5.460e+01 1.816e-01 1.587e-02
5.470e+01 1.733e-01 2.420e-02
5.480e+01 1.659e-01 2.600e-02
5.490e+01 1.582e-01 6.425e-03
5.500e+01 1.622e-01 2.804e-03
5.510e+01 1.635e-01 7.056e-03
5.520e+01 1.690e-01 2.425e-02
5.530e+01 1.597e-01 2.875e-02
5.540e+01 1.614e-01 8.836e-03
5.550e+01 1.562e-01 2.702e-02
5.560e+01 1.553e-01 2.377e-02
5.570e+01 1.508e-01 1.995e-02
5.580e+01 1.633e-01 2.011e-02
5.590e+01 1.623e-01 2.237e-02
5.600e+01 1.735e-01 7.584e-03
5.610e+01 1.660e-01 6.989e-03
5.620e+01 1.557e-01 8.766e-03
5.630e+01 1.442e-01 1.825e-02
5.640e+01 1.480e-01 1.353e-02
5.650e+01 1.645e-01 3.322e-03
5.660e+01 1.542e-01 2.729e-02
5.670e+01 1.488e-01 4.601e-02
5.680e+01 1.367e-01 4.649e-02
5.690e+01 1.594e-01 4.256e-02
5.700e+01 1.632e-01 4.131e-02
5.710e+01 1.731e-01 5.309e-02
5.720e+01 1.591e-01 4.370e-02
5.730e+01 1.516e-01 5.294e-02
5.740e+01 1.460e-01 5.295e-02
5.750e+01 1.505e-01 5.197e-02
5.760e+01 1.694e-01 5.136e-02
5.770e+01 1.700e-01 3.748e-02
5.780e+01 1.753e-01 3.814e-02
5.790e+01 1.707e-01 3.536e-02
5.800e+01 1.775e-01 2.406e-02
5.810e+01 1.663e-01 1.652e-02
5.820e+01 1.838e-01 4.428e-02
5.830e+01 1.878e-01 3.728e-02
5.840e+01 1.686e-01 1.939e-02
5.850e+01 1.546e-01 2.335e-02
5.860e+01 1.601e-01 2.453e-02
5.870e+01 1.488e-01 2.482e-02
5.880e+01 1.480e-01 2.962e-02
5.890e+01 1.425e-01 2.143e-02
5.900e+01 1.427e-01 2.851e-02
5.910e+01 1.508e-01 3.513e-02
5.920e+01 1.347e-01 8.256e-03
5.930e+01 1.418e-01 2.447e-02
5.940e+01 1.362e-01 3.459e-02
5.950e+01 1.460e-01 4.543e-03
5.960e+01 1.618e-01 1.253e-02
5.970e+01 1.608e-01 3.250e-03
5.980e+01 1.568e-01 2.001e-02
5.990e+01 1.362e-01 9.136e-03
6.000e+01 1.362e-01 2.262e-02
6.010e+01 1.301e-01 2.112e-02
6.020e+01 1.363e-01 3.047e-02
6.030e+01 1.414e-01 2.320e-02
6.040e+01 1.481e-01 2.588e-02
6.050e+01 1.443e-01 8.703e-03
6.060e+01 1.343e-01 -7.494e-03
6.070e+01 1.413e-01 3.378e-03
6.080e+01 1.441e-01 3.412e-03
6.090e+01 1.493e-01 1.951e-02
6.100e+01 1.431e-01 5.704e-03
6.110e+01 1.591e-01 -4.959e-03
6.120e+01 1.680e-01 1.183e-02
6.130e+01 1.508e-01 1.562e-02
6.140e+01 1.446e-01 -5.076e-04
6.150e+01 1.481e-01 1.886e-02
6.160e+01 1.362e-01 6.598e-03
6.170e+01 1.553e-01 1.886e-02
6.180e+01 1.545e-01 -4.146e-03
6.190e+01 1.789e-01 6.545e-03
6.200e+01 1.648e-01 1.384e-02
6.210e+01 1.639e-01 1.928e-02
6.220e+01 1.662e-01 2.881e-02
6.230e+01 1.349e-01 2.109e-02
6.240e+01 1.317e-01 1.929e-02
6.250e+01 1.365e-01 2.367e-02
6.260e+01 1.415e-01 3.959e-02
6.270e+01 1.425e-01 2.045e-02
6.280e+01 1.546e-01 2.372e-02
6.290e+01 1.268e-01 2.319e-02
6.300e+01 1.290e-01 3.401e-02
6.310e+01 1.372e-01 1.845e-02
6.320e+01 1.459e-01 2.002e-02
6.330e+01 1.359e-01 1.765e-02
6.340e+01 1.442e-01 2.097e-02
6.350e+01 1.425e-01 2.014e-02
6.360e+01 1.395e-01 1.370e-02
6.370e+01 1.600e-01 2.846e-02
6.380e+01 1.418e-01 3.906e-02
6.390e+01 1.402e-01 3.367e-02
6.400e+01 1.248e-01 2.447e-02
6.410e+01 1.339e-01 4.623e-02
6.420e+01 1.419e-01 3.743e-02
6.430e+01 1.487e-01 4.468e-02
6.440e+01 1.429e-01 5.226e-02
6.450e+01 1.420e-01 4.307e-02
6.460e+01 1.420e-01 3.508e-02
6.470e+01 1.431e-01 3.394e-02
6.480e+01 1.273e-01 4.968e-02
6.490e+01 1.188e-01 3.547e-02
6.500e+01 1.386e-01 4.542e-02
6.510e+01 1.458e-01 4.751e-02
6.520e+01 1.234e-01 4.629e-02
6.530e+01 1.244e-01 4.781e-02
6.540e+01 1.148e-01 6.371e-02
6.550e+01 1.176e-01 6.686e-02
6.560e+01 1.014e-01 5.923e-02
6.570e+01 1.156e-01 5.607e-02
6.580e+01 1.250e-01 6.550e-02
6.590e+01 1.125e-01 5.814e-02
6.600e+01 1.097e-01 5.956e-02
6.610e+01 1.182e-01 7.755e-02
6.620e+01 1.321e-01 7.681e-02
6.630e+01 1.179e-01 7.852e-02
6.640e+01 1.124e-01 8.010e-02
6.650e+01 1.251e-01 8.961e-02
6.660e+01 1.352e-01 9.270e-02
6.670e+01 1.138e-01 8.668e-02
6.680e+01 1.166e-01 7.736e-02
6.690e+01 1.145e-01 8.241e-02
6.700e+01 1.040e-01 7.126e-02
6.710e+01 1.162e-01 7.679e-02
6.720e+01 1.094e-01 8.259e-02
6.730e+01 1.102e-01 8.404e-02
6.740e+01 1.123e-01 8.200e-02
6.750e+01 1.144e-01 8.310e-02
6.760e+01 1.103e-01 8.969e-02
6.770e+01 1.190e-01 7.908e-02
6.780e+01 1.111e-01 7.348e-02
6.790e+01 1.150e-01 6.566e-02
6.800e+01 9.755e-02 5.276e-02
6.810e+01 1.139e-01 5.645e-02
6.820e+01 1.191e-01 5.023e-02
6.830e+01 1.221e-01 5.635e-02
6.840e+01 1.154e-01 5.451e-02
6.850e+01 1.241e-01 5.369e-02
6.860e+01 1.177e-01 5.768e-02
6.870e+01 1.136e-01 4.580e-02
6.880e+01 1.123e-01 5.828e-02
6.890e+01 1.190e-01 4.964e-02
6.900e+01 1.228e-01 4.323e-02
6.910e+01 1.114e-01 4.244e-02
6.920e+01 9.605e-02 4.034e-02
6.930e+01 9.952e-02 4.772e-02
6.940e+01 9.869e-02 5.064e-02
6.950e+01 9.484e-02 3.746e-02
6.960e+01 9.812e-02 3.459e-02
6.970e+01 1.052e-01 3.088e-02
6.980e+01 9.741e-02 4.403e-02
6.990e+01 9.595e-02 3.987e-02
7.000e+01 1.081e-01 3.362e-02
7.010e+01 1.113e-01 3.555e-02
7.020e+01 1.061e-01 3.216e-02
7.030e+01 1.132e-01 2.762e-02
7.040e+01 1.144e-01 2.972e-02
7.050e+01 1.208e-01 3.159e-02
7.060e+01 1.234e-01 3.035e-02
7.070e+01 1.266e-01 3.668e-02
7.080e+01 1.198e-01 3.908e-02
7.090e+01 1.157e-01 4.559e-02
7.100e+01 1.102e-01 4.437e-02
7.110e+01 1.087e-01 4.319e-02
7.120e+01 9.776e-02 3.752e-02
7.130e+01 9.859e-02 3.291e-02
7.140e+01 1.075e-01 2.879e-02
7.150e+01 1.125e-01 2.734e-02
7.160e+01 1.101e-01 3.166e-02
7.170e+01 1.124e-01 3.831e-02
7.180e+01 1.078e-01 3.890e-02
7.190e+01 1.134e-01 4.328e-02
7.200e+01 9.858e-02 4.531e-02
7.210e+01 1.023e-01 4.417e-02
7.220e+01 9.128e-02 4.196e-02
7.230e+01 8.818e-02 3.730e-02
7.240e+01 1.006e-01 3.240e-02
7.250e+01 1.076e-01 3.504e-02
7.260e+01 1.047e-01 2.814e-02
7.270e+01 1.028e-01 2.185e-02
7.280e+01 9.289e-02 3.068e-02
7.290e+01 9.649e-02 3.360e-02
7.300e+01 1.025e-01 4.055e-02
7.310e+01 9.494e-02 2.765e-02
7.320e+01 8.408e-02 3.485e-02
7.330e+01 9.553e-02 3.104e-02
7.340e+01 9.440e-02 3.035e-02
7.350e+01 8.971e-02 3.719e-02
7.360e+01 9.086e-02 2.165e-02
7.370e+01 9.593e-02 2.782e-02
7.380e+01 9.861e-02 3.635e-02
7.390e+01 9.805e-02 3.036e-02
7.400e+01 9.268e-02 4.144e-02
7.410e+01 9.385e-02 3.643e-02
7.420e+01 9.563e-02 3.526e-02
7.430e+01 9.431e-02 2.639e-02
7.440e+01 1.005e-01 2.426e-02
7.450e+01 1.132e-01 2.570e-02
7.460e+01 1.050e-01 2.555e-02
7.470e+01 1.016e-01 3.598e-02
7.480e+01 1.116e-01 4.428e-02
7.490e+01 9.917e-02 3.858e-02
7.500e+01 1.012e-01 2.634e-02
7.510e+01 1.130e-01 2.974e-02
7.520e+01 1.147e-01 3.474e-02
7.530e+01 1.118e-01 3.513e-02
7.540e+01 1.108e-01 2.842e-02
7.550e+01 1.179e-01 2.620e-02
7.560e+01 1.209e-01 2.585e-02
7.570e+01 1.134e-01 2.287e-02
7.580e+01 1.063e-01 4.654e-02
7.590e+01 1.202e-01 2.521e-02
7.600e+01 1.075e-01 2.895e-02
7.610e+01 1.117e-01 3.018e-02
7.620e+01 1.089e-01 3.383e-02
7.630e+01 8.268e-02 4.436e-02
7.640e+01 8.254e-02 3.842e-02
7.650e+01 9.095e-02 3.561e-02
7.660e+01 9.853e-02 3.981e-02
7.670e+01 1.161e-01 3.640e-02
7.680e+01 1.153e-01 4.700e-02
7.690e+01 1.150e-01 4.939e-02
7.700e+01 1.047e-01 4.713e-02
7.710e+01 1.017e-01 4.468e-02
7.720e+01 8.657e-02 4.722e-02
7.730e+01 9.574e-02 5.811e-02
7.740e+01 9.378e-02 5.852e-02
7.750e+01 9.593e-02 5.226e-02
7.760e+01 8.831e-02 4.665e-02
7.770e+01 8.014e-02 3.994e-02
7.780e+01 1.006e-01 3.735e-02
7.790e+01 9.887e-02 4.422e-02
7.800e+01 7.713e-02 6.954e-02
7.810e+01 1.041e-01 4.846e-02
7.820e+01 9.962e-02 4.706e-02
7.830e+01 1.073e-01 5.031e-02
7.840e+01 1.054e-01 3.489e-02
7.850e+01 1.067e-01 3.616e-02
7.860e+01 9.722e-02 4.069e-02
7.870e+01 1.029e-01 3.691e-02
7.880e+01 1.043e-01 3.459e-02
7.890e+01 1.041e-01 4.046e-02
7.900e+01 9.873e-02 4.947e-02
7.910e+01 9.651e-02 4.811e-02
7.920e+01 1.006e-01 4.646e-02
7.930e+01 1.007e-01 3.570e-02
7.940e+01 9.372e-02 2.766e-02
7.950e+01 9.158e-02 2.827e-02
7.960e+01 9.199e-02 3.303e-02
7.970e+01 9.172e-02 4.067e-02
7.980e+01 9.292e-02 3.941e-02
7.990e+01 8.907e-02 4.409e-02
8.000e+01 9.225e-02 4.496e-02
8.010e+01 1.069e-01 3.703e-02
8.020e+01 1.032e-01 3.992e-02
8.030e+01 1.045e-01 3.584e-02
8.040e+01 9.239e-02 3.216e-02
8.050e+01 9.252e-02 3.825e-02
8.060e+01 1.019e-01 3.054e-02
8.070e+01 1.021e-01 3.324e-02
8.080e+01 1.002e-01 2.799e-02
8.090e+01 9.831e-02 3.268e-02
8.100e+01 9.980e-02 3.687e-02
8.110e+01 9.033e-02 4.075e-02
8.120e+01 8.763e-02 4.293e-02
8.130e+01 9.093e-02 4.075e-02
8.140e+01 9.075e-02 2.747e-02
8.150e+01 8.356e-02 2.670e-02
8.160e+01 8.695e-02 2.640e-02
8.170e+01 9.011e-02 2.383e-02
8.180e+01 9.136e-02 3.164e-02
8.190e+01 9.553e-02 3.529e-02
8.200e+01 9.974e-02 3.076e-02
8.210e+01 8.744e-02 3.603e-02
8.220e+01 9.808e-02 4.559e-02
8.230e+01 9.279e-02 4.259e-02
8.240e+01 9.090e-02 4.486e-02
8.250e+01 8.894e-02 3.155e-02
8.260e+01 8.327e-02 3.880e-02
8.270e+01 9.360e-02 3.635e-02
8.280e+01 1.005e-01 3.564e-02
8.290e+01 9.562e-02 2.953e-02
8.300e+01 1.052e-01 3.136e-02
8.310e+01 1.011e-01 3.679e-02
8.320e+01 9.385e-02 4.421e-02
8.330e+01 9.099e-02 4.871e-02
8.340e+01 9.512e-02 4.050e-02
8.350e+01 9.577e-02 5.477e-02
8.360e+01 9.118e-02 5.585e-02
8.370e+01 8.873e-02 4.208e-02
8.380e+01 9.208e-02 3.671e-02
8.390e+01 9.254e-02 2.689e-02
8.400e+01 1.010e-01 3.310e-02
8.410e+01 9.966e-02 4.268e-02
8.420e+01 9.497e-02 4.355e-02
8.430e+01 1.012e-01 4.040e-02
8.440e+01 9.912e-02 4.267e-02
8.450e+01 9.233e-02 4.332e-02
8.460e+01 9.304e-02 5.033e-02
8.470e+01 9.254e-02 5.005e-02
8.480e+01 9.528e-02 5.512e-02
8.490e+01 8.601e-02 4.872e-02
8.500e+01 8.149e-02 3.748e-02
8.510e+01 8.436e-02 4.617e-02
8.520e+01 1.014e-01 5.380e-02
8.530e+01 9.540e-02 5.026e-02
8.540e+01 8.379e-02 5.015e-02
8.550e+01 8.235e-02 5.909e-02
8.560e+01 7.872e-02 4.761e-02
8.570e+01 8.728e-02 4.537e-02
8.580e+01 9.187e-02 4.330e-02
8.590e+01 9.461e-02 3.861e-02
8.600e+01 1.016e-01 3.471e-02
8.610e+01 9.242e-02 3.530e-02
8.620e+01 9.505e-02 3.608e-02
8.630e+01 9.102e-02 4.376e-02
8.640e+01 8.750e-02 4.006e-02
8.650e+01 7.520e-02 3.883e-02
8.660e+01 7.547e-02 4.528e-02
8.670e+01 7.989e-02 3.482e-02
8.680e+01 7.431e-02 3.887e-02
8.690e+01 7.970e-02 4.302e-02
8.700e+01 7.653e-02 4.372e-02
8.710e+01 7.868e-02 3.900e-02
8.720e+01 6.958e-02 3.894e-02
8.730e+01 8.067e-02 5.259e-02
8.740e+01 8.081e-02 4.880e-02
8.750e+01 7.851e-02 4.966e-02
8.760e+01 8.002e-02 2.782e-02
8.770e+01 8.793e-02 2.399e-02
8.780e+01 8.842e-02 1.879e-02
8.790e+01 7.512e-02 1.883e-02
8.800e+01 7.757e-02 1.568e-02
8.810e+01 7.571e-02 2.821e-02
8.820e+01 7.895e-02 1.519e-02
8.830e+01 7.699e-02 2.054e-02
8.840e+01 7.908e-02 1.905e-02
8.850e+01 7.554e-02 1.860e-02
8.860e+01 7.059e-02 2.340e-02
8.870e+01 7.118e-02 2.088e-02
8.880e+01 7.674e-02 2.318e-02
8.890e+01 8.009e-02 1.754e-02
8.900e+01 8.888e-02 1.275e-02
8.910e+01 8.587e-02 1.129e-02
8.920e+01 7.026e-02 1.943e-02
8.930e+01 7.838e-02 2.164e-02
8.940e+01 8.345e-02 1.860e-02
8.950e+01 7.759e-02 2.710e-02
8.960e+01 8.382e-02 2.427e-02
8.970e+01 7.220e-02 1.606e-02
8.980e+01 6.973e-02 1.652e-02
8.990e+01 7.022e-02 1.207e-02
9.000e+01 7.084e-02 1.570e-02
9.010e+01 6.958e-02 3.194e-03
9.020e+01 7.488e-02 8.258e-03
9.030e+01 7.639e-02 -3.054e-04
9.040e+01 7.847e-02 -4.351e-03
9.050e+01 6.562e-02 3.917e-03
9.060e+01 7.643e-02 4.901e-03
9.070e+01 7.687e-02 4.637e-03
9.080e+01 8.264e-02 1.678e-03
9.090e+01 7.785e-02 5.512e-03
9.100e+01 8.340e-02 -2.560e-03
9.110e+01 8.431e-02 2.993e-03
9.120e+01 8.098e-02 -4.403e-03
9.130e+01 7.926e-02 -9.159e-03
9.140e+01 6.496e-02 -1.625e-04
9.150e+01 6.366e-02 1.165e-02
9.160e+01 6.599e-02 1.409e-02
9.170e+01 8.195e-02 8.244e-03
9.180e+01 8.207e-02 4.462e-03
9.190e+01 9.707e-02 5.251e-03
9.200e+01 8.073e-02 8.052e-03
9.210e+01 8.782e-02 1.131e-02
9.220e+01 8.601e-02 2.275e-03
9.230e+01 7.664e-02 7.563e-03
9.240e+01 7.587e-02 9.871e-03
9.250e+01 8.189e-02 1.261e-02
9.260e+01 9.112e-02 -1.781e-04
9.270e+01 8.340e-02 3.327e-03
9.280e+01 7.612e-02 7.529e-03
9.290e+01 8.395e-02 9.242e-03
9.300e+01 8.293e-02 1.045e-02
9.310e+01 8.563e-02 -1.017e-03
9.320e+01 8.998e-02 -6.668e-03
9.330e+01 8.756e-02 -2.675e-03
9.340e+01 8.031e-02 6.631e-03
9.350e+01 8.126e-02 3.191e-03
9.360e+01 7.162e-02 8.947e-03
9.370e+01 7.804e-02 4.007e-03
9.380e+01 7.719e-02 1.059e-02
9.390e+01 8.031e-02 7.533e-03
9.400e+01 8.139e-02 -2.002e-03
9.410e+01 8.971e-02 -1.308e-04
9.420e+01 9.007e-02 1.077e-02
9.430e+01 8.099e-02 1.992e-02
9.440e+01 8.625e-02 9.546e-03
9.450e+01 8.527e-02 1.442e-02
9.460e+01 7.660e-02 1.652e-02
9.470e+01 9.411e-02 1.605e-02
9.480e+01 8.762e-02 2.546e-02
9.490e+01 8.832e-02 1.939e-02
9.500e+01 8.301e-02 1.896e-02
9.510e+01 8.751e-02 5.646e-03
9.520e+01 8.616e-02 9.068e-03
9.530e+01 8.564e-02 1.981e-02
9.540e+01 8.341e-02 2.468e-02
9.550e+01 8.022e-02 2.185e-02
9.560e+01 8.239e-02 2.311e-02
9.570e+01 8.782e-02 2.146e-02
9.580e+01 8.198e-02 1.738e-02
9.590e+01 9.116e-02 1.786e-02
9.600e+01 8.118e-02 2.238e-02
9.610e+01 8.680e-02 4.416e-02
9.620e+01 8.652e-02 2.672e-02
9.630e+01 8.305e-02 1.934e-02
9.640e+01 7.502e-02 2.229e-02
9.650e+01 7.912e-02 2.953e-02
9.660e+01 9.179e-02 3.770e-02
9.670e+01 8.538e-02 3.302e-02
9.680e+01 7.269e-02 3.396e-02
9.690e+01 6.679e-02 3.507e-02
9.700e+01 7.891e-02 3.813e-02
9.710e+01 8.784e-02 3.549e-02
9.720e+01 8.041e-02 3.307e-02
9.730e+01 7.566e-02 2.881e-02
9.740e+01 8.006e-02 2.451e-02
9.750e+01 8.523e-02 3.664e-02
9.760e+01 8.557e-02 4.943e-02
9.770e+01 7.456e-02 3.908e-02
9.780e+01 6.569e-02 3.353e-02
9.790e+01 8.136e-02 2.624e-02
9.800e+01 7.358e-02 3.338e-02
9.810e+01 6.869e-02 2.678e-02
9.820e+01 7.443e-02 1.529e-02
9.830e+01 8.353e-02 1.862e-02
9.840e+01 7.620e-02 2.631e-02
9.850e+01 9.065e-02 2.110e-02
9.860e+01 8.531e-02 2.933e-02
9.870e+01 7.128e-02 2.558e-02
9.880e+01 7.934e-02 2.628e-02
9.890e+01 8.168e-02 2.861e-02
9.900e+01 9.660e-02 1.550e-02
9.910e+01 7.868e-02 3.055e-02
9.920e+01 7.272e-02 3.433e-02
9.930e+01 7.215e-02 3.597e-02
9.940e+01 6.893e-02 3.202e-02
9.950e+01 6.578e-02 2.668e-02
9.960e+01 8.101e-02 1.893e-02
9.970e+01 7.376e-02 2.404e-02
9.980e+01 7.704e-02 1.509e-02
9.990e+01 7.793e-02 1.613e-02
