# Time (ps)      real(F_2)      im(F_2)
0.000e+00 1.000e+00 0.000e+00
1.000e-01 9.149e-01 -5.647e-02
2.000e-01 8.127e-01 -6.686e-02
3.000e-01 7.899e-01 -4.799e-02
4.000e-01 7.713e-01 -5.041e-02
5.000e-01 8.001e-01 -1.675e-02
6.000e-01 7.477e-01 1.278e-02
7.000e-01 7.663e-01 -1.713e-02
8.000e-01 7.125e-01 -5.683e-02
9.000e-01 6.865e-01 -3.465e-02
1.000e+00 6.686e-01 2.114e-02
1.100e+00 6.385e-01 -8.480e-03
1.200e+00 6.412e-01 3.264e-02
1.300e+00 6.164e-01 -3.313e-02
1.400e+00 6.146e-01 -4.814e-02
1.500e+00 5.951e-01 -4.372e-02
1.600e+00 5.481e-01 -5.073e-03
1.700e+00 5.818e-01 1.447e-03
1.800e+00 5.375e-01 -4.295e-02
1.900e+00 5.718e-01 -3.140e-02
2.000e+00 5.386e-01 -4.839e-02
2.100e+00 5.436e-01 -6.070e-02
2.200e+00 5.073e-01 -7.134e-02
2.300e+00 4.464e-01 -4.590e-02
2.400e+00 4.322e-01 -5.814e-02
2.500e+00 4.611e-01 -4.161e-02
2.600e+00 4.547e-01 -7.305e-02
2.700e+00 4.585e-01 -5.316e-02
2.800e+00 4.509e-01 -1.780e-02
2.900e+00 4.440e-01 -5.247e-03
3.000e+00 4.153e-01 2.235e-02
3.100e+00 4.018e-01 -1.722e-02
3.200e+00 4.041e-01 4.194e-02
3.300e+00 3.931e-01 1.016e-02
3.400e+00 3.281e-01 2.137e-02
3.500e+00 3.141e-01 2.493e-02
3.600e+00 3.412e-01 -1.428e-04
3.700e+00 3.192e-01 8.481e-04
3.800e+00 3.459e-01 3.618e-02
3.900e+00 3.165e-01 5.419e-02
4.000e+00 3.573e-01 5.069e-02
4.100e+00 3.099e-01 2.322e-02
4.200e+00 3.121e-01 2.155e-02
4.300e+00 3.498e-01 8.282e-03
4.400e+00 3.229e-01 -2.508e-02
4.500e+00 2.970e-01 2.742e-02
4.600e+00 2.727e-01 4.591e-03
4.700e+00 2.903e-01 1.510e-02
4.800e+00 2.918e-01 3.747e-02
4.900e+00 2.724e-01 2.547e-02
5.000e+00 2.647e-01 5.074e-02
5.100e+00 2.912e-01 -1.110e-02
5.200e+00 2.705e-01 3.042e-02
5.300e+00 2.496e-01 3.661e-02
5.400e+00 2.341e-01 3.056e-02
5.500e+00 2.155e-01 4.111e-02
5.600e+00 2.606e-01 3.668e-02
5.700e+00 2.767e-01 5.883e-02
5.800e+00 2.447e-01 1.784e-02
5.900e+00 2.520e-01 1.876e-02
6.000e+00 2.247e-01 -4.404e-03
6.100e+00 2.135e-01 -2.478e-02
6.200e+00 2.461e-01 -1.381e-02
6.300e+00 2.483e-01 -8.278e-03
6.400e+00 2.157e-01 -2.325e-04
6.500e+00 2.053e-01 1.166e-03
6.600e+00 2.142e-01 -1.512e-02
6.700e+00 2.193e-01 -4.082e-02
6.800e+00 2.049e-01 -2.086e-02
6.900e+00 1.902e-01 -1.209e-02
7.000e+00 1.821e-01 4.161e-03
7.100e+00 1.861e-01 2.158e-02
7.200e+00 1.908e-01 2.885e-02
7.300e+00 1.951e-01 1.775e-02
7.400e+00 1.732e-01 3.128e-04
7.500e+00 1.942e-01 1.174e-02
7.600e+00 1.892e-01 -2.869e-02
7.700e+00 1.896e-01 -2.511e-02
7.800e+00 1.799e-01 -2.538e-02
7.900e+00 1.685e-01 -3.937e-02
8.000e+00 1.826e-01 1.841e-03
8.100e+00 1.800e-01 1.363e-02
8.200e+00 1.705e-01 9.913e-03
8.300e+00 1.696e-01 1.320e-02
8.400e+00 1.654e-01 2.349e-02
8.500e+00 1.512e-01 1.495e-02
8.600e+00 1.440e-01 -4.290e-03
8.700e+00 1.610e-01 -7.113e-03
8.800e+00 1.318e-01 -7.370e-03
8.900e+00 1.366e-01 -1.549e-02
9.000e+00 1.464e-01 -1.395e-02
9.100e+00 1.486e-01 -1.832e-02
9.200e+00 1.547e-01 -3.376e-02
9.300e+00 1.675e-01 -2.718e-02
9.400e+00 1.550e-01 4.434e-04
9.500e+00 1.459e-01 2.013e-02
9.600e+00 1.378e-01 2.168e-02
9.700e+00 1.449e-01 2.272e-02
9.800e+00 1.309e-01 6.890e-03
9.900e+00 1.247e-01 1.846e-02
1.000e+01 1.231e-01 -4.127e-03
1.010e+01 1.332e-01 4.719e-03
1.020e+01 1.272e-01 4.715e-03
1.030e+01 1.234e-01 8.139e-03
1.040e+01 1.251e-01 2.088e-03
1.050e+01 1.188e-01 -5.104e-04
1.060e+01 1.092e-01 1.005e-02
1.070e+01 9.098e-02 9.288e-03
1.080e+01 1.172e-01 1.225e-02
1.090e+01 1.150e-01 2.060e-03
1.100e+01 1.176e-01 1.729e-03
1.110e+01 1.408e-01 -2.616e-03
1.120e+01 1.236e-01 2.043e-03
1.130e+01 1.380e-01 4.781e-04
1.140e+01 1.589e-01 -7.498e-04
1.150e+01 1.677e-01 -1.356e-02
1.160e+01 1.342e-01 -2.477e-02
1.170e+01 1.073e-01 -3.296e-02
1.180e+01 1.271e-01 -3.226e-02
1.190e+01 1.248e-01 -1.568e-02
1.200e+01 1.257e-01 -1.459e-02
1.210e+01 1.146e-01 -2.320e-02
1.220e+01 1.068e-01 -1.448e-02
1.230e+01 1.170e-01 -3.429e-02
1.240e+01 1.060e-01 -4.264e-02
1.250e+01 9.836e-02 -3.381e-02
1.260e+01 1.008e-01 -2.533e-02
1.270e+01 1.029e-01 -1.430e-02
1.280e+01 9.160e-02 -2.439e-02
1.290e+01 1.065e-01 -1.851e-02
1.300e+01 9.953e-02 -1.132e-02
1.310e+01 1.026e-01 -1.721e-02
1.320e+01 9.000e-02 -1.753e-02
1.330e+01 7.445e-02 -1.849e-02
1.340e+01 9.286e-02 -2.102e-02
1.350e+01 1.038e-01 -1.284e-03
1.360e+01 9.388e-02 -1.385e-02
1.370e+01 8.156e-02 -1.655e-02
1.380e+01 8.602e-02 -2.665e-02
1.390e+01 6.724e-02 -2.415e-02
1.400e+01 6.167e-02 -1.325e-02
1.410e+01 7.567e-02 -2.643e-02
1.420e+01 6.601e-02 -1.286e-02
1.430e+01 6.803e-02 -1.432e-03
1.440e+01 7.236e-02 4.458e-03
1.450e+01 7.570e-02 3.646e-03
1.460e+01 8.157e-02 6.583e-03
1.470e+01 9.185e-02 -1.891e-02
1.480e+01 6.393e-02 -1.491e-02
1.490e+01 6.278e-02 -2.694e-02
1.500e+01 8.047e-02 -2.755e-02
1.510e+01 5.935e-02 -1.642e-02
1.520e+01 6.843e-02 -1.190e-02
1.530e+01 6.217e-02 -6.202e-03
1.540e+01 5.814e-02 -8.295e-03
1.550e+01 7.327e-02 2.756e-03
1.560e+01 7.577e-02 4.839e-03
1.570e+01 7.787e-02 5.362e-03
1.580e+01 5.853e-02 -9.286e-03
1.590e+01 7.218e-02 -3.187e-03
1.600e+01 7.802e-02 -8.045e-03
1.610e+01 7.968e-02 -6.916e-03
1.620e+01 7.087e-02 -7.942e-03
1.630e+01 7.353e-02 3.617e-03
1.640e+01 8.345e-02 -7.312e-04
1.650e+01 7.317e-02 -7.592e-03
1.660e+01 7.768e-02 -1.965e-02
1.670e+01 7.454e-02 -1.931e-02
1.680e+01 6.343e-02 -2.111e-02
1.690e+01 6.408e-02 -1.625e-02
1.700e+01 6.210e-02 -1.302e-02
1.710e+01 6.673e-02 -7.647e-03
1.720e+01 6.654e-02 -1.298e-02
1.730e+01 8.732e-02 -5.285e-03
1.740e+01 8.087e-02 -1.039e-02
1.750e+01 8.323e-02 -1.337e-02
1.760e+01 8.015e-02 -6.800e-03
1.770e+01 9.828e-02 -7.068e-03
1.780e+01 9.129e-02 9.036e-03
1.790e+01 8.731e-02 -1.593e-02
1.800e+01 8.197e-02 -4.570e-02
1.810e+01 7.304e-02 -5.306e-02
1.820e+01 7.100e-02 -2.671e-02
1.830e+01 7.538e-02 -3.896e-02
1.840e+01 6.361e-02 -5.205e-02
1.850e+01 6.375e-02 -5.466e-02
1.860e+01 5.502e-02 -6.074e-02
1.870e+01 7.747e-02 -6.279e-02
1.880e+01 7.734e-02 -5.565e-02
1.890e+01 8.369e-02 -5.556e-02
1.900e+01 8.860e-02 -5.057e-02
1.910e+01 9.527e-02 -3.653e-02
1.920e+01 8.270e-02 -5.264e-02
1.930e+01 6.174e-02 -5.247e-02
1.940e+01 7.723e-02 -5.072e-02
1.950e+01 7.689e-02 -5.530e-02
1.960e+01 6.301e-02 -2.046e-02
1.970e+01 7.207e-02 -3.254e-02
1.980e+01 5.886e-02 -2.046e-02
1.990e+01 5.973e-02 -1.993e-02
2.000e+01 5.622e-02 -1.127e-02
2.010e+01 4.855e-02 -2.687e-02
2.020e+01 5.095e-02 -2.680e-02
2.030e+01 5.767e-02 -3.821e-02
2.040e+01 6.430e-02 -2.115e-02
2.050e+01 6.744e-02 -2.817e-02
2.060e+01 7.355e-02 -1.178e-02
2.070e+01 7.588e-02 -6.991e-03
2.080e+01 7.788e-02 -1.748e-02
2.090e+01 7.003e-02 -1.983e-02
2.100e+01 6.398e-02 -2.143e-02
2.110e+01 5.735e-02 -1.092e-02
2.120e+01 6.504e-02 -1.828e-02
2.130e+01 6.208e-02 -1.935e-02
2.140e+01 5.476e-02 -1.839e-02
2.150e+01 5.010e-02 -1.827e-02
2.160e+01 5.970e-02 -2.731e-02
2.170e+01 5.860e-02 -2.526e-02
2.180e+01 6.118e-02 -2.107e-02
2.190e+01 6.108e-02 -1.317e-02
2.200e+01 5.810e-02 -9.368e-03
2.210e+01 5.617e-02 8.402e-03
2.220e+01 5.780e-02 -1.101e-03
2.230e+01 6.033e-02 -1.558e-02
2.240e+01 6.554e-02 -1.034e-02
2.250e+01 7.055e-02 -9.279e-03
2.260e+01 6.304e-02 -1.278e-03
2.270e+01 5.651e-02 5.109e-03
2.280e+01 5.288e-02 1.447e-02
2.290e+01 4.777e-02 3.746e-03
2.300e+01 4.965e-02 -4.515e-04
2.310e+01 4.854e-02 -8.938e-03
2.320e+01 4.748e-02 3.346e-03
2.330e+01 4.690e-02 2.889e-03
2.340e+01 5.186e-02 -1.371e-03
2.350e+01 5.046e-02 3.796e-03
2.360e+01 5.524e-02 -1.587e-03
2.370e+01 5.585e-02 1.813e-04
2.380e+01 4.791e-02 -3.578e-03
2.390e+01 5.077e-02 4.869e-03
2.400e+01 5.085e-02 7.711e-03
2.410e+01 5.203e-02 8.171e-03
2.420e+01 4.934e-02 9.052e-03
2.430e+01 5.458e-02 1.407e-02
2.440e+01 5.557e-02 3.936e-03
2.450e+01 5.157e-02 7.763e-03
2.460e+01 6.206e-02 7.502e-03
2.470e+01 5.420e-02 4.350e-03
2.480e+01 5.285e-02 1.154e-02
2.490e+01 4.798e-02 1.630e-02
2.500e+01 5.581e-02 1.255e-02
2.510e+01 5.003e-02 2.694e-03
2.520e+01 5.047e-02 4.799e-03
2.530e+01 4.965e-02 7.825e-03
2.540e+01 4.296e-02 6.737e-03
2.550e+01 3.721e-02 8.570e-03
2.560e+01 3.829e-02 6.305e-03
2.570e+01 4.540e-02 1.512e-03
2.580e+01 4.970e-02 -5.283e-04
2.590e+01 5.196e-02 -1.378e-02
2.600e+01 4.548e-02 -5.548e-03
2.610e+01 3.653e-02 3.319e-04
2.620e+01 4.033e-02 3.525e-03
2.630e+01 4.717e-02 -4.449e-03
2.640e+01 4.790e-02 -1.386e-03
2.650e+01 3.379e-02 -8.520e-04
2.660e+01 4.298e-02 -8.421e-03
2.670e+01 3.762e-02 -3.087e-03
2.680e+01 2.811e-02 -1.202e-02
2.690e+01 2.500e-02 -6.419e-03
2.700e+01 2.883e-02 2.364e-03
2.710e+01 3.115e-02 2.808e-03
2.720e+01 3.718e-02 5.401e-03
2.730e+01 3.975e-02 1.346e-02
2.740e+01 4.599e-02 4.697e-03
2.750e+01 4.811e-02 8.024e-04
2.760e+01 3.759e-02 1.744e-03
2.770e+01 4.027e-02 3.614e-03
2.780e+01 4.761e-02 -2.643e-03
2.790e+01 5.062e-02 6.458e-04
2.800e+01 4.394e-02 6.371e-03
2.810e+01 3.439e-02 5.313e-03
2.820e+01 3.850e-02 6.419e-03
2.830e+01 3.858e-02 5.282e-03
2.840e+01 3.913e-02 7.867e-04
2.850e+01 2.905e-02 7.842e-03
2.860e+01 3.081e-02 -2.119e-03
2.870e+01 3.734e-02 -3.566e-03
2.880e+01 3.546e-02 -7.496e-03
2.890e+01 3.761e-02 -7.917e-03
2.900e+01 3.178e-02 -1.359e-02
2.910e+01 2.335e-02 -1.969e-02
2.920e+01 3.812e-02 -1.772e-02
2.930e+01 4.573e-02 -1.457e-02
2.940e+01 2.226e-02 -3.694e-03
2.950e+01 3.588e-02 -2.725e-03
2.960e+01 3.944e-02 6.747e-03
2.970e+01 2.809e-02 3.347e-04
2.980e+01 2.783e-02 -8.974e-04
2.990e+01 2.899e-02 8.220e-05
3.000e+01 3.485e-02 -2.300e-03
3.010e+01 2.272e-02 -1.851e-03
3.020e+01 2.151e-02 -5.089e-03
3.030e+01 2.394e-02 -1.106e-03
3.040e+01 2.762e-02 -8.440e-03
3.050e+01 3.052e-02 -3.636e-03
3.060e+01 2.856e-02 -9.728e-03
3.070e+01 3.310e-02 -1.559e-02
3.080e+01 4.047e-02 -1.142e-02
3.090e+01 3.295e-02 -2.622e-03
3.100e+01 3.458e-02 3.723e-03
3.110e+01 2.654e-02 -1.412e-03
3.120e+01 3.523e-02 1.124e-03
3.130e+01 2.853e-02 -8.694e-03
3.140e+01 2.845e-02 -3.673e-03
3.150e+01 3.069e-02 -1.016e-02
3.160e+01 3.356e-02 -1.399e-02
3.170e+01 4.153e-02 -8.448e-03
3.180e+01 3.572e-02 -1.266e-02
3.190e+01 4.535e-02 -6.537e-03
3.200e+01 6.297e-02 -4.534e-04
3.210e+01 5.413e-02 -1.198e-02
3.220e+01 6.206e-02 -6.808e-03
3.230e+01 4.923e-02 -5.350e-03
3.240e+01 5.465e-02 -7.023e-03
3.250e+01 5.679e-02 8.366e-03
3.260e+01 5.155e-02 2.534e-03
3.270e+01 4.912e-02 1.773e-03
3.280e+01 3.532e-02 -7.176e-03
3.290e+01 3.678e-02 -2.087e-03
3.300e+01 3.442e-02 -4.561e-03
3.310e+01 4.797e-02 5.017e-03
3.320e+01 4.650e-02 5.891e-03
3.330e+01 4.450e-02 6.877e-04
3.340e+01 3.349e-02 -2.867e-03
3.350e+01 3.961e-02 -1.555e-03
3.360e+01 4.573e-02 -4.206e-03
3.370e+01 4.356e-02 -8.228e-03
3.380e+01 3.966e-02 -8.376e-03
3.390e+01 3.539e-02 -8.352e-03
3.400e+01 4.192e-02 -6.141e-03
3.410e+01 3.760e-02 -1.354e-02
3.420e+01 4.398e-02 -6.433e-03
3.430e+01 3.972e-02 -4.675e-03
3.440e+01 3.194e-02 -2.151e-03
3.450e+01 3.452e-02 2.983e-03
3.460e+01 3.732e-02 -1.075e-04
3.470e+01 4.288e-02 -8.982e-04
3.480e+01 4.055e-02 -6.657e-03
3.490e+01 2.883e-02 -9.664e-03
3.500e+01 3.291e-02 -4.170e-03
3.510e+01 3.863e-02 -1.167e-02
3.520e+01 3.274e-02 -8.144e-03
3.530e+01 3.620e-02 -8.278e-03
3.540e+01 2.851e-02 -9.890e-03
3.550e+01 2.611e-02 -3.215e-03
3.560e+01 3.096e-02 -4.767e-03
3.570e+01 3.936e-02 2.180e-03
3.580e+01 3.543e-02 -9.613e-03
3.590e+01 2.413e-02 -1.299e-02
3.600e+01 1.951e-02 -1.798e-02
3.610e+01 2.755e-02 -1.543e-02
3.620e+01 2.743e-02 -1.946e-02
3.630e+01 2.259e-02 -1.370e-02
3.640e+01 2.104e-02 -2.408e-02
3.650e+01 2.395e-02 -3.239e-02
3.660e+01 2.680e-02 -3.404e-02
3.670e+01 1.965e-02 -2.823e-02
3.680e+01 2.139e-02 -3.266e-02
3.690e+01 1.459e-02 -2.147e-02
3.700e+01 2.762e-02 -1.445e-02
3.710e+01 2.356e-02 -2.866e-02
3.720e+01 1.848e-02 -2.763e-02
3.730e+01 2.447e-02 -2.389e-02
3.740e+01 1.451e-02 -1.834e-02
3.750e+01 2.000e-02 -2.358e-02
3.760e+01 2.883e-02 -2.299e-02
3.770e+01 2.203e-02 -2.596e-02
3.780e+01 1.938e-02 -2.318e-02
3.790e+01 1.557e-02 -2.582e-02
3.800e+01 2.156e-02 -1.580e-02
3.810e+01 1.587e-02 -2.257e-02
3.820e+01 1.584e-02 -1.569e-02
3.830e+01 2.344e-02 -2.220e-02
3.840e+01 3.150e-02 -2.017e-02
3.850e+01 2.893e-02 -2.353e-02
3.860e+01 2.624e-02 -1.738e-02
3.870e+01 1.966e-02 -1.662e-02
3.880e+01 1.927e-02 -1.195e-02
3.890e+01 1.813e-02 -1.715e-02
3.900e+01 1.664e-02 -2.536e-02
3.910e+01 1.874e-02 -3.121e-02
3.920e+01 1.998e-02 -3.037e-02
3.930e+01 2.706e-02 -2.745e-02
3.940e+01 2.220e-02 -2.108e-02
3.950e+01 2.436e-02 -2.020e-02
3.960e+01 2.936e-02 -2.238e-02
3.970e+01 3.265e-02 -2.119e-02
3.980e+01 3.027e-02 -2.546e-02
3.990e+01 2.733e-02 -2.551e-02
4.000e+01 3.002e-02 -2.156e-02
4.010e+01 2.707e-02 -1.305e-02
4.020e+01 2.872e-02 -1.426e-02
4.030e+01 3.506e-02 -5.280e-03
4.040e+01 2.738e-02 2.218e-03
4.050e+01 3.019e-02 -9.271e-03
4.060e+01 3.709e-02 -3.506e-04
4.070e+01 3.612e-02 -5.081e-03
4.080e+01 2.758e-02 -5.742e-03
4.090e+01 2.859e-02 -1.242e-02
4.100e+01 2.748e-02 -2.303e-02
4.110e+01 3.019e-02 -2.014e-02
4.120e+01 2.131e-02 -7.207e-03
4.130e+01 1.963e-02 8.789e-03
4.140e+01 2.268e-02 -5.445e-04
4.150e+01 2.236e-02 -7.132e-03
4.160e+01 2.530e-02 -5.482e-03
4.170e+01 2.730e-02 -7.270e-04
4.180e+01 1.470e-02 -6.112e-03
4.190e+01 2.645e-02 -9.516e-03
4.200e+01 2.797e-02 -1.479e-02
4.210e+01 2.902e-02 -8.107e-03
4.220e+01 3.319e-02 -2.679e-03
4.230e+01 3.813e-02 -1.203e-04
4.240e+01 4.044e-02 3.288e-03
4.250e+01 3.828e-02 5.163e-03
4.260e+01 3.545e-02 -1.533e-03
4.270e+01 3.185e-02 -2.109e-04
4.280e+01 3.440e-02 6.353e-03
4.290e+01 3.983e-02 -1.256e-03
4.300e+01 3.779e-02 -7.350e-03
4.310e+01 4.068e-02 -2.210e-03
4.320e+01 4.304e-02 -9.931e-03
4.330e+01 2.968e-02 -5.600e-03
4.340e+01 4.546e-02 -1.599e-02
4.350e+01 3.503e-02 -1.342e-02
4.360e+01 3.781e-02 -1.764e-02
4.370e+01 3.477e-02 -1.320e-02
4.380e+01 3.157e-02 -8.253e-03
4.390e+01 2.083e-02 -5.977e-03
4.400e+01 3.446e-02 -1.282e-02
4.410e+01 2.961e-02 -7.981e-03
4.420e+01 3.131e-02 -8.411e-05
4.430e+01 2.953e-02 3.109e-03
4.440e+01 3.615e-02 -2.562e-03
4.450e+01 3.396e-02 -6.649e-03
4.460e+01 3.138e-02 -6.983e-03
4.470e+01 3.614e-02 -7.208e-03
4.480e+01 2.347e-02 -8.177e-03
4.490e+01 1.768e-02 -1.176e-02
4.500e+01 2.323e-02 -1.221e-02
4.510e+01 2.394e-02 -1.148e-02
4.520e+01 3.289e-02 -1.342e-02
4.530e+01 3.073e-02 -1.706e-02
4.540e+01 3.050e-02 -1.782e-02
4.550e+01 2.549e-02 -6.362e-03
4.560e+01 2.391e-02 1.088e-03
4.570e+01 1.996e-02 -1.579e-03
4.580e+01 2.279e-02 -9.496e-03
4.590e+01 2.810e-02 -1.115e-02
4.600e+01 2.913e-02 -7.171e-03
4.610e+01 3.245e-02 -1.208e-02
4.620e+01 3.578e-02 -1.119e-02
4.630e+01 4.239e-02 -9.019e-03
4.640e+01 3.563e-02 -1.270e-02
4.650e+01 3.385e-02 -1.021e-02
4.660e+01 2.857e-02 -1.480e-02
4.670e+01 2.056e-02 -1.413e-02
4.680e+01 3.441e-02 -9.633e-03
4.690e+01 3.481e-02 -1.215e-02
4.700e+01 3.326e-02 -3.371e-04
4.710e+01 3.405e-02 -4.607e-03
4.720e+01 3.566e-02 -1.085e-02
4.730e+01 3.203e-02 -3.764e-03
4.740e+01 3.933e-02 -4.661e-04
4.750e+01 3.240e-02 5.178e-03
4.760e+01 2.534e-02 9.777e-03
4.770e+01 3.378e-02 1.476e-02
4.780e+01 4.726e-02 -4.491e-03
4.790e+01 4.476e-02 4.818e-03
4.800e+01 3.267e-02 4.079e-03
4.810e+01 2.018e-02 1.748e-03
4.820e+01 3.152e-02 -6.962e-03
4.830e+01 2.870e-02 -5.272e-03
4.840e+01 3.402e-02 -5.298e-03
4.850e+01 3.641e-02 -8.881e-03
4.860e+01 4.260e-02 -1.885e-03
4.870e+01 3.522e-02 2.813e-03
4.880e+01 3.074e-02 -1.362e-03
4.890e+01 2.799e-02 -8.060e-04
4.900e+01 2.511e-02 2.841e-03
4.910e+01 2.370e-02 3.960e-03
4.920e+01 3.419e-02 1.527e-02
4.930e+01 3.669e-02 1.233e-02
4.940e+01 3.554e-02 5.153e-03
4.950e+01 3.554e-02 -3.234e-04
4.960e+01 2.721e-02 4.898e-03
4.970e+01 2.882e-02 6.553e-03
4.980e+01 2.495e-02 -1.156e-03
4.990e+01 2.371e-02 -4.815e-03
5.000e+01 2.925e-02 -1.418e-03
5.010e+01 4.719e-02 -7.222e-04
5.020e+01 4.738e-02 -3.418e-03
5.030e+01 4.797e-02 -7.085e-03
5.040e+01 5.114e-02 -1.173e-02
5.050e+01 3.656e-02 -1.356e-02
5.060e+01 3.383e-02 -7.900e-03
5.070e+01 3.635e-02 2.781e-03
5.080e+01 3.945e-02 2.182e-03
5.090e+01 4.017e-02 5.610e-03
5.100e+01 4.598e-02 -3.438e-03
5.110e+01 3.646e-02 -2.257e-03
5.120e+01 3.876e-02 -1.850e-03
5.130e+01 3.825e-02 -1.013e-02
5.140e+01 3.577e-02 -5.089e-03
5.150e+01 5.092e-02 -1.038e-02
5.160e+01 4.259e-02 -5.056e-03
5.170e+01 3.169e-02 -6.649e-03
5.180e+01 3.186e-02 -3.155e-03
5.190e+01 3.638e-02 -4.134e-03
5.200e+01 3.801e-02 -5.311e-04
5.210e+01 3.912e-02 8.335e-03
5.220e+01 3.150e-02 -1.435e-03
5.230e+01 3.498e-02 3.518e-03
5.240e+01 2.916e-02 -1.263e-02
5.250e+01 2.827e-02 -1.868e-02
5.260e+01 2.244e-02 -1.403e-02
5.270e+01 2.206e-02 -1.013e-02
5.280e+01 3.170e-02 -9.901e-03
5.290e+01 3.622e-02 -1.512e-02
5.300e+01 3.136e-02 -1.607e-02
5.310e+01 3.788e-02 -1.701e-02
5.320e+01 3.963e-02 -1.667e-02
5.330e+01 3.595e-02 -1.096e-02
5.340e+01 2.760e-02 -1.214e-02
5.350e+01 2.602e-02 -1.009e-02
5.360e+01 3.249e-02 -1.358e-02
5.370e+01 3.360e-02 -1.165e-02
5.380e+01 3.699e-02 -1.320e-02
5.390e+01 5.604e-02 -1.030e-02
5.400e+01 4.974e-02 -7.097e-03
5.410e+01 4.992e-02 -1.784e-02
5.420e+01 3.840e-02 -1.680e-02
5.430e+01 3.360e-02 -1.012e-02
5.440e+01 2.737e-02 -1.529e-02
5.450e+01 2.697e-02 -1.328e-02
5.460e+01 3.299e-02 -1.110e-02
5.470e+01 2.898e-02 -1.588e-02
5.480e+01 3.753e-02 -1.008e-02
5.490e+01 3.820e-02 -6.053e-03
5.500e+01 4.723e-02 1.220e-03
5.510e+01 4.888e-02 2.170e-03
5.520e+01 4.904e-02 -3.237e-03
5.530e+01 4.716e-02 -8.745e-03
5.540e+01 4.137e-02 -5.029e-03
5.550e+01 2.737e-02 -7.052e-03
5.560e+01 2.804e-02 -2.665e-03
5.570e+01 2.761e-02 -4.144e-03
5.580e+01 3.243e-02 -9.816e-03
5.590e+01 3.567e-02 -8.329e-03
5.600e+01 2.910e-02 -4.078e-03
5.610e+01 3.320e-02 -9.552e-03
5.620e+01 3.323e-02 -1.124e-02
5.630e+01 3.086e-02 -1.540e-02
5.640e+01 2.685e-02 -8.272e-03
5.650e+01 2.594e-02 -9.523e-03
5.660e+01 2.230e-02 -1.423e-02
5.670e+01 1.982e-02 -1.621e-02
5.680e+01 2.766e-02 -1.817e-02
5.690e+01 3.014e-02 -1.164e-02
5.700e+01 2.794e-02 -1.460e-02
5.710e+01 2.805e-02 -1.544e-02
5.720e+01 3.000e-02 -9.119e-03
5.730e+01 3.181e-02 -7.473e-03
5.740e+01 3.288e-02 -7.007e-03
5.750e+01 2.780e-02 -1.064e-02
5.760e+01 2.689e-02 -8.982e-03
5.770e+01 2.946e-02 -1.378e-02
5.780e+01 2.976e-02 -1.233e-02
5.790e+01 3.527e-02 -1.650e-02
5.800e+01 3.555e-02 -1.063e-02
5.810e+01 3.065e-02 -1.245e-02
5.820e+01 2.809e-02 -1.980e-02
5.830e+01 2.749e-02 -1.787e-02
5.840e+01 2.659e-02 -2.430e-02
5.850e+01 2.807e-02 -1.780e-02
5.860e+01 3.347e-02 -1.310e-02
5.870e+01 3.194e-02 -1.234e-02
5.880e+01 2.574e-02 -1.134e-02
5.890e+01 3.096e-02 -1.263e-02
5.900e+01 3.155e-02 -1.275e-02
5.910e+01 3.309e-02 -9.347e-03
5.920e+01 3.235e-02 -1.567e-02
5.930e+01 3.579e-02 -7.295e-03
5.940e+01 3.004e-02 -7.873e-03
5.950e+01 2.645e-02 -7.277e-03
5.960e+01 2.875e-02 -4.812e-03
5.970e+01 2.650e-02 -1.535e-02
5.980e+01 2.457e-02 -1.301e-02
5.990e+01 2.555e-02 -1.211e-02
6.000e+01 2.488e-02 -1.473e-02
6.010e+01 2.656e-02 -1.077e-02
6.020e+01 2.498e-02 -8.803e-03
6.030e+01 1.508e-02 -1.212e-02
6.040e+01 1.648e-02 -1.041e-02
6.050e+01 1.567e-02 -8.596e-03
6.060e+01 1.769e-02 -6.926e-03
6.070e+01 2.016e-02 -1.183e-02
6.080e+01 1.752e-02 -1.334e-02
6.090e+01 1.411e-02 -1.096e-02
6.100e+01 1.370e-02 -6.139e-03
6.110e+01 1.244e-02 -6.422e-03
6.120e+01 1.100e-02 -7.338e-03
6.130e+01 7.385e-03 -5.679e-03
6.140e+01 9.920e-03 -1.045e-03
6.150e+01 1.811e-02 -2.134e-03
6.160e+01 1.617e-02 -3.640e-03
6.170e+01 1.419e-02 -4.428e-03
6.180e+01 1.169e-02 -7.442e-03
6.190e+01 1.358e-02 -6.079e-03
6.200e+01 1.882e-02 -3.182e-03
6.210e+01 1.591e-02 1.582e-04
6.220e+01 1.733e-02 -1.161e-03
6.230e+01 1.588e-02 -6.280e-03
6.240e+01 1.976e-02 -6.545e-03
6.250e+01 1.692e-02 -2.516e-03
6.260e+01 1.274e-02 -6.017e-03
6.270e+01 1.279e-02 -8.730e-03
6.280e+01 1.226e-02 -1.019e-02
6.290e+01 1.131e-02 -6.302e-03
6.300e+01 1.512e-02 -7.551e-03
6.310e+01 1.108e-02 -6.121e-03
6.320e+01 1.053e-02 -4.860e-03
6.330e+01 1.197e-02 -6.689e-03
6.340e+01 1.050e-02 -5.639e-03
6.350e+01 9.306e-03 -2.058e-03
6.360e+01 1.006e-02 -7.638e-03
6.370e+01 1.064e-02 -1.231e-02
6.380e+01 1.132e-02 -1.211e-02
6.390e+01 1.184e-02 -7.745e-03
6.400e+01 8.976e-03 -4.742e-03
6.410e+01 9.644e-03 9.706e-04
6.420e+01 1.532e-02 -8.935e-03
6.430e+01 1.001e-02 -6.534e-03
6.440e+01 9.946e-03 -4.671e-03
6.450e+01 1.075e-02 -3.638e-03
6.460e+01 1.047e-02 -4.054e-03
6.470e+01 1.252e-02 -2.188e-03
6.480e+01 1.298e-02 -1.429e-03
6.490e+01 1.549e-02 -4.777e-03
6.500e+01 1.224e-02 -1.037e-02
6.510e+01 2.019e-02 -1.335e-02
6.520e+01 1.946e-02 -4.182e-03
6.530e+01 1.484e-02 -6.689e-03
6.540e+01 7.683e-03 -9.682e-03
6.550e+01 1.114e-02 -6.946e-03
6.560e+01 1.124e-02 -9.725e-03
6.570e+01 6.183e-03 -1.376e-02
6.580e+01 7.507e-03 -6.305e-03
6.590e+01 1.079e-02 -1.038e-02
6.600e+01 1.704e-02 -1.034e-02
6.610e+01 1.554e-02 -1.294e-02
6.620e+01 1.624e-02 -1.232e-02
6.630e+01 1.832e-02 -1.681e-02
6.640e+01 1.823e-02 -1.700e-02
6.650e+01 2.016e-02 -1.764e-02
6.660e+01 2.220e-02 -2.120e-02
6.670e+01 2.178e-02 -2.154e-02
6.680e+01 1.763e-02 -1.977e-02
6.690e+01 1.641e-02 -1.781e-02
6.700e+01 1.673e-02 -1.340e-02
6.710e+01 1.007e-02 -1.077e-02
6.720e+01 1.443e-02 -1.305e-02
6.730e+01 1.673e-02 -1.871e-02
6.740e+01 1.731e-02 -1.758e-02
6.750e+01 1.576e-02 -1.364e-02
6.760e+01 1.640e-02 -1.067e-02
6.770e+01 2.008e-02 -7.378e-03
6.780e+01 1.747e-02 -1.141e-02
6.790e+01 1.267e-02 -1.055e-02
6.800e+01 1.622e-02 -1.063e-02
6.810e+01 1.767e-02 -6.681e-03
6.820e+01 1.897e-02 -6.067e-03
6.830e+01 1.137e-02 -7.741e-03
6.840e+01 9.854e-03 -7.676e-03
6.850e+01 1.359e-02 -7.524e-03
6.860e+01 1.525e-02 -6.641e-03
6.870e+01 1.229e-02 -3.629e-03
6.880e+01 1.528e-02 -6.461e-03
6.890e+01 1.900e-02 -6.836e-03
6.900e+01 1.281e-02 -4.160e-03
6.910e+01 9.609e-03 -6.138e-03
6.920e+01 1.195e-02 -9.602e-03
6.930e+01 1.749e-02 -7.602e-03
6.940e+01 1.897e-02 -8.028e-03
6.950e+01 2.306e-02 -1.180e-02
6.960e+01 2.563e-02 -1.339e-02
6.970e+01 2.186e-02 -1.520e-02
6.980e+01 1.757e-02 -1.392e-02
6.990e+01 1.866e-02 -1.591e-02
7.000e+01 1.731e-02 -2.034e-02
7.010e+01 2.175e-02 -1.764e-02
7.020e+01 1.867e-02 -1.811e-02
7.030e+01 1.893e-02 -1.671e-02
7.040e+01 1.831e-02 -1.641e-02
7.050e+01 1.245e-02 -1.653e-02
7.060e+01 7.201e-03 -1.954e-02
7.070e+01 1.119e-02 -1.762e-02
7.080e+01 8.885e-03 -1.808e-02
7.090e+01 1.679e-02 -1.628e-02
7.100e+01 6.605e-03 -6.740e-03
7.110e+01 1.495e-02 -2.072e-02
7.120e+01 1.017e-02 -1.878e-02
7.130e+01 1.557e-03 -1.026e-02
7.140e+01 1.002e-02 -1.312e-02
7.150e+01 5.821e-03 -1.088e-02
7.160e+01 7.755e-03 -1.120e-02
7.170e+01 1.435e-02 -1.377e-02
7.180e+01 1.693e-02 -1.409e-02
7.190e+01 8.094e-03 -5.633e-03
7.200e+01 5.959e-03 1.892e-03
7.210e+01 -1.278e-03 -3.497e-03
7.220e+01 -6.277e-03 8.681e-03
7.230e+01 -3.504e-03 1.322e-02
7.240e+01 -7.463e-03 1.573e-02
7.250e+01 -1.120e-02 8.790e-03
7.260e+01 -1.138e-02 5.544e-03
7.270e+01 -1.065e-02 1.154e-02
7.280e+01 -4.339e-03 1.106e-02
7.290e+01 -4.750e-03 1.585e-02
7.300e+01 -8.079e-03 1.257e-02
7.310e+01 -8.760e-03 8.534e-03
7.320e+01 -1.265e-02 1.151e-02
7.330e+01 -6.419e-03 1.524e-02
7.340e+01 -3.066e-03 1.614e-02
7.350e+01 1.997e-03 7.852e-03
7.360e+01 -4.194e-03 1.424e-04
7.370e+01 2.299e-03 4.004e-03
7.380e+01 -8.473e-04 8.005e-03
7.390e+01 1.233e-03 4.750e-03
7.400e+01 4.380e-03 -4.944e-04
7.410e+01 5.361e-03 -4.969e-03
7.420e+01 3.055e-03 -6.918e-03
7.430e+01 1.924e-03 -3.938e-03
7.440e+01 4.412e-03 -4.758e-03
7.450e+01 1.800e-03 -4.059e-03
7.460e+01 3.274e-03 -1.811e-04
7.470e+01 2.588e-03 -8.103e-04
7.480e+01 7.942e-03 -1.160e-03
7.490e+01 5.397e-03 6.988e-05
7.500e+01 1.045e-03 2.320e-03
7.510e+01 1.923e-03 -6.432e-03
7.520e+01 5.036e-04 -2.490e-03
7.530e+01 3.593e-03 -2.474e-03
7.540e+01 6.558e-03 -2.757e-03
7.550e+01 6.608e-03 -4.472e-04
7.560e+01 1.073e-02 -2.749e-03
7.570e+01 9.597e-03 3.905e-03
7.580e+01 5.150e-03 2.152e-03
7.590e+01 5.711e-03 5.001e-04
7.600e+01 5.678e-03 -3.174e-04
7.610e+01 4.477e-03 1.903e-03
7.620e+01 4.606e-03 1.104e-03
7.630e+01 5.543e-03 -9.393e-04
7.640e+01 2.179e-03 1.813e-04
7.650e+01 2.796e-03 -8.766e-05
7.660e+01 4.659e-03 -4.710e-03
7.670e+01 4.826e-03 -5.532e-03
7.680e+01 7.719e-03 -1.353e-03
7.690e+01 7.907e-03 -3.546e-03
7.700e+01 8.177e-03 -4.700e-03
7.710e+01 9.998e-03 -2.774e-04
7.720e+01 6.468e-03 -1.288e-04
7.730e+01 9.557e-03 6.489e-03
7.740e+01 1.221e-02 5.548e-03
7.750e+01 1.021e-02 7.743e-03
7.760e+01 1.276e-02 8.928e-03
7.770e+01 1.161e-02 4.330e-03
7.780e+01 1.008e-02 -4.141e-04
7.790e+01 1.269e-02 -2.933e-03
7.800e+01 1.750e-02 -6.621e-03
7.810e+01 1.416e-02 -2.875e-03
7.820e+01 1.100e-02 -1.524e-03
7.830e+01 1.166e-02 -4.081e-03
7.840e+01 9.750e-03 -2.047e-03
7.850e+01 1.006e-02 2.465e-03
7.860e+01 1.348e-02 1.041e-03
7.870e+01 1.411e-02 3.889e-03
7.880e+01 1.675e-02 4.688e-04
7.890e+01 1.646e-02 -4.026e-03
7.900e+01 1.934e-02 -6.030e-03
7.910e+01 1.989e-02 -3.934e-03
7.920e+01 1.602e-02 -2.674e-03
7.930e+01 1.621e-02 -6.441e-03
7.940e+01 2.092e-02 -7.718e-03
7.950e+01 2.068e-02 -6.832e-03
7.960e+01 1.937e-02 -7.019e-03
7.970e+01 1.811e-02 -7.904e-03
7.980e+01 2.263e-02 -8.867e-03
7.990e+01 1.476e-02 -9.526e-03
8.000e+01 1.523e-02 -4.604e-03
8.010e+01 1.151e-02 -1.048e-02
8.020e+01 7.022e-03 -1.307e-02
8.030e+01 1.229e-02 -1.341e-02
8.040e+01 1.168e-02 -1.078e-02
8.050e+01 6.068e-03 -1.288e-02
8.060e+01 4.821e-03 -8.251e-03
8.070e+01 3.954e-03 -3.709e-03
8.080e+01 6.330e-04 -3.366e-03
8.090e+01 4.659e-03 8.027e-04
8.100e+01 7.660e-03 6.626e-04
8.110e+01 4.110e-03 1.898e-03
8.120e+01 -1.654e-03 -4.186e-03
8.130e+01 3.479e-03 -3.289e-03
8.140e+01 2.770e-03 6.013e-03
8.150e+01 8.929e-04 8.321e-03
8.160e+01 2.196e-03 5.325e-03
8.170e+01 4.369e-03 4.956e-03
8.180e+01 3.688e-03 2.587e-03
8.190e+01 2.314e-03 -1.054e-03
8.200e+01 -8.193e-04 -6.740e-03
8.210e+01 -5.833e-04 -2.275e-03
8.220e+01 4.666e-03 -1.506e-03
8.230e+01 7.394e-03 2.092e-03
8.240e+01 5.696e-03 5.234e-03
8.250e+01 7.504e-03 8.824e-03
8.260e+01 2.101e-03 3.381e-03
8.270e+01 -4.568e-04 -1.733e-03
8.280e+01 -1.052e-03 -2.096e-03
8.290e+01 -9.684e-04 -2.248e-03
8.300e+01 7.806e-04 2.606e-03
8.310e+01 7.090e-04 3.123e-03
8.320e+01 3.154e-03 2.331e-03
8.330e+01 -7.600e-04 3.487e-03
8.340e+01 -8.672e-04 -4.004e-03
8.350e+01 -4.164e-03 -6.592e-03
8.360e+01 -8.081e-04 -3.730e-03
8.370e+01 -1.034e-03 -1.340e-03
8.380e+01 -1.858e-03 -7.189e-04
8.390e+01 1.875e-03 -6.225e-03
8.400e+01 3.261e-03 -1.035e-02
8.410e+01 7.791e-03 -4.667e-03
8.420e+01 1.042e-02 -3.545e-03
8.430e+01 5.565e-03 -3.250e-03
8.440e+01 6.594e-03 -4.066e-03
8.450e+01 7.150e-03 -2.236e-03
8.460e+01 3.293e-03 -1.227e-03
8.470e+01 5.127e-03 8.579e-04
8.480e+01 5.685e-03 1.019e-03
8.490e+01 8.361e-03 -2.633e-03
8.500e+01 6.698e-03 -3.975e-03
8.510e+01 5.934e-03 -5.697e-03
8.520e+01 3.845e-03 -5.790e-03
8.530e+01 4.037e-03 -6.422e-03
8.540e+01 3.006e-03 -2.520e-03
8.550e+01 4.612e-03 -3.616e-03
8.560e+01 6.234e-03 -3.145e-03
8.570e+01 7.971e-03 -3.301e-03
8.580e+01 8.675e-03 -4.996e-03
8.590e+01 4.099e-03 5.332e-04
8.600e+01 5.691e-03 6.289e-03
8.610e+01 -7.153e-04 7.793e-03
8.620e+01 4.645e-03 6.526e-03
8.630e+01 4.398e-03 4.756e-03
8.640e+01 1.197e-02 7.683e-03
8.650e+01 1.230e-02 8.376e-03
8.660e+01 1.324e-02 3.874e-03
8.670e+01 1.229e-02 3.755e-03
8.680e+01 1.279e-02 1.654e-03
8.690e+01 1.180e-02 4.227e-03
8.700e+01 9.337e-03 -1.315e-03
8.710e+01 1.103e-02 -6.364e-03
8.720e+01 1.383e-02 -5.880e-03
8.730e+01 1.419e-02 -6.187e-03
8.740e+01 1.529e-02 -5.560e-03
8.750e+01 1.503e-02 -5.469e-03
8.760e+01 1.481e-02 -6.667e-03
8.770e+01 1.419e-02 -3.285e-03
8.780e+01 1.207e-02 -4.159e-03
8.790e+01 1.593e-02 -3.611e-03
8.800e+01 1.478e-02 -5.952e-04
8.810e+01 1.339e-02 -2.376e-03
8.820e+01 1.174e-02 -2.773e-03
8.830e+01 1.129e-02 -4.199e-03
8.840e+01 1.508e-02 -2.209e-03
8.850e+01 1.240e-02 -5.429e-03
8.860e+01 1.297e-02 -5.264e-03
8.870e+01 1.800e-02 -2.151e-03
8.880e+01 1.353e-02 -3.242e-03
8.890e+01 1.229e-02 -1.059e-03
8.900e+01 1.094e-02 -1.987e-03
8.910e+01 1.100e-02 -3.246e-03
8.920e+01 1.200e-02 -2.091e-03
8.930e+01 1.106e-02 -1.036e-03
8.940e+01 1.084e-02 -5.326e-03
8.950e+01 1.039e-02 -2.918e-03
8.960e+01 1.062e-02 -1.466e-03
8.970e+01 9.903e-03 -1.527e-03
8.980e+01 1.010e-02 -8.214e-04
8.990e+01 8.288e-03 -4.265e-03
9.000e+01 1.134e-02 -2.018e-03
9.010e+01 1.242e-02 -4.357e-03
9.020e+01 1.031e-02 -2.810e-03
9.030e+01 7.056e-03 -2.779e-04
9.040e+01 1.123e-02 -3.540e-03
9.050e+01 1.265e-02 -7.339e-03
9.060e+01 1.092e-02 -7.866e-03
9.070e+01 7.305e-03 -5.977e-03
9.080e+01 5.130e-03 -5.668e-03
9.090e+01 7.806e-03 -1.098e-03
9.100e+01 1.377e-02 2.754e-03
9.110e+01 1.127e-02 4.974e-04
9.120e+01 1.175e-02 -5.562e-04
9.130e+01 1.521e-02 -2.309e-03
9.140e+01 1.633e-02 2.613e-03
9.150e+01 1.295e-02 -1.477e-03
9.160e+01 1.149e-02 -5.836e-04
9.170e+01 7.871e-03 3.290e-03
9.180e+01 1.686e-02 1.720e-03
9.190e+01 1.241e-02 -1.465e-03
9.200e+01 1.441e-02 -8.175e-03
9.210e+01 1.193e-02 -8.299e-03
9.220e+01 1.442e-02 -7.883e-03
9.230e+01 1.421e-02 -6.042e-03
9.240e+01 1.108e-02 -5.118e-03
9.250e+01 1.059e-02 -5.170e-03
9.260e+01 1.181e-02 -6.718e-03
9.270e+01 1.310e-02 -4.415e-03
9.280e+01 1.281e-02 -3.950e-03
9.290e+01 1.422e-02 -2.086e-03
9.300e+01 1.743e-02 -2.125e-03
9.310e+01 1.632e-02 -2.548e-03
9.320e+01 1.658e-02 -5.839e-03
9.330e+01 1.602e-02 -5.751e-03
9.340e+01 1.535e-02 -7.164e-03
9.350e+01 1.657e-02 -7.986e-03
9.360e+01 1.750e-02 -1.061e-02
9.370e+01 1.734e-02 -1.292e-02
9.380e+01 1.710e-02 -7.058e-03
9.390e+01 1.795e-02 -7.702e-03
9.400e+01 1.754e-02 -7.340e-03
9.410e+01 1.507e-02 -9.914e-03
9.420e+01 1.446e-02 -1.116e-02
9.430e+01 1.586e-02 -1.072e-02
9.440e+01 1.416e-02 -8.216e-03
9.450e+01 1.292e-02 -7.788e-03
9.460e+01 1.134e-02 -9.160e-03
9.470e+01 1.001e-02 -1.042e-02
9.480e+01 1.107e-02 -1.389e-02
9.490e+01 1.318e-02 -1.216e-02
9.500e+01 1.391e-02 -1.091e-02
9.510e+01 1.608e-02 -1.142e-02
9.520e+01 1.548e-02 -1.078e-02
9.530e+01 1.524e-02 -1.215e-02
9.540e+01 1.629e-02 -9.792e-03
9.550e+01 1.545e-02 -8.398e-03
9.560e+01 1.738e-02 -7.954e-03
9.570e+01 1.707e-02 -7.993e-03
9.580e+01 1.571e-02 -9.869e-03
9.590e+01 1.451e-02 -1.301e-02
9.600e+01 1.974e-02 -1.074e-02
9.610e+01 1.948e-02 -1.184e-02
9.620e+01 1.798e-02 -1.483e-02
9.630e+01 2.093e-02 -1.574e-02
9.640e+01 1.454e-02 -1.150e-02
9.650e+01 1.333e-02 -1.310e-02
9.660e+01 1.298e-02 -1.528e-02
9.670e+01 1.221e-02 -1.891e-02
9.680e+01 9.993e-03 -1.738e-02
9.690e+01 1.003e-02 -2.119e-02
9.700e+01 8.235e-03 -1.782e-02
9.710e+01 5.456e-03 -1.748e-02
9.720e+01 5.566e-03 -2.024e-02
9.730e+01 8.177e-03 -1.744e-02
9.740e+01 9.472e-03 -1.478e-02
9.750e+01 1.018e-02 -1.706e-02
9.760e+01 8.912e-03 -1.637e-02
9.770e+01 1.213e-02 -1.771e-02
9.780e+01 5.116e-03 -1.933e-02
9.790e+01 9.563e-03 -1.281e-02
9.800e+01 9.335e-03 -1.313e-02
9.810e+01 8.779e-03 -6.211e-03
9.820e+01 3.939e-03 -1.214e-02
9.830e+01 3.692e-03 -1.051e-02
9.840e+01 -6.401e-04 -1.071e-02
9.850e+01 2.470e-03 -8.891e-03
9.860e+01 7.608e-04 -1.102e-02
9.870e+01 2.865e-03 -1.120e-02
9.880e+01 5.561e-03 -1.488e-02
9.890e+01 2.873e-03 -1.595e-02
9.900e+01 4.606e-03 -1.065e-02
9.910e+01 3.266e-03 -8.886e-03
9.920e+01 2.920e-03 -9.189e-03
9.930e+01 1.177e-03 -4.979e-03
9.940e+01 4.952e-03 -6.178e-03
9.950e+01 2.116e-03 -6.015e-03
9.960e+01 4.552e-04 -4.212e-03
9.970e+01 1.301e-03 -6.007e-03
9.980e+01 2.495e-03 -5.514e-03
9.990e+01 5.617e-04 -3.733e-03
