# Frequency (1.0/ps)      real(fft(F_1))
0.000e+00 9.573e+01
1.000e-02 5.437e+01
2.000e-02 3.243e+01
3.000e-02 2.060e+01
4.000e-02 1.541e+01
5.000e-02 1.257e+01
6.000e-02 8.347e+00
7.000e-02 2.873e+00
8.000e-02 5.724e+00
9.000e-02 4.465e+00
1.000e-01 6.809e-01
1.100e-01 2.812e-01
1.200e-01 6.628e-01
1.300e-01 1.809e+00
1.400e-01 1.580e+00
1.500e-01 2.232e+00
1.600e-01 1.870e+00
1.700e-01 1.749e+00
1.800e-01 4.428e-01
1.900e-01 8.201e-01
2.000e-01 9.066e-01
2.100e-01 1.140e+00
2.200e-01 1.602e+00
2.300e-01 8.253e-01
2.400e-01 1.552e+00
2.500e-01 1.345e+00
2.600e-01 9.451e-01
2.700e-01 3.181e-01
2.800e-01 1.234e+00
2.900e-01 9.549e-01
3.000e-01 1.226e+00
3.100e-01 6.426e-01
3.200e-01 1.274e+00
3.300e-01 1.036e+00
3.400e-01 9.182e-01
3.500e-01 1.828e-01
3.600e-01 5.881e-02
3.700e-01 -8.620e-02
3.800e-01 4.630e-01
3.900e-01 1.762e-01
4.000e-01 4.461e-01
4.100e-01 6.548e-01
4.200e-01 8.614e-02
4.300e-01 7.961e-02
4.400e-01 1.312e+00
4.500e-01 8.903e-01
4.600e-01 4.924e-01
4.700e-01 1.462e+00
4.800e-01 1.567e+00
4.900e-01 1.543e+00
5.000e-01 1.262e+00
5.100e-01 1.090e+00
5.200e-01 1.210e+00
5.300e-01 9.859e-01
5.400e-01 1.797e+00
5.500e-01 1.659e+00
5.600e-01 1.584e+00
5.700e-01 9.822e-01
5.800e-01 1.561e+00
5.900e-01 1.184e+00
6.000e-01 9.815e-01
6.100e-01 8.259e-01
6.200e-01 1.198e+00
6.300e-01 7.870e-01
6.400e-01 3.217e-01
6.500e-01 5.789e-01
6.600e-01 1.126e+00
6.700e-01 6.745e-01
6.800e-01 7.599e-01
6.900e-01 1.013e+00
7.000e-01 1.726e+00
7.100e-01 8.702e-01
7.200e-01 7.274e-02
7.300e-01 3.042e-01
7.400e-01 4.851e-01
7.500e-01 7.847e-01
7.600e-01 4.234e-01
7.700e-01 1.039e+00
7.800e-01 1.035e+00
7.900e-01 7.220e-01
8.000e-01 4.949e-01
8.100e-01 2.581e-01
8.200e-01 4.126e-01
8.300e-01 2.172e-02
8.400e-01 3.301e-01
8.500e-01 9.454e-01
8.600e-01 1.346e+00
8.700e-01 1.114e+00
8.800e-01 6.816e-01
8.900e-01 5.902e-01
9.000e-01 9.492e-01
9.100e-01 1.018e+00
9.200e-01 1.352e+00
9.300e-01 1.305e+00
9.400e-01 1.350e+00
9.500e-01 1.617e+00
9.600e-01 1.151e+00
9.700e-01 6.974e-01
9.800e-01 8.498e-01
9.900e-01 9.402e-01
1.000e+00 6.333e-01
1.010e+00 6.742e-01
1.020e+00 7.100e-01
1.030e+00 3.568e-01
1.040e+00 -1.120e-01
1.050e+00 2.479e-01
1.060e+00 1.823e-01
1.070e+00 5.175e-01
1.080e+00 6.361e-01
1.090e+00 2.595e-01
1.100e+00 3.944e-01
1.110e+00 7.734e-01
1.120e+00 9.028e-01
1.130e+00 5.515e-01
1.140e+00 7.624e-01
1.150e+00 8.071e-01
1.160e+00 6.245e-01
1.170e+00 6.512e-01
1.180e+00 1.449e+00
1.190e+00 1.605e+00
1.200e+00 1.196e+00
1.210e+00 7.065e-01
1.220e+00 7.459e-01
1.230e+00 7.260e-01
1.240e+00 5.785e-01
1.250e+00 5.061e-01
1.260e+00 7.059e-01
1.270e+00 5.443e-01
1.280e+00 7.505e-01
1.290e+00 8.403e-01
1.300e+00 7.416e-01
1.310e+00 8.275e-01
1.320e+00 7.089e-01
1.330e+00 5.336e-01
1.340e+00 6.365e-01
1.350e+00 5.633e-01
1.360e+00 5.604e-01
1.370e+00 5.287e-01
1.380e+00 2.516e-01
1.390e+00 2.233e-01
1.400e+00 1.573e-01
1.410e+00 3.331e-01
1.420e+00 3.948e-01
1.430e+00 5.581e-01
1.440e+00 6.690e-01
1.450e+00 9.584e-01
1.460e+00 1.170e+00
1.470e+00 1.075e+00
1.480e+00 7.652e-01
1.490e+00 6.692e-01
1.500e+00 8.295e-01
1.510e+00 9.152e-01
1.520e+00 7.515e-01
1.530e+00 5.498e-01
1.540e+00 8.117e-01
1.550e+00 8.287e-01
1.560e+00 5.090e-01
1.570e+00 6.232e-01
1.580e+00 4.203e-01
1.590e+00 2.971e-01
1.600e+00 5.453e-01
1.610e+00 5.518e-01
1.620e+00 7.232e-01
1.630e+00 1.102e+00
1.640e+00 1.193e+00
1.650e+00 9.542e-01
1.660e+00 7.666e-01
1.670e+00 1.061e+00
1.680e+00 8.657e-01
1.690e+00 6.080e-01
1.700e+00 4.794e-01
1.710e+00 6.548e-01
1.720e+00 6.326e-01
1.730e+00 4.571e-01
1.740e+00 4.292e-01
1.750e+00 4.850e-01
1.760e+00 5.361e-01
1.770e+00 2.563e-01
1.780e+00 2.813e-01
1.790e+00 4.695e-01
1.800e+00 2.149e-01
1.810e+00 3.091e-01
1.820e+00 1.984e-01
1.830e+00 1.855e-01
1.840e+00 6.307e-01
1.850e+00 5.056e-01
1.860e+00 3.274e-01
1.870e+00 3.940e-01
1.880e+00 6.614e-01
1.890e+00 8.775e-01
1.900e+00 1.041e+00
1.910e+00 9.692e-01
1.920e+00 7.559e-01
1.930e+00 7.528e-01
1.940e+00 6.907e-01
1.950e+00 5.374e-01
1.960e+00 4.880e-01
1.970e+00 4.974e-01
1.980e+00 8.091e-01
1.990e+00 7.642e-01
2.000e+00 6.836e-01
2.010e+00 4.542e-01
2.020e+00 5.417e-01
2.030e+00 6.394e-01
2.040e+00 2.319e-01
2.050e+00 2.215e-01
2.060e+00 4.199e-01
2.070e+00 5.539e-01
2.080e+00 7.011e-01
2.090e+00 6.314e-01
2.100e+00 5.185e-01
2.110e+00 6.630e-01
2.120e+00 5.584e-01
2.130e+00 5.113e-01
2.140e+00 7.305e-01
2.150e+00 1.054e+00
2.160e+00 1.013e+00
2.170e+00 9.113e-01
2.180e+00 7.069e-01
2.190e+00 7.895e-01
2.200e+00 7.969e-01
2.210e+00 8.267e-01
2.220e+00 6.970e-01
2.230e+00 6.358e-01
2.240e+00 9.815e-01
2.250e+00 8.950e-01
2.260e+00 3.523e-01
2.270e+00 5.793e-01
2.280e+00 7.619e-01
2.290e+00 6.967e-01
2.300e+00 5.423e-01
2.310e+00 6.362e-01
2.320e+00 7.477e-01
2.330e+00 6.874e-01
2.340e+00 4.595e-01
2.350e+00 6.095e-01
2.360e+00 6.165e-01
2.370e+00 3.601e-01
2.380e+00 4.365e-01
2.390e+00 7.191e-01
2.400e+00 8.673e-01
2.410e+00 6.832e-01
2.420e+00 4.684e-01
2.430e+00 5.767e-01
2.440e+00 6.596e-01
2.450e+00 4.079e-01
2.460e+00 4.226e-01
2.470e+00 5.176e-01
2.480e+00 7.575e-01
2.490e+00 6.187e-01
2.500e+00 5.507e-01
2.510e+00 5.126e-01
2.520e+00 5.639e-01
2.530e+00 5.621e-01
2.540e+00 3.442e-01
2.550e+00 5.136e-01
2.560e+00 6.034e-01
2.570e+00 3.544e-01
2.580e+00 4.654e-01
2.590e+00 7.685e-01
2.600e+00 7.107e-01
2.610e+00 4.590e-01
2.620e+00 5.296e-01
2.630e+00 8.839e-01
2.640e+00 4.118e-01
2.650e+00 1.278e-01
2.660e+00 3.955e-01
2.670e+00 7.209e-01
2.680e+00 3.475e-01
2.690e+00 2.353e-01
2.700e+00 3.176e-01
2.710e+00 4.245e-01
2.720e+00 1.113e-01
2.730e+00 2.275e-01
2.740e+00 4.932e-01
2.750e+00 6.504e-01
2.760e+00 3.266e-01
2.770e+00 3.369e-01
2.780e+00 5.769e-01
2.790e+00 5.312e-01
2.800e+00 1.932e-01
2.810e+00 5.424e-01
2.820e+00 5.181e-01
2.830e+00 5.442e-01
2.840e+00 4.658e-01
2.850e+00 5.133e-01
2.860e+00 4.503e-01
2.870e+00 3.520e-01
2.880e+00 4.174e-01
2.890e+00 4.582e-01
2.900e+00 4.217e-01
2.910e+00 5.843e-01
2.920e+00 6.040e-01
2.930e+00 6.495e-01
2.940e+00 7.295e-01
2.950e+00 5.583e-01
2.960e+00 5.422e-01
2.970e+00 7.809e-01
2.980e+00 5.906e-01
2.990e+00 4.052e-01
3.000e+00 6.315e-01
3.010e+00 7.671e-01
3.020e+00 8.452e-01
3.030e+00 8.109e-01
3.040e+00 8.693e-01
3.050e+00 8.594e-01
3.060e+00 6.644e-01
3.070e+00 3.793e-01
3.080e+00 5.647e-01
3.090e+00 7.714e-01
3.100e+00 6.461e-01
3.110e+00 7.821e-01
3.120e+00 8.979e-01
3.130e+00 9.034e-01
3.140e+00 7.765e-01
3.150e+00 5.549e-01
3.160e+00 5.414e-01
3.170e+00 6.288e-01
3.180e+00 5.551e-01
3.190e+00 3.474e-01
3.200e+00 4.760e-01
3.210e+00 4.678e-01
3.220e+00 4.201e-01
3.230e+00 2.705e-01
3.240e+00 3.970e-01
3.250e+00 3.707e-01
3.260e+00 2.837e-01
3.270e+00 5.402e-01
3.280e+00 6.074e-01
3.290e+00 6.033e-01
3.300e+00 7.375e-01
3.310e+00 6.999e-01
3.320e+00 5.407e-01
3.330e+00 3.403e-01
3.340e+00 2.025e-01
3.350e+00 3.689e-01
3.360e+00 3.170e-01
3.370e+00 5.045e-01
3.380e+00 7.059e-01
3.390e+00 6.560e-01
3.400e+00 5.958e-01
3.410e+00 6.571e-01
3.420e+00 8.864e-01
3.430e+00 7.868e-01
3.440e+00 5.979e-01
3.450e+00 5.072e-01
3.460e+00 5.687e-01
3.470e+00 4.995e-01
3.480e+00 5.748e-01
3.490e+00 7.869e-01
3.500e+00 6.711e-01
3.510e+00 5.614e-01
3.520e+00 6.407e-01
3.530e+00 7.307e-01
3.540e+00 5.983e-01
3.550e+00 6.560e-01
3.560e+00 8.101e-01
3.570e+00 7.863e-01
3.580e+00 7.305e-01
3.590e+00 7.305e-01
3.600e+00 7.771e-01
3.610e+00 6.879e-01
3.620e+00 5.939e-01
3.630e+00 7.138e-01
3.640e+00 9.685e-01
3.650e+00 7.722e-01
3.660e+00 5.070e-01
3.670e+00 6.184e-01
3.680e+00 5.803e-01
3.690e+00 4.015e-01
3.700e+00 3.682e-01
3.710e+00 4.465e-01
3.720e+00 4.043e-01
3.730e+00 1.129e-01
3.740e+00 1.024e-01
3.750e+00 1.262e-01
3.760e+00 1.481e-01
3.770e+00 1.714e-01
3.780e+00 3.030e-01
3.790e+00 5.635e-01
3.800e+00 6.151e-01
3.810e+00 4.795e-01
3.820e+00 6.239e-01
3.830e+00 6.914e-01
3.840e+00 6.165e-01
3.850e+00 5.321e-01
3.860e+00 6.874e-01
3.870e+00 7.977e-01
3.880e+00 6.348e-01
3.890e+00 4.345e-01
3.900e+00 6.062e-01
3.910e+00 7.021e-01
3.920e+00 5.557e-01
3.930e+00 4.163e-01
3.940e+00 6.110e-01
3.950e+00 5.670e-01
3.960e+00 3.392e-01
3.970e+00 1.439e-01
3.980e+00 4.614e-01
3.990e+00 4.332e-01
4.000e+00 4.019e-01
4.010e+00 4.474e-01
4.020e+00 6.861e-01
4.030e+00 7.450e-01
4.040e+00 8.408e-01
4.050e+00 6.787e-01
4.060e+00 7.900e-01
4.070e+00 7.572e-01
4.080e+00 5.112e-01
4.090e+00 2.880e-01
4.100e+00 3.772e-01
4.110e+00 4.348e-01
4.120e+00 4.230e-01
4.130e+00 3.698e-01
4.140e+00 7.769e-01
4.150e+00 6.494e-01
4.160e+00 6.359e-01
4.170e+00 4.176e-01
4.180e+00 5.950e-01
4.190e+00 7.649e-01
4.200e+00 5.399e-01
4.210e+00 3.153e-01
4.220e+00 2.953e-01
4.230e+00 3.857e-01
4.240e+00 3.226e-01
4.250e+00 4.008e-01
4.260e+00 5.342e-01
4.270e+00 7.073e-01
4.280e+00 5.633e-01
4.290e+00 5.577e-01
4.300e+00 5.453e-01
4.310e+00 5.926e-01
4.320e+00 6.708e-01
4.330e+00 6.575e-01
4.340e+00 7.491e-01
4.350e+00 4.262e-01
4.360e+00 4.612e-01
4.370e+00 6.870e-01
4.380e+00 7.386e-01
4.390e+00 7.520e-01
4.400e+00 7.260e-01
4.410e+00 8.541e-01
4.420e+00 7.707e-01
4.430e+00 7.921e-01
4.440e+00 6.151e-01
4.450e+00 8.259e-01
4.460e+00 7.704e-01
4.470e+00 7.690e-01
4.480e+00 7.788e-01
4.490e+00 7.334e-01
4.500e+00 6.978e-01
4.510e+00 5.673e-01
4.520e+00 7.688e-01
4.530e+00 6.753e-01
4.540e+00 4.371e-01
4.550e+00 6.046e-01
4.560e+00 5.969e-01
4.570e+00 4.771e-01
4.580e+00 5.815e-01
4.590e+00 7.607e-01
4.600e+00 6.905e-01
4.610e+00 5.729e-01
4.620e+00 5.209e-01
4.630e+00 6.613e-01
4.640e+00 6.141e-01
4.650e+00 5.790e-01
4.660e+00 7.794e-01
4.670e+00 6.602e-01
4.680e+00 5.174e-01
4.690e+00 2.739e-01
4.700e+00 4.136e-01
4.710e+00 3.900e-01
4.720e+00 3.694e-01
4.730e+00 3.652e-01
4.740e+00 5.853e-01
4.750e+00 4.450e-01
4.760e+00 3.716e-01
4.770e+00 3.490e-01
4.780e+00 5.998e-01
4.790e+00 6.090e-01
4.800e+00 4.395e-01
4.810e+00 5.042e-01
4.820e+00 5.844e-01
4.830e+00 5.114e-01
4.840e+00 3.811e-01
4.850e+00 4.081e-01
4.860e+00 4.822e-01
4.870e+00 6.272e-01
4.880e+00 6.227e-01
4.890e+00 5.180e-01
4.900e+00 7.272e-01
4.910e+00 7.242e-01
4.920e+00 5.567e-01
4.930e+00 6.445e-01
4.940e+00 5.836e-01
4.950e+00 5.351e-01
4.960e+00 5.455e-01
4.970e+00 6.352e-01
4.980e+00 7.038e-01
4.990e+00 5.618e-01
-5.000e+00 4.308e-01
-4.990e+00 5.086e-01
-4.980e+00 4.049e-01
-4.970e+00 1.804e-01
-4.960e+00 3.761e-01
-4.950e+00 4.425e-01
-4.940e+00 5.156e-01
-4.930e+00 5.075e-01
-4.920e+00 5.623e-01
-4.910e+00 5.631e-01
-4.900e+00 4.537e-01
-4.890e+00 5.462e-01
-4.880e+00 5.484e-01
-4.870e+00 6.956e-01
-4.860e+00 7.634e-01
-4.850e+00 5.803e-01
-4.840e+00 6.647e-01
-4.830e+00 6.247e-01
-4.820e+00 5.600e-01
-4.810e+00 5.776e-01
-4.800e+00 5.610e-01
-4.790e+00 5.227e-01
-4.780e+00 3.467e-01
-4.770e+00 4.870e-01
-4.760e+00 4.178e-01
-4.750e+00 4.821e-01
-4.740e+00 4.534e-01
-4.730e+00 5.322e-01
-4.720e+00 5.931e-01
-4.710e+00 4.278e-01
-4.700e+00 3.888e-01
-4.690e+00 5.997e-01
-4.680e+00 7.743e-01
-4.670e+00 7.452e-01
-4.660e+00 6.944e-01
-4.650e+00 7.450e-01
-4.640e+00 7.102e-01
-4.630e+00 5.382e-01
-4.620e+00 5.076e-01
-4.610e+00 6.700e-01
-4.600e+00 6.448e-01
-4.590e+00 6.122e-01
-4.580e+00 5.852e-01
-4.570e+00 5.493e-01
-4.560e+00 3.331e-01
-4.550e+00 4.623e-01
-4.540e+00 7.149e-01
-4.530e+00 8.469e-01
-4.520e+00 6.957e-01
-4.510e+00 7.916e-01
-4.500e+00 8.489e-01
-4.490e+00 7.506e-01
-4.480e+00 6.212e-01
-4.470e+00 6.547e-01
-4.460e+00 7.232e-01
-4.450e+00 7.633e-01
-4.440e+00 7.259e-01
-4.430e+00 7.057e-01
-4.420e+00 7.753e-01
-4.410e+00 9.834e-01
-4.400e+00 8.302e-01
-4.390e+00 7.687e-01
-4.380e+00 6.966e-01
-4.370e+00 7.857e-01
-4.360e+00 7.565e-01
-4.350e+00 5.982e-01
-4.340e+00 6.023e-01
-4.330e+00 6.838e-01
-4.320e+00 7.919e-01
-4.310e+00 6.113e-01
-4.300e+00 5.512e-01
-4.290e+00 6.935e-01
-4.280e+00 6.621e-01
-4.270e+00 5.103e-01
-4.260e+00 3.964e-01
-4.250e+00 5.087e-01
-4.240e+00 5.032e-01
-4.230e+00 3.728e-01
-4.220e+00 2.577e-01
-4.210e+00 2.862e-01
-4.200e+00 4.851e-01
-4.190e+00 5.692e-01
-4.180e+00 6.436e-01
-4.170e+00 6.263e-01
-4.160e+00 8.075e-01
-4.150e+00 6.661e-01
-4.140e+00 5.428e-01
-4.130e+00 5.516e-01
-4.120e+00 6.635e-01
-4.110e+00 4.587e-01
-4.100e+00 2.867e-01
-4.090e+00 5.513e-01
-4.080e+00 4.748e-01
-4.070e+00 3.175e-01
-4.060e+00 3.992e-01
-4.050e+00 5.921e-01
-4.040e+00 5.531e-01
-4.030e+00 5.528e-01
-4.020e+00 5.072e-01
-4.010e+00 6.513e-01
-4.000e+00 4.677e-01
-3.990e+00 2.569e-01
-3.980e+00 2.644e-01
-3.970e+00 4.821e-01
-3.960e+00 4.639e-01
-3.950e+00 4.535e-01
-3.940e+00 4.645e-01
-3.930e+00 7.250e-01
-3.920e+00 7.196e-01
-3.910e+00 6.001e-01
-3.900e+00 4.238e-01
-3.890e+00 7.177e-01
-3.880e+00 8.187e-01
-3.870e+00 8.069e-01
-3.860e+00 6.358e-01
-3.850e+00 6.002e-01
-3.840e+00 8.152e-01
-3.830e+00 5.313e-01
-3.820e+00 3.970e-01
-3.810e+00 5.929e-01
-3.800e+00 4.986e-01
-3.790e+00 2.384e-01
-3.780e+00 1.053e-01
-3.770e+00 2.433e-01
-3.760e+00 2.072e-01
-3.750e+00 1.158e-01
-3.740e+00 2.564e-01
-3.730e+00 4.718e-01
-3.720e+00 3.974e-01
-3.710e+00 5.501e-01
-3.700e+00 6.582e-01
-3.690e+00 5.764e-01
-3.680e+00 5.966e-01
-3.670e+00 6.636e-01
-3.660e+00 7.766e-01
-3.650e+00 8.224e-01
-3.640e+00 7.847e-01
-3.630e+00 6.758e-01
-3.620e+00 7.516e-01
-3.610e+00 6.996e-01
-3.600e+00 4.808e-01
-3.590e+00 7.001e-01
-3.580e+00 5.734e-01
-3.570e+00 3.828e-01
-3.560e+00 5.199e-01
-3.550e+00 6.356e-01
-3.540e+00 6.642e-01
-3.530e+00 4.466e-01
-3.520e+00 6.779e-01
-3.510e+00 9.004e-01
-3.500e+00 7.920e-01
-3.490e+00 6.589e-01
-3.480e+00 6.346e-01
-3.470e+00 6.240e-01
-3.460e+00 4.341e-01
-3.450e+00 4.767e-01
-3.440e+00 6.682e-01
-3.430e+00 7.110e-01
-3.420e+00 7.359e-01
-3.410e+00 7.837e-01
-3.400e+00 8.482e-01
-3.390e+00 5.999e-01
-3.380e+00 5.030e-01
-3.370e+00 3.542e-01
-3.360e+00 5.846e-01
-3.350e+00 5.936e-01
-3.340e+00 3.928e-01
-3.330e+00 2.318e-01
-3.320e+00 2.143e-01
-3.310e+00 3.306e-01
-3.300e+00 1.968e-01
-3.290e+00 2.833e-01
-3.280e+00 9.536e-02
-3.270e+00 1.392e-01
-3.260e+00 1.434e-01
-3.250e+00 1.017e-01
-3.240e+00 1.029e-01
-3.230e+00 1.991e-01
-3.220e+00 2.949e-01
-3.210e+00 1.542e-01
-3.200e+00 3.695e-01
-3.190e+00 4.686e-01
-3.180e+00 6.670e-01
-3.170e+00 3.777e-01
-3.160e+00 4.986e-01
-3.150e+00 3.874e-01
-3.140e+00 4.094e-01
-3.130e+00 3.164e-01
-3.120e+00 3.816e-01
-3.110e+00 4.572e-01
-3.100e+00 4.803e-01
-3.090e+00 5.091e-01
-3.080e+00 3.407e-01
-3.070e+00 3.632e-01
-3.060e+00 5.238e-01
-3.050e+00 6.673e-01
-3.040e+00 8.766e-01
-3.030e+00 9.007e-01
-3.020e+00 9.393e-01
-3.010e+00 8.912e-01
-3.000e+00 7.991e-01
-2.990e+00 7.251e-01
-2.980e+00 5.743e-01
-2.970e+00 6.538e-01
-2.960e+00 5.219e-01
-2.950e+00 7.056e-01
-2.940e+00 5.807e-01
-2.930e+00 6.143e-01
-2.920e+00 4.839e-01
-2.910e+00 3.689e-01
-2.900e+00 4.176e-01
-2.890e+00 4.967e-01
-2.880e+00 3.507e-01
-2.870e+00 3.687e-01
-2.860e+00 3.552e-01
-2.850e+00 6.499e-01
-2.840e+00 6.770e-01
-2.830e+00 4.354e-01
-2.820e+00 2.716e-01
-2.810e+00 3.415e-01
-2.800e+00 3.790e-01
-2.790e+00 5.139e-01
-2.780e+00 5.951e-01
-2.770e+00 6.064e-01
-2.760e+00 5.011e-01
-2.750e+00 2.642e-01
-2.740e+00 2.231e-01
-2.730e+00 3.655e-01
-2.720e+00 2.484e-01
-2.710e+00 2.106e-01
-2.700e+00 3.393e-01
-2.690e+00 5.211e-01
-2.680e+00 4.490e-01
-2.670e+00 3.781e-01
-2.660e+00 5.823e-01
-2.650e+00 6.867e-01
-2.640e+00 5.554e-01
-2.630e+00 2.369e-01
-2.620e+00 4.933e-01
-2.610e+00 4.949e-01
-2.600e+00 5.198e-01
-2.590e+00 4.548e-01
-2.580e+00 7.055e-01
-2.570e+00 7.938e-01
-2.560e+00 5.037e-01
-2.550e+00 2.602e-01
-2.540e+00 4.165e-01
-2.530e+00 4.971e-01
-2.520e+00 3.476e-01
-2.510e+00 1.902e-01
-2.500e+00 3.923e-01
-2.490e+00 6.127e-01
-2.480e+00 4.926e-01
-2.470e+00 2.350e-01
-2.460e+00 6.449e-01
-2.450e+00 7.234e-01
-2.440e+00 4.807e-01
-2.430e+00 2.357e-01
-2.420e+00 6.508e-01
-2.410e+00 6.318e-01
-2.400e+00 3.754e-01
-2.390e+00 2.173e-01
-2.380e+00 4.154e-01
-2.370e+00 1.423e-01
-2.360e+00 9.766e-02
-2.350e+00 1.099e-01
-2.340e+00 2.035e-01
-2.330e+00 3.114e-01
-2.320e+00 1.708e-01
-2.310e+00 4.332e-01
-2.300e+00 2.704e-01
-2.290e+00 1.726e-01
-2.280e+00 3.065e-01
-2.270e+00 5.914e-01
-2.260e+00 6.445e-01
-2.250e+00 5.513e-01
-2.240e+00 6.773e-01
-2.230e+00 8.064e-01
-2.220e+00 6.613e-01
-2.210e+00 7.776e-01
-2.200e+00 8.503e-01
-2.190e+00 7.872e-01
-2.180e+00 7.641e-01
-2.170e+00 8.957e-01
-2.160e+00 8.453e-01
-2.150e+00 6.928e-01
-2.140e+00 6.008e-01
-2.130e+00 6.870e-01
-2.120e+00 6.812e-01
-2.110e+00 2.618e-01
-2.100e+00 2.472e-01
-2.090e+00 2.912e-01
-2.080e+00 3.811e-01
-2.070e+00 2.914e-01
-2.060e+00 3.327e-01
-2.050e+00 5.255e-01
-2.040e+00 4.619e-01
-2.030e+00 3.191e-01
-2.020e+00 4.867e-01
-2.010e+00 7.277e-01
-2.000e+00 8.728e-01
-1.990e+00 6.567e-01
-1.980e+00 7.320e-01
-1.970e+00 5.135e-01
-1.960e+00 3.362e-01
-1.950e+00 3.530e-01
-1.940e+00 4.580e-01
-1.930e+00 3.748e-01
-1.920e+00 4.238e-01
-1.910e+00 5.486e-01
-1.900e+00 7.991e-01
-1.890e+00 7.893e-01
-1.880e+00 7.334e-01
-1.870e+00 1.035e+00
-1.860e+00 8.661e-01
-1.850e+00 6.290e-01
-1.840e+00 5.861e-01
-1.830e+00 6.296e-01
-1.820e+00 7.079e-01
-1.810e+00 5.875e-01
-1.800e+00 2.380e-01
-1.790e+00 3.036e-01
-1.780e+00 5.449e-01
-1.770e+00 2.105e-01
-1.760e+00 7.313e-02
-1.750e+00 6.126e-01
-1.740e+00 8.971e-01
-1.730e+00 7.494e-01
-1.720e+00 6.881e-01
-1.710e+00 7.571e-01
-1.700e+00 6.257e-01
-1.690e+00 6.870e-01
-1.680e+00 5.080e-01
-1.670e+00 7.938e-01
-1.660e+00 7.860e-01
-1.650e+00 7.000e-01
-1.640e+00 5.646e-01
-1.630e+00 5.899e-01
-1.620e+00 8.988e-01
-1.610e+00 8.632e-01
-1.600e+00 4.793e-01
-1.590e+00 7.242e-01
-1.580e+00 1.043e+00
-1.570e+00 6.067e-01
-1.560e+00 5.295e-01
-1.550e+00 1.185e+00
-1.540e+00 1.277e+00
-1.530e+00 1.059e+00
-1.520e+00 9.472e-01
-1.510e+00 1.222e+00
-1.500e+00 1.078e+00
-1.490e+00 5.915e-01
-1.480e+00 7.571e-01
-1.470e+00 7.292e-01
-1.460e+00 5.055e-01
-1.450e+00 1.270e-01
-1.440e+00 -3.116e-02
-1.430e+00 2.929e-01
-1.420e+00 6.192e-02
-1.410e+00 -3.026e-01
-1.400e+00 -1.489e-01
-1.390e+00 1.982e-01
-1.380e+00 4.437e-01
-1.370e+00 4.364e-01
-1.360e+00 4.941e-01
-1.350e+00 9.367e-01
-1.340e+00 1.146e+00
-1.330e+00 1.120e+00
-1.320e+00 7.193e-01
-1.310e+00 1.080e+00
-1.300e+00 1.171e+00
-1.290e+00 8.774e-01
-1.280e+00 4.689e-01
-1.270e+00 1.810e-01
-1.260e+00 6.129e-01
-1.250e+00 1.310e-01
-1.240e+00 9.090e-02
-1.230e+00 7.698e-01
-1.220e+00 9.621e-01
-1.210e+00 1.026e+00
-1.200e+00 5.736e-01
-1.190e+00 5.126e-01
-1.180e+00 5.708e-01
-1.170e+00 5.365e-01
-1.160e+00 6.170e-01
-1.150e+00 5.903e-01
-1.140e+00 5.149e-01
-1.130e+00 5.552e-01
-1.120e+00 3.280e-01
-1.110e+00 4.511e-01
-1.100e+00 5.957e-01
-1.090e+00 7.457e-01
-1.080e+00 5.642e-01
-1.070e+00 7.646e-01
-1.060e+00 6.947e-01
-1.050e+00 1.083e+00
-1.040e+00 8.071e-01
-1.030e+00 5.231e-01
-1.020e+00 2.488e-01
-1.010e+00 7.941e-01
-1.000e+00 6.121e-01
-9.900e-01 2.649e-01
-9.800e-01 1.351e-01
-9.700e-01 1.086e-01
-9.600e-01 5.114e-01
-9.500e-01 2.620e-01
-9.400e-01 5.590e-01
-9.300e-01 5.940e-01
-9.200e-01 9.095e-01
-9.100e-01 1.076e+00
-9.000e-01 7.176e-01
-8.900e-01 6.019e-01
-8.800e-01 7.922e-01
-8.700e-01 8.059e-01
-8.600e-01 7.221e-01
-8.500e-01 1.080e+00
-8.400e-01 9.680e-01
-8.300e-01 7.764e-01
-8.200e-01 4.096e-01
-8.100e-01 4.691e-01
-8.000e-01 7.738e-03
-7.900e-01 3.866e-02
-7.800e-01 -4.794e-02
-7.700e-01 1.605e-01
-7.600e-01 5.949e-01
-7.500e-01 5.633e-01
-7.400e-01 6.228e-01
-7.300e-01 7.654e-01
-7.200e-01 1.050e+00
-7.100e-01 1.277e+00
-7.000e-01 7.594e-01
-6.900e-01 8.874e-01
-6.800e-01 9.111e-01
-6.700e-01 3.029e-01
-6.600e-01 5.310e-01
-6.500e-01 1.067e-01
-6.400e-01 2.633e-01
-6.300e-01 2.542e-01
-6.200e-01 4.077e-01
-6.100e-01 4.833e-01
-6.000e-01 1.418e+00
-5.900e-01 9.075e-01
-5.800e-01 7.563e-01
-5.700e-01 1.154e+00
-5.600e-01 6.716e-01
-5.500e-01 5.527e-01
-5.400e-01 2.856e-01
-5.300e-01 7.833e-01
-5.200e-01 6.420e-01
-5.100e-01 4.440e-01
-5.000e-01 5.557e-01
-4.900e-01 1.269e+00
-4.800e-01 1.273e+00
-4.700e-01 9.801e-01
-4.600e-01 6.403e-01
-4.500e-01 6.992e-01
-4.400e-01 4.510e-01
-4.300e-01 6.312e-01
-4.200e-01 7.264e-01
-4.100e-01 2.539e-02
-4.000e-01 1.681e-01
-3.900e-01 3.282e-01
-3.800e-01 -6.387e-01
-3.700e-01 -1.228e+00
-3.600e-01 -3.960e-01
-3.500e-01 -2.342e-01
-3.400e-01 1.757e-01
-3.300e-01 6.453e-01
-3.200e-01 9.247e-01
-3.100e-01 5.004e-01
-3.000e-01 4.899e-01
-2.900e-01 3.985e-01
-2.800e-01 9.205e-01
-2.700e-01 7.416e-01
-2.600e-01 9.257e-01
-2.500e-01 1.215e+00
-2.400e-01 1.234e+00
-2.300e-01 9.079e-01
-2.200e-01 2.047e+00
-2.100e-01 2.438e+00
-2.000e-01 2.071e+00
-1.900e-01 1.951e+00
-1.800e-01 3.441e+00
-1.700e-01 3.063e+00
-1.600e-01 1.686e+00
-1.500e-01 3.629e+00
-1.400e-01 4.438e+00
-1.300e-01 2.403e+00
-1.200e-01 7.782e-01
-1.100e-01 2.217e+00
-1.000e-01 2.301e+00
-9.000e-02 1.604e+00
-8.000e-02 2.427e+00
-7.000e-02 6.457e+00
-6.000e-02 5.450e+00
-5.000e-02 6.550e+00
-4.000e-02 9.752e+00
-3.000e-02 1.878e+01
-2.000e-02 2.988e+01
-1.000e-02 5.212e+01
