# Frequency (1.0/ps)      real(fft(F_1))
0.000e+00 3.441e+01
1.000e-02 3.019e+01
2.000e-02 2.185e+01
3.000e-02 1.823e+01
4.000e-02 1.005e+01
5.000e-02 6.475e+00
6.000e-02 7.392e+00
7.000e-02 9.768e+00
8.000e-02 9.782e+00
9.000e-02 5.968e+00
1.000e-01 5.551e+00
1.100e-01 6.192e+00
1.200e-01 7.769e+00
1.300e-01 6.162e+00
1.400e-01 4.736e+00
1.500e-01 3.543e+00
1.600e-01 4.238e+00
1.700e-01 3.608e+00
1.800e-01 3.411e+00
1.900e-01 2.078e+00
2.000e-01 1.006e+00
2.100e-01 2.656e-01
2.200e-01 2.159e+00
2.300e-01 2.135e+00
2.400e-01 1.855e+00
2.500e-01 1.577e+00
2.600e-01 2.125e+00
2.700e-01 2.434e+00
2.800e-01 2.783e+00
2.900e-01 1.583e+00
3.000e-01 1.604e+00
3.100e-01 1.109e+00
3.200e-01 1.165e+00
3.300e-01 1.257e+00
3.400e-01 9.191e-01
3.500e-01 8.887e-01
3.600e-01 1.013e+00
3.700e-01 1.866e+00
3.800e-01 1.287e+00
3.900e-01 1.463e+00
4.000e-01 1.369e+00
4.100e-01 1.801e+00
4.200e-01 1.296e+00
4.300e-01 7.796e-01
4.400e-01 7.476e-01
4.500e-01 6.717e-01
4.600e-01 7.493e-01
4.700e-01 5.929e-01
4.800e-01 2.739e-02
4.900e-01 4.693e-01
5.000e-01 4.462e-01
5.100e-01 1.231e+00
5.200e-01 1.152e+00
5.300e-01 1.292e+00
5.400e-01 2.046e+00
5.500e-01 1.589e+00
5.600e-01 1.430e+00
5.700e-01 1.234e+00
5.800e-01 1.207e+00
5.900e-01 9.640e-01
6.000e-01 1.605e+00
6.100e-01 1.773e+00
6.200e-01 1.203e+00
6.300e-01 1.323e+00
6.400e-01 4.898e-01
6.500e-01 1.641e+00
6.600e-01 4.588e-01
6.700e-01 6.459e-01
6.800e-01 5.976e-01
6.900e-01 1.298e+00
7.000e-01 3.984e-01
7.100e-01 7.811e-01
7.200e-01 4.563e-01
7.300e-01 5.358e-01
7.400e-01 2.424e-01
7.500e-01 4.931e-01
7.600e-01 7.453e-01
7.700e-01 2.117e-01
7.800e-01 2.282e-01
7.900e-01 5.250e-01
8.000e-01 9.220e-01
8.100e-01 8.360e-01
8.200e-01 7.619e-01
8.300e-01 5.208e-01
8.400e-01 7.535e-01
8.500e-01 1.065e+00
8.600e-01 5.721e-01
8.700e-01 2.183e-01
8.800e-01 2.284e-01
8.900e-01 7.558e-01
9.000e-01 -2.346e-01
9.100e-01 -3.112e-01
9.200e-01 6.064e-01
9.300e-01 9.353e-01
9.400e-01 1.001e+00
9.500e-01 1.047e+00
9.600e-01 1.263e+00
9.700e-01 1.150e+00
9.800e-01 8.897e-01
9.900e-01 2.451e-01
1.000e+00 6.598e-02
1.010e+00 5.393e-01
1.020e+00 6.077e-01
1.030e+00 5.453e-01
1.040e+00 8.052e-01
1.050e+00 6.494e-01
1.060e+00 5.779e-01
1.070e+00 1.863e-01
1.080e+00 1.554e-01
1.090e+00 3.046e-01
1.100e+00 6.985e-01
1.110e+00 6.891e-01
1.120e+00 7.131e-01
1.130e+00 5.917e-01
1.140e+00 5.278e-01
1.150e+00 1.032e+00
1.160e+00 1.046e+00
1.170e+00 7.233e-01
1.180e+00 1.871e-01
1.190e+00 7.849e-01
1.200e+00 1.005e+00
1.210e+00 1.285e+00
1.220e+00 7.392e-02
1.230e+00 4.946e-01
1.240e+00 1.454e-01
1.250e+00 1.027e+00
1.260e+00 2.123e-01
1.270e+00 6.352e-01
1.280e+00 4.194e-01
1.290e+00 9.358e-01
1.300e+00 5.142e-01
1.310e+00 4.082e-01
1.320e+00 1.415e-01
1.330e+00 2.791e-01
1.340e+00 2.998e-01
1.350e+00 3.152e-01
1.360e+00 3.683e-01
1.370e+00 5.433e-01
1.380e+00 6.827e-01
1.390e+00 2.507e-01
1.400e+00 4.551e-01
1.410e+00 1.081e-01
1.420e+00 6.785e-01
1.430e+00 2.558e-01
1.440e+00 5.510e-01
1.450e+00 1.887e-01
1.460e+00 6.879e-01
1.470e+00 6.000e-01
1.480e+00 6.083e-01
1.490e+00 3.608e-01
1.500e+00 7.582e-01
1.510e+00 7.743e-01
1.520e+00 5.689e-01
1.530e+00 2.496e-01
1.540e+00 5.934e-01
1.550e+00 8.430e-01
1.560e+00 7.578e-01
1.570e+00 7.318e-01
1.580e+00 4.792e-01
1.590e+00 6.243e-01
1.600e+00 3.277e-01
1.610e+00 2.181e-01
1.620e+00 -2.550e-01
1.630e+00 3.936e-02
1.640e+00 2.749e-01
1.650e+00 3.421e-01
1.660e+00 3.227e-01
1.670e+00 5.431e-01
1.680e+00 2.750e-01
1.690e+00 1.662e-01
1.700e+00 2.103e-01
1.710e+00 7.268e-01
1.720e+00 9.980e-01
1.730e+00 5.862e-01
1.740e+00 2.212e-01
1.750e+00 3.171e-01
1.760e+00 4.340e-01
1.770e+00 4.886e-01
1.780e+00 6.884e-01
1.790e+00 6.845e-01
1.800e+00 7.438e-01
1.810e+00 8.049e-01
1.820e+00 9.196e-01
1.830e+00 8.273e-01
1.840e+00 5.859e-01
1.850e+00 5.378e-01
1.860e+00 7.075e-01
1.870e+00 5.624e-01
1.880e+00 3.827e-01
1.890e+00 3.634e-01
1.900e+00 4.842e-01
1.910e+00 2.231e-01
1.920e+00 3.032e-01
1.930e+00 7.074e-01
1.940e+00 6.886e-01
1.950e+00 5.014e-01
1.960e+00 3.578e-01
1.970e+00 4.320e-01
1.980e+00 5.725e-01
1.990e+00 5.195e-01
2.000e+00 3.919e-01
2.010e+00 4.264e-01
2.020e+00 5.066e-01
2.030e+00 5.203e-01
2.040e+00 4.705e-01
2.050e+00 7.653e-01
2.060e+00 5.932e-01
2.070e+00 2.806e-01
2.080e+00 6.446e-01
2.090e+00 7.217e-01
2.100e+00 6.399e-01
2.110e+00 1.569e-01
2.120e+00 6.077e-01
2.130e+00 7.789e-01
2.140e+00 8.360e-01
2.150e+00 6.672e-01
2.160e+00 6.825e-01
2.170e+00 5.127e-01
2.180e+00 6.583e-01
2.190e+00 7.003e-01
2.200e+00 6.581e-01
2.210e+00 6.729e-01
2.220e+00 7.035e-01
2.230e+00 4.679e-01
2.240e+00 5.641e-01
2.250e+00 2.952e-01
2.260e+00 4.763e-01
2.270e+00 7.113e-01
2.280e+00 7.461e-01
2.290e+00 8.555e-01
2.300e+00 9.529e-01
2.310e+00 9.006e-01
2.320e+00 7.859e-01
2.330e+00 6.687e-01
2.340e+00 6.007e-01
2.350e+00 2.960e-01
2.360e+00 4.970e-01
2.370e+00 3.824e-01
2.380e+00 4.402e-01
2.390e+00 5.915e-01
2.400e+00 7.477e-01
2.410e+00 7.455e-01
2.420e+00 4.975e-01
2.430e+00 8.712e-01
2.440e+00 9.246e-01
2.450e+00 9.883e-01
2.460e+00 5.777e-01
2.470e+00 8.581e-01
2.480e+00 9.160e-01
2.490e+00 7.359e-01
2.500e+00 7.723e-01
2.510e+00 8.678e-01
2.520e+00 6.609e-01
2.530e+00 5.019e-01
2.540e+00 7.160e-01
2.550e+00 7.788e-01
2.560e+00 7.595e-01
2.570e+00 8.076e-01
2.580e+00 7.540e-01
2.590e+00 5.156e-01
2.600e+00 6.614e-01
2.610e+00 7.747e-01
2.620e+00 6.124e-01
2.630e+00 1.970e-01
2.640e+00 4.242e-01
2.650e+00 6.269e-01
2.660e+00 5.563e-01
2.670e+00 6.358e-02
2.680e+00 3.564e-01
2.690e+00 6.522e-01
2.700e+00 7.554e-01
2.710e+00 6.110e-01
2.720e+00 4.139e-01
2.730e+00 6.022e-01
2.740e+00 6.291e-01
2.750e+00 6.166e-01
2.760e+00 5.344e-01
2.770e+00 7.792e-01
2.780e+00 6.623e-01
2.790e+00 7.194e-01
2.800e+00 6.445e-01
2.810e+00 7.744e-01
2.820e+00 5.303e-01
2.830e+00 5.390e-01
2.840e+00 9.968e-01
2.850e+00 9.811e-01
2.860e+00 6.394e-01
2.870e+00 3.750e-01
2.880e+00 5.694e-01
2.890e+00 5.927e-01
2.900e+00 5.417e-01
2.910e+00 3.198e-01
2.920e+00 6.881e-01
2.930e+00 5.491e-01
2.940e+00 6.504e-01
2.950e+00 5.902e-01
2.960e+00 9.322e-01
2.970e+00 7.876e-01
2.980e+00 7.747e-01
2.990e+00 7.417e-01
3.000e+00 9.263e-01
3.010e+00 7.800e-01
3.020e+00 7.347e-01
3.030e+00 5.795e-01
3.040e+00 4.793e-01
3.050e+00 4.550e-01
3.060e+00 6.846e-01
3.070e+00 8.087e-01
3.080e+00 8.445e-01
3.090e+00 5.102e-01
3.100e+00 5.266e-01
3.110e+00 5.285e-01
3.120e+00 6.017e-01
3.130e+00 4.924e-01
3.140e+00 3.953e-01
3.150e+00 6.918e-01
3.160e+00 6.257e-01
3.170e+00 6.019e-01
3.180e+00 4.478e-01
3.190e+00 5.729e-01
3.200e+00 5.510e-01
3.210e+00 6.525e-01
3.220e+00 5.238e-01
3.230e+00 7.129e-01
3.240e+00 8.277e-01
3.250e+00 5.954e-01
3.260e+00 5.028e-01
3.270e+00 7.532e-01
3.280e+00 5.966e-01
3.290e+00 5.178e-01
3.300e+00 4.125e-01
3.310e+00 3.886e-01
3.320e+00 4.649e-01
3.330e+00 3.982e-01
3.340e+00 3.233e-01
3.350e+00 2.991e-01
3.360e+00 4.392e-01
3.370e+00 4.754e-01
3.380e+00 4.571e-01
3.390e+00 4.243e-01
3.400e+00 6.436e-01
3.410e+00 7.236e-01
3.420e+00 4.578e-01
3.430e+00 4.057e-01
3.440e+00 4.615e-01
3.450e+00 8.071e-01
3.460e+00 7.958e-01
3.470e+00 8.716e-01
3.480e+00 5.988e-01
3.490e+00 6.486e-01
3.500e+00 5.380e-01
3.510e+00 7.668e-01
3.520e+00 7.709e-01
3.530e+00 7.532e-01
3.540e+00 4.544e-01
3.550e+00 3.545e-01
3.560e+00 3.625e-01
3.570e+00 4.388e-01
3.580e+00 3.538e-01
3.590e+00 2.596e-01
3.600e+00 5.472e-01
3.610e+00 5.531e-01
3.620e+00 4.176e-01
3.630e+00 4.841e-01
3.640e+00 5.627e-01
3.650e+00 6.646e-01
3.660e+00 3.933e-01
3.670e+00 4.140e-01
3.680e+00 4.043e-01
3.690e+00 5.152e-01
3.700e+00 6.217e-01
3.710e+00 5.037e-01
3.720e+00 4.407e-01
3.730e+00 6.356e-01
3.740e+00 6.059e-01
3.750e+00 5.808e-01
3.760e+00 5.286e-01
3.770e+00 4.693e-01
3.780e+00 5.161e-01
3.790e+00 4.645e-01
3.800e+00 4.904e-01
3.810e+00 3.114e-01
3.820e+00 3.613e-01
3.830e+00 2.269e-01
3.840e+00 3.725e-01
3.850e+00 2.136e-01
3.860e+00 4.359e-01
3.870e+00 1.804e-01
3.880e+00 4.563e-01
3.890e+00 3.931e-01
3.900e+00 5.360e-01
3.910e+00 4.316e-01
3.920e+00 3.760e-01
3.930e+00 3.865e-01
3.940e+00 3.358e-01
3.950e+00 3.276e-01
3.960e+00 1.213e-01
3.970e+00 1.899e-01
3.980e+00 6.591e-02
3.990e+00 3.907e-01
4.000e+00 4.519e-01
4.010e+00 6.805e-01
4.020e+00 5.233e-01
4.030e+00 6.995e-01
4.040e+00 7.650e-01
4.050e+00 5.935e-01
4.060e+00 7.105e-01
4.070e+00 6.496e-01
4.080e+00 7.172e-01
4.090e+00 5.241e-01
4.100e+00 7.826e-01
4.110e+00 8.203e-01
4.120e+00 5.437e-01
4.130e+00 2.707e-01
4.140e+00 4.714e-01
4.150e+00 5.248e-01
4.160e+00 3.045e-01
4.170e+00 3.471e-01
4.180e+00 2.978e-01
4.190e+00 3.386e-01
4.200e+00 3.167e-01
4.210e+00 6.139e-01
4.220e+00 5.580e-01
4.230e+00 4.324e-01
4.240e+00 1.569e-01
4.250e+00 5.143e-01
4.260e+00 6.110e-01
4.270e+00 4.676e-01
4.280e+00 3.618e-01
4.290e+00 4.740e-01
4.300e+00 6.470e-01
4.310e+00 5.096e-01
4.320e+00 2.689e-01
4.330e+00 2.538e-01
4.340e+00 7.103e-01
4.350e+00 8.863e-01
4.360e+00 5.436e-01
4.370e+00 5.307e-01
4.380e+00 6.982e-01
4.390e+00 9.194e-01
4.400e+00 8.573e-01
4.410e+00 6.983e-01
4.420e+00 6.937e-01
4.430e+00 8.320e-01
4.440e+00 8.940e-01
4.450e+00 8.896e-01
4.460e+00 5.901e-01
4.470e+00 5.024e-01
4.480e+00 4.435e-01
4.490e+00 6.452e-01
4.500e+00 4.559e-01
4.510e+00 6.025e-01
4.520e+00 8.038e-01
4.530e+00 5.556e-01
4.540e+00 4.339e-01
4.550e+00 4.498e-01
4.560e+00 6.194e-01
4.570e+00 4.517e-01
4.580e+00 5.416e-01
4.590e+00 4.630e-01
4.600e+00 4.458e-01
4.610e+00 3.842e-01
4.620e+00 6.124e-01
4.630e+00 6.028e-01
4.640e+00 6.276e-01
4.650e+00 5.907e-01
4.660e+00 6.751e-01
4.670e+00 6.389e-01
4.680e+00 5.161e-01
4.690e+00 5.009e-01
4.700e+00 4.633e-01
4.710e+00 5.881e-01
4.720e+00 7.924e-01
4.730e+00 6.407e-01
4.740e+00 5.290e-01
4.750e+00 3.867e-01
4.760e+00 5.479e-01
4.770e+00 3.124e-01
4.780e+00 4.727e-01
4.790e+00 5.713e-01
4.800e+00 6.277e-01
4.810e+00 4.898e-01
4.820e+00 6.908e-01
4.830e+00 6.746e-01
4.840e+00 7.648e-01
4.850e+00 4.740e-01
4.860e+00 6.692e-01
4.870e+00 7.478e-01
4.880e+00 5.571e-01
4.890e+00 5.723e-01
4.900e+00 5.425e-01
4.910e+00 7.477e-01
4.920e+00 5.838e-01
4.930e+00 7.103e-01
4.940e+00 6.346e-01
4.950e+00 8.420e-01
4.960e+00 8.344e-01
4.970e+00 7.174e-01
4.980e+00 6.234e-01
4.990e+00 8.585e-01
-5.000e+00 6.970e-01
-4.990e+00 5.718e-01
-4.980e+00 4.383e-01
-4.970e+00 4.819e-01
-4.960e+00 4.841e-01
-4.950e+00 4.033e-01
-4.940e+00 5.854e-01
-4.930e+00 6.740e-01
-4.920e+00 7.180e-01
-4.910e+00 5.544e-01
-4.900e+00 7.969e-01
-4.890e+00 9.503e-01
-4.880e+00 8.306e-01
-4.870e+00 7.504e-01
-4.860e+00 7.592e-01
-4.850e+00 1.015e+00
-4.840e+00 7.020e-01
-4.830e+00 7.339e-01
-4.820e+00 5.382e-01
-4.810e+00 8.023e-01
-4.800e+00 5.160e-01
-4.790e+00 5.299e-01
-4.780e+00 4.486e-01
-4.770e+00 6.415e-01
-4.760e+00 4.792e-01
-4.750e+00 7.100e-01
-4.740e+00 5.317e-01
-4.730e+00 7.142e-01
-4.720e+00 6.434e-01
-4.710e+00 8.145e-01
-4.700e+00 6.264e-01
-4.690e+00 6.062e-01
-4.680e+00 6.256e-01
-4.670e+00 3.423e-01
-4.660e+00 2.235e-01
-4.650e+00 3.524e-01
-4.640e+00 3.494e-01
-4.630e+00 4.772e-01
-4.620e+00 2.833e-01
-4.610e+00 6.919e-01
-4.600e+00 6.700e-01
-4.590e+00 6.175e-01
-4.580e+00 5.699e-01
-4.570e+00 4.514e-01
-4.560e+00 3.628e-01
-4.550e+00 4.265e-01
-4.540e+00 4.962e-01
-4.530e+00 5.457e-01
-4.520e+00 4.435e-01
-4.510e+00 5.865e-01
-4.500e+00 6.032e-01
-4.490e+00 5.518e-01
-4.480e+00 5.361e-01
-4.470e+00 6.155e-01
-4.460e+00 6.970e-01
-4.450e+00 7.087e-01
-4.440e+00 5.664e-01
-4.430e+00 6.867e-01
-4.420e+00 6.359e-01
-4.410e+00 7.269e-01
-4.400e+00 4.859e-01
-4.390e+00 5.805e-01
-4.380e+00 6.144e-01
-4.370e+00 9.402e-01
-4.360e+00 8.360e-01
-4.350e+00 6.645e-01
-4.340e+00 3.725e-01
-4.330e+00 5.686e-01
-4.320e+00 5.943e-01
-4.310e+00 4.644e-01
-4.300e+00 3.757e-01
-4.290e+00 5.020e-01
-4.280e+00 4.559e-01
-4.270e+00 3.320e-01
-4.260e+00 3.341e-01
-4.250e+00 5.069e-01
-4.240e+00 4.926e-01
-4.230e+00 5.706e-01
-4.220e+00 4.841e-01
-4.210e+00 4.487e-01
-4.200e+00 6.157e-01
-4.190e+00 7.162e-01
-4.180e+00 7.499e-01
-4.170e+00 7.880e-01
-4.160e+00 6.051e-01
-4.150e+00 6.764e-01
-4.140e+00 6.221e-01
-4.130e+00 8.771e-01
-4.120e+00 4.414e-01
-4.110e+00 4.989e-01
-4.100e+00 3.802e-01
-4.090e+00 6.280e-01
-4.080e+00 4.076e-01
-4.070e+00 7.010e-01
-4.060e+00 5.819e-01
-4.050e+00 6.921e-01
-4.040e+00 3.475e-01
-4.030e+00 2.989e-01
-4.020e+00 3.247e-01
-4.010e+00 1.990e-01
-4.000e+00 3.436e-01
-3.990e+00 1.381e-01
-3.980e+00 8.776e-02
-3.970e+00 -5.306e-02
-3.960e+00 2.560e-01
-3.950e+00 1.431e-01
-3.940e+00 9.746e-02
-3.930e+00 2.330e-01
-3.920e+00 1.458e-01
-3.910e+00 2.043e-01
-3.900e+00 1.504e-01
-3.890e+00 3.300e-01
-3.880e+00 4.117e-01
-3.870e+00 5.380e-01
-3.860e+00 5.522e-01
-3.850e+00 5.790e-01
-3.840e+00 7.505e-01
-3.830e+00 7.476e-01
-3.820e+00 7.445e-01
-3.810e+00 5.448e-01
-3.800e+00 6.302e-01
-3.790e+00 7.434e-01
-3.780e+00 5.665e-01
-3.770e+00 4.388e-01
-3.760e+00 4.972e-01
-3.750e+00 7.454e-01
-3.740e+00 7.074e-01
-3.730e+00 6.589e-01
-3.720e+00 6.314e-01
-3.710e+00 3.756e-01
-3.700e+00 4.229e-01
-3.690e+00 3.098e-01
-3.680e+00 5.145e-01
-3.670e+00 3.460e-01
-3.660e+00 3.324e-01
-3.650e+00 2.320e-01
-3.640e+00 4.277e-01
-3.630e+00 4.679e-01
-3.620e+00 5.234e-01
-3.610e+00 3.780e-01
-3.600e+00 4.110e-01
-3.590e+00 6.280e-01
-3.580e+00 5.821e-01
-3.570e+00 5.234e-01
-3.560e+00 5.861e-01
-3.550e+00 5.143e-01
-3.540e+00 5.520e-01
-3.530e+00 6.293e-01
-3.520e+00 7.259e-01
-3.510e+00 6.621e-01
-3.500e+00 8.246e-01
-3.490e+00 1.020e+00
-3.480e+00 9.847e-01
-3.470e+00 8.471e-01
-3.460e+00 7.324e-01
-3.450e+00 7.754e-01
-3.440e+00 6.181e-01
-3.430e+00 7.425e-01
-3.420e+00 4.399e-01
-3.410e+00 5.725e-01
-3.400e+00 2.203e-01
-3.390e+00 4.346e-01
-3.380e+00 4.779e-01
-3.370e+00 5.157e-01
-3.360e+00 2.733e-01
-3.350e+00 2.904e-01
-3.340e+00 4.487e-01
-3.330e+00 4.430e-01
-3.320e+00 4.479e-01
-3.310e+00 6.469e-01
-3.300e+00 7.612e-01
-3.290e+00 7.317e-01
-3.280e+00 6.954e-01
-3.270e+00 7.032e-01
-3.260e+00 8.800e-01
-3.250e+00 5.777e-01
-3.240e+00 6.325e-01
-3.230e+00 5.624e-01
-3.220e+00 5.058e-01
-3.210e+00 3.234e-01
-3.200e+00 3.688e-01
-3.190e+00 4.032e-01
-3.180e+00 4.933e-01
-3.170e+00 6.522e-01
-3.160e+00 5.918e-01
-3.150e+00 6.954e-01
-3.140e+00 4.695e-01
-3.130e+00 7.262e-01
-3.120e+00 6.868e-01
-3.110e+00 8.793e-01
-3.100e+00 8.954e-01
-3.090e+00 9.728e-01
-3.080e+00 8.651e-01
-3.070e+00 6.774e-01
-3.060e+00 9.278e-01
-3.050e+00 8.857e-01
-3.040e+00 1.009e+00
-3.030e+00 5.054e-01
-3.020e+00 7.817e-01
-3.010e+00 4.820e-01
-3.000e+00 7.460e-01
-2.990e+00 6.566e-01
-2.980e+00 6.362e-01
-2.970e+00 4.293e-01
-2.960e+00 3.976e-01
-2.950e+00 5.851e-01
-2.940e+00 6.953e-01
-2.930e+00 6.300e-01
-2.920e+00 5.039e-01
-2.910e+00 8.866e-01
-2.900e+00 4.557e-01
-2.890e+00 3.973e-01
-2.880e+00 3.079e-01
-2.870e+00 6.622e-01
-2.860e+00 3.293e-01
-2.850e+00 3.017e-01
-2.840e+00 4.543e-01
-2.830e+00 6.398e-01
-2.820e+00 7.457e-01
-2.810e+00 5.958e-01
-2.800e+00 6.294e-01
-2.790e+00 7.309e-01
-2.780e+00 6.582e-01
-2.770e+00 8.017e-01
-2.760e+00 6.371e-01
-2.750e+00 9.622e-01
-2.740e+00 5.295e-01
-2.730e+00 6.715e-01
-2.720e+00 6.345e-01
-2.710e+00 8.524e-01
-2.700e+00 3.917e-01
-2.690e+00 4.299e-01
-2.680e+00 4.115e-01
-2.670e+00 4.713e-01
-2.660e+00 5.395e-01
-2.650e+00 5.271e-01
-2.640e+00 6.910e-01
-2.630e+00 7.745e-01
-2.620e+00 6.790e-01
-2.610e+00 6.721e-01
-2.600e+00 7.802e-01
-2.590e+00 6.943e-01
-2.580e+00 5.708e-01
-2.570e+00 5.956e-01
-2.560e+00 8.159e-01
-2.550e+00 7.641e-01
-2.540e+00 8.873e-01
-2.530e+00 7.532e-01
-2.520e+00 1.011e+00
-2.510e+00 6.339e-01
-2.500e+00 7.655e-01
-2.490e+00 5.211e-01
-2.480e+00 6.447e-01
-2.470e+00 6.020e-01
-2.460e+00 1.002e+00
-2.450e+00 7.565e-01
-2.440e+00 7.021e-01
-2.430e+00 8.928e-01
-2.420e+00 8.331e-01
-2.410e+00 7.467e-01
-2.400e+00 4.511e-01
-2.390e+00 7.615e-01
-2.380e+00 9.474e-01
-2.370e+00 8.432e-01
-2.360e+00 5.130e-01
-2.350e+00 5.838e-01
-2.340e+00 6.242e-01
-2.330e+00 5.791e-01
-2.320e+00 3.725e-01
-2.310e+00 5.445e-01
-2.300e+00 5.765e-01
-2.290e+00 6.114e-01
-2.280e+00 6.225e-01
-2.270e+00 6.649e-01
-2.260e+00 4.770e-01
-2.250e+00 5.047e-01
-2.240e+00 4.984e-01
-2.230e+00 8.289e-01
-2.220e+00 9.642e-01
-2.210e+00 6.902e-01
-2.200e+00 4.372e-01
-2.190e+00 6.927e-01
-2.180e+00 6.017e-01
-2.170e+00 8.819e-01
-2.160e+00 7.207e-01
-2.150e+00 1.060e+00
-2.140e+00 4.024e-01
-2.130e+00 2.423e-01
-2.120e+00 3.212e-01
-2.110e+00 2.060e-01
-2.100e+00 5.420e-02
-2.090e+00 2.818e-02
-2.080e+00 1.155e-01
-2.070e+00 1.000e-01
-2.060e+00 5.678e-02
-2.050e+00 5.762e-02
-2.040e+00 2.605e-01
-2.030e+00 4.940e-01
-2.020e+00 3.133e-01
-2.010e+00 5.452e-01
-2.000e+00 3.905e-01
-1.990e+00 4.685e-01
-1.980e+00 3.785e-01
-1.970e+00 5.979e-01
-1.960e+00 2.291e-01
-1.950e+00 7.238e-01
-1.940e+00 8.214e-01
-1.930e+00 7.603e-01
-1.920e+00 6.593e-01
-1.910e+00 6.701e-01
-1.900e+00 7.133e-01
-1.890e+00 6.511e-01
-1.880e+00 6.553e-01
-1.870e+00 6.117e-01
-1.860e+00 8.379e-01
-1.850e+00 4.281e-01
-1.840e+00 6.703e-01
-1.830e+00 3.318e-01
-1.820e+00 5.137e-01
-1.810e+00 3.792e-01
-1.800e+00 3.996e-01
-1.790e+00 3.913e-01
-1.780e+00 9.399e-01
-1.770e+00 6.910e-01
-1.760e+00 7.355e-01
-1.750e+00 5.831e-01
-1.740e+00 8.804e-01
-1.730e+00 6.765e-01
-1.720e+00 5.689e-01
-1.710e+00 7.817e-01
-1.700e+00 7.106e-01
-1.690e+00 6.645e-01
-1.680e+00 3.646e-03
-1.670e+00 6.041e-01
-1.660e+00 3.986e-01
-1.650e+00 8.637e-01
-1.640e+00 1.424e-01
-1.630e+00 5.592e-01
-1.620e+00 5.600e-01
-1.610e+00 6.842e-01
-1.600e+00 4.824e-01
-1.590e+00 9.630e-01
-1.580e+00 1.390e+00
-1.570e+00 1.453e+00
-1.560e+00 1.068e+00
-1.550e+00 1.077e+00
-1.540e+00 1.092e+00
-1.530e+00 1.319e+00
-1.520e+00 1.445e+00
-1.510e+00 1.200e+00
-1.500e+00 8.088e-01
-1.490e+00 1.022e+00
-1.480e+00 1.363e+00
-1.470e+00 1.143e+00
-1.460e+00 6.069e-01
-1.450e+00 6.583e-01
-1.440e+00 5.656e-01
-1.430e+00 9.692e-01
-1.420e+00 9.445e-01
-1.410e+00 7.238e-01
-1.400e+00 4.641e-01
-1.390e+00 3.740e-01
-1.380e+00 6.701e-01
-1.370e+00 3.139e-01
-1.360e+00 5.639e-01
-1.350e+00 7.290e-01
-1.340e+00 3.926e-01
-1.330e+00 -1.728e-01
-1.320e+00 -2.784e-01
-1.310e+00 3.946e-01
-1.300e+00 2.907e-01
-1.290e+00 -8.404e-02
-1.280e+00 4.069e-01
-1.270e+00 8.806e-01
-1.260e+00 9.683e-01
-1.250e+00 4.243e-01
-1.240e+00 6.754e-01
-1.230e+00 5.890e-01
-1.220e+00 6.196e-01
-1.210e+00 9.748e-02
-1.200e+00 -2.657e-01
-1.190e+00 1.669e-01
-1.180e+00 9.917e-01
-1.170e+00 7.684e-01
-1.160e+00 6.498e-01
-1.150e+00 3.268e-01
-1.140e+00 6.927e-01
-1.130e+00 9.036e-01
-1.120e+00 5.177e-01
-1.110e+00 3.026e-01
-1.100e+00 8.072e-01
-1.090e+00 1.428e+00
-1.080e+00 1.019e+00
-1.070e+00 7.305e-01
-1.060e+00 5.633e-01
-1.050e+00 6.854e-01
-1.040e+00 -1.512e-01
-1.030e+00 3.130e-01
-1.020e+00 7.405e-02
-1.010e+00 4.316e-01
-1.000e+00 2.920e-01
-9.900e-01 3.049e-01
-9.800e-01 -5.212e-01
-9.700e-01 2.432e-01
-9.600e-01 3.408e-01
-9.500e-01 9.069e-01
-9.400e-01 5.223e-01
-9.300e-01 2.207e-01
-9.200e-01 5.427e-01
-9.100e-01 1.141e+00
-9.000e-01 6.410e-01
-8.900e-01 3.937e-01
-8.800e-01 2.969e-01
-8.700e-01 6.245e-01
-8.600e-01 1.001e+00
-8.500e-01 5.571e-01
-8.400e-01 7.328e-01
-8.300e-01 6.035e-01
-8.200e-01 8.824e-01
-8.100e-01 5.031e-01
-8.000e-01 1.249e+00
-7.900e-01 4.368e-01
-7.800e-01 6.055e-01
-7.700e-01 4.812e-01
-7.600e-01 8.777e-01
-7.500e-01 4.728e-01
-7.400e-01 1.074e+00
-7.300e-01 9.558e-01
-7.200e-01 6.204e-01
-7.100e-01 1.342e-01
-7.000e-01 5.384e-01
-6.900e-01 5.809e-01
-6.800e-01 7.150e-01
-6.700e-01 6.651e-01
-6.600e-01 8.688e-01
-6.500e-01 1.517e+00
-6.400e-01 1.009e+00
-6.300e-01 1.442e+00
-6.200e-01 1.117e+00
-6.100e-01 1.793e+00
-6.000e-01 1.434e+00
-5.900e-01 1.227e+00
-5.800e-01 1.065e+00
-5.700e-01 1.515e+00
-5.600e-01 1.160e+00
-5.500e-01 1.118e+00
-5.400e-01 1.360e+00
-5.300e-01 1.351e+00
-5.200e-01 9.394e-01
-5.100e-01 8.030e-01
-5.000e-01 7.644e-01
-4.900e-01 1.286e-01
-4.800e-01 5.472e-01
-4.700e-01 4.217e-01
-4.600e-01 1.351e-01
-4.500e-01 5.813e-01
-4.400e-01 1.155e+00
-4.300e-01 1.357e+00
-4.200e-01 4.538e-01
-4.100e-01 1.020e+00
-4.000e-01 1.065e+00
-3.900e-01 1.480e+00
-3.800e-01 1.045e+00
-3.700e-01 1.543e+00
-3.600e-01 5.655e-01
-3.500e-01 3.728e-01
-3.400e-01 1.210e+00
-3.300e-01 1.666e+00
-3.200e-01 1.280e+00
-3.100e-01 5.894e-01
-3.000e-01 1.694e+00
-2.900e-01 1.922e+00
-2.800e-01 2.554e+00
-2.700e-01 2.330e+00
-2.600e-01 2.800e+00
-2.500e-01 1.880e+00
-2.400e-01 1.809e+00
-2.300e-01 1.788e+00
-2.200e-01 2.989e+00
-2.100e-01 2.834e+00
-2.000e-01 3.431e+00
-1.900e-01 2.698e+00
-1.800e-01 3.739e+00
-1.700e-01 3.739e+00
-1.600e-01 4.126e+00
-1.500e-01 3.416e+00
-1.400e-01 4.362e+00
-1.300e-01 4.581e+00
-1.200e-01 3.110e+00
-1.100e-01 4.465e+00
-1.000e-01 5.237e+00
-9.000e-02 9.155e+00
-8.000e-02 6.391e+00
-7.000e-02 9.822e+00
-6.000e-02 1.075e+01
-5.000e-02 1.745e+01
-4.000e-02 1.808e+01
-3.000e-02 1.840e+01
-2.000e-02 1.988e+01
-1.000e-02 2.828e+01
