# Time (ps)      real(F_0)      im(F_0)
0.000e+00 1.000e+00 0.000e+00
1.000e-01 8.890e-01 0.000e+00
2.000e-01 8.336e-01 0.000e+00
3.000e-01 7.901e-01 0.000e+00
4.000e-01 8.314e-01 0.000e+00
5.000e-01 8.715e-01 0.000e+00
6.000e-01 8.287e-01 0.000e+00
7.000e-01 8.579e-01 0.000e+00
8.000e-01 8.492e-01 0.000e+00
9.000e-01 7.845e-01 0.000e+00
1.000e+00 7.617e-01 0.000e+00
1.100e+00 7.936e-01 0.000e+00
1.200e+00 8.239e-01 0.000e+00
1.300e+00 8.229e-01 0.000e+00
1.400e+00 7.807e-01 0.000e+00
1.500e+00 7.863e-01 0.000e+00
1.600e+00 7.507e-01 0.000e+00
1.700e+00 7.656e-01 0.000e+00
1.800e+00 7.375e-01 0.000e+00
1.900e+00 7.118e-01 0.000e+00
2.000e+00 6.544e-01 0.000e+00
2.100e+00 6.736e-01 0.000e+00
2.200e+00 6.762e-01 0.000e+00
2.300e+00 6.874e-01 0.000e+00
2.400e+00 6.706e-01 0.000e+00
2.500e+00 6.633e-01 0.000e+00
2.600e+00 6.658e-01 0.000e+00
2.700e+00 6.497e-01 0.000e+00
2.800e+00 6.790e-01 0.000e+00
2.900e+00 6.132e-01 0.000e+00
3.000e+00 7.041e-01 0.000e+00
3.100e+00 7.022e-01 0.000e+00
3.200e+00 7.115e-01 0.000e+00
3.300e+00 6.977e-01 0.000e+00
3.400e+00 7.322e-01 0.000e+00
3.500e+00 7.061e-01 0.000e+00
3.600e+00 7.253e-01 0.000e+00
3.700e+00 6.655e-01 0.000e+00
3.800e+00 6.558e-01 0.000e+00
3.900e+00 6.456e-01 0.000e+00
4.000e+00 6.264e-01 0.000e+00
4.100e+00 6.355e-01 0.000e+00
4.200e+00 6.923e-01 0.000e+00
4.300e+00 6.736e-01 0.000e+00
4.400e+00 6.431e-01 0.000e+00
4.500e+00 6.469e-01 0.000e+00
4.600e+00 6.137e-01 0.000e+00
4.700e+00 6.106e-01 0.000e+00
4.800e+00 6.154e-01 0.000e+00
4.900e+00 5.919e-01 0.000e+00
5.000e+00 5.894e-01 0.000e+00
5.100e+00 6.023e-01 0.000e+00
5.200e+00 5.673e-01 0.000e+00
5.300e+00 5.532e-01 0.000e+00
5.400e+00 6.215e-01 0.000e+00
5.500e+00 5.784e-01 0.000e+00
5.600e+00 5.969e-01 0.000e+00
5.700e+00 5.719e-01 0.000e+00
5.800e+00 5.785e-01 0.000e+00
5.900e+00 5.721e-01 0.000e+00
6.000e+00 5.806e-01 0.000e+00
6.100e+00 5.525e-01 0.000e+00
6.200e+00 5.116e-01 0.000e+00
6.300e+00 4.989e-01 0.000e+00
6.400e+00 5.120e-01 0.000e+00
6.500e+00 4.822e-01 0.000e+00
6.600e+00 4.921e-01 0.000e+00
6.700e+00 5.010e-01 0.000e+00
6.800e+00 5.159e-01 0.000e+00
6.900e+00 4.834e-01 0.000e+00
7.000e+00 5.116e-01 0.000e+00
7.100e+00 5.055e-01 0.000e+00
7.200e+00 4.904e-01 0.000e+00
7.300e+00 4.288e-01 0.000e+00
7.400e+00 4.557e-01 0.000e+00
7.500e+00 4.495e-01 0.000e+00
7.600e+00 4.499e-01 0.000e+00
7.700e+00 4.570e-01 0.000e+00
7.800e+00 4.310e-01 0.000e+00
7.900e+00 4.375e-01 0.000e+00
8.000e+00 4.283e-01 0.000e+00
8.100e+00 4.943e-01 0.000e+00
8.200e+00 5.158e-01 0.000e+00
8.300e+00 5.321e-01 0.000e+00
8.400e+00 5.287e-01 0.000e+00
8.500e+00 5.189e-01 0.000e+00
8.600e+00 5.115e-01 0.000e+00
8.700e+00 4.946e-01 0.000e+00
8.800e+00 5.304e-01 0.000e+00
8.900e+00 5.041e-01 0.000e+00
9.000e+00 5.271e-01 0.000e+00
9.100e+00 5.140e-01 0.000e+00
9.200e+00 5.317e-01 0.000e+00
9.300e+00 4.903e-01 0.000e+00
9.400e+00 5.022e-01 0.000e+00
9.500e+00 5.093e-01 0.000e+00
9.600e+00 4.812e-01 0.000e+00
9.700e+00 4.772e-01 0.000e+00
9.800e+00 4.660e-01 0.000e+00
9.900e+00 4.512e-01 0.000e+00
1.000e+01 5.307e-01 0.000e+00
1.010e+01 4.938e-01 0.000e+00
1.020e+01 4.772e-01 0.000e+00
1.030e+01 4.712e-01 0.000e+00
1.040e+01 4.388e-01 0.000e+00
1.050e+01 4.394e-01 0.000e+00
1.060e+01 4.675e-01 0.000e+00
1.070e+01 4.848e-01 0.000e+00
1.080e+01 5.167e-01 0.000e+00
1.090e+01 4.897e-01 0.000e+00
1.100e+01 4.682e-01 0.000e+00
1.110e+01 4.389e-01 0.000e+00
1.120e+01 4.474e-01 0.000e+00
1.130e+01 4.367e-01 0.000e+00
1.140e+01 4.699e-01 0.000e+00
1.150e+01 4.425e-01 0.000e+00
1.160e+01 3.751e-01 0.000e+00
1.170e+01 4.159e-01 0.000e+00
1.180e+01 4.375e-01 0.000e+00
1.190e+01 4.552e-01 0.000e+00
1.200e+01 4.548e-01 0.000e+00
1.210e+01 4.814e-01 0.000e+00
1.220e+01 4.961e-01 0.000e+00
1.230e+01 4.674e-01 0.000e+00
1.240e+01 4.768e-01 0.000e+00
1.250e+01 4.488e-01 0.000e+00
1.260e+01 4.583e-01 0.000e+00
1.270e+01 4.378e-01 0.000e+00
1.280e+01 4.527e-01 0.000e+00
1.290e+01 4.342e-01 0.000e+00
1.300e+01 4.611e-01 0.000e+00
1.310e+01 4.413e-01 0.000e+00
1.320e+01 4.170e-01 0.000e+00
1.330e+01 3.776e-01 0.000e+00
1.340e+01 3.718e-01 0.000e+00
1.350e+01 3.588e-01 0.000e+00
1.360e+01 3.950e-01 0.000e+00
1.370e+01 3.916e-01 0.000e+00
1.380e+01 4.067e-01 0.000e+00
1.390e+01 4.285e-01 0.000e+00
1.400e+01 4.018e-01 0.000e+00
1.410e+01 3.636e-01 0.000e+00
1.420e+01 3.899e-01 0.000e+00
1.430e+01 3.974e-01 0.000e+00
1.440e+01 4.061e-01 0.000e+00
1.450e+01 4.135e-01 0.000e+00
1.460e+01 4.082e-01 0.000e+00
1.470e+01 3.945e-01 0.000e+00
1.480e+01 3.997e-01 0.000e+00
1.490e+01 4.292e-01 0.000e+00
1.500e+01 4.237e-01 0.000e+00
1.510e+01 4.251e-01 0.000e+00
1.520e+01 4.219e-01 0.000e+00
1.530e+01 4.253e-01 0.000e+00
1.540e+01 4.070e-01 0.000e+00
1.550e+01 4.172e-01 0.000e+00
1.560e+01 4.052e-01 0.000e+00
1.570e+01 4.135e-01 0.000e+00
1.580e+01 3.963e-01 0.000e+00
1.590e+01 3.698e-01 0.000e+00
1.600e+01 3.911e-01 0.000e+00
1.610e+01 3.756e-01 0.000e+00
1.620e+01 4.054e-01 0.000e+00
1.630e+01 4.235e-01 0.000e+00
1.640e+01 3.612e-01 0.000e+00
1.650e+01 3.524e-01 0.000e+00
1.660e+01 3.395e-01 0.000e+00
1.670e+01 3.536e-01 0.000e+00
1.680e+01 3.404e-01 0.000e+00
1.690e+01 3.604e-01 0.000e+00
1.700e+01 3.266e-01 0.000e+00
1.710e+01 3.522e-01 0.000e+00
1.720e+01 3.611e-01 0.000e+00
1.730e+01 3.453e-01 0.000e+00
1.740e+01 3.858e-01 0.000e+00
1.750e+01 3.368e-01 0.000e+00
1.760e+01 3.483e-01 0.000e+00
1.770e+01 3.187e-01 0.000e+00
1.780e+01 3.458e-01 0.000e+00
1.790e+01 3.458e-01 0.000e+00
1.800e+01 3.372e-01 0.000e+00
1.810e+01 3.369e-01 0.000e+00
1.820e+01 3.639e-01 0.000e+00
1.830e+01 3.588e-01 0.000e+00
1.840e+01 3.480e-01 0.000e+00
1.850e+01 3.275e-01 0.000e+00
1.860e+01 3.264e-01 0.000e+00
1.870e+01 3.072e-01 0.000e+00
1.880e+01 3.221e-01 0.000e+00
1.890e+01 3.423e-01 0.000e+00
1.900e+01 3.287e-01 0.000e+00
1.910e+01 3.457e-01 0.000e+00
1.920e+01 3.633e-01 0.000e+00
1.930e+01 3.853e-01 0.000e+00
1.940e+01 3.723e-01 0.000e+00
1.950e+01 3.448e-01 0.000e+00
1.960e+01 3.124e-01 0.000e+00
1.970e+01 3.203e-01 0.000e+00
1.980e+01 3.026e-01 0.000e+00
1.990e+01 3.128e-01 0.000e+00
2.000e+01 3.138e-01 0.000e+00
2.010e+01 3.199e-01 0.000e+00
2.020e+01 3.150e-01 0.000e+00
2.030e+01 2.978e-01 0.000e+00
2.040e+01 3.222e-01 0.000e+00
2.050e+01 3.390e-01 0.000e+00
2.060e+01 2.734e-01 0.000e+00
2.070e+01 2.952e-01 0.000e+00
2.080e+01 2.971e-01 0.000e+00
2.090e+01 3.304e-01 0.000e+00
2.100e+01 2.999e-01 0.000e+00
2.110e+01 3.123e-01 0.000e+00
2.120e+01 3.329e-01 0.000e+00
2.130e+01 3.083e-01 0.000e+00
2.140e+01 2.838e-01 0.000e+00
2.150e+01 2.786e-01 0.000e+00
2.160e+01 2.757e-01 0.000e+00
2.170e+01 2.637e-01 0.000e+00
2.180e+01 2.570e-01 0.000e+00
2.190e+01 2.722e-01 0.000e+00
2.200e+01 2.769e-01 0.000e+00
2.210e+01 2.699e-01 0.000e+00
2.220e+01 2.721e-01 0.000e+00
2.230e+01 2.692e-01 0.000e+00
2.240e+01 2.534e-01 0.000e+00
2.250e+01 2.620e-01 0.000e+00
2.260e+01 2.788e-01 0.000e+00
2.270e+01 3.047e-01 0.000e+00
2.280e+01 3.057e-01 0.000e+00
2.290e+01 2.794e-01 0.000e+00
2.300e+01 2.470e-01 0.000e+00
2.310e+01 2.700e-01 0.000e+00
2.320e+01 2.784e-01 0.000e+00
2.330e+01 2.766e-01 0.000e+00
2.340e+01 2.756e-01 0.000e+00
2.350e+01 3.201e-01 0.000e+00
2.360e+01 3.180e-01 0.000e+00
2.370e+01 3.006e-01 0.000e+00
2.380e+01 3.002e-01 0.000e+00
2.390e+01 2.997e-01 0.000e+00
2.400e+01 2.870e-01 0.000e+00
2.410e+01 2.767e-01 0.000e+00
2.420e+01 2.852e-01 0.000e+00
2.430e+01 3.078e-01 0.000e+00
2.440e+01 2.957e-01 0.000e+00
2.450e+01 2.620e-01 0.000e+00
2.460e+01 2.786e-01 0.000e+00
2.470e+01 2.566e-01 0.000e+00
2.480e+01 2.763e-01 0.000e+00
2.490e+01 2.645e-01 0.000e+00
2.500e+01 3.058e-01 0.000e+00
2.510e+01 2.944e-01 0.000e+00
2.520e+01 2.690e-01 0.000e+00
2.530e+01 2.526e-01 0.000e+00
2.540e+01 2.440e-01 0.000e+00
2.550e+01 2.726e-01 0.000e+00
2.560e+01 2.386e-01 0.000e+00
2.570e+01 2.640e-01 0.000e+00
2.580e+01 2.469e-01 0.000e+00
2.590e+01 2.471e-01 0.000e+00
2.600e+01 2.339e-01 0.000e+00
2.610e+01 2.586e-01 0.000e+00
2.620e+01 2.414e-01 0.000e+00
2.630e+01 2.280e-01 0.000e+00
2.640e+01 2.360e-01 0.000e+00
2.650e+01 2.186e-01 0.000e+00
2.660e+01 2.213e-01 0.000e+00
2.670e+01 2.443e-01 0.000e+00
2.680e+01 2.319e-01 0.000e+00
2.690e+01 2.323e-01 0.000e+00
2.700e+01 2.251e-01 0.000e+00
2.710e+01 2.553e-01 0.000e+00
2.720e+01 2.524e-01 0.000e+00
2.730e+01 2.556e-01 0.000e+00
2.740e+01 2.382e-01 0.000e+00
2.750e+01 2.428e-01 0.000e+00
2.760e+01 2.312e-01 0.000e+00
2.770e+01 2.255e-01 0.000e+00
2.780e+01 2.064e-01 0.000e+00
2.790e+01 2.332e-01 0.000e+00
2.800e+01 2.488e-01 0.000e+00
2.810e+01 2.463e-01 0.000e+00
2.820e+01 2.189e-01 0.000e+00
2.830e+01 2.619e-01 0.000e+00
2.840e+01 2.612e-01 0.000e+00
2.850e+01 2.493e-01 0.000e+00
2.860e+01 2.578e-01 0.000e+00
2.870e+01 2.512e-01 0.000e+00
2.880e+01 2.291e-01 0.000e+00
2.890e+01 2.378e-01 0.000e+00
2.900e+01 2.389e-01 0.000e+00
2.910e+01 2.448e-01 0.000e+00
2.920e+01 2.434e-01 0.000e+00
2.930e+01 2.480e-01 0.000e+00
2.940e+01 2.355e-01 0.000e+00
2.950e+01 2.511e-01 0.000e+00
2.960e+01 2.416e-01 0.000e+00
2.970e+01 2.498e-01 0.000e+00
2.980e+01 2.395e-01 0.000e+00
2.990e+01 2.172e-01 0.000e+00
3.000e+01 2.291e-01 0.000e+00
3.010e+01 2.295e-01 0.000e+00
3.020e+01 2.554e-01 0.000e+00
3.030e+01 2.335e-01 0.000e+00
3.040e+01 2.251e-01 0.000e+00
3.050e+01 1.955e-01 0.000e+00
3.060e+01 2.167e-01 0.000e+00
3.070e+01 2.477e-01 0.000e+00
3.080e+01 2.690e-01 0.000e+00
3.090e+01 2.445e-01 0.000e+00
3.100e+01 2.334e-01 0.000e+00
3.110e+01 2.325e-01 0.000e+00
3.120e+01 2.238e-01 0.000e+00
3.130e+01 2.475e-01 0.000e+00
3.140e+01 2.301e-01 0.000e+00
3.150e+01 2.352e-01 0.000e+00
3.160e+01 2.405e-01 0.000e+00
3.170e+01 2.079e-01 0.000e+00
3.180e+01 2.272e-01 0.000e+00
3.190e+01 2.306e-01 0.000e+00
3.200e+01 2.249e-01 0.000e+00
3.210e+01 2.367e-01 0.000e+00
3.220e+01 2.426e-01 0.000e+00
3.230e+01 2.181e-01 0.000e+00
3.240e+01 2.273e-01 0.000e+00
3.250e+01 2.571e-01 0.000e+00
3.260e+01 2.329e-01 0.000e+00
3.270e+01 2.342e-01 0.000e+00
3.280e+01 2.579e-01 0.000e+00
3.290e+01 2.591e-01 0.000e+00
3.300e+01 2.732e-01 0.000e+00
3.310e+01 2.714e-01 0.000e+00
3.320e+01 2.612e-01 0.000e+00
3.330e+01 2.611e-01 0.000e+00
3.340e+01 2.763e-01 0.000e+00
3.350e+01 2.689e-01 0.000e+00
3.360e+01 2.529e-01 0.000e+00
3.370e+01 2.552e-01 0.000e+00
3.380e+01 2.768e-01 0.000e+00
3.390e+01 2.614e-01 0.000e+00
3.400e+01 2.416e-01 0.000e+00
3.410e+01 2.632e-01 0.000e+00
3.420e+01 2.756e-01 0.000e+00
3.430e+01 2.533e-01 0.000e+00
3.440e+01 2.576e-01 0.000e+00
3.450e+01 2.378e-01 0.000e+00
3.460e+01 2.301e-01 0.000e+00
3.470e+01 2.164e-01 0.000e+00
3.480e+01 2.111e-01 0.000e+00
3.490e+01 2.226e-01 0.000e+00
3.500e+01 2.149e-01 0.000e+00
3.510e+01 2.462e-01 0.000e+00
3.520e+01 2.547e-01 0.000e+00
3.530e+01 2.552e-01 0.000e+00
3.540e+01 2.265e-01 0.000e+00
3.550e+01 2.273e-01 0.000e+00
3.560e+01 2.358e-01 0.000e+00
3.570e+01 2.225e-01 0.000e+00
3.580e+01 2.022e-01 0.000e+00
3.590e+01 1.832e-01 0.000e+00
3.600e+01 2.327e-01 0.000e+00
3.610e+01 2.415e-01 0.000e+00
3.620e+01 2.433e-01 0.000e+00
3.630e+01 2.557e-01 0.000e+00
3.640e+01 2.442e-01 0.000e+00
3.650e+01 2.384e-01 0.000e+00
3.660e+01 2.382e-01 0.000e+00
3.670e+01 2.694e-01 0.000e+00
3.680e+01 2.305e-01 0.000e+00
3.690e+01 2.294e-01 0.000e+00
3.700e+01 2.412e-01 0.000e+00
3.710e+01 2.552e-01 0.000e+00
3.720e+01 2.666e-01 0.000e+00
3.730e+01 2.783e-01 0.000e+00
3.740e+01 2.826e-01 0.000e+00
3.750e+01 2.830e-01 0.000e+00
3.760e+01 2.870e-01 0.000e+00
3.770e+01 2.492e-01 0.000e+00
3.780e+01 2.699e-01 0.000e+00
3.790e+01 2.959e-01 0.000e+00
3.800e+01 2.866e-01 0.000e+00
3.810e+01 2.741e-01 0.000e+00
3.820e+01 2.684e-01 0.000e+00
3.830e+01 2.410e-01 0.000e+00
3.840e+01 2.628e-01 0.000e+00
3.850e+01 2.622e-01 0.000e+00
3.860e+01 2.904e-01 0.000e+00
3.870e+01 2.713e-01 0.000e+00
3.880e+01 2.574e-01 0.000e+00
3.890e+01 2.335e-01 0.000e+00
3.900e+01 2.400e-01 0.000e+00
3.910e+01 2.733e-01 0.000e+00
3.920e+01 2.521e-01 0.000e+00
3.930e+01 2.874e-01 0.000e+00
3.940e+01 2.522e-01 0.000e+00
3.950e+01 2.313e-01 0.000e+00
3.960e+01 2.240e-01 0.000e+00
3.970e+01 2.258e-01 0.000e+00
3.980e+01 2.349e-01 0.000e+00
3.990e+01 2.386e-01 0.000e+00
4.000e+01 2.610e-01 0.000e+00
4.010e+01 2.767e-01 0.000e+00
4.020e+01 2.734e-01 0.000e+00
4.030e+01 2.608e-01 0.000e+00
4.040e+01 2.311e-01 0.000e+00
4.050e+01 2.326e-01 0.000e+00
4.060e+01 2.698e-01 0.000e+00
4.070e+01 2.765e-01 0.000e+00
4.080e+01 2.749e-01 0.000e+00
4.090e+01 2.511e-01 0.000e+00
4.100e+01 2.432e-01 0.000e+00
4.110e+01 2.684e-01 0.000e+00
4.120e+01 2.500e-01 0.000e+00
4.130e+01 2.644e-01 0.000e+00
4.140e+01 2.541e-01 0.000e+00
4.150e+01 2.641e-01 0.000e+00
4.160e+01 2.278e-01 0.000e+00
4.170e+01 2.629e-01 0.000e+00
4.180e+01 2.663e-01 0.000e+00
4.190e+01 2.809e-01 0.000e+00
4.200e+01 2.732e-01 0.000e+00
4.210e+01 2.791e-01 0.000e+00
4.220e+01 2.573e-01 0.000e+00
4.230e+01 2.474e-01 0.000e+00
4.240e+01 2.416e-01 0.000e+00
4.250e+01 2.433e-01 0.000e+00
4.260e+01 2.611e-01 0.000e+00
4.270e+01 2.439e-01 0.000e+00
4.280e+01 2.484e-01 0.000e+00
4.290e+01 2.523e-01 0.000e+00
4.300e+01 2.604e-01 0.000e+00
4.310e+01 2.368e-01 0.000e+00
4.320e+01 2.373e-01 0.000e+00
4.330e+01 2.441e-01 0.000e+00
4.340e+01 2.505e-01 0.000e+00
4.350e+01 2.648e-01 0.000e+00
4.360e+01 2.637e-01 0.000e+00
4.370e+01 2.621e-01 0.000e+00
4.380e+01 2.568e-01 0.000e+00
4.390e+01 2.560e-01 0.000e+00
4.400e+01 2.459e-01 0.000e+00
4.410e+01 2.613e-01 0.000e+00
4.420e+01 2.482e-01 0.000e+00
4.430e+01 2.566e-01 0.000e+00
4.440e+01 2.527e-01 0.000e+00
4.450e+01 2.643e-01 0.000e+00
4.460e+01 2.486e-01 0.000e+00
4.470e+01 2.437e-01 0.000e+00
4.480e+01 2.463e-01 0.000e+00
4.490e+01 2.544e-01 0.000e+00
4.500e+01 2.655e-01 0.000e+00
4.510e+01 2.512e-01 0.000e+00
4.520e+01 2.488e-01 0.000e+00
4.530e+01 2.468e-01 0.000e+00
4.540e+01 2.646e-01 0.000e+00
4.550e+01 2.462e-01 0.000e+00
4.560e+01 2.597e-01 0.000e+00
4.570e+01 2.631e-01 0.000e+00
4.580e+01 2.576e-01 0.000e+00
4.590e+01 2.495e-01 0.000e+00
4.600e+01 2.553e-01 0.000e+00
4.610e+01 2.601e-01 0.000e+00
4.620e+01 2.521e-01 0.000e+00
4.630e+01 2.888e-01 0.000e+00
4.640e+01 2.902e-01 0.000e+00
4.650e+01 2.670e-01 0.000e+00
4.660e+01 2.655e-01 0.000e+00
4.670e+01 2.386e-01 0.000e+00
4.680e+01 2.352e-01 0.000e+00
4.690e+01 2.241e-01 0.000e+00
4.700e+01 2.230e-01 0.000e+00
4.710e+01 2.400e-01 0.000e+00
4.720e+01 2.476e-01 0.000e+00
4.730e+01 2.365e-01 0.000e+00
4.740e+01 2.503e-01 0.000e+00
4.750e+01 2.508e-01 0.000e+00
4.760e+01 2.450e-01 0.000e+00
4.770e+01 2.362e-01 0.000e+00
4.780e+01 2.246e-01 0.000e+00
4.790e+01 2.232e-01 0.000e+00
4.800e+01 2.161e-01 0.000e+00
4.810e+01 2.121e-01 0.000e+00
4.820e+01 2.223e-01 0.000e+00
4.830e+01 2.039e-01 0.000e+00
4.840e+01 1.976e-01 0.000e+00
4.850e+01 2.136e-01 0.000e+00
4.860e+01 1.933e-01 0.000e+00
4.870e+01 2.187e-01 0.000e+00
4.880e+01 2.345e-01 0.000e+00
4.890e+01 2.346e-01 0.000e+00
4.900e+01 2.222e-01 0.000e+00
4.910e+01 2.224e-01 0.000e+00
4.920e+01 2.115e-01 0.000e+00
4.930e+01 2.093e-01 0.000e+00
4.940e+01 2.236e-01 0.000e+00
4.950e+01 2.269e-01 0.000e+00
4.960e+01 2.121e-01 0.000e+00
4.970e+01 1.910e-01 0.000e+00
4.980e+01 1.834e-01 0.000e+00
4.990e+01 1.970e-01 0.000e+00
5.000e+01 2.126e-01 0.000e+00
5.010e+01 2.221e-01 0.000e+00
5.020e+01 2.312e-01 0.000e+00
5.030e+01 2.266e-01 0.000e+00
5.040e+01 2.261e-01 0.000e+00
5.050e+01 2.266e-01 0.000e+00
5.060e+01 2.170e-01 0.000e+00
5.070e+01 2.328e-01 0.000e+00
5.080e+01 2.335e-01 0.000e+00
5.090e+01 2.096e-01 0.000e+00
5.100e+01 2.179e-01 0.000e+00
5.110e+01 2.111e-01 0.000e+00
5.120e+01 2.276e-01 0.000e+00
5.130e+01 2.099e-01 0.000e+00
5.140e+01 2.000e-01 0.000e+00
5.150e+01 1.996e-01 0.000e+00
5.160e+01 2.057e-01 0.000e+00
5.170e+01 2.033e-01 0.000e+00
5.180e+01 1.920e-01 0.000e+00
5.190e+01 1.955e-01 0.000e+00
5.200e+01 1.944e-01 0.000e+00
5.210e+01 1.779e-01 0.000e+00
5.220e+01 1.895e-01 0.000e+00
5.230e+01 2.006e-01 0.000e+00
5.240e+01 1.929e-01 0.000e+00
5.250e+01 2.022e-01 0.000e+00
5.260e+01 1.854e-01 0.000e+00
5.270e+01 1.904e-01 0.000e+00
5.280e+01 2.029e-01 0.000e+00
5.290e+01 2.025e-01 0.000e+00
5.300e+01 1.961e-01 0.000e+00
5.310e+01 2.083e-01 0.000e+00
5.320e+01 2.107e-01 0.000e+00
5.330e+01 2.189e-01 0.000e+00
5.340e+01 1.899e-01 0.000e+00
5.350e+01 1.978e-01 0.000e+00
5.360e+01 2.178e-01 0.000e+00
5.370e+01 2.195e-01 0.000e+00
5.380e+01 2.240e-01 0.000e+00
5.390e+01 2.292e-01 0.000e+00
5.400e+01 2.140e-01 0.000e+00
5.410e+01 2.305e-01 0.000e+00
5.420e+01 2.096e-01 0.000e+00
5.430e+01 2.113e-01 0.000e+00
5.440e+01 2.153e-01 0.000e+00
5.450e+01 2.199e-01 0.000e+00
5.460e+01 2.206e-01 0.000e+00
5.470e+01 2.148e-01 0.000e+00
5.480e+01 2.296e-01 0.000e+00
5.490e+01 2.361e-01 0.000e+00
5.500e+01 2.198e-01 0.000e+00
5.510e+01 2.264e-01 0.000e+00
5.520e+01 2.192e-01 0.000e+00
5.530e+01 2.199e-01 0.000e+00
5.540e+01 2.338e-01 0.000e+00
5.550e+01 2.601e-01 0.000e+00
5.560e+01 2.152e-01 0.000e+00
5.570e+01 2.412e-01 0.000e+00
5.580e+01 2.512e-01 0.000e+00
5.590e+01 2.395e-01 0.000e+00
5.600e+01 2.204e-01 0.000e+00
5.610e+01 2.493e-01 0.000e+00
5.620e+01 2.461e-01 0.000e+00
5.630e+01 2.081e-01 0.000e+00
5.640e+01 2.309e-01 0.000e+00
5.650e+01 2.233e-01 0.000e+00
5.660e+01 2.230e-01 0.000e+00
5.670e+01 2.215e-01 0.000e+00
5.680e+01 2.006e-01 0.000e+00
5.690e+01 2.197e-01 0.000e+00
5.700e+01 2.071e-01 0.000e+00
5.710e+01 2.037e-01 0.000e+00
5.720e+01 1.954e-01 0.000e+00
5.730e+01 2.086e-01 0.000e+00
5.740e+01 1.902e-01 0.000e+00
5.750e+01 2.082e-01 0.000e+00
5.760e+01 2.009e-01 0.000e+00
5.770e+01 1.850e-01 0.000e+00
5.780e+01 1.836e-01 0.000e+00
5.790e+01 1.742e-01 0.000e+00
5.800e+01 1.818e-01 0.000e+00
5.810e+01 1.702e-01 0.000e+00
5.820e+01 1.444e-01 0.000e+00
5.830e+01 1.488e-01 0.000e+00
5.840e+01 1.450e-01 0.000e+00
5.850e+01 1.536e-01 0.000e+00
5.860e+01 1.557e-01 0.000e+00
5.870e+01 1.591e-01 0.000e+00
5.880e+01 1.672e-01 0.000e+00
5.890e+01 1.657e-01 0.000e+00
5.900e+01 1.755e-01 0.000e+00
5.910e+01 1.759e-01 0.000e+00
5.920e+01 1.774e-01 0.000e+00
5.930e+01 1.702e-01 0.000e+00
5.940e+01 1.710e-01 0.000e+00
5.950e+01 1.794e-01 0.000e+00
5.960e+01 2.135e-01 0.000e+00
5.970e+01 2.126e-01 0.000e+00
5.980e+01 2.147e-01 0.000e+00
5.990e+01 2.088e-01 0.000e+00
6.000e+01 1.976e-01 0.000e+00
6.010e+01 1.773e-01 0.000e+00
6.020e+01 1.779e-01 0.000e+00
6.030e+01 1.818e-01 0.000e+00
6.040e+01 1.785e-01 0.000e+00
6.050e+01 1.915e-01 0.000e+00
6.060e+01 1.901e-01 0.000e+00
6.070e+01 1.909e-01 0.000e+00
6.080e+01 1.955e-01 0.000e+00
6.090e+01 1.693e-01 0.000e+00
6.100e+01 1.671e-01 0.000e+00
6.110e+01 1.793e-01 0.000e+00
6.120e+01 1.598e-01 0.000e+00
6.130e+01 1.835e-01 0.000e+00
6.140e+01 1.717e-01 0.000e+00
6.150e+01 1.730e-01 0.000e+00
6.160e+01 1.632e-01 0.000e+00
6.170e+01 1.826e-01 0.000e+00
6.180e+01 1.721e-01 0.000e+00
6.190e+01 1.461e-01 0.000e+00
6.200e+01 1.420e-01 0.000e+00
6.210e+01 1.457e-01 0.000e+00
6.220e+01 1.516e-01 0.000e+00
6.230e+01 1.653e-01 0.000e+00
6.240e+01 1.471e-01 0.000e+00
6.250e+01 1.481e-01 0.000e+00
6.260e+01 1.659e-01 0.000e+00
6.270e+01 1.418e-01 0.000e+00
6.280e+01 1.629e-01 0.000e+00
6.290e+01 1.550e-01 0.000e+00
6.300e+01 1.641e-01 0.000e+00
6.310e+01 1.896e-01 0.000e+00
6.320e+01 1.680e-01 0.000e+00
6.330e+01 1.642e-01 0.000e+00
6.340e+01 1.430e-01 0.000e+00
6.350e+01 1.527e-01 0.000e+00
6.360e+01 1.581e-01 0.000e+00
6.370e+01 1.659e-01 0.000e+00
6.380e+01 1.615e-01 0.000e+00
6.390e+01 1.538e-01 0.000e+00
6.400e+01 1.383e-01 0.000e+00
6.410e+01 1.323e-01 0.000e+00
6.420e+01 1.473e-01 0.000e+00
6.430e+01 1.259e-01 0.000e+00
6.440e+01 1.268e-01 0.000e+00
6.450e+01 1.011e-01 0.000e+00
6.460e+01 1.209e-01 0.000e+00
6.470e+01 1.289e-01 0.000e+00
6.480e+01 1.196e-01 0.000e+00
6.490e+01 1.337e-01 0.000e+00
6.500e+01 1.437e-01 0.000e+00
6.510e+01 1.052e-01 0.000e+00
6.520e+01 1.088e-01 0.000e+00
6.530e+01 1.247e-01 0.000e+00
6.540e+01 1.054e-01 0.000e+00
6.550e+01 1.176e-01 0.000e+00
6.560e+01 1.033e-01 0.000e+00
6.570e+01 1.162e-01 0.000e+00
6.580e+01 1.321e-01 0.000e+00
6.590e+01 1.202e-01 0.000e+00
6.600e+01 1.113e-01 0.000e+00
6.610e+01 9.931e-02 0.000e+00
6.620e+01 9.658e-02 0.000e+00
6.630e+01 1.039e-01 0.000e+00
6.640e+01 1.153e-01 0.000e+00
6.650e+01 1.244e-01 0.000e+00
6.660e+01 1.310e-01 0.000e+00
6.670e+01 1.325e-01 0.000e+00
6.680e+01 1.227e-01 0.000e+00
6.690e+01 1.423e-01 0.000e+00
6.700e+01 1.295e-01 0.000e+00
6.710e+01 1.514e-01 0.000e+00
6.720e+01 1.555e-01 0.000e+00
6.730e+01 1.772e-01 0.000e+00
6.740e+01 1.605e-01 0.000e+00
6.750e+01 1.343e-01 0.000e+00
6.760e+01 1.547e-01 0.000e+00
6.770e+01 1.520e-01 0.000e+00
6.780e+01 1.528e-01 0.000e+00
6.790e+01 1.688e-01 0.000e+00
6.800e+01 1.528e-01 0.000e+00
6.810e+01 1.426e-01 0.000e+00
6.820e+01 1.416e-01 0.000e+00
6.830e+01 1.167e-01 0.000e+00
6.840e+01 1.288e-01 0.000e+00
6.850e+01 1.459e-01 0.000e+00
6.860e+01 1.260e-01 0.000e+00
6.870e+01 1.459e-01 0.000e+00
6.880e+01 1.430e-01 0.000e+00
6.890e+01 1.603e-01 0.000e+00
6.900e+01 1.640e-01 0.000e+00
6.910e+01 1.642e-01 0.000e+00
6.920e+01 1.809e-01 0.000e+00
6.930e+01 1.847e-01 0.000e+00
6.940e+01 1.589e-01 0.000e+00
6.950e+01 1.701e-01 0.000e+00
6.960e+01 1.665e-01 0.000e+00
6.970e+01 1.761e-01 0.000e+00
6.980e+01 1.585e-01 0.000e+00
6.990e+01 1.478e-01 0.000e+00
7.000e+01 1.452e-01 0.000e+00
7.010e+01 1.398e-01 0.000e+00
7.020e+01 1.568e-01 0.000e+00
7.030e+01 1.172e-01 0.000e+00
7.040e+01 1.437e-01 0.000e+00
7.050e+01 1.376e-01 0.000e+00
7.060e+01 1.317e-01 0.000e+00
7.070e+01 1.316e-01 0.000e+00
7.080e+01 1.222e-01 0.000e+00
7.090e+01 1.209e-01 0.000e+00
7.100e+01 1.416e-01 0.000e+00
7.110e+01 1.358e-01 0.000e+00
7.120e+01 1.349e-01 0.000e+00
7.130e+01 1.470e-01 0.000e+00
7.140e+01 1.377e-01 0.000e+00
7.150e+01 1.644e-01 0.000e+00
7.160e+01 1.638e-01 0.000e+00
7.170e+01 1.603e-01 0.000e+00
7.180e+01 1.538e-01 0.000e+00
7.190e+01 1.621e-01 0.000e+00
7.200e+01 1.605e-01 0.000e+00
7.210e+01 1.646e-01 0.000e+00
7.220e+01 1.350e-01 0.000e+00
7.230e+01 1.535e-01 0.000e+00
7.240e+01 1.612e-01 0.000e+00
7.250e+01 1.481e-01 0.000e+00
7.260e+01 1.365e-01 0.000e+00
7.270e+01 1.569e-01 0.000e+00
7.280e+01 1.570e-01 0.000e+00
7.290e+01 1.426e-01 0.000e+00
7.300e+01 1.301e-01 0.000e+00
7.310e+01 1.455e-01 0.000e+00
7.320e+01 1.485e-01 0.000e+00
7.330e+01 1.566e-01 0.000e+00
7.340e+01 1.483e-01 0.000e+00
7.350e+01 1.379e-01 0.000e+00
7.360e+01 1.405e-01 0.000e+00
7.370e+01 1.125e-01 0.000e+00
7.380e+01 1.306e-01 0.000e+00
7.390e+01 1.328e-01 0.000e+00
7.400e+01 1.265e-01 0.000e+00
7.410e+01 1.124e-01 0.000e+00
7.420e+01 1.303e-01 0.000e+00
7.430e+01 1.311e-01 0.000e+00
7.440e+01 1.319e-01 0.000e+00
7.450e+01 1.299e-01 0.000e+00
7.460e+01 1.283e-01 0.000e+00
7.470e+01 1.346e-01 0.000e+00
7.480e+01 1.253e-01 0.000e+00
7.490e+01 1.304e-01 0.000e+00
7.500e+01 1.328e-01 0.000e+00
7.510e+01 1.376e-01 0.000e+00
7.520e+01 1.392e-01 0.000e+00
7.530e+01 1.412e-01 0.000e+00
7.540e+01 1.198e-01 0.000e+00
7.550e+01 1.203e-01 0.000e+00
7.560e+01 1.063e-01 0.000e+00
7.570e+01 1.147e-01 0.000e+00
7.580e+01 1.333e-01 0.000e+00
7.590e+01 1.511e-01 0.000e+00
7.600e+01 1.311e-01 0.000e+00
7.610e+01 1.411e-01 0.000e+00
7.620e+01 1.348e-01 0.000e+00
7.630e+01 1.508e-01 0.000e+00
7.640e+01 1.527e-01 0.000e+00
7.650e+01 1.542e-01 0.000e+00
7.660e+01 1.315e-01 0.000e+00
7.670e+01 1.202e-01 0.000e+00
7.680e+01 1.115e-01 0.000e+00
7.690e+01 1.111e-01 0.000e+00
7.700e+01 1.140e-01 0.000e+00
7.710e+01 1.362e-01 0.000e+00
7.720e+01 1.188e-01 0.000e+00
7.730e+01 1.340e-01 0.000e+00
7.740e+01 1.052e-01 0.000e+00
7.750e+01 1.105e-01 0.000e+00
7.760e+01 1.037e-01 0.000e+00
7.770e+01 8.744e-02 0.000e+00
7.780e+01 1.024e-01 0.000e+00
7.790e+01 8.541e-02 0.000e+00
7.800e+01 1.059e-01 0.000e+00
7.810e+01 8.887e-02 0.000e+00
7.820e+01 9.228e-02 0.000e+00
7.830e+01 8.142e-02 0.000e+00
7.840e+01 1.076e-01 0.000e+00
7.850e+01 7.546e-02 0.000e+00
7.860e+01 8.928e-02 0.000e+00
7.870e+01 9.652e-02 0.000e+00
7.880e+01 9.947e-02 0.000e+00
7.890e+01 9.864e-02 0.000e+00
7.900e+01 1.012e-01 0.000e+00
7.910e+01 9.159e-02 0.000e+00
7.920e+01 9.307e-02 0.000e+00
7.930e+01 8.101e-02 0.000e+00
7.940e+01 9.604e-02 0.000e+00
7.950e+01 9.529e-02 0.000e+00
7.960e+01 8.762e-02 0.000e+00
7.970e+01 8.213e-02 0.000e+00
7.980e+01 8.781e-02 0.000e+00
7.990e+01 9.225e-02 0.000e+00
8.000e+01 9.503e-02 0.000e+00
8.010e+01 1.018e-01 0.000e+00
8.020e+01 1.430e-01 0.000e+00
8.030e+01 1.186e-01 0.000e+00
8.040e+01 1.083e-01 0.000e+00
8.050e+01 1.005e-01 0.000e+00
8.060e+01 1.078e-01 0.000e+00
8.070e+01 9.749e-02 0.000e+00
8.080e+01 9.172e-02 0.000e+00
8.090e+01 9.215e-02 0.000e+00
8.100e+01 9.415e-02 0.000e+00
8.110e+01 1.123e-01 0.000e+00
8.120e+01 1.091e-01 0.000e+00
8.130e+01 9.418e-02 0.000e+00
8.140e+01 1.048e-01 0.000e+00
8.150e+01 1.113e-01 0.000e+00
8.160e+01 1.023e-01 0.000e+00
8.170e+01 9.324e-02 0.000e+00
8.180e+01 8.661e-02 0.000e+00
8.190e+01 9.519e-02 0.000e+00
8.200e+01 9.611e-02 0.000e+00
8.210e+01 8.144e-02 0.000e+00
8.220e+01 1.064e-01 0.000e+00
8.230e+01 1.017e-01 0.000e+00
8.240e+01 9.676e-02 0.000e+00
8.250e+01 1.056e-01 0.000e+00
8.260e+01 1.119e-01 0.000e+00
8.270e+01 1.200e-01 0.000e+00
8.280e+01 1.136e-01 0.000e+00
8.290e+01 9.658e-02 0.000e+00
8.300e+01 1.027e-01 0.000e+00
8.310e+01 1.075e-01 0.000e+00
8.320e+01 1.302e-01 0.000e+00
8.330e+01 1.183e-01 0.000e+00
8.340e+01 9.820e-02 0.000e+00
8.350e+01 1.091e-01 0.000e+00
8.360e+01 1.065e-01 0.000e+00
8.370e+01 1.061e-01 0.000e+00
8.380e+01 1.012e-01 0.000e+00
8.390e+01 1.215e-01 0.000e+00
8.400e+01 1.321e-01 0.000e+00
8.410e+01 1.448e-01 0.000e+00
8.420e+01 1.235e-01 0.000e+00
8.430e+01 1.299e-01 0.000e+00
8.440e+01 1.083e-01 0.000e+00
8.450e+01 1.271e-01 0.000e+00
8.460e+01 1.182e-01 0.000e+00
8.470e+01 1.276e-01 0.000e+00
8.480e+01 1.297e-01 0.000e+00
8.490e+01 1.226e-01 0.000e+00
8.500e+01 1.181e-01 0.000e+00
8.510e+01 1.156e-01 0.000e+00
8.520e+01 1.192e-01 0.000e+00
8.530e+01 1.293e-01 0.000e+00
8.540e+01 1.225e-01 0.000e+00
8.550e+01 1.431e-01 0.000e+00
8.560e+01 1.138e-01 0.000e+00
8.570e+01 1.050e-01 0.000e+00
8.580e+01 9.762e-02 0.000e+00
8.590e+01 1.000e-01 0.000e+00
8.600e+01 9.709e-02 0.000e+00
8.610e+01 1.282e-01 0.000e+00
8.620e+01 1.183e-01 0.000e+00
8.630e+01 1.124e-01 0.000e+00
8.640e+01 1.125e-01 0.000e+00
8.650e+01 9.236e-02 0.000e+00
8.660e+01 1.152e-01 0.000e+00
8.670e+01 1.127e-01 0.000e+00
8.680e+01 1.206e-01 0.000e+00
8.690e+01 9.652e-02 0.000e+00
8.700e+01 9.695e-02 0.000e+00
8.710e+01 1.169e-01 0.000e+00
8.720e+01 1.256e-01 0.000e+00
8.730e+01 1.009e-01 0.000e+00
8.740e+01 9.713e-02 0.000e+00
8.750e+01 1.314e-01 0.000e+00
8.760e+01 9.240e-02 0.000e+00
8.770e+01 9.491e-02 0.000e+00
8.780e+01 1.084e-01 0.000e+00
8.790e+01 8.170e-02 0.000e+00
8.800e+01 9.141e-02 0.000e+00
8.810e+01 8.421e-02 0.000e+00
8.820e+01 9.417e-02 0.000e+00
8.830e+01 9.214e-02 0.000e+00
8.840e+01 1.017e-01 0.000e+00
8.850e+01 1.105e-01 0.000e+00
8.860e+01 1.030e-01 0.000e+00
8.870e+01 1.043e-01 0.000e+00
8.880e+01 1.216e-01 0.000e+00
8.890e+01 1.127e-01 0.000e+00
8.900e+01 1.012e-01 0.000e+00
8.910e+01 8.501e-02 0.000e+00
8.920e+01 8.805e-02 0.000e+00
8.930e+01 9.844e-02 0.000e+00
8.940e+01 1.029e-01 0.000e+00
8.950e+01 1.036e-01 0.000e+00
8.960e+01 9.973e-02 0.000e+00
8.970e+01 1.102e-01 0.000e+00
8.980e+01 9.275e-02 0.000e+00
8.990e+01 1.224e-01 0.000e+00
9.000e+01 1.342e-01 0.000e+00
9.010e+01 1.044e-01 0.000e+00
9.020e+01 1.151e-01 0.000e+00
9.030e+01 1.147e-01 0.000e+00
9.040e+01 1.276e-01 0.000e+00
9.050e+01 1.244e-01 0.000e+00
9.060e+01 1.186e-01 0.000e+00
9.070e+01 1.110e-01 0.000e+00
9.080e+01 1.058e-01 0.000e+00
9.090e+01 1.030e-01 0.000e+00
9.100e+01 9.897e-02 0.000e+00
9.110e+01 1.254e-01 0.000e+00
9.120e+01 1.165e-01 0.000e+00
9.130e+01 1.078e-01 0.000e+00
9.140e+01 9.764e-02 0.000e+00
9.150e+01 1.154e-01 0.000e+00
9.160e+01 1.124e-01 0.000e+00
9.170e+01 1.259e-01 0.000e+00
9.180e+01 1.161e-01 0.000e+00
9.190e+01 1.074e-01 0.000e+00
9.200e+01 9.162e-02 0.000e+00
9.210e+01 8.094e-02 0.000e+00
9.220e+01 8.839e-02 0.000e+00
9.230e+01 1.053e-01 0.000e+00
9.240e+01 1.068e-01 0.000e+00
9.250e+01 1.019e-01 0.000e+00
9.260e+01 1.058e-01 0.000e+00
9.270e+01 9.972e-02 0.000e+00
9.280e+01 8.217e-02 0.000e+00
9.290e+01 6.485e-02 0.000e+00
9.300e+01 9.909e-02 0.000e+00
9.310e+01 1.062e-01 0.000e+00
9.320e+01 1.225e-01 0.000e+00
9.330e+01 1.171e-01 0.000e+00
9.340e+01 1.134e-01 0.000e+00
9.350e+01 8.668e-02 0.000e+00
9.360e+01 1.047e-01 0.000e+00
9.370e+01 1.064e-01 0.000e+00
9.380e+01 9.265e-02 0.000e+00
9.390e+01 8.805e-02 0.000e+00
9.400e+01 1.060e-01 0.000e+00
9.410e+01 9.272e-02 0.000e+00
9.420e+01 9.680e-02 0.000e+00
9.430e+01 1.141e-01 0.000e+00
9.440e+01 9.727e-02 0.000e+00
9.450e+01 7.499e-02 0.000e+00
9.460e+01 6.653e-02 0.000e+00
9.470e+01 8.978e-02 0.000e+00
9.480e+01 9.452e-02 0.000e+00
9.490e+01 9.315e-02 0.000e+00
9.500e+01 1.137e-01 0.000e+00
9.510e+01 1.009e-01 0.000e+00
9.520e+01 8.146e-02 0.000e+00
9.530e+01 9.085e-02 0.000e+00
9.540e+01 1.107e-01 0.000e+00
9.550e+01 9.617e-02 0.000e+00
9.560e+01 8.930e-02 0.000e+00
9.570e+01 8.584e-02 0.000e+00
9.580e+01 1.088e-01 0.000e+00
9.590e+01 1.051e-01 0.000e+00
9.600e+01 8.336e-02 0.000e+00
9.610e+01 6.796e-02 0.000e+00
9.620e+01 7.005e-02 0.000e+00
9.630e+01 5.537e-02 0.000e+00
9.640e+01 7.250e-02 0.000e+00
9.650e+01 8.179e-02 0.000e+00
9.660e+01 9.260e-02 0.000e+00
9.670e+01 8.890e-02 0.000e+00
9.680e+01 9.232e-02 0.000e+00
9.690e+01 8.019e-02 0.000e+00
9.700e+01 8.709e-02 0.000e+00
9.710e+01 6.246e-02 0.000e+00
9.720e+01 7.093e-02 0.000e+00
9.730e+01 6.166e-02 0.000e+00
9.740e+01 2.543e-02 0.000e+00
9.750e+01 3.514e-02 0.000e+00
9.760e+01 2.480e-02 0.000e+00
9.770e+01 4.013e-02 0.000e+00
9.780e+01 2.703e-02 0.000e+00
9.790e+01 4.948e-02 0.000e+00
9.800e+01 5.424e-02 0.000e+00
9.810e+01 6.120e-02 0.000e+00
9.820e+01 5.955e-02 0.000e+00
9.830e+01 5.473e-02 0.000e+00
9.840e+01 7.348e-02 0.000e+00
9.850e+01 6.960e-02 0.000e+00
9.860e+01 5.112e-02 0.000e+00
9.870e+01 5.016e-02 0.000e+00
9.880e+01 5.324e-02 0.000e+00
9.890e+01 7.754e-02 0.000e+00
9.900e+01 9.755e-02 0.000e+00
9.910e+01 6.303e-02 0.000e+00
9.920e+01 5.335e-02 0.000e+00
9.930e+01 5.776e-02 0.000e+00
9.940e+01 4.873e-02 0.000e+00
9.950e+01 6.138e-02 0.000e+00
9.960e+01 6.356e-02 0.000e+00
9.970e+01 7.716e-02 0.000e+00
9.980e+01 6.393e-02 0.000e+00
9.990e+01 6.627e-02 0.000e+00
