# Time (ps)      real(F_2)      im(F_2)
0.000e+00 1.000e+00 0.000e+00
1.000e-01 8.735e-01 -8.634e-03
2.000e-01 8.621e-01 3.319e-03
3.000e-01 8.299e-01 2.767e-02
4.000e-01 7.907e-01 -1.503e-02
5.000e-01 8.309e-01 -4.096e-02
6.000e-01 7.637e-01 -8.070e-02
7.000e-01 7.702e-01 -4.148e-02
8.000e-01 7.350e-01 -1.912e-02
9.000e-01 7.831e-01 -3.237e-02
1.000e+00 7.437e-01 -1.043e-02
1.100e+00 7.075e-01 -3.138e-03
1.200e+00 7.345e-01 2.673e-02
1.300e+00 7.513e-01 3.018e-02
1.400e+00 7.166e-01 5.512e-02
1.500e+00 6.969e-01 1.351e-02
1.600e+00 6.662e-01 6.198e-03
1.700e+00 6.036e-01 3.471e-03
1.800e+00 6.226e-01 -1.300e-02
1.900e+00 5.910e-01 6.135e-03
2.000e+00 6.000e-01 2.504e-02
2.100e+00 6.003e-01 1.737e-02
2.200e+00 6.092e-01 3.124e-02
2.300e+00 5.986e-01 -2.377e-02
2.400e+00 6.207e-01 2.182e-04
2.500e+00 5.500e-01 -4.566e-02
2.600e+00 5.364e-01 -4.532e-02
2.700e+00 5.504e-01 -2.315e-02
2.800e+00 5.840e-01 -1.630e-02
2.900e+00 5.710e-01 4.340e-03
3.000e+00 5.565e-01 -2.707e-02
3.100e+00 5.271e-01 -2.868e-02
3.200e+00 5.259e-01 -1.485e-02
3.300e+00 5.165e-01 1.392e-03
3.400e+00 5.154e-01 -1.523e-02
3.500e+00 5.219e-01 1.765e-04
3.600e+00 5.608e-01 2.074e-03
3.700e+00 5.315e-01 -1.736e-02
3.800e+00 5.265e-01 -4.361e-02
3.900e+00 5.225e-01 -5.154e-02
4.000e+00 5.041e-01 -7.205e-02
4.100e+00 4.762e-01 -4.575e-02
4.200e+00 4.637e-01 -2.819e-02
4.300e+00 4.856e-01 -8.182e-02
4.400e+00 4.675e-01 -4.620e-02
4.500e+00 4.690e-01 -7.044e-02
4.600e+00 4.507e-01 -6.830e-02
4.700e+00 4.423e-01 -3.019e-02
4.800e+00 4.375e-01 -3.237e-02
4.900e+00 4.355e-01 -3.619e-02
5.000e+00 4.244e-01 -4.283e-02
5.100e+00 4.038e-01 -4.461e-02
5.200e+00 4.221e-01 -5.161e-02
5.300e+00 4.655e-01 -3.118e-02
5.400e+00 4.221e-01 -3.849e-02
5.500e+00 4.496e-01 -2.369e-02
5.600e+00 4.478e-01 -2.662e-02
5.700e+00 4.411e-01 -2.038e-02
5.800e+00 4.543e-01 -4.413e-02
5.900e+00 4.317e-01 -2.245e-02
6.000e+00 4.261e-01 -2.144e-02
6.100e+00 4.482e-01 -5.733e-02
6.200e+00 3.834e-01 -2.666e-02
6.300e+00 3.511e-01 -5.743e-02
6.400e+00 3.501e-01 -7.553e-02
6.500e+00 3.432e-01 -5.660e-02
6.600e+00 3.678e-01 -6.023e-02
6.700e+00 3.806e-01 -3.193e-02
6.800e+00 3.882e-01 -4.251e-02
6.900e+00 3.683e-01 -4.838e-02
7.000e+00 3.545e-01 -4.229e-02
7.100e+00 3.599e-01 -2.259e-02
7.200e+00 3.507e-01 -2.706e-02
7.300e+00 3.319e-01 -2.308e-02
7.400e+00 3.573e-01 -4.668e-02
7.500e+00 3.434e-01 -4.400e-02
7.600e+00 3.506e-01 -4.310e-02
7.700e+00 3.477e-01 -4.172e-02
7.800e+00 3.654e-01 -6.388e-02
7.900e+00 3.381e-01 -2.650e-02
8.000e+00 3.187e-01 -2.447e-02
8.100e+00 3.180e-01 -1.711e-02
8.200e+00 3.276e-01 -6.492e-02
8.300e+00 3.355e-01 -4.096e-02
8.400e+00 3.349e-01 -6.280e-02
8.500e+00 3.305e-01 -5.220e-02
8.600e+00 3.341e-01 -2.682e-02
8.700e+00 3.195e-01 -4.296e-02
8.800e+00 3.306e-01 -3.164e-02
8.900e+00 3.237e-01 -4.169e-02
9.000e+00 3.181e-01 -3.881e-02
9.100e+00 3.033e-01 -4.284e-02
9.200e+00 3.090e-01 -5.403e-02
9.300e+00 3.262e-01 -4.855e-02
9.400e+00 3.201e-01 -1.213e-02
9.500e+00 2.903e-01 -1.036e-02
9.600e+00 2.877e-01 -4.330e-02
9.700e+00 2.733e-01 -3.799e-02
9.800e+00 2.711e-01 -6.375e-02
9.900e+00 2.738e-01 -5.023e-02
1.000e+01 2.552e-01 -4.309e-02
1.010e+01 2.496e-01 -5.644e-02
1.020e+01 2.897e-01 -4.490e-02
1.030e+01 2.707e-01 -5.243e-02
1.040e+01 2.826e-01 -7.466e-02
1.050e+01 2.708e-01 -6.421e-02
1.060e+01 2.870e-01 -6.224e-02
1.070e+01 2.876e-01 -5.815e-02
1.080e+01 2.923e-01 -2.379e-02
1.090e+01 2.552e-01 -3.575e-02
1.100e+01 2.409e-01 -4.969e-02
1.110e+01 2.296e-01 -5.447e-02
1.120e+01 2.381e-01 -6.760e-02
1.130e+01 2.448e-01 -5.826e-02
1.140e+01 2.600e-01 -2.862e-02
1.150e+01 2.695e-01 -1.969e-02
1.160e+01 2.595e-01 -4.823e-02
1.170e+01 2.562e-01 -4.160e-02
1.180e+01 2.638e-01 -3.291e-02
1.190e+01 2.521e-01 -2.351e-02
1.200e+01 2.630e-01 -3.359e-02
1.210e+01 2.693e-01 -3.148e-02
1.220e+01 2.572e-01 -3.939e-02
1.230e+01 2.694e-01 -5.976e-02
1.240e+01 2.591e-01 -5.218e-02
1.250e+01 2.478e-01 -4.343e-02
1.260e+01 2.446e-01 -4.056e-02
1.270e+01 2.385e-01 -6.289e-02
1.280e+01 2.599e-01 -7.484e-02
1.290e+01 2.579e-01 -5.033e-02
1.300e+01 2.422e-01 -4.215e-02
1.310e+01 2.405e-01 -2.739e-02
1.320e+01 2.388e-01 -2.942e-02
1.330e+01 2.471e-01 -2.606e-02
1.340e+01 2.417e-01 -3.031e-02
1.350e+01 2.587e-01 -4.699e-02
1.360e+01 2.237e-01 -2.721e-02
1.370e+01 2.343e-01 -3.320e-02
1.380e+01 2.279e-01 -1.002e-02
1.390e+01 2.239e-01 -2.221e-02
1.400e+01 2.141e-01 -1.795e-02
1.410e+01 2.157e-01 -3.141e-02
1.420e+01 2.167e-01 -3.081e-02
1.430e+01 2.110e-01 -3.354e-02
1.440e+01 2.238e-01 -4.076e-02
1.450e+01 2.242e-01 -4.462e-02
1.460e+01 2.093e-01 -4.969e-02
1.470e+01 2.216e-01 -4.271e-02
1.480e+01 2.213e-01 -3.264e-02
1.490e+01 2.149e-01 -4.300e-02
1.500e+01 2.277e-01 -4.844e-02
1.510e+01 2.200e-01 -2.979e-02
1.520e+01 2.184e-01 -1.745e-02
1.530e+01 2.007e-01 -2.672e-02
1.540e+01 2.126e-01 -3.254e-02
1.550e+01 2.073e-01 -4.073e-02
1.560e+01 2.063e-01 -4.742e-02
1.570e+01 2.070e-01 -3.631e-02
1.580e+01 1.971e-01 -2.990e-02
1.590e+01 2.243e-01 -7.214e-02
1.600e+01 2.321e-01 -4.791e-02
1.610e+01 2.128e-01 -5.750e-02
1.620e+01 2.056e-01 -4.087e-02
1.630e+01 2.264e-01 -3.895e-02
1.640e+01 2.165e-01 -2.967e-02
1.650e+01 2.209e-01 -9.968e-03
1.660e+01 2.035e-01 -7.057e-03
1.670e+01 1.951e-01 -8.198e-03
1.680e+01 1.927e-01 -2.067e-02
1.690e+01 1.930e-01 -3.062e-02
1.700e+01 2.150e-01 -2.265e-02
1.710e+01 1.970e-01 -4.292e-02
1.720e+01 1.861e-01 -4.599e-02
1.730e+01 1.776e-01 -4.083e-02
1.740e+01 2.015e-01 -4.254e-02
1.750e+01 1.947e-01 -2.743e-02
1.760e+01 1.829e-01 -2.569e-02
1.770e+01 1.641e-01 -2.203e-02
1.780e+01 1.691e-01 -3.471e-02
1.790e+01 1.589e-01 -3.102e-02
1.800e+01 1.770e-01 -2.268e-02
1.810e+01 1.886e-01 -2.092e-02
1.820e+01 1.968e-01 -1.384e-02
1.830e+01 1.873e-01 -9.701e-03
1.840e+01 1.709e-01 -8.407e-03
1.850e+01 1.712e-01 -5.839e-03
1.860e+01 1.813e-01 -9.865e-03
1.870e+01 1.759e-01 -1.927e-02
1.880e+01 1.704e-01 -2.049e-03
1.890e+01 1.706e-01 -1.741e-02
1.900e+01 1.607e-01 -9.328e-03
1.910e+01 1.678e-01 -6.948e-03
1.920e+01 1.774e-01 -6.113e-03
1.930e+01 1.671e-01 -1.763e-03
1.940e+01 1.632e-01 8.942e-03
1.950e+01 1.645e-01 3.269e-03
1.960e+01 1.526e-01 8.629e-03
1.970e+01 1.482e-01 5.838e-03
1.980e+01 1.436e-01 5.537e-04
1.990e+01 1.536e-01 -7.745e-03
2.000e+01 1.603e-01 -2.033e-03
2.010e+01 1.562e-01 -1.936e-04
2.020e+01 1.561e-01 7.097e-03
2.030e+01 1.552e-01 -8.938e-03
2.040e+01 1.532e-01 -1.003e-02
2.050e+01 1.532e-01 -1.219e-02
2.060e+01 1.537e-01 -1.055e-02
2.070e+01 1.595e-01 1.758e-04
2.080e+01 1.641e-01 -4.051e-03
2.090e+01 1.693e-01 -5.154e-03
2.100e+01 1.453e-01 2.759e-03
2.110e+01 1.528e-01 -3.972e-03
2.120e+01 1.582e-01 -1.553e-03
2.130e+01 1.502e-01 5.795e-03
2.140e+01 1.522e-01 1.371e-02
2.150e+01 1.475e-01 1.534e-02
2.160e+01 1.360e-01 1.836e-02
2.170e+01 1.281e-01 1.974e-02
2.180e+01 1.400e-01 1.738e-02
2.190e+01 1.320e-01 1.980e-02
2.200e+01 1.351e-01 1.049e-02
2.210e+01 1.439e-01 -6.053e-03
2.220e+01 1.444e-01 -2.079e-02
2.230e+01 1.470e-01 -2.303e-02
2.240e+01 1.461e-01 -1.318e-02
2.250e+01 1.412e-01 -2.106e-02
2.260e+01 1.502e-01 -1.441e-02
2.270e+01 1.513e-01 -2.523e-02
2.280e+01 1.409e-01 -1.440e-02
2.290e+01 1.427e-01 -1.684e-02
2.300e+01 1.358e-01 -2.847e-02
2.310e+01 1.508e-01 -3.021e-02
2.320e+01 1.412e-01 -2.734e-02
2.330e+01 1.450e-01 -2.720e-02
2.340e+01 1.404e-01 -4.562e-02
2.350e+01 1.414e-01 -3.902e-02
2.360e+01 1.475e-01 -2.989e-02
2.370e+01 1.407e-01 -3.129e-02
2.380e+01 1.365e-01 -2.974e-02
2.390e+01 1.383e-01 -2.504e-02
2.400e+01 1.353e-01 -2.772e-02
2.410e+01 1.389e-01 -2.220e-02
2.420e+01 1.414e-01 -2.317e-02
2.430e+01 1.446e-01 -2.367e-02
2.440e+01 1.421e-01 -2.399e-02
2.450e+01 1.422e-01 -1.316e-02
2.460e+01 1.331e-01 -1.954e-02
2.470e+01 1.286e-01 -1.940e-02
2.480e+01 1.246e-01 -1.238e-02
2.490e+01 1.357e-01 -2.410e-02
2.500e+01 1.310e-01 -2.968e-02
2.510e+01 1.366e-01 -1.950e-02
2.520e+01 1.322e-01 -2.094e-02
2.530e+01 1.315e-01 -3.327e-02
2.540e+01 1.418e-01 -2.141e-02
2.550e+01 1.505e-01 -2.773e-02
2.560e+01 1.486e-01 -3.794e-02
2.570e+01 1.328e-01 -2.009e-02
2.580e+01 1.290e-01 -2.330e-02
2.590e+01 1.548e-01 -8.105e-03
2.600e+01 1.497e-01 -2.841e-02
2.610e+01 1.421e-01 -3.841e-02
2.620e+01 1.463e-01 -1.812e-02
2.630e+01 1.494e-01 -2.387e-02
2.640e+01 1.457e-01 -2.350e-02
2.650e+01 1.447e-01 -1.257e-02
2.660e+01 1.317e-01 -1.218e-02
2.670e+01 1.333e-01 -1.740e-02
2.680e+01 1.289e-01 -1.534e-02
2.690e+01 1.319e-01 -1.861e-02
2.700e+01 1.311e-01 -9.577e-03
2.710e+01 1.321e-01 -1.244e-02
2.720e+01 1.225e-01 -9.192e-03
2.730e+01 1.256e-01 -1.375e-02
2.740e+01 1.286e-01 -3.654e-02
2.750e+01 1.250e-01 -2.485e-02
2.760e+01 1.282e-01 -2.446e-02
2.770e+01 1.362e-01 -1.025e-02
2.780e+01 1.284e-01 9.529e-03
2.790e+01 1.320e-01 -8.073e-03
2.800e+01 1.271e-01 2.959e-03
2.810e+01 1.214e-01 -5.239e-03
2.820e+01 1.175e-01 7.854e-03
2.830e+01 1.071e-01 -3.163e-03
2.840e+01 1.168e-01 4.929e-03
2.850e+01 1.094e-01 -5.086e-03
2.860e+01 1.167e-01 6.337e-03
2.870e+01 1.202e-01 -1.202e-02
2.880e+01 1.159e-01 -7.795e-03
2.890e+01 1.128e-01 -5.888e-03
2.900e+01 1.077e-01 -1.572e-03
2.910e+01 9.559e-02 -2.417e-02
2.920e+01 1.114e-01 -2.025e-03
2.930e+01 1.071e-01 -8.767e-03
2.940e+01 9.802e-02 6.906e-03
2.950e+01 9.795e-02 -2.295e-03
2.960e+01 1.000e-01 -6.441e-03
2.970e+01 8.683e-02 4.680e-03
2.980e+01 1.066e-01 -3.407e-03
2.990e+01 1.026e-01 -1.562e-02
3.000e+01 1.008e-01 -5.852e-03
3.010e+01 1.066e-01 -4.567e-03
3.020e+01 1.042e-01 -1.132e-02
3.030e+01 1.097e-01 -2.511e-02
3.040e+01 9.945e-02 -1.490e-02
3.050e+01 9.550e-02 -2.288e-02
3.060e+01 8.742e-02 -6.246e-03
3.070e+01 1.020e-01 4.149e-03
3.080e+01 9.249e-02 1.243e-02
3.090e+01 1.010e-01 1.486e-02
3.100e+01 9.787e-02 -1.891e-04
3.110e+01 1.027e-01 -1.564e-03
3.120e+01 1.127e-01 -3.515e-03
3.130e+01 1.033e-01 -5.593e-03
3.140e+01 1.027e-01 6.232e-03
3.150e+01 1.134e-01 -6.768e-03
3.160e+01 1.071e-01 -2.076e-04
3.170e+01 1.122e-01 1.350e-02
3.180e+01 1.180e-01 2.260e-02
3.190e+01 1.038e-01 4.525e-03
3.200e+01 9.570e-02 -2.613e-03
3.210e+01 1.015e-01 -1.314e-02
3.220e+01 9.181e-02 -2.035e-02
3.230e+01 9.410e-02 -1.300e-02
3.240e+01 9.589e-02 -9.816e-03
3.250e+01 8.920e-02 -1.628e-02
3.260e+01 8.664e-02 -1.786e-02
3.270e+01 9.741e-02 -1.870e-02
3.280e+01 9.346e-02 -1.049e-02
3.290e+01 9.177e-02 -6.437e-03
3.300e+01 9.195e-02 -9.325e-03
3.310e+01 8.927e-02 -1.750e-02
3.320e+01 8.559e-02 -1.191e-02
3.330e+01 9.582e-02 -1.370e-02
3.340e+01 9.499e-02 -1.171e-02
3.350e+01 1.011e-01 -3.593e-03
3.360e+01 9.938e-02 1.743e-02
3.370e+01 9.336e-02 1.877e-02
3.380e+01 8.224e-02 -1.370e-03
3.390e+01 6.712e-02 -3.967e-03
3.400e+01 7.220e-02 4.429e-03
3.410e+01 7.604e-02 1.164e-02
3.420e+01 7.245e-02 1.548e-02
3.430e+01 5.803e-02 -1.463e-02
3.440e+01 6.898e-02 -1.529e-02
3.450e+01 7.364e-02 -1.523e-02
3.460e+01 7.214e-02 -1.868e-02
3.470e+01 8.398e-02 2.632e-03
3.480e+01 8.269e-02 -1.290e-03
3.490e+01 7.081e-02 1.981e-02
3.500e+01 7.297e-02 6.663e-03
3.510e+01 6.651e-02 -1.531e-03
3.520e+01 8.215e-02 -9.559e-03
3.530e+01 8.081e-02 -1.180e-02
3.540e+01 8.677e-02 -6.917e-03
3.550e+01 8.612e-02 -9.188e-03
3.560e+01 1.030e-01 -5.018e-03
3.570e+01 9.744e-02 -3.397e-03
3.580e+01 1.068e-01 4.965e-03
3.590e+01 9.378e-02 2.202e-03
3.600e+01 1.064e-01 1.252e-03
3.610e+01 1.112e-01 -1.092e-02
3.620e+01 1.141e-01 -3.375e-03
3.630e+01 1.055e-01 -1.919e-02
3.640e+01 9.445e-02 -2.048e-02
3.650e+01 1.042e-01 -1.229e-02
3.660e+01 8.620e-02 4.000e-03
3.670e+01 9.344e-02 4.444e-03
3.680e+01 8.683e-02 -5.163e-03
3.690e+01 8.822e-02 -2.540e-03
3.700e+01 8.574e-02 -3.272e-03
3.710e+01 9.395e-02 -2.065e-03
3.720e+01 9.410e-02 -5.609e-03
3.730e+01 9.986e-02 8.853e-03
3.740e+01 8.835e-02 6.911e-03
3.750e+01 9.038e-02 4.099e-03
3.760e+01 8.676e-02 2.902e-03
3.770e+01 8.256e-02 -5.205e-03
3.780e+01 8.671e-02 -1.106e-02
3.790e+01 8.364e-02 -7.704e-04
3.800e+01 7.419e-02 5.547e-04
3.810e+01 6.638e-02 1.582e-02
3.820e+01 8.097e-02 -1.873e-03
3.830e+01 6.584e-02 -4.705e-03
3.840e+01 7.324e-02 -8.562e-03
3.850e+01 7.897e-02 -1.402e-02
3.860e+01 8.706e-02 4.719e-03
3.870e+01 8.438e-02 4.261e-03
3.880e+01 8.615e-02 1.388e-02
3.890e+01 9.289e-02 1.297e-02
3.900e+01 9.509e-02 5.576e-03
3.910e+01 8.945e-02 -1.094e-02
3.920e+01 9.431e-02 -4.888e-03
3.930e+01 9.150e-02 -1.180e-03
3.940e+01 8.004e-02 2.417e-03
3.950e+01 8.274e-02 1.473e-02
3.960e+01 8.399e-02 4.876e-03
3.970e+01 8.682e-02 1.490e-03
3.980e+01 8.413e-02 3.207e-03
3.990e+01 9.579e-02 5.830e-03
4.000e+01 9.054e-02 5.799e-03
4.010e+01 8.730e-02 3.225e-03
4.020e+01 8.508e-02 7.841e-03
4.030e+01 7.743e-02 -4.411e-05
4.040e+01 7.388e-02 8.206e-03
4.050e+01 7.533e-02 3.379e-03
4.060e+01 7.872e-02 1.057e-02
4.070e+01 9.088e-02 1.009e-02
4.080e+01 9.584e-02 1.069e-02
4.090e+01 9.053e-02 7.747e-03
4.100e+01 9.564e-02 1.314e-02
4.110e+01 9.018e-02 6.158e-03
4.120e+01 8.596e-02 -4.283e-03
4.130e+01 8.206e-02 -1.225e-03
4.140e+01 8.190e-02 3.324e-03
4.150e+01 8.898e-02 4.502e-03
4.160e+01 9.158e-02 -5.809e-04
4.170e+01 9.100e-02 -1.385e-04
4.180e+01 8.914e-02 6.494e-03
4.190e+01 8.425e-02 4.812e-03
4.200e+01 7.771e-02 9.379e-03
4.210e+01 8.284e-02 1.164e-02
4.220e+01 8.492e-02 1.187e-03
4.230e+01 7.982e-02 2.536e-03
4.240e+01 8.272e-02 -3.969e-04
4.250e+01 9.323e-02 -3.700e-03
4.260e+01 8.695e-02 -2.451e-05
4.270e+01 8.553e-02 -5.759e-03
4.280e+01 8.797e-02 1.761e-03
4.290e+01 8.605e-02 3.920e-03
4.300e+01 8.363e-02 3.179e-03
4.310e+01 7.540e-02 6.472e-03
4.320e+01 7.854e-02 -1.762e-03
4.330e+01 7.264e-02 -1.197e-03
4.340e+01 7.515e-02 -1.488e-03
4.350e+01 7.551e-02 -3.405e-03
4.360e+01 7.406e-02 -4.721e-03
4.370e+01 7.775e-02 -2.300e-03
4.380e+01 7.973e-02 -6.074e-03
4.390e+01 7.543e-02 -9.047e-03
4.400e+01 7.010e-02 -6.578e-03
4.410e+01 6.998e-02 -8.690e-03
4.420e+01 7.300e-02 -9.918e-03
4.430e+01 6.698e-02 -5.354e-03
4.440e+01 6.713e-02 -1.651e-03
4.450e+01 6.799e-02 -4.639e-03
4.460e+01 6.808e-02 -1.196e-02
4.470e+01 6.893e-02 -5.764e-03
4.480e+01 7.044e-02 -6.314e-03
4.490e+01 7.599e-02 -4.364e-03
4.500e+01 6.848e-02 -8.349e-03
4.510e+01 7.111e-02 -8.211e-03
4.520e+01 6.997e-02 -7.556e-03
4.530e+01 7.442e-02 -5.853e-03
4.540e+01 6.877e-02 -5.388e-03
4.550e+01 6.878e-02 -6.327e-03
4.560e+01 7.619e-02 -4.378e-03
4.570e+01 7.549e-02 -1.101e-02
4.580e+01 6.717e-02 -9.027e-03
4.590e+01 6.657e-02 -1.132e-02
4.600e+01 5.962e-02 -1.250e-02
4.610e+01 5.908e-02 -6.289e-03
4.620e+01 6.155e-02 -4.677e-03
4.630e+01 5.274e-02 2.594e-03
4.640e+01 5.045e-02 1.793e-05
4.650e+01 5.420e-02 -5.210e-03
4.660e+01 5.423e-02 -6.619e-03
4.670e+01 5.856e-02 -2.590e-03
4.680e+01 6.149e-02 1.865e-03
4.690e+01 5.988e-02 -2.944e-04
4.700e+01 5.816e-02 -7.698e-04
4.710e+01 5.806e-02 -1.270e-03
4.720e+01 5.608e-02 -1.737e-03
4.730e+01 6.005e-02 8.983e-04
4.740e+01 6.032e-02 1.110e-03
4.750e+01 6.068e-02 5.674e-04
4.760e+01 5.896e-02 -2.403e-03
4.770e+01 5.546e-02 -1.909e-03
4.780e+01 5.334e-02 -2.798e-03
4.790e+01 5.083e-02 -8.995e-03
4.800e+01 4.853e-02 -7.792e-03
4.810e+01 5.151e-02 -3.869e-03
4.820e+01 4.943e-02 2.398e-03
4.830e+01 4.924e-02 6.779e-03
4.840e+01 4.693e-02 4.406e-03
4.850e+01 5.154e-02 -5.580e-04
4.860e+01 5.135e-02 1.542e-03
4.870e+01 5.206e-02 -5.845e-03
4.880e+01 5.117e-02 -9.981e-03
4.890e+01 5.026e-02 -9.174e-03
4.900e+01 5.015e-02 -9.555e-03
4.910e+01 5.089e-02 -8.267e-03
4.920e+01 5.242e-02 -1.176e-03
4.930e+01 5.154e-02 -8.540e-04
4.940e+01 5.172e-02 -7.616e-04
4.950e+01 5.179e-02 2.649e-03
4.960e+01 5.632e-02 -1.001e-04
4.970e+01 5.793e-02 -1.921e-03
4.980e+01 6.521e-02 -1.511e-03
4.990e+01 6.057e-02 -1.863e-03
5.000e+01 6.246e-02 -1.338e-03
5.010e+01 5.810e-02 -3.363e-03
5.020e+01 5.358e-02 -3.524e-03
5.030e+01 5.517e-02 -3.060e-03
5.040e+01 5.373e-02 1.682e-03
5.050e+01 5.320e-02 -5.631e-03
5.060e+01 5.544e-02 -8.692e-03
5.070e+01 5.851e-02 -5.951e-03
5.080e+01 5.874e-02 -3.328e-03
5.090e+01 5.494e-02 -3.785e-04
5.100e+01 5.775e-02 -2.513e-03
5.110e+01 6.124e-02 -1.198e-02
5.120e+01 6.375e-02 -1.570e-02
5.130e+01 6.223e-02 -1.675e-02
5.140e+01 6.626e-02 -1.294e-02
5.150e+01 6.176e-02 -1.167e-02
5.160e+01 6.024e-02 -1.150e-02
5.170e+01 5.600e-02 -1.412e-02
5.180e+01 6.001e-02 -1.472e-02
5.190e+01 6.240e-02 -1.417e-02
5.200e+01 6.053e-02 -1.025e-02
5.210e+01 5.462e-02 -5.689e-03
5.220e+01 5.395e-02 -1.700e-03
5.230e+01 5.944e-02 -8.145e-03
5.240e+01 5.491e-02 -2.869e-04
5.250e+01 5.304e-02 -2.325e-03
5.260e+01 4.630e-02 -2.154e-04
5.270e+01 5.139e-02 -5.566e-03
5.280e+01 5.243e-02 -3.878e-03
5.290e+01 5.250e-02 -7.894e-03
5.300e+01 5.574e-02 -5.517e-03
5.310e+01 5.643e-02 -1.802e-03
5.320e+01 5.595e-02 -3.841e-03
5.330e+01 5.906e-02 -3.697e-03
5.340e+01 5.579e-02 -1.119e-02
5.350e+01 5.042e-02 -1.268e-02
5.360e+01 5.915e-02 -1.502e-02
5.370e+01 6.641e-02 -1.344e-02
5.380e+01 5.967e-02 -9.795e-03
5.390e+01 6.076e-02 -1.206e-02
5.400e+01 5.524e-02 -1.328e-02
5.410e+01 5.525e-02 -1.095e-02
5.420e+01 5.780e-02 -1.133e-02
5.430e+01 5.466e-02 -1.343e-02
5.440e+01 5.687e-02 -1.313e-02
5.450e+01 5.618e-02 -1.099e-02
5.460e+01 5.495e-02 -9.356e-03
5.470e+01 5.252e-02 -9.280e-03
5.480e+01 5.666e-02 -9.638e-03
5.490e+01 5.270e-02 -1.003e-02
5.500e+01 5.497e-02 -9.179e-03
5.510e+01 6.026e-02 -1.127e-02
5.520e+01 5.808e-02 -1.267e-02
5.530e+01 5.564e-02 -1.565e-02
5.540e+01 5.290e-02 -9.110e-03
5.550e+01 5.056e-02 -6.093e-03
5.560e+01 5.369e-02 -8.854e-03
5.570e+01 4.913e-02 -9.339e-03
5.580e+01 4.942e-02 -5.435e-03
5.590e+01 4.335e-02 2.991e-03
5.600e+01 4.160e-02 -2.140e-03
5.610e+01 3.807e-02 1.341e-03
5.620e+01 3.991e-02 3.671e-03
5.630e+01 4.606e-02 -8.681e-03
5.640e+01 4.404e-02 -5.060e-03
5.650e+01 4.584e-02 -2.834e-03
5.660e+01 3.795e-02 -2.713e-03
5.670e+01 4.075e-02 -1.770e-03
5.680e+01 4.168e-02 -5.489e-03
5.690e+01 4.321e-02 -3.643e-04
5.700e+01 4.054e-02 3.298e-04
5.710e+01 4.175e-02 -1.457e-03
5.720e+01 3.611e-02 1.987e-04
5.730e+01 3.929e-02 -2.963e-03
5.740e+01 4.136e-02 -3.672e-03
5.750e+01 3.688e-02 -4.201e-03
5.760e+01 3.660e-02 -2.945e-03
5.770e+01 3.877e-02 -2.002e-03
5.780e+01 4.116e-02 2.858e-03
5.790e+01 4.047e-02 -2.416e-04
5.800e+01 4.348e-02 -2.023e-04
5.810e+01 3.935e-02 2.700e-03
5.820e+01 4.179e-02 6.821e-03
5.830e+01 4.387e-02 2.064e-04
5.840e+01 4.483e-02 4.926e-03
5.850e+01 4.231e-02 3.060e-03
5.860e+01 3.944e-02 9.066e-03
5.870e+01 3.860e-02 2.277e-03
5.880e+01 3.969e-02 1.978e-03
5.890e+01 4.567e-02 5.727e-03
5.900e+01 4.493e-02 6.987e-03
5.910e+01 4.259e-02 3.402e-03
5.920e+01 3.586e-02 1.001e-02
5.930e+01 3.540e-02 4.474e-03
5.940e+01 3.495e-02 5.874e-03
5.950e+01 3.991e-02 5.126e-03
5.960e+01 4.025e-02 1.825e-03
5.970e+01 3.999e-02 3.262e-03
5.980e+01 4.003e-02 8.909e-03
5.990e+01 3.684e-02 8.735e-03
6.000e+01 4.281e-02 1.229e-02
6.010e+01 3.972e-02 8.877e-03
6.020e+01 4.469e-02 2.209e-03
6.030e+01 4.066e-02 6.908e-04
6.040e+01 3.677e-02 -3.291e-03
6.050e+01 3.960e-02 -5.810e-03
6.060e+01 4.176e-02 -4.218e-03
6.070e+01 4.496e-02 -4.319e-03
6.080e+01 4.136e-02 -3.231e-03
6.090e+01 4.382e-02 -3.987e-03
6.100e+01 4.126e-02 2.786e-03
6.110e+01 4.162e-02 5.247e-04
6.120e+01 3.632e-02 8.086e-05
6.130e+01 3.112e-02 -1.501e-03
6.140e+01 1.529e-02 1.651e-03
6.150e+01 3.499e-02 2.831e-03
6.160e+01 3.970e-02 1.074e-04
6.170e+01 3.894e-02 -8.038e-04
6.180e+01 4.074e-02 -2.418e-03
6.190e+01 4.391e-02 -6.988e-03
6.200e+01 4.101e-02 -4.047e-03
6.210e+01 3.989e-02 -3.651e-03
6.220e+01 3.733e-02 -2.769e-03
6.230e+01 3.919e-02 -5.881e-03
6.240e+01 4.263e-02 -8.259e-03
6.250e+01 4.130e-02 -5.913e-03
6.260e+01 4.428e-02 -1.048e-02
6.270e+01 4.194e-02 -1.329e-02
6.280e+01 3.657e-02 -8.159e-03
6.290e+01 3.453e-02 -8.277e-03
6.300e+01 3.481e-02 -9.779e-03
6.310e+01 3.789e-02 -6.403e-03
6.320e+01 4.016e-02 -5.659e-03
6.330e+01 3.495e-02 -6.436e-03
6.340e+01 3.853e-02 -1.035e-02
6.350e+01 3.785e-02 -5.746e-03
6.360e+01 3.777e-02 -5.943e-03
6.370e+01 3.721e-02 -9.687e-03
6.380e+01 3.824e-02 -1.019e-02
6.390e+01 4.031e-02 -1.295e-02
6.400e+01 3.835e-02 -1.305e-02
6.410e+01 3.628e-02 -1.270e-02
6.420e+01 3.555e-02 -1.384e-02
6.430e+01 3.349e-02 -1.747e-02
6.440e+01 3.522e-02 -1.353e-02
6.450e+01 3.625e-02 -1.388e-02
6.460e+01 3.800e-02 -1.330e-02
6.470e+01 3.637e-02 -1.399e-02
6.480e+01 3.673e-02 -1.596e-02
6.490e+01 3.807e-02 -1.816e-02
6.500e+01 3.475e-02 -1.519e-02
6.510e+01 3.728e-02 -1.293e-02
6.520e+01 4.001e-02 -1.494e-02
6.530e+01 4.099e-02 -1.791e-02
6.540e+01 3.898e-02 -2.070e-02
6.550e+01 3.537e-02 -1.525e-02
6.560e+01 3.558e-02 -1.349e-02
6.570e+01 3.856e-02 -1.229e-02
6.580e+01 3.724e-02 -1.388e-02
6.590e+01 3.431e-02 -1.254e-02
6.600e+01 3.307e-02 -9.099e-03
6.610e+01 3.257e-02 -8.774e-03
6.620e+01 3.466e-02 -6.670e-03
6.630e+01 3.265e-02 -9.543e-03
6.640e+01 2.961e-02 -8.210e-03
6.650e+01 2.925e-02 -4.713e-03
6.660e+01 2.786e-02 -3.435e-03
6.670e+01 2.764e-02 -2.606e-03
6.680e+01 3.182e-02 -2.315e-03
6.690e+01 3.393e-02 -1.793e-04
6.700e+01 3.234e-02 -1.800e-03
6.710e+01 3.401e-02 -4.488e-03
6.720e+01 3.293e-02 -8.395e-03
6.730e+01 3.328e-02 -3.981e-03
6.740e+01 3.005e-02 -3.185e-03
6.750e+01 2.863e-02 1.072e-03
6.760e+01 2.824e-02 -3.704e-04
6.770e+01 2.795e-02 -2.962e-03
6.780e+01 2.826e-02 4.256e-04
6.790e+01 2.771e-02 6.835e-04
6.800e+01 2.805e-02 2.267e-04
6.810e+01 2.923e-02 1.751e-03
6.820e+01 3.072e-02 -4.030e-03
6.830e+01 3.185e-02 -3.220e-03
6.840e+01 3.209e-02 9.851e-04
6.850e+01 3.052e-02 8.409e-04
6.860e+01 3.000e-02 1.948e-03
6.870e+01 2.769e-02 1.270e-03
6.880e+01 2.662e-02 1.802e-03
6.890e+01 2.687e-02 1.987e-03
6.900e+01 2.660e-02 2.979e-03
6.910e+01 2.758e-02 -1.649e-03
6.920e+01 2.690e-02 -3.805e-03
6.930e+01 2.512e-02 -1.315e-03
6.940e+01 2.660e-02 -4.479e-03
6.950e+01 2.597e-02 -5.703e-04
6.960e+01 2.781e-02 -3.087e-03
6.970e+01 2.925e-02 -1.913e-03
6.980e+01 3.124e-02 -1.482e-03
6.990e+01 2.822e-02 -5.152e-04
7.000e+01 2.943e-02 -3.101e-03
7.010e+01 2.809e-02 -1.480e-03
7.020e+01 2.898e-02 -5.998e-04
7.030e+01 2.897e-02 -5.365e-04
7.040e+01 3.011e-02 -1.778e-03
7.050e+01 2.739e-02 -2.087e-03
7.060e+01 2.620e-02 -1.237e-03
7.070e+01 2.694e-02 7.475e-04
7.080e+01 2.558e-02 4.166e-03
7.090e+01 2.472e-02 1.897e-03
7.100e+01 2.456e-02 1.333e-03
7.110e+01 2.411e-02 1.216e-03
7.120e+01 2.798e-02 2.255e-03
7.130e+01 2.530e-02 5.254e-03
7.140e+01 2.773e-02 8.347e-03
7.150e+01 2.847e-02 8.160e-03
7.160e+01 2.375e-02 8.471e-03
7.170e+01 2.241e-02 8.513e-03
7.180e+01 1.655e-02 7.163e-03
7.190e+01 1.380e-02 2.748e-03
7.200e+01 1.530e-02 2.858e-04
7.210e+01 1.868e-02 1.998e-03
7.220e+01 2.088e-02 2.827e-03
7.230e+01 1.777e-02 3.846e-03
7.240e+01 1.925e-02 7.822e-03
7.250e+01 2.693e-02 1.005e-02
7.260e+01 2.637e-02 1.190e-02
7.270e+01 2.567e-02 8.417e-03
7.280e+01 2.212e-02 7.726e-03
7.290e+01 1.893e-02 4.922e-03
7.300e+01 1.790e-02 5.149e-03
7.310e+01 1.431e-02 2.184e-03
7.320e+01 1.410e-02 2.376e-03
7.330e+01 1.755e-02 4.934e-03
7.340e+01 2.090e-02 3.966e-03
7.350e+01 1.828e-02 4.196e-03
7.360e+01 1.902e-02 3.200e-03
7.370e+01 2.076e-02 2.626e-03
7.380e+01 1.853e-02 6.617e-03
7.390e+01 2.370e-02 5.738e-03
7.400e+01 1.915e-02 -7.062e-04
7.410e+01 2.021e-02 -2.288e-03
7.420e+01 1.646e-02 1.916e-03
7.430e+01 1.866e-02 1.865e-03
7.440e+01 2.371e-02 5.399e-03
7.450e+01 2.358e-02 5.808e-03
7.460e+01 2.350e-02 5.072e-03
7.470e+01 2.082e-02 7.137e-03
7.480e+01 2.491e-02 6.400e-03
7.490e+01 2.955e-02 7.019e-03
7.500e+01 2.916e-02 4.764e-03
7.510e+01 2.945e-02 3.800e-03
7.520e+01 2.561e-02 1.878e-03
7.530e+01 2.482e-02 2.196e-03
7.540e+01 2.603e-02 1.769e-03
7.550e+01 2.954e-02 3.101e-03
7.560e+01 2.762e-02 4.023e-03
7.570e+01 2.839e-02 2.777e-03
7.580e+01 2.849e-02 1.202e-03
7.590e+01 2.917e-02 8.247e-04
7.600e+01 3.267e-02 -5.726e-04
7.610e+01 3.133e-02 -5.801e-03
7.620e+01 3.167e-02 -1.841e-03
7.630e+01 3.440e-02 5.560e-04
7.640e+01 3.766e-02 -1.922e-03
7.650e+01 3.039e-02 3.427e-03
7.660e+01 2.932e-02 -1.001e-03
7.670e+01 3.130e-02 -4.069e-03
7.680e+01 3.002e-02 -1.245e-03
7.690e+01 2.972e-02 -8.409e-04
7.700e+01 2.710e-02 -7.414e-04
7.710e+01 2.850e-02 -1.639e-03
7.720e+01 2.979e-02 -4.739e-03
7.730e+01 2.814e-02 -4.287e-03
7.740e+01 2.779e-02 -6.074e-03
7.750e+01 3.011e-02 -1.802e-03
7.760e+01 3.383e-02 -1.060e-02
7.770e+01 3.370e-02 -1.157e-02
7.780e+01 3.618e-02 -9.963e-03
7.790e+01 3.410e-02 -9.752e-03
7.800e+01 3.809e-02 -7.861e-03
7.810e+01 3.284e-02 -8.775e-03
7.820e+01 3.357e-02 -1.517e-02
7.830e+01 3.080e-02 -1.438e-02
7.840e+01 2.877e-02 -1.931e-02
7.850e+01 2.913e-02 -1.590e-02
7.860e+01 2.427e-02 -1.946e-02
7.870e+01 1.822e-02 -1.736e-02
7.880e+01 2.039e-02 -2.008e-02
7.890e+01 2.218e-02 -2.357e-02
7.900e+01 2.054e-02 -1.876e-02
7.910e+01 2.570e-02 -1.430e-02
7.920e+01 2.537e-02 -1.449e-02
7.930e+01 2.368e-02 -1.358e-02
7.940e+01 2.339e-02 -1.706e-02
7.950e+01 3.041e-02 -1.614e-02
7.960e+01 2.755e-02 -1.162e-02
7.970e+01 2.747e-02 -1.033e-02
7.980e+01 2.787e-02 -1.393e-02
7.990e+01 2.432e-02 -1.767e-02
8.000e+01 2.777e-02 -1.765e-02
8.010e+01 3.145e-02 -1.354e-02
8.020e+01 3.143e-02 -9.042e-03
8.030e+01 3.129e-02 -1.116e-02
8.040e+01 3.036e-02 -1.091e-02
8.050e+01 3.171e-02 -1.134e-02
8.060e+01 3.259e-02 -1.355e-02
8.070e+01 2.789e-02 -1.273e-02
8.080e+01 3.163e-02 -1.699e-02
8.090e+01 2.887e-02 -1.019e-02
8.100e+01 2.848e-02 -9.444e-03
8.110e+01 2.884e-02 -1.438e-02
8.120e+01 2.261e-02 -1.486e-02
8.130e+01 2.446e-02 -1.176e-02
8.140e+01 2.408e-02 -1.229e-02
8.150e+01 3.103e-02 -6.217e-03
8.160e+01 3.131e-02 -5.509e-03
8.170e+01 2.942e-02 -6.436e-03
8.180e+01 2.950e-02 -1.016e-02
8.190e+01 2.608e-02 -8.681e-03
8.200e+01 3.102e-02 -1.078e-02
8.210e+01 2.391e-02 -9.256e-03
8.220e+01 2.301e-02 -7.119e-03
8.230e+01 2.475e-02 -6.922e-03
8.240e+01 2.767e-02 -7.579e-03
8.250e+01 2.893e-02 -9.897e-03
8.260e+01 2.811e-02 -7.388e-03
8.270e+01 3.075e-02 -6.517e-03
8.280e+01 3.291e-02 -7.580e-03
8.290e+01 3.580e-02 -4.517e-03
8.300e+01 3.684e-02 -5.649e-03
8.310e+01 3.660e-02 -8.739e-03
8.320e+01 3.249e-02 -9.036e-03
8.330e+01 3.431e-02 -9.504e-03
8.340e+01 3.087e-02 -9.672e-03
8.350e+01 3.197e-02 -9.752e-03
8.360e+01 3.228e-02 -7.839e-03
8.370e+01 3.294e-02 -5.587e-03
8.380e+01 3.159e-02 -7.809e-03
8.390e+01 3.093e-02 -9.390e-03
8.400e+01 2.900e-02 -3.409e-03
8.410e+01 2.732e-02 -1.078e-04
8.420e+01 3.266e-02 4.081e-04
8.430e+01 3.259e-02 1.444e-03
8.440e+01 3.236e-02 6.398e-04
8.450e+01 3.061e-02 -1.731e-03
8.460e+01 2.432e-02 -1.845e-03
8.470e+01 2.860e-02 -3.771e-03
8.480e+01 3.141e-02 9.971e-04
8.490e+01 2.971e-02 -4.786e-05
8.500e+01 2.880e-02 -7.196e-04
8.510e+01 2.999e-02 -1.873e-03
8.520e+01 3.044e-02 -1.365e-03
8.530e+01 2.684e-02 -2.209e-03
8.540e+01 2.525e-02 -5.047e-03
8.550e+01 2.407e-02 -5.313e-03
8.560e+01 2.461e-02 -2.095e-03
8.570e+01 2.570e-02 -2.537e-03
8.580e+01 2.623e-02 -3.604e-03
8.590e+01 2.604e-02 -4.275e-03
8.600e+01 2.771e-02 -4.427e-03
8.610e+01 2.577e-02 -1.894e-03
8.620e+01 2.237e-02 -1.967e-04
8.630e+01 2.179e-02 -9.059e-04
8.640e+01 2.566e-02 -4.595e-03
8.650e+01 2.457e-02 -2.238e-03
8.660e+01 2.369e-02 -2.844e-03
8.670e+01 2.375e-02 -3.060e-03
8.680e+01 2.604e-02 -4.519e-03
8.690e+01 2.804e-02 -2.919e-03
8.700e+01 2.642e-02 -5.274e-04
8.710e+01 2.689e-02 -1.265e-03
8.720e+01 2.528e-02 -1.616e-03
8.730e+01 2.496e-02 -1.212e-03
8.740e+01 2.522e-02 1.543e-03
8.750e+01 2.257e-02 -1.883e-03
8.760e+01 2.286e-02 -5.050e-03
8.770e+01 2.333e-02 -2.790e-03
8.780e+01 2.227e-02 -3.258e-03
8.790e+01 1.999e-02 -3.404e-03
8.800e+01 2.000e-02 -1.927e-03
8.810e+01 1.745e-02 1.357e-04
8.820e+01 1.941e-02 1.041e-03
8.830e+01 1.706e-02 7.948e-04
8.840e+01 2.118e-02 1.293e-03
8.850e+01 2.150e-02 -4.427e-04
8.860e+01 1.793e-02 9.194e-04
8.870e+01 2.106e-02 3.803e-03
8.880e+01 2.207e-02 5.558e-03
8.890e+01 2.172e-02 4.754e-03
8.900e+01 1.917e-02 2.895e-03
8.910e+01 2.084e-02 1.267e-03
8.920e+01 2.097e-02 1.144e-03
8.930e+01 2.228e-02 2.096e-03
8.940e+01 2.043e-02 1.712e-04
8.950e+01 1.969e-02 -1.266e-03
8.960e+01 1.906e-02 -1.687e-03
8.970e+01 2.012e-02 -8.635e-04
8.980e+01 1.693e-02 -1.096e-03
8.990e+01 2.094e-02 1.352e-03
9.000e+01 1.808e-02 1.867e-03
9.010e+01 1.793e-02 4.990e-03
9.020e+01 1.886e-02 3.724e-03
9.030e+01 1.636e-02 2.302e-03
9.040e+01 1.864e-02 1.812e-03
9.050e+01 2.022e-02 1.629e-03
9.060e+01 2.338e-02 4.773e-03
9.070e+01 2.513e-02 6.691e-03
9.080e+01 2.362e-02 7.016e-03
9.090e+01 2.424e-02 5.428e-03
9.100e+01 2.305e-02 6.650e-03
9.110e+01 2.311e-02 6.614e-03
9.120e+01 2.071e-02 6.489e-03
9.130e+01 2.229e-02 6.550e-03
9.140e+01 2.177e-02 5.405e-03
9.150e+01 2.315e-02 6.169e-03
9.160e+01 2.223e-02 6.380e-03
9.170e+01 2.224e-02 3.956e-03
9.180e+01 2.300e-02 4.987e-03
9.190e+01 2.161e-02 5.434e-03
9.200e+01 2.054e-02 3.609e-03
9.210e+01 2.058e-02 5.243e-03
9.220e+01 1.868e-02 6.429e-03
9.230e+01 1.839e-02 5.352e-03
9.240e+01 1.136e-02 5.312e-03
9.250e+01 1.248e-02 6.332e-03
9.260e+01 1.399e-02 5.617e-03
9.270e+01 1.809e-02 6.714e-03
9.280e+01 1.704e-02 6.926e-03
9.290e+01 1.834e-02 7.243e-03
9.300e+01 2.102e-02 8.508e-03
9.310e+01 2.068e-02 8.520e-03
9.320e+01 1.696e-02 7.713e-03
9.330e+01 2.101e-02 8.789e-03
9.340e+01 2.059e-02 6.967e-03
9.350e+01 1.817e-02 4.548e-03
9.360e+01 1.758e-02 3.396e-03
9.370e+01 1.991e-02 3.346e-03
9.380e+01 1.993e-02 2.113e-03
9.390e+01 2.280e-02 -1.549e-04
9.400e+01 2.042e-02 -1.077e-03
9.410e+01 1.946e-02 -5.298e-04
9.420e+01 1.856e-02 -4.557e-04
9.430e+01 1.958e-02 1.390e-03
9.440e+01 1.919e-02 8.956e-04
9.450e+01 1.734e-02 3.526e-03
9.460e+01 1.861e-02 -1.058e-04
9.470e+01 1.776e-02 5.731e-04
9.480e+01 1.856e-02 2.126e-03
9.490e+01 1.732e-02 4.632e-03
9.500e+01 1.905e-02 5.208e-03
9.510e+01 1.762e-02 6.162e-03
9.520e+01 1.626e-02 1.785e-03
9.530e+01 1.657e-02 1.312e-03
9.540e+01 1.699e-02 2.197e-03
9.550e+01 1.723e-02 1.199e-03
9.560e+01 1.835e-02 6.090e-04
9.570e+01 1.838e-02 1.080e-03
9.580e+01 1.758e-02 2.760e-04
9.590e+01 1.563e-02 -2.197e-03
9.600e+01 1.767e-02 -1.376e-03
9.610e+01 1.775e-02 3.374e-04
9.620e+01 1.691e-02 1.447e-03
9.630e+01 1.868e-02 3.189e-03
9.640e+01 2.050e-02 2.050e-03
9.650e+01 2.012e-02 8.571e-05
9.660e+01 1.704e-02 3.926e-03
9.670e+01 1.717e-02 1.216e-03
9.680e+01 1.909e-02 1.332e-03
9.690e+01 2.208e-02 3.047e-03
9.700e+01 1.770e-02 3.177e-03
9.710e+01 1.416e-02 1.840e-03
9.720e+01 1.771e-02 -4.322e-04
9.730e+01 1.449e-02 1.952e-03
9.740e+01 1.450e-02 3.023e-03
9.750e+01 1.129e-02 1.359e-03
9.760e+01 1.350e-02 9.993e-05
9.770e+01 1.346e-02 6.316e-04
9.780e+01 1.266e-02 4.646e-03
9.790e+01 1.310e-02 1.486e-04
9.800e+01 1.127e-02 2.189e-04
9.810e+01 1.428e-02 -4.350e-04
9.820e+01 1.471e-02 9.957e-04
9.830e+01 1.608e-02 6.536e-05
9.840e+01 1.560e-02 -1.774e-03
9.850e+01 1.429e-02 -3.250e-03
9.860e+01 1.509e-02 -4.027e-03
9.870e+01 1.488e-02 -2.698e-03
9.880e+01 1.456e-02 -2.702e-03
9.890e+01 1.471e-02 -1.921e-03
9.900e+01 1.348e-02 -2.382e-03
9.910e+01 1.477e-02 -3.635e-03
9.920e+01 1.450e-02 -2.138e-03
9.930e+01 1.655e-02 -1.940e-03
9.940e+01 1.406e-02 -4.079e-03
9.950e+01 1.593e-02 -2.932e-03
9.960e+01 1.750e-02 -2.478e-03
9.970e+01 1.852e-02 -8.274e-04
9.980e+01 1.688e-02 -7.055e-04
9.990e+01 1.498e-02 -9.739e-04
