# Frequency (1.0/ps)      real(fft(F_2))
0.000e+00 1.156e+02
1.000e-02 4.062e+01
2.000e-02 2.052e+01
3.000e-02 1.289e+01
4.000e-02 8.833e+00
5.000e-02 8.709e+00
6.000e-02 8.207e+00
7.000e-02 8.143e+00
8.000e-02 4.180e+00
9.000e-02 2.832e+00
1.000e-01 3.090e+00
1.100e-01 4.899e+00
1.200e-01 3.786e+00
1.300e-01 2.418e+00
1.400e-01 2.158e+00
1.500e-01 3.256e+00
1.600e-01 3.202e+00
1.700e-01 2.518e+00
1.800e-01 1.949e+00
1.900e-01 2.126e+00
2.000e-01 1.776e+00
2.100e-01 1.431e+00
2.200e-01 2.163e+00
2.300e-01 1.369e+00
2.400e-01 2.306e+00
2.500e-01 2.060e+00
2.600e-01 8.989e-01
2.700e-01 5.376e-01
2.800e-01 2.266e-01
2.900e-01 6.968e-01
3.000e-01 1.083e+00
3.100e-01 9.084e-01
3.200e-01 5.975e-01
3.300e-01 1.649e+00
3.400e-01 5.588e-01
3.500e-01 5.994e-01
3.600e-01 1.073e+00
3.700e-01 6.400e-01
3.800e-01 1.509e+00
3.900e-01 6.447e-01
4.000e-01 -5.776e-01
4.100e-01 -5.019e-01
4.200e-01 4.737e-01
4.300e-01 3.960e-01
4.400e-01 1.888e-01
4.500e-01 -3.307e-02
4.600e-01 2.609e-01
4.700e-01 5.788e-02
4.800e-01 3.784e-01
4.900e-01 -3.265e-01
5.000e-01 -2.227e-01
5.100e-01 1.700e-01
5.200e-01 -3.717e-02
5.300e-01 4.811e-01
5.400e-01 1.386e+00
5.500e-01 5.850e-01
5.600e-01 6.778e-01
5.700e-01 7.257e-01
5.800e-01 5.899e-01
5.900e-01 1.719e-01
6.000e-01 2.430e-01
6.100e-01 7.365e-01
6.200e-01 4.973e-01
6.300e-01 1.737e-01
6.400e-01 -1.179e-01
6.500e-01 2.639e-01
6.600e-01 1.243e+00
6.700e-01 1.503e+00
6.800e-01 1.140e+00
6.900e-01 1.259e+00
7.000e-01 6.197e-01
7.100e-01 2.625e-01
7.200e-01 1.289e+00
7.300e-01 9.469e-01
7.400e-01 9.586e-01
7.500e-01 1.498e+00
7.600e-01 1.142e+00
7.700e-01 6.703e-01
7.800e-01 2.274e-01
7.900e-01 7.189e-01
8.000e-01 6.092e-01
8.100e-01 2.960e-01
8.200e-01 2.946e-01
8.300e-01 7.355e-01
8.400e-01 7.967e-01
8.500e-01 1.063e+00
8.600e-01 1.745e+00
8.700e-01 1.686e+00
8.800e-01 9.784e-01
8.900e-01 1.030e+00
9.000e-01 6.222e-01
9.100e-01 4.106e-01
9.200e-01 1.027e+00
9.300e-01 1.109e+00
9.400e-01 8.894e-01
9.500e-01 8.095e-01
9.600e-01 1.668e-01
9.700e-01 1.720e-01
9.800e-01 1.421e+00
9.900e-01 5.617e-01
1.000e+00 3.301e-01
1.010e+00 8.770e-01
1.020e+00 1.074e+00
1.030e+00 9.285e-01
1.040e+00 1.505e+00
1.050e+00 1.350e+00
1.060e+00 7.556e-01
1.070e+00 7.996e-01
1.080e+00 6.148e-01
1.090e+00 3.040e-01
1.100e+00 8.758e-01
1.110e+00 2.763e-01
1.120e+00 3.653e-01
1.130e+00 4.636e-01
1.140e+00 5.300e-01
1.150e+00 1.266e+00
1.160e+00 8.083e-01
1.170e+00 5.556e-01
1.180e+00 4.796e-01
1.190e+00 3.981e-01
1.200e+00 5.285e-01
1.210e+00 4.172e-01
1.220e+00 3.617e-01
1.230e+00 1.037e-01
1.240e+00 1.660e-01
1.250e+00 -2.325e-02
1.260e+00 4.776e-01
1.270e+00 5.128e-01
1.280e+00 2.287e-01
1.290e+00 9.650e-01
1.300e+00 1.362e+00
1.310e+00 8.821e-01
1.320e+00 1.268e+00
1.330e+00 6.605e-01
1.340e+00 5.559e-01
1.350e+00 3.196e-01
1.360e+00 2.119e-01
1.370e+00 6.243e-01
1.380e+00 7.134e-01
1.390e+00 9.637e-01
1.400e+00 1.421e+00
1.410e+00 8.135e-01
1.420e+00 4.370e-01
1.430e+00 4.703e-01
1.440e+00 5.533e-01
1.450e+00 5.629e-01
1.460e+00 3.355e-01
1.470e+00 9.340e-01
1.480e+00 9.414e-01
1.490e+00 1.050e+00
1.500e+00 1.146e+00
1.510e+00 7.450e-01
1.520e+00 1.007e+00
1.530e+00 8.383e-01
1.540e+00 4.999e-01
1.550e+00 5.172e-01
1.560e+00 6.901e-01
1.570e+00 -1.964e-01
1.580e+00 5.868e-01
1.590e+00 4.844e-01
1.600e+00 7.300e-01
1.610e+00 6.874e-01
1.620e+00 1.206e-01
1.630e+00 2.712e-01
1.640e+00 7.387e-01
1.650e+00 5.559e-01
1.660e+00 5.919e-01
1.670e+00 9.561e-01
1.680e+00 7.193e-01
1.690e+00 5.962e-01
1.700e+00 9.662e-01
1.710e+00 8.626e-01
1.720e+00 2.775e-01
1.730e+00 4.392e-01
1.740e+00 2.115e-01
1.750e+00 2.326e-01
1.760e+00 7.317e-01
1.770e+00 1.008e+00
1.780e+00 5.687e-01
1.790e+00 7.138e-01
1.800e+00 4.365e-01
1.810e+00 5.642e-01
1.820e+00 4.489e-01
1.830e+00 5.617e-01
1.840e+00 3.564e-01
1.850e+00 5.403e-01
1.860e+00 3.798e-01
1.870e+00 3.260e-01
1.880e+00 4.059e-01
1.890e+00 1.549e-01
1.900e+00 4.078e-02
1.910e+00 2.628e-01
1.920e+00 4.747e-01
1.930e+00 8.485e-01
1.940e+00 6.553e-01
1.950e+00 7.726e-01
1.960e+00 3.249e-01
1.970e+00 8.496e-02
1.980e+00 2.572e-02
1.990e+00 5.374e-01
2.000e+00 4.161e-01
2.010e+00 5.604e-01
2.020e+00 5.825e-01
2.030e+00 5.821e-01
2.040e+00 5.404e-01
2.050e+00 7.448e-01
2.060e+00 5.508e-01
2.070e+00 2.095e-01
2.080e+00 4.555e-01
2.090e+00 7.969e-02
2.100e+00 3.320e-01
2.110e+00 9.515e-01
2.120e+00 1.028e+00
2.130e+00 5.703e-01
2.140e+00 8.057e-01
2.150e+00 7.064e-01
2.160e+00 7.023e-01
2.170e+00 5.217e-01
2.180e+00 5.088e-01
2.190e+00 5.089e-01
2.200e+00 4.085e-01
2.210e+00 4.432e-01
2.220e+00 2.129e-01
2.230e+00 5.945e-01
2.240e+00 1.126e+00
2.250e+00 1.060e+00
2.260e+00 7.330e-01
2.270e+00 5.068e-01
2.280e+00 3.265e-01
2.290e+00 6.845e-01
2.300e+00 5.790e-01
2.310e+00 3.752e-01
2.320e+00 3.969e-01
2.330e+00 4.147e-01
2.340e+00 1.169e-01
2.350e+00 3.302e-01
2.360e+00 2.304e-01
2.370e+00 1.616e-01
2.380e+00 2.748e-01
2.390e+00 2.905e-01
2.400e+00 2.154e-01
2.410e+00 4.889e-01
2.420e+00 4.480e-01
2.430e+00 5.464e-01
2.440e+00 7.852e-01
2.450e+00 4.928e-01
2.460e+00 7.126e-01
2.470e+00 7.643e-01
2.480e+00 3.116e-01
2.490e+00 5.255e-01
2.500e+00 8.225e-01
2.510e+00 5.736e-01
2.520e+00 5.432e-01
2.530e+00 5.274e-01
2.540e+00 5.399e-01
2.550e+00 7.622e-01
2.560e+00 8.137e-01
2.570e+00 7.058e-01
2.580e+00 5.640e-01
2.590e+00 4.156e-01
2.600e+00 4.294e-01
2.610e+00 1.071e-01
2.620e+00 1.640e-01
2.630e+00 5.125e-01
2.640e+00 5.272e-01
2.650e+00 3.009e-01
2.660e+00 4.386e-01
2.670e+00 3.217e-01
2.680e+00 3.828e-01
2.690e+00 2.727e-01
2.700e+00 3.251e-01
2.710e+00 3.238e-01
2.720e+00 1.388e-01
2.730e+00 1.894e-01
2.740e+00 4.139e-01
2.750e+00 2.611e-01
2.760e+00 3.229e-01
2.770e+00 4.539e-01
2.780e+00 4.327e-01
2.790e+00 5.575e-01
2.800e+00 7.612e-01
2.810e+00 7.471e-01
2.820e+00 6.387e-01
2.830e+00 4.443e-01
2.840e+00 3.303e-01
2.850e+00 3.452e-01
2.860e+00 1.605e-01
2.870e+00 5.724e-01
2.880e+00 5.255e-01
2.890e+00 4.128e-01
2.900e+00 6.317e-01
2.910e+00 5.560e-01
2.920e+00 4.583e-01
2.930e+00 5.998e-01
2.940e+00 5.538e-01
2.950e+00 3.469e-01
2.960e+00 6.339e-01
2.970e+00 4.658e-01
2.980e+00 7.000e-01
2.990e+00 5.403e-01
3.000e+00 3.910e-01
3.010e+00 5.668e-01
3.020e+00 5.038e-01
3.030e+00 5.884e-01
3.040e+00 5.808e-01
3.050e+00 7.003e-01
3.060e+00 7.649e-01
3.070e+00 7.475e-01
3.080e+00 4.773e-01
3.090e+00 4.250e-01
3.100e+00 4.586e-01
3.110e+00 6.045e-01
3.120e+00 6.617e-01
3.130e+00 5.369e-01
3.140e+00 5.540e-01
3.150e+00 4.600e-01
3.160e+00 3.842e-01
3.170e+00 6.175e-01
3.180e+00 5.488e-01
3.190e+00 6.384e-01
3.200e+00 6.426e-01
3.210e+00 5.873e-01
3.220e+00 6.439e-01
3.230e+00 6.787e-01
3.240e+00 9.261e-01
3.250e+00 1.065e+00
3.260e+00 8.288e-01
3.270e+00 6.661e-01
3.280e+00 5.434e-01
3.290e+00 3.414e-01
3.300e+00 4.220e-01
3.310e+00 6.106e-01
3.320e+00 7.465e-01
3.330e+00 4.352e-01
3.340e+00 4.141e-01
3.350e+00 3.610e-01
3.360e+00 4.022e-01
3.370e+00 3.165e-01
3.380e+00 3.920e-01
3.390e+00 6.056e-01
3.400e+00 8.981e-01
3.410e+00 6.791e-01
3.420e+00 7.213e-01
3.430e+00 9.917e-01
3.440e+00 8.736e-01
3.450e+00 6.581e-01
3.460e+00 5.433e-01
3.470e+00 2.578e-01
3.480e+00 2.917e-01
3.490e+00 1.821e-01
3.500e+00 2.084e-01
3.510e+00 2.885e-01
3.520e+00 3.058e-01
3.530e+00 2.392e-01
3.540e+00 3.274e-01
3.550e+00 3.874e-01
3.560e+00 3.140e-01
3.570e+00 3.057e-01
3.580e+00 3.364e-01
3.590e+00 3.791e-01
3.600e+00 4.651e-01
3.610e+00 3.701e-01
3.620e+00 6.687e-01
3.630e+00 8.051e-01
3.640e+00 7.698e-01
3.650e+00 5.424e-01
3.660e+00 4.022e-01
3.670e+00 4.392e-01
3.680e+00 2.409e-01
3.690e+00 2.425e-01
3.700e+00 3.389e-01
3.710e+00 5.080e-01
3.720e+00 7.451e-01
3.730e+00 7.363e-01
3.740e+00 7.844e-01
3.750e+00 8.682e-01
3.760e+00 7.449e-01
3.770e+00 5.251e-01
3.780e+00 6.616e-01
3.790e+00 5.451e-01
3.800e+00 4.012e-01
3.810e+00 6.723e-01
3.820e+00 7.300e-01
3.830e+00 7.366e-01
3.840e+00 4.940e-01
3.850e+00 5.281e-01
3.860e+00 6.579e-01
3.870e+00 6.648e-01
3.880e+00 5.407e-01
3.890e+00 7.377e-01
3.900e+00 8.974e-01
3.910e+00 6.739e-01
3.920e+00 5.646e-01
3.930e+00 7.048e-01
3.940e+00 8.180e-01
3.950e+00 7.202e-01
3.960e+00 5.404e-01
3.970e+00 4.936e-01
3.980e+00 4.771e-01
3.990e+00 3.797e-01
4.000e+00 4.486e-01
4.010e+00 4.738e-01
4.020e+00 4.806e-01
4.030e+00 2.490e-01
4.040e+00 1.525e-01
4.050e+00 5.311e-01
4.060e+00 5.302e-01
4.070e+00 7.020e-01
4.080e+00 7.360e-01
4.090e+00 4.356e-01
4.100e+00 4.707e-01
4.110e+00 4.893e-01
4.120e+00 7.669e-01
4.130e+00 8.656e-01
4.140e+00 6.713e-01
4.150e+00 7.427e-01
4.160e+00 7.214e-01
4.170e+00 5.180e-01
4.180e+00 5.588e-01
4.190e+00 7.715e-01
4.200e+00 6.601e-01
4.210e+00 1.111e+00
4.220e+00 1.024e+00
4.230e+00 7.941e-01
4.240e+00 6.307e-01
4.250e+00 7.138e-01
4.260e+00 7.812e-01
4.270e+00 4.453e-01
4.280e+00 6.030e-01
4.290e+00 6.293e-01
4.300e+00 7.099e-01
4.310e+00 5.416e-01
4.320e+00 6.490e-01
4.330e+00 7.538e-01
4.340e+00 7.675e-01
4.350e+00 7.340e-01
4.360e+00 9.760e-01
4.370e+00 9.968e-01
4.380e+00 7.411e-01
4.390e+00 6.604e-01
4.400e+00 5.144e-01
4.410e+00 6.610e-01
4.420e+00 5.727e-01
4.430e+00 5.610e-01
4.440e+00 8.012e-01
4.450e+00 7.745e-01
4.460e+00 6.030e-01
4.470e+00 5.091e-01
4.480e+00 5.155e-01
4.490e+00 5.715e-01
4.500e+00 4.776e-01
4.510e+00 4.774e-01
4.520e+00 5.979e-01
4.530e+00 7.329e-01
4.540e+00 6.201e-01
4.550e+00 6.981e-01
4.560e+00 6.627e-01
4.570e+00 6.546e-01
4.580e+00 8.265e-01
4.590e+00 1.024e+00
4.600e+00 8.037e-01
4.610e+00 6.619e-01
4.620e+00 5.594e-01
4.630e+00 5.336e-01
4.640e+00 5.218e-01
4.650e+00 6.548e-01
4.660e+00 7.224e-01
4.670e+00 3.981e-01
4.680e+00 4.931e-01
4.690e+00 5.268e-01
4.700e+00 5.704e-01
4.710e+00 6.018e-01
4.720e+00 6.544e-01
4.730e+00 6.703e-01
4.740e+00 4.492e-01
4.750e+00 2.938e-01
4.760e+00 3.500e-01
4.770e+00 2.233e-01
4.780e+00 1.486e-01
4.790e+00 2.103e-01
4.800e+00 3.678e-01
4.810e+00 2.462e-01
4.820e+00 3.543e-01
4.830e+00 4.984e-01
4.840e+00 2.202e-01
4.850e+00 9.992e-02
4.860e+00 3.787e-01
4.870e+00 4.068e-01
4.880e+00 4.651e-01
4.890e+00 4.295e-01
4.900e+00 5.045e-01
4.910e+00 5.054e-01
4.920e+00 2.647e-01
4.930e+00 2.702e-01
4.940e+00 5.932e-01
4.950e+00 5.752e-01
4.960e+00 4.655e-01
4.970e+00 7.541e-01
4.980e+00 6.357e-01
4.990e+00 4.482e-01
-5.000e+00 5.835e-01
-4.990e+00 8.132e-01
-4.980e+00 5.875e-01
-4.970e+00 2.928e-01
-4.960e+00 3.804e-01
-4.950e+00 3.264e-01
-4.940e+00 4.709e-01
-4.930e+00 6.224e-01
-4.920e+00 6.718e-01
-4.910e+00 5.675e-01
-4.900e+00 7.596e-01
-4.890e+00 8.691e-01
-4.880e+00 5.856e-01
-4.870e+00 3.218e-01
-4.860e+00 5.151e-01
-4.850e+00 3.065e-01
-4.840e+00 2.518e-01
-4.830e+00 3.711e-01
-4.820e+00 4.333e-01
-4.810e+00 2.184e-01
-4.800e+00 3.723e-01
-4.790e+00 4.022e-01
-4.780e+00 4.783e-01
-4.770e+00 5.250e-01
-4.760e+00 3.997e-01
-4.750e+00 4.631e-01
-4.740e+00 5.481e-01
-4.730e+00 4.864e-01
-4.720e+00 7.217e-01
-4.710e+00 4.950e-01
-4.700e+00 1.943e-01
-4.690e+00 5.551e-01
-4.680e+00 5.528e-01
-4.670e+00 5.695e-01
-4.660e+00 6.027e-01
-4.650e+00 3.439e-01
-4.640e+00 3.859e-01
-4.630e+00 5.597e-01
-4.620e+00 4.381e-01
-4.610e+00 6.292e-01
-4.600e+00 6.085e-01
-4.590e+00 3.745e-01
-4.580e+00 3.930e-01
-4.570e+00 1.704e-01
-4.560e+00 3.008e-01
-4.550e+00 7.135e-01
-4.540e+00 6.188e-01
-4.530e+00 7.232e-01
-4.520e+00 6.212e-01
-4.510e+00 4.797e-01
-4.500e+00 9.537e-01
-4.490e+00 7.080e-01
-4.480e+00 5.698e-01
-4.470e+00 6.896e-01
-4.460e+00 7.150e-01
-4.450e+00 6.043e-01
-4.440e+00 6.048e-01
-4.430e+00 7.224e-01
-4.420e+00 7.651e-01
-4.410e+00 7.308e-01
-4.400e+00 7.177e-01
-4.390e+00 4.700e-01
-4.380e+00 4.262e-01
-4.370e+00 3.284e-01
-4.360e+00 4.405e-01
-4.350e+00 4.774e-01
-4.340e+00 3.857e-01
-4.330e+00 5.643e-01
-4.320e+00 6.475e-01
-4.310e+00 4.405e-01
-4.300e+00 6.595e-01
-4.290e+00 6.294e-01
-4.280e+00 4.593e-01
-4.270e+00 6.185e-01
-4.260e+00 3.319e-01
-4.250e+00 3.790e-01
-4.240e+00 6.066e-01
-4.230e+00 6.514e-01
-4.220e+00 3.764e-01
-4.210e+00 4.564e-01
-4.200e+00 5.995e-01
-4.190e+00 4.895e-01
-4.180e+00 5.866e-01
-4.170e+00 8.095e-01
-4.160e+00 8.134e-01
-4.150e+00 5.886e-01
-4.140e+00 6.927e-01
-4.130e+00 3.806e-01
-4.120e+00 5.311e-01
-4.110e+00 6.425e-01
-4.100e+00 6.713e-01
-4.090e+00 5.357e-01
-4.080e+00 5.162e-01
-4.070e+00 6.187e-01
-4.060e+00 8.207e-01
-4.050e+00 6.212e-01
-4.040e+00 4.742e-01
-4.030e+00 7.153e-01
-4.020e+00 5.165e-01
-4.010e+00 6.602e-01
-4.000e+00 8.378e-01
-3.990e+00 6.745e-01
-3.980e+00 8.939e-01
-3.970e+00 8.592e-01
-3.960e+00 7.231e-01
-3.950e+00 7.698e-01
-3.940e+00 8.061e-01
-3.930e+00 7.774e-01
-3.920e+00 6.374e-01
-3.910e+00 4.911e-01
-3.900e+00 3.543e-01
-3.890e+00 3.611e-01
-3.880e+00 4.927e-01
-3.870e+00 3.010e-01
-3.860e+00 4.125e-01
-3.850e+00 5.129e-01
-3.840e+00 3.903e-01
-3.830e+00 5.558e-01
-3.820e+00 7.397e-01
-3.810e+00 7.842e-01
-3.800e+00 1.037e+00
-3.790e+00 6.085e-01
-3.780e+00 5.166e-01
-3.770e+00 8.050e-01
-3.760e+00 5.522e-01
-3.750e+00 6.394e-01
-3.740e+00 4.523e-01
-3.730e+00 4.188e-01
-3.720e+00 4.213e-01
-3.710e+00 2.864e-01
-3.700e+00 4.049e-01
-3.690e+00 4.696e-01
-3.680e+00 4.173e-01
-3.670e+00 3.037e-01
-3.660e+00 7.040e-01
-3.650e+00 6.703e-01
-3.640e+00 5.264e-01
-3.630e+00 4.405e-01
-3.620e+00 6.387e-01
-3.610e+00 6.725e-01
-3.600e+00 4.426e-01
-3.590e+00 8.907e-01
-3.580e+00 6.901e-01
-3.570e+00 3.598e-01
-3.560e+00 7.231e-01
-3.550e+00 6.140e-01
-3.540e+00 4.945e-01
-3.530e+00 2.770e-01
-3.520e+00 3.242e-01
-3.510e+00 5.408e-01
-3.500e+00 4.501e-01
-3.490e+00 8.860e-01
-3.480e+00 5.749e-01
-3.470e+00 3.087e-01
-3.460e+00 6.215e-01
-3.450e+00 5.405e-01
-3.440e+00 2.001e-01
-3.430e+00 4.249e-01
-3.420e+00 3.539e-01
-3.410e+00 4.116e-01
-3.400e+00 4.915e-01
-3.390e+00 6.929e-01
-3.380e+00 6.423e-01
-3.370e+00 4.903e-01
-3.360e+00 6.630e-01
-3.350e+00 7.657e-01
-3.340e+00 8.627e-01
-3.330e+00 9.140e-01
-3.320e+00 6.431e-01
-3.310e+00 8.444e-01
-3.300e+00 8.354e-01
-3.290e+00 7.586e-01
-3.280e+00 6.482e-01
-3.270e+00 7.770e-01
-3.260e+00 7.452e-01
-3.250e+00 6.386e-01
-3.240e+00 6.015e-01
-3.230e+00 5.903e-01
-3.220e+00 7.435e-01
-3.210e+00 7.552e-01
-3.200e+00 3.680e-01
-3.190e+00 1.731e-01
-3.180e+00 5.223e-01
-3.170e+00 4.897e-01
-3.160e+00 2.660e-01
-3.150e+00 2.900e-01
-3.140e+00 3.883e-01
-3.130e+00 5.909e-01
-3.120e+00 7.549e-01
-3.110e+00 7.240e-01
-3.100e+00 4.400e-01
-3.090e+00 4.940e-01
-3.080e+00 7.184e-01
-3.070e+00 3.878e-01
-3.060e+00 4.470e-01
-3.050e+00 6.346e-01
-3.040e+00 5.721e-01
-3.030e+00 4.628e-01
-3.020e+00 5.960e-01
-3.010e+00 5.267e-01
-3.000e+00 2.728e-01
-2.990e+00 4.631e-01
-2.980e+00 4.199e-01
-2.970e+00 6.209e-01
-2.960e+00 6.117e-01
-2.950e+00 3.604e-01
-2.940e+00 4.531e-01
-2.930e+00 5.018e-01
-2.920e+00 3.903e-01
-2.910e+00 1.515e-01
-2.900e+00 2.260e-01
-2.890e+00 3.405e-01
-2.880e+00 4.316e-01
-2.870e+00 3.308e-01
-2.860e+00 4.666e-01
-2.850e+00 7.039e-01
-2.840e+00 5.528e-01
-2.830e+00 7.062e-01
-2.820e+00 7.777e-01
-2.810e+00 6.762e-01
-2.800e+00 4.871e-01
-2.790e+00 3.827e-01
-2.780e+00 6.032e-01
-2.770e+00 4.788e-01
-2.760e+00 4.485e-01
-2.750e+00 5.140e-01
-2.740e+00 3.353e-01
-2.730e+00 2.598e-01
-2.720e+00 2.359e-01
-2.710e+00 2.762e-01
-2.700e+00 9.008e-01
-2.690e+00 4.905e-01
-2.680e+00 3.492e-01
-2.670e+00 3.849e-01
-2.660e+00 4.124e-01
-2.650e+00 5.355e-01
-2.640e+00 3.997e-01
-2.630e+00 5.289e-01
-2.620e+00 5.155e-01
-2.610e+00 5.360e-01
-2.600e+00 3.862e-01
-2.590e+00 4.832e-01
-2.580e+00 6.722e-01
-2.570e+00 3.030e-01
-2.560e+00 2.147e-01
-2.550e+00 3.343e-01
-2.540e+00 5.556e-01
-2.530e+00 3.587e-01
-2.520e+00 7.159e-01
-2.510e+00 7.665e-01
-2.500e+00 5.741e-01
-2.490e+00 5.657e-01
-2.480e+00 6.137e-01
-2.470e+00 7.494e-01
-2.460e+00 7.628e-01
-2.450e+00 9.125e-01
-2.440e+00 7.077e-01
-2.430e+00 7.862e-01
-2.420e+00 7.040e-01
-2.410e+00 6.229e-01
-2.400e+00 5.911e-01
-2.390e+00 4.222e-01
-2.380e+00 3.943e-01
-2.370e+00 4.644e-01
-2.360e+00 5.667e-01
-2.350e+00 6.910e-01
-2.340e+00 7.540e-01
-2.330e+00 5.989e-01
-2.320e+00 6.831e-01
-2.310e+00 8.931e-01
-2.300e+00 6.004e-01
-2.290e+00 4.999e-01
-2.280e+00 7.808e-01
-2.270e+00 7.461e-01
-2.260e+00 6.613e-01
-2.250e+00 6.777e-01
-2.240e+00 5.923e-01
-2.230e+00 8.011e-01
-2.220e+00 7.122e-01
-2.210e+00 6.452e-01
-2.200e+00 6.577e-01
-2.190e+00 7.893e-01
-2.180e+00 5.036e-01
-2.170e+00 5.779e-01
-2.160e+00 1.030e+00
-2.150e+00 6.936e-01
-2.140e+00 6.616e-01
-2.130e+00 6.875e-01
-2.120e+00 8.107e-01
-2.110e+00 7.841e-01
-2.100e+00 7.824e-01
-2.090e+00 8.513e-01
-2.080e+00 1.171e+00
-2.070e+00 1.269e+00
-2.060e+00 7.782e-01
-2.050e+00 9.189e-01
-2.040e+00 1.091e+00
-2.030e+00 5.330e-01
-2.020e+00 6.080e-01
-2.010e+00 8.144e-01
-2.000e+00 5.161e-01
-1.990e+00 5.105e-01
-1.980e+00 3.716e-01
-1.970e+00 4.995e-01
-1.960e+00 6.449e-01
-1.950e+00 6.158e-01
-1.940e+00 6.318e-01
-1.930e+00 7.767e-01
-1.920e+00 5.559e-01
-1.910e+00 2.638e-01
-1.900e+00 4.553e-01
-1.890e+00 3.252e-01
-1.880e+00 7.931e-01
-1.870e+00 5.336e-01
-1.860e+00 1.661e-01
-1.850e+00 4.778e-01
-1.840e+00 4.235e-01
-1.830e+00 5.993e-01
-1.820e+00 9.414e-01
-1.810e+00 9.306e-01
-1.800e+00 7.207e-01
-1.790e+00 3.608e-01
-1.780e+00 6.271e-01
-1.770e+00 5.016e-01
-1.760e+00 6.360e-01
-1.750e+00 5.392e-01
-1.740e+00 2.543e-01
-1.730e+00 5.184e-01
-1.720e+00 7.572e-01
-1.710e+00 3.294e-01
-1.700e+00 1.952e-01
-1.690e+00 6.019e-01
-1.680e+00 4.201e-01
-1.670e+00 3.680e-01
-1.660e+00 8.251e-01
-1.650e+00 1.027e+00
-1.640e+00 1.068e+00
-1.630e+00 6.661e-01
-1.620e+00 4.779e-01
-1.610e+00 3.647e-01
-1.600e+00 3.917e-01
-1.590e+00 2.779e-01
-1.580e+00 6.833e-01
-1.570e+00 5.831e-01
-1.560e+00 2.203e-01
-1.550e+00 2.400e-01
-1.540e+00 4.544e-01
-1.530e+00 -1.368e-01
-1.520e+00 -2.776e-01
-1.510e+00 -1.175e-01
-1.500e+00 -1.568e-01
-1.490e+00 7.793e-01
-1.480e+00 4.308e-01
-1.470e+00 5.661e-01
-1.460e+00 7.725e-01
-1.450e+00 3.556e-01
-1.440e+00 6.095e-01
-1.430e+00 5.225e-01
-1.420e+00 5.979e-01
-1.410e+00 5.840e-01
-1.400e+00 4.239e-01
-1.390e+00 8.710e-01
-1.380e+00 7.977e-01
-1.370e+00 7.341e-01
-1.360e+00 1.388e+00
-1.350e+00 1.188e+00
-1.340e+00 1.023e+00
-1.330e+00 1.339e+00
-1.320e+00 1.118e+00
-1.310e+00 1.088e+00
-1.300e+00 8.420e-01
-1.290e+00 6.835e-01
-1.280e+00 9.045e-01
-1.270e+00 3.664e-01
-1.260e+00 3.878e-01
-1.250e+00 6.708e-01
-1.240e+00 -6.868e-02
-1.230e+00 2.631e-01
-1.220e+00 3.987e-01
-1.210e+00 9.627e-02
-1.200e+00 4.285e-01
-1.190e+00 4.969e-01
-1.180e+00 3.981e-01
-1.170e+00 7.516e-02
-1.160e+00 2.143e-01
-1.150e+00 3.592e-01
-1.140e+00 1.291e-01
-1.130e+00 5.948e-01
-1.120e+00 1.977e-01
-1.110e+00 -1.194e-02
-1.100e+00 3.132e-01
-1.090e+00 -9.066e-02
-1.080e+00 8.348e-03
-1.070e+00 4.473e-01
-1.060e+00 1.923e-01
-1.050e+00 6.499e-01
-1.040e+00 2.487e-01
-1.030e+00 9.956e-01
-1.020e+00 1.312e-01
-1.010e+00 -8.116e-02
-1.000e+00 7.080e-01
-9.900e-01 3.342e-01
-9.800e-01 7.834e-02
-9.700e-01 2.399e-01
-9.600e-01 3.258e-01
-9.500e-01 2.616e-01
-9.400e-01 4.851e-01
-9.300e-01 3.309e-02
-9.200e-01 1.544e-01
-9.100e-01 2.884e-01
-9.000e-01 4.878e-01
-8.900e-01 2.856e-01
-8.800e-01 9.596e-01
-8.700e-01 8.547e-01
-8.600e-01 7.664e-01
-8.500e-01 8.247e-01
-8.400e-01 1.009e+00
-8.300e-01 1.345e+00
-8.200e-01 1.258e+00
-8.100e-01 8.199e-01
-8.000e-01 1.026e+00
-7.900e-01 -7.263e-02
-7.800e-01 7.917e-01
-7.700e-01 1.171e+00
-7.600e-01 1.158e+00
-7.500e-01 6.823e-01
-7.400e-01 8.119e-01
-7.300e-01 8.630e-01
-7.200e-01 9.078e-01
-7.100e-01 5.462e-01
-7.000e-01 1.033e+00
-6.900e-01 8.499e-01
-6.800e-01 5.717e-01
-6.700e-01 7.381e-01
-6.600e-01 1.258e+00
-6.500e-01 4.421e-01
-6.400e-01 1.071e+00
-6.300e-01 4.472e-01
-6.200e-01 -3.709e-01
-6.100e-01 -1.336e-01
-6.000e-01 2.969e-01
-5.900e-01 8.112e-01
-5.800e-01 1.051e+00
-5.700e-01 6.329e-01
-5.600e-01 1.185e+00
-5.500e-01 1.011e+00
-5.400e-01 1.196e+00
-5.300e-01 1.943e+00
-5.200e-01 7.017e-01
-5.100e-01 1.433e+00
-5.000e-01 1.615e+00
-4.900e-01 1.539e+00
-4.800e-01 1.540e+00
-4.700e-01 1.179e+00
-4.600e-01 6.199e-01
-4.500e-01 4.975e-01
-4.400e-01 3.741e-01
-4.300e-01 -5.903e-02
-4.200e-01 2.878e-01
-4.100e-01 8.043e-01
-4.000e-01 7.686e-01
-3.900e-01 4.304e-01
-3.800e-01 3.834e-01
-3.700e-01 6.748e-01
-3.600e-01 1.194e+00
-3.500e-01 1.644e+00
-3.400e-01 1.386e+00
-3.300e-01 1.327e+00
-3.200e-01 1.441e+00
-3.100e-01 2.357e+00
-3.000e-01 1.469e+00
-2.900e-01 4.279e-01
-2.800e-01 1.297e+00
-2.700e-01 1.041e+00
-2.600e-01 1.326e+00
-2.500e-01 1.843e+00
-2.400e-01 1.402e+00
-2.300e-01 1.484e+00
-2.200e-01 2.738e+00
-2.100e-01 8.078e-01
-2.000e-01 1.289e+00
-1.900e-01 2.160e+00
-1.800e-01 1.585e+00
-1.700e-01 1.590e+00
-1.600e-01 1.633e+00
-1.500e-01 9.402e-01
-1.400e-01 2.728e+00
-1.300e-01 3.797e+00
-1.200e-01 2.695e+00
-1.100e-01 1.629e+00
-1.000e-01 2.410e+00
-9.000e-02 4.264e+00
-8.000e-02 6.309e+00
-7.000e-02 5.238e+00
-6.000e-02 5.690e+00
-5.000e-02 1.167e+01
-4.000e-02 1.452e+01
-3.000e-02 1.848e+01
-2.000e-02 3.060e+01
-1.000e-02 4.879e+01
