# Frequency (1.0/ps)      real(fft(F_1))
0.000e+00 2.799e+02
1.000e-02 5.221e+01
2.000e-02 2.581e+01
3.000e-02 1.341e+01
4.000e-02 1.383e+01
5.000e-02 8.549e+00
6.000e-02 3.350e+00
7.000e-02 5.806e+00
8.000e-02 4.051e-02
9.000e-02 1.218e+00
1.000e-01 1.947e+00
1.100e-01 2.245e+00
1.200e-01 2.426e+00
1.300e-01 1.149e+00
1.400e-01 4.261e+00
1.500e-01 2.972e+00
1.600e-01 4.068e+00
1.700e-01 -1.026e-01
1.800e-01 2.455e+00
1.900e-01 2.958e+00
2.000e-01 3.004e+00
2.100e-01 7.617e-01
2.200e-01 8.553e-01
2.300e-01 1.090e+00
2.400e-01 2.238e+00
2.500e-01 2.639e+00
2.600e-01 1.379e+00
2.700e-01 8.706e-01
2.800e-01 5.355e-01
2.900e-01 6.000e-01
3.000e-01 -4.118e-01
3.100e-01 4.083e-01
3.200e-01 1.046e-01
3.300e-01 2.074e+00
3.400e-01 1.823e+00
3.500e-01 1.370e+00
3.600e-01 8.572e-01
3.700e-01 8.980e-01
3.800e-01 1.035e+00
3.900e-01 1.776e+00
4.000e-01 -6.217e-01
4.100e-01 2.457e-01
4.200e-01 8.227e-01
4.300e-01 1.747e+00
4.400e-01 1.536e+00
4.500e-01 2.497e-01
4.600e-01 4.457e-01
4.700e-01 1.473e+00
4.800e-01 3.236e-01
4.900e-01 3.213e-01
5.000e-01 1.791e+00
5.100e-01 -5.802e-02
5.200e-01 9.845e-01
5.300e-01 2.560e-01
5.400e-01 1.667e+00
5.500e-01 7.052e-01
5.600e-01 7.052e-01
5.700e-01 1.002e+00
5.800e-01 1.684e+00
5.900e-01 5.417e-01
6.000e-01 1.603e+00
6.100e-01 1.142e+00
6.200e-01 1.650e+00
6.300e-01 5.918e-01
6.400e-01 7.322e-01
6.500e-01 1.228e+00
6.600e-01 1.570e+00
6.700e-01 9.677e-03
6.800e-01 1.801e-01
6.900e-01 5.547e-01
7.000e-01 -4.996e-01
7.100e-01 7.123e-01
7.200e-01 2.817e-02
7.300e-01 6.873e-01
7.400e-01 -5.479e-01
7.500e-01 5.616e-01
7.600e-01 7.925e-01
7.700e-01 7.352e-01
7.800e-01 7.314e-01
7.900e-01 1.001e+00
8.000e-01 3.072e-01
8.100e-01 5.601e-01
8.200e-01 -3.872e-02
8.300e-01 8.405e-01
8.400e-01 1.562e-01
8.500e-01 4.083e-01
8.600e-01 4.506e-01
8.700e-01 1.031e+00
8.800e-01 8.022e-01
8.900e-01 1.985e-01
9.000e-01 1.193e+00
9.100e-01 1.068e+00
9.200e-01 8.970e-01
9.300e-01 4.151e-01
9.400e-01 1.009e+00
9.500e-01 1.207e+00
9.600e-01 7.909e-02
9.700e-01 6.743e-01
9.800e-01 -3.688e-01
9.900e-01 -3.726e-02
1.000e+00 7.739e-01
1.010e+00 8.387e-01
1.020e+00 1.039e+00
1.030e+00 9.697e-01
1.040e+00 5.517e-01
1.050e+00 1.408e-01
1.060e+00 3.326e-01
1.070e+00 1.130e+00
1.080e+00 3.921e-01
1.090e+00 7.296e-01
1.100e+00 1.245e+00
1.110e+00 3.994e-01
1.120e+00 4.657e-01
1.130e+00 4.483e-01
1.140e+00 5.935e-01
1.150e+00 1.132e+00
1.160e+00 7.714e-01
1.170e+00 2.801e-01
1.180e+00 3.505e-01
1.190e+00 7.636e-01
1.200e+00 1.311e+00
1.210e+00 1.380e+00
1.220e+00 1.407e+00
1.230e+00 1.905e+00
1.240e+00 4.050e-01
1.250e+00 7.252e-01
1.260e+00 4.996e-01
1.270e+00 4.700e-01
1.280e+00 6.027e-01
1.290e+00 5.854e-01
1.300e+00 1.579e+00
1.310e+00 1.080e+00
1.320e+00 8.412e-01
1.330e+00 1.124e+00
1.340e+00 1.052e+00
1.350e+00 9.562e-01
1.360e+00 7.318e-01
1.370e+00 4.516e-01
1.380e+00 7.409e-02
1.390e+00 1.031e-01
1.400e+00 1.080e-01
1.410e+00 6.444e-01
1.420e+00 9.067e-01
1.430e+00 1.030e+00
1.440e+00 4.778e-01
1.450e+00 3.359e-01
1.460e+00 7.116e-02
1.470e+00 7.859e-02
1.480e+00 5.428e-01
1.490e+00 2.601e-01
1.500e+00 1.031e+00
1.510e+00 8.344e-01
1.520e+00 6.024e-01
1.530e+00 7.672e-01
1.540e+00 -5.872e-02
1.550e+00 -4.281e-03
1.560e+00 7.656e-01
1.570e+00 7.477e-01
1.580e+00 6.931e-01
1.590e+00 3.257e-01
1.600e+00 1.338e+00
1.610e+00 1.102e+00
1.620e+00 5.898e-01
1.630e+00 9.887e-01
1.640e+00 8.811e-01
1.650e+00 7.092e-01
1.660e+00 5.691e-01
1.670e+00 3.451e-01
1.680e+00 5.329e-02
1.690e+00 3.534e-01
1.700e+00 -5.085e-01
1.710e+00 5.165e-01
1.720e+00 3.180e-01
1.730e+00 1.128e-01
1.740e+00 2.867e-01
1.750e+00 4.505e-01
1.760e+00 3.831e-01
1.770e+00 3.133e-01
1.780e+00 7.664e-01
1.790e+00 6.205e-01
1.800e+00 -1.672e-01
1.810e+00 2.631e-01
1.820e+00 3.169e-01
1.830e+00 5.848e-01
1.840e+00 -4.728e-01
1.850e+00 1.937e-01
1.860e+00 -2.337e-01
1.870e+00 6.793e-01
1.880e+00 4.500e-01
1.890e+00 6.799e-01
1.900e+00 4.214e-01
1.910e+00 9.882e-01
1.920e+00 2.588e-01
1.930e+00 4.457e-01
1.940e+00 2.685e-01
1.950e+00 8.273e-01
1.960e+00 2.577e-01
1.970e+00 6.521e-01
1.980e+00 2.557e-01
1.990e+00 1.418e-01
2.000e+00 6.030e-01
2.010e+00 6.550e-01
2.020e+00 1.198e-01
2.030e+00 4.078e-01
2.040e+00 1.104e+00
2.050e+00 1.129e+00
2.060e+00 9.295e-01
2.070e+00 9.933e-01
2.080e+00 7.328e-01
2.090e+00 1.261e+00
2.100e+00 7.023e-01
2.110e+00 2.718e-01
2.120e+00 3.833e-01
2.130e+00 -1.868e-02
2.140e+00 -1.796e-01
2.150e+00 2.785e-01
2.160e+00 4.753e-01
2.170e+00 4.375e-01
2.180e+00 5.574e-01
2.190e+00 3.758e-01
2.200e+00 3.911e-01
2.210e+00 7.225e-01
2.220e+00 1.800e-01
2.230e+00 4.423e-01
2.240e+00 2.893e-01
2.250e+00 2.772e-01
2.260e+00 2.467e-01
2.270e+00 1.174e+00
2.280e+00 6.046e-01
2.290e+00 3.246e-01
2.300e+00 2.089e-01
2.310e+00 8.389e-01
2.320e+00 6.495e-01
2.330e+00 5.429e-01
2.340e+00 8.243e-01
2.350e+00 7.093e-02
2.360e+00 5.877e-01
2.370e+00 4.144e-01
2.380e+00 6.110e-01
2.390e+00 1.399e+00
2.400e+00 5.527e-01
2.410e+00 6.594e-01
2.420e+00 9.172e-01
2.430e+00 8.562e-01
2.440e+00 8.147e-01
2.450e+00 4.012e-01
2.460e+00 3.415e-01
2.470e+00 -8.445e-03
2.480e+00 7.686e-01
2.490e+00 5.551e-01
2.500e+00 6.162e-01
2.510e+00 1.724e-01
2.520e+00 2.703e-01
2.530e+00 6.529e-01
2.540e+00 5.384e-01
2.550e+00 5.381e-01
2.560e+00 4.532e-01
2.570e+00 9.418e-01
2.580e+00 5.989e-01
2.590e+00 6.275e-01
2.600e+00 5.846e-01
2.610e+00 2.780e-01
2.620e+00 2.959e-01
2.630e+00 2.584e-01
2.640e+00 3.509e-01
2.650e+00 5.853e-01
2.660e+00 6.289e-01
2.670e+00 4.395e-01
2.680e+00 4.121e-01
2.690e+00 -9.346e-02
2.700e+00 4.037e-01
2.710e+00 2.259e-01
2.720e+00 5.470e-01
2.730e+00 5.399e-01
2.740e+00 5.197e-01
2.750e+00 2.138e-01
2.760e+00 3.042e-01
2.770e+00 5.213e-01
2.780e+00 2.292e-01
2.790e+00 3.956e-02
2.800e+00 1.549e-01
2.810e+00 4.903e-01
2.820e+00 3.671e-01
2.830e+00 1.942e-01
2.840e+00 -5.460e-02
2.850e+00 -6.976e-02
2.860e+00 1.432e-01
2.870e+00 5.867e-01
2.880e+00 6.520e-01
2.890e+00 6.509e-01
2.900e+00 7.285e-01
2.910e+00 2.726e-01
2.920e+00 4.613e-02
2.930e+00 2.719e-01
2.940e+00 2.820e-01
2.950e+00 3.191e-01
2.960e+00 2.591e-01
2.970e+00 2.692e-01
2.980e+00 4.164e-01
2.990e+00 5.230e-01
3.000e+00 8.353e-01
3.010e+00 5.197e-01
3.020e+00 5.245e-01
3.030e+00 5.083e-01
3.040e+00 6.306e-01
3.050e+00 3.706e-01
3.060e+00 6.505e-01
3.070e+00 4.708e-01
3.080e+00 7.197e-01
3.090e+00 2.579e-01
3.100e+00 2.599e-01
3.110e+00 4.406e-01
3.120e+00 5.063e-01
3.130e+00 6.509e-01
3.140e+00 8.831e-01
3.150e+00 5.357e-01
3.160e+00 6.656e-01
3.170e+00 8.417e-03
3.180e+00 3.316e-01
3.190e+00 7.529e-02
3.200e+00 2.990e-01
3.210e+00 3.951e-01
3.220e+00 2.572e-01
3.230e+00 1.586e-01
3.240e+00 4.653e-01
3.250e+00 4.765e-01
3.260e+00 5.714e-01
3.270e+00 6.702e-01
3.280e+00 6.879e-01
3.290e+00 5.392e-01
3.300e+00 1.251e-01
3.310e+00 6.859e-02
3.320e+00 2.461e-01
3.330e+00 -1.933e-01
3.340e+00 4.510e-01
3.350e+00 3.950e-01
3.360e+00 5.770e-01
3.370e+00 4.839e-01
3.380e+00 5.391e-01
3.390e+00 1.921e-01
3.400e+00 2.203e-01
3.410e+00 1.251e-01
3.420e+00 6.086e-01
3.430e+00 4.968e-01
3.440e+00 7.600e-01
3.450e+00 7.942e-01
3.460e+00 7.883e-01
3.470e+00 3.570e-01
3.480e+00 5.781e-01
3.490e+00 6.099e-01
3.500e+00 3.750e-01
3.510e+00 7.310e-01
3.520e+00 7.307e-02
3.530e+00 7.729e-02
3.540e+00 1.065e-01
3.550e+00 4.316e-01
3.560e+00 5.883e-01
3.570e+00 5.050e-01
3.580e+00 5.842e-01
3.590e+00 7.345e-01
3.600e+00 4.081e-01
3.610e+00 -5.247e-03
3.620e+00 3.184e-01
3.630e+00 7.586e-01
3.640e+00 4.134e-01
3.650e+00 6.431e-01
3.660e+00 8.434e-01
3.670e+00 3.067e-01
3.680e+00 2.635e-01
3.690e+00 4.149e-01
3.700e+00 2.979e-01
3.710e+00 3.197e-01
3.720e+00 1.034e-01
3.730e+00 5.172e-02
3.740e+00 4.083e-01
3.750e+00 5.097e-01
3.760e+00 -2.136e-02
3.770e+00 7.228e-01
3.780e+00 5.862e-01
3.790e+00 5.886e-01
3.800e+00 8.793e-01
3.810e+00 4.427e-01
3.820e+00 4.662e-01
3.830e+00 -3.607e-02
3.840e+00 4.049e-01
3.850e+00 3.829e-01
3.860e+00 3.414e-01
3.870e+00 1.023e+00
3.880e+00 5.304e-01
3.890e+00 6.788e-01
3.900e+00 3.284e-01
3.910e+00 4.834e-01
3.920e+00 4.212e-01
3.930e+00 8.761e-01
3.940e+00 7.718e-01
3.950e+00 5.987e-01
3.960e+00 4.406e-01
3.970e+00 4.458e-01
3.980e+00 7.636e-02
3.990e+00 2.670e-01
4.000e+00 3.403e-01
4.010e+00 9.024e-02
4.020e+00 -8.869e-03
4.030e+00 2.341e-01
4.040e+00 2.986e-01
4.050e+00 2.764e-01
4.060e+00 1.201e-01
4.070e+00 7.180e-01
4.080e+00 3.377e-01
4.090e+00 5.069e-01
4.100e+00 3.271e-01
4.110e+00 2.666e-01
4.120e+00 5.600e-02
4.130e+00 1.159e-02
4.140e+00 -1.166e-01
4.150e+00 -7.215e-02
4.160e+00 3.570e-01
4.170e+00 7.346e-01
4.180e+00 4.047e-01
4.190e+00 3.202e-01
4.200e+00 2.447e-01
4.210e+00 4.052e-01
4.220e+00 4.900e-01
4.230e+00 5.672e-02
4.240e+00 3.622e-01
4.250e+00 3.500e-01
4.260e+00 7.541e-01
4.270e+00 4.604e-01
4.280e+00 5.450e-01
4.290e+00 7.824e-01
4.300e+00 7.351e-01
4.310e+00 7.160e-01
4.320e+00 4.578e-01
4.330e+00 5.353e-01
4.340e+00 5.103e-01
4.350e+00 5.260e-01
4.360e+00 1.899e-01
4.370e+00 3.693e-01
4.380e+00 1.121e-01
4.390e+00 1.304e-01
4.400e+00 7.308e-01
4.410e+00 4.010e-01
4.420e+00 3.427e-01
4.430e+00 5.959e-01
4.440e+00 3.645e-01
4.450e+00 2.936e-01
4.460e+00 1.577e-01
4.470e+00 1.847e-01
4.480e+00 4.070e-01
4.490e+00 9.959e-02
4.500e+00 7.868e-01
4.510e+00 1.310e-01
4.520e+00 1.876e-01
4.530e+00 4.489e-01
4.540e+00 5.909e-01
4.550e+00 4.070e-01
4.560e+00 2.846e-01
4.570e+00 5.599e-01
4.580e+00 8.424e-01
4.590e+00 3.400e-01
4.600e+00 8.235e-01
4.610e+00 7.599e-01
4.620e+00 7.400e-01
4.630e+00 8.635e-01
4.640e+00 7.148e-01
4.650e+00 5.446e-01
4.660e+00 3.839e-01
4.670e+00 5.491e-01
4.680e+00 4.520e-01
4.690e+00 4.358e-01
4.700e+00 2.284e-01
4.710e+00 1.529e-01
4.720e+00 -1.976e-01
4.730e+00 -1.266e-01
4.740e+00 -5.601e-02
4.750e+00 1.222e-01
4.760e+00 4.678e-01
4.770e+00 3.369e-01
4.780e+00 4.139e-01
4.790e+00 5.336e-01
4.800e+00 5.418e-01
4.810e+00 1.984e-01
4.820e+00 4.410e-01
4.830e+00 7.212e-01
4.840e+00 5.383e-01
4.850e+00 1.128e-01
4.860e+00 2.187e-01
4.870e+00 5.936e-01
4.880e+00 4.752e-01
4.890e+00 3.284e-01
4.900e+00 5.587e-01
4.910e+00 4.346e-01
4.920e+00 4.743e-01
4.930e+00 2.097e-01
4.940e+00 1.085e+00
4.950e+00 8.844e-01
4.960e+00 8.403e-01
4.970e+00 5.456e-01
4.980e+00 2.922e-01
4.990e+00 2.278e-01
-5.000e+00 -5.619e-01
-4.990e+00 2.902e-03
-4.980e+00 3.405e-01
-4.970e+00 6.427e-01
-4.960e+00 4.894e-01
-4.950e+00 5.350e-01
-4.940e+00 6.943e-01
-4.930e+00 9.278e-01
-4.920e+00 3.934e-01
-4.910e+00 5.568e-02
-4.900e+00 2.061e-01
-4.890e+00 1.491e-01
-4.880e+00 -6.710e-02
-4.870e+00 2.522e-01
-4.860e+00 3.747e-01
-4.850e+00 4.692e-01
-4.840e+00 2.620e-01
-4.830e+00 5.310e-01
-4.820e+00 5.512e-01
-4.810e+00 5.798e-01
-4.800e+00 5.950e-01
-4.790e+00 9.253e-01
-4.780e+00 8.245e-01
-4.770e+00 5.475e-01
-4.760e+00 5.330e-01
-4.750e+00 5.849e-01
-4.740e+00 7.229e-02
-4.730e+00 -1.519e-02
-4.720e+00 3.098e-01
-4.710e+00 1.295e-01
-4.700e+00 4.072e-01
-4.690e+00 4.388e-01
-4.680e+00 6.393e-01
-4.670e+00 5.290e-01
-4.660e+00 6.780e-01
-4.650e+00 6.516e-01
-4.640e+00 2.512e-01
-4.630e+00 8.169e-01
-4.620e+00 5.595e-01
-4.610e+00 7.404e-01
-4.600e+00 6.099e-01
-4.590e+00 8.414e-01
-4.580e+00 6.888e-01
-4.570e+00 6.284e-01
-4.560e+00 8.400e-01
-4.550e+00 3.868e-01
-4.540e+00 5.804e-01
-4.530e+00 3.056e-01
-4.520e+00 5.029e-01
-4.510e+00 2.010e-01
-4.500e+00 3.574e-01
-4.490e+00 7.861e-01
-4.480e+00 2.670e-01
-4.470e+00 8.154e-01
-4.460e+00 5.447e-01
-4.450e+00 2.171e-01
-4.440e+00 2.555e-01
-4.430e+00 2.057e-01
-4.420e+00 7.233e-01
-4.410e+00 6.544e-01
-4.400e+00 7.774e-01
-4.390e+00 2.404e-01
-4.380e+00 2.479e-01
-4.370e+00 -1.250e-01
-4.360e+00 1.575e-01
-4.350e+00 3.669e-01
-4.340e+00 5.111e-01
-4.330e+00 2.303e-01
-4.320e+00 3.740e-01
-4.310e+00 6.185e-02
-4.300e+00 7.836e-01
-4.290e+00 4.278e-01
-4.280e+00 3.474e-01
-4.270e+00 3.072e-01
-4.260e+00 8.020e-01
-4.250e+00 1.084e+00
-4.240e+00 8.225e-01
-4.230e+00 3.570e-01
-4.220e+00 6.094e-01
-4.210e+00 4.541e-01
-4.200e+00 1.389e-01
-4.190e+00 4.232e-02
-4.180e+00 6.088e-01
-4.170e+00 8.337e-01
-4.160e+00 1.584e-01
-4.150e+00 4.622e-01
-4.140e+00 4.086e-02
-4.130e+00 1.004e-01
-4.120e+00 -7.609e-02
-4.110e+00 3.827e-01
-4.100e+00 -4.791e-02
-4.090e+00 2.677e-01
-4.080e+00 2.592e-01
-4.070e+00 5.033e-01
-4.060e+00 5.906e-01
-4.050e+00 3.452e-01
-4.040e+00 1.855e-01
-4.030e+00 2.842e-01
-4.020e+00 2.403e-01
-4.010e+00 7.995e-02
-4.000e+00 3.773e-01
-3.990e+00 4.820e-01
-3.980e+00 1.968e-01
-3.970e+00 6.067e-01
-3.960e+00 5.387e-01
-3.950e+00 4.097e-01
-3.940e+00 6.705e-01
-3.930e+00 3.228e-01
-3.920e+00 6.365e-01
-3.910e+00 6.553e-01
-3.900e+00 4.247e-01
-3.890e+00 2.543e-01
-3.880e+00 3.583e-01
-3.870e+00 3.677e-01
-3.860e+00 4.562e-01
-3.850e+00 3.514e-01
-3.840e+00 4.455e-01
-3.830e+00 7.391e-01
-3.820e+00 5.466e-01
-3.810e+00 3.508e-01
-3.800e+00 1.800e-01
-3.790e+00 4.366e-01
-3.780e+00 3.365e-01
-3.770e+00 4.028e-02
-3.760e+00 5.887e-01
-3.750e+00 1.530e-01
-3.740e+00 2.076e-01
-3.730e+00 4.989e-01
-3.720e+00 2.930e-01
-3.710e+00 3.476e-01
-3.700e+00 5.998e-01
-3.690e+00 3.026e-01
-3.680e+00 4.318e-01
-3.670e+00 6.630e-01
-3.660e+00 6.486e-01
-3.650e+00 6.620e-01
-3.640e+00 6.651e-01
-3.630e+00 7.008e-01
-3.620e+00 5.383e-01
-3.610e+00 3.375e-01
-3.600e+00 5.838e-02
-3.590e+00 1.324e-01
-3.580e+00 -4.159e-02
-3.570e+00 9.371e-02
-3.560e+00 5.536e-01
-3.550e+00 6.005e-01
-3.540e+00 1.012e+00
-3.530e+00 4.638e-01
-3.520e+00 2.616e-01
-3.510e+00 5.158e-01
-3.500e+00 3.668e-01
-3.490e+00 5.579e-01
-3.480e+00 2.744e-01
-3.470e+00 1.911e-01
-3.460e+00 1.920e-01
-3.450e+00 2.727e-01
-3.440e+00 5.914e-01
-3.430e+00 8.384e-01
-3.420e+00 5.043e-01
-3.410e+00 7.628e-01
-3.400e+00 9.559e-01
-3.390e+00 6.970e-01
-3.380e+00 8.640e-01
-3.370e+00 2.279e-01
-3.360e+00 8.543e-01
-3.350e+00 5.239e-01
-3.340e+00 6.619e-01
-3.330e+00 5.101e-01
-3.320e+00 3.660e-01
-3.310e+00 4.459e-01
-3.300e+00 5.837e-01
-3.290e+00 5.627e-01
-3.280e+00 5.133e-01
-3.270e+00 4.244e-01
-3.260e+00 2.995e-01
-3.250e+00 1.057e-01
-3.240e+00 -4.240e-02
-3.230e+00 4.763e-02
-3.220e+00 3.306e-01
-3.210e+00 2.542e-01
-3.200e+00 1.054e-01
-3.190e+00 1.550e-01
-3.180e+00 5.447e-01
-3.170e+00 3.670e-01
-3.160e+00 3.568e-01
-3.150e+00 5.548e-01
-3.140e+00 3.103e-01
-3.130e+00 7.265e-01
-3.120e+00 4.011e-01
-3.110e+00 3.574e-01
-3.100e+00 1.752e-01
-3.090e+00 4.755e-01
-3.080e+00 2.743e-01
-3.070e+00 2.041e-01
-3.060e+00 9.209e-01
-3.050e+00 8.533e-01
-3.040e+00 8.904e-01
-3.030e+00 7.115e-01
-3.020e+00 7.456e-01
-3.010e+00 4.051e-01
-3.000e+00 7.088e-01
-2.990e+00 5.430e-01
-2.980e+00 5.788e-01
-2.970e+00 1.071e+00
-2.960e+00 5.991e-01
-2.950e+00 6.477e-01
-2.940e+00 4.346e-01
-2.930e+00 7.051e-01
-2.920e+00 3.880e-01
-2.910e+00 6.787e-01
-2.900e+00 1.818e-01
-2.890e+00 6.557e-01
-2.880e+00 8.352e-01
-2.870e+00 4.099e-01
-2.860e+00 2.756e-01
-2.850e+00 8.429e-02
-2.840e+00 2.841e-01
-2.830e+00 -2.712e-01
-2.820e+00 1.825e-01
-2.810e+00 -1.193e-03
-2.800e+00 2.735e-01
-2.790e+00 1.940e-01
-2.780e+00 1.650e-01
-2.770e+00 5.367e-01
-2.760e+00 2.573e-01
-2.750e+00 1.627e-01
-2.740e+00 1.123e-02
-2.730e+00 2.519e-01
-2.720e+00 2.721e-01
-2.710e+00 3.928e-01
-2.700e+00 1.934e-01
-2.690e+00 3.540e-01
-2.680e+00 7.468e-01
-2.670e+00 6.020e-01
-2.660e+00 4.061e-01
-2.650e+00 4.281e-01
-2.640e+00 7.912e-01
-2.630e+00 9.313e-01
-2.620e+00 2.461e-01
-2.610e+00 2.255e-01
-2.600e+00 2.888e-01
-2.590e+00 7.397e-01
-2.580e+00 5.812e-01
-2.570e+00 4.674e-01
-2.560e+00 5.894e-01
-2.550e+00 3.632e-01
-2.540e+00 2.313e-01
-2.530e+00 6.581e-01
-2.520e+00 1.043e-01
-2.510e+00 2.063e-01
-2.500e+00 1.368e-01
-2.490e+00 5.267e-01
-2.480e+00 4.307e-01
-2.470e+00 3.103e-01
-2.460e+00 6.257e-01
-2.450e+00 5.387e-01
-2.440e+00 3.271e-01
-2.430e+00 -2.067e-01
-2.420e+00 -4.813e-02
-2.410e+00 3.041e-01
-2.400e+00 7.147e-01
-2.390e+00 1.092e+00
-2.380e+00 7.805e-01
-2.370e+00 8.119e-01
-2.360e+00 5.582e-01
-2.350e+00 3.399e-02
-2.340e+00 2.601e-01
-2.330e+00 7.762e-01
-2.320e+00 4.754e-01
-2.310e+00 3.320e-01
-2.300e+00 5.602e-02
-2.290e+00 4.458e-02
-2.280e+00 4.079e-01
-2.270e+00 6.531e-01
-2.260e+00 7.812e-01
-2.250e+00 4.455e-01
-2.240e+00 2.771e-01
-2.230e+00 3.496e-02
-2.220e+00 5.479e-01
-2.210e+00 4.327e-01
-2.200e+00 5.769e-01
-2.190e+00 1.096e+00
-2.180e+00 6.694e-01
-2.170e+00 9.404e-01
-2.160e+00 8.310e-01
-2.150e+00 1.003e+00
-2.140e+00 6.013e-01
-2.130e+00 1.042e+00
-2.120e+00 6.860e-01
-2.110e+00 1.039e+00
-2.100e+00 7.029e-02
-2.090e+00 6.189e-01
-2.080e+00 2.861e-01
-2.070e+00 -4.573e-01
-2.060e+00 6.508e-01
-2.050e+00 7.880e-01
-2.040e+00 5.739e-01
-2.030e+00 -5.415e-01
-2.020e+00 -2.704e-01
-2.010e+00 9.436e-02
-2.000e+00 4.387e-01
-1.990e+00 5.499e-01
-1.980e+00 4.895e-01
-1.970e+00 1.222e+00
-1.960e+00 4.295e-01
-1.950e+00 7.775e-01
-1.940e+00 4.054e-01
-1.930e+00 3.515e-01
-1.920e+00 5.224e-01
-1.910e+00 6.140e-01
-1.900e+00 4.191e-01
-1.890e+00 6.984e-01
-1.880e+00 8.003e-01
-1.870e+00 8.256e-01
-1.860e+00 3.688e-01
-1.850e+00 2.410e-02
-1.840e+00 1.534e-01
-1.830e+00 3.693e-03
-1.820e+00 4.542e-01
-1.810e+00 5.997e-01
-1.800e+00 -2.304e-01
-1.790e+00 4.194e-01
-1.780e+00 7.922e-01
-1.770e+00 4.558e-01
-1.760e+00 8.569e-01
-1.750e+00 4.819e-01
-1.740e+00 1.165e+00
-1.730e+00 1.759e-01
-1.720e+00 2.610e-01
-1.710e+00 3.474e-01
-1.700e+00 -1.128e-01
-1.690e+00 5.207e-01
-1.680e+00 6.016e-01
-1.670e+00 6.570e-01
-1.660e+00 4.850e-01
-1.650e+00 1.161e-02
-1.640e+00 1.392e-01
-1.630e+00 4.395e-01
-1.620e+00 2.202e-01
-1.610e+00 2.538e-01
-1.600e+00 -1.459e-01
-1.590e+00 -1.618e-01
-1.580e+00 2.015e-01
-1.570e+00 9.989e-03
-1.560e+00 -1.597e-01
-1.550e+00 -5.447e-02
-1.540e+00 -2.806e-01
-1.530e+00 7.514e-01
-1.520e+00 6.078e-01
-1.510e+00 9.522e-01
-1.500e+00 -6.352e-01
-1.490e+00 5.652e-01
-1.480e+00 5.759e-01
-1.470e+00 1.332e+00
-1.460e+00 -9.995e-04
-1.450e+00 -1.862e-01
-1.440e+00 4.792e-01
-1.430e+00 -8.150e-02
-1.420e+00 3.270e-01
-1.410e+00 4.282e-02
-1.400e+00 -6.273e-01
-1.390e+00 6.134e-01
-1.380e+00 2.839e-01
-1.370e+00 4.860e-01
-1.360e+00 3.508e-01
-1.350e+00 7.145e-01
-1.340e+00 6.865e-01
-1.330e+00 9.432e-01
-1.320e+00 -8.921e-02
-1.310e+00 1.447e-01
-1.300e+00 2.103e-01
-1.290e+00 7.458e-01
-1.280e+00 8.534e-01
-1.270e+00 -1.980e-01
-1.260e+00 1.210e+00
-1.250e+00 8.651e-01
-1.240e+00 6.837e-01
-1.230e+00 1.044e+00
-1.220e+00 7.604e-01
-1.210e+00 1.167e+00
-1.200e+00 1.063e+00
-1.190e+00 5.174e-01
-1.180e+00 8.470e-01
-1.170e+00 3.427e-01
-1.160e+00 1.504e-01
-1.150e+00 6.122e-01
-1.140e+00 7.280e-01
-1.130e+00 1.245e+00
-1.120e+00 1.667e-01
-1.110e+00 4.130e-01
-1.100e+00 8.934e-01
-1.090e+00 4.110e-02
-1.080e+00 3.105e-01
-1.070e+00 1.013e+00
-1.060e+00 -1.735e-01
-1.050e+00 3.533e-01
-1.040e+00 -1.279e-01
-1.030e+00 6.613e-01
-1.020e+00 -1.326e-02
-1.010e+00 -1.716e-01
-1.000e+00 9.894e-02
-9.900e-01 9.136e-01
-9.800e-01 -2.581e-01
-9.700e-01 7.215e-01
-9.600e-01 1.801e-01
-9.500e-01 8.299e-01
-9.400e-01 1.165e+00
-9.300e-01 2.573e-01
-9.200e-01 7.205e-01
-9.100e-01 8.212e-01
-9.000e-01 8.203e-01
-8.900e-01 1.842e+00
-8.800e-01 1.316e+00
-8.700e-01 1.417e+00
-8.600e-01 1.853e+00
-8.500e-01 5.788e-01
-8.400e-01 1.648e+00
-8.300e-01 1.527e+00
-8.200e-01 1.659e-01
-8.100e-01 1.440e+00
-8.000e-01 1.299e+00
-7.900e-01 5.511e-01
-7.800e-01 5.139e-01
-7.700e-01 5.298e-01
-7.600e-01 8.778e-01
-7.500e-01 1.143e+00
-7.400e-01 1.869e-01
-7.300e-01 5.635e-01
-7.200e-01 3.309e-01
-7.100e-01 -8.052e-01
-7.000e-01 -4.868e-01
-6.900e-01 -2.619e-01
-6.800e-01 5.300e-01
-6.700e-01 5.702e-01
-6.600e-01 5.535e-01
-6.500e-01 5.262e-01
-6.400e-01 1.190e+00
-6.300e-01 1.318e-02
-6.200e-01 1.436e-01
-6.100e-01 1.548e-01
-6.000e-01 -1.031e-02
-5.900e-01 1.467e-01
-5.800e-01 6.729e-01
-5.700e-01 4.399e-01
-5.600e-01 3.661e-02
-5.500e-01 -2.434e-01
-5.400e-01 -1.429e+00
-5.300e-01 -2.635e-02
-5.200e-01 3.179e-01
-5.100e-01 7.994e-01
-5.000e-01 1.721e+00
-4.900e-01 1.313e+00
-4.800e-01 2.403e-01
-4.700e-01 2.533e+00
-4.600e-01 -1.843e-01
-4.500e-01 2.128e-03
-4.400e-01 -3.915e-01
-4.300e-01 5.723e-01
-4.200e-01 3.616e-01
-4.100e-01 -7.211e-01
-4.000e-01 1.974e+00
-3.900e-01 8.739e-01
-3.800e-01 1.406e+00
-3.700e-01 1.824e+00
-3.600e-01 1.204e+00
-3.500e-01 7.886e-01
-3.400e-01 1.618e+00
-3.300e-01 -1.562e-01
-3.200e-01 4.571e-02
-3.100e-01 3.959e-01
-3.000e-01 -4.114e-01
-2.900e-01 1.722e+00
-2.800e-01 7.203e-01
-2.700e-01 -3.336e-01
-2.600e-01 3.397e-01
-2.500e-01 7.448e-01
-2.400e-01 -5.500e-02
-2.300e-01 -9.514e-01
-2.200e-01 1.016e-01
-2.100e-01 -9.593e-01
-2.000e-01 7.899e-01
-1.900e-01 6.166e-01
-1.800e-01 9.702e-01
-1.700e-01 -1.663e+00
-1.600e-01 6.364e-01
-1.500e-01 1.560e+00
-1.400e-01 3.445e+00
-1.300e-01 3.608e+00
-1.200e-01 1.048e-01
-1.100e-01 -1.559e+00
-1.000e-01 -1.770e-01
-9.000e-02 -1.487e+00
-8.000e-02 -7.499e-01
-7.000e-02 1.807e+00
-6.000e-02 9.632e-01
-5.000e-02 2.787e+00
-4.000e-02 9.071e+00
-3.000e-02 1.677e+01
-2.000e-02 1.600e+01
-1.000e-02 4.951e+01
