# Time (ps)      real(F_2)      im(F_2)
0.000e+00 1.000e+00 0.000e+00
1.000e-01 9.178e-01 -2.605e-02
2.000e-01 8.904e-01 -5.118e-02
3.000e-01 8.128e-01 -1.112e-02
4.000e-01 8.398e-01 1.139e-02
5.000e-01 8.035e-01 1.716e-02
6.000e-01 7.768e-01 4.470e-02
7.000e-01 7.354e-01 9.473e-03
8.000e-01 7.100e-01 -5.451e-03
9.000e-01 6.974e-01 -9.251e-03
1.000e+00 6.852e-01 -1.968e-02
1.100e+00 7.219e-01 -3.421e-02
1.200e+00 6.617e-01 -3.426e-03
1.300e+00 6.604e-01 -4.088e-02
1.400e+00 6.823e-01 -7.937e-02
1.500e+00 6.509e-01 -9.629e-02
1.600e+00 6.203e-01 -2.177e-02
1.700e+00 5.942e-01 -2.419e-02
1.800e+00 5.978e-01 -1.233e-02
1.900e+00 5.714e-01 -1.050e-02
2.000e+00 5.643e-01 5.147e-03
2.100e+00 5.638e-01 2.204e-02
2.200e+00 5.574e-01 9.756e-03
2.300e+00 5.630e-01 5.048e-03
2.400e+00 5.625e-01 -1.840e-02
2.500e+00 5.376e-01 -7.997e-03
2.600e+00 4.908e-01 -4.990e-02
2.700e+00 4.835e-01 -2.480e-02
2.800e+00 4.998e-01 -3.684e-02
2.900e+00 5.003e-01 -2.211e-02
3.000e+00 5.344e-01 -2.115e-02
3.100e+00 5.090e-01 -2.852e-02
3.200e+00 4.942e-01 -5.423e-02
3.300e+00 5.227e-01 -4.800e-02
3.400e+00 5.179e-01 -5.171e-02
3.500e+00 5.049e-01 -2.769e-02
3.600e+00 4.903e-01 -4.014e-02
3.700e+00 4.678e-01 -3.160e-02
3.800e+00 4.704e-01 -3.655e-02
3.900e+00 4.673e-01 -2.987e-02
4.000e+00 4.473e-01 -2.508e-02
4.100e+00 4.201e-01 1.620e-03
4.200e+00 4.214e-01 -1.118e-02
4.300e+00 4.639e-01 -1.009e-02
4.400e+00 4.082e-01 -2.608e-02
4.500e+00 4.243e-01 -4.570e-02
4.600e+00 4.549e-01 -3.089e-02
4.700e+00 4.285e-01 -5.114e-02
4.800e+00 4.528e-01 -5.924e-02
4.900e+00 4.304e-01 -6.932e-02
5.000e+00 4.541e-01 -3.191e-02
5.100e+00 4.080e-01 -5.981e-02
5.200e+00 3.969e-01 -4.636e-02
5.300e+00 3.714e-01 -4.400e-02
5.400e+00 3.640e-01 -1.179e-02
5.500e+00 3.994e-01 -2.580e-02
5.600e+00 3.630e-01 -1.051e-02
5.700e+00 3.692e-01 -2.500e-02
5.800e+00 3.921e-01 -4.509e-02
5.900e+00 3.778e-01 -2.960e-02
6.000e+00 3.972e-01 -2.700e-02
6.100e+00 3.932e-01 -5.862e-04
6.200e+00 3.565e-01 1.845e-02
6.300e+00 3.763e-01 2.521e-02
6.400e+00 3.968e-01 -1.591e-02
6.500e+00 3.968e-01 -3.590e-02
6.600e+00 3.777e-01 -3.258e-02
6.700e+00 3.949e-01 -4.776e-02
6.800e+00 3.751e-01 -3.748e-02
6.900e+00 3.740e-01 -4.483e-02
7.000e+00 3.885e-01 -5.451e-02
7.100e+00 3.517e-01 -1.628e-02
7.200e+00 3.819e-01 -5.472e-03
7.300e+00 3.964e-01 -1.485e-02
7.400e+00 3.745e-01 -2.725e-02
7.500e+00 3.727e-01 -5.458e-04
7.600e+00 3.647e-01 1.207e-02
7.700e+00 3.540e-01 2.566e-02
7.800e+00 3.702e-01 3.010e-03
7.900e+00 3.519e-01 2.554e-02
8.000e+00 3.689e-01 2.450e-02
8.100e+00 3.445e-01 1.821e-02
8.200e+00 3.191e-01 1.572e-02
8.300e+00 3.219e-01 1.131e-02
8.400e+00 3.255e-01 1.022e-02
8.500e+00 3.487e-01 1.135e-02
8.600e+00 3.143e-01 2.519e-02
8.700e+00 3.750e-01 2.210e-02
8.800e+00 3.302e-01 2.124e-02
8.900e+00 3.524e-01 1.857e-03
9.000e+00 3.156e-01 8.143e-03
9.100e+00 3.185e-01 8.319e-03
9.200e+00 3.244e-01 1.671e-02
9.300e+00 3.221e-01 -3.455e-03
9.400e+00 2.736e-01 3.418e-02
9.500e+00 2.910e-01 3.955e-02
9.600e+00 2.599e-01 5.988e-02
9.700e+00 2.615e-01 3.504e-02
9.800e+00 2.526e-01 2.731e-02
9.900e+00 3.074e-01 3.176e-02
1.000e+01 3.133e-01 4.404e-02
1.010e+01 2.909e-01 4.913e-02
1.020e+01 2.653e-01 4.964e-02
1.030e+01 2.929e-01 6.203e-02
1.040e+01 2.833e-01 2.677e-02
1.050e+01 2.704e-01 6.521e-03
1.060e+01 2.384e-01 -1.656e-03
1.070e+01 2.422e-01 8.845e-03
1.080e+01 2.165e-01 -1.850e-02
1.090e+01 2.296e-01 2.298e-03
1.100e+01 2.284e-01 1.429e-02
1.110e+01 2.353e-01 1.258e-02
1.120e+01 2.349e-01 1.155e-02
1.130e+01 2.393e-01 -4.391e-03
1.140e+01 2.377e-01 -3.011e-02
1.150e+01 2.266e-01 -2.680e-02
1.160e+01 2.339e-01 -5.789e-03
1.170e+01 2.361e-01 -7.516e-03
1.180e+01 2.286e-01 2.215e-02
1.190e+01 2.278e-01 1.397e-02
1.200e+01 2.300e-01 -7.230e-03
1.210e+01 2.117e-01 -1.225e-02
1.220e+01 2.205e-01 -1.750e-02
1.230e+01 2.099e-01 -1.173e-02
1.240e+01 2.091e-01 -1.638e-02
1.250e+01 2.132e-01 -1.898e-03
1.260e+01 2.125e-01 5.981e-03
1.270e+01 2.033e-01 -2.798e-03
1.280e+01 1.869e-01 -1.777e-02
1.290e+01 1.975e-01 -3.333e-02
1.300e+01 1.980e-01 -2.896e-02
1.310e+01 1.947e-01 -4.177e-02
1.320e+01 2.151e-01 -3.690e-02
1.330e+01 1.957e-01 -3.025e-02
1.340e+01 2.028e-01 -2.273e-02
1.350e+01 2.223e-01 -3.037e-02
1.360e+01 2.216e-01 -3.914e-03
1.370e+01 2.108e-01 -8.117e-03
1.380e+01 2.034e-01 -6.599e-03
1.390e+01 2.025e-01 -1.676e-03
1.400e+01 1.958e-01 -2.170e-02
1.410e+01 1.875e-01 -6.862e-03
1.420e+01 1.906e-01 -6.071e-03
1.430e+01 2.063e-01 -3.150e-03
1.440e+01 1.912e-01 -7.834e-03
1.450e+01 1.892e-01 5.070e-03
1.460e+01 1.961e-01 1.494e-02
1.470e+01 1.818e-01 1.836e-02
1.480e+01 1.831e-01 3.471e-02
1.490e+01 1.858e-01 3.375e-02
1.500e+01 1.866e-01 2.726e-02
1.510e+01 1.971e-01 2.670e-02
1.520e+01 1.902e-01 5.160e-03
1.530e+01 1.802e-01 -4.256e-03
1.540e+01 1.701e-01 1.661e-02
1.550e+01 1.819e-01 1.089e-02
1.560e+01 1.785e-01 1.097e-02
1.570e+01 1.557e-01 9.738e-03
1.580e+01 1.759e-01 1.139e-02
1.590e+01 1.857e-01 2.012e-02
1.600e+01 1.792e-01 9.163e-03
1.610e+01 1.789e-01 1.084e-02
1.620e+01 1.714e-01 2.259e-02
1.630e+01 1.675e-01 8.917e-03
1.640e+01 1.823e-01 2.855e-02
1.650e+01 1.749e-01 3.094e-02
1.660e+01 1.723e-01 4.291e-02
1.670e+01 1.664e-01 3.642e-02
1.680e+01 1.600e-01 2.120e-02
1.690e+01 1.464e-01 1.859e-02
1.700e+01 1.427e-01 1.743e-02
1.710e+01 1.418e-01 2.099e-02
1.720e+01 1.396e-01 2.129e-02
1.730e+01 1.363e-01 2.762e-02
1.740e+01 1.390e-01 2.603e-02
1.750e+01 1.405e-01 1.699e-02
1.760e+01 1.371e-01 1.427e-02
1.770e+01 1.392e-01 1.256e-02
1.780e+01 1.295e-01 4.728e-03
1.790e+01 1.294e-01 9.569e-03
1.800e+01 1.333e-01 3.819e-03
1.810e+01 1.340e-01 1.133e-02
1.820e+01 1.316e-01 8.195e-03
1.830e+01 1.246e-01 3.515e-04
1.840e+01 1.269e-01 -7.387e-03
1.850e+01 1.320e-01 5.703e-03
1.860e+01 1.270e-01 1.264e-02
1.870e+01 1.246e-01 1.752e-02
1.880e+01 1.219e-01 2.783e-02
1.890e+01 1.166e-01 2.104e-02
1.900e+01 1.139e-01 1.246e-02
1.910e+01 1.123e-01 2.567e-02
1.920e+01 1.131e-01 3.486e-02
1.930e+01 1.136e-01 2.856e-02
1.940e+01 1.071e-01 2.560e-02
1.950e+01 1.068e-01 3.244e-02
1.960e+01 1.049e-01 5.212e-02
1.970e+01 1.036e-01 3.076e-02
1.980e+01 1.119e-01 3.091e-02
1.990e+01 1.054e-01 3.852e-02
2.000e+01 1.070e-01 4.156e-02
2.010e+01 1.100e-01 4.373e-02
2.020e+01 1.118e-01 3.089e-02
2.030e+01 1.091e-01 3.618e-02
2.040e+01 1.202e-01 2.301e-02
2.050e+01 1.271e-01 2.269e-02
2.060e+01 1.224e-01 2.331e-02
2.070e+01 1.253e-01 1.677e-02
2.080e+01 1.052e-01 1.945e-02
2.090e+01 9.497e-02 1.895e-02
2.100e+01 9.233e-02 2.059e-02
2.110e+01 8.780e-02 2.340e-02
2.120e+01 8.331e-02 1.203e-02
2.130e+01 8.610e-02 7.908e-03
2.140e+01 9.522e-02 2.706e-03
2.150e+01 8.904e-02 1.338e-02
2.160e+01 9.485e-02 2.528e-02
2.170e+01 1.038e-01 1.894e-02
2.180e+01 1.123e-01 2.036e-02
2.190e+01 9.682e-02 2.572e-02
2.200e+01 9.893e-02 2.682e-02
2.210e+01 1.014e-01 2.687e-02
2.220e+01 1.054e-01 2.344e-02
2.230e+01 1.015e-01 2.265e-02
2.240e+01 9.784e-02 2.121e-02
2.250e+01 8.587e-02 8.855e-03
2.260e+01 8.487e-02 9.408e-03
2.270e+01 8.855e-02 6.538e-03
2.280e+01 8.649e-02 -2.959e-03
2.290e+01 9.013e-02 7.098e-03
2.300e+01 8.652e-02 5.716e-03
2.310e+01 8.513e-02 1.225e-02
2.320e+01 8.623e-02 4.787e-03
2.330e+01 9.099e-02 1.879e-03
2.340e+01 9.308e-02 6.717e-03
2.350e+01 9.431e-02 3.600e-03
2.360e+01 8.615e-02 2.428e-03
2.370e+01 8.478e-02 3.556e-03
2.380e+01 8.632e-02 1.682e-02
2.390e+01 9.093e-02 1.380e-02
2.400e+01 8.984e-02 1.227e-02
2.410e+01 8.488e-02 1.482e-02
2.420e+01 8.064e-02 2.162e-02
2.430e+01 8.332e-02 2.048e-02
2.440e+01 8.474e-02 1.937e-02
2.450e+01 8.751e-02 1.606e-02
2.460e+01 8.622e-02 1.882e-02
2.470e+01 8.684e-02 2.001e-02
2.480e+01 9.299e-02 1.808e-02
2.490e+01 8.382e-02 1.336e-02
2.500e+01 7.815e-02 1.148e-02
2.510e+01 7.531e-02 9.774e-03
2.520e+01 7.923e-02 4.204e-03
2.530e+01 7.905e-02 -3.441e-03
2.540e+01 7.550e-02 -6.367e-03
2.550e+01 7.757e-02 2.729e-03
2.560e+01 8.493e-02 -3.838e-04
2.570e+01 8.258e-02 -8.224e-04
2.580e+01 7.162e-02 3.274e-03
2.590e+01 8.240e-02 1.113e-02
2.600e+01 7.364e-02 6.761e-03
2.610e+01 7.605e-02 8.090e-03
2.620e+01 6.948e-02 -1.691e-03
2.630e+01 7.486e-02 3.602e-03
2.640e+01 7.046e-02 9.420e-03
2.650e+01 6.261e-02 6.614e-03
2.660e+01 6.747e-02 6.478e-03
2.670e+01 6.909e-02 2.772e-02
2.680e+01 7.504e-02 2.242e-02
2.690e+01 8.139e-02 2.220e-02
2.700e+01 7.886e-02 2.109e-02
2.710e+01 7.358e-02 1.696e-02
2.720e+01 6.345e-02 1.400e-02
2.730e+01 5.987e-02 2.413e-02
2.740e+01 7.092e-02 2.164e-02
2.750e+01 7.351e-02 1.724e-02
2.760e+01 6.210e-02 1.542e-02
2.770e+01 6.823e-02 2.929e-03
2.780e+01 6.731e-02 -1.496e-03
2.790e+01 7.004e-02 1.198e-02
2.800e+01 7.683e-02 1.896e-02
2.810e+01 8.145e-02 1.808e-02
2.820e+01 8.178e-02 1.007e-02
2.830e+01 7.979e-02 1.129e-02
2.840e+01 9.143e-02 5.469e-03
2.850e+01 8.819e-02 2.029e-03
2.860e+01 8.155e-02 6.440e-03
2.870e+01 7.514e-02 8.969e-03
2.880e+01 7.217e-02 1.191e-02
2.890e+01 6.832e-02 1.130e-02
2.900e+01 7.115e-02 1.255e-02
2.910e+01 6.698e-02 7.933e-03
2.920e+01 7.073e-02 1.078e-02
2.930e+01 7.302e-02 1.199e-02
2.940e+01 7.362e-02 1.472e-02
2.950e+01 7.961e-02 1.317e-02
2.960e+01 8.208e-02 1.648e-02
2.970e+01 7.712e-02 2.107e-02
2.980e+01 8.542e-02 2.058e-02
2.990e+01 8.327e-02 1.218e-02
3.000e+01 8.123e-02 1.364e-02
3.010e+01 7.945e-02 6.955e-03
3.020e+01 7.589e-02 6.711e-03
3.030e+01 7.630e-02 9.971e-03
3.040e+01 8.474e-02 1.233e-02
3.050e+01 7.641e-02 8.521e-03
3.060e+01 7.703e-02 9.626e-03
3.070e+01 7.391e-02 1.263e-02
3.080e+01 7.888e-02 9.962e-03
3.090e+01 8.130e-02 1.316e-02
3.100e+01 7.476e-02 8.692e-03
3.110e+01 7.689e-02 1.488e-02
3.120e+01 7.279e-02 1.129e-02
3.130e+01 7.155e-02 1.041e-02
3.140e+01 7.270e-02 1.268e-02
3.150e+01 7.942e-02 1.434e-02
3.160e+01 7.528e-02 7.478e-03
3.170e+01 7.417e-02 6.220e-03
3.180e+01 7.408e-02 3.469e-03
3.190e+01 7.427e-02 5.127e-03
3.200e+01 7.201e-02 8.969e-03
3.210e+01 6.782e-02 9.136e-03
3.220e+01 6.666e-02 9.807e-03
3.230e+01 6.514e-02 3.718e-03
3.240e+01 6.594e-02 6.476e-03
3.250e+01 6.607e-02 9.637e-04
3.260e+01 6.514e-02 4.146e-03
3.270e+01 6.687e-02 5.209e-03
3.280e+01 7.115e-02 6.788e-03
3.290e+01 7.047e-02 9.541e-03
3.300e+01 6.970e-02 8.489e-03
3.310e+01 6.212e-02 6.039e-03
3.320e+01 5.551e-02 1.178e-02
3.330e+01 5.715e-02 5.397e-03
3.340e+01 5.921e-02 1.156e-02
3.350e+01 5.738e-02 9.444e-03
3.360e+01 5.732e-02 1.441e-02
3.370e+01 6.273e-02 1.794e-02
3.380e+01 6.915e-02 1.710e-02
3.390e+01 6.080e-02 1.676e-02
3.400e+01 6.367e-02 1.867e-02
3.410e+01 5.899e-02 1.593e-02
3.420e+01 5.727e-02 7.362e-03
3.430e+01 6.047e-02 1.171e-02
3.440e+01 5.932e-02 1.419e-02
3.450e+01 6.346e-02 1.760e-02
3.460e+01 6.806e-02 1.903e-02
3.470e+01 6.747e-02 1.872e-02
3.480e+01 6.876e-02 1.676e-02
3.490e+01 6.345e-02 9.700e-03
3.500e+01 5.780e-02 1.585e-02
3.510e+01 5.536e-02 1.035e-02
3.520e+01 5.695e-02 1.796e-02
3.530e+01 5.016e-02 1.724e-02
3.540e+01 4.815e-02 1.511e-02
3.550e+01 5.455e-02 1.158e-02
3.560e+01 6.572e-02 2.284e-02
3.570e+01 6.534e-02 1.831e-02
3.580e+01 6.890e-02 1.641e-02
3.590e+01 6.489e-02 1.317e-02
3.600e+01 5.849e-02 1.463e-02
3.610e+01 5.664e-02 1.474e-02
3.620e+01 5.718e-02 1.395e-02
3.630e+01 5.571e-02 1.524e-02
3.640e+01 5.170e-02 1.317e-02
3.650e+01 5.867e-02 1.453e-02
3.660e+01 5.781e-02 1.210e-02
3.670e+01 5.563e-02 1.408e-02
3.680e+01 3.836e-02 1.985e-02
3.690e+01 4.328e-02 1.018e-02
3.700e+01 4.004e-02 1.295e-02
3.710e+01 4.728e-02 1.447e-02
3.720e+01 4.772e-02 1.602e-02
3.730e+01 5.775e-02 1.553e-02
3.740e+01 5.775e-02 1.331e-02
3.750e+01 5.632e-02 9.994e-03
3.760e+01 5.055e-02 3.932e-03
3.770e+01 5.402e-02 6.207e-03
3.780e+01 5.733e-02 1.013e-02
3.790e+01 5.458e-02 1.077e-02
3.800e+01 5.326e-02 7.840e-03
3.810e+01 5.485e-02 1.023e-02
3.820e+01 4.749e-02 1.319e-02
3.830e+01 4.690e-02 1.681e-02
3.840e+01 4.276e-02 1.255e-02
3.850e+01 4.713e-02 4.862e-03
3.860e+01 3.923e-02 1.061e-02
3.870e+01 5.513e-02 5.634e-03
3.880e+01 5.192e-02 4.487e-03
3.890e+01 5.753e-02 1.100e-02
3.900e+01 4.868e-02 1.276e-02
3.910e+01 4.783e-02 1.737e-02
3.920e+01 4.363e-02 2.040e-02
3.930e+01 3.731e-02 1.834e-02
3.940e+01 2.645e-02 1.355e-02
3.950e+01 2.245e-02 2.434e-02
3.960e+01 3.476e-02 1.961e-02
3.970e+01 4.068e-02 1.610e-02
3.980e+01 4.022e-02 1.312e-02
3.990e+01 4.037e-02 1.261e-02
4.000e+01 3.680e-02 7.943e-03
4.010e+01 3.525e-02 5.440e-03
4.020e+01 3.788e-02 1.125e-02
4.030e+01 3.932e-02 8.343e-03
4.040e+01 4.627e-02 1.569e-02
4.050e+01 4.440e-02 1.073e-02
4.060e+01 3.813e-02 7.299e-03
4.070e+01 3.654e-02 7.869e-03
4.080e+01 4.073e-02 4.707e-03
4.090e+01 4.400e-02 2.976e-03
4.100e+01 5.385e-02 6.653e-03
4.110e+01 4.742e-02 8.234e-03
4.120e+01 4.580e-02 2.263e-03
4.130e+01 4.585e-02 1.881e-03
4.140e+01 4.496e-02 1.339e-03
4.150e+01 4.434e-02 1.862e-04
4.160e+01 4.204e-02 1.087e-03
4.170e+01 4.081e-02 -1.902e-03
4.180e+01 4.232e-02 -1.178e-03
4.190e+01 4.537e-02 -4.710e-03
4.200e+01 4.962e-02 -5.700e-03
4.210e+01 4.249e-02 -7.802e-03
4.220e+01 4.652e-02 -1.583e-03
4.230e+01 4.742e-02 -1.045e-03
4.240e+01 4.615e-02 -1.233e-03
4.250e+01 4.453e-02 -7.078e-03
4.260e+01 4.006e-02 -6.278e-03
4.270e+01 3.541e-02 -5.338e-03
4.280e+01 2.804e-02 -6.430e-03
4.290e+01 3.510e-02 -5.413e-03
4.300e+01 3.516e-02 -2.103e-03
4.310e+01 3.656e-02 -4.143e-03
4.320e+01 3.942e-02 -4.056e-03
4.330e+01 3.875e-02 -2.367e-03
4.340e+01 3.932e-02 -2.817e-03
4.350e+01 3.973e-02 -9.303e-04
4.360e+01 4.400e-02 3.515e-03
4.370e+01 4.394e-02 1.736e-03
4.380e+01 4.277e-02 3.150e-03
4.390e+01 3.965e-02 3.069e-03
4.400e+01 4.122e-02 9.464e-04
4.410e+01 4.184e-02 1.863e-03
4.420e+01 4.266e-02 2.603e-03
4.430e+01 4.569e-02 4.478e-03
4.440e+01 4.219e-02 5.634e-03
4.450e+01 3.843e-02 4.407e-03
4.460e+01 3.972e-02 2.397e-03
4.470e+01 4.287e-02 1.056e-03
4.480e+01 4.366e-02 -1.136e-03
4.490e+01 4.121e-02 3.198e-03
4.500e+01 3.713e-02 4.948e-03
4.510e+01 3.589e-02 1.948e-03
4.520e+01 3.506e-02 1.084e-03
4.530e+01 3.372e-02 -1.508e-03
4.540e+01 2.955e-02 3.022e-03
4.550e+01 2.812e-02 2.837e-03
4.560e+01 3.266e-02 4.246e-03
4.570e+01 3.098e-02 3.436e-03
4.580e+01 3.079e-02 1.976e-03
4.590e+01 3.484e-02 5.895e-03
4.600e+01 3.278e-02 4.755e-03
4.610e+01 3.585e-02 6.843e-03
4.620e+01 3.438e-02 6.462e-03
4.630e+01 3.440e-02 3.274e-03
4.640e+01 3.269e-02 6.558e-03
4.650e+01 3.462e-02 7.196e-03
4.660e+01 3.596e-02 3.777e-03
4.670e+01 3.624e-02 2.278e-03
4.680e+01 3.622e-02 1.548e-03
4.690e+01 3.550e-02 2.235e-04
4.700e+01 3.356e-02 3.395e-03
4.710e+01 3.303e-02 2.468e-03
4.720e+01 3.232e-02 4.402e-03
4.730e+01 3.259e-02 3.692e-03
4.740e+01 3.207e-02 2.699e-03
4.750e+01 3.513e-02 1.749e-03
4.760e+01 3.420e-02 -1.863e-03
4.770e+01 3.411e-02 -3.172e-03
4.780e+01 3.413e-02 -4.490e-03
4.790e+01 3.484e-02 -1.545e-03
4.800e+01 3.447e-02 -2.341e-03
4.810e+01 3.642e-02 -2.138e-04
4.820e+01 3.756e-02 -2.093e-03
4.830e+01 3.447e-02 -1.050e-03
4.840e+01 3.675e-02 6.474e-05
4.850e+01 3.879e-02 -2.030e-03
4.860e+01 3.867e-02 7.685e-04
4.870e+01 3.721e-02 -1.053e-03
4.880e+01 3.397e-02 1.286e-04
4.890e+01 3.440e-02 2.351e-03
4.900e+01 3.297e-02 3.374e-03
4.910e+01 3.266e-02 5.435e-03
4.920e+01 3.089e-02 6.333e-03
4.930e+01 3.161e-02 3.159e-03
4.940e+01 3.063e-02 1.768e-03
4.950e+01 3.025e-02 5.168e-04
4.960e+01 3.248e-02 7.193e-03
4.970e+01 3.162e-02 6.337e-03
4.980e+01 3.149e-02 7.105e-03
4.990e+01 2.836e-02 5.901e-03
5.000e+01 2.727e-02 3.763e-03
5.010e+01 2.629e-02 5.990e-03
5.020e+01 2.918e-02 3.364e-03
5.030e+01 2.738e-02 4.069e-03
5.040e+01 2.574e-02 4.361e-03
5.050e+01 2.941e-02 5.890e-03
5.060e+01 2.894e-02 7.281e-03
5.070e+01 2.965e-02 5.905e-03
5.080e+01 3.015e-02 5.290e-03
5.090e+01 2.869e-02 3.935e-03
5.100e+01 2.948e-02 5.203e-03
5.110e+01 2.422e-02 7.405e-03
5.120e+01 2.628e-02 5.874e-03
5.130e+01 2.848e-02 8.735e-03
5.140e+01 3.164e-02 8.529e-03
5.150e+01 2.752e-02 6.905e-03
5.160e+01 2.802e-02 5.498e-03
5.170e+01 3.173e-02 7.086e-03
5.180e+01 3.356e-02 8.872e-03
5.190e+01 3.016e-02 1.048e-02
5.200e+01 3.282e-02 1.129e-02
5.210e+01 3.212e-02 8.676e-03
5.220e+01 3.248e-02 7.281e-03
5.230e+01 2.895e-02 8.842e-03
5.240e+01 3.007e-02 7.555e-03
5.250e+01 2.684e-02 8.255e-03
5.260e+01 2.414e-02 8.232e-03
5.270e+01 2.808e-02 9.460e-03
5.280e+01 2.960e-02 7.614e-03
5.290e+01 2.881e-02 9.308e-03
5.300e+01 2.817e-02 6.615e-03
5.310e+01 2.735e-02 7.115e-03
5.320e+01 2.907e-02 5.674e-03
5.330e+01 2.832e-02 4.682e-03
5.340e+01 3.063e-02 2.509e-03
5.350e+01 3.259e-02 3.463e-03
5.360e+01 3.300e-02 -3.616e-04
5.370e+01 3.103e-02 6.597e-04
5.380e+01 2.495e-02 1.394e-03
5.390e+01 2.867e-02 4.745e-03
5.400e+01 2.394e-02 4.146e-03
5.410e+01 2.118e-02 3.477e-03
5.420e+01 1.980e-02 5.978e-03
5.430e+01 1.995e-02 7.746e-03
5.440e+01 2.373e-02 5.634e-03
5.450e+01 2.613e-02 8.062e-03
5.460e+01 2.474e-02 1.001e-02
5.470e+01 2.122e-02 7.331e-03
5.480e+01 2.115e-02 7.706e-03
5.490e+01 2.052e-02 5.414e-03
5.500e+01 2.364e-02 5.616e-03
5.510e+01 2.282e-02 9.410e-03
5.520e+01 2.214e-02 8.197e-03
5.530e+01 2.277e-02 4.044e-03
5.540e+01 2.181e-02 3.825e-03
5.550e+01 1.963e-02 2.341e-03
5.560e+01 2.366e-02 2.624e-03
5.570e+01 2.185e-02 1.168e-03
5.580e+01 2.126e-02 5.366e-03
5.590e+01 1.988e-02 3.741e-03
5.600e+01 1.826e-02 3.458e-03
5.610e+01 1.808e-02 3.147e-03
5.620e+01 1.998e-02 3.457e-03
5.630e+01 2.094e-02 6.008e-03
5.640e+01 1.883e-02 6.786e-03
5.650e+01 1.525e-02 3.143e-03
5.660e+01 1.754e-02 3.009e-03
5.670e+01 1.725e-02 3.843e-03
5.680e+01 1.655e-02 8.375e-03
5.690e+01 1.841e-02 1.068e-02
5.700e+01 2.186e-02 1.090e-02
5.710e+01 1.653e-02 8.711e-03
5.720e+01 1.694e-02 4.203e-03
5.730e+01 1.620e-02 4.036e-03
5.740e+01 1.494e-02 4.861e-03
5.750e+01 1.753e-02 3.467e-03
5.760e+01 1.501e-02 3.553e-03
5.770e+01 1.414e-02 1.454e-03
5.780e+01 1.435e-02 8.257e-04
5.790e+01 1.603e-02 3.522e-03
5.800e+01 1.544e-02 6.691e-03
5.810e+01 1.628e-02 9.995e-03
5.820e+01 2.004e-02 7.899e-03
5.830e+01 2.162e-02 1.064e-02
5.840e+01 2.091e-02 8.924e-03
5.850e+01 2.293e-02 9.696e-03
5.860e+01 2.414e-02 1.195e-02
5.870e+01 2.136e-02 1.236e-02
5.880e+01 2.044e-02 1.127e-02
5.890e+01 2.152e-02 8.603e-03
5.900e+01 2.332e-02 9.576e-03
5.910e+01 2.474e-02 9.497e-03
5.920e+01 2.700e-02 9.716e-03
5.930e+01 2.891e-02 1.024e-02
5.940e+01 2.793e-02 9.410e-03
5.950e+01 3.252e-02 9.596e-03
5.960e+01 3.569e-02 1.104e-02
5.970e+01 3.199e-02 7.250e-03
5.980e+01 2.890e-02 8.609e-03
5.990e+01 2.909e-02 8.950e-03
6.000e+01 3.090e-02 7.897e-03
6.010e+01 3.349e-02 6.235e-03
6.020e+01 3.117e-02 4.155e-03
6.030e+01 2.726e-02 4.233e-03
6.040e+01 3.236e-02 6.233e-03
6.050e+01 2.988e-02 5.334e-03
6.060e+01 2.890e-02 3.861e-03
6.070e+01 2.769e-02 6.517e-03
6.080e+01 2.894e-02 7.044e-03
6.090e+01 2.854e-02 6.268e-03
6.100e+01 2.583e-02 4.040e-03
6.110e+01 2.788e-02 6.462e-03
6.120e+01 2.953e-02 4.274e-03
6.130e+01 3.446e-02 1.652e-03
6.140e+01 3.299e-02 2.674e-03
6.150e+01 3.339e-02 5.816e-03
6.160e+01 2.764e-02 3.759e-03
6.170e+01 2.367e-02 2.378e-03
6.180e+01 2.280e-02 2.851e-03
6.190e+01 2.391e-02 3.521e-03
6.200e+01 2.309e-02 4.991e-03
6.210e+01 2.462e-02 4.079e-03
6.220e+01 2.318e-02 6.056e-03
6.230e+01 2.555e-02 4.363e-03
6.240e+01 2.509e-02 4.274e-03
6.250e+01 2.608e-02 2.496e-03
6.260e+01 2.364e-02 2.671e-03
6.270e+01 2.424e-02 2.619e-03
6.280e+01 2.281e-02 2.506e-03
6.290e+01 2.409e-02 3.057e-03
6.300e+01 2.579e-02 2.277e-03
6.310e+01 2.704e-02 2.880e-03
6.320e+01 2.652e-02 2.576e-03
6.330e+01 2.791e-02 1.842e-03
6.340e+01 2.729e-02 1.118e-03
6.350e+01 2.555e-02 1.550e-03
6.360e+01 2.334e-02 1.418e-03
6.370e+01 2.303e-02 2.963e-03
6.380e+01 2.278e-02 5.167e-03
6.390e+01 2.275e-02 5.253e-03
6.400e+01 2.262e-02 3.063e-03
6.410e+01 2.260e-02 1.093e-03
6.420e+01 2.209e-02 1.923e-03
6.430e+01 2.397e-02 7.251e-04
6.440e+01 2.469e-02 -4.970e-04
6.450e+01 2.430e-02 -3.151e-04
6.460e+01 2.550e-02 -4.579e-04
6.470e+01 2.445e-02 -9.826e-04
6.480e+01 2.390e-02 -1.015e-03
6.490e+01 2.371e-02 -5.316e-03
6.500e+01 2.091e-02 -7.107e-03
6.510e+01 2.118e-02 -8.007e-03
6.520e+01 2.076e-02 -6.329e-03
6.530e+01 1.818e-02 -4.068e-03
6.540e+01 1.946e-02 -5.502e-03
6.550e+01 2.252e-02 -6.360e-03
6.560e+01 2.079e-02 -6.113e-03
6.570e+01 2.186e-02 -3.983e-03
6.580e+01 2.183e-02 -2.656e-03
6.590e+01 2.460e-02 7.665e-04
6.600e+01 2.619e-02 -1.048e-03
6.610e+01 2.622e-02 -1.354e-04
6.620e+01 2.045e-02 7.656e-04
6.630e+01 1.986e-02 3.789e-03
6.640e+01 2.447e-02 -9.679e-05
6.650e+01 2.367e-02 -2.438e-03
6.660e+01 2.136e-02 -5.555e-03
6.670e+01 2.265e-02 -4.886e-03
6.680e+01 2.017e-02 -3.278e-03
6.690e+01 1.940e-02 -6.763e-03
6.700e+01 2.464e-02 -7.911e-03
6.710e+01 2.475e-02 -3.201e-03
6.720e+01 2.604e-02 -3.880e-03
6.730e+01 2.565e-02 -2.858e-03
6.740e+01 2.540e-02 -4.995e-03
6.750e+01 2.515e-02 3.241e-03
6.760e+01 2.419e-02 2.518e-03
6.770e+01 2.417e-02 5.063e-03
6.780e+01 2.665e-02 4.485e-03
6.790e+01 2.876e-02 4.665e-03
6.800e+01 3.014e-02 4.131e-03
6.810e+01 2.838e-02 1.671e-03
6.820e+01 2.525e-02 3.721e-03
6.830e+01 2.532e-02 7.357e-03
6.840e+01 2.253e-02 7.875e-03
6.850e+01 2.295e-02 6.569e-03
6.860e+01 2.131e-02 9.694e-03
6.870e+01 2.360e-02 9.309e-03
6.880e+01 1.778e-02 6.471e-03
6.890e+01 2.074e-02 5.888e-03
6.900e+01 1.747e-02 6.431e-03
6.910e+01 1.644e-02 3.487e-03
6.920e+01 1.879e-02 1.488e-03
6.930e+01 1.876e-02 1.488e-03
6.940e+01 1.885e-02 9.144e-04
6.950e+01 2.088e-02 2.489e-03
6.960e+01 1.778e-02 -2.716e-04
6.970e+01 1.861e-02 2.678e-03
6.980e+01 2.301e-02 2.391e-04
6.990e+01 2.499e-02 -3.981e-03
7.000e+01 2.289e-02 -6.725e-03
7.010e+01 2.307e-02 -3.425e-03
7.020e+01 1.685e-02 -2.250e-03
7.030e+01 1.661e-02 -2.803e-03
7.040e+01 2.041e-02 -3.336e-03
7.050e+01 1.643e-02 -6.475e-03
7.060e+01 1.441e-02 -8.668e-03
7.070e+01 1.460e-02 -7.327e-03
7.080e+01 1.709e-02 -8.081e-03
7.090e+01 1.875e-02 -6.048e-03
7.100e+01 1.991e-02 -2.162e-03
7.110e+01 2.356e-02 -2.710e-03
7.120e+01 2.343e-02 -3.474e-03
7.130e+01 2.290e-02 -6.800e-03
7.140e+01 2.051e-02 -1.054e-02
7.150e+01 1.852e-02 -6.330e-03
7.160e+01 1.787e-02 -5.048e-03
7.170e+01 1.524e-02 -8.258e-03
7.180e+01 1.658e-02 -7.667e-03
7.190e+01 1.792e-02 -5.633e-03
7.200e+01 1.883e-02 -2.914e-03
7.210e+01 2.022e-02 -6.464e-03
7.220e+01 1.700e-02 -8.561e-03
7.230e+01 8.595e-03 -9.708e-03
7.240e+01 1.373e-02 -1.420e-02
7.250e+01 1.662e-02 -1.887e-02
7.260e+01 2.020e-02 -1.306e-02
7.270e+01 2.070e-02 -1.446e-02
7.280e+01 1.696e-02 -2.052e-02
7.290e+01 6.072e-03 -3.057e-02
7.300e+01 -3.923e-04 -3.508e-02
7.310e+01 9.861e-03 -2.451e-02
7.320e+01 2.010e-02 -3.258e-02
7.330e+01 2.248e-02 -1.546e-02
7.340e+01 2.162e-02 -1.349e-02
7.350e+01 2.595e-02 -1.412e-02
7.360e+01 2.185e-02 -1.239e-02
7.370e+01 2.434e-02 -1.045e-02
7.380e+01 2.306e-02 -1.046e-02
7.390e+01 1.929e-02 -8.305e-03
7.400e+01 1.734e-02 -9.876e-03
7.410e+01 2.097e-02 -9.764e-03
7.420e+01 1.792e-02 -4.625e-03
7.430e+01 1.972e-02 -5.386e-03
7.440e+01 2.234e-02 -8.497e-03
7.450e+01 2.605e-02 -8.479e-03
7.460e+01 2.146e-02 -6.695e-03
7.470e+01 2.072e-02 -9.316e-03
7.480e+01 1.875e-02 -5.450e-03
7.490e+01 2.002e-02 -3.294e-03
7.500e+01 2.007e-02 -3.620e-03
7.510e+01 2.562e-02 -6.419e-03
7.520e+01 2.249e-02 -4.375e-03
7.530e+01 2.490e-02 -5.721e-03
7.540e+01 2.873e-02 -1.102e-02
7.550e+01 2.737e-02 -6.270e-03
7.560e+01 2.876e-02 -1.048e-02
7.570e+01 2.342e-02 -1.496e-02
7.580e+01 2.087e-02 -1.127e-02
7.590e+01 1.843e-02 -1.034e-02
7.600e+01 1.929e-02 -5.334e-03
7.610e+01 2.081e-02 -3.120e-03
7.620e+01 1.892e-02 -4.044e-03
7.630e+01 2.248e-02 -5.342e-03
7.640e+01 2.005e-02 -2.934e-03
7.650e+01 1.721e-02 -3.297e-03
7.660e+01 2.062e-02 3.031e-05
7.670e+01 1.930e-02 -1.905e-03
7.680e+01 2.112e-02 -2.527e-03
7.690e+01 2.320e-02 -2.738e-03
7.700e+01 2.195e-02 -3.970e-03
7.710e+01 2.202e-02 -2.751e-03
7.720e+01 2.093e-02 -2.503e-03
7.730e+01 1.907e-02 9.438e-04
7.740e+01 1.791e-02 1.242e-04
7.750e+01 1.944e-02 1.768e-04
7.760e+01 1.985e-02 -3.820e-03
7.770e+01 2.063e-02 -2.591e-03
7.780e+01 2.044e-02 -2.691e-03
7.790e+01 1.896e-02 -5.412e-04
7.800e+01 1.793e-02 2.739e-04
7.810e+01 1.678e-02 1.785e-03
7.820e+01 1.711e-02 -6.180e-04
7.830e+01 2.002e-02 2.689e-04
7.840e+01 2.149e-02 -8.112e-04
7.850e+01 2.111e-02 4.022e-03
7.860e+01 2.305e-02 5.340e-03
7.870e+01 2.080e-02 5.516e-03
7.880e+01 1.911e-02 3.599e-03
7.890e+01 2.043e-02 3.726e-03
7.900e+01 1.833e-02 5.028e-03
7.910e+01 1.527e-02 7.256e-03
7.920e+01 1.266e-02 7.930e-03
7.930e+01 1.657e-02 9.580e-03
7.940e+01 1.588e-02 7.413e-03
7.950e+01 1.893e-02 7.819e-03
7.960e+01 1.512e-02 1.171e-02
7.970e+01 1.355e-02 1.116e-02
7.980e+01 1.200e-02 1.557e-02
7.990e+01 1.689e-03 2.268e-02
8.000e+01 1.337e-02 1.476e-02
8.010e+01 1.503e-02 1.031e-02
8.020e+01 1.439e-02 7.769e-03
8.030e+01 1.555e-02 6.580e-03
8.040e+01 1.687e-02 7.944e-03
8.050e+01 1.654e-02 8.275e-03
8.060e+01 1.579e-02 9.935e-03
8.070e+01 1.862e-02 1.016e-02
8.080e+01 1.289e-02 1.072e-02
8.090e+01 1.442e-02 8.276e-03
8.100e+01 1.248e-02 1.122e-02
8.110e+01 9.819e-03 8.057e-03
8.120e+01 1.238e-02 5.627e-03
8.130e+01 1.316e-02 4.842e-03
8.140e+01 1.454e-02 6.262e-03
8.150e+01 1.305e-02 7.854e-03
8.160e+01 8.845e-03 9.863e-03
8.170e+01 1.487e-02 9.239e-03
8.180e+01 1.463e-02 9.800e-03
8.190e+01 1.463e-02 1.043e-02
8.200e+01 1.423e-02 5.223e-03
8.210e+01 1.431e-02 8.516e-03
8.220e+01 1.229e-02 9.848e-03
8.230e+01 1.296e-02 1.004e-02
8.240e+01 1.445e-02 8.943e-03
8.250e+01 1.511e-02 6.590e-03
8.260e+01 1.305e-02 6.999e-03
8.270e+01 1.593e-02 1.088e-02
8.280e+01 1.852e-02 9.275e-03
8.290e+01 1.595e-02 1.072e-02
8.300e+01 1.694e-02 1.197e-02
8.310e+01 2.018e-02 1.348e-02
8.320e+01 1.925e-02 1.009e-02
8.330e+01 1.654e-02 7.194e-03
8.340e+01 1.710e-02 7.021e-03
8.350e+01 1.954e-02 8.291e-03
8.360e+01 1.745e-02 8.286e-03
8.370e+01 2.199e-02 1.097e-02
8.380e+01 1.810e-02 1.009e-02
8.390e+01 1.690e-02 1.127e-02
8.400e+01 1.790e-02 1.187e-02
8.410e+01 1.498e-02 8.962e-03
8.420e+01 1.434e-02 1.197e-02
8.430e+01 1.568e-02 8.807e-03
8.440e+01 1.770e-02 1.395e-02
8.450e+01 1.828e-02 1.165e-02
8.460e+01 1.707e-02 1.235e-02
8.470e+01 1.999e-02 1.327e-02
8.480e+01 1.984e-02 1.359e-02
8.490e+01 1.852e-02 9.177e-03
8.500e+01 1.778e-02 1.095e-02
8.510e+01 1.901e-02 1.155e-02
8.520e+01 1.761e-02 8.145e-03
8.530e+01 1.944e-02 8.159e-03
8.540e+01 1.881e-02 1.043e-02
8.550e+01 1.923e-02 9.717e-03
8.560e+01 2.179e-02 9.858e-03
8.570e+01 2.093e-02 1.215e-02
8.580e+01 2.020e-02 1.475e-02
8.590e+01 1.924e-02 1.512e-02
8.600e+01 2.086e-02 1.481e-02
8.610e+01 1.999e-02 1.391e-02
8.620e+01 1.853e-02 1.307e-02
8.630e+01 1.841e-02 1.785e-02
8.640e+01 1.371e-02 1.556e-02
8.650e+01 1.199e-02 1.053e-02
8.660e+01 1.031e-02 1.457e-02
8.670e+01 1.102e-02 3.741e-02
8.680e+01 1.437e-03 2.518e-02
8.690e+01 8.880e-03 2.530e-02
8.700e+01 7.526e-03 2.543e-02
8.710e+01 4.669e-03 2.019e-02
8.720e+01 -1.707e-03 1.702e-02
8.730e+01 7.550e-03 2.441e-02
8.740e+01 9.057e-03 1.925e-02
8.750e+01 6.664e-03 2.033e-02
8.760e+01 5.442e-03 2.313e-02
8.770e+01 8.524e-03 2.453e-02
8.780e+01 4.511e-03 2.183e-02
8.790e+01 1.964e-03 2.814e-02
8.800e+01 1.743e-02 2.058e-02
8.810e+01 2.439e-03 2.365e-02
8.820e+01 2.478e-03 1.373e-02
8.830e+01 -2.784e-03 9.772e-03
8.840e+01 -1.155e-03 6.702e-03
8.850e+01 3.738e-03 8.398e-03
8.860e+01 4.209e-03 1.032e-02
8.870e+01 1.831e-03 1.915e-02
8.880e+01 7.416e-03 2.306e-02
8.890e+01 -4.132e-03 1.946e-02
8.900e+01 -9.543e-04 1.427e-02
8.910e+01 -9.250e-04 1.286e-02
8.920e+01 -3.942e-03 7.673e-03
8.930e+01 -6.880e-03 1.553e-02
8.940e+01 -2.515e-03 2.689e-02
8.950e+01 3.875e-03 2.561e-02
8.960e+01 9.750e-03 3.333e-02
8.970e+01 -6.136e-04 3.078e-02
8.980e+01 8.358e-03 2.464e-02
8.990e+01 6.403e-03 2.455e-02
9.000e+01 5.050e-03 2.538e-02
9.010e+01 4.688e-03 1.997e-02
9.020e+01 4.458e-03 1.870e-02
9.030e+01 3.149e-03 2.650e-02
9.040e+01 1.087e-02 1.365e-02
9.050e+01 1.063e-02 9.844e-03
9.060e+01 9.661e-03 1.004e-02
9.070e+01 6.734e-03 1.092e-02
9.080e+01 7.731e-03 1.100e-02
9.090e+01 9.221e-03 1.004e-02
9.100e+01 8.465e-03 9.035e-03
9.110e+01 7.457e-03 7.705e-03
9.120e+01 6.969e-03 6.447e-03
9.130e+01 6.689e-03 7.256e-03
9.140e+01 3.596e-03 8.858e-03
9.150e+01 4.086e-03 9.156e-03
9.160e+01 4.054e-03 9.811e-03
9.170e+01 7.199e-03 1.103e-02
9.180e+01 8.686e-03 9.063e-03
9.190e+01 8.576e-03 9.568e-03
9.200e+01 1.086e-02 7.272e-03
9.210e+01 1.009e-02 9.054e-03
9.220e+01 1.044e-02 9.731e-03
9.230e+01 1.426e-02 1.060e-02
9.240e+01 1.367e-02 1.015e-02
9.250e+01 1.406e-02 1.219e-02
9.260e+01 1.322e-02 1.090e-02
9.270e+01 1.079e-02 9.146e-03
9.280e+01 1.153e-02 6.911e-03
9.290e+01 1.245e-02 3.854e-03
9.300e+01 1.468e-02 4.317e-03
9.310e+01 1.399e-02 4.400e-03
9.320e+01 1.419e-02 3.355e-03
9.330e+01 1.274e-02 3.617e-03
9.340e+01 1.390e-02 3.855e-03
9.350e+01 1.476e-02 4.734e-03
9.360e+01 1.580e-02 3.532e-03
9.370e+01 1.433e-02 3.920e-03
9.380e+01 1.394e-02 6.612e-03
9.390e+01 1.447e-02 5.705e-03
9.400e+01 1.415e-02 5.860e-03
9.410e+01 1.592e-02 6.734e-03
9.420e+01 1.425e-02 6.091e-03
9.430e+01 1.300e-02 5.196e-03
9.440e+01 1.259e-02 4.393e-03
9.450e+01 1.406e-02 5.662e-03
9.460e+01 1.282e-02 5.538e-03
9.470e+01 1.053e-02 4.571e-03
9.480e+01 1.075e-02 3.194e-03
9.490e+01 1.084e-02 3.524e-03
9.500e+01 1.036e-02 4.497e-03
9.510e+01 9.612e-03 5.911e-03
9.520e+01 1.115e-02 4.597e-03
9.530e+01 1.191e-02 5.594e-03
9.540e+01 1.202e-02 5.332e-03
9.550e+01 1.260e-02 4.482e-03
9.560e+01 1.026e-02 6.842e-03
9.570e+01 9.719e-03 8.500e-03
9.580e+01 9.849e-03 7.970e-03
9.590e+01 1.216e-02 7.244e-03
9.600e+01 1.094e-02 4.900e-03
9.610e+01 1.022e-02 3.973e-03
9.620e+01 7.937e-03 4.828e-03
9.630e+01 7.517e-03 6.309e-03
9.640e+01 5.815e-03 5.628e-03
9.650e+01 6.477e-03 6.039e-03
9.660e+01 6.596e-03 3.805e-03
9.670e+01 7.543e-03 2.899e-03
9.680e+01 8.298e-03 3.759e-03
9.690e+01 7.127e-03 4.158e-03
9.700e+01 7.076e-03 2.024e-03
9.710e+01 1.016e-02 1.748e-03
9.720e+01 1.080e-02 2.685e-03
9.730e+01 1.194e-02 2.166e-03
9.740e+01 1.261e-02 2.751e-03
9.750e+01 1.220e-02 2.968e-03
9.760e+01 1.242e-02 2.433e-03
9.770e+01 1.102e-02 1.496e-03
9.780e+01 9.802e-03 1.236e-03
9.790e+01 1.029e-02 9.759e-04
9.800e+01 8.527e-03 2.516e-03
9.810e+01 9.112e-03 1.914e-03
9.820e+01 9.578e-03 2.483e-03
9.830e+01 1.136e-02 3.050e-03
9.840e+01 1.108e-02 3.377e-03
9.850e+01 1.174e-02 2.608e-03
9.860e+01 1.029e-02 2.887e-03
9.870e+01 9.918e-03 2.207e-03
9.880e+01 8.979e-03 3.241e-03
9.890e+01 7.776e-03 3.241e-03
9.900e+01 8.222e-03 3.228e-03
9.910e+01 9.657e-03 2.329e-03
9.920e+01 1.111e-02 2.174e-03
9.930e+01 1.121e-02 2.833e-03
9.940e+01 1.071e-02 3.026e-03
9.950e+01 1.063e-02 4.634e-03
9.960e+01 8.261e-03 8.081e-04
9.970e+01 9.755e-03 2.309e-04
9.980e+01 1.096e-02 1.076e-03
9.990e+01 1.118e-02 -1.576e-05
