# Time (ps)      real(F_1)      im(F_1)
0.000e+00 1.000e+00 0.000e+00
1.000e-01 9.595e-01 -3.621e-02
2.000e-01 9.579e-01 -4.348e-02
3.000e-01 8.548e-01 -3.651e-02
4.000e-01 8.422e-01 -3.874e-02
5.000e-01 7.963e-01 -3.403e-02
6.000e-01 7.354e-01 -7.080e-02
7.000e-01 7.116e-01 -2.706e-02
8.000e-01 6.719e-01 -7.270e-03
9.000e-01 7.502e-01 -1.779e-02
1.000e+00 7.293e-01 -7.767e-02
1.100e+00 6.864e-01 -5.857e-02
1.200e+00 6.797e-01 -2.622e-02
1.300e+00 6.136e-01 -8.576e-03
1.400e+00 6.545e-01 1.730e-02
1.500e+00 6.393e-01 -4.061e-03
1.600e+00 6.064e-01 3.500e-03
1.700e+00 6.071e-01 -1.982e-02
1.800e+00 6.191e-01 -2.620e-02
1.900e+00 5.615e-01 -2.137e-02
2.000e+00 5.481e-01 -3.432e-02
2.100e+00 5.723e-01 -4.097e-02
2.200e+00 5.521e-01 -2.760e-02
2.300e+00 5.286e-01 -6.030e-03
2.400e+00 5.408e-01 -7.964e-03
2.500e+00 5.523e-01 -3.812e-02
2.600e+00 5.574e-01 -2.459e-02
2.700e+00 5.282e-01 -8.027e-03
2.800e+00 5.146e-01 -1.587e-02
2.900e+00 5.082e-01 -3.870e-02
3.000e+00 5.046e-01 -2.479e-02
3.100e+00 5.064e-01 -2.733e-02
3.200e+00 5.095e-01 -3.252e-02
3.300e+00 5.352e-01 -3.501e-02
3.400e+00 5.112e-01 -1.777e-02
3.500e+00 5.317e-01 -4.133e-02
3.600e+00 4.951e-01 -4.079e-02
3.700e+00 5.205e-01 -3.821e-02
3.800e+00 4.746e-01 -1.761e-02
3.900e+00 4.718e-01 -1.813e-02
4.000e+00 4.202e-01 -3.432e-02
4.100e+00 4.707e-01 1.753e-02
4.200e+00 4.529e-01 1.269e-03
4.300e+00 4.639e-01 1.148e-02
4.400e+00 4.532e-01 -8.334e-03
4.500e+00 4.775e-01 1.491e-02
4.600e+00 4.892e-01 2.706e-02
4.700e+00 4.594e-01 7.210e-03
4.800e+00 4.506e-01 1.004e-02
4.900e+00 4.264e-01 1.977e-02
5.000e+00 4.703e-01 -3.289e-03
5.100e+00 4.580e-01 -1.638e-02
5.200e+00 4.392e-01 -9.909e-03
5.300e+00 4.310e-01 -2.635e-02
5.400e+00 4.274e-01 -4.804e-02
5.500e+00 4.065e-01 -5.842e-02
5.600e+00 3.908e-01 -2.585e-02
5.700e+00 4.215e-01 -5.438e-02
5.800e+00 4.300e-01 -4.530e-02
5.900e+00 4.007e-01 -2.556e-02
6.000e+00 4.098e-01 -1.057e-02
6.100e+00 4.139e-01 -3.823e-03
6.200e+00 3.743e-01 -4.447e-03
6.300e+00 3.766e-01 1.185e-02
6.400e+00 3.455e-01 2.604e-02
6.500e+00 3.800e-01 4.252e-02
6.600e+00 3.374e-01 3.074e-02
6.700e+00 3.301e-01 1.174e-02
6.800e+00 3.471e-01 9.425e-03
6.900e+00 3.423e-01 1.594e-02
7.000e+00 3.601e-01 2.216e-02
7.100e+00 3.175e-01 3.098e-02
7.200e+00 3.136e-01 2.637e-02
7.300e+00 3.041e-01 2.113e-02
7.400e+00 3.141e-01 3.884e-02
7.500e+00 3.293e-01 4.970e-02
7.600e+00 3.363e-01 2.257e-02
7.700e+00 3.564e-01 2.425e-02
7.800e+00 3.113e-01 3.366e-02
7.900e+00 2.994e-01 1.883e-02
8.000e+00 3.190e-01 3.051e-02
8.100e+00 3.184e-01 2.632e-02
8.200e+00 3.519e-01 2.872e-02
8.300e+00 3.100e-01 -3.839e-03
8.400e+00 2.868e-01 8.710e-03
8.500e+00 2.727e-01 1.545e-02
8.600e+00 2.877e-01 2.283e-02
8.700e+00 2.801e-01 3.024e-02
8.800e+00 2.801e-01 2.354e-02
8.900e+00 2.601e-01 1.734e-02
9.000e+00 2.699e-01 1.571e-02
9.100e+00 2.883e-01 2.253e-02
9.200e+00 2.675e-01 2.337e-02
9.300e+00 2.560e-01 1.681e-02
9.400e+00 2.491e-01 7.747e-03
9.500e+00 2.426e-01 1.320e-02
9.600e+00 2.681e-01 2.011e-02
9.700e+00 2.542e-01 2.693e-02
9.800e+00 2.388e-01 2.850e-02
9.900e+00 2.236e-01 3.370e-02
1.000e+01 2.230e-01 2.350e-02
1.010e+01 2.062e-01 3.040e-02
1.020e+01 2.056e-01 2.923e-02
1.030e+01 1.997e-01 2.774e-02
1.040e+01 1.979e-01 4.189e-02
1.050e+01 2.002e-01 4.122e-02
1.060e+01 1.886e-01 3.062e-02
1.070e+01 1.900e-01 3.077e-02
1.080e+01 1.892e-01 2.630e-02
1.090e+01 2.061e-01 2.675e-02
1.100e+01 1.976e-01 2.424e-02
1.110e+01 1.961e-01 2.665e-02
1.120e+01 1.971e-01 2.723e-02
1.130e+01 2.026e-01 3.363e-02
1.140e+01 2.052e-01 3.494e-02
1.150e+01 1.918e-01 2.871e-02
1.160e+01 1.919e-01 3.278e-02
1.170e+01 1.936e-01 3.111e-02
1.180e+01 1.972e-01 4.342e-02
1.190e+01 1.891e-01 4.100e-02
1.200e+01 1.947e-01 2.853e-02
1.210e+01 1.896e-01 2.582e-02
1.220e+01 1.893e-01 2.047e-02
1.230e+01 1.936e-01 2.176e-02
1.240e+01 1.909e-01 3.049e-02
1.250e+01 1.831e-01 2.435e-02
1.260e+01 1.780e-01 3.049e-02
1.270e+01 1.780e-01 2.973e-02
1.280e+01 1.863e-01 2.975e-02
1.290e+01 1.809e-01 2.131e-02
1.300e+01 1.827e-01 3.501e-02
1.310e+01 1.839e-01 3.040e-02
1.320e+01 2.046e-01 3.133e-02
1.330e+01 1.958e-01 2.755e-02
1.340e+01 1.968e-01 2.858e-02
1.350e+01 1.974e-01 3.237e-02
1.360e+01 2.014e-01 2.311e-02
1.370e+01 1.889e-01 1.499e-02
1.380e+01 1.860e-01 1.561e-02
1.390e+01 1.852e-01 2.172e-02
1.400e+01 1.866e-01 3.210e-02
1.410e+01 1.836e-01 3.414e-02
1.420e+01 1.929e-01 2.753e-02
1.430e+01 1.949e-01 1.876e-02
1.440e+01 1.864e-01 2.864e-02
1.450e+01 1.799e-01 2.298e-02
1.460e+01 1.815e-01 1.979e-02
1.470e+01 1.869e-01 2.366e-02
1.480e+01 1.879e-01 2.949e-02
1.490e+01 1.975e-01 4.599e-02
1.500e+01 1.881e-01 3.122e-02
1.510e+01 1.840e-01 3.275e-02
1.520e+01 1.862e-01 2.915e-02
1.530e+01 1.911e-01 1.652e-02
1.540e+01 1.748e-01 3.271e-02
1.550e+01 1.654e-01 1.274e-02
1.560e+01 1.552e-01 3.377e-03
1.570e+01 1.475e-01 4.582e-03
1.580e+01 1.550e-01 1.027e-02
1.590e+01 1.620e-01 1.489e-02
1.600e+01 1.683e-01 2.965e-03
1.610e+01 1.591e-01 1.397e-03
1.620e+01 1.424e-01 -6.486e-03
1.630e+01 1.454e-01 7.592e-04
1.640e+01 1.688e-01 1.201e-02
1.650e+01 1.532e-01 1.230e-02
1.660e+01 1.621e-01 2.633e-04
1.670e+01 1.557e-01 6.665e-03
1.680e+01 1.406e-01 1.126e-02
1.690e+01 1.382e-01 1.475e-02
1.700e+01 1.382e-01 1.049e-02
1.710e+01 1.559e-01 3.269e-03
1.720e+01 1.502e-01 3.260e-03
1.730e+01 1.587e-01 5.015e-03
1.740e+01 1.512e-01 7.689e-03
1.750e+01 1.503e-01 2.358e-03
1.760e+01 1.552e-01 4.911e-04
1.770e+01 1.458e-01 -1.016e-02
1.780e+01 1.531e-01 -2.573e-03
1.790e+01 1.427e-01 -1.101e-02
1.800e+01 1.464e-01 -7.575e-03
1.810e+01 1.388e-01 -1.236e-02
1.820e+01 1.318e-01 -7.928e-03
1.830e+01 1.295e-01 4.878e-03
1.840e+01 1.304e-01 -4.976e-03
1.850e+01 1.318e-01 -4.981e-04
1.860e+01 1.316e-01 2.749e-03
1.870e+01 1.390e-01 -3.183e-03
1.880e+01 1.333e-01 4.333e-03
1.890e+01 1.313e-01 5.487e-03
1.900e+01 1.254e-01 2.125e-02
1.910e+01 1.091e-01 1.604e-02
1.920e+01 1.155e-01 8.135e-03
1.930e+01 1.136e-01 8.468e-03
1.940e+01 1.168e-01 1.985e-03
1.950e+01 1.190e-01 3.932e-03
1.960e+01 1.128e-01 -4.459e-03
1.970e+01 1.173e-01 -4.814e-04
1.980e+01 1.165e-01 -1.498e-04
1.990e+01 1.038e-01 8.292e-03
2.000e+01 1.012e-01 4.664e-03
2.010e+01 1.091e-01 -4.732e-03
2.020e+01 1.078e-01 1.329e-03
2.030e+01 1.169e-01 1.688e-03
2.040e+01 1.152e-01 1.103e-02
2.050e+01 1.120e-01 1.758e-02
2.060e+01 1.115e-01 1.406e-02
2.070e+01 1.102e-01 7.072e-03
2.080e+01 1.155e-01 1.664e-02
2.090e+01 1.121e-01 8.777e-03
2.100e+01 1.096e-01 2.254e-02
2.110e+01 1.108e-01 2.642e-02
2.120e+01 1.101e-01 2.010e-02
2.130e+01 1.045e-01 1.915e-02
2.140e+01 1.014e-01 2.287e-02
2.150e+01 1.049e-01 2.228e-02
2.160e+01 9.467e-02 2.006e-02
2.170e+01 9.512e-02 1.818e-02
2.180e+01 9.365e-02 1.572e-02
2.190e+01 9.203e-02 1.257e-02
2.200e+01 9.387e-02 6.995e-03
2.210e+01 9.065e-02 1.504e-02
2.220e+01 9.045e-02 2.282e-02
2.230e+01 9.113e-02 1.657e-02
2.240e+01 8.938e-02 2.498e-02
2.250e+01 9.267e-02 1.862e-02
2.260e+01 8.708e-02 2.073e-02
2.270e+01 8.377e-02 2.748e-02
2.280e+01 8.197e-02 2.579e-02
2.290e+01 9.136e-02 2.638e-02
2.300e+01 8.765e-02 2.563e-02
2.310e+01 8.890e-02 2.420e-02
2.320e+01 9.008e-02 1.642e-02
2.330e+01 8.923e-02 1.856e-02
2.340e+01 7.858e-02 9.292e-03
2.350e+01 7.672e-02 4.283e-03
2.360e+01 8.286e-02 -7.930e-03
2.370e+01 7.851e-02 -9.073e-03
2.380e+01 7.955e-02 9.321e-03
2.390e+01 7.121e-02 1.276e-02
2.400e+01 6.555e-02 3.067e-03
2.410e+01 7.543e-02 6.689e-03
2.420e+01 6.875e-02 1.327e-02
2.430e+01 6.488e-02 1.666e-02
2.440e+01 5.893e-02 1.618e-02
2.450e+01 5.958e-02 1.424e-02
2.460e+01 6.238e-02 2.222e-02
2.470e+01 5.670e-02 3.048e-02
2.480e+01 7.815e-02 1.633e-02
2.490e+01 7.311e-02 5.328e-03
2.500e+01 7.383e-02 4.736e-03
2.510e+01 6.865e-02 2.308e-03
2.520e+01 6.026e-02 -6.449e-03
2.530e+01 6.412e-02 3.200e-03
2.540e+01 7.336e-02 1.253e-03
2.550e+01 6.558e-02 5.373e-03
2.560e+01 5.475e-02 1.421e-02
2.570e+01 4.804e-02 1.708e-02
2.580e+01 6.202e-02 2.175e-03
2.590e+01 6.694e-02 1.852e-02
2.600e+01 6.281e-02 2.170e-02
2.610e+01 6.396e-02 1.970e-02
2.620e+01 7.515e-02 2.093e-02
2.630e+01 8.196e-02 1.402e-02
2.640e+01 7.827e-02 1.061e-02
2.650e+01 6.807e-02 5.409e-03
2.660e+01 7.409e-02 2.455e-03
2.670e+01 7.595e-02 7.155e-03
2.680e+01 7.879e-02 3.522e-03
2.690e+01 7.200e-02 2.095e-03
2.700e+01 8.212e-02 2.811e-03
2.710e+01 7.703e-02 3.185e-04
2.720e+01 7.682e-02 -5.816e-03
2.730e+01 7.788e-02 -3.418e-03
2.740e+01 7.554e-02 -2.341e-04
2.750e+01 8.758e-02 -3.682e-03
2.760e+01 8.344e-02 -8.062e-03
2.770e+01 8.227e-02 -7.235e-03
2.780e+01 8.911e-02 -1.658e-02
2.790e+01 6.947e-02 1.137e-03
2.800e+01 7.824e-02 1.193e-04
2.810e+01 8.235e-02 -1.948e-03
2.820e+01 7.848e-02 -1.818e-02
2.830e+01 7.958e-02 -1.109e-02
2.840e+01 7.500e-02 -1.807e-02
2.850e+01 7.080e-02 -1.056e-02
2.860e+01 6.933e-02 1.698e-03
2.870e+01 6.904e-02 -3.790e-03
2.880e+01 6.908e-02 8.443e-03
2.890e+01 6.994e-02 1.572e-02
2.900e+01 7.196e-02 1.159e-02
2.910e+01 8.106e-02 1.228e-02
2.920e+01 8.395e-02 9.467e-03
2.930e+01 8.301e-02 2.029e-03
2.940e+01 8.379e-02 9.998e-04
2.950e+01 7.783e-02 5.975e-03
2.960e+01 6.835e-02 9.953e-03
2.970e+01 6.402e-02 1.178e-02
2.980e+01 6.411e-02 5.767e-03
2.990e+01 6.638e-02 4.496e-03
3.000e+01 6.624e-02 6.149e-03
3.010e+01 6.752e-02 6.807e-03
3.020e+01 7.267e-02 7.492e-03
3.030e+01 7.647e-02 8.704e-03
3.040e+01 7.939e-02 -4.066e-03
3.050e+01 6.623e-02 -3.263e-03
3.060e+01 5.913e-02 -5.288e-03
3.070e+01 6.208e-02 -8.259e-04
3.080e+01 6.581e-02 -1.678e-03
3.090e+01 7.522e-02 5.936e-03
3.100e+01 7.165e-02 7.805e-03
3.110e+01 7.165e-02 3.167e-03
3.120e+01 6.128e-02 4.507e-03
3.130e+01 5.603e-02 6.823e-03
3.140e+01 5.741e-02 9.030e-03
3.150e+01 5.560e-02 8.315e-03
3.160e+01 5.647e-02 7.626e-03
3.170e+01 5.379e-02 3.492e-03
3.180e+01 5.874e-02 6.732e-03
3.190e+01 5.597e-02 1.149e-02
3.200e+01 5.038e-02 1.667e-02
3.210e+01 4.675e-02 1.087e-02
3.220e+01 4.927e-02 8.985e-03
3.230e+01 5.949e-02 1.113e-02
3.240e+01 5.427e-02 4.507e-03
3.250e+01 5.052e-02 8.745e-03
3.260e+01 5.198e-02 3.851e-03
3.270e+01 4.752e-02 1.666e-03
3.280e+01 4.864e-02 8.599e-04
3.290e+01 4.507e-02 9.287e-03
3.300e+01 4.679e-02 1.016e-02
3.310e+01 5.520e-02 1.164e-02
3.320e+01 4.972e-02 1.368e-02
3.330e+01 5.870e-02 8.783e-03
3.340e+01 5.742e-02 1.254e-02
3.350e+01 6.210e-02 1.124e-02
3.360e+01 5.929e-02 4.518e-03
3.370e+01 5.830e-02 1.492e-02
3.380e+01 5.919e-02 1.582e-02
3.390e+01 5.099e-02 9.008e-03
3.400e+01 5.970e-02 3.273e-03
3.410e+01 5.785e-02 2.002e-02
3.420e+01 6.046e-02 2.210e-02
3.430e+01 5.404e-02 1.536e-02
3.440e+01 4.169e-02 9.227e-03
3.450e+01 5.247e-02 -1.318e-03
3.460e+01 4.920e-02 1.678e-02
3.470e+01 5.030e-02 1.597e-02
3.480e+01 4.441e-02 2.274e-02
3.490e+01 5.096e-02 1.825e-02
3.500e+01 6.173e-02 1.443e-02
3.510e+01 6.027e-02 1.279e-02
3.520e+01 5.305e-02 1.906e-02
3.530e+01 5.867e-02 1.763e-02
3.540e+01 6.397e-02 1.505e-02
3.550e+01 6.221e-02 1.727e-02
3.560e+01 6.607e-02 1.589e-02
3.570e+01 6.002e-02 1.013e-02
3.580e+01 5.933e-02 9.760e-03
3.590e+01 6.610e-02 9.064e-03
3.600e+01 6.102e-02 1.798e-02
3.610e+01 6.015e-02 1.871e-02
3.620e+01 5.742e-02 1.897e-02
3.630e+01 6.213e-02 2.026e-02
3.640e+01 5.891e-02 1.746e-02
3.650e+01 6.800e-02 1.330e-02
3.660e+01 6.183e-02 1.055e-02
3.670e+01 6.048e-02 9.425e-03
3.680e+01 5.973e-02 7.885e-03
3.690e+01 5.803e-02 8.051e-03
3.700e+01 6.000e-02 1.208e-02
3.710e+01 5.697e-02 1.144e-02
3.720e+01 5.866e-02 1.254e-02
3.730e+01 5.387e-02 1.112e-02
3.740e+01 5.888e-02 8.543e-03
3.750e+01 6.018e-02 1.052e-02
3.760e+01 4.988e-02 1.087e-02
3.770e+01 4.904e-02 9.209e-03
3.780e+01 4.854e-02 8.901e-03
3.790e+01 4.362e-02 8.624e-03
3.800e+01 4.864e-02 7.730e-03
3.810e+01 5.081e-02 6.703e-03
3.820e+01 5.537e-02 7.664e-03
3.830e+01 5.458e-02 1.011e-02
3.840e+01 5.108e-02 1.080e-02
3.850e+01 5.692e-02 1.173e-02
3.860e+01 5.436e-02 1.249e-02
3.870e+01 5.402e-02 8.627e-03
3.880e+01 5.218e-02 1.116e-02
3.890e+01 5.038e-02 8.727e-03
3.900e+01 5.124e-02 8.807e-03
3.910e+01 5.061e-02 1.295e-02
3.920e+01 5.097e-02 1.149e-02
3.930e+01 5.028e-02 1.079e-02
3.940e+01 4.929e-02 8.856e-03
3.950e+01 4.884e-02 8.333e-03
3.960e+01 5.103e-02 1.207e-02
3.970e+01 5.205e-02 1.198e-02
3.980e+01 5.401e-02 9.961e-03
3.990e+01 4.952e-02 7.990e-03
4.000e+01 4.850e-02 9.857e-03
4.010e+01 4.907e-02 8.601e-03
4.020e+01 4.962e-02 9.473e-03
4.030e+01 4.666e-02 7.911e-03
4.040e+01 4.601e-02 5.973e-03
4.050e+01 4.664e-02 7.253e-03
4.060e+01 4.676e-02 5.687e-03
4.070e+01 4.960e-02 -3.991e-04
4.080e+01 4.934e-02 1.770e-03
4.090e+01 4.926e-02 1.631e-03
4.100e+01 4.972e-02 1.511e-03
4.110e+01 5.151e-02 4.428e-03
4.120e+01 4.709e-02 2.595e-03
4.130e+01 4.563e-02 4.001e-03
4.140e+01 4.190e-02 6.008e-03
4.150e+01 4.006e-02 5.289e-03
4.160e+01 3.873e-02 4.701e-03
4.170e+01 4.065e-02 9.474e-03
4.180e+01 3.916e-02 8.039e-03
4.190e+01 3.700e-02 9.774e-03
4.200e+01 3.983e-02 9.172e-03
4.210e+01 3.824e-02 1.039e-02
4.220e+01 3.782e-02 1.133e-02
4.230e+01 3.977e-02 1.460e-02
4.240e+01 3.992e-02 1.494e-02
4.250e+01 4.115e-02 1.358e-02
4.260e+01 4.260e-02 1.183e-02
4.270e+01 4.418e-02 9.673e-03
4.280e+01 4.308e-02 1.308e-02
4.290e+01 4.127e-02 1.438e-02
4.300e+01 4.264e-02 1.814e-02
4.310e+01 4.817e-02 2.621e-02
4.320e+01 5.461e-02 3.307e-02
4.330e+01 5.266e-02 3.414e-02
4.340e+01 5.044e-02 2.901e-02
4.350e+01 4.777e-02 2.510e-02
4.360e+01 4.422e-02 1.796e-02
4.370e+01 4.710e-02 2.365e-02
4.380e+01 5.317e-02 3.000e-02
4.390e+01 4.617e-02 1.887e-02
4.400e+01 4.789e-02 1.827e-02
4.410e+01 4.752e-02 2.299e-02
4.420e+01 5.160e-02 3.021e-02
4.430e+01 4.791e-02 2.499e-02
4.440e+01 4.591e-02 2.017e-02
4.450e+01 4.513e-02 1.869e-02
4.460e+01 4.577e-02 1.562e-02
4.470e+01 4.337e-02 1.842e-02
4.480e+01 4.344e-02 1.482e-02
4.490e+01 4.504e-02 1.695e-02
4.500e+01 4.545e-02 1.645e-02
4.510e+01 4.381e-02 1.495e-02
4.520e+01 4.749e-02 1.314e-02
4.530e+01 4.637e-02 1.582e-02
4.540e+01 4.366e-02 1.384e-02
4.550e+01 3.907e-02 1.161e-02
4.560e+01 3.803e-02 1.450e-02
4.570e+01 3.803e-02 1.504e-02
4.580e+01 3.899e-02 1.412e-02
4.590e+01 4.005e-02 1.552e-02
4.600e+01 4.414e-02 1.953e-02
4.610e+01 3.854e-02 1.633e-02
4.620e+01 3.753e-02 1.396e-02
4.630e+01 3.657e-02 1.481e-02
4.640e+01 4.482e-02 2.145e-02
4.650e+01 4.178e-02 1.710e-02
4.660e+01 4.215e-02 1.870e-02
4.670e+01 3.727e-02 1.648e-02
4.680e+01 3.501e-02 1.391e-02
4.690e+01 3.681e-02 1.186e-02
4.700e+01 3.319e-02 1.039e-02
4.710e+01 3.509e-02 1.202e-02
4.720e+01 3.327e-02 1.005e-02
4.730e+01 3.409e-02 1.329e-02
4.740e+01 3.630e-02 1.962e-02
4.750e+01 3.739e-02 2.371e-02
4.760e+01 3.646e-02 2.952e-02
4.770e+01 3.847e-02 2.341e-02
4.780e+01 3.472e-02 2.574e-02
4.790e+01 3.171e-02 2.523e-02
4.800e+01 3.373e-02 2.775e-02
4.810e+01 3.823e-02 2.500e-02
4.820e+01 4.890e-02 2.900e-02
4.830e+01 4.299e-02 2.032e-02
4.840e+01 3.738e-02 2.440e-02
4.850e+01 4.582e-02 2.297e-02
4.860e+01 3.883e-02 2.651e-02
4.870e+01 4.448e-02 3.951e-02
4.880e+01 4.232e-02 4.415e-02
4.890e+01 3.498e-02 4.334e-02
4.900e+01 3.563e-02 3.483e-02
4.910e+01 2.778e-02 1.621e-02
4.920e+01 3.056e-02 1.144e-02
4.930e+01 2.942e-02 1.097e-02
4.940e+01 3.768e-02 2.265e-02
4.950e+01 4.031e-02 1.988e-02
4.960e+01 3.637e-02 1.826e-02
4.970e+01 4.257e-02 3.169e-02
4.980e+01 4.188e-02 2.467e-02
4.990e+01 3.877e-02 2.745e-02
5.000e+01 4.155e-02 4.087e-02
5.010e+01 3.368e-02 3.818e-02
5.020e+01 4.289e-02 3.663e-02
5.030e+01 4.415e-02 3.976e-02
5.040e+01 3.910e-02 2.922e-02
5.050e+01 3.002e-02 2.042e-02
5.060e+01 3.565e-02 2.372e-02
5.070e+01 3.414e-02 3.408e-02
5.080e+01 3.227e-02 2.206e-02
5.090e+01 3.155e-02 1.718e-02
5.100e+01 3.125e-02 6.468e-03
5.110e+01 3.007e-02 7.426e-03
5.120e+01 2.694e-02 7.068e-03
5.130e+01 2.679e-02 7.496e-03
5.140e+01 2.987e-02 6.329e-03
5.150e+01 2.976e-02 5.755e-03
5.160e+01 2.489e-02 1.161e-02
5.170e+01 2.746e-02 9.970e-03
5.180e+01 1.230e-02 3.161e-02
5.190e+01 2.586e-02 1.892e-02
5.200e+01 2.741e-02 2.624e-02
5.210e+01 3.325e-02 1.757e-02
5.220e+01 3.327e-02 1.602e-02
5.230e+01 3.397e-02 1.983e-02
5.240e+01 2.907e-02 1.406e-02
5.250e+01 3.118e-02 9.689e-03
5.260e+01 2.940e-02 1.044e-02
5.270e+01 3.016e-02 8.043e-03
5.280e+01 3.061e-02 6.163e-03
5.290e+01 3.394e-02 4.046e-03
5.300e+01 3.400e-02 4.597e-03
5.310e+01 3.522e-02 5.924e-03
5.320e+01 3.508e-02 5.543e-03
5.330e+01 3.734e-02 -3.693e-05
5.340e+01 3.727e-02 -2.432e-04
5.350e+01 3.905e-02 -6.225e-04
5.360e+01 3.926e-02 -1.580e-03
5.370e+01 3.431e-02 2.904e-03
5.380e+01 3.296e-02 7.467e-03
5.390e+01 3.006e-02 8.294e-03
5.400e+01 2.740e-02 1.035e-02
5.410e+01 2.824e-02 2.863e-03
5.420e+01 2.969e-02 4.113e-03
5.430e+01 2.994e-02 7.045e-03
5.440e+01 3.206e-02 8.426e-03
5.450e+01 3.596e-02 5.211e-03
5.460e+01 3.414e-02 7.542e-03
5.470e+01 3.647e-02 8.724e-03
5.480e+01 3.334e-02 7.908e-03
5.490e+01 2.964e-02 9.414e-03
5.500e+01 3.023e-02 8.804e-03
5.510e+01 3.035e-02 2.984e-03
5.520e+01 3.112e-02 2.814e-03
5.530e+01 3.338e-02 4.377e-03
5.540e+01 3.431e-02 2.793e-03
5.550e+01 3.553e-02 4.994e-03
5.560e+01 3.355e-02 5.806e-03
5.570e+01 3.183e-02 3.684e-03
5.580e+01 2.844e-02 4.452e-03
5.590e+01 2.795e-02 5.172e-03
5.600e+01 2.925e-02 6.926e-03
5.610e+01 2.768e-02 4.636e-03
5.620e+01 3.164e-02 4.735e-03
5.630e+01 3.280e-02 6.333e-03
5.640e+01 3.117e-02 1.625e-03
5.650e+01 2.866e-02 -1.105e-03
5.660e+01 2.690e-02 -3.858e-05
5.670e+01 2.973e-02 1.686e-04
5.680e+01 2.937e-02 -8.967e-04
5.690e+01 3.046e-02 -3.130e-04
5.700e+01 2.894e-02 -1.564e-03
5.710e+01 3.423e-02 -4.966e-03
5.720e+01 3.271e-02 -1.221e-03
5.730e+01 3.276e-02 1.604e-04
5.740e+01 3.124e-02 1.471e-03
5.750e+01 3.124e-02 2.137e-03
5.760e+01 3.232e-02 2.765e-04
5.770e+01 3.152e-02 1.373e-03
5.780e+01 3.569e-02 2.015e-03
5.790e+01 3.320e-02 5.389e-04
5.800e+01 3.138e-02 -6.872e-04
5.810e+01 3.167e-02 -7.860e-04
5.820e+01 2.822e-02 3.058e-04
5.830e+01 2.563e-02 4.378e-04
5.840e+01 2.495e-02 -9.640e-04
5.850e+01 2.450e-02 -1.260e-03
5.860e+01 2.701e-02 2.196e-04
5.870e+01 2.496e-02 1.722e-03
5.880e+01 2.270e-02 1.377e-03
5.890e+01 2.419e-02 -1.220e-03
5.900e+01 2.213e-02 -2.295e-03
5.910e+01 2.473e-02 7.778e-04
5.920e+01 2.355e-02 2.004e-03
5.930e+01 2.262e-02 2.452e-03
5.940e+01 2.111e-02 2.352e-03
5.950e+01 2.136e-02 2.971e-03
5.960e+01 2.162e-02 4.471e-03
5.970e+01 1.971e-02 7.827e-03
5.980e+01 2.011e-02 8.093e-03
5.990e+01 2.045e-02 9.374e-03
6.000e+01 2.164e-02 8.742e-03
6.010e+01 2.270e-02 6.004e-03
6.020e+01 2.122e-02 5.099e-03
6.030e+01 2.217e-02 5.464e-03
6.040e+01 2.127e-02 6.577e-03
6.050e+01 2.356e-02 5.403e-03
6.060e+01 2.289e-02 5.409e-03
6.070e+01 2.084e-02 4.433e-03
6.080e+01 1.982e-02 5.104e-03
6.090e+01 2.189e-02 6.189e-03
6.100e+01 2.324e-02 1.042e-02
6.110e+01 2.443e-02 7.279e-03
6.120e+01 2.426e-02 5.384e-03
6.130e+01 2.231e-02 4.662e-03
6.140e+01 2.225e-02 5.424e-03
6.150e+01 2.139e-02 4.997e-03
6.160e+01 2.075e-02 5.136e-03
6.170e+01 2.211e-02 6.524e-03
6.180e+01 2.194e-02 4.536e-03
6.190e+01 1.984e-02 5.813e-03
6.200e+01 1.921e-02 4.162e-03
6.210e+01 2.096e-02 2.958e-03
6.220e+01 1.985e-02 7.764e-05
6.230e+01 1.673e-02 -1.292e-03
6.240e+01 1.750e-02 -8.410e-04
6.250e+01 1.702e-02 1.978e-03
6.260e+01 1.745e-02 2.375e-03
6.270e+01 1.711e-02 3.303e-03
6.280e+01 1.628e-02 3.685e-03
6.290e+01 1.501e-02 2.550e-03
6.300e+01 1.500e-02 1.104e-03
6.310e+01 1.530e-02 4.050e-03
6.320e+01 1.708e-02 4.097e-03
6.330e+01 1.699e-02 3.797e-03
6.340e+01 1.632e-02 7.157e-03
6.350e+01 1.457e-02 7.763e-03
6.360e+01 1.528e-02 8.674e-03
6.370e+01 1.195e-02 5.227e-03
6.380e+01 1.409e-02 4.809e-03
6.390e+01 1.325e-02 2.832e-03
6.400e+01 1.397e-02 7.893e-03
6.410e+01 1.271e-02 1.252e-02
6.420e+01 1.315e-02 9.274e-03
6.430e+01 1.391e-02 8.582e-03
6.440e+01 8.836e-03 8.016e-03
6.450e+01 1.280e-02 1.104e-02
6.460e+01 1.369e-02 9.276e-03
6.470e+01 1.412e-02 1.131e-02
6.480e+01 1.310e-02 1.164e-02
6.490e+01 1.866e-02 9.665e-03
6.500e+01 1.716e-02 8.563e-03
6.510e+01 1.570e-02 8.271e-03
6.520e+01 1.444e-02 8.871e-03
6.530e+01 1.242e-02 5.280e-03
6.540e+01 1.297e-02 3.690e-03
6.550e+01 1.695e-02 6.339e-03
6.560e+01 1.574e-02 9.187e-03
6.570e+01 1.277e-02 1.254e-02
6.580e+01 1.341e-02 1.084e-02
6.590e+01 1.807e-02 1.121e-02
6.600e+01 1.847e-02 1.083e-02
6.610e+01 1.821e-02 8.540e-03
6.620e+01 1.745e-02 1.003e-02
6.630e+01 1.967e-02 6.209e-03
6.640e+01 1.829e-02 8.826e-03
6.650e+01 1.675e-02 8.892e-03
6.660e+01 1.783e-02 9.206e-03
6.670e+01 1.778e-02 9.025e-03
6.680e+01 1.394e-02 7.397e-03
6.690e+01 1.572e-02 9.749e-03
6.700e+01 1.863e-02 1.080e-02
6.710e+01 2.155e-02 7.282e-03
6.720e+01 2.145e-02 7.583e-03
6.730e+01 1.786e-02 7.970e-03
6.740e+01 1.599e-02 6.737e-03
6.750e+01 2.068e-02 1.142e-02
6.760e+01 1.574e-02 9.356e-03
6.770e+01 1.507e-02 6.553e-03
6.780e+01 1.474e-02 5.746e-03
6.790e+01 1.564e-02 4.897e-03
6.800e+01 1.576e-02 3.848e-03
6.810e+01 1.782e-02 3.879e-03
6.820e+01 1.752e-02 5.465e-03
6.830e+01 1.704e-02 8.009e-03
6.840e+01 1.890e-02 1.033e-02
6.850e+01 2.166e-02 1.108e-02
6.860e+01 2.187e-02 1.032e-02
6.870e+01 1.787e-02 7.713e-03
6.880e+01 1.745e-02 6.511e-03
6.890e+01 1.770e-02 4.910e-03
6.900e+01 1.928e-02 4.871e-03
6.910e+01 1.835e-02 5.455e-03
6.920e+01 1.681e-02 4.852e-03
6.930e+01 1.603e-02 5.052e-03
6.940e+01 1.493e-02 4.803e-03
6.950e+01 1.549e-02 4.412e-03
6.960e+01 1.489e-02 6.011e-03
6.970e+01 1.684e-02 7.311e-03
6.980e+01 1.655e-02 6.327e-03
6.990e+01 1.551e-02 4.518e-03
7.000e+01 1.621e-02 4.976e-03
7.010e+01 1.647e-02 4.963e-03
7.020e+01 1.577e-02 4.870e-03
7.030e+01 1.574e-02 5.428e-03
7.040e+01 1.667e-02 5.121e-03
7.050e+01 1.640e-02 4.424e-03
7.060e+01 1.651e-02 3.940e-03
7.070e+01 1.693e-02 4.945e-03
7.080e+01 1.673e-02 4.924e-03
7.090e+01 1.724e-02 3.557e-03
7.100e+01 1.698e-02 5.064e-03
7.110e+01 1.607e-02 5.695e-03
7.120e+01 1.481e-02 7.221e-03
7.130e+01 1.431e-02 5.437e-03
7.140e+01 1.486e-02 5.043e-03
7.150e+01 1.421e-02 4.476e-03
7.160e+01 1.214e-02 5.542e-03
7.170e+01 1.212e-02 9.047e-03
7.180e+01 1.201e-02 8.639e-03
7.190e+01 1.180e-02 7.864e-03
7.200e+01 1.316e-02 6.357e-03
7.210e+01 1.174e-02 5.035e-03
7.220e+01 1.224e-02 3.605e-03
7.230e+01 1.435e-02 3.729e-03
7.240e+01 1.620e-02 5.803e-03
7.250e+01 1.588e-02 6.886e-03
7.260e+01 1.517e-02 6.060e-03
7.270e+01 1.578e-02 5.609e-03
7.280e+01 1.591e-02 5.864e-03
7.290e+01 1.708e-02 5.784e-03
7.300e+01 1.545e-02 4.500e-03
7.310e+01 1.485e-02 3.314e-03
7.320e+01 1.378e-02 2.419e-03
7.330e+01 1.232e-02 4.042e-03
7.340e+01 1.456e-02 4.528e-03
7.350e+01 1.513e-02 5.223e-03
7.360e+01 1.434e-02 7.375e-03
7.370e+01 1.514e-02 5.353e-03
7.380e+01 1.622e-02 4.713e-03
7.390e+01 1.613e-02 2.945e-03
7.400e+01 1.391e-02 5.053e-03
7.410e+01 1.540e-02 5.805e-03
7.420e+01 1.416e-02 7.663e-03
7.430e+01 1.586e-02 7.168e-03
7.440e+01 1.651e-02 5.406e-03
7.450e+01 1.658e-02 6.155e-03
7.460e+01 1.772e-02 4.426e-03
7.470e+01 1.771e-02 4.735e-03
7.480e+01 1.822e-02 4.742e-03
7.490e+01 1.858e-02 4.390e-03
7.500e+01 1.963e-02 3.794e-03
7.510e+01 1.697e-02 1.477e-03
7.520e+01 1.588e-02 6.004e-04
7.530e+01 1.615e-02 4.469e-03
7.540e+01 1.590e-02 4.782e-03
7.550e+01 1.735e-02 4.345e-03
7.560e+01 1.652e-02 7.509e-04
7.570e+01 1.338e-02 -3.220e-04
7.580e+01 1.354e-02 9.739e-04
7.590e+01 1.321e-02 2.912e-03
7.600e+01 1.416e-02 5.111e-03
7.610e+01 1.320e-02 4.340e-03
7.620e+01 1.391e-02 2.256e-03
7.630e+01 1.354e-02 4.197e-04
7.640e+01 1.198e-02 -7.165e-04
7.650e+01 1.158e-02 -2.481e-03
7.660e+01 1.373e-02 -3.190e-03
7.670e+01 1.403e-02 -1.855e-03
7.680e+01 1.335e-02 -2.727e-04
7.690e+01 1.474e-02 7.118e-04
7.700e+01 1.515e-02 4.983e-05
7.710e+01 1.815e-02 -2.329e-03
7.720e+01 1.723e-02 -4.271e-04
7.730e+01 1.864e-02 2.120e-03
7.740e+01 1.903e-02 1.624e-03
7.750e+01 1.761e-02 3.579e-03
7.760e+01 1.597e-02 6.072e-03
7.770e+01 1.500e-02 5.399e-03
7.780e+01 1.654e-02 5.130e-03
7.790e+01 1.684e-02 3.439e-03
7.800e+01 1.347e-02 4.392e-03
7.810e+01 1.504e-02 5.188e-03
7.820e+01 1.534e-02 4.505e-03
7.830e+01 1.431e-02 4.785e-03
7.840e+01 1.447e-02 4.609e-03
7.850e+01 1.569e-02 6.196e-03
7.860e+01 1.566e-02 4.956e-03
7.870e+01 1.810e-02 6.286e-03
7.880e+01 1.922e-02 6.110e-03
7.890e+01 1.866e-02 6.827e-03
7.900e+01 1.776e-02 6.103e-03
7.910e+01 1.654e-02 8.578e-03
7.920e+01 1.869e-02 2.852e-03
7.930e+01 2.312e-02 -3.532e-03
7.940e+01 2.095e-02 2.547e-04
7.950e+01 2.156e-02 1.616e-03
7.960e+01 2.106e-02 2.461e-03
7.970e+01 1.972e-02 3.177e-03
7.980e+01 1.838e-02 4.480e-03
7.990e+01 1.874e-02 3.263e-03
8.000e+01 1.831e-02 2.999e-03
8.010e+01 1.969e-02 7.072e-04
8.020e+01 1.789e-02 1.006e-03
8.030e+01 1.789e-02 8.680e-04
8.040e+01 2.060e-02 5.643e-04
8.050e+01 1.635e-02 3.588e-03
8.060e+01 1.672e-02 3.487e-03
8.070e+01 1.718e-02 5.346e-03
8.080e+01 1.462e-02 6.959e-03
8.090e+01 1.457e-02 9.314e-03
8.100e+01 1.713e-02 9.153e-03
8.110e+01 1.699e-02 9.008e-03
8.120e+01 1.823e-02 8.244e-03
8.130e+01 1.768e-02 7.751e-03
8.140e+01 1.718e-02 7.377e-03
8.150e+01 1.855e-02 4.344e-03
8.160e+01 1.924e-02 4.721e-03
8.170e+01 2.105e-02 6.035e-03
8.180e+01 2.018e-02 6.642e-03
8.190e+01 1.859e-02 4.270e-03
8.200e+01 1.922e-02 3.645e-03
8.210e+01 1.816e-02 4.190e-03
8.220e+01 1.850e-02 6.025e-03
8.230e+01 1.713e-02 5.505e-03
8.240e+01 1.604e-02 4.118e-03
8.250e+01 1.774e-02 4.957e-03
8.260e+01 1.698e-02 6.011e-03
8.270e+01 1.495e-02 7.562e-03
8.280e+01 1.381e-02 8.168e-03
8.290e+01 1.429e-02 5.497e-03
8.300e+01 1.371e-02 6.203e-03
8.310e+01 1.372e-02 7.221e-03
8.320e+01 1.523e-02 7.697e-03
8.330e+01 1.639e-02 9.924e-03
8.340e+01 1.467e-02 8.589e-03
8.350e+01 1.611e-02 7.762e-03
8.360e+01 1.556e-02 9.090e-03
8.370e+01 1.340e-02 6.759e-03
8.380e+01 1.353e-02 5.315e-03
8.390e+01 1.168e-02 5.870e-03
8.400e+01 1.214e-02 7.480e-03
8.410e+01 1.130e-02 7.038e-03
8.420e+01 1.109e-02 7.279e-03
8.430e+01 8.615e-03 6.040e-03
8.440e+01 9.756e-03 6.957e-03
8.450e+01 1.260e-02 8.651e-03
8.460e+01 1.360e-02 8.761e-03
8.470e+01 1.239e-02 8.183e-03
8.480e+01 1.264e-02 7.016e-03
8.490e+01 1.245e-02 5.583e-03
8.500e+01 1.184e-02 5.770e-03
8.510e+01 1.317e-02 6.304e-03
8.520e+01 1.453e-02 6.615e-03
8.530e+01 1.507e-02 4.732e-03
8.540e+01 1.394e-02 4.312e-03
8.550e+01 1.510e-02 5.843e-03
8.560e+01 1.500e-02 6.799e-03
8.570e+01 1.556e-02 8.003e-03
8.580e+01 1.475e-02 6.986e-03
8.590e+01 1.411e-02 8.110e-03
8.600e+01 1.132e-02 1.151e-02
8.610e+01 1.110e-02 1.015e-02
8.620e+01 1.235e-02 1.009e-02
8.630e+01 1.399e-02 1.149e-02
8.640e+01 1.500e-02 1.077e-02
8.650e+01 1.261e-02 1.085e-02
8.660e+01 1.150e-02 1.004e-02
8.670e+01 1.233e-02 1.033e-02
8.680e+01 1.315e-02 9.459e-03
8.690e+01 1.537e-02 9.125e-03
8.700e+01 1.547e-02 1.009e-02
8.710e+01 1.570e-02 1.015e-02
8.720e+01 1.383e-02 8.046e-03
8.730e+01 1.164e-02 8.198e-03
8.740e+01 9.873e-03 8.659e-03
8.750e+01 7.888e-03 8.862e-03
8.760e+01 9.490e-03 8.057e-03
8.770e+01 1.222e-02 8.504e-03
8.780e+01 1.308e-02 1.123e-02
8.790e+01 1.567e-02 8.863e-03
8.800e+01 1.576e-02 8.871e-03
8.810e+01 1.550e-02 9.389e-03
8.820e+01 1.563e-02 8.993e-03
8.830e+01 1.550e-02 6.472e-03
8.840e+01 1.546e-02 5.950e-03
8.850e+01 1.534e-02 6.779e-03
8.860e+01 1.409e-02 7.798e-03
8.870e+01 1.316e-02 6.015e-03
8.880e+01 1.167e-02 6.097e-03
8.890e+01 1.204e-02 7.535e-03
8.900e+01 1.141e-02 7.790e-03
8.910e+01 1.164e-02 6.552e-03
8.920e+01 9.520e-03 6.037e-03
8.930e+01 6.198e-03 6.256e-03
8.940e+01 7.123e-03 3.772e-03
8.950e+01 1.074e-02 4.852e-03
8.960e+01 8.827e-03 4.825e-03
8.970e+01 7.603e-03 6.478e-03
8.980e+01 3.547e-03 6.880e-03
8.990e+01 4.212e-03 7.885e-03
9.000e+01 8.176e-03 7.699e-03
9.010e+01 6.003e-03 7.973e-03
9.020e+01 7.556e-03 6.722e-03
9.030e+01 6.402e-03 7.842e-03
9.040e+01 9.361e-03 8.985e-03
9.050e+01 6.405e-03 8.222e-03
9.060e+01 7.418e-03 5.223e-03
9.070e+01 1.019e-02 5.382e-03
9.080e+01 7.984e-03 4.415e-03
9.090e+01 6.477e-03 7.668e-03
9.100e+01 8.367e-03 6.970e-03
9.110e+01 9.039e-03 6.958e-03
9.120e+01 9.137e-03 5.790e-03
9.130e+01 9.451e-03 7.755e-03
9.140e+01 8.354e-03 9.116e-03
9.150e+01 7.197e-03 8.037e-03
9.160e+01 7.783e-03 7.234e-03
9.170e+01 9.080e-03 8.134e-03
9.180e+01 9.621e-03 8.367e-03
9.190e+01 8.345e-03 6.628e-03
9.200e+01 8.927e-03 3.565e-03
9.210e+01 9.021e-03 4.157e-03
9.220e+01 9.335e-03 4.219e-03
9.230e+01 8.122e-03 6.025e-03
9.240e+01 5.937e-03 6.421e-03
9.250e+01 5.368e-03 6.820e-03
9.260e+01 4.847e-03 6.462e-03
9.270e+01 3.758e-03 7.037e-03
9.280e+01 6.419e-03 7.055e-03
9.290e+01 5.943e-03 7.208e-03
9.300e+01 6.173e-03 7.250e-03
9.310e+01 8.145e-03 6.405e-03
9.320e+01 8.773e-03 4.381e-03
9.330e+01 8.885e-03 4.268e-03
9.340e+01 8.869e-03 5.429e-03
9.350e+01 1.046e-02 8.228e-03
9.360e+01 9.060e-03 7.376e-03
9.370e+01 9.462e-03 5.411e-03
9.380e+01 9.529e-03 6.915e-03
9.390e+01 8.607e-03 3.929e-03
9.400e+01 1.042e-02 4.107e-03
9.410e+01 8.773e-03 6.679e-03
9.420e+01 7.384e-03 7.138e-03
9.430e+01 5.528e-03 6.146e-03
9.440e+01 4.627e-03 5.544e-03
9.450e+01 1.890e-03 7.128e-03
9.460e+01 3.812e-03 3.390e-03
9.470e+01 7.052e-03 6.177e-03
9.480e+01 7.651e-03 6.565e-03
9.490e+01 1.079e-02 1.184e-02
9.500e+01 5.393e-03 9.409e-03
9.510e+01 3.459e-03 8.485e-03
9.520e+01 3.732e-03 8.415e-03
9.530e+01 5.239e-03 5.046e-03
9.540e+01 6.231e-03 3.589e-03
9.550e+01 7.587e-03 4.413e-03
9.560e+01 5.430e-03 5.341e-03
9.570e+01 6.630e-03 4.923e-03
9.580e+01 6.440e-03 6.186e-03
9.590e+01 7.609e-03 9.089e-03
9.600e+01 1.181e-02 9.443e-03
9.610e+01 1.107e-02 8.925e-03
9.620e+01 1.102e-02 7.072e-03
9.630e+01 7.670e-03 6.596e-03
9.640e+01 8.011e-03 6.176e-03
9.650e+01 7.747e-03 6.271e-03
9.660e+01 9.524e-03 6.514e-03
9.670e+01 1.296e-02 6.843e-03
9.680e+01 1.169e-02 5.579e-03
9.690e+01 1.287e-02 5.365e-03
9.700e+01 1.091e-02 5.162e-03
9.710e+01 1.214e-02 5.003e-03
9.720e+01 1.129e-02 4.112e-03
9.730e+01 1.300e-02 3.087e-03
9.740e+01 8.757e-03 4.765e-03
9.750e+01 7.187e-03 4.321e-03
9.760e+01 8.818e-03 3.337e-03
9.770e+01 9.053e-03 1.567e-03
9.780e+01 7.867e-03 3.098e-04
9.790e+01 9.580e-03 9.720e-04
9.800e+01 1.243e-02 5.096e-04
9.810e+01 1.086e-02 1.831e-03
9.820e+01 8.755e-03 3.601e-03
9.830e+01 9.058e-03 2.370e-03
9.840e+01 9.097e-03 1.898e-03
9.850e+01 9.990e-03 1.823e-03
9.860e+01 1.248e-02 3.102e-03
9.870e+01 1.501e-02 2.041e-03
9.880e+01 1.672e-02 7.164e-04
9.890e+01 1.318e-02 1.271e-04
9.900e+01 1.244e-02 1.027e-03
9.910e+01 1.200e-02 6.975e-05
9.920e+01 1.343e-02 -1.601e-03
9.930e+01 1.187e-02 -3.706e-04
9.940e+01 1.382e-02 -2.878e-04
9.950e+01 1.364e-02 -5.205e-04
9.960e+01 1.279e-02 1.138e-03
9.970e+01 1.343e-02 1.908e-03
9.980e+01 1.303e-02 1.846e-03
9.990e+01 1.307e-02 4.769e-04
