# Frequency (1.0/ps)      real(fft(F_2))
0.000e+00 1.465e+02
1.000e-02 4.336e+01
2.000e-02 2.074e+01
3.000e-02 1.551e+01
4.000e-02 1.234e+01
5.000e-02 1.122e+01
6.000e-02 6.668e+00
7.000e-02 6.264e+00
8.000e-02 6.985e+00
9.000e-02 5.584e+00
1.000e-01 2.190e+00
1.100e-01 6.717e-01
1.200e-01 3.345e+00
1.300e-01 4.644e+00
1.400e-01 1.011e+00
1.500e-01 -6.585e-01
1.600e-01 1.662e+00
1.700e-01 2.359e-01
1.800e-01 4.704e-01
1.900e-01 -5.793e-01
2.000e-01 1.067e+00
2.100e-01 1.353e+00
2.200e-01 4.658e-01
2.300e-01 3.124e-01
2.400e-01 -2.698e-01
2.500e-01 1.151e+00
2.600e-01 5.814e-01
2.700e-01 3.976e-02
2.800e-01 2.571e-01
2.900e-01 4.003e-01
3.000e-01 3.137e-01
3.100e-01 1.235e+00
3.200e-01 1.514e+00
3.300e-01 1.425e+00
3.400e-01 1.281e+00
3.500e-01 8.509e-01
3.600e-01 1.304e+00
3.700e-01 1.586e+00
3.800e-01 5.237e-01
3.900e-01 6.727e-01
4.000e-01 5.647e-01
4.100e-01 1.098e+00
4.200e-01 1.233e+00
4.300e-01 1.204e+00
4.400e-01 7.860e-02
4.500e-01 1.631e+00
4.600e-01 1.483e+00
4.700e-01 5.250e-01
4.800e-01 8.136e-02
4.900e-01 2.500e-01
5.000e-01 1.677e+00
5.100e-01 8.457e-01
5.200e-01 7.764e-01
5.300e-01 8.803e-02
5.400e-01 7.660e-01
5.500e-01 1.094e+00
5.600e-01 1.494e+00
5.700e-01 1.355e+00
5.800e-01 1.179e+00
5.900e-01 1.271e+00
6.000e-01 1.830e+00
6.100e-01 5.661e-01
6.200e-01 5.531e-01
6.300e-01 4.949e-01
6.400e-01 8.447e-01
6.500e-01 1.230e+00
6.600e-01 1.337e+00
6.700e-01 1.172e+00
6.800e-01 1.011e+00
6.900e-01 4.861e-01
7.000e-01 2.493e-01
7.100e-01 2.400e-01
7.200e-01 2.669e-01
7.300e-01 -6.254e-02
7.400e-01 -2.571e-01
7.500e-01 9.004e-01
7.600e-01 1.037e+00
7.700e-01 8.005e-01
7.800e-01 6.438e-01
7.900e-01 4.758e-01
8.000e-01 1.087e+00
8.100e-01 7.237e-01
8.200e-01 3.741e-01
8.300e-01 2.183e-01
8.400e-01 -1.277e-01
8.500e-01 5.049e-01
8.600e-01 6.551e-01
8.700e-01 6.514e-01
8.800e-01 5.895e-01
8.900e-01 1.032e+00
9.000e-01 1.137e+00
9.100e-01 3.767e-01
9.200e-01 2.335e-01
9.300e-01 3.063e-01
9.400e-01 1.573e-01
9.500e-01 1.108e+00
9.600e-01 1.119e+00
9.700e-01 6.672e-01
9.800e-01 4.616e-01
9.900e-01 4.611e-01
1.000e+00 6.755e-01
1.010e+00 2.763e-01
1.020e+00 5.285e-01
1.030e+00 8.280e-01
1.040e+00 5.004e-01
1.050e+00 2.508e-01
1.060e+00 5.889e-01
1.070e+00 8.327e-01
1.080e+00 8.995e-01
1.090e+00 7.189e-01
1.100e+00 5.761e-01
1.110e+00 8.235e-01
1.120e+00 5.427e-01
1.130e+00 4.587e-01
1.140e+00 5.763e-01
1.150e+00 5.266e-01
1.160e+00 6.163e-01
1.170e+00 7.906e-01
1.180e+00 5.393e-01
1.190e+00 5.434e-01
1.200e+00 5.470e-01
1.210e+00 6.600e-01
1.220e+00 2.400e-01
1.230e+00 5.518e-01
1.240e+00 5.313e-01
1.250e+00 2.140e-01
1.260e+00 5.344e-01
1.270e+00 3.363e-01
1.280e+00 8.727e-01
1.290e+00 1.202e+00
1.300e+00 8.350e-01
1.310e+00 1.028e-01
1.320e+00 3.438e-01
1.330e+00 7.410e-02
1.340e+00 6.543e-01
1.350e+00 1.254e-01
1.360e+00 3.991e-01
1.370e+00 4.678e-01
1.380e+00 4.121e-01
1.390e+00 6.429e-01
1.400e+00 8.498e-01
1.410e+00 8.283e-01
1.420e+00 6.212e-01
1.430e+00 -6.271e-04
1.440e+00 2.135e-01
1.450e+00 3.284e-01
1.460e+00 6.785e-01
1.470e+00 6.519e-01
1.480e+00 8.631e-01
1.490e+00 5.191e-01
1.500e+00 5.038e-01
1.510e+00 5.317e-01
1.520e+00 6.112e-01
1.530e+00 5.086e-01
1.540e+00 5.919e-01
1.550e+00 7.309e-01
1.560e+00 4.810e-01
1.570e+00 3.916e-01
1.580e+00 6.651e-01
1.590e+00 5.004e-01
1.600e+00 1.767e-01
1.610e+00 2.771e-03
1.620e+00 2.951e-01
1.630e+00 1.847e-01
1.640e+00 4.257e-01
1.650e+00 2.567e-02
1.660e+00 4.351e-01
1.670e+00 4.030e-01
1.680e+00 1.659e-01
1.690e+00 2.085e-01
1.700e+00 4.569e-01
1.710e+00 9.940e-01
1.720e+00 8.002e-01
1.730e+00 9.479e-01
1.740e+00 2.286e-01
1.750e+00 1.519e-01
1.760e+00 3.576e-01
1.770e+00 3.954e-01
1.780e+00 3.359e-01
1.790e+00 3.525e-01
1.800e+00 8.604e-01
1.810e+00 7.523e-01
1.820e+00 9.344e-01
1.830e+00 5.660e-01
1.840e+00 8.424e-01
1.850e+00 5.054e-01
1.860e+00 7.552e-01
1.870e+00 8.037e-01
1.880e+00 6.436e-01
1.890e+00 1.680e-01
1.900e+00 3.951e-01
1.910e+00 6.906e-01
1.920e+00 4.386e-01
1.930e+00 3.316e-01
1.940e+00 5.686e-01
1.950e+00 1.015e+00
1.960e+00 3.326e-01
1.970e+00 4.752e-01
1.980e+00 4.625e-01
1.990e+00 4.563e-01
2.000e+00 9.359e-01
2.010e+00 6.176e-01
2.020e+00 4.565e-01
2.030e+00 7.847e-01
2.040e+00 9.571e-01
2.050e+00 3.429e-01
2.060e+00 1.727e-01
2.070e+00 3.325e-01
2.080e+00 3.423e-01
2.090e+00 4.189e-01
2.100e+00 4.270e-01
2.110e+00 8.765e-01
2.120e+00 3.633e-01
2.130e+00 5.271e-01
2.140e+00 6.216e-01
2.150e+00 6.709e-01
2.160e+00 4.214e-01
2.170e+00 3.202e-01
2.180e+00 6.111e-01
2.190e+00 8.071e-01
2.200e+00 1.162e+00
2.210e+00 4.757e-01
2.220e+00 4.381e-01
2.230e+00 6.101e-01
2.240e+00 6.550e-01
2.250e+00 6.029e-01
2.260e+00 8.219e-01
2.270e+00 4.567e-01
2.280e+00 5.069e-01
2.290e+00 5.001e-01
2.300e+00 6.428e-01
2.310e+00 8.551e-01
2.320e+00 5.472e-01
2.330e+00 7.476e-01
2.340e+00 6.122e-01
2.350e+00 7.129e-01
2.360e+00 7.681e-01
2.370e+00 4.642e-01
2.380e+00 4.807e-01
2.390e+00 4.577e-01
2.400e+00 6.423e-01
2.410e+00 5.752e-01
2.420e+00 6.254e-01
2.430e+00 4.845e-01
2.440e+00 6.216e-01
2.450e+00 8.321e-01
2.460e+00 9.713e-01
2.470e+00 8.905e-01
2.480e+00 5.697e-01
2.490e+00 5.465e-01
2.500e+00 3.861e-01
2.510e+00 7.140e-01
2.520e+00 5.381e-01
2.530e+00 4.781e-01
2.540e+00 6.128e-01
2.550e+00 7.508e-01
2.560e+00 5.731e-01
2.570e+00 5.077e-01
2.580e+00 2.614e-01
2.590e+00 3.567e-01
2.600e+00 4.956e-01
2.610e+00 5.742e-01
2.620e+00 6.954e-01
2.630e+00 5.225e-01
2.640e+00 5.263e-01
2.650e+00 5.453e-01
2.660e+00 6.664e-01
2.670e+00 7.310e-01
2.680e+00 5.563e-01
2.690e+00 5.459e-01
2.700e+00 2.624e-01
2.710e+00 4.442e-01
2.720e+00 5.344e-01
2.730e+00 6.537e-01
2.740e+00 6.834e-01
2.750e+00 4.149e-01
2.760e+00 4.835e-01
2.770e+00 6.789e-01
2.780e+00 8.250e-01
2.790e+00 6.216e-01
2.800e+00 6.368e-01
2.810e+00 5.308e-01
2.820e+00 5.850e-01
2.830e+00 4.734e-01
2.840e+00 4.436e-01
2.850e+00 3.502e-01
2.860e+00 2.485e-01
2.870e+00 4.616e-01
2.880e+00 8.159e-01
2.890e+00 6.807e-01
2.900e+00 5.430e-01
2.910e+00 2.576e-01
2.920e+00 3.093e-01
2.930e+00 3.196e-01
2.940e+00 3.808e-01
2.950e+00 7.292e-01
2.960e+00 4.864e-01
2.970e+00 5.212e-01
2.980e+00 4.476e-01
2.990e+00 4.391e-01
3.000e+00 4.297e-01
3.010e+00 4.620e-01
3.020e+00 7.179e-01
3.030e+00 5.899e-01
3.040e+00 4.329e-01
3.050e+00 3.464e-01
3.060e+00 2.961e-01
3.070e+00 4.027e-01
3.080e+00 5.354e-01
3.090e+00 6.081e-01
3.100e+00 4.098e-01
3.110e+00 4.811e-01
3.120e+00 4.402e-01
3.130e+00 5.329e-01
3.140e+00 5.015e-01
3.150e+00 3.674e-01
3.160e+00 4.917e-01
3.170e+00 7.193e-01
3.180e+00 4.918e-01
3.190e+00 4.181e-01
3.200e+00 3.880e-01
3.210e+00 5.241e-01
3.220e+00 4.788e-01
3.230e+00 5.455e-01
3.240e+00 5.284e-01
3.250e+00 4.350e-01
3.260e+00 5.213e-01
3.270e+00 2.345e-01
3.280e+00 3.372e-01
3.290e+00 2.822e-01
3.300e+00 4.198e-01
3.310e+00 5.633e-01
3.320e+00 5.067e-01
3.330e+00 3.072e-01
3.340e+00 2.703e-01
3.350e+00 4.679e-01
3.360e+00 6.858e-01
3.370e+00 4.202e-01
3.380e+00 3.724e-01
3.390e+00 3.054e-01
3.400e+00 3.724e-01
3.410e+00 2.825e-01
3.420e+00 5.211e-01
3.430e+00 5.616e-01
3.440e+00 5.786e-01
3.450e+00 4.846e-01
3.460e+00 6.585e-01
3.470e+00 4.844e-01
3.480e+00 5.436e-01
3.490e+00 5.399e-01
3.500e+00 4.942e-01
3.510e+00 5.392e-01
3.520e+00 5.579e-01
3.530e+00 6.197e-01
3.540e+00 5.130e-01
3.550e+00 5.546e-01
3.560e+00 4.365e-01
3.570e+00 5.551e-01
3.580e+00 4.990e-01
3.590e+00 1.991e-01
3.600e+00 5.647e-01
3.610e+00 4.459e-01
3.620e+00 3.301e-01
3.630e+00 1.907e-01
3.640e+00 2.054e-01
3.650e+00 2.751e-01
3.660e+00 3.180e-01
3.670e+00 3.693e-01
3.680e+00 3.385e-01
3.690e+00 4.158e-01
3.700e+00 5.891e-01
3.710e+00 8.165e-01
3.720e+00 3.892e-01
3.730e+00 3.788e-01
3.740e+00 2.615e-01
3.750e+00 5.003e-01
3.760e+00 3.813e-01
3.770e+00 3.623e-01
3.780e+00 2.998e-01
3.790e+00 3.253e-01
3.800e+00 5.024e-01
3.810e+00 4.454e-01
3.820e+00 5.206e-01
3.830e+00 5.021e-01
3.840e+00 5.908e-01
3.850e+00 6.944e-01
3.860e+00 7.540e-01
3.870e+00 5.379e-01
3.880e+00 4.953e-01
3.890e+00 6.172e-01
3.900e+00 4.262e-01
3.910e+00 5.472e-01
3.920e+00 4.381e-01
3.930e+00 3.867e-01
3.940e+00 3.138e-01
3.950e+00 1.680e-01
3.960e+00 2.577e-01
3.970e+00 5.837e-01
3.980e+00 4.140e-01
3.990e+00 4.497e-01
4.000e+00 6.376e-01
4.010e+00 4.065e-01
4.020e+00 4.800e-01
4.030e+00 6.370e-01
4.040e+00 5.935e-01
4.050e+00 7.951e-01
4.060e+00 6.826e-01
4.070e+00 6.214e-01
4.080e+00 6.735e-01
4.090e+00 7.629e-01
4.100e+00 7.062e-01
4.110e+00 5.672e-01
4.120e+00 6.195e-01
4.130e+00 6.156e-01
4.140e+00 5.218e-01
4.150e+00 5.838e-01
4.160e+00 6.423e-01
4.170e+00 7.682e-01
4.180e+00 5.123e-01
4.190e+00 3.710e-01
4.200e+00 4.524e-01
4.210e+00 5.365e-01
4.220e+00 7.097e-01
4.230e+00 6.908e-01
4.240e+00 7.520e-01
4.250e+00 8.904e-01
4.260e+00 6.775e-01
4.270e+00 4.225e-01
4.280e+00 2.644e-01
4.290e+00 3.409e-01
4.300e+00 3.686e-01
4.310e+00 3.785e-01
4.320e+00 4.299e-01
4.330e+00 5.890e-01
4.340e+00 5.400e-01
4.350e+00 5.506e-01
4.360e+00 4.243e-01
4.370e+00 6.186e-01
4.380e+00 4.798e-01
4.390e+00 4.973e-01
4.400e+00 4.152e-01
4.410e+00 4.140e-01
4.420e+00 6.350e-01
4.430e+00 5.522e-01
4.440e+00 3.431e-01
4.450e+00 4.201e-01
4.460e+00 6.695e-01
4.470e+00 4.278e-01
4.480e+00 1.882e-01
4.490e+00 2.763e-01
4.500e+00 2.484e-01
4.510e+00 4.493e-01
4.520e+00 5.558e-01
4.530e+00 6.172e-01
4.540e+00 6.864e-01
4.550e+00 5.634e-01
4.560e+00 6.505e-01
4.570e+00 3.573e-01
4.580e+00 3.661e-01
4.590e+00 2.558e-01
4.600e+00 2.958e-01
4.610e+00 4.346e-01
4.620e+00 5.856e-01
4.630e+00 5.838e-01
4.640e+00 4.440e-01
4.650e+00 5.220e-01
4.660e+00 4.652e-01
4.670e+00 3.282e-01
4.680e+00 5.594e-01
4.690e+00 5.390e-01
4.700e+00 5.514e-01
4.710e+00 4.074e-01
4.720e+00 6.506e-01
4.730e+00 6.917e-01
4.740e+00 7.220e-01
4.750e+00 5.633e-01
4.760e+00 4.266e-01
4.770e+00 6.122e-01
4.780e+00 7.637e-01
4.790e+00 6.101e-01
4.800e+00 6.469e-01
4.810e+00 6.041e-01
4.820e+00 7.044e-01
4.830e+00 9.147e-01
4.840e+00 7.951e-01
4.850e+00 5.970e-01
4.860e+00 1.309e-01
4.870e+00 3.892e-01
4.880e+00 3.400e-01
4.890e+00 4.769e-01
4.900e+00 5.489e-01
4.910e+00 5.098e-01
4.920e+00 5.695e-01
4.930e+00 5.797e-01
4.940e+00 5.243e-01
4.950e+00 3.895e-01
4.960e+00 4.100e-01
4.970e+00 7.176e-01
4.980e+00 6.303e-01
4.990e+00 6.810e-01
-5.000e+00 7.245e-01
-4.990e+00 6.702e-01
-4.980e+00 4.812e-01
-4.970e+00 4.642e-01
-4.960e+00 5.328e-01
-4.950e+00 6.597e-01
-4.940e+00 5.286e-01
-4.930e+00 6.922e-01
-4.920e+00 5.087e-01
-4.910e+00 5.120e-01
-4.900e+00 4.961e-01
-4.890e+00 5.532e-01
-4.880e+00 3.281e-01
-4.870e+00 3.757e-01
-4.860e+00 3.731e-01
-4.850e+00 6.921e-01
-4.840e+00 6.791e-01
-4.830e+00 7.355e-01
-4.820e+00 6.233e-01
-4.810e+00 6.665e-01
-4.800e+00 7.700e-01
-4.790e+00 4.616e-01
-4.780e+00 5.709e-01
-4.770e+00 4.452e-01
-4.760e+00 5.090e-01
-4.750e+00 6.990e-01
-4.740e+00 5.344e-01
-4.730e+00 5.271e-01
-4.720e+00 6.461e-01
-4.710e+00 5.562e-01
-4.700e+00 1.510e-01
-4.690e+00 2.513e-01
-4.680e+00 6.402e-01
-4.670e+00 6.034e-01
-4.660e+00 6.371e-01
-4.650e+00 2.794e-01
-4.640e+00 5.437e-01
-4.630e+00 5.649e-01
-4.620e+00 4.069e-01
-4.610e+00 4.789e-01
-4.600e+00 5.194e-01
-4.590e+00 5.719e-01
-4.580e+00 6.669e-01
-4.570e+00 6.607e-01
-4.560e+00 5.237e-01
-4.550e+00 3.214e-01
-4.540e+00 3.967e-01
-4.530e+00 3.987e-01
-4.520e+00 4.655e-01
-4.510e+00 4.958e-01
-4.500e+00 7.042e-01
-4.490e+00 4.373e-01
-4.480e+00 3.924e-01
-4.470e+00 5.136e-01
-4.460e+00 6.491e-01
-4.450e+00 6.407e-01
-4.440e+00 2.325e-01
-4.430e+00 4.827e-01
-4.420e+00 3.449e-01
-4.410e+00 3.988e-01
-4.400e+00 2.809e-01
-4.390e+00 5.558e-01
-4.380e+00 5.355e-01
-4.370e+00 4.220e-01
-4.360e+00 3.673e-01
-4.350e+00 5.114e-01
-4.340e+00 5.042e-01
-4.330e+00 5.169e-01
-4.320e+00 3.976e-01
-4.310e+00 4.372e-01
-4.300e+00 7.594e-01
-4.290e+00 7.304e-01
-4.280e+00 5.676e-01
-4.270e+00 4.401e-01
-4.260e+00 4.012e-01
-4.250e+00 4.113e-01
-4.240e+00 2.863e-01
-4.230e+00 2.819e-01
-4.220e+00 3.548e-01
-4.210e+00 3.496e-01
-4.200e+00 4.123e-01
-4.190e+00 3.990e-01
-4.180e+00 3.406e-01
-4.170e+00 3.436e-01
-4.160e+00 3.717e-01
-4.150e+00 3.802e-01
-4.140e+00 2.237e-01
-4.130e+00 5.650e-01
-4.120e+00 6.107e-01
-4.110e+00 5.673e-01
-4.100e+00 7.198e-01
-4.090e+00 5.839e-01
-4.080e+00 5.499e-01
-4.070e+00 5.697e-01
-4.060e+00 3.797e-01
-4.050e+00 4.094e-01
-4.040e+00 6.698e-01
-4.030e+00 4.819e-01
-4.020e+00 5.963e-01
-4.010e+00 6.278e-01
-4.000e+00 6.321e-01
-3.990e+00 9.503e-01
-3.980e+00 6.439e-01
-3.970e+00 7.070e-01
-3.960e+00 6.494e-01
-3.950e+00 3.617e-01
-3.940e+00 3.198e-01
-3.930e+00 3.043e-01
-3.920e+00 3.022e-01
-3.910e+00 3.720e-01
-3.900e+00 9.112e-02
-3.890e+00 9.140e-02
-3.880e+00 2.515e-01
-3.870e+00 1.731e-01
-3.860e+00 3.047e-01
-3.850e+00 2.030e-01
-3.840e+00 3.246e-01
-3.830e+00 3.298e-01
-3.820e+00 4.271e-01
-3.810e+00 3.559e-01
-3.800e+00 2.055e-01
-3.790e+00 4.158e-01
-3.780e+00 3.808e-01
-3.770e+00 3.531e-01
-3.760e+00 2.440e-01
-3.750e+00 6.193e-01
-3.740e+00 6.324e-01
-3.730e+00 5.392e-01
-3.720e+00 5.297e-01
-3.710e+00 4.889e-01
-3.700e+00 5.850e-01
-3.690e+00 5.099e-01
-3.680e+00 7.053e-01
-3.670e+00 6.002e-01
-3.660e+00 5.075e-01
-3.650e+00 1.615e-03
-3.640e+00 3.337e-01
-3.630e+00 4.599e-01
-3.620e+00 6.179e-01
-3.610e+00 5.590e-01
-3.600e+00 5.310e-01
-3.590e+00 5.438e-01
-3.580e+00 6.832e-01
-3.570e+00 6.764e-01
-3.560e+00 5.908e-01
-3.550e+00 6.458e-01
-3.540e+00 5.321e-01
-3.530e+00 5.322e-01
-3.520e+00 5.129e-01
-3.510e+00 4.767e-01
-3.500e+00 7.159e-01
-3.490e+00 6.782e-01
-3.480e+00 8.499e-01
-3.470e+00 9.787e-01
-3.460e+00 1.026e+00
-3.450e+00 9.500e-01
-3.440e+00 8.022e-01
-3.430e+00 5.491e-01
-3.420e+00 7.613e-01
-3.410e+00 7.291e-01
-3.400e+00 5.551e-01
-3.390e+00 3.770e-01
-3.380e+00 5.338e-01
-3.370e+00 6.075e-01
-3.360e+00 5.746e-01
-3.350e+00 5.039e-01
-3.340e+00 6.582e-01
-3.330e+00 6.673e-01
-3.320e+00 6.453e-01
-3.310e+00 5.375e-01
-3.300e+00 1.491e-01
-3.290e+00 1.364e-01
-3.280e+00 3.949e-01
-3.270e+00 2.341e-01
-3.260e+00 3.325e-01
-3.250e+00 4.524e-01
-3.240e+00 6.480e-01
-3.230e+00 4.716e-01
-3.220e+00 6.094e-01
-3.210e+00 6.675e-01
-3.200e+00 3.121e-01
-3.190e+00 3.047e-01
-3.180e+00 4.580e-01
-3.170e+00 4.472e-01
-3.160e+00 4.720e-01
-3.150e+00 7.677e-01
-3.140e+00 5.308e-01
-3.130e+00 5.719e-01
-3.120e+00 6.044e-01
-3.110e+00 7.545e-01
-3.100e+00 6.971e-01
-3.090e+00 7.058e-01
-3.080e+00 7.284e-01
-3.070e+00 6.809e-01
-3.060e+00 4.582e-01
-3.050e+00 7.241e-01
-3.040e+00 6.698e-01
-3.030e+00 5.808e-01
-3.020e+00 8.122e-01
-3.010e+00 6.984e-01
-3.000e+00 7.067e-01
-2.990e+00 6.021e-01
-2.980e+00 7.208e-01
-2.970e+00 4.933e-01
-2.960e+00 4.777e-01
-2.950e+00 3.806e-01
-2.940e+00 4.605e-01
-2.930e+00 5.746e-01
-2.920e+00 6.380e-01
-2.910e+00 4.438e-01
-2.900e+00 6.027e-01
-2.890e+00 3.894e-01
-2.880e+00 4.988e-01
-2.870e+00 2.339e-01
-2.860e+00 2.946e-01
-2.850e+00 4.410e-01
-2.840e+00 5.455e-01
-2.830e+00 7.211e-01
-2.820e+00 6.847e-01
-2.810e+00 5.662e-01
-2.800e+00 6.296e-01
-2.790e+00 6.006e-01
-2.780e+00 6.082e-01
-2.770e+00 7.826e-01
-2.760e+00 7.670e-01
-2.750e+00 6.158e-01
-2.740e+00 5.577e-01
-2.730e+00 5.163e-01
-2.720e+00 4.750e-01
-2.710e+00 5.101e-01
-2.700e+00 4.672e-01
-2.690e+00 4.880e-01
-2.680e+00 5.436e-01
-2.670e+00 6.688e-01
-2.660e+00 5.456e-01
-2.650e+00 5.437e-01
-2.640e+00 3.718e-01
-2.630e+00 5.617e-01
-2.620e+00 4.881e-01
-2.610e+00 7.555e-01
-2.600e+00 6.298e-01
-2.590e+00 5.043e-01
-2.580e+00 4.538e-01
-2.570e+00 3.121e-01
-2.560e+00 3.596e-01
-2.550e+00 2.384e-02
-2.540e+00 3.467e-01
-2.530e+00 5.382e-01
-2.520e+00 6.316e-01
-2.510e+00 7.016e-01
-2.500e+00 6.287e-01
-2.490e+00 3.709e-01
-2.480e+00 3.006e-01
-2.470e+00 4.327e-01
-2.460e+00 5.797e-01
-2.450e+00 5.347e-01
-2.440e+00 3.809e-01
-2.430e+00 5.221e-01
-2.420e+00 4.046e-01
-2.410e+00 6.132e-01
-2.400e+00 5.389e-01
-2.390e+00 5.919e-01
-2.380e+00 4.642e-01
-2.370e+00 5.855e-01
-2.360e+00 6.635e-01
-2.350e+00 4.916e-01
-2.340e+00 7.043e-01
-2.330e+00 2.896e-01
-2.320e+00 4.625e-01
-2.310e+00 4.563e-01
-2.300e+00 7.937e-01
-2.290e+00 8.084e-01
-2.280e+00 6.147e-01
-2.270e+00 6.380e-01
-2.260e+00 5.253e-01
-2.250e+00 5.487e-01
-2.240e+00 3.686e-01
-2.230e+00 5.333e-01
-2.220e+00 6.717e-01
-2.210e+00 5.635e-01
-2.200e+00 6.974e-01
-2.190e+00 7.068e-01
-2.180e+00 5.504e-01
-2.170e+00 6.345e-01
-2.160e+00 6.763e-01
-2.150e+00 4.757e-01
-2.140e+00 4.282e-01
-2.130e+00 1.802e-01
-2.120e+00 3.347e-01
-2.110e+00 3.921e-01
-2.100e+00 6.497e-01
-2.090e+00 3.511e-01
-2.080e+00 5.625e-01
-2.070e+00 7.577e-01
-2.060e+00 4.859e-01
-2.050e+00 2.394e-01
-2.040e+00 4.003e-01
-2.030e+00 7.023e-01
-2.020e+00 5.823e-01
-2.010e+00 3.675e-01
-2.000e+00 4.684e-01
-1.990e+00 4.204e-01
-1.980e+00 3.204e-01
-1.970e+00 2.053e-01
-1.960e+00 4.973e-01
-1.950e+00 6.127e-01
-1.940e+00 -7.831e-02
-1.930e+00 2.259e-02
-1.920e+00 1.176e-01
-1.910e+00 6.589e-01
-1.900e+00 3.272e-01
-1.890e+00 4.029e-01
-1.880e+00 2.281e-01
-1.870e+00 4.107e-01
-1.860e+00 4.000e-01
-1.850e+00 2.721e-01
-1.840e+00 2.585e-01
-1.830e+00 2.068e-01
-1.820e+00 1.623e-01
-1.810e+00 7.344e-01
-1.800e+00 1.196e+00
-1.790e+00 9.105e-01
-1.780e+00 6.937e-01
-1.770e+00 6.131e-01
-1.760e+00 8.583e-01
-1.750e+00 5.473e-01
-1.740e+00 3.784e-01
-1.730e+00 3.169e-01
-1.720e+00 3.309e-01
-1.710e+00 5.230e-01
-1.700e+00 4.281e-01
-1.690e+00 7.113e-01
-1.680e+00 6.082e-01
-1.670e+00 5.640e-01
-1.660e+00 4.384e-01
-1.650e+00 6.098e-01
-1.640e+00 7.513e-01
-1.630e+00 7.749e-01
-1.620e+00 3.199e-01
-1.610e+00 4.501e-01
-1.600e+00 4.634e-01
-1.590e+00 4.296e-01
-1.580e+00 2.077e-01
-1.570e+00 3.146e-01
-1.560e+00 3.512e-01
-1.550e+00 -5.398e-02
-1.540e+00 7.029e-01
-1.530e+00 8.370e-01
-1.520e+00 5.579e-01
-1.510e+00 3.952e-01
-1.500e+00 2.121e-01
-1.490e+00 8.457e-01
-1.480e+00 4.701e-01
-1.470e+00 6.692e-01
-1.460e+00 7.753e-01
-1.450e+00 1.300e+00
-1.440e+00 5.549e-01
-1.430e+00 6.274e-01
-1.420e+00 5.392e-01
-1.410e+00 4.156e-01
-1.400e+00 4.673e-01
-1.390e+00 4.447e-01
-1.380e+00 5.452e-01
-1.370e+00 1.279e-01
-1.360e+00 2.073e-01
-1.350e+00 4.555e-01
-1.340e+00 9.864e-01
-1.330e+00 8.449e-01
-1.320e+00 3.981e-01
-1.310e+00 4.887e-01
-1.300e+00 5.865e-02
-1.290e+00 1.102e-01
-1.280e+00 3.025e-01
-1.270e+00 1.767e-01
-1.260e+00 2.887e-01
-1.250e+00 8.489e-01
-1.240e+00 7.744e-01
-1.230e+00 6.208e-01
-1.220e+00 5.130e-01
-1.210e+00 8.168e-01
-1.200e+00 8.848e-01
-1.190e+00 5.508e-01
-1.180e+00 8.708e-01
-1.170e+00 9.086e-01
-1.160e+00 9.255e-01
-1.150e+00 2.671e-01
-1.140e+00 1.164e+00
-1.130e+00 8.701e-01
-1.120e+00 4.796e-01
-1.110e+00 4.233e-01
-1.100e+00 9.118e-01
-1.090e+00 5.712e-01
-1.080e+00 5.062e-01
-1.070e+00 6.271e-01
-1.060e+00 1.239e+00
-1.050e+00 7.309e-01
-1.040e+00 5.197e-01
-1.030e+00 2.171e-01
-1.020e+00 3.533e-01
-1.010e+00 6.719e-01
-1.000e+00 9.369e-01
-9.900e-01 6.858e-01
-9.800e-01 5.482e-01
-9.700e-01 8.465e-01
-9.600e-01 1.108e+00
-9.500e-01 1.150e+00
-9.400e-01 4.893e-01
-9.300e-01 1.274e+00
-9.200e-01 6.184e-01
-9.100e-01 2.347e-01
-9.000e-01 3.616e-01
-8.900e-01 1.168e+00
-8.800e-01 8.904e-01
-8.700e-01 8.593e-01
-8.600e-01 1.140e+00
-8.500e-01 1.278e+00
-8.400e-01 8.163e-01
-8.300e-01 5.230e-01
-8.200e-01 6.790e-01
-8.100e-01 7.722e-01
-8.000e-01 5.785e-01
-7.900e-01 6.891e-01
-7.800e-01 3.453e-01
-7.700e-01 5.560e-01
-7.600e-01 1.348e+00
-7.500e-01 1.542e+00
-7.400e-01 1.070e+00
-7.300e-01 9.287e-01
-7.200e-01 9.630e-01
-7.100e-01 1.245e+00
-7.000e-01 1.216e+00
-6.900e-01 9.273e-01
-6.800e-01 1.145e+00
-6.700e-01 9.630e-01
-6.600e-01 1.035e+00
-6.500e-01 1.625e+00
-6.400e-01 7.158e-01
-6.300e-01 7.141e-01
-6.200e-01 6.333e-01
-6.100e-01 5.230e-01
-6.000e-01 5.188e-01
-5.900e-01 4.551e-01
-5.800e-01 9.894e-01
-5.700e-01 1.069e+00
-5.600e-01 4.736e-01
-5.500e-01 1.497e+00
-5.400e-01 1.297e+00
-5.300e-01 6.558e-01
-5.200e-01 1.679e+00
-5.100e-01 1.693e+00
-5.000e-01 2.036e+00
-4.900e-01 9.023e-01
-4.800e-01 7.078e-01
-4.700e-01 1.080e+00
-4.600e-01 8.336e-01
-4.500e-01 1.577e+00
-4.400e-01 2.069e+00
-4.300e-01 8.855e-01
-4.200e-01 9.721e-01
-4.100e-01 1.156e+00
-4.000e-01 -2.817e-01
-3.900e-01 -2.811e-02
-3.800e-01 5.200e-01
-3.700e-01 6.018e-01
-3.600e-01 1.214e+00
-3.500e-01 3.947e-02
-3.400e-01 1.293e+00
-3.300e-01 2.933e+00
-3.200e-01 2.545e+00
-3.100e-01 1.733e+00
-3.000e-01 -1.095e-01
-2.900e-01 1.071e+00
-2.800e-01 2.023e+00
-2.700e-01 1.097e+00
-2.600e-01 1.025e-01
-2.500e-01 -2.405e-01
-2.400e-01 3.423e-01
-2.300e-01 6.527e-01
-2.200e-01 8.786e-01
-2.100e-01 2.948e-01
-2.000e-01 2.112e+00
-1.900e-01 6.455e-01
-1.800e-01 1.073e+00
-1.700e-01 -8.177e-01
-1.600e-01 6.044e-01
-1.500e-01 2.453e+00
-1.400e-01 2.907e+00
-1.300e-01 2.065e+00
-1.200e-01 5.048e+00
-1.100e-01 4.582e+00
-1.000e-01 5.223e+00
-9.000e-02 2.002e+00
-8.000e-02 2.714e+00
-7.000e-02 5.364e+00
-6.000e-02 5.797e+00
-5.000e-02 8.207e+00
-4.000e-02 1.089e+01
-3.000e-02 1.512e+01
-2.000e-02 2.966e+01
-1.000e-02 5.506e+01
