# Frequency (1.0/ps)      real(fft(F_1))
0.000e+00 3.865e+02
1.000e-02 3.126e+01
2.000e-02 1.703e+01
3.000e-02 7.691e+00
4.000e-02 7.544e+00
5.000e-02 -2.651e+00
6.000e-02 7.282e+00
7.000e-02 2.597e+00
8.000e-02 4.619e+00
9.000e-02 1.127e+00
1.000e-01 8.017e-01
1.100e-01 4.645e+00
1.200e-01 6.355e+00
1.300e-01 2.052e+00
1.400e-01 -3.035e-01
1.500e-01 1.417e+00
1.600e-01 3.469e+00
1.700e-01 2.973e+00
1.800e-01 1.751e+00
1.900e-01 2.493e+00
2.000e-01 2.765e+00
2.100e-01 1.570e+00
2.200e-01 2.365e+00
2.300e-01 2.707e+00
2.400e-01 6.315e-01
2.500e-01 6.873e-01
2.600e-01 1.945e+00
2.700e-01 1.643e+00
2.800e-01 1.072e+00
2.900e-01 2.897e+00
3.000e-01 1.635e+00
3.100e-01 -2.558e-01
3.200e-01 1.074e+00
3.300e-01 2.020e-01
3.400e-01 1.346e+00
3.500e-01 -1.800e+00
3.600e-01 1.350e+00
3.700e-01 -2.566e-01
3.800e-01 7.999e-01
3.900e-01 1.595e+00
4.000e-01 3.026e-01
4.100e-01 5.357e-01
4.200e-01 1.224e+00
4.300e-01 1.038e+00
4.400e-01 1.679e+00
4.500e-01 -2.628e-01
4.600e-01 7.819e-01
4.700e-01 5.584e-02
4.800e-01 5.038e-01
4.900e-01 1.367e+00
5.000e-01 1.761e+00
5.100e-01 3.082e-01
5.200e-01 1.154e+00
5.300e-01 6.740e-01
5.400e-01 1.717e+00
5.500e-01 4.336e+00
5.600e-01 1.770e+00
5.700e-01 1.149e+00
5.800e-01 3.013e-01
5.900e-01 1.818e+00
6.000e-01 2.421e+00
6.100e-01 -1.253e-01
6.200e-01 7.481e-01
6.300e-01 6.163e-01
6.400e-01 1.060e+00
6.500e-01 1.222e+00
6.600e-01 6.611e-01
6.700e-01 -9.257e-02
6.800e-01 7.070e-01
6.900e-01 1.586e-01
7.000e-01 3.918e-01
7.100e-01 -4.371e-01
7.200e-01 1.590e+00
7.300e-01 1.661e+00
7.400e-01 1.333e+00
7.500e-01 -3.725e-01
7.600e-01 -4.845e-01
7.700e-01 -2.076e-01
7.800e-01 5.239e-01
7.900e-01 7.725e-01
8.000e-01 1.584e+00
8.100e-01 8.004e-01
8.200e-01 -2.753e-01
8.300e-01 2.533e-01
8.400e-01 -1.243e-02
8.500e-01 1.413e+00
8.600e-01 1.242e+00
8.700e-01 1.279e+00
8.800e-01 9.434e-01
8.900e-01 8.719e-01
9.000e-01 -2.452e+00
9.100e-01 9.152e-01
9.200e-01 9.683e-01
9.300e-01 1.250e-01
9.400e-01 -1.246e-01
9.500e-01 3.333e-01
9.600e-01 3.089e-01
9.700e-01 7.218e-01
9.800e-01 1.168e-01
9.900e-01 8.981e-01
1.000e+00 1.176e+00
1.010e+00 5.172e-02
1.020e+00 6.522e-01
1.030e+00 6.245e-01
1.040e+00 1.824e-01
1.050e+00 -1.376e+00
1.060e+00 1.732e+00
1.070e+00 3.992e-01
1.080e+00 9.793e-01
1.090e+00 1.722e+00
1.100e+00 3.149e+00
1.110e+00 7.520e-02
1.120e+00 8.778e-03
1.130e+00 1.291e+00
1.140e+00 1.865e+00
1.150e+00 -8.417e-01
1.160e+00 -5.112e-01
1.170e+00 -4.743e-02
1.180e+00 -2.293e-01
1.190e+00 2.680e-01
1.200e+00 2.467e-01
1.210e+00 1.078e+00
1.220e+00 9.134e-01
1.230e+00 5.221e-02
1.240e+00 4.916e-01
1.250e+00 -8.749e-01
1.260e+00 2.616e-01
1.270e+00 7.438e-01
1.280e+00 -3.845e-01
1.290e+00 8.408e-01
1.300e+00 -3.476e-01
1.310e+00 1.099e+00
1.320e+00 7.695e-01
1.330e+00 2.592e-01
1.340e+00 7.597e-01
1.350e+00 5.567e-01
1.360e+00 9.735e-01
1.370e+00 2.309e-01
1.380e+00 1.611e+00
1.390e+00 5.291e-01
1.400e+00 1.666e+00
1.410e+00 3.933e-01
1.420e+00 1.121e+00
1.430e+00 1.310e+00
1.440e+00 9.142e-01
1.450e+00 -1.068e+00
1.460e+00 8.556e-01
1.470e+00 8.552e-02
1.480e+00 1.014e+00
1.490e+00 -2.900e-01
1.500e+00 -5.182e-01
1.510e+00 3.821e-01
1.520e+00 9.289e-01
1.530e+00 1.024e+00
1.540e+00 4.517e-03
1.550e+00 -9.885e-01
1.560e+00 5.315e-01
1.570e+00 6.207e-01
1.580e+00 1.106e+00
1.590e+00 6.709e-01
1.600e+00 5.671e-01
1.610e+00 6.309e-02
1.620e+00 -3.464e-01
1.630e+00 -1.066e-01
1.640e+00 2.683e-01
1.650e+00 8.015e-01
1.660e+00 3.111e-01
1.670e+00 -2.576e-01
1.680e+00 7.803e-01
1.690e+00 -3.445e-01
1.700e+00 9.105e-01
1.710e+00 9.533e-01
1.720e+00 4.124e-01
1.730e+00 7.170e-01
1.740e+00 1.234e+00
1.750e+00 4.151e-02
1.760e+00 1.064e-02
1.770e+00 3.805e-01
1.780e+00 6.907e-02
1.790e+00 3.954e-01
1.800e+00 2.491e-01
1.810e+00 4.608e-01
1.820e+00 -1.632e-02
1.830e+00 9.679e-02
1.840e+00 1.266e+00
1.850e+00 -6.367e-01
1.860e+00 7.847e-01
1.870e+00 1.183e-01
1.880e+00 1.362e+00
1.890e+00 9.394e-01
1.900e+00 8.844e-01
1.910e+00 1.443e-01
1.920e+00 6.401e-01
1.930e+00 5.375e-01
1.940e+00 1.590e-01
1.950e+00 -5.056e-01
1.960e+00 6.087e-01
1.970e+00 3.286e-01
1.980e+00 7.247e-01
1.990e+00 2.183e-01
2.000e+00 -1.031e-01
2.010e+00 1.414e-01
2.020e+00 1.758e-01
2.030e+00 -8.210e-02
2.040e+00 4.241e-01
2.050e+00 -3.571e-01
2.060e+00 4.423e-01
2.070e+00 6.323e-01
2.080e+00 1.693e-01
2.090e+00 3.844e-01
2.100e+00 -2.529e-01
2.110e+00 2.685e-01
2.120e+00 3.168e-01
2.130e+00 2.291e-01
2.140e+00 6.410e-01
2.150e+00 1.574e+00
2.160e+00 6.294e-01
2.170e+00 7.343e-01
2.180e+00 2.934e-01
2.190e+00 1.435e+00
2.200e+00 7.074e-01
2.210e+00 1.307e+00
2.220e+00 4.926e-01
2.230e+00 6.450e-01
2.240e+00 6.369e-01
2.250e+00 1.244e+00
2.260e+00 1.102e+00
2.270e+00 5.157e-01
2.280e+00 3.273e-01
2.290e+00 -4.546e-01
2.300e+00 7.764e-01
2.310e+00 1.029e+00
2.320e+00 7.908e-01
2.330e+00 1.034e+00
2.340e+00 4.975e-01
2.350e+00 4.233e-01
2.360e+00 8.520e-01
2.370e+00 5.498e-01
2.380e+00 8.780e-01
2.390e+00 3.648e-01
2.400e+00 1.540e+00
2.410e+00 3.183e-01
2.420e+00 5.328e-01
2.430e+00 6.922e-01
2.440e+00 3.889e-01
2.450e+00 -4.632e-01
2.460e+00 1.186e+00
2.470e+00 1.091e+00
2.480e+00 4.694e-01
2.490e+00 5.255e-01
2.500e+00 1.408e+00
2.510e+00 4.348e-01
2.520e+00 5.496e-01
2.530e+00 8.663e-01
2.540e+00 5.796e-01
2.550e+00 -2.621e-01
2.560e+00 5.758e-01
2.570e+00 8.912e-01
2.580e+00 8.137e-01
2.590e+00 1.461e-01
2.600e+00 -2.681e-01
2.610e+00 2.080e-01
2.620e+00 5.862e-01
2.630e+00 9.071e-01
2.640e+00 6.998e-01
2.650e+00 1.826e+00
2.660e+00 2.286e-01
2.670e+00 4.106e-01
2.680e+00 6.024e-01
2.690e+00 8.545e-01
2.700e+00 3.448e-01
2.710e+00 4.382e-01
2.720e+00 7.659e-01
2.730e+00 6.062e-01
2.740e+00 7.568e-01
2.750e+00 3.840e-01
2.760e+00 8.910e-01
2.770e+00 3.460e-01
2.780e+00 3.767e-01
2.790e+00 5.200e-01
2.800e+00 1.275e+00
2.810e+00 6.776e-01
2.820e+00 5.928e-01
2.830e+00 4.652e-01
2.840e+00 1.265e+00
2.850e+00 4.911e-01
2.860e+00 6.116e-01
2.870e+00 5.809e-01
2.880e+00 5.975e-01
2.890e+00 7.359e-01
2.900e+00 1.317e-01
2.910e+00 3.005e-01
2.920e+00 4.464e-01
2.930e+00 3.105e-01
2.940e+00 6.606e-01
2.950e+00 1.350e+00
2.960e+00 1.648e-01
2.970e+00 6.623e-01
2.980e+00 3.633e-01
2.990e+00 9.509e-01
3.000e+00 1.621e+00
3.010e+00 9.178e-01
3.020e+00 3.828e-01
3.030e+00 3.895e-01
3.040e+00 2.244e-01
3.050e+00 -4.785e-01
3.060e+00 8.691e-01
3.070e+00 7.993e-01
3.080e+00 1.418e-01
3.090e+00 4.165e-01
3.100e+00 1.127e+00
3.110e+00 1.155e-01
3.120e+00 5.336e-01
3.130e+00 7.338e-01
3.140e+00 1.230e+00
3.150e+00 2.381e-01
3.160e+00 3.578e-01
3.170e+00 1.092e+00
3.180e+00 3.677e-01
3.190e+00 -7.498e-02
3.200e+00 1.903e-01
3.210e+00 6.332e-01
3.220e+00 7.569e-01
3.230e+00 5.159e-01
3.240e+00 7.945e-01
3.250e+00 1.264e+00
3.260e+00 5.088e-01
3.270e+00 3.048e-01
3.280e+00 6.172e-01
3.290e+00 3.585e-01
3.300e+00 -9.217e-02
3.310e+00 4.594e-01
3.320e+00 2.538e-01
3.330e+00 8.927e-01
3.340e+00 3.974e-01
3.350e+00 6.988e-01
3.360e+00 5.619e-01
3.370e+00 5.155e-01
3.380e+00 7.617e-01
3.390e+00 6.082e-01
3.400e+00 1.935e+00
3.410e+00 5.152e-01
3.420e+00 6.946e-01
3.430e+00 2.597e-01
3.440e+00 3.869e-01
3.450e+00 5.650e-01
3.460e+00 5.183e-01
3.470e+00 2.145e-01
3.480e+00 3.163e-01
3.490e+00 2.935e-01
3.500e+00 9.050e-01
3.510e+00 3.378e-01
3.520e+00 7.808e-01
3.530e+00 3.606e-01
3.540e+00 9.716e-01
3.550e+00 1.498e-01
3.560e+00 5.006e-01
3.570e+00 2.967e-01
3.580e+00 5.734e-01
3.590e+00 7.622e-01
3.600e+00 1.329e+00
3.610e+00 2.903e-03
3.620e+00 -1.699e-02
3.630e+00 2.934e-01
3.640e+00 -5.851e-02
3.650e+00 3.848e-01
3.660e+00 1.678e-01
3.670e+00 2.834e-01
3.680e+00 6.256e-01
3.690e+00 -8.656e-02
3.700e+00 3.818e-01
3.710e+00 8.727e-01
3.720e+00 3.537e-01
3.730e+00 6.963e-01
3.740e+00 4.446e-01
3.750e+00 -3.746e-02
3.760e+00 5.490e-01
3.770e+00 3.539e-01
3.780e+00 7.326e-01
3.790e+00 7.636e-01
3.800e+00 9.950e-01
3.810e+00 1.102e-01
3.820e+00 4.542e-01
3.830e+00 3.386e-01
3.840e+00 8.097e-01
3.850e+00 4.338e-01
3.860e+00 -4.233e-01
3.870e+00 4.405e-01
3.880e+00 6.062e-01
3.890e+00 3.242e-02
3.900e+00 7.026e-03
3.910e+00 1.055e-01
3.920e+00 5.683e-01
3.930e+00 4.019e-01
3.940e+00 2.787e-01
3.950e+00 7.570e-01
3.960e+00 7.064e-01
3.970e+00 3.861e-01
3.980e+00 4.961e-01
3.990e+00 6.121e-01
4.000e+00 9.609e-01
4.010e+00 4.119e-01
4.020e+00 3.981e-01
4.030e+00 6.280e-01
4.040e+00 4.337e-01
4.050e+00 1.317e-01
4.060e+00 2.632e-01
4.070e+00 5.938e-01
4.080e+00 5.229e-01
4.090e+00 4.256e-01
4.100e+00 8.490e-01
4.110e+00 5.271e-01
4.120e+00 6.506e-01
4.130e+00 5.732e-01
4.140e+00 7.588e-01
4.150e+00 3.466e-01
4.160e+00 3.250e-01
4.170e+00 4.504e-01
4.180e+00 6.170e-01
4.190e+00 5.740e-01
4.200e+00 -1.331e-01
4.210e+00 -5.566e-02
4.220e+00 2.618e-01
4.230e+00 3.498e-01
4.240e+00 4.653e-01
4.250e+00 4.639e-01
4.260e+00 4.183e-01
4.270e+00 7.182e-01
4.280e+00 4.517e-01
4.290e+00 5.731e-01
4.300e+00 1.063e+00
4.310e+00 8.313e-02
4.320e+00 5.179e-01
4.330e+00 5.343e-01
4.340e+00 2.517e-01
4.350e+00 1.308e+00
4.360e+00 1.672e-02
4.370e+00 9.993e-02
4.380e+00 4.396e-01
4.390e+00 1.908e-01
4.400e+00 2.051e-01
4.410e+00 3.901e-01
4.420e+00 4.596e-01
4.430e+00 7.089e-02
4.440e+00 5.982e-01
4.450e+00 6.708e-01
4.460e+00 1.056e+00
4.470e+00 5.446e-01
4.480e+00 3.840e-01
4.490e+00 7.404e-01
4.500e+00 4.039e-01
4.510e+00 1.767e-01
4.520e+00 -3.604e-02
4.530e+00 4.660e-01
4.540e+00 8.534e-02
4.550e+00 1.485e+00
4.560e+00 5.573e-01
4.570e+00 4.040e-01
4.580e+00 4.153e-01
4.590e+00 5.454e-01
4.600e+00 1.291e+00
4.610e+00 6.260e-01
4.620e+00 3.813e-01
4.630e+00 1.117e-01
4.640e+00 3.860e-01
4.650e+00 -2.138e-01
4.660e+00 5.576e-01
4.670e+00 5.293e-01
4.680e+00 5.384e-01
4.690e+00 8.499e-01
4.700e+00 -2.401e-01
4.710e+00 3.193e-01
4.720e+00 2.207e-01
4.730e+00 2.400e-01
4.740e+00 4.686e-01
4.750e+00 4.135e-01
4.760e+00 5.668e-01
4.770e+00 7.556e-01
4.780e+00 6.584e-01
4.790e+00 3.097e-01
4.800e+00 6.034e-02
4.810e+00 4.157e-01
4.820e+00 3.480e-01
4.830e+00 3.472e-01
4.840e+00 1.535e-01
4.850e+00 -2.065e-01
4.860e+00 9.696e-01
4.870e+00 5.302e-01
4.880e+00 -1.199e-01
4.890e+00 6.064e-01
4.900e+00 1.456e+00
4.910e+00 7.020e-01
4.920e+00 4.359e-01
4.930e+00 4.772e-01
4.940e+00 3.822e-01
4.950e+00 7.138e-02
4.960e+00 6.874e-01
4.970e+00 7.157e-01
4.980e+00 8.594e-01
4.990e+00 7.061e-02
-5.000e+00 6.822e-01
-4.990e+00 5.553e-01
-4.980e+00 5.038e-01
-4.970e+00 6.335e-01
-4.960e+00 7.587e-01
-4.950e+00 5.650e-02
-4.940e+00 2.507e-01
-4.930e+00 4.801e-01
-4.920e+00 2.845e-01
-4.910e+00 4.757e-01
-4.900e+00 6.106e-01
-4.890e+00 5.908e-01
-4.880e+00 6.899e-02
-4.870e+00 7.945e-01
-4.860e+00 7.803e-01
-4.850e+00 -1.902e-01
-4.840e+00 5.602e-01
-4.830e+00 5.298e-01
-4.820e+00 5.414e-01
-4.810e+00 1.123e+00
-4.800e+00 3.912e-01
-4.790e+00 1.808e-01
-4.780e+00 2.759e-01
-4.770e+00 9.165e-01
-4.760e+00 3.471e-01
-4.750e+00 8.912e-01
-4.740e+00 1.815e-01
-4.730e+00 3.643e-02
-4.720e+00 3.925e-01
-4.710e+00 9.506e-02
-4.700e+00 8.850e-01
-4.690e+00 4.257e-01
-4.680e+00 7.627e-01
-4.670e+00 6.658e-01
-4.660e+00 3.932e-01
-4.650e+00 1.420e-01
-4.640e+00 5.545e-01
-4.630e+00 3.551e-01
-4.620e+00 5.118e-01
-4.610e+00 1.604e-01
-4.600e+00 1.543e+00
-4.590e+00 3.313e-01
-4.580e+00 4.273e-01
-4.570e+00 -2.834e-01
-4.560e+00 4.479e-01
-4.550e+00 1.034e+00
-4.540e+00 1.849e-02
-4.530e+00 2.318e-01
-4.520e+00 -2.426e-02
-4.510e+00 3.572e-01
-4.500e+00 8.156e-01
-4.490e+00 5.218e-01
-4.480e+00 3.685e-01
-4.470e+00 4.278e-01
-4.460e+00 1.268e+00
-4.450e+00 6.120e-01
-4.440e+00 4.108e-01
-4.430e+00 2.738e-01
-4.420e+00 4.411e-01
-4.410e+00 9.016e-02
-4.400e+00 3.419e-01
-4.390e+00 2.739e-01
-4.380e+00 2.515e-02
-4.370e+00 -5.038e-02
-4.360e+00 3.359e-01
-4.350e+00 6.292e-01
-4.340e+00 4.273e-01
-4.330e+00 5.747e-01
-4.320e+00 2.274e-01
-4.310e+00 4.526e-01
-4.300e+00 9.118e-01
-4.290e+00 8.343e-01
-4.280e+00 2.614e-01
-4.270e+00 5.103e-01
-4.260e+00 4.759e-01
-4.250e+00 6.711e-01
-4.240e+00 1.740e-01
-4.230e+00 5.071e-01
-4.220e+00 4.603e-01
-4.210e+00 -5.382e-02
-4.200e+00 -4.778e-02
-4.190e+00 6.665e-01
-4.180e+00 5.782e-01
-4.170e+00 4.386e-01
-4.160e+00 1.555e-01
-4.150e+00 1.092e-01
-4.140e+00 7.351e-01
-4.130e+00 1.148e+00
-4.120e+00 4.078e-01
-4.110e+00 7.228e-01
-4.100e+00 1.240e+00
-4.090e+00 6.072e-01
-4.080e+00 5.705e-01
-4.070e+00 6.083e-01
-4.060e+00 4.845e-01
-4.050e+00 7.842e-01
-4.040e+00 7.704e-02
-4.030e+00 5.700e-01
-4.020e+00 4.877e-01
-4.010e+00 1.694e-01
-4.000e+00 -2.368e-01
-3.990e+00 4.423e-01
-3.980e+00 4.073e-01
-3.970e+00 2.374e-01
-3.960e+00 3.916e-01
-3.950e+00 -8.162e-01
-3.940e+00 1.646e-01
-3.930e+00 4.039e-01
-3.920e+00 6.831e-01
-3.910e+00 1.006e+00
-3.900e+00 -4.207e-01
-3.890e+00 -5.655e-02
-3.880e+00 4.225e-01
-3.870e+00 3.559e-01
-3.860e+00 1.734e-01
-3.850e+00 -6.723e-02
-3.840e+00 5.718e-01
-3.830e+00 4.470e-01
-3.820e+00 3.877e-01
-3.810e+00 2.677e-01
-3.800e+00 8.233e-01
-3.790e+00 4.609e-01
-3.780e+00 3.289e-01
-3.770e+00 6.382e-01
-3.760e+00 1.721e-01
-3.750e+00 6.961e-01
-3.740e+00 7.377e-01
-3.730e+00 1.250e+00
-3.720e+00 6.738e-01
-3.710e+00 9.512e-01
-3.700e+00 5.022e-01
-3.690e+00 1.214e-01
-3.680e+00 2.824e-01
-3.670e+00 2.183e-01
-3.660e+00 8.428e-01
-3.650e+00 -3.246e-01
-3.640e+00 -1.129e-01
-3.630e+00 1.511e-01
-3.620e+00 5.203e-02
-3.610e+00 1.817e-01
-3.600e+00 4.300e-01
-3.590e+00 5.589e-01
-3.580e+00 3.211e-01
-3.570e+00 6.856e-01
-3.560e+00 6.443e-01
-3.550e+00 5.931e-01
-3.540e+00 3.144e-01
-3.530e+00 -2.934e-02
-3.520e+00 6.092e-01
-3.510e+00 2.500e-01
-3.500e+00 6.838e-01
-3.490e+00 2.746e-01
-3.480e+00 5.097e-01
-3.470e+00 4.058e-01
-3.460e+00 4.136e-01
-3.450e+00 3.809e-01
-3.440e+00 -1.337e-01
-3.430e+00 2.170e-01
-3.420e+00 3.174e-01
-3.410e+00 9.508e-01
-3.400e+00 1.638e+00
-3.390e+00 -6.420e-02
-3.380e+00 4.973e-01
-3.370e+00 1.755e-01
-3.360e+00 8.728e-01
-3.350e+00 -4.561e-01
-3.340e+00 4.465e-01
-3.330e+00 8.383e-01
-3.320e+00 1.637e-01
-3.310e+00 7.731e-01
-3.300e+00 1.657e-01
-3.290e+00 1.451e-01
-3.280e+00 -1.664e-01
-3.270e+00 -3.933e-02
-3.260e+00 2.149e-01
-3.250e+00 5.919e-01
-3.240e+00 5.430e-01
-3.230e+00 8.124e-01
-3.220e+00 3.391e-01
-3.210e+00 5.310e-02
-3.200e+00 -1.744e-01
-3.190e+00 8.577e-02
-3.180e+00 1.389e-01
-3.170e+00 6.135e-01
-3.160e+00 7.629e-02
-3.150e+00 8.602e-01
-3.140e+00 6.428e-01
-3.130e+00 4.515e-01
-3.120e+00 2.576e-01
-3.110e+00 -1.078e-01
-3.100e+00 8.952e-01
-3.090e+00 2.866e-01
-3.080e+00 1.572e-01
-3.070e+00 9.801e-01
-3.060e+00 4.100e-01
-3.050e+00 -2.725e-01
-3.040e+00 7.993e-01
-3.030e+00 2.619e-01
-3.020e+00 2.379e-01
-3.010e+00 5.023e-01
-3.000e+00 1.624e+00
-2.990e+00 3.065e-01
-2.980e+00 -3.812e-02
-2.970e+00 7.019e-01
-2.960e+00 -7.954e-02
-2.950e+00 1.321e+00
-2.940e+00 6.543e-01
-2.930e+00 1.053e+00
-2.920e+00 7.764e-01
-2.910e+00 2.815e-01
-2.900e+00 9.675e-01
-2.890e+00 4.278e-01
-2.880e+00 3.448e-01
-2.870e+00 4.534e-01
-2.860e+00 5.954e-01
-2.850e+00 9.734e-01
-2.840e+00 6.256e-01
-2.830e+00 6.221e-01
-2.820e+00 5.772e-01
-2.810e+00 7.365e-01
-2.800e+00 1.462e+00
-2.790e+00 2.899e-02
-2.780e+00 3.935e-01
-2.770e+00 2.752e-01
-2.760e+00 4.849e-01
-2.750e+00 1.019e+00
-2.740e+00 5.061e-01
-2.730e+00 5.255e-01
-2.720e+00 4.128e-01
-2.710e+00 8.511e-01
-2.700e+00 6.149e-01
-2.690e+00 8.478e-01
-2.680e+00 6.321e-01
-2.670e+00 5.906e-01
-2.660e+00 1.093e-01
-2.650e+00 2.076e+00
-2.640e+00 1.445e-01
-2.630e+00 7.888e-01
-2.620e+00 3.862e-01
-2.610e+00 4.954e-01
-2.600e+00 1.618e+00
-2.590e+00 2.012e-01
-2.580e+00 6.621e-01
-2.570e+00 5.877e-01
-2.560e+00 5.597e-01
-2.550e+00 7.738e-01
-2.540e+00 3.855e-01
-2.530e+00 8.585e-01
-2.520e+00 5.579e-01
-2.510e+00 3.811e-01
-2.500e+00 9.241e-01
-2.490e+00 1.686e-01
-2.480e+00 4.343e-01
-2.470e+00 1.140e+00
-2.460e+00 2.166e-01
-2.450e+00 -3.505e-01
-2.440e+00 4.158e-01
-2.430e+00 1.402e-01
-2.420e+00 2.612e-01
-2.410e+00 4.125e-02
-2.400e+00 2.024e+00
-2.390e+00 5.587e-01
-2.380e+00 4.485e-01
-2.370e+00 4.224e-01
-2.360e+00 9.306e-01
-2.350e+00 -5.812e-01
-2.340e+00 4.570e-02
-2.330e+00 6.060e-01
-2.320e+00 4.348e-01
-2.310e+00 1.037e+00
-2.300e+00 3.857e-01
-2.290e+00 2.832e-01
-2.280e+00 3.742e-01
-2.270e+00 3.302e-01
-2.260e+00 4.087e-01
-2.250e+00 1.819e+00
-2.240e+00 1.812e-01
-2.230e+00 5.612e-01
-2.220e+00 6.120e-01
-2.210e+00 7.133e-01
-2.200e+00 1.598e-01
-2.190e+00 5.010e-01
-2.180e+00 5.455e-01
-2.170e+00 5.308e-01
-2.160e+00 3.558e-01
-2.150e+00 1.179e+00
-2.140e+00 5.828e-01
-2.130e+00 4.525e-01
-2.120e+00 8.095e-01
-2.110e+00 3.491e-01
-2.100e+00 5.459e-01
-2.090e+00 -5.176e-02
-2.080e+00 3.288e-01
-2.070e+00 3.673e-01
-2.060e+00 1.067e+00
-2.050e+00 -3.272e-01
-2.040e+00 4.607e-01
-2.030e+00 -3.405e-02
-2.020e+00 6.413e-01
-2.010e+00 2.861e-01
-2.000e+00 9.704e-02
-1.990e+00 8.819e-01
-1.980e+00 2.625e-01
-1.970e+00 1.657e-01
-1.960e+00 -8.072e-02
-1.950e+00 9.593e-01
-1.940e+00 5.080e-01
-1.930e+00 6.844e-01
-1.920e+00 5.617e-01
-1.910e+00 1.759e-01
-1.900e+00 1.130e+00
-1.890e+00 8.024e-01
-1.880e+00 9.334e-01
-1.870e+00 2.367e-01
-1.860e+00 -3.202e-01
-1.850e+00 5.366e-01
-1.840e+00 -3.419e-01
-1.830e+00 3.823e-02
-1.820e+00 1.120e-01
-1.810e+00 4.048e-01
-1.800e+00 2.207e+00
-1.790e+00 8.029e-01
-1.780e+00 4.018e-01
-1.770e+00 7.526e-01
-1.760e+00 1.844e-01
-1.750e+00 1.432e+00
-1.740e+00 4.206e-01
-1.730e+00 8.708e-01
-1.720e+00 8.713e-01
-1.710e+00 5.150e-01
-1.700e+00 1.193e+00
-1.690e+00 -6.429e-02
-1.680e+00 4.701e-01
-1.670e+00 1.939e-01
-1.660e+00 -1.326e-02
-1.650e+00 1.088e+00
-1.640e+00 -6.626e-02
-1.630e+00 4.904e-01
-1.620e+00 2.857e-01
-1.610e+00 1.186e-01
-1.600e+00 1.669e+00
-1.590e+00 4.393e-01
-1.580e+00 1.418e+00
-1.570e+00 1.188e-01
-1.560e+00 -7.780e-02
-1.550e+00 1.764e-01
-1.540e+00 3.182e-01
-1.530e+00 6.416e-01
-1.520e+00 1.338e+00
-1.510e+00 4.799e-01
-1.500e+00 -1.040e+00
-1.490e+00 6.797e-01
-1.480e+00 7.755e-01
-1.470e+00 8.946e-01
-1.460e+00 2.950e-01
-1.450e+00 5.885e-02
-1.440e+00 6.935e-01
-1.430e+00 9.017e-01
-1.420e+00 7.586e-01
-1.410e+00 7.303e-01
-1.400e+00 5.519e-01
-1.390e+00 2.824e-01
-1.380e+00 5.518e-01
-1.370e+00 7.747e-01
-1.360e+00 6.125e-01
-1.350e+00 -1.636e-01
-1.340e+00 -2.662e-01
-1.330e+00 -8.844e-02
-1.320e+00 4.879e-01
-1.310e+00 4.804e-01
-1.300e+00 -4.542e-01
-1.290e+00 2.087e-01
-1.280e+00 -6.098e-01
-1.270e+00 7.978e-01
-1.260e+00 -1.418e-01
-1.250e+00 7.627e-01
-1.240e+00 1.171e+00
-1.230e+00 5.705e-01
-1.220e+00 8.397e-01
-1.210e+00 4.777e-01
-1.200e+00 8.766e-01
-1.190e+00 4.277e-01
-1.180e+00 3.540e-01
-1.170e+00 4.655e-01
-1.160e+00 5.144e-01
-1.150e+00 -2.338e+00
-1.140e+00 5.386e-01
-1.130e+00 3.817e-01
-1.120e+00 -1.190e-01
-1.110e+00 -3.673e-01
-1.100e+00 1.576e+00
-1.090e+00 9.914e-01
-1.080e+00 4.894e-01
-1.070e+00 1.156e+00
-1.060e+00 1.109e+00
-1.050e+00 -1.016e+00
-1.040e+00 1.031e+00
-1.030e+00 3.094e-01
-1.020e+00 1.421e+00
-1.010e+00 5.438e-01
-1.000e+00 1.307e+00
-9.900e-01 -3.952e-01
-9.800e-01 -8.943e-01
-9.700e-01 5.865e-01
-9.600e-01 -7.025e-01
-9.500e-01 2.343e+00
-9.400e-01 6.441e-01
-9.300e-01 5.118e-01
-9.200e-01 3.453e-01
-9.100e-01 9.043e-01
-9.000e-01 1.111e-02
-8.900e-01 9.598e-01
-8.800e-01 4.975e-01
-8.700e-01 5.216e-01
-8.600e-01 -1.419e-01
-8.500e-01 -2.714e-01
-8.400e-01 4.832e-01
-8.300e-01 9.099e-01
-8.200e-01 3.926e-01
-8.100e-01 1.283e-01
-8.000e-01 7.748e-01
-7.900e-01 4.662e-02
-7.800e-01 -9.169e-02
-7.700e-01 4.997e-01
-7.600e-01 -2.625e-01
-7.500e-01 2.801e-02
-7.400e-01 1.109e+00
-7.300e-01 1.855e-01
-7.200e-01 8.157e-01
-7.100e-01 6.440e-01
-7.000e-01 9.536e-01
-6.900e-01 1.244e+00
-6.800e-01 1.481e-01
-6.700e-01 2.994e-01
-6.600e-01 8.925e-01
-6.500e-01 1.311e+00
-6.400e-01 4.479e-01
-6.300e-01 -1.451e-01
-6.200e-01 1.488e+00
-6.100e-01 -4.079e-01
-6.000e-01 1.510e+00
-5.900e-01 -4.815e-01
-5.800e-01 5.081e-01
-5.700e-01 -8.445e-02
-5.600e-01 1.451e+00
-5.500e-01 1.150e+00
-5.400e-01 1.451e-01
-5.300e-01 6.651e-02
-5.200e-01 2.612e-01
-5.100e-01 8.152e-02
-5.000e-01 1.593e-01
-4.900e-01 5.406e-01
-4.800e-01 -3.984e-01
-4.700e-01 6.317e-01
-4.600e-01 -5.091e-01
-4.500e-01 6.534e-02
-4.400e-01 5.332e-01
-4.300e-01 4.899e-01
-4.200e-01 8.302e-01
-4.100e-01 -1.320e-01
-4.000e-01 -2.889e+00
-3.900e-01 5.112e-01
-3.800e-01 1.181e+00
-3.700e-01 5.523e-01
-3.600e-01 1.168e+00
-3.500e-01 -1.774e+00
-3.400e-01 5.870e-01
-3.300e-01 8.348e-02
-3.200e-01 -2.800e-01
-3.100e-01 9.642e-01
-3.000e-01 -9.285e-01
-2.900e-01 8.394e-01
-2.800e-01 8.551e-01
-2.700e-01 4.305e-01
-2.600e-01 4.045e-01
-2.500e-01 1.401e+00
-2.400e-01 -3.952e-01
-2.300e-01 1.268e+00
-2.200e-01 1.555e+00
-2.100e-01 4.114e-03
-2.000e-01 7.882e-01
-1.900e-01 -7.612e-02
-1.800e-01 2.003e+00
-1.700e-01 6.298e-01
-1.600e-01 2.752e-01
-1.500e-01 -3.022e+00
-1.400e-01 -3.375e+00
-1.300e-01 -6.229e-01
-1.200e-01 2.863e+00
-1.100e-01 1.936e+00
-1.000e-01 -3.836e+00
-9.000e-02 -2.467e+00
-8.000e-02 2.408e+00
-7.000e-02 -2.055e+00
-6.000e-02 4.169e+00
-5.000e-02 -3.657e+00
-4.000e-02 -1.872e+00
-3.000e-02 2.536e+00
-2.000e-02 1.039e+01
-1.000e-02 2.138e+01
