# Frequency (1.0/ps)      real(fft(F_0))
0.000e+00 3.707e+02
1.000e-02 2.545e+01
2.000e-02 2.108e+01
3.000e-02 9.092e+00
4.000e-02 6.683e+00
5.000e-02 5.779e+00
6.000e-02 -2.241e+00
7.000e-02 3.593e+00
8.000e-02 2.126e+00
9.000e-02 1.636e+00
1.000e-01 1.958e+00
1.100e-01 3.133e+00
1.200e-01 4.170e+00
1.300e-01 2.540e+00
1.400e-01 1.341e+00
1.500e-01 -1.470e+00
1.600e-01 1.426e-01
1.700e-01 9.105e-01
1.800e-01 -6.707e-01
1.900e-01 5.328e-01
2.000e-01 9.215e-01
2.100e-01 -1.320e-01
2.200e-01 3.700e-02
2.300e-01 -1.036e+00
2.400e-01 -8.286e-02
2.500e-01 2.185e+00
2.600e-01 1.576e+00
2.700e-01 1.607e+00
2.800e-01 1.904e-01
2.900e-01 8.079e-01
3.000e-01 4.451e-01
3.100e-01 4.680e-01
3.200e-01 7.715e-01
3.300e-01 1.356e+00
3.400e-01 1.126e+00
3.500e-01 -1.307e+00
3.600e-01 7.657e-01
3.700e-01 -2.956e-01
3.800e-01 6.790e-02
3.900e-01 5.721e-01
4.000e-01 4.524e-01
4.100e-01 4.195e-01
4.200e-01 6.299e-02
4.300e-01 1.182e+00
4.400e-01 1.161e+00
4.500e-01 5.779e-01
4.600e-01 3.524e-01
4.700e-01 6.154e-01
4.800e-01 5.254e-01
4.900e-01 4.588e-01
5.000e-01 1.584e-01
5.100e-01 7.353e-01
5.200e-01 1.392e+00
5.300e-01 8.676e-01
5.400e-01 9.747e-02
5.500e-01 9.171e-02
5.600e-01 1.757e+00
5.700e-01 1.726e-01
5.800e-01 1.452e+00
5.900e-01 1.302e+00
6.000e-01 9.332e-01
6.100e-01 6.358e-01
6.200e-01 8.591e-01
6.300e-01 1.321e-01
6.400e-01 5.899e-01
6.500e-01 -5.091e-01
6.600e-01 6.554e-01
6.700e-01 -1.617e-01
6.800e-01 -4.476e-01
6.900e-01 2.087e-01
7.000e-01 5.919e-01
7.100e-01 1.304e+00
7.200e-01 1.899e+00
7.300e-01 1.058e+00
7.400e-01 5.570e-01
7.500e-01 7.441e-01
7.600e-01 -1.250e-01
7.700e-01 1.009e+00
7.800e-01 2.493e-02
7.900e-01 6.621e-01
8.000e-01 3.433e-01
8.100e-01 8.793e-01
8.200e-01 2.308e-01
8.300e-01 6.307e-01
8.400e-01 5.456e-01
8.500e-01 6.464e-01
8.600e-01 9.043e-01
8.700e-01 3.542e-01
8.800e-01 6.816e-01
8.900e-01 9.657e-01
9.000e-01 2.483e+00
9.100e-01 4.047e-01
9.200e-01 7.902e-01
9.300e-01 7.836e-01
9.400e-01 7.118e-01
9.500e-01 1.208e+00
9.600e-01 1.504e+00
9.700e-01 8.778e-01
9.800e-01 -2.084e-01
9.900e-01 8.309e-01
1.000e+00 6.031e-01
1.010e+00 -9.100e-02
1.020e+00 1.232e+00
1.030e+00 7.463e-01
1.040e+00 4.045e-01
1.050e+00 -5.885e-02
1.060e+00 7.262e-01
1.070e+00 7.181e-01
1.080e+00 1.549e+00
1.090e+00 1.010e+00
1.100e+00 2.534e-01
1.110e+00 1.509e+00
1.120e+00 -8.203e-02
1.130e+00 -2.634e-01
1.140e+00 7.317e-01
1.150e+00 -2.460e-01
1.160e+00 3.506e-01
1.170e+00 6.998e-01
1.180e+00 3.902e-01
1.190e+00 -1.304e-01
1.200e+00 -2.596e-01
1.210e+00 1.194e+00
1.220e+00 9.202e-01
1.230e+00 4.304e-01
1.240e+00 3.810e-01
1.250e+00 3.422e-01
1.260e+00 -5.031e-01
1.270e+00 3.115e-01
1.280e+00 -6.524e-02
1.290e+00 -4.086e-01
1.300e+00 -8.011e-01
1.310e+00 1.229e+00
1.320e+00 1.208e-02
1.330e+00 4.335e-02
1.340e+00 6.282e-02
1.350e+00 1.279e+00
1.360e+00 1.205e+00
1.370e+00 8.375e-01
1.380e+00 3.190e-01
1.390e+00 -1.482e-01
1.400e+00 7.269e-01
1.410e+00 1.204e+00
1.420e+00 1.101e+00
1.430e+00 5.981e-01
1.440e+00 8.004e-02
1.450e+00 2.935e-01
1.460e+00 4.334e-01
1.470e+00 3.772e-01
1.480e+00 -6.308e-01
1.490e+00 4.680e-01
1.500e+00 8.446e-01
1.510e+00 1.557e-01
1.520e+00 9.028e-01
1.530e+00 9.780e-01
1.540e+00 8.026e-01
1.550e+00 8.189e-01
1.560e+00 5.930e-01
1.570e+00 7.979e-01
1.580e+00 8.232e-01
1.590e+00 1.956e-01
1.600e+00 8.774e-01
1.610e+00 2.440e-01
1.620e+00 -1.213e-01
1.630e+00 4.105e-01
1.640e+00 9.227e-01
1.650e+00 1.225e+00
1.660e+00 4.037e-01
1.670e+00 4.696e-01
1.680e+00 -1.771e-01
1.690e+00 7.022e-01
1.700e+00 1.292e+00
1.710e+00 3.288e-01
1.720e+00 2.515e-01
1.730e+00 9.162e-01
1.740e+00 5.327e-01
1.750e+00 1.679e-01
1.760e+00 7.663e-01
1.770e+00 8.068e-01
1.780e+00 5.640e-01
1.790e+00 8.557e-01
1.800e+00 -1.201e-01
1.810e+00 7.555e-01
1.820e+00 6.484e-01
1.830e+00 1.968e-03
1.840e+00 3.348e-01
1.850e+00 7.589e-01
1.860e+00 -1.023e-01
1.870e+00 1.777e-01
1.880e+00 3.273e-01
1.890e+00 4.229e-01
1.900e+00 1.154e+00
1.910e+00 3.614e-01
1.920e+00 9.802e-02
1.930e+00 7.121e-01
1.940e+00 3.648e-02
1.950e+00 1.044e+00
1.960e+00 1.761e-01
1.970e+00 4.977e-01
1.980e+00 2.205e-01
1.990e+00 7.281e-01
2.000e+00 6.009e-01
2.010e+00 -8.032e-02
2.020e+00 6.847e-01
2.030e+00 -3.677e-02
2.040e+00 9.125e-01
2.050e+00 5.542e-01
2.060e+00 6.691e-01
2.070e+00 8.670e-01
2.080e+00 1.062e+00
2.090e+00 5.742e-01
2.100e+00 1.754e-01
2.110e+00 2.066e-01
2.120e+00 -1.011e-01
2.130e+00 -9.752e-02
2.140e+00 5.636e-02
2.150e+00 1.376e+00
2.160e+00 -1.011e-01
2.170e+00 -6.468e-01
2.180e+00 8.155e-01
2.190e+00 5.302e-01
2.200e+00 5.106e-01
2.210e+00 1.033e+00
2.220e+00 4.180e-01
2.230e+00 4.986e-01
2.240e+00 5.874e-01
2.250e+00 5.237e-01
2.260e+00 1.136e+00
2.270e+00 3.927e-01
2.280e+00 4.392e-01
2.290e+00 8.498e-01
2.300e+00 5.889e-01
2.310e+00 7.121e-01
2.320e+00 4.365e-01
2.330e+00 4.707e-01
2.340e+00 2.992e-01
2.350e+00 2.208e-01
2.360e+00 1.896e-01
2.370e+00 -3.746e-01
2.380e+00 6.547e-02
2.390e+00 4.944e-01
2.400e+00 7.118e-01
2.410e+00 2.667e-01
2.420e+00 6.774e-01
2.430e+00 6.581e-01
2.440e+00 8.010e-01
2.450e+00 5.825e-01
2.460e+00 1.592e-01
2.470e+00 6.930e-01
2.480e+00 1.735e-01
2.490e+00 4.440e-01
2.500e+00 -1.163e-02
2.510e+00 1.141e-01
2.520e+00 4.657e-01
2.530e+00 -1.898e-01
2.540e+00 -2.422e-01
2.550e+00 -9.755e-02
2.560e+00 1.008e+00
2.570e+00 1.235e+00
2.580e+00 4.789e-01
2.590e+00 4.755e-01
2.600e+00 2.939e-01
2.610e+00 2.950e-01
2.620e+00 1.190e+00
2.630e+00 5.805e-01
2.640e+00 2.003e-01
2.650e+00 7.688e-01
2.660e+00 1.797e-01
2.670e+00 4.755e-01
2.680e+00 1.261e-01
2.690e+00 1.962e-01
2.700e+00 -3.305e-01
2.710e+00 4.018e-01
2.720e+00 3.535e-01
2.730e+00 4.160e-01
2.740e+00 9.104e-01
2.750e+00 -3.187e-01
2.760e+00 2.760e-01
2.770e+00 6.934e-01
2.780e+00 7.190e-01
2.790e+00 7.082e-01
2.800e+00 1.616e-02
2.810e+00 9.074e-01
2.820e+00 6.709e-01
2.830e+00 6.553e-01
2.840e+00 4.761e-01
2.850e+00 -3.899e-01
2.860e+00 1.578e-01
2.870e+00 5.293e-01
2.880e+00 -3.957e-01
2.890e+00 1.496e-01
2.900e+00 9.289e-01
2.910e+00 5.645e-01
2.920e+00 2.239e-01
2.930e+00 4.247e-01
2.940e+00 -2.543e-02
2.950e+00 6.470e-01
2.960e+00 3.673e-01
2.970e+00 6.596e-01
2.980e+00 4.943e-01
2.990e+00 9.577e-01
3.000e+00 4.847e-01
3.010e+00 -1.638e-01
3.020e+00 -3.831e-01
3.030e+00 -6.931e-02
3.040e+00 1.048e-01
3.050e+00 1.217e-01
3.060e+00 7.293e-01
3.070e+00 6.066e-01
3.080e+00 3.091e-01
3.090e+00 4.951e-01
3.100e+00 2.049e-01
3.110e+00 3.640e-01
3.120e+00 2.420e-01
3.130e+00 7.494e-01
3.140e+00 6.178e-01
3.150e+00 4.503e-01
3.160e+00 3.600e-01
3.170e+00 6.084e-01
3.180e+00 5.040e-01
3.190e+00 7.514e-01
3.200e+00 -7.492e-02
3.210e+00 3.511e-01
3.220e+00 5.048e-01
3.230e+00 7.313e-01
3.240e+00 7.247e-01
3.250e+00 3.246e-01
3.260e+00 2.963e-01
3.270e+00 6.657e-01
3.280e+00 4.535e-01
3.290e+00 3.904e-02
3.300e+00 2.581e-01
3.310e+00 4.322e-01
3.320e+00 3.341e-01
3.330e+00 1.081e+00
3.340e+00 5.036e-01
3.350e+00 1.773e-02
3.360e+00 3.008e-01
3.370e+00 3.344e-01
3.380e+00 9.883e-01
3.390e+00 9.089e-01
3.400e+00 4.814e-01
3.410e+00 5.919e-01
3.420e+00 3.053e-01
3.430e+00 -5.631e-02
3.440e+00 5.131e-01
3.450e+00 4.150e-01
3.460e+00 1.465e-01
3.470e+00 2.529e-01
3.480e+00 5.717e-01
3.490e+00 5.004e-01
3.500e+00 9.628e-01
3.510e+00 6.174e-01
3.520e+00 4.222e-01
3.530e+00 2.927e-01
3.540e+00 5.219e-01
3.550e+00 1.126e+00
3.560e+00 1.215e-01
3.570e+00 3.614e-01
3.580e+00 2.176e-01
3.590e+00 1.612e-01
3.600e+00 -1.125e-01
3.610e+00 2.643e-01
3.620e+00 -9.070e-02
3.630e+00 3.195e-01
3.640e+00 3.016e-01
3.650e+00 2.301e-01
3.660e+00 -5.101e-02
3.670e+00 3.881e-01
3.680e+00 4.148e-01
3.690e+00 4.318e-01
3.700e+00 5.046e-01
3.710e+00 8.809e-01
3.720e+00 6.647e-01
3.730e+00 9.405e-01
3.740e+00 6.150e-01
3.750e+00 -6.450e-02
3.760e+00 8.428e-01
3.770e+00 1.001e+00
3.780e+00 4.078e-01
3.790e+00 9.724e-04
3.800e+00 5.175e-01
3.810e+00 1.481e-01
3.820e+00 3.088e-01
3.830e+00 7.246e-01
3.840e+00 2.626e-01
3.850e+00 -1.874e-01
3.860e+00 4.645e-01
3.870e+00 2.076e-01
3.880e+00 1.060e-01
3.890e+00 2.817e-01
3.900e+00 -1.660e-01
3.910e+00 4.758e-01
3.920e+00 1.881e-01
3.930e+00 8.042e-01
3.940e+00 4.579e-01
3.950e+00 6.136e-01
3.960e+00 2.009e-01
3.970e+00 5.088e-01
3.980e+00 2.248e-02
3.990e+00 3.367e-01
4.000e+00 4.391e-01
4.010e+00 5.243e-01
4.020e+00 5.218e-01
4.030e+00 4.749e-01
4.040e+00 5.436e-01
4.050e+00 4.816e-01
4.060e+00 2.072e-01
4.070e+00 4.737e-01
4.080e+00 8.386e-01
4.090e+00 8.869e-02
4.100e+00 -1.384e-01
4.110e+00 6.954e-01
4.120e+00 5.616e-01
4.130e+00 5.871e-01
4.140e+00 8.923e-01
4.150e+00 3.419e-01
4.160e+00 1.964e-01
4.170e+00 4.894e-01
4.180e+00 4.455e-01
4.190e+00 -2.944e-01
4.200e+00 3.055e-01
4.210e+00 2.963e-01
4.220e+00 1.099e+00
4.230e+00 8.469e-01
4.240e+00 7.717e-01
4.250e+00 3.059e-01
4.260e+00 9.283e-01
4.270e+00 5.017e-01
4.280e+00 2.559e-01
4.290e+00 7.234e-01
4.300e+00 8.949e-01
4.310e+00 3.287e-01
4.320e+00 6.598e-01
4.330e+00 1.336e-01
4.340e+00 2.938e-01
4.350e+00 9.003e-01
4.360e+00 8.636e-02
4.370e+00 3.213e-01
4.380e+00 8.249e-01
4.390e+00 2.235e-01
4.400e+00 3.151e-01
4.410e+00 1.860e-01
4.420e+00 6.480e-01
4.430e+00 9.826e-01
4.440e+00 8.684e-01
4.450e+00 2.022e-01
4.460e+00 2.732e-01
4.470e+00 2.476e-01
4.480e+00 3.845e-02
4.490e+00 4.175e-02
4.500e+00 4.747e-01
4.510e+00 8.389e-01
4.520e+00 3.329e-01
4.530e+00 2.299e-01
4.540e+00 -1.674e-01
4.550e+00 5.810e-01
4.560e+00 6.432e-01
4.570e+00 7.021e-01
4.580e+00 7.619e-01
4.590e+00 3.247e-01
4.600e+00 7.267e-01
4.610e+00 8.790e-01
4.620e+00 1.059e+00
4.630e+00 4.596e-01
4.640e+00 1.937e-01
4.650e+00 5.476e-01
4.660e+00 2.317e-01
4.670e+00 9.113e-01
4.680e+00 5.521e-01
4.690e+00 5.350e-01
4.700e+00 1.176e+00
4.710e+00 6.301e-01
4.720e+00 1.121e+00
4.730e+00 9.564e-01
4.740e+00 3.181e-01
4.750e+00 1.284e-01
4.760e+00 7.809e-01
4.770e+00 1.766e-01
4.780e+00 7.369e-01
4.790e+00 4.203e-01
4.800e+00 5.117e-01
4.810e+00 9.620e-01
4.820e+00 4.482e-01
4.830e+00 3.623e-01
4.840e+00 8.758e-01
4.850e+00 5.316e-01
4.860e+00 4.138e-01
4.870e+00 3.398e-01
4.880e+00 5.678e-01
4.890e+00 3.932e-01
4.900e+00 1.255e-01
4.910e+00 4.876e-01
4.920e+00 -2.232e-02
4.930e+00 7.536e-01
4.940e+00 7.923e-01
4.950e+00 6.141e-01
4.960e+00 3.588e-01
4.970e+00 2.435e-01
4.980e+00 2.322e-01
4.990e+00 8.351e-01
-5.000e+00 2.701e-01
-4.990e+00 8.351e-01
-4.980e+00 2.322e-01
-4.970e+00 2.435e-01
-4.960e+00 3.588e-01
-4.950e+00 6.141e-01
-4.940e+00 7.923e-01
-4.930e+00 7.536e-01
-4.920e+00 -2.232e-02
-4.910e+00 4.876e-01
-4.900e+00 1.255e-01
-4.890e+00 3.932e-01
-4.880e+00 5.678e-01
-4.870e+00 3.398e-01
-4.860e+00 4.138e-01
-4.850e+00 5.316e-01
-4.840e+00 8.758e-01
-4.830e+00 3.623e-01
-4.820e+00 4.482e-01
-4.810e+00 9.620e-01
-4.800e+00 5.117e-01
-4.790e+00 4.203e-01
-4.780e+00 7.369e-01
-4.770e+00 1.766e-01
-4.760e+00 7.809e-01
-4.750e+00 1.284e-01
-4.740e+00 3.181e-01
-4.730e+00 9.564e-01
-4.720e+00 1.121e+00
-4.710e+00 6.301e-01
-4.700e+00 1.176e+00
-4.690e+00 5.350e-01
-4.680e+00 5.521e-01
-4.670e+00 9.113e-01
-4.660e+00 2.317e-01
-4.650e+00 5.476e-01
-4.640e+00 1.937e-01
-4.630e+00 4.596e-01
-4.620e+00 1.059e+00
-4.610e+00 8.790e-01
-4.600e+00 7.267e-01
-4.590e+00 3.247e-01
-4.580e+00 7.619e-01
-4.570e+00 7.021e-01
-4.560e+00 6.432e-01
-4.550e+00 5.810e-01
-4.540e+00 -1.674e-01
-4.530e+00 2.299e-01
-4.520e+00 3.329e-01
-4.510e+00 8.389e-01
-4.500e+00 4.747e-01
-4.490e+00 4.175e-02
-4.480e+00 3.845e-02
-4.470e+00 2.476e-01
-4.460e+00 2.732e-01
-4.450e+00 2.022e-01
-4.440e+00 8.684e-01
-4.430e+00 9.826e-01
-4.420e+00 6.480e-01
-4.410e+00 1.860e-01
-4.400e+00 3.151e-01
-4.390e+00 2.235e-01
-4.380e+00 8.249e-01
-4.370e+00 3.213e-01
-4.360e+00 8.636e-02
-4.350e+00 9.003e-01
-4.340e+00 2.938e-01
-4.330e+00 1.336e-01
-4.320e+00 6.598e-01
-4.310e+00 3.287e-01
-4.300e+00 8.949e-01
-4.290e+00 7.234e-01
-4.280e+00 2.559e-01
-4.270e+00 5.017e-01
-4.260e+00 9.283e-01
-4.250e+00 3.059e-01
-4.240e+00 7.717e-01
-4.230e+00 8.469e-01
-4.220e+00 1.099e+00
-4.210e+00 2.963e-01
-4.200e+00 3.055e-01
-4.190e+00 -2.944e-01
-4.180e+00 4.455e-01
-4.170e+00 4.894e-01
-4.160e+00 1.964e-01
-4.150e+00 3.419e-01
-4.140e+00 8.923e-01
-4.130e+00 5.871e-01
-4.120e+00 5.616e-01
-4.110e+00 6.954e-01
-4.100e+00 -1.384e-01
-4.090e+00 8.869e-02
-4.080e+00 8.386e-01
-4.070e+00 4.737e-01
-4.060e+00 2.072e-01
-4.050e+00 4.816e-01
-4.040e+00 5.436e-01
-4.030e+00 4.749e-01
-4.020e+00 5.218e-01
-4.010e+00 5.243e-01
-4.000e+00 4.391e-01
-3.990e+00 3.367e-01
-3.980e+00 2.248e-02
-3.970e+00 5.088e-01
-3.960e+00 2.009e-01
-3.950e+00 6.136e-01
-3.940e+00 4.579e-01
-3.930e+00 8.042e-01
-3.920e+00 1.881e-01
-3.910e+00 4.758e-01
-3.900e+00 -1.660e-01
-3.890e+00 2.817e-01
-3.880e+00 1.060e-01
-3.870e+00 2.076e-01
-3.860e+00 4.645e-01
-3.850e+00 -1.874e-01
-3.840e+00 2.626e-01
-3.830e+00 7.246e-01
-3.820e+00 3.088e-01
-3.810e+00 1.481e-01
-3.800e+00 5.175e-01
-3.790e+00 9.724e-04
-3.780e+00 4.078e-01
-3.770e+00 1.001e+00
-3.760e+00 8.428e-01
-3.750e+00 -6.450e-02
-3.740e+00 6.150e-01
-3.730e+00 9.405e-01
-3.720e+00 6.647e-01
-3.710e+00 8.809e-01
-3.700e+00 5.046e-01
-3.690e+00 4.318e-01
-3.680e+00 4.148e-01
-3.670e+00 3.881e-01
-3.660e+00 -5.101e-02
-3.650e+00 2.301e-01
-3.640e+00 3.016e-01
-3.630e+00 3.195e-01
-3.620e+00 -9.070e-02
-3.610e+00 2.643e-01
-3.600e+00 -1.125e-01
-3.590e+00 1.612e-01
-3.580e+00 2.176e-01
-3.570e+00 3.614e-01
-3.560e+00 1.215e-01
-3.550e+00 1.126e+00
-3.540e+00 5.219e-01
-3.530e+00 2.927e-01
-3.520e+00 4.222e-01
-3.510e+00 6.174e-01
-3.500e+00 9.628e-01
-3.490e+00 5.004e-01
-3.480e+00 5.717e-01
-3.470e+00 2.529e-01
-3.460e+00 1.465e-01
-3.450e+00 4.150e-01
-3.440e+00 5.131e-01
-3.430e+00 -5.631e-02
-3.420e+00 3.053e-01
-3.410e+00 5.919e-01
-3.400e+00 4.814e-01
-3.390e+00 9.089e-01
-3.380e+00 9.883e-01
-3.370e+00 3.344e-01
-3.360e+00 3.008e-01
-3.350e+00 1.773e-02
-3.340e+00 5.036e-01
-3.330e+00 1.081e+00
-3.320e+00 3.341e-01
-3.310e+00 4.322e-01
-3.300e+00 2.581e-01
-3.290e+00 3.904e-02
-3.280e+00 4.535e-01
-3.270e+00 6.657e-01
-3.260e+00 2.963e-01
-3.250e+00 3.246e-01
-3.240e+00 7.247e-01
-3.230e+00 7.313e-01
-3.220e+00 5.048e-01
-3.210e+00 3.511e-01
-3.200e+00 -7.492e-02
-3.190e+00 7.514e-01
-3.180e+00 5.040e-01
-3.170e+00 6.084e-01
-3.160e+00 3.600e-01
-3.150e+00 4.503e-01
-3.140e+00 6.178e-01
-3.130e+00 7.494e-01
-3.120e+00 2.420e-01
-3.110e+00 3.640e-01
-3.100e+00 2.049e-01
-3.090e+00 4.951e-01
-3.080e+00 3.091e-01
-3.070e+00 6.066e-01
-3.060e+00 7.293e-01
-3.050e+00 1.217e-01
-3.040e+00 1.048e-01
-3.030e+00 -6.931e-02
-3.020e+00 -3.831e-01
-3.010e+00 -1.638e-01
-3.000e+00 4.847e-01
-2.990e+00 9.577e-01
-2.980e+00 4.943e-01
-2.970e+00 6.596e-01
-2.960e+00 3.673e-01
-2.950e+00 6.470e-01
-2.940e+00 -2.543e-02
-2.930e+00 4.247e-01
-2.920e+00 2.239e-01
-2.910e+00 5.645e-01
-2.900e+00 9.289e-01
-2.890e+00 1.496e-01
-2.880e+00 -3.957e-01
-2.870e+00 5.293e-01
-2.860e+00 1.578e-01
-2.850e+00 -3.899e-01
-2.840e+00 4.761e-01
-2.830e+00 6.553e-01
-2.820e+00 6.709e-01
-2.810e+00 9.074e-01
-2.800e+00 1.616e-02
-2.790e+00 7.082e-01
-2.780e+00 7.190e-01
-2.770e+00 6.934e-01
-2.760e+00 2.760e-01
-2.750e+00 -3.187e-01
-2.740e+00 9.104e-01
-2.730e+00 4.160e-01
-2.720e+00 3.535e-01
-2.710e+00 4.018e-01
-2.700e+00 -3.305e-01
-2.690e+00 1.962e-01
-2.680e+00 1.261e-01
-2.670e+00 4.755e-01
-2.660e+00 1.797e-01
-2.650e+00 7.688e-01
-2.640e+00 2.003e-01
-2.630e+00 5.805e-01
-2.620e+00 1.190e+00
-2.610e+00 2.950e-01
-2.600e+00 2.939e-01
-2.590e+00 4.755e-01
-2.580e+00 4.789e-01
-2.570e+00 1.235e+00
-2.560e+00 1.008e+00
-2.550e+00 -9.755e-02
-2.540e+00 -2.422e-01
-2.530e+00 -1.898e-01
-2.520e+00 4.657e-01
-2.510e+00 1.141e-01
-2.500e+00 -1.163e-02
-2.490e+00 4.440e-01
-2.480e+00 1.735e-01
-2.470e+00 6.930e-01
-2.460e+00 1.592e-01
-2.450e+00 5.825e-01
-2.440e+00 8.010e-01
-2.430e+00 6.581e-01
-2.420e+00 6.774e-01
-2.410e+00 2.667e-01
-2.400e+00 7.118e-01
-2.390e+00 4.944e-01
-2.380e+00 6.547e-02
-2.370e+00 -3.746e-01
-2.360e+00 1.896e-01
-2.350e+00 2.208e-01
-2.340e+00 2.992e-01
-2.330e+00 4.707e-01
-2.320e+00 4.365e-01
-2.310e+00 7.121e-01
-2.300e+00 5.889e-01
-2.290e+00 8.498e-01
-2.280e+00 4.392e-01
-2.270e+00 3.927e-01
-2.260e+00 1.136e+00
-2.250e+00 5.237e-01
-2.240e+00 5.874e-01
-2.230e+00 4.986e-01
-2.220e+00 4.180e-01
-2.210e+00 1.033e+00
-2.200e+00 5.106e-01
-2.190e+00 5.302e-01
-2.180e+00 8.155e-01
-2.170e+00 -6.468e-01
-2.160e+00 -1.011e-01
-2.150e+00 1.376e+00
-2.140e+00 5.636e-02
-2.130e+00 -9.752e-02
-2.120e+00 -1.011e-01
-2.110e+00 2.066e-01
-2.100e+00 1.754e-01
-2.090e+00 5.742e-01
-2.080e+00 1.062e+00
-2.070e+00 8.670e-01
-2.060e+00 6.691e-01
-2.050e+00 5.542e-01
-2.040e+00 9.125e-01
-2.030e+00 -3.677e-02
-2.020e+00 6.847e-01
-2.010e+00 -8.032e-02
-2.000e+00 6.009e-01
-1.990e+00 7.281e-01
-1.980e+00 2.205e-01
-1.970e+00 4.977e-01
-1.960e+00 1.761e-01
-1.950e+00 1.044e+00
-1.940e+00 3.648e-02
-1.930e+00 7.121e-01
-1.920e+00 9.802e-02
-1.910e+00 3.614e-01
-1.900e+00 1.154e+00
-1.890e+00 4.229e-01
-1.880e+00 3.273e-01
-1.870e+00 1.777e-01
-1.860e+00 -1.023e-01
-1.850e+00 7.589e-01
-1.840e+00 3.348e-01
-1.830e+00 1.968e-03
-1.820e+00 6.484e-01
-1.810e+00 7.555e-01
-1.800e+00 -1.201e-01
-1.790e+00 8.557e-01
-1.780e+00 5.640e-01
-1.770e+00 8.068e-01
-1.760e+00 7.663e-01
-1.750e+00 1.679e-01
-1.740e+00 5.327e-01
-1.730e+00 9.162e-01
-1.720e+00 2.515e-01
-1.710e+00 3.288e-01
-1.700e+00 1.292e+00
-1.690e+00 7.022e-01
-1.680e+00 -1.771e-01
-1.670e+00 4.696e-01
-1.660e+00 4.037e-01
-1.650e+00 1.225e+00
-1.640e+00 9.227e-01
-1.630e+00 4.105e-01
-1.620e+00 -1.213e-01
-1.610e+00 2.440e-01
-1.600e+00 8.774e-01
-1.590e+00 1.956e-01
-1.580e+00 8.232e-01
-1.570e+00 7.979e-01
-1.560e+00 5.930e-01
-1.550e+00 8.189e-01
-1.540e+00 8.026e-01
-1.530e+00 9.780e-01
-1.520e+00 9.028e-01
-1.510e+00 1.557e-01
-1.500e+00 8.446e-01
-1.490e+00 4.680e-01
-1.480e+00 -6.308e-01
-1.470e+00 3.772e-01
-1.460e+00 4.334e-01
-1.450e+00 2.935e-01
-1.440e+00 8.004e-02
-1.430e+00 5.981e-01
-1.420e+00 1.101e+00
-1.410e+00 1.204e+00
-1.400e+00 7.269e-01
-1.390e+00 -1.482e-01
-1.380e+00 3.190e-01
-1.370e+00 8.375e-01
-1.360e+00 1.205e+00
-1.350e+00 1.279e+00
-1.340e+00 6.282e-02
-1.330e+00 4.335e-02
-1.320e+00 1.208e-02
-1.310e+00 1.229e+00
-1.300e+00 -8.011e-01
-1.290e+00 -4.086e-01
-1.280e+00 -6.524e-02
-1.270e+00 3.115e-01
-1.260e+00 -5.031e-01
-1.250e+00 3.422e-01
-1.240e+00 3.810e-01
-1.230e+00 4.304e-01
-1.220e+00 9.202e-01
-1.210e+00 1.194e+00
-1.200e+00 -2.596e-01
-1.190e+00 -1.304e-01
-1.180e+00 3.902e-01
-1.170e+00 6.998e-01
-1.160e+00 3.506e-01
-1.150e+00 -2.460e-01
-1.140e+00 7.317e-01
-1.130e+00 -2.634e-01
-1.120e+00 -8.203e-02
-1.110e+00 1.509e+00
-1.100e+00 2.534e-01
-1.090e+00 1.010e+00
-1.080e+00 1.549e+00
-1.070e+00 7.181e-01
-1.060e+00 7.262e-01
-1.050e+00 -5.885e-02
-1.040e+00 4.045e-01
-1.030e+00 7.463e-01
-1.020e+00 1.232e+00
-1.010e+00 -9.100e-02
-1.000e+00 6.031e-01
-9.900e-01 8.309e-01
-9.800e-01 -2.084e-01
-9.700e-01 8.778e-01
-9.600e-01 1.504e+00
-9.500e-01 1.208e+00
-9.400e-01 7.118e-01
-9.300e-01 7.836e-01
-9.200e-01 7.902e-01
-9.100e-01 4.047e-01
-9.000e-01 2.483e+00
-8.900e-01 9.657e-01
-8.800e-01 6.816e-01
-8.700e-01 3.542e-01
-8.600e-01 9.043e-01
-8.500e-01 6.464e-01
-8.400e-01 5.456e-01
-8.300e-01 6.307e-01
-8.200e-01 2.308e-01
-8.100e-01 8.793e-01
-8.000e-01 3.433e-01
-7.900e-01 6.621e-01
-7.800e-01 2.493e-02
-7.700e-01 1.009e+00
-7.600e-01 -1.250e-01
-7.500e-01 7.441e-01
-7.400e-01 5.570e-01
-7.300e-01 1.058e+00
-7.200e-01 1.899e+00
-7.100e-01 1.304e+00
-7.000e-01 5.919e-01
-6.900e-01 2.087e-01
-6.800e-01 -4.476e-01
-6.700e-01 -1.617e-01
-6.600e-01 6.554e-01
-6.500e-01 -5.091e-01
-6.400e-01 5.899e-01
-6.300e-01 1.321e-01
-6.200e-01 8.591e-01
-6.100e-01 6.358e-01
-6.000e-01 9.332e-01
-5.900e-01 1.302e+00
-5.800e-01 1.452e+00
-5.700e-01 1.726e-01
-5.600e-01 1.757e+00
-5.500e-01 9.171e-02
-5.400e-01 9.747e-02
-5.300e-01 8.676e-01
-5.200e-01 1.392e+00
-5.100e-01 7.353e-01
-5.000e-01 1.584e-01
-4.900e-01 4.588e-01
-4.800e-01 5.254e-01
-4.700e-01 6.154e-01
-4.600e-01 3.524e-01
-4.500e-01 5.779e-01
-4.400e-01 1.161e+00
-4.300e-01 1.182e+00
-4.200e-01 6.299e-02
-4.100e-01 4.195e-01
-4.000e-01 4.524e-01
-3.900e-01 5.721e-01
-3.800e-01 6.790e-02
-3.700e-01 -2.956e-01
-3.600e-01 7.657e-01
-3.500e-01 -1.307e+00
-3.400e-01 1.126e+00
-3.300e-01 1.356e+00
-3.200e-01 7.715e-01
-3.100e-01 4.680e-01
-3.000e-01 4.451e-01
-2.900e-01 8.079e-01
-2.800e-01 1.904e-01
-2.700e-01 1.607e+00
-2.600e-01 1.576e+00
-2.500e-01 2.185e+00
-2.400e-01 -8.286e-02
-2.300e-01 -1.036e+00
-2.200e-01 3.700e-02
-2.100e-01 -1.320e-01
-2.000e-01 9.215e-01
-1.900e-01 5.328e-01
-1.800e-01 -6.707e-01
-1.700e-01 9.105e-01
-1.600e-01 1.426e-01
-1.500e-01 -1.470e+00
-1.400e-01 1.341e+00
-1.300e-01 2.540e+00
-1.200e-01 4.170e+00
-1.100e-01 3.133e+00
-1.000e-01 1.958e+00
-9.000e-02 1.636e+00
-8.000e-02 2.126e+00
-7.000e-02 3.593e+00
-6.000e-02 -2.241e+00
-5.000e-02 5.779e+00
-4.000e-02 6.683e+00
-3.000e-02 9.092e+00
-2.000e-02 2.108e+01
-1.000e-02 2.545e+01
