# Time (ps)      real(F_1)      im(F_1)
0.000e+00 1.000e+00 0.000e+00
1.000e-01 9.443e-01 1.217e-02
2.000e-01 9.080e-01 -3.499e-02
3.000e-01 8.740e-01 -1.394e-02
4.000e-01 8.130e-01 -4.531e-02
5.000e-01 7.666e-01 -7.428e-03
6.000e-01 7.596e-01 -1.448e-02
7.000e-01 7.743e-01 -2.358e-02
8.000e-01 7.722e-01 -3.309e-02
9.000e-01 7.778e-01 -2.414e-02
1.000e+00 7.973e-01 -3.164e-02
1.100e+00 7.529e-01 -5.419e-03
1.200e+00 7.566e-01 -1.796e-02
1.300e+00 7.919e-01 -5.406e-02
1.400e+00 7.153e-01 -3.233e-02
1.500e+00 7.650e-01 -8.009e-02
1.600e+00 7.463e-01 -6.653e-02
1.700e+00 7.489e-01 -3.138e-02
1.800e+00 7.436e-01 -4.639e-02
1.900e+00 7.291e-01 -8.732e-03
2.000e+00 7.586e-01 -4.030e-02
2.100e+00 7.591e-01 -2.644e-02
2.200e+00 7.394e-01 -7.410e-03
2.300e+00 7.804e-01 1.999e-02
2.400e+00 7.813e-01 -9.303e-03
2.500e+00 7.755e-01 -1.693e-02
2.600e+00 7.335e-01 -3.547e-02
2.700e+00 7.150e-01 -2.336e-02
2.800e+00 6.808e-01 -2.598e-02
2.900e+00 7.101e-01 -4.290e-02
3.000e+00 6.887e-01 -3.429e-02
3.100e+00 6.797e-01 -1.699e-02
3.200e+00 6.440e-01 3.858e-03
3.300e+00 6.708e-01 -3.282e-02
3.400e+00 6.780e-01 -4.489e-02
3.500e+00 6.497e-01 -4.105e-02
3.600e+00 6.303e-01 -3.428e-02
3.700e+00 6.605e-01 -2.180e-02
3.800e+00 6.433e-01 -3.182e-02
3.900e+00 6.067e-01 -2.818e-02
4.000e+00 6.488e-01 -7.329e-03
4.100e+00 6.414e-01 -3.582e-02
4.200e+00 6.041e-01 9.570e-03
4.300e+00 5.940e-01 -2.733e-03
4.400e+00 5.635e-01 -9.940e-04
4.500e+00 6.176e-01 -5.387e-03
4.600e+00 5.934e-01 -1.932e-02
4.700e+00 6.134e-01 -2.769e-02
4.800e+00 5.665e-01 -1.876e-02
4.900e+00 5.879e-01 -1.444e-02
5.000e+00 5.887e-01 -9.883e-03
5.100e+00 5.630e-01 -1.934e-02
5.200e+00 5.655e-01 -8.490e-03
5.300e+00 5.482e-01 1.833e-02
5.400e+00 5.464e-01 -9.701e-03
5.500e+00 5.789e-01 -8.267e-03
5.600e+00 5.742e-01 -5.239e-03
5.700e+00 5.645e-01 -3.595e-03
5.800e+00 5.660e-01 -1.568e-02
5.900e+00 5.494e-01 -1.980e-02
6.000e+00 5.688e-01 -6.148e-03
6.100e+00 5.873e-01 1.491e-02
6.200e+00 5.611e-01 -1.733e-03
6.300e+00 5.817e-01 -8.909e-03
6.400e+00 5.200e-01 -1.930e-02
6.500e+00 5.387e-01 -2.865e-02
6.600e+00 5.161e-01 -1.661e-02
6.700e+00 5.197e-01 -1.570e-02
6.800e+00 5.029e-01 -3.614e-02
6.900e+00 5.201e-01 -1.905e-02
7.000e+00 5.553e-01 -2.096e-02
7.100e+00 5.229e-01 -6.700e-03
7.200e+00 5.207e-01 1.078e-02
7.300e+00 4.973e-01 -1.768e-02
7.400e+00 4.988e-01 -1.998e-02
7.500e+00 5.236e-01 -1.090e-02
7.600e+00 5.422e-01 -7.009e-03
7.700e+00 5.259e-01 -1.295e-02
7.800e+00 5.165e-01 -2.466e-03
7.900e+00 5.485e-01 -2.362e-02
8.000e+00 5.144e-01 -4.058e-02
8.100e+00 5.434e-01 -5.158e-02
8.200e+00 5.116e-01 -3.561e-02
8.300e+00 4.991e-01 -1.375e-02
8.400e+00 4.774e-01 -1.849e-02
8.500e+00 4.994e-01 -3.215e-02
8.600e+00 4.893e-01 -6.337e-02
8.700e+00 4.775e-01 -3.505e-02
8.800e+00 4.796e-01 -1.286e-02
8.900e+00 5.356e-01 -2.681e-02
9.000e+00 5.265e-01 -2.934e-02
9.100e+00 5.193e-01 -1.110e-02
9.200e+00 4.851e-01 -3.144e-02
9.300e+00 5.304e-01 -5.392e-03
9.400e+00 5.054e-01 -2.413e-03
9.500e+00 5.078e-01 1.890e-04
9.600e+00 5.204e-01 -2.338e-03
9.700e+00 5.074e-01 -3.399e-02
9.800e+00 4.961e-01 -1.314e-02
9.900e+00 4.827e-01 -1.963e-02
1.000e+01 4.966e-01 -2.430e-02
1.010e+01 5.182e-01 -1.565e-02
1.020e+01 5.364e-01 -9.444e-03
1.030e+01 5.073e-01 -2.008e-02
1.040e+01 4.755e-01 1.018e-02
1.050e+01 4.648e-01 -5.286e-03
1.060e+01 4.752e-01 -1.444e-03
1.070e+01 4.876e-01 1.242e-03
1.080e+01 4.959e-01 -3.891e-02
1.090e+01 5.046e-01 -3.583e-02
1.100e+01 4.834e-01 -1.480e-02
1.110e+01 4.838e-01 -1.363e-02
1.120e+01 4.677e-01 -2.616e-02
1.130e+01 4.423e-01 -2.780e-02
1.140e+01 4.650e-01 -3.202e-02
1.150e+01 4.595e-01 -8.690e-03
1.160e+01 4.548e-01 1.549e-03
1.170e+01 4.455e-01 -1.029e-02
1.180e+01 4.715e-01 1.975e-02
1.190e+01 4.642e-01 -8.485e-03
1.200e+01 4.754e-01 -1.136e-03
1.210e+01 4.675e-01 -3.708e-02
1.220e+01 4.790e-01 -2.526e-02
1.230e+01 4.959e-01 -2.846e-02
1.240e+01 4.703e-01 -3.404e-03
1.250e+01 4.699e-01 -1.411e-02
1.260e+01 4.365e-01 -1.902e-02
1.270e+01 4.651e-01 -2.828e-02
1.280e+01 4.276e-01 -5.778e-02
1.290e+01 4.374e-01 -3.777e-02
1.300e+01 4.240e-01 -3.346e-02
1.310e+01 4.444e-01 -3.736e-02
1.320e+01 4.184e-01 -1.373e-02
1.330e+01 4.180e-01 -4.844e-03
1.340e+01 4.541e-01 -1.463e-03
1.350e+01 4.415e-01 -1.009e-02
1.360e+01 4.316e-01 -1.418e-02
1.370e+01 4.156e-01 -2.599e-02
1.380e+01 4.340e-01 -2.879e-02
1.390e+01 4.489e-01 -2.488e-02
1.400e+01 4.197e-01 -3.313e-02
1.410e+01 4.300e-01 -2.182e-02
1.420e+01 3.965e-01 -1.429e-02
1.430e+01 4.265e-01 -3.925e-03
1.440e+01 4.028e-01 -3.336e-02
1.450e+01 4.618e-01 -1.927e-02
1.460e+01 4.272e-01 -4.202e-02
1.470e+01 4.519e-01 -5.521e-02
1.480e+01 4.421e-01 -3.618e-02
1.490e+01 4.290e-01 -4.446e-02
1.500e+01 3.887e-01 -3.428e-02
1.510e+01 3.776e-01 -2.891e-02
1.520e+01 4.034e-01 -2.351e-02
1.530e+01 4.161e-01 -3.514e-02
1.540e+01 4.217e-01 -5.931e-02
1.550e+01 4.199e-01 -5.063e-02
1.560e+01 4.279e-01 -4.298e-02
1.570e+01 4.233e-01 -4.999e-02
1.580e+01 4.134e-01 -3.679e-02
1.590e+01 4.176e-01 -2.545e-02
1.600e+01 4.256e-01 -1.332e-02
1.610e+01 3.911e-01 -4.436e-03
1.620e+01 3.575e-01 1.770e-03
1.630e+01 3.868e-01 -1.124e-02
1.640e+01 4.065e-01 -3.360e-02
1.650e+01 3.950e-01 -3.372e-02
1.660e+01 4.182e-01 -4.155e-02
1.670e+01 4.190e-01 -4.284e-02
1.680e+01 4.356e-01 -4.476e-02
1.690e+01 4.272e-01 -3.787e-02
1.700e+01 4.158e-01 -4.385e-02
1.710e+01 3.977e-01 -1.272e-02
1.720e+01 3.810e-01 -1.034e-02
1.730e+01 3.956e-01 -3.713e-02
1.740e+01 4.124e-01 -3.848e-02
1.750e+01 4.118e-01 -2.525e-02
1.760e+01 4.059e-01 -1.247e-02
1.770e+01 3.896e-01 -1.143e-02
1.780e+01 3.672e-01 -8.541e-03
1.790e+01 4.102e-01 -2.536e-02
1.800e+01 4.029e-01 -1.679e-02
1.810e+01 4.313e-01 -5.490e-03
1.820e+01 4.271e-01 3.421e-03
1.830e+01 4.085e-01 -1.806e-02
1.840e+01 4.267e-01 -2.808e-02
1.850e+01 3.947e-01 -4.942e-02
1.860e+01 4.089e-01 -6.554e-02
1.870e+01 3.876e-01 -2.873e-02
1.880e+01 4.196e-01 -2.516e-02
1.890e+01 4.090e-01 -2.922e-02
1.900e+01 4.089e-01 -4.078e-02
1.910e+01 3.606e-01 -2.869e-02
1.920e+01 3.926e-01 -4.373e-02
1.930e+01 4.023e-01 -4.761e-02
1.940e+01 4.107e-01 -4.312e-02
1.950e+01 4.230e-01 -3.789e-02
1.960e+01 3.883e-01 -4.710e-02
1.970e+01 3.691e-01 -4.457e-02
1.980e+01 4.007e-01 -5.830e-02
1.990e+01 3.982e-01 -4.166e-02
2.000e+01 3.847e-01 -1.735e-02
2.010e+01 3.947e-01 -1.928e-02
2.020e+01 3.783e-01 -3.575e-02
2.030e+01 3.778e-01 -9.377e-03
2.040e+01 3.463e-01 6.462e-03
2.050e+01 3.456e-01 6.054e-03
2.060e+01 3.482e-01 -4.649e-03
2.070e+01 3.471e-01 5.296e-03
2.080e+01 3.406e-01 2.512e-03
2.090e+01 3.313e-01 3.430e-03
2.100e+01 3.509e-01 -1.591e-02
2.110e+01 3.340e-01 -1.764e-02
2.120e+01 3.293e-01 -9.311e-03
2.130e+01 3.184e-01 -1.902e-02
2.140e+01 2.878e-01 -2.588e-02
2.150e+01 2.902e-01 -2.340e-02
2.160e+01 2.839e-01 -1.412e-02
2.170e+01 2.777e-01 -2.243e-02
2.180e+01 2.960e-01 -3.187e-02
2.190e+01 2.930e-01 -2.554e-02
2.200e+01 2.961e-01 -2.698e-02
2.210e+01 3.108e-01 -1.984e-02
2.220e+01 2.895e-01 -2.010e-02
2.230e+01 2.909e-01 -2.087e-02
2.240e+01 3.031e-01 -3.257e-02
2.250e+01 2.871e-01 -2.977e-02
2.260e+01 3.215e-01 -2.892e-02
2.270e+01 2.931e-01 -3.060e-02
2.280e+01 2.965e-01 -2.426e-02
2.290e+01 3.128e-01 -1.981e-02
2.300e+01 3.091e-01 -4.600e-03
2.310e+01 3.015e-01 -8.758e-03
2.320e+01 3.053e-01 -1.702e-02
2.330e+01 2.819e-01 -2.221e-02
2.340e+01 2.662e-01 -2.614e-02
2.350e+01 2.964e-01 -3.294e-02
2.360e+01 2.725e-01 -2.006e-02
2.370e+01 2.844e-01 -1.568e-02
2.380e+01 3.040e-01 -2.847e-02
2.390e+01 2.926e-01 -2.303e-02
2.400e+01 2.903e-01 -7.189e-03
2.410e+01 3.076e-01 -1.501e-02
2.420e+01 2.962e-01 -1.522e-02
2.430e+01 3.014e-01 -2.467e-02
2.440e+01 3.089e-01 -2.942e-02
2.450e+01 3.071e-01 -3.933e-02
2.460e+01 2.717e-01 -2.767e-02
2.470e+01 2.908e-01 -3.802e-02
2.480e+01 2.689e-01 -3.665e-02
2.490e+01 2.950e-01 -3.648e-02
2.500e+01 2.929e-01 -2.060e-02
2.510e+01 3.186e-01 -1.371e-02
2.520e+01 3.035e-01 -1.454e-02
2.530e+01 3.209e-01 -1.997e-02
2.540e+01 2.764e-01 -1.465e-02
2.550e+01 2.818e-01 -1.725e-02
2.560e+01 2.836e-01 -1.187e-02
2.570e+01 2.526e-01 -2.192e-02
2.580e+01 2.614e-01 -2.566e-02
2.590e+01 2.718e-01 -1.705e-02
2.600e+01 2.892e-01 -1.746e-02
2.610e+01 2.831e-01 5.762e-03
2.620e+01 2.753e-01 -2.259e-03
2.630e+01 2.431e-01 -6.229e-03
2.640e+01 2.318e-01 -9.882e-03
2.650e+01 2.383e-01 -2.067e-02
2.660e+01 2.359e-01 -6.425e-03
2.670e+01 2.595e-01 -7.019e-03
2.680e+01 2.387e-01 -8.653e-04
2.690e+01 2.582e-01 -3.744e-03
2.700e+01 2.708e-01 -1.894e-02
2.710e+01 2.704e-01 -1.855e-02
2.720e+01 2.868e-01 -1.753e-02
2.730e+01 2.594e-01 -7.888e-03
2.740e+01 2.555e-01 -1.923e-02
2.750e+01 2.659e-01 -7.711e-03
2.760e+01 2.796e-01 -6.052e-04
2.770e+01 2.717e-01 -6.031e-03
2.780e+01 2.590e-01 -1.151e-02
2.790e+01 2.726e-01 -2.623e-02
2.800e+01 2.600e-01 -1.249e-02
2.810e+01 2.773e-01 -2.283e-02
2.820e+01 2.724e-01 -2.018e-02
2.830e+01 2.670e-01 -8.167e-03
2.840e+01 2.421e-01 -4.977e-03
2.850e+01 2.488e-01 7.573e-04
2.860e+01 2.449e-01 -3.632e-03
2.870e+01 2.253e-01 -3.520e-03
2.880e+01 2.312e-01 1.479e-03
2.890e+01 2.480e-01 8.080e-04
2.900e+01 2.501e-01 -4.157e-03
2.910e+01 2.400e-01 5.415e-03
2.920e+01 2.429e-01 -1.990e-03
2.930e+01 2.408e-01 -5.165e-03
2.940e+01 2.650e-01 -1.050e-02
2.950e+01 2.715e-01 -1.978e-02
2.960e+01 2.392e-01 -2.472e-02
2.970e+01 2.335e-01 -1.322e-02
2.980e+01 2.517e-01 -1.191e-02
2.990e+01 2.525e-01 -1.279e-03
3.000e+01 2.658e-01 6.290e-03
3.010e+01 2.805e-01 1.333e-02
3.020e+01 2.709e-01 5.962e-04
3.030e+01 2.555e-01 -1.143e-02
3.040e+01 2.266e-01 -1.317e-02
3.050e+01 2.258e-01 -2.569e-03
3.060e+01 2.302e-01 3.366e-03
3.070e+01 2.391e-01 -2.068e-03
3.080e+01 2.365e-01 2.953e-03
3.090e+01 2.323e-01 4.624e-03
3.100e+01 2.384e-01 7.629e-03
3.110e+01 2.334e-01 6.350e-03
3.120e+01 2.204e-01 -7.456e-03
3.130e+01 2.223e-01 -1.824e-02
3.140e+01 2.051e-01 -1.269e-02
3.150e+01 2.111e-01 -1.126e-02
3.160e+01 2.197e-01 -1.441e-02
3.170e+01 2.333e-01 -1.224e-02
3.180e+01 2.402e-01 -6.631e-03
3.190e+01 2.218e-01 -4.970e-03
3.200e+01 2.365e-01 -8.150e-03
3.210e+01 2.414e-01 -9.093e-03
3.220e+01 2.334e-01 -8.870e-03
3.230e+01 2.246e-01 -2.517e-05
3.240e+01 2.334e-01 5.288e-03
3.250e+01 2.284e-01 4.353e-03
3.260e+01 2.353e-01 -8.790e-04
3.270e+01 2.288e-01 -4.651e-03
3.280e+01 2.270e-01 -1.605e-02
3.290e+01 2.335e-01 -1.530e-02
3.300e+01 2.302e-01 -1.223e-02
3.310e+01 2.249e-01 -1.810e-02
3.320e+01 2.222e-01 -2.629e-02
3.330e+01 2.281e-01 -1.505e-02
3.340e+01 2.338e-01 -2.370e-02
3.350e+01 2.120e-01 -1.832e-02
3.360e+01 2.132e-01 -1.589e-02
3.370e+01 2.059e-01 -5.085e-03
3.380e+01 2.008e-01 -8.636e-03
3.390e+01 1.976e-01 -2.926e-03
3.400e+01 2.064e-01 -6.512e-04
3.410e+01 2.043e-01 -6.047e-03
3.420e+01 2.231e-01 3.455e-03
3.430e+01 2.200e-01 -3.844e-03
3.440e+01 2.245e-01 -5.260e-03
3.450e+01 2.398e-01 -2.074e-03
3.460e+01 2.325e-01 -3.763e-03
3.470e+01 2.385e-01 -1.527e-02
3.480e+01 2.202e-01 -6.236e-03
3.490e+01 2.316e-01 -1.148e-02
3.500e+01 2.145e-01 -1.140e-02
3.510e+01 2.316e-01 -6.702e-03
3.520e+01 2.188e-01 3.418e-04
3.530e+01 2.229e-01 -2.667e-03
3.540e+01 2.272e-01 1.044e-03
3.550e+01 2.515e-01 -4.132e-03
3.560e+01 2.436e-01 -7.267e-03
3.570e+01 2.400e-01 -6.301e-03
3.580e+01 2.359e-01 -1.247e-02
3.590e+01 2.317e-01 -1.839e-02
3.600e+01 2.261e-01 -1.143e-02
3.610e+01 2.259e-01 -6.648e-03
3.620e+01 2.169e-01 -5.222e-03
3.630e+01 2.147e-01 -9.714e-03
3.640e+01 2.100e-01 -2.025e-02
3.650e+01 2.305e-01 -1.606e-02
3.660e+01 2.134e-01 -7.619e-03
3.670e+01 2.168e-01 -4.957e-03
3.680e+01 2.153e-01 -1.333e-02
3.690e+01 2.170e-01 -8.143e-03
3.700e+01 2.315e-01 -9.142e-03
3.710e+01 2.108e-01 3.892e-03
3.720e+01 2.208e-01 -5.806e-04
3.730e+01 2.121e-01 -1.453e-02
3.740e+01 2.087e-01 -1.941e-02
3.750e+01 2.127e-01 -9.216e-03
3.760e+01 2.008e-01 -4.593e-03
3.770e+01 2.138e-01 2.391e-03
3.780e+01 2.116e-01 -1.377e-02
3.790e+01 1.954e-01 -5.477e-03
3.800e+01 1.989e-01 -4.268e-03
3.810e+01 2.007e-01 -5.193e-03
3.820e+01 2.003e-01 -6.412e-03
3.830e+01 2.015e-01 -1.078e-02
3.840e+01 1.945e-01 -1.205e-02
3.850e+01 1.957e-01 -1.271e-02
3.860e+01 2.001e-01 -1.678e-02
3.870e+01 1.982e-01 -9.628e-03
3.880e+01 1.856e-01 -9.011e-04
3.890e+01 1.728e-01 -1.011e-02
3.900e+01 1.830e-01 -1.853e-02
3.910e+01 1.837e-01 -3.683e-03
3.920e+01 1.738e-01 -1.270e-04
3.930e+01 1.846e-01 6.603e-03
3.940e+01 1.758e-01 6.231e-03
3.950e+01 1.906e-01 1.847e-02
3.960e+01 1.930e-01 2.187e-02
3.970e+01 1.784e-01 5.873e-03
3.980e+01 1.724e-01 1.444e-02
3.990e+01 1.732e-01 2.077e-02
4.000e+01 1.652e-01 1.234e-02
4.010e+01 1.662e-01 2.999e-04
4.020e+01 1.701e-01 -1.756e-03
4.030e+01 1.681e-01 -1.012e-02
4.040e+01 1.750e-01 4.519e-03
4.050e+01 1.794e-01 -3.576e-03
4.060e+01 1.884e-01 6.471e-03
4.070e+01 1.934e-01 -3.047e-03
4.080e+01 1.911e-01 -1.264e-02
4.090e+01 1.782e-01 -1.344e-02
4.100e+01 1.715e-01 -1.652e-02
4.110e+01 1.742e-01 -4.796e-03
4.120e+01 1.691e-01 -1.066e-02
4.130e+01 1.526e-01 -1.535e-02
4.140e+01 1.591e-01 -2.053e-02
4.150e+01 1.714e-01 -1.344e-02
4.160e+01 1.708e-01 -1.505e-02
4.170e+01 1.728e-01 -3.123e-04
4.180e+01 1.692e-01 -5.977e-03
4.190e+01 1.587e-01 -1.072e-02
4.200e+01 1.719e-01 -1.132e-02
4.210e+01 1.668e-01 -1.719e-02
4.220e+01 1.609e-01 -1.744e-02
4.230e+01 1.628e-01 -1.439e-02
4.240e+01 1.653e-01 -1.439e-02
4.250e+01 1.625e-01 -1.734e-02
4.260e+01 1.550e-01 -2.274e-02
4.270e+01 1.483e-01 -1.843e-02
4.280e+01 1.530e-01 -2.273e-02
4.290e+01 1.485e-01 -1.284e-02
4.300e+01 1.469e-01 -1.148e-02
4.310e+01 1.475e-01 -5.685e-03
4.320e+01 1.361e-01 -6.330e-03
4.330e+01 1.401e-01 -5.967e-03
4.340e+01 1.391e-01 -8.140e-03
4.350e+01 1.582e-01 -8.591e-03
4.360e+01 1.594e-01 -2.032e-02
4.370e+01 1.455e-01 -2.898e-02
4.380e+01 1.418e-01 -2.846e-02
4.390e+01 1.546e-01 -2.607e-02
4.400e+01 1.563e-01 -1.534e-02
4.410e+01 1.790e-01 -1.975e-02
4.420e+01 1.540e-01 -1.524e-02
4.430e+01 1.421e-01 -8.545e-03
4.440e+01 1.485e-01 -1.148e-02
4.450e+01 1.607e-01 -1.228e-02
4.460e+01 1.525e-01 -1.003e-02
4.470e+01 1.687e-01 -1.328e-02
4.480e+01 1.730e-01 -1.106e-02
4.490e+01 1.596e-01 -7.102e-03
4.500e+01 1.308e-01 -5.879e-03
4.510e+01 1.266e-01 -2.645e-03
4.520e+01 1.215e-01 -6.244e-03
4.530e+01 1.455e-01 -9.155e-03
4.540e+01 1.573e-01 -9.114e-03
4.550e+01 1.588e-01 -5.368e-03
4.560e+01 1.642e-01 -1.165e-02
4.570e+01 1.676e-01 -1.002e-02
4.580e+01 1.722e-01 -9.638e-03
4.590e+01 1.612e-01 -5.857e-03
4.600e+01 1.498e-01 -4.162e-03
4.610e+01 1.463e-01 -7.029e-03
4.620e+01 1.569e-01 -9.759e-03
4.630e+01 1.727e-01 -1.541e-02
4.640e+01 1.821e-01 -1.167e-02
4.650e+01 1.762e-01 -2.056e-02
4.660e+01 1.801e-01 -2.177e-02
4.670e+01 1.673e-01 -2.508e-02
4.680e+01 1.728e-01 -2.441e-02
4.690e+01 1.655e-01 -1.790e-02
4.700e+01 1.546e-01 -1.760e-02
4.710e+01 1.619e-01 -1.534e-02
4.720e+01 1.466e-01 -1.098e-02
4.730e+01 1.705e-01 -2.924e-02
4.740e+01 1.565e-01 -2.274e-02
4.750e+01 1.531e-01 -2.454e-02
4.760e+01 1.545e-01 -2.111e-02
4.770e+01 1.572e-01 -1.505e-02
4.780e+01 1.601e-01 -1.341e-02
4.790e+01 1.718e-01 -1.829e-02
4.800e+01 1.579e-01 -1.960e-02
4.810e+01 1.610e-01 -1.545e-02
4.820e+01 1.588e-01 -1.342e-02
4.830e+01 1.614e-01 -2.316e-02
4.840e+01 1.607e-01 -2.935e-02
4.850e+01 1.505e-01 -3.741e-02
4.860e+01 1.675e-01 -4.350e-02
4.870e+01 1.575e-01 -1.971e-02
4.880e+01 1.541e-01 -6.497e-03
4.890e+01 1.559e-01 -6.116e-03
4.900e+01 1.502e-01 -1.413e-02
4.910e+01 1.373e-01 -1.117e-02
4.920e+01 1.472e-01 -1.346e-02
4.930e+01 1.533e-01 -1.204e-02
4.940e+01 1.512e-01 -1.221e-02
4.950e+01 1.675e-01 -1.606e-02
4.960e+01 1.464e-01 -1.514e-02
4.970e+01 1.497e-01 -1.668e-02
4.980e+01 1.425e-01 -2.024e-02
4.990e+01 1.735e-01 -1.708e-02
5.000e+01 1.701e-01 -2.440e-02
5.010e+01 1.567e-01 -1.691e-02
5.020e+01 1.617e-01 -2.369e-02
5.030e+01 1.610e-01 -1.533e-02
5.040e+01 1.535e-01 -1.636e-02
5.050e+01 1.518e-01 -9.224e-03
5.060e+01 1.471e-01 -1.155e-02
5.070e+01 1.471e-01 -1.229e-02
5.080e+01 1.501e-01 -1.214e-02
5.090e+01 1.544e-01 -9.221e-03
5.100e+01 1.672e-01 -2.129e-02
5.110e+01 1.630e-01 -2.780e-02
5.120e+01 1.544e-01 -1.764e-02
5.130e+01 1.478e-01 -1.952e-02
5.140e+01 1.361e-01 -1.078e-02
5.150e+01 1.295e-01 -9.984e-03
5.160e+01 1.214e-01 -1.927e-02
5.170e+01 1.310e-01 -2.358e-02
5.180e+01 1.330e-01 -3.076e-02
5.190e+01 1.430e-01 -2.706e-02
5.200e+01 1.307e-01 -2.454e-02
5.210e+01 1.282e-01 -1.996e-02
5.220e+01 1.288e-01 -2.816e-02
5.230e+01 1.304e-01 -3.576e-02
5.240e+01 1.357e-01 -2.795e-02
5.250e+01 1.322e-01 -1.947e-02
5.260e+01 1.477e-01 -1.907e-02
5.270e+01 1.303e-01 -1.588e-02
5.280e+01 1.324e-01 -2.530e-02
5.290e+01 1.340e-01 -2.085e-02
5.300e+01 1.471e-01 -2.475e-02
5.310e+01 1.384e-01 -1.635e-02
5.320e+01 1.378e-01 -1.304e-02
5.330e+01 1.281e-01 -1.704e-02
5.340e+01 1.155e-01 -2.247e-02
5.350e+01 1.172e-01 -2.326e-02
5.360e+01 1.081e-01 -1.887e-02
5.370e+01 1.203e-01 -2.181e-02
5.380e+01 1.247e-01 -1.508e-02
5.390e+01 1.191e-01 -1.417e-02
5.400e+01 1.266e-01 -1.130e-02
5.410e+01 1.226e-01 -2.731e-02
5.420e+01 1.197e-01 -2.380e-02
5.430e+01 1.340e-01 -3.016e-02
5.440e+01 1.172e-01 -2.438e-02
5.450e+01 1.215e-01 -2.466e-02
5.460e+01 1.077e-01 -2.021e-02
5.470e+01 1.014e-01 -1.710e-02
5.480e+01 1.051e-01 -2.419e-02
5.490e+01 1.172e-01 -2.053e-02
5.500e+01 1.313e-01 -1.922e-02
5.510e+01 1.333e-01 -2.159e-02
5.520e+01 1.195e-01 -2.181e-02
5.530e+01 1.140e-01 -1.458e-02
5.540e+01 9.815e-02 -1.454e-02
5.550e+01 1.168e-01 -1.625e-02
5.560e+01 1.197e-01 -2.111e-03
5.570e+01 1.159e-01 -8.664e-03
5.580e+01 1.015e-01 -1.259e-02
5.590e+01 1.161e-01 -1.236e-02
5.600e+01 1.131e-01 -9.516e-03
5.610e+01 1.112e-01 3.278e-03
5.620e+01 1.069e-01 4.157e-03
5.630e+01 1.013e-01 6.510e-03
5.640e+01 9.451e-02 2.244e-03
5.650e+01 9.206e-02 -1.128e-02
5.660e+01 9.180e-02 -3.163e-03
5.670e+01 9.594e-02 -1.581e-03
5.680e+01 1.094e-01 -5.918e-04
5.690e+01 1.174e-01 9.039e-03
5.700e+01 1.214e-01 4.470e-03
5.710e+01 1.030e-01 -6.251e-03
5.720e+01 9.402e-02 -1.098e-02
5.730e+01 9.614e-02 -7.927e-03
5.740e+01 1.115e-01 -5.269e-03
5.750e+01 1.162e-01 1.722e-03
5.760e+01 1.116e-01 8.717e-04
5.770e+01 1.038e-01 -1.151e-02
5.780e+01 1.012e-01 -1.445e-02
5.790e+01 1.022e-01 -1.772e-02
5.800e+01 1.006e-01 -1.930e-02
5.810e+01 1.093e-01 -1.623e-02
5.820e+01 1.053e-01 -1.831e-02
5.830e+01 1.009e-01 -1.426e-02
5.840e+01 9.705e-02 -8.555e-03
5.850e+01 9.526e-02 -6.654e-03
5.860e+01 9.756e-02 -5.318e-03
5.870e+01 9.876e-02 -8.335e-03
5.880e+01 9.930e-02 -3.896e-03
5.890e+01 1.096e-01 -4.709e-03
5.900e+01 1.059e-01 -1.437e-02
5.910e+01 1.013e-01 -1.129e-02
5.920e+01 1.017e-01 -4.901e-03
5.930e+01 9.405e-02 -5.097e-03
5.940e+01 9.771e-02 -6.343e-03
5.950e+01 9.640e-02 -6.215e-03
5.960e+01 8.813e-02 -7.055e-03
5.970e+01 8.869e-02 -6.465e-03
5.980e+01 8.981e-02 -7.411e-03
5.990e+01 9.308e-02 -1.974e-03
6.000e+01 9.483e-02 -1.655e-03
6.010e+01 9.189e-02 -9.977e-04
6.020e+01 1.021e-01 -6.164e-03
6.030e+01 1.071e-01 -9.852e-03
6.040e+01 8.950e-02 -8.018e-03
6.050e+01 9.485e-02 8.150e-04
6.060e+01 9.888e-02 -7.980e-03
6.070e+01 9.316e-02 -4.067e-03
6.080e+01 9.160e-02 9.513e-04
6.090e+01 1.006e-01 -4.117e-03
6.100e+01 1.044e-01 -7.043e-03
6.110e+01 1.002e-01 -1.746e-02
6.120e+01 9.905e-02 -1.332e-02
6.130e+01 1.065e-01 -6.494e-03
6.140e+01 9.991e-02 -1.064e-02
6.150e+01 9.761e-02 -6.412e-03
6.160e+01 1.026e-01 -1.084e-02
6.170e+01 9.848e-02 -1.159e-02
6.180e+01 9.873e-02 -1.172e-02
6.190e+01 1.002e-01 -9.879e-03
6.200e+01 9.531e-02 -1.145e-02
6.210e+01 8.784e-02 -1.699e-02
6.220e+01 9.082e-02 -1.839e-02
6.230e+01 8.870e-02 -1.907e-02
6.240e+01 8.225e-02 -1.958e-02
6.250e+01 8.911e-02 -1.710e-02
6.260e+01 9.201e-02 -1.758e-02
6.270e+01 8.893e-02 -1.559e-02
6.280e+01 1.031e-01 -6.034e-03
6.290e+01 1.026e-01 -1.992e-03
6.300e+01 9.772e-02 -6.647e-03
6.310e+01 9.615e-02 -9.930e-03
6.320e+01 9.514e-02 -1.147e-02
6.330e+01 9.391e-02 -7.086e-03
6.340e+01 8.036e-02 -4.076e-03
6.350e+01 8.299e-02 -3.986e-03
6.360e+01 8.741e-02 5.062e-03
6.370e+01 9.355e-02 -3.169e-03
6.380e+01 9.486e-02 -9.222e-03
6.390e+01 9.630e-02 -1.197e-02
6.400e+01 9.602e-02 -7.770e-03
6.410e+01 9.505e-02 -4.848e-03
6.420e+01 9.239e-02 -8.863e-03
6.430e+01 9.196e-02 -1.166e-02
6.440e+01 9.020e-02 -1.037e-02
6.450e+01 9.050e-02 -1.082e-02
6.460e+01 9.154e-02 -1.715e-02
6.470e+01 9.412e-02 -1.534e-02
6.480e+01 8.800e-02 -1.627e-02
6.490e+01 8.667e-02 -1.506e-02
6.500e+01 7.788e-02 -7.918e-03
6.510e+01 8.087e-02 -8.040e-03
6.520e+01 7.725e-02 -4.280e-03
6.530e+01 8.511e-02 -5.906e-03
6.540e+01 8.351e-02 -7.139e-03
6.550e+01 9.280e-02 -1.853e-02
6.560e+01 9.156e-02 -1.385e-02
6.570e+01 9.312e-02 -7.765e-03
6.580e+01 9.344e-02 -4.256e-03
6.590e+01 8.720e-02 -5.098e-03
6.600e+01 8.987e-02 -1.366e-02
6.610e+01 9.235e-02 -9.919e-03
6.620e+01 8.588e-02 -9.648e-03
6.630e+01 9.304e-02 -1.912e-02
6.640e+01 7.978e-02 -9.190e-03
6.650e+01 7.340e-02 3.331e-03
6.660e+01 7.625e-02 1.373e-02
6.670e+01 8.423e-02 -7.454e-03
6.680e+01 8.418e-02 -8.671e-03
6.690e+01 8.609e-02 -1.147e-02
6.700e+01 7.933e-02 -1.479e-02
6.710e+01 8.195e-02 -8.250e-03
6.720e+01 8.684e-02 -9.122e-03
6.730e+01 9.041e-02 -1.058e-02
6.740e+01 8.164e-02 -1.178e-02
6.750e+01 8.206e-02 -1.692e-02
6.760e+01 7.418e-02 -5.480e-03
6.770e+01 8.453e-02 -3.633e-03
6.780e+01 8.647e-02 -8.323e-03
6.790e+01 8.483e-02 -5.050e-03
6.800e+01 8.433e-02 -2.872e-03
6.810e+01 8.061e-02 -4.656e-03
6.820e+01 8.882e-02 -1.652e-03
6.830e+01 8.418e-02 -6.977e-03
6.840e+01 7.882e-02 -1.042e-02
6.850e+01 7.157e-02 -1.385e-02
6.860e+01 7.663e-02 -4.102e-03
6.870e+01 8.862e-02 -4.380e-03
6.880e+01 9.864e-02 -2.975e-03
6.890e+01 7.758e-02 -2.388e-03
6.900e+01 8.071e-02 -1.140e-02
6.910e+01 9.808e-02 -3.720e-03
6.920e+01 9.084e-02 3.198e-03
6.930e+01 8.186e-02 -2.192e-03
6.940e+01 1.031e-01 2.806e-03
6.950e+01 1.021e-01 -1.414e-02
6.960e+01 8.690e-02 -3.017e-03
6.970e+01 9.506e-02 -6.699e-03
6.980e+01 1.055e-01 -8.257e-03
6.990e+01 8.844e-02 -9.996e-05
7.000e+01 8.805e-02 3.547e-03
7.010e+01 7.881e-02 -9.744e-03
7.020e+01 9.460e-02 -6.564e-04
7.030e+01 8.753e-02 -3.277e-03
7.040e+01 8.066e-02 -5.793e-03
7.050e+01 8.443e-02 -7.413e-03
7.060e+01 8.009e-02 -6.759e-03
7.070e+01 7.719e-02 -5.081e-03
7.080e+01 8.371e-02 -8.494e-04
7.090e+01 6.687e-02 -1.223e-02
7.100e+01 6.925e-02 -5.193e-03
7.110e+01 7.625e-02 -1.272e-02
7.120e+01 8.370e-02 -7.695e-03
7.130e+01 8.297e-02 -9.297e-03
7.140e+01 8.456e-02 -9.432e-03
7.150e+01 8.496e-02 -1.545e-02
7.160e+01 8.328e-02 -1.893e-02
7.170e+01 7.920e-02 -2.106e-02
7.180e+01 7.549e-02 -2.320e-02
7.190e+01 7.517e-02 -1.506e-02
7.200e+01 7.562e-02 -1.474e-02
7.210e+01 7.810e-02 -1.572e-02
7.220e+01 8.341e-02 -1.386e-02
7.230e+01 8.425e-02 -1.121e-02
7.240e+01 8.150e-02 -8.764e-03
7.250e+01 7.763e-02 -1.247e-02
7.260e+01 7.916e-02 -1.372e-02
7.270e+01 8.244e-02 -1.741e-02
7.280e+01 8.103e-02 -1.597e-02
7.290e+01 8.313e-02 -1.323e-02
7.300e+01 8.060e-02 -1.491e-02
7.310e+01 8.226e-02 -1.533e-02
7.320e+01 8.101e-02 -1.304e-02
7.330e+01 7.897e-02 -1.214e-02
7.340e+01 8.126e-02 -1.499e-02
7.350e+01 8.173e-02 -1.180e-02
7.360e+01 7.798e-02 -1.282e-02
7.370e+01 7.291e-02 -1.461e-02
7.380e+01 7.902e-02 -1.761e-02
7.390e+01 8.401e-02 -1.734e-02
7.400e+01 7.838e-02 -1.577e-02
7.410e+01 7.843e-02 -1.761e-02
7.420e+01 7.562e-02 -1.659e-02
7.430e+01 7.188e-02 -1.516e-02
7.440e+01 7.092e-02 -1.414e-02
7.450e+01 6.939e-02 -1.045e-02
7.460e+01 6.968e-02 -1.044e-02
7.470e+01 7.101e-02 -1.063e-02
7.480e+01 7.491e-02 -1.477e-02
7.490e+01 7.231e-02 -2.064e-02
7.500e+01 6.865e-02 -1.262e-02
7.510e+01 6.621e-02 -1.474e-02
7.520e+01 6.410e-02 -1.348e-02
7.530e+01 5.938e-02 -1.707e-02
7.540e+01 7.003e-02 -8.376e-03
7.550e+01 6.919e-02 -8.601e-03
7.560e+01 7.014e-02 -1.098e-02
7.570e+01 6.897e-02 -6.358e-03
7.580e+01 7.361e-02 -4.704e-03
7.590e+01 7.205e-02 -7.234e-03
7.600e+01 7.038e-02 -4.979e-03
7.610e+01 7.140e-02 -1.004e-02
7.620e+01 7.494e-02 -1.661e-02
7.630e+01 8.032e-02 -1.644e-02
7.640e+01 7.851e-02 -1.783e-02
7.650e+01 7.508e-02 -2.525e-02
7.660e+01 7.298e-02 -1.423e-02
7.670e+01 6.846e-02 -8.401e-03
7.680e+01 7.656e-02 -1.133e-02
7.690e+01 7.878e-02 -3.570e-03
7.700e+01 8.240e-02 -7.996e-03
7.710e+01 8.366e-02 -6.871e-03
7.720e+01 7.957e-02 -6.251e-03
7.730e+01 8.653e-02 -9.171e-03
7.740e+01 7.887e-02 -1.107e-02
7.750e+01 7.506e-02 -7.015e-03
7.760e+01 7.472e-02 -4.557e-03
7.770e+01 7.987e-02 -6.107e-03
7.780e+01 7.961e-02 -7.344e-03
7.790e+01 8.077e-02 -6.481e-03
7.800e+01 7.265e-02 -1.034e-02
7.810e+01 7.254e-02 -1.433e-02
7.820e+01 7.270e-02 -1.648e-02
7.830e+01 6.869e-02 -1.986e-02
7.840e+01 6.766e-02 -1.485e-02
7.850e+01 6.602e-02 -1.115e-02
7.860e+01 7.254e-02 -7.747e-03
7.870e+01 6.918e-02 -1.032e-02
7.880e+01 6.571e-02 -5.115e-03
7.890e+01 6.506e-02 -8.688e-03
7.900e+01 6.621e-02 -3.553e-03
7.910e+01 6.650e-02 -6.832e-03
7.920e+01 6.800e-02 -1.329e-03
7.930e+01 6.545e-02 -4.684e-03
7.940e+01 6.708e-02 -4.969e-03
7.950e+01 7.305e-02 -8.239e-03
7.960e+01 6.339e-02 -5.183e-03
7.970e+01 6.117e-02 -7.291e-03
7.980e+01 6.359e-02 -2.801e-03
7.990e+01 6.872e-02 -3.676e-03
8.000e+01 6.347e-02 -1.656e-03
8.010e+01 6.304e-02 1.868e-04
8.020e+01 5.943e-02 -2.615e-03
8.030e+01 6.559e-02 -9.407e-03
8.040e+01 6.883e-02 -1.040e-02
8.050e+01 6.912e-02 -7.140e-03
8.060e+01 6.016e-02 -6.528e-03
8.070e+01 7.118e-02 -2.557e-03
8.080e+01 6.905e-02 -3.593e-03
8.090e+01 6.462e-02 -3.658e-03
8.100e+01 6.741e-02 -1.942e-03
8.110e+01 7.045e-02 -4.824e-03
8.120e+01 6.812e-02 -3.601e-03
8.130e+01 6.467e-02 1.387e-03
8.140e+01 6.066e-02 -8.699e-04
8.150e+01 6.058e-02 -3.152e-03
8.160e+01 6.372e-02 -1.640e-03
8.170e+01 6.647e-02 -1.825e-03
8.180e+01 7.224e-02 -4.090e-03
8.190e+01 7.039e-02 -3.596e-03
8.200e+01 6.661e-02 -4.180e-03
8.210e+01 6.437e-02 -4.962e-03
8.220e+01 6.250e-02 -2.157e-03
8.230e+01 6.137e-02 -4.760e-03
8.240e+01 5.716e-02 -3.952e-03
8.250e+01 5.899e-02 -4.769e-03
8.260e+01 6.486e-02 -2.818e-03
8.270e+01 6.452e-02 -4.003e-03
8.280e+01 6.352e-02 -6.544e-03
8.290e+01 6.392e-02 -3.313e-03
8.300e+01 6.659e-02 -3.301e-03
8.310e+01 6.555e-02 4.286e-03
8.320e+01 6.377e-02 6.660e-03
8.330e+01 6.763e-02 6.807e-03
8.340e+01 6.924e-02 4.630e-03
8.350e+01 7.195e-02 3.933e-03
8.360e+01 6.442e-02 1.841e-03
8.370e+01 6.868e-02 1.266e-03
8.380e+01 6.757e-02 -5.461e-04
8.390e+01 6.739e-02 -6.348e-04
8.400e+01 7.105e-02 -2.412e-03
8.410e+01 6.786e-02 -3.265e-03
8.420e+01 6.373e-02 -5.634e-04
8.430e+01 6.579e-02 -5.306e-03
8.440e+01 6.725e-02 -3.462e-03
8.450e+01 6.357e-02 -3.599e-03
8.460e+01 6.157e-02 -3.257e-03
8.470e+01 5.654e-02 -3.012e-03
8.480e+01 5.322e-02 -4.179e-03
8.490e+01 5.659e-02 1.414e-03
8.500e+01 5.578e-02 -3.366e-03
8.510e+01 5.705e-02 -3.867e-03
8.520e+01 5.612e-02 -4.762e-03
8.530e+01 6.193e-02 -1.390e-03
8.540e+01 5.389e-02 -2.434e-03
8.550e+01 5.882e-02 -2.918e-03
8.560e+01 5.987e-02 1.157e-03
8.570e+01 6.052e-02 -2.034e-03
8.580e+01 5.773e-02 1.759e-03
8.590e+01 6.318e-02 6.656e-04
8.600e+01 6.506e-02 2.696e-03
8.610e+01 6.999e-02 2.714e-03
8.620e+01 6.738e-02 4.830e-03
8.630e+01 6.318e-02 5.634e-03
8.640e+01 6.264e-02 4.289e-03
8.650e+01 5.886e-02 3.863e-03
8.660e+01 6.149e-02 3.687e-03
8.670e+01 6.357e-02 -4.279e-05
8.680e+01 6.445e-02 -1.100e-03
8.690e+01 6.424e-02 4.514e-03
8.700e+01 5.687e-02 5.858e-03
8.710e+01 5.598e-02 3.740e-03
8.720e+01 5.878e-02 3.088e-03
8.730e+01 6.122e-02 3.907e-04
8.740e+01 6.207e-02 -1.371e-03
8.750e+01 6.743e-02 3.316e-03
8.760e+01 6.506e-02 5.842e-03
8.770e+01 6.399e-02 3.778e-03
8.780e+01 6.139e-02 9.716e-05
8.790e+01 6.647e-02 -4.495e-03
8.800e+01 6.754e-02 -2.887e-03
8.810e+01 6.569e-02 5.888e-03
8.820e+01 6.285e-02 8.929e-03
8.830e+01 5.692e-02 7.908e-03
8.840e+01 5.730e-02 4.646e-03
8.850e+01 6.112e-02 3.087e-03
8.860e+01 6.117e-02 6.161e-03
8.870e+01 6.087e-02 3.571e-03
8.880e+01 6.045e-02 4.380e-03
8.890e+01 6.488e-02 5.119e-03
8.900e+01 5.815e-02 3.728e-03
8.910e+01 6.065e-02 2.530e-03
8.920e+01 6.040e-02 2.876e-03
8.930e+01 5.838e-02 5.373e-03
8.940e+01 5.841e-02 4.321e-03
8.950e+01 5.914e-02 3.019e-03
8.960e+01 5.884e-02 3.457e-03
8.970e+01 5.770e-02 4.584e-03
8.980e+01 6.203e-02 2.836e-03
8.990e+01 6.228e-02 5.114e-03
9.000e+01 5.909e-02 2.963e-03
9.010e+01 5.439e-02 3.833e-03
9.020e+01 5.772e-02 -5.097e-05
9.030e+01 5.698e-02 -3.852e-04
9.040e+01 5.067e-02 1.116e-03
9.050e+01 5.537e-02 3.240e-03
9.060e+01 5.467e-02 5.316e-03
9.070e+01 5.732e-02 4.719e-03
9.080e+01 5.768e-02 4.755e-03
9.090e+01 5.949e-02 5.000e-03
9.100e+01 6.102e-02 1.228e-03
9.110e+01 5.862e-02 4.917e-04
9.120e+01 5.625e-02 2.079e-03
9.130e+01 5.570e-02 4.810e-03
9.140e+01 5.300e-02 4.551e-03
9.150e+01 5.104e-02 7.177e-03
9.160e+01 5.091e-02 2.121e-03
9.170e+01 5.240e-02 2.135e-03
9.180e+01 5.428e-02 3.486e-04
9.190e+01 5.286e-02 1.537e-03
9.200e+01 5.054e-02 8.228e-04
9.210e+01 5.431e-02 2.713e-03
9.220e+01 5.042e-02 1.929e-03
9.230e+01 5.369e-02 6.555e-04
9.240e+01 5.214e-02 7.932e-04
9.250e+01 5.798e-02 3.880e-03
9.260e+01 5.818e-02 4.708e-03
9.270e+01 6.012e-02 5.290e-03
9.280e+01 6.110e-02 8.456e-03
9.290e+01 5.831e-02 8.879e-03
9.300e+01 5.338e-02 6.606e-03
9.310e+01 5.389e-02 4.411e-03
9.320e+01 4.814e-02 7.728e-03
9.330e+01 5.173e-02 3.787e-03
9.340e+01 4.610e-02 6.792e-03
9.350e+01 5.197e-02 9.204e-03
9.360e+01 5.622e-02 1.481e-02
9.370e+01 6.032e-02 7.667e-03
9.380e+01 6.001e-02 4.775e-03
9.390e+01 6.296e-02 3.704e-03
9.400e+01 6.281e-02 6.463e-03
9.410e+01 5.906e-02 8.419e-03
9.420e+01 5.863e-02 1.068e-02
9.430e+01 5.300e-02 1.096e-02
9.440e+01 5.483e-02 8.833e-03
9.450e+01 5.293e-02 7.081e-03
9.460e+01 5.261e-02 1.808e-03
9.470e+01 5.513e-02 2.376e-03
9.480e+01 4.985e-02 2.094e-03
9.490e+01 5.075e-02 2.364e-03
9.500e+01 4.790e-02 5.307e-03
9.510e+01 4.702e-02 1.198e-03
9.520e+01 4.582e-02 1.625e-03
9.530e+01 4.380e-02 7.760e-03
9.540e+01 4.385e-02 7.902e-03
9.550e+01 4.882e-02 4.152e-03
9.560e+01 5.415e-02 7.871e-03
9.570e+01 4.931e-02 8.214e-03
9.580e+01 5.248e-02 1.037e-02
9.590e+01 5.076e-02 8.563e-03
9.600e+01 5.432e-02 7.989e-03
9.610e+01 5.088e-02 5.555e-03
9.620e+01 4.971e-02 3.279e-03
9.630e+01 5.026e-02 1.072e-03
9.640e+01 4.456e-02 2.820e-03
9.650e+01 4.836e-02 3.985e-03
9.660e+01 4.802e-02 9.932e-03
9.670e+01 4.948e-02 9.808e-03
9.680e+01 5.156e-02 9.380e-03
9.690e+01 4.718e-02 8.851e-03
9.700e+01 4.986e-02 5.600e-03
9.710e+01 5.273e-02 4.231e-03
9.720e+01 5.475e-02 4.549e-03
9.730e+01 5.057e-02 4.174e-03
9.740e+01 5.036e-02 5.803e-03
9.750e+01 4.860e-02 4.466e-03
9.760e+01 4.550e-02 6.290e-03
9.770e+01 4.770e-02 7.919e-03
9.780e+01 4.871e-02 1.087e-02
9.790e+01 4.786e-02 8.270e-03
9.800e+01 5.080e-02 5.647e-03
9.810e+01 5.204e-02 3.106e-03
9.820e+01 5.318e-02 1.038e-02
9.830e+01 5.363e-02 6.803e-03
9.840e+01 5.178e-02 6.283e-03
9.850e+01 5.192e-02 6.184e-03
9.860e+01 5.066e-02 5.551e-03
9.870e+01 4.904e-02 1.071e-02
9.880e+01 5.275e-02 1.129e-02
9.890e+01 5.093e-02 1.100e-02
9.900e+01 5.277e-02 8.449e-03
9.910e+01 5.442e-02 1.053e-02
9.920e+01 4.924e-02 7.580e-03
9.930e+01 4.359e-02 9.192e-03
9.940e+01 4.555e-02 1.232e-02
9.950e+01 4.751e-02 9.449e-03
9.960e+01 4.524e-02 7.518e-03
9.970e+01 4.816e-02 7.375e-03
9.980e+01 4.550e-02 1.128e-02
9.990e+01 4.404e-02 8.007e-03
