# Time (ps)      real(F_0)      im(F_0)
0.000e+00 1.000e+00 0.000e+00
1.000e-01 9.486e-01 0.000e+00
2.000e-01 8.891e-01 0.000e+00
3.000e-01 8.053e-01 0.000e+00
4.000e-01 8.502e-01 0.000e+00
5.000e-01 7.594e-01 0.000e+00
6.000e-01 7.283e-01 0.000e+00
7.000e-01 7.618e-01 0.000e+00
8.000e-01 6.961e-01 0.000e+00
9.000e-01 6.863e-01 0.000e+00
1.000e+00 7.456e-01 0.000e+00
1.100e+00 6.357e-01 0.000e+00
1.200e+00 6.633e-01 0.000e+00
1.300e+00 6.913e-01 0.000e+00
1.400e+00 6.130e-01 0.000e+00
1.500e+00 6.645e-01 0.000e+00
1.600e+00 6.501e-01 0.000e+00
1.700e+00 7.110e-01 0.000e+00
1.800e+00 7.191e-01 0.000e+00
1.900e+00 6.270e-01 0.000e+00
2.000e+00 6.054e-01 0.000e+00
2.100e+00 6.437e-01 0.000e+00
2.200e+00 6.450e-01 0.000e+00
2.300e+00 6.315e-01 0.000e+00
2.400e+00 6.217e-01 0.000e+00
2.500e+00 5.704e-01 0.000e+00
2.600e+00 6.035e-01 0.000e+00
2.700e+00 6.270e-01 0.000e+00
2.800e+00 6.298e-01 0.000e+00
2.900e+00 5.977e-01 0.000e+00
3.000e+00 6.146e-01 0.000e+00
3.100e+00 6.111e-01 0.000e+00
3.200e+00 6.571e-01 0.000e+00
3.300e+00 6.248e-01 0.000e+00
3.400e+00 6.107e-01 0.000e+00
3.500e+00 5.962e-01 0.000e+00
3.600e+00 5.760e-01 0.000e+00
3.700e+00 5.856e-01 0.000e+00
3.800e+00 6.419e-01 0.000e+00
3.900e+00 5.999e-01 0.000e+00
4.000e+00 6.200e-01 0.000e+00
4.100e+00 5.711e-01 0.000e+00
4.200e+00 6.089e-01 0.000e+00
4.300e+00 5.528e-01 0.000e+00
4.400e+00 5.400e-01 0.000e+00
4.500e+00 5.211e-01 0.000e+00
4.600e+00 5.089e-01 0.000e+00
4.700e+00 5.186e-01 0.000e+00
4.800e+00 5.468e-01 0.000e+00
4.900e+00 4.931e-01 0.000e+00
5.000e+00 5.065e-01 0.000e+00
5.100e+00 5.266e-01 0.000e+00
5.200e+00 5.218e-01 0.000e+00
5.300e+00 5.124e-01 0.000e+00
5.400e+00 5.092e-01 0.000e+00
5.500e+00 5.129e-01 0.000e+00
5.600e+00 4.781e-01 0.000e+00
5.700e+00 4.759e-01 0.000e+00
5.800e+00 5.241e-01 0.000e+00
5.900e+00 4.918e-01 0.000e+00
6.000e+00 4.844e-01 0.000e+00
6.100e+00 4.783e-01 0.000e+00
6.200e+00 4.868e-01 0.000e+00
6.300e+00 5.008e-01 0.000e+00
6.400e+00 4.570e-01 0.000e+00
6.500e+00 4.788e-01 0.000e+00
6.600e+00 4.799e-01 0.000e+00
6.700e+00 4.955e-01 0.000e+00
6.800e+00 5.084e-01 0.000e+00
6.900e+00 4.959e-01 0.000e+00
7.000e+00 5.068e-01 0.000e+00
7.100e+00 4.419e-01 0.000e+00
7.200e+00 4.485e-01 0.000e+00
7.300e+00 4.621e-01 0.000e+00
7.400e+00 4.472e-01 0.000e+00
7.500e+00 4.908e-01 0.000e+00
7.600e+00 4.935e-01 0.000e+00
7.700e+00 4.578e-01 0.000e+00
7.800e+00 4.660e-01 0.000e+00
7.900e+00 4.821e-01 0.000e+00
8.000e+00 4.382e-01 0.000e+00
8.100e+00 4.548e-01 0.000e+00
8.200e+00 4.338e-01 0.000e+00
8.300e+00 4.521e-01 0.000e+00
8.400e+00 4.252e-01 0.000e+00
8.500e+00 4.237e-01 0.000e+00
8.600e+00 4.403e-01 0.000e+00
8.700e+00 4.192e-01 0.000e+00
8.800e+00 4.441e-01 0.000e+00
8.900e+00 4.552e-01 0.000e+00
9.000e+00 4.598e-01 0.000e+00
9.100e+00 4.228e-01 0.000e+00
9.200e+00 4.474e-01 0.000e+00
9.300e+00 4.348e-01 0.000e+00
9.400e+00 4.408e-01 0.000e+00
9.500e+00 4.342e-01 0.000e+00
9.600e+00 4.480e-01 0.000e+00
9.700e+00 4.571e-01 0.000e+00
9.800e+00 4.608e-01 0.000e+00
9.900e+00 4.132e-01 0.000e+00
1.000e+01 4.163e-01 0.000e+00
1.010e+01 4.308e-01 0.000e+00
1.020e+01 4.381e-01 0.000e+00
1.030e+01 3.821e-01 0.000e+00
1.040e+01 4.157e-01 0.000e+00
1.050e+01 4.173e-01 0.000e+00
1.060e+01 4.029e-01 0.000e+00
1.070e+01 4.142e-01 0.000e+00
1.080e+01 3.807e-01 0.000e+00
1.090e+01 3.930e-01 0.000e+00
1.100e+01 3.873e-01 0.000e+00
1.110e+01 4.200e-01 0.000e+00
1.120e+01 3.921e-01 0.000e+00
1.130e+01 4.038e-01 0.000e+00
1.140e+01 3.791e-01 0.000e+00
1.150e+01 3.532e-01 0.000e+00
1.160e+01 3.635e-01 0.000e+00
1.170e+01 3.640e-01 0.000e+00
1.180e+01 3.791e-01 0.000e+00
1.190e+01 3.822e-01 0.000e+00
1.200e+01 3.642e-01 0.000e+00
1.210e+01 3.563e-01 0.000e+00
1.220e+01 3.672e-01 0.000e+00
1.230e+01 3.681e-01 0.000e+00
1.240e+01 3.621e-01 0.000e+00
1.250e+01 3.489e-01 0.000e+00
1.260e+01 3.461e-01 0.000e+00
1.270e+01 3.431e-01 0.000e+00
1.280e+01 3.333e-01 0.000e+00
1.290e+01 3.141e-01 0.000e+00
1.300e+01 3.066e-01 0.000e+00
1.310e+01 3.197e-01 0.000e+00
1.320e+01 3.144e-01 0.000e+00
1.330e+01 3.226e-01 0.000e+00
1.340e+01 3.056e-01 0.000e+00
1.350e+01 3.099e-01 0.000e+00
1.360e+01 3.107e-01 0.000e+00
1.370e+01 2.809e-01 0.000e+00
1.380e+01 3.087e-01 0.000e+00
1.390e+01 3.331e-01 0.000e+00
1.400e+01 3.361e-01 0.000e+00
1.410e+01 3.124e-01 0.000e+00
1.420e+01 3.107e-01 0.000e+00
1.430e+01 3.132e-01 0.000e+00
1.440e+01 2.938e-01 0.000e+00
1.450e+01 3.014e-01 0.000e+00
1.460e+01 3.055e-01 0.000e+00
1.470e+01 2.954e-01 0.000e+00
1.480e+01 2.791e-01 0.000e+00
1.490e+01 2.825e-01 0.000e+00
1.500e+01 2.948e-01 0.000e+00
1.510e+01 2.825e-01 0.000e+00
1.520e+01 3.198e-01 0.000e+00
1.530e+01 3.061e-01 0.000e+00
1.540e+01 2.858e-01 0.000e+00
1.550e+01 2.682e-01 0.000e+00
1.560e+01 2.734e-01 0.000e+00
1.570e+01 2.802e-01 0.000e+00
1.580e+01 2.666e-01 0.000e+00
1.590e+01 2.830e-01 0.000e+00
1.600e+01 2.720e-01 0.000e+00
1.610e+01 2.797e-01 0.000e+00
1.620e+01 2.820e-01 0.000e+00
1.630e+01 2.681e-01 0.000e+00
1.640e+01 2.359e-01 0.000e+00
1.650e+01 2.385e-01 0.000e+00
1.660e+01 2.530e-01 0.000e+00
1.670e+01 2.880e-01 0.000e+00
1.680e+01 2.750e-01 0.000e+00
1.690e+01 2.329e-01 0.000e+00
1.700e+01 2.332e-01 0.000e+00
1.710e+01 2.296e-01 0.000e+00
1.720e+01 2.222e-01 0.000e+00
1.730e+01 2.147e-01 0.000e+00
1.740e+01 2.376e-01 0.000e+00
1.750e+01 2.544e-01 0.000e+00
1.760e+01 2.665e-01 0.000e+00
1.770e+01 2.173e-01 0.000e+00
1.780e+01 2.164e-01 0.000e+00
1.790e+01 2.253e-01 0.000e+00
1.800e+01 2.206e-01 0.000e+00
1.810e+01 2.263e-01 0.000e+00
1.820e+01 2.336e-01 0.000e+00
1.830e+01 2.523e-01 0.000e+00
1.840e+01 2.620e-01 0.000e+00
1.850e+01 2.439e-01 0.000e+00
1.860e+01 2.290e-01 0.000e+00
1.870e+01 2.166e-01 0.000e+00
1.880e+01 2.207e-01 0.000e+00
1.890e+01 2.208e-01 0.000e+00
1.900e+01 2.475e-01 0.000e+00
1.910e+01 2.559e-01 0.000e+00
1.920e+01 2.613e-01 0.000e+00
1.930e+01 2.527e-01 0.000e+00
1.940e+01 2.391e-01 0.000e+00
1.950e+01 2.724e-01 0.000e+00
1.960e+01 2.753e-01 0.000e+00
1.970e+01 2.640e-01 0.000e+00
1.980e+01 2.733e-01 0.000e+00
1.990e+01 2.617e-01 0.000e+00
2.000e+01 2.385e-01 0.000e+00
2.010e+01 2.069e-01 0.000e+00
2.020e+01 2.270e-01 0.000e+00
2.030e+01 2.356e-01 0.000e+00
2.040e+01 2.417e-01 0.000e+00
2.050e+01 2.391e-01 0.000e+00
2.060e+01 2.161e-01 0.000e+00
2.070e+01 2.153e-01 0.000e+00
2.080e+01 1.931e-01 0.000e+00
2.090e+01 2.015e-01 0.000e+00
2.100e+01 2.074e-01 0.000e+00
2.110e+01 1.792e-01 0.000e+00
2.120e+01 1.577e-01 0.000e+00
2.130e+01 1.691e-01 0.000e+00
2.140e+01 1.603e-01 0.000e+00
2.150e+01 1.445e-01 0.000e+00
2.160e+01 1.627e-01 0.000e+00
2.170e+01 1.582e-01 0.000e+00
2.180e+01 1.795e-01 0.000e+00
2.190e+01 1.396e-01 0.000e+00
2.200e+01 1.700e-01 0.000e+00
2.210e+01 1.656e-01 0.000e+00
2.220e+01 1.826e-01 0.000e+00
2.230e+01 1.554e-01 0.000e+00
2.240e+01 1.604e-01 0.000e+00
2.250e+01 1.760e-01 0.000e+00
2.260e+01 1.785e-01 0.000e+00
2.270e+01 1.780e-01 0.000e+00
2.280e+01 1.837e-01 0.000e+00
2.290e+01 1.766e-01 0.000e+00
2.300e+01 1.748e-01 0.000e+00
2.310e+01 1.721e-01 0.000e+00
2.320e+01 1.485e-01 0.000e+00
2.330e+01 1.510e-01 0.000e+00
2.340e+01 1.462e-01 0.000e+00
2.350e+01 1.611e-01 0.000e+00
2.360e+01 1.409e-01 0.000e+00
2.370e+01 1.462e-01 0.000e+00
2.380e+01 1.352e-01 0.000e+00
2.390e+01 1.585e-01 0.000e+00
2.400e+01 1.414e-01 0.000e+00
2.410e+01 1.485e-01 0.000e+00
2.420e+01 1.281e-01 0.000e+00
2.430e+01 1.442e-01 0.000e+00
2.440e+01 1.639e-01 0.000e+00
2.450e+01 1.549e-01 0.000e+00
2.460e+01 1.633e-01 0.000e+00
2.470e+01 1.291e-01 0.000e+00
2.480e+01 1.334e-01 0.000e+00
2.490e+01 1.477e-01 0.000e+00
2.500e+01 1.634e-01 0.000e+00
2.510e+01 1.599e-01 0.000e+00
2.520e+01 1.697e-01 0.000e+00
2.530e+01 1.720e-01 0.000e+00
2.540e+01 1.484e-01 0.000e+00
2.550e+01 1.384e-01 0.000e+00
2.560e+01 1.473e-01 0.000e+00
2.570e+01 1.294e-01 0.000e+00
2.580e+01 1.189e-01 0.000e+00
2.590e+01 1.311e-01 0.000e+00
2.600e+01 1.480e-01 0.000e+00
2.610e+01 1.305e-01 0.000e+00
2.620e+01 1.529e-01 0.000e+00
2.630e+01 1.399e-01 0.000e+00
2.640e+01 1.172e-01 0.000e+00
2.650e+01 1.209e-01 0.000e+00
2.660e+01 1.489e-01 0.000e+00
2.670e+01 1.562e-01 0.000e+00
2.680e+01 1.496e-01 0.000e+00
2.690e+01 1.567e-01 0.000e+00
2.700e+01 1.214e-01 0.000e+00
2.710e+01 1.616e-01 0.000e+00
2.720e+01 1.626e-01 0.000e+00
2.730e+01 1.659e-01 0.000e+00
2.740e+01 1.511e-01 0.000e+00
2.750e+01 1.706e-01 0.000e+00
2.760e+01 1.272e-01 0.000e+00
2.770e+01 1.485e-01 0.000e+00
2.780e+01 1.131e-01 0.000e+00
2.790e+01 1.216e-01 0.000e+00
2.800e+01 1.256e-01 0.000e+00
2.810e+01 1.612e-01 0.000e+00
2.820e+01 1.427e-01 0.000e+00
2.830e+01 1.399e-01 0.000e+00
2.840e+01 1.347e-01 0.000e+00
2.850e+01 1.314e-01 0.000e+00
2.860e+01 1.491e-01 0.000e+00
2.870e+01 1.433e-01 0.000e+00
2.880e+01 1.329e-01 0.000e+00
2.890e+01 1.448e-01 0.000e+00
2.900e+01 1.279e-01 0.000e+00
2.910e+01 1.263e-01 0.000e+00
2.920e+01 1.118e-01 0.000e+00
2.930e+01 1.133e-01 0.000e+00
2.940e+01 1.176e-01 0.000e+00
2.950e+01 1.271e-01 0.000e+00
2.960e+01 1.141e-01 0.000e+00
2.970e+01 1.405e-01 0.000e+00
2.980e+01 1.303e-01 0.000e+00
2.990e+01 1.210e-01 0.000e+00
3.000e+01 1.119e-01 0.000e+00
3.010e+01 9.929e-02 0.000e+00
3.020e+01 9.986e-02 0.000e+00
3.030e+01 1.015e-01 0.000e+00
3.040e+01 1.019e-01 0.000e+00
3.050e+01 1.199e-01 0.000e+00
3.060e+01 1.228e-01 0.000e+00
3.070e+01 1.173e-01 0.000e+00
3.080e+01 1.243e-01 0.000e+00
3.090e+01 1.317e-01 0.000e+00
3.100e+01 1.357e-01 0.000e+00
3.110e+01 1.712e-01 0.000e+00
3.120e+01 1.861e-01 0.000e+00
3.130e+01 1.513e-01 0.000e+00
3.140e+01 1.158e-01 0.000e+00
3.150e+01 1.121e-01 0.000e+00
3.160e+01 1.199e-01 0.000e+00
3.170e+01 1.301e-01 0.000e+00
3.180e+01 1.162e-01 0.000e+00
3.190e+01 1.345e-01 0.000e+00
3.200e+01 1.286e-01 0.000e+00
3.210e+01 1.193e-01 0.000e+00
3.220e+01 1.150e-01 0.000e+00
3.230e+01 1.342e-01 0.000e+00
3.240e+01 1.450e-01 0.000e+00
3.250e+01 1.258e-01 0.000e+00
3.260e+01 1.299e-01 0.000e+00
3.270e+01 1.198e-01 0.000e+00
3.280e+01 1.225e-01 0.000e+00
3.290e+01 1.139e-01 0.000e+00
3.300e+01 1.216e-01 0.000e+00
3.310e+01 1.253e-01 0.000e+00
3.320e+01 1.357e-01 0.000e+00
3.330e+01 1.310e-01 0.000e+00
3.340e+01 1.398e-01 0.000e+00
3.350e+01 1.317e-01 0.000e+00
3.360e+01 1.533e-01 0.000e+00
3.370e+01 1.539e-01 0.000e+00
3.380e+01 1.332e-01 0.000e+00
3.390e+01 1.378e-01 0.000e+00
3.400e+01 1.339e-01 0.000e+00
3.410e+01 1.341e-01 0.000e+00
3.420e+01 1.292e-01 0.000e+00
3.430e+01 1.214e-01 0.000e+00
3.440e+01 1.129e-01 0.000e+00
3.450e+01 1.156e-01 0.000e+00
3.460e+01 1.199e-01 0.000e+00
3.470e+01 1.193e-01 0.000e+00
3.480e+01 1.189e-01 0.000e+00
3.490e+01 9.499e-02 0.000e+00
3.500e+01 9.284e-02 0.000e+00
3.510e+01 1.014e-01 0.000e+00
3.520e+01 1.057e-01 0.000e+00
3.530e+01 1.139e-01 0.000e+00
3.540e+01 1.239e-01 0.000e+00
3.550e+01 1.374e-01 0.000e+00
3.560e+01 1.448e-01 0.000e+00
3.570e+01 1.355e-01 0.000e+00
3.580e+01 1.275e-01 0.000e+00
3.590e+01 1.313e-01 0.000e+00
3.600e+01 1.491e-01 0.000e+00
3.610e+01 1.259e-01 0.000e+00
3.620e+01 1.253e-01 0.000e+00
3.630e+01 1.290e-01 0.000e+00
3.640e+01 1.294e-01 0.000e+00
3.650e+01 1.262e-01 0.000e+00
3.660e+01 1.205e-01 0.000e+00
3.670e+01 1.279e-01 0.000e+00
3.680e+01 1.224e-01 0.000e+00
3.690e+01 1.200e-01 0.000e+00
3.700e+01 1.170e-01 0.000e+00
3.710e+01 1.139e-01 0.000e+00
3.720e+01 1.266e-01 0.000e+00
3.730e+01 1.113e-01 0.000e+00
3.740e+01 1.280e-01 0.000e+00
3.750e+01 1.206e-01 0.000e+00
3.760e+01 1.252e-01 0.000e+00
3.770e+01 1.434e-01 0.000e+00
3.780e+01 1.197e-01 0.000e+00
3.790e+01 1.250e-01 0.000e+00
3.800e+01 1.252e-01 0.000e+00
3.810e+01 1.285e-01 0.000e+00
3.820e+01 1.219e-01 0.000e+00
3.830e+01 1.131e-01 0.000e+00
3.840e+01 1.256e-01 0.000e+00
3.850e+01 1.052e-01 0.000e+00
3.860e+01 1.328e-01 0.000e+00
3.870e+01 1.234e-01 0.000e+00
3.880e+01 1.370e-01 0.000e+00
3.890e+01 1.325e-01 0.000e+00
3.900e+01 1.182e-01 0.000e+00
3.910e+01 1.306e-01 0.000e+00
3.920e+01 1.103e-01 0.000e+00
3.930e+01 1.450e-01 0.000e+00
3.940e+01 1.407e-01 0.000e+00
3.950e+01 1.459e-01 0.000e+00
3.960e+01 1.484e-01 0.000e+00
3.970e+01 1.214e-01 0.000e+00
3.980e+01 1.412e-01 0.000e+00
3.990e+01 1.260e-01 0.000e+00
4.000e+01 1.129e-01 0.000e+00
4.010e+01 1.046e-01 0.000e+00
4.020e+01 1.253e-01 0.000e+00
4.030e+01 1.099e-01 0.000e+00
4.040e+01 1.074e-01 0.000e+00
4.050e+01 1.282e-01 0.000e+00
4.060e+01 1.387e-01 0.000e+00
4.070e+01 1.121e-01 0.000e+00
4.080e+01 9.949e-02 0.000e+00
4.090e+01 1.035e-01 0.000e+00
4.100e+01 9.437e-02 0.000e+00
4.110e+01 1.026e-01 0.000e+00
4.120e+01 1.069e-01 0.000e+00
4.130e+01 1.076e-01 0.000e+00
4.140e+01 9.989e-02 0.000e+00
4.150e+01 1.156e-01 0.000e+00
4.160e+01 8.793e-02 0.000e+00
4.170e+01 1.014e-01 0.000e+00
4.180e+01 6.721e-02 0.000e+00
4.190e+01 6.751e-02 0.000e+00
4.200e+01 7.819e-02 0.000e+00
4.210e+01 7.879e-02 0.000e+00
4.220e+01 7.335e-02 0.000e+00
4.230e+01 8.089e-02 0.000e+00
4.240e+01 8.803e-02 0.000e+00
4.250e+01 5.610e-02 0.000e+00
4.260e+01 8.480e-02 0.000e+00
4.270e+01 7.302e-02 0.000e+00
4.280e+01 7.541e-02 0.000e+00
4.290e+01 5.610e-02 0.000e+00
4.300e+01 7.294e-02 0.000e+00
4.310e+01 9.550e-02 0.000e+00
4.320e+01 6.589e-02 0.000e+00
4.330e+01 7.529e-02 0.000e+00
4.340e+01 7.433e-02 0.000e+00
4.350e+01 8.737e-02 0.000e+00
4.360e+01 8.425e-02 0.000e+00
4.370e+01 7.071e-02 0.000e+00
4.380e+01 6.559e-02 0.000e+00
4.390e+01 6.823e-02 0.000e+00
4.400e+01 6.959e-02 0.000e+00
4.410e+01 7.998e-02 0.000e+00
4.420e+01 5.438e-02 0.000e+00
4.430e+01 6.287e-02 0.000e+00
4.440e+01 7.103e-02 0.000e+00
4.450e+01 5.616e-02 0.000e+00
4.460e+01 5.392e-02 0.000e+00
4.470e+01 7.522e-02 0.000e+00
4.480e+01 8.433e-02 0.000e+00
4.490e+01 5.574e-02 0.000e+00
4.500e+01 7.605e-02 0.000e+00
4.510e+01 6.433e-02 0.000e+00
4.520e+01 6.105e-02 0.000e+00
4.530e+01 5.168e-02 0.000e+00
4.540e+01 6.281e-02 0.000e+00
4.550e+01 5.868e-02 0.000e+00
4.560e+01 5.719e-02 0.000e+00
4.570e+01 5.576e-02 0.000e+00
4.580e+01 3.007e-02 0.000e+00
4.590e+01 4.416e-02 0.000e+00
4.600e+01 5.424e-02 0.000e+00
4.610e+01 5.022e-02 0.000e+00
4.620e+01 2.662e-02 0.000e+00
4.630e+01 3.108e-02 0.000e+00
4.640e+01 5.544e-02 0.000e+00
4.650e+01 3.489e-02 0.000e+00
4.660e+01 4.285e-02 0.000e+00
4.670e+01 5.291e-02 0.000e+00
4.680e+01 5.756e-02 0.000e+00
4.690e+01 5.063e-02 0.000e+00
4.700e+01 4.213e-02 0.000e+00
4.710e+01 5.383e-02 0.000e+00
4.720e+01 3.144e-02 0.000e+00
4.730e+01 3.984e-02 0.000e+00
4.740e+01 4.635e-02 0.000e+00
4.750e+01 3.525e-02 0.000e+00
4.760e+01 4.347e-02 0.000e+00
4.770e+01 3.709e-02 0.000e+00
4.780e+01 5.985e-02 0.000e+00
4.790e+01 5.617e-02 0.000e+00
4.800e+01 5.593e-02 0.000e+00
4.810e+01 5.436e-02 0.000e+00
4.820e+01 4.531e-02 0.000e+00
4.830e+01 5.522e-02 0.000e+00
4.840e+01 2.477e-02 0.000e+00
4.850e+01 3.978e-02 0.000e+00
4.860e+01 4.436e-02 0.000e+00
4.870e+01 5.935e-02 0.000e+00
4.880e+01 5.757e-02 0.000e+00
4.890e+01 4.753e-02 0.000e+00
4.900e+01 5.974e-02 0.000e+00
4.910e+01 5.520e-02 0.000e+00
4.920e+01 5.764e-02 0.000e+00
4.930e+01 4.173e-02 0.000e+00
4.940e+01 4.818e-02 0.000e+00
4.950e+01 3.565e-02 0.000e+00
4.960e+01 3.764e-02 0.000e+00
4.970e+01 4.896e-02 0.000e+00
4.980e+01 7.351e-02 0.000e+00
4.990e+01 5.544e-02 0.000e+00
5.000e+01 5.654e-02 0.000e+00
5.010e+01 6.786e-02 0.000e+00
5.020e+01 5.642e-02 0.000e+00
5.030e+01 6.432e-02 0.000e+00
5.040e+01 7.910e-02 0.000e+00
5.050e+01 6.642e-02 0.000e+00
5.060e+01 6.898e-02 0.000e+00
5.070e+01 6.875e-02 0.000e+00
5.080e+01 6.791e-02 0.000e+00
5.090e+01 8.793e-02 0.000e+00
5.100e+01 6.564e-02 0.000e+00
5.110e+01 6.958e-02 0.000e+00
5.120e+01 7.809e-02 0.000e+00
5.130e+01 7.249e-02 0.000e+00
5.140e+01 5.090e-02 0.000e+00
5.150e+01 8.040e-02 0.000e+00
5.160e+01 6.219e-02 0.000e+00
5.170e+01 8.895e-02 0.000e+00
5.180e+01 6.842e-02 0.000e+00
5.190e+01 7.140e-02 0.000e+00
5.200e+01 7.670e-02 0.000e+00
5.210e+01 8.011e-02 0.000e+00
5.220e+01 6.036e-02 0.000e+00
5.230e+01 6.732e-02 0.000e+00
5.240e+01 6.920e-02 0.000e+00
5.250e+01 6.673e-02 0.000e+00
5.260e+01 6.953e-02 0.000e+00
5.270e+01 6.740e-02 0.000e+00
5.280e+01 7.742e-02 0.000e+00
5.290e+01 7.565e-02 0.000e+00
5.300e+01 7.795e-02 0.000e+00
5.310e+01 7.003e-02 0.000e+00
5.320e+01 7.718e-02 0.000e+00
5.330e+01 6.634e-02 0.000e+00
5.340e+01 7.823e-02 0.000e+00
5.350e+01 7.308e-02 0.000e+00
5.360e+01 7.113e-02 0.000e+00
5.370e+01 7.417e-02 0.000e+00
5.380e+01 7.352e-02 0.000e+00
5.390e+01 6.076e-02 0.000e+00
5.400e+01 8.219e-02 0.000e+00
5.410e+01 5.551e-02 0.000e+00
5.420e+01 6.603e-02 0.000e+00
5.430e+01 8.947e-02 0.000e+00
5.440e+01 7.379e-02 0.000e+00
5.450e+01 8.603e-02 0.000e+00
5.460e+01 7.016e-02 0.000e+00
5.470e+01 8.577e-02 0.000e+00
5.480e+01 6.458e-02 0.000e+00
5.490e+01 7.241e-02 0.000e+00
5.500e+01 7.298e-02 0.000e+00
5.510e+01 7.512e-02 0.000e+00
5.520e+01 6.845e-02 0.000e+00
5.530e+01 5.947e-02 0.000e+00
5.540e+01 6.743e-02 0.000e+00
5.550e+01 6.678e-02 0.000e+00
5.560e+01 6.000e-02 0.000e+00
5.570e+01 5.233e-02 0.000e+00
5.580e+01 4.911e-02 0.000e+00
5.590e+01 5.943e-02 0.000e+00
5.600e+01 5.860e-02 0.000e+00
5.610e+01 6.067e-02 0.000e+00
5.620e+01 5.876e-02 0.000e+00
5.630e+01 4.670e-02 0.000e+00
5.640e+01 5.767e-02 0.000e+00
5.650e+01 5.582e-02 0.000e+00
5.660e+01 5.634e-02 0.000e+00
5.670e+01 4.667e-02 0.000e+00
5.680e+01 4.449e-02 0.000e+00
5.690e+01 4.756e-02 0.000e+00
5.700e+01 7.232e-02 0.000e+00
5.710e+01 6.058e-02 0.000e+00
5.720e+01 5.968e-02 0.000e+00
5.730e+01 6.694e-02 0.000e+00
5.740e+01 7.071e-02 0.000e+00
5.750e+01 5.462e-02 0.000e+00
5.760e+01 4.811e-02 0.000e+00
5.770e+01 4.768e-02 0.000e+00
5.780e+01 5.350e-02 0.000e+00
5.790e+01 4.100e-02 0.000e+00
5.800e+01 5.703e-02 0.000e+00
5.810e+01 6.615e-02 0.000e+00
5.820e+01 5.373e-02 0.000e+00
5.830e+01 5.163e-02 0.000e+00
5.840e+01 4.917e-02 0.000e+00
5.850e+01 4.588e-02 0.000e+00
5.860e+01 5.872e-02 0.000e+00
5.870e+01 6.242e-02 0.000e+00
5.880e+01 6.531e-02 0.000e+00
5.890e+01 6.712e-02 0.000e+00
5.900e+01 5.679e-02 0.000e+00
5.910e+01 6.637e-02 0.000e+00
5.920e+01 8.256e-02 0.000e+00
5.930e+01 7.150e-02 0.000e+00
5.940e+01 7.056e-02 0.000e+00
5.950e+01 7.988e-02 0.000e+00
5.960e+01 8.102e-02 0.000e+00
5.970e+01 7.300e-02 0.000e+00
5.980e+01 6.000e-02 0.000e+00
5.990e+01 6.824e-02 0.000e+00
6.000e+01 6.297e-02 0.000e+00
6.010e+01 7.259e-02 0.000e+00
6.020e+01 6.915e-02 0.000e+00
6.030e+01 6.471e-02 0.000e+00
6.040e+01 5.327e-02 0.000e+00
6.050e+01 5.846e-02 0.000e+00
6.060e+01 3.879e-02 0.000e+00
6.070e+01 7.413e-02 0.000e+00
6.080e+01 6.292e-02 0.000e+00
6.090e+01 8.471e-02 0.000e+00
6.100e+01 7.470e-02 0.000e+00
6.110e+01 7.431e-02 0.000e+00
6.120e+01 7.439e-02 0.000e+00
6.130e+01 6.323e-02 0.000e+00
6.140e+01 7.924e-02 0.000e+00
6.150e+01 7.222e-02 0.000e+00
6.160e+01 7.313e-02 0.000e+00
6.170e+01 6.186e-02 0.000e+00
6.180e+01 5.757e-02 0.000e+00
6.190e+01 6.477e-02 0.000e+00
6.200e+01 4.702e-02 0.000e+00
6.210e+01 4.945e-02 0.000e+00
6.220e+01 5.732e-02 0.000e+00
6.230e+01 5.768e-02 0.000e+00
6.240e+01 3.310e-02 0.000e+00
6.250e+01 6.669e-02 0.000e+00
6.260e+01 6.341e-02 0.000e+00
6.270e+01 5.762e-02 0.000e+00
6.280e+01 4.953e-02 0.000e+00
6.290e+01 3.777e-02 0.000e+00
6.300e+01 3.941e-02 0.000e+00
6.310e+01 5.515e-02 0.000e+00
6.320e+01 5.118e-02 0.000e+00
6.330e+01 4.795e-02 0.000e+00
6.340e+01 5.909e-02 0.000e+00
6.350e+01 6.568e-02 0.000e+00
6.360e+01 6.504e-02 0.000e+00
6.370e+01 7.885e-02 0.000e+00
6.380e+01 8.105e-02 0.000e+00
6.390e+01 7.608e-02 0.000e+00
6.400e+01 6.754e-02 0.000e+00
6.410e+01 6.608e-02 0.000e+00
6.420e+01 7.312e-02 0.000e+00
6.430e+01 6.720e-02 0.000e+00
6.440e+01 7.814e-02 0.000e+00
6.450e+01 7.431e-02 0.000e+00
6.460e+01 7.129e-02 0.000e+00
6.470e+01 7.669e-02 0.000e+00
6.480e+01 7.446e-02 0.000e+00
6.490e+01 6.628e-02 0.000e+00
6.500e+01 6.910e-02 0.000e+00
6.510e+01 7.130e-02 0.000e+00
6.520e+01 7.116e-02 0.000e+00
6.530e+01 7.585e-02 0.000e+00
6.540e+01 8.808e-02 0.000e+00
6.550e+01 8.656e-02 0.000e+00
6.560e+01 7.207e-02 0.000e+00
6.570e+01 7.037e-02 0.000e+00
6.580e+01 7.932e-02 0.000e+00
6.590e+01 7.783e-02 0.000e+00
6.600e+01 8.316e-02 0.000e+00
6.610e+01 7.129e-02 0.000e+00
6.620e+01 6.508e-02 0.000e+00
6.630e+01 7.161e-02 0.000e+00
6.640e+01 7.410e-02 0.000e+00
6.650e+01 7.666e-02 0.000e+00
6.660e+01 8.174e-02 0.000e+00
6.670e+01 8.250e-02 0.000e+00
6.680e+01 8.605e-02 0.000e+00
6.690e+01 8.050e-02 0.000e+00
6.700e+01 8.361e-02 0.000e+00
6.710e+01 7.949e-02 0.000e+00
6.720e+01 8.512e-02 0.000e+00
6.730e+01 8.603e-02 0.000e+00
6.740e+01 8.990e-02 0.000e+00
6.750e+01 8.767e-02 0.000e+00
6.760e+01 8.746e-02 0.000e+00
6.770e+01 8.136e-02 0.000e+00
6.780e+01 7.774e-02 0.000e+00
6.790e+01 8.526e-02 0.000e+00
6.800e+01 7.867e-02 0.000e+00
6.810e+01 8.050e-02 0.000e+00
6.820e+01 7.992e-02 0.000e+00
6.830e+01 7.977e-02 0.000e+00
6.840e+01 7.594e-02 0.000e+00
6.850e+01 7.708e-02 0.000e+00
6.860e+01 8.471e-02 0.000e+00
6.870e+01 8.307e-02 0.000e+00
6.880e+01 9.127e-02 0.000e+00
6.890e+01 9.036e-02 0.000e+00
6.900e+01 8.664e-02 0.000e+00
6.910e+01 8.513e-02 0.000e+00
6.920e+01 8.681e-02 0.000e+00
6.930e+01 8.467e-02 0.000e+00
6.940e+01 7.743e-02 0.000e+00
6.950e+01 7.868e-02 0.000e+00
6.960e+01 8.065e-02 0.000e+00
6.970e+01 8.156e-02 0.000e+00
6.980e+01 8.250e-02 0.000e+00
6.990e+01 7.352e-02 0.000e+00
7.000e+01 7.554e-02 0.000e+00
7.010e+01 7.552e-02 0.000e+00
7.020e+01 7.579e-02 0.000e+00
7.030e+01 7.590e-02 0.000e+00
7.040e+01 7.448e-02 0.000e+00
7.050e+01 7.233e-02 0.000e+00
7.060e+01 6.869e-02 0.000e+00
7.070e+01 6.860e-02 0.000e+00
7.080e+01 6.633e-02 0.000e+00
7.090e+01 6.507e-02 0.000e+00
7.100e+01 6.339e-02 0.000e+00
7.110e+01 5.647e-02 0.000e+00
7.120e+01 5.903e-02 0.000e+00
7.130e+01 6.081e-02 0.000e+00
7.140e+01 5.886e-02 0.000e+00
7.150e+01 5.901e-02 0.000e+00
7.160e+01 5.781e-02 0.000e+00
7.170e+01 5.637e-02 0.000e+00
7.180e+01 5.397e-02 0.000e+00
7.190e+01 5.585e-02 0.000e+00
7.200e+01 6.368e-02 0.000e+00
7.210e+01 6.148e-02 0.000e+00
7.220e+01 6.070e-02 0.000e+00
7.230e+01 6.735e-02 0.000e+00
7.240e+01 6.744e-02 0.000e+00
7.250e+01 5.568e-02 0.000e+00
7.260e+01 5.838e-02 0.000e+00
7.270e+01 5.495e-02 0.000e+00
7.280e+01 5.972e-02 0.000e+00
7.290e+01 6.104e-02 0.000e+00
7.300e+01 5.927e-02 0.000e+00
7.310e+01 6.434e-02 0.000e+00
7.320e+01 6.720e-02 0.000e+00
7.330e+01 6.677e-02 0.000e+00
7.340e+01 6.603e-02 0.000e+00
7.350e+01 6.498e-02 0.000e+00
7.360e+01 6.448e-02 0.000e+00
7.370e+01 6.227e-02 0.000e+00
7.380e+01 6.410e-02 0.000e+00
7.390e+01 6.124e-02 0.000e+00
7.400e+01 5.474e-02 0.000e+00
7.410e+01 5.995e-02 0.000e+00
7.420e+01 5.670e-02 0.000e+00
7.430e+01 5.543e-02 0.000e+00
7.440e+01 5.386e-02 0.000e+00
7.450e+01 5.650e-02 0.000e+00
7.460e+01 5.156e-02 0.000e+00
7.470e+01 6.222e-02 0.000e+00
7.480e+01 6.252e-02 0.000e+00
7.490e+01 6.487e-02 0.000e+00
7.500e+01 6.368e-02 0.000e+00
7.510e+01 5.764e-02 0.000e+00
7.520e+01 5.785e-02 0.000e+00
7.530e+01 7.543e-02 0.000e+00
7.540e+01 7.409e-02 0.000e+00
7.550e+01 6.672e-02 0.000e+00
7.560e+01 6.577e-02 0.000e+00
7.570e+01 6.701e-02 0.000e+00
7.580e+01 6.300e-02 0.000e+00
7.590e+01 5.918e-02 0.000e+00
7.600e+01 6.404e-02 0.000e+00
7.610e+01 6.695e-02 0.000e+00
7.620e+01 6.926e-02 0.000e+00
7.630e+01 7.170e-02 0.000e+00
7.640e+01 7.713e-02 0.000e+00
7.650e+01 6.696e-02 0.000e+00
7.660e+01 6.880e-02 0.000e+00
7.670e+01 6.417e-02 0.000e+00
7.680e+01 6.342e-02 0.000e+00
7.690e+01 6.369e-02 0.000e+00
7.700e+01 6.445e-02 0.000e+00
7.710e+01 6.408e-02 0.000e+00
7.720e+01 6.933e-02 0.000e+00
7.730e+01 6.971e-02 0.000e+00
7.740e+01 6.794e-02 0.000e+00
7.750e+01 6.669e-02 0.000e+00
7.760e+01 6.932e-02 0.000e+00
7.770e+01 6.356e-02 0.000e+00
7.780e+01 6.913e-02 0.000e+00
7.790e+01 6.764e-02 0.000e+00
7.800e+01 7.155e-02 0.000e+00
7.810e+01 6.294e-02 0.000e+00
7.820e+01 5.810e-02 0.000e+00
7.830e+01 6.079e-02 0.000e+00
7.840e+01 7.148e-02 0.000e+00
7.850e+01 6.973e-02 0.000e+00
7.860e+01 7.180e-02 0.000e+00
7.870e+01 5.965e-02 0.000e+00
7.880e+01 6.537e-02 0.000e+00
7.890e+01 7.069e-02 0.000e+00
7.900e+01 7.170e-02 0.000e+00
7.910e+01 6.173e-02 0.000e+00
7.920e+01 6.277e-02 0.000e+00
7.930e+01 6.016e-02 0.000e+00
7.940e+01 6.191e-02 0.000e+00
7.950e+01 5.787e-02 0.000e+00
7.960e+01 5.670e-02 0.000e+00
7.970e+01 5.742e-02 0.000e+00
7.980e+01 5.922e-02 0.000e+00
7.990e+01 6.315e-02 0.000e+00
8.000e+01 5.594e-02 0.000e+00
8.010e+01 5.706e-02 0.000e+00
8.020e+01 5.566e-02 0.000e+00
8.030e+01 5.537e-02 0.000e+00
8.040e+01 5.345e-02 0.000e+00
8.050e+01 5.581e-02 0.000e+00
8.060e+01 5.800e-02 0.000e+00
8.070e+01 5.431e-02 0.000e+00
8.080e+01 5.762e-02 0.000e+00
8.090e+01 5.950e-02 0.000e+00
8.100e+01 6.071e-02 0.000e+00
8.110e+01 6.370e-02 0.000e+00
8.120e+01 6.359e-02 0.000e+00
8.130e+01 6.514e-02 0.000e+00
8.140e+01 6.735e-02 0.000e+00
8.150e+01 6.209e-02 0.000e+00
8.160e+01 6.083e-02 0.000e+00
8.170e+01 5.783e-02 0.000e+00
8.180e+01 6.078e-02 0.000e+00
8.190e+01 5.725e-02 0.000e+00
8.200e+01 6.385e-02 0.000e+00
8.210e+01 5.349e-02 0.000e+00
8.220e+01 5.312e-02 0.000e+00
8.230e+01 5.535e-02 0.000e+00
8.240e+01 5.756e-02 0.000e+00
8.250e+01 6.343e-02 0.000e+00
8.260e+01 7.056e-02 0.000e+00
8.270e+01 6.219e-02 0.000e+00
8.280e+01 6.927e-02 0.000e+00
8.290e+01 6.464e-02 0.000e+00
8.300e+01 6.005e-02 0.000e+00
8.310e+01 5.531e-02 0.000e+00
8.320e+01 6.266e-02 0.000e+00
8.330e+01 6.445e-02 0.000e+00
8.340e+01 5.667e-02 0.000e+00
8.350e+01 5.688e-02 0.000e+00
8.360e+01 5.860e-02 0.000e+00
8.370e+01 5.743e-02 0.000e+00
8.380e+01 5.754e-02 0.000e+00
8.390e+01 6.221e-02 0.000e+00
8.400e+01 6.325e-02 0.000e+00
8.410e+01 6.348e-02 0.000e+00
8.420e+01 6.199e-02 0.000e+00
8.430e+01 6.087e-02 0.000e+00
8.440e+01 6.723e-02 0.000e+00
8.450e+01 7.122e-02 0.000e+00
8.460e+01 6.932e-02 0.000e+00
8.470e+01 6.558e-02 0.000e+00
8.480e+01 6.287e-02 0.000e+00
8.490e+01 6.254e-02 0.000e+00
8.500e+01 6.296e-02 0.000e+00
8.510e+01 5.985e-02 0.000e+00
8.520e+01 6.032e-02 0.000e+00
8.530e+01 5.790e-02 0.000e+00
8.540e+01 5.914e-02 0.000e+00
8.550e+01 6.410e-02 0.000e+00
8.560e+01 5.894e-02 0.000e+00
8.570e+01 5.484e-02 0.000e+00
8.580e+01 5.461e-02 0.000e+00
8.590e+01 5.880e-02 0.000e+00
8.600e+01 5.188e-02 0.000e+00
8.610e+01 5.219e-02 0.000e+00
8.620e+01 5.247e-02 0.000e+00
8.630e+01 5.269e-02 0.000e+00
8.640e+01 5.718e-02 0.000e+00
8.650e+01 5.454e-02 0.000e+00
8.660e+01 5.280e-02 0.000e+00
8.670e+01 4.773e-02 0.000e+00
8.680e+01 4.516e-02 0.000e+00
8.690e+01 5.153e-02 0.000e+00
8.700e+01 4.726e-02 0.000e+00
8.710e+01 5.569e-02 0.000e+00
8.720e+01 5.261e-02 0.000e+00
8.730e+01 5.933e-02 0.000e+00
8.740e+01 5.634e-02 0.000e+00
8.750e+01 5.705e-02 0.000e+00
8.760e+01 5.027e-02 0.000e+00
8.770e+01 5.079e-02 0.000e+00
8.780e+01 4.988e-02 0.000e+00
8.790e+01 4.810e-02 0.000e+00
8.800e+01 5.385e-02 0.000e+00
8.810e+01 5.179e-02 0.000e+00
8.820e+01 4.620e-02 0.000e+00
8.830e+01 5.258e-02 0.000e+00
8.840e+01 4.829e-02 0.000e+00
8.850e+01 5.229e-02 0.000e+00
8.860e+01 5.066e-02 0.000e+00
8.870e+01 4.761e-02 0.000e+00
8.880e+01 4.471e-02 0.000e+00
8.890e+01 3.943e-02 0.000e+00
8.900e+01 4.024e-02 0.000e+00
8.910e+01 4.297e-02 0.000e+00
8.920e+01 3.870e-02 0.000e+00
8.930e+01 3.993e-02 0.000e+00
8.940e+01 3.910e-02 0.000e+00
8.950e+01 3.959e-02 0.000e+00
8.960e+01 3.807e-02 0.000e+00
8.970e+01 3.254e-02 0.000e+00
8.980e+01 3.639e-02 0.000e+00
8.990e+01 3.067e-02 0.000e+00
9.000e+01 2.516e-02 0.000e+00
9.010e+01 3.442e-02 0.000e+00
9.020e+01 3.514e-02 0.000e+00
9.030e+01 3.559e-02 0.000e+00
9.040e+01 3.591e-02 0.000e+00
9.050e+01 3.790e-02 0.000e+00
9.060e+01 3.643e-02 0.000e+00
9.070e+01 3.832e-02 0.000e+00
9.080e+01 4.285e-02 0.000e+00
9.090e+01 4.049e-02 0.000e+00
9.100e+01 3.809e-02 0.000e+00
9.110e+01 3.886e-02 0.000e+00
9.120e+01 4.693e-02 0.000e+00
9.130e+01 4.702e-02 0.000e+00
9.140e+01 4.527e-02 0.000e+00
9.150e+01 4.277e-02 0.000e+00
9.160e+01 4.374e-02 0.000e+00
9.170e+01 4.635e-02 0.000e+00
9.180e+01 3.943e-02 0.000e+00
9.190e+01 4.181e-02 0.000e+00
9.200e+01 3.877e-02 0.000e+00
9.210e+01 3.624e-02 0.000e+00
9.220e+01 3.786e-02 0.000e+00
9.230e+01 4.077e-02 0.000e+00
9.240e+01 3.857e-02 0.000e+00
9.250e+01 3.360e-02 0.000e+00
9.260e+01 3.702e-02 0.000e+00
9.270e+01 3.883e-02 0.000e+00
9.280e+01 3.605e-02 0.000e+00
9.290e+01 3.725e-02 0.000e+00
9.300e+01 3.871e-02 0.000e+00
9.310e+01 4.343e-02 0.000e+00
9.320e+01 4.498e-02 0.000e+00
9.330e+01 4.263e-02 0.000e+00
9.340e+01 4.816e-02 0.000e+00
9.350e+01 4.805e-02 0.000e+00
9.360e+01 4.246e-02 0.000e+00
9.370e+01 4.075e-02 0.000e+00
9.380e+01 3.769e-02 0.000e+00
9.390e+01 3.898e-02 0.000e+00
9.400e+01 3.407e-02 0.000e+00
9.410e+01 4.018e-02 0.000e+00
9.420e+01 4.476e-02 0.000e+00
9.430e+01 4.556e-02 0.000e+00
9.440e+01 4.546e-02 0.000e+00
9.450e+01 4.771e-02 0.000e+00
9.460e+01 4.590e-02 0.000e+00
9.470e+01 4.519e-02 0.000e+00
9.480e+01 4.503e-02 0.000e+00
9.490e+01 4.221e-02 0.000e+00
9.500e+01 3.886e-02 0.000e+00
9.510e+01 4.252e-02 0.000e+00
9.520e+01 4.818e-02 0.000e+00
9.530e+01 4.272e-02 0.000e+00
9.540e+01 4.524e-02 0.000e+00
9.550e+01 4.835e-02 0.000e+00
9.560e+01 4.486e-02 0.000e+00
9.570e+01 4.390e-02 0.000e+00
9.580e+01 5.007e-02 0.000e+00
9.590e+01 4.353e-02 0.000e+00
9.600e+01 4.292e-02 0.000e+00
9.610e+01 3.564e-02 0.000e+00
9.620e+01 3.270e-02 0.000e+00
9.630e+01 4.093e-02 0.000e+00
9.640e+01 3.926e-02 0.000e+00
9.650e+01 3.758e-02 0.000e+00
9.660e+01 4.290e-02 0.000e+00
9.670e+01 4.186e-02 0.000e+00
9.680e+01 4.166e-02 0.000e+00
9.690e+01 4.291e-02 0.000e+00
9.700e+01 4.446e-02 0.000e+00
9.710e+01 4.466e-02 0.000e+00
9.720e+01 4.645e-02 0.000e+00
9.730e+01 4.432e-02 0.000e+00
9.740e+01 4.169e-02 0.000e+00
9.750e+01 3.952e-02 0.000e+00
9.760e+01 4.169e-02 0.000e+00
9.770e+01 3.801e-02 0.000e+00
9.780e+01 3.896e-02 0.000e+00
9.790e+01 4.704e-02 0.000e+00
9.800e+01 4.497e-02 0.000e+00
9.810e+01 4.591e-02 0.000e+00
9.820e+01 4.641e-02 0.000e+00
9.830e+01 4.742e-02 0.000e+00
9.840e+01 5.287e-02 0.000e+00
9.850e+01 5.116e-02 0.000e+00
9.860e+01 5.907e-02 0.000e+00
9.870e+01 5.638e-02 0.000e+00
9.880e+01 5.498e-02 0.000e+00
9.890e+01 5.530e-02 0.000e+00
9.900e+01 5.570e-02 0.000e+00
9.910e+01 5.298e-02 0.000e+00
9.920e+01 5.535e-02 0.000e+00
9.930e+01 5.464e-02 0.000e+00
9.940e+01 4.236e-02 0.000e+00
9.950e+01 4.574e-02 0.000e+00
9.960e+01 4.956e-02 0.000e+00
9.970e+01 5.008e-02 0.000e+00
9.980e+01 5.187e-02 0.000e+00
9.990e+01 5.153e-02 0.000e+00
