# Frequency (1.0/ps)      real(fft(F_0))
0.000e+00 1.308e+01
1.000e-02 1.241e+01
2.000e-02 1.084e+01
3.000e-02 8.528e+00
4.000e-02 7.541e+00
5.000e-02 8.381e+00
6.000e-02 7.281e+00
7.000e-02 7.073e+00
8.000e-02 5.797e+00
9.000e-02 5.315e+00
1.000e-01 6.111e+00
1.100e-01 5.805e+00
1.200e-01 5.157e+00
1.300e-01 4.051e+00
1.400e-01 2.699e+00
1.500e-01 3.379e+00
1.600e-01 3.951e+00
1.700e-01 3.090e+00
1.800e-01 3.266e+00
1.900e-01 3.178e+00
2.000e-01 2.522e+00
2.100e-01 3.181e+00
2.200e-01 3.144e+00
2.300e-01 2.871e+00
2.400e-01 1.987e+00
2.500e-01 2.847e+00
2.600e-01 2.637e+00
2.700e-01 1.900e+00
2.800e-01 2.204e+00
2.900e-01 2.376e+00
3.000e-01 2.063e+00
3.100e-01 3.047e+00
3.200e-01 3.022e+00
3.300e-01 2.214e+00
3.400e-01 1.748e+00
3.500e-01 2.435e+00
3.600e-01 2.003e+00
3.700e-01 1.707e+00
3.800e-01 2.171e+00
3.900e-01 2.456e+00
4.000e-01 2.263e+00
4.100e-01 2.172e+00
4.200e-01 2.477e+00
4.300e-01 1.682e+00
4.400e-01 1.907e+00
4.500e-01 1.927e+00
4.600e-01 1.398e+00
4.700e-01 1.202e+00
4.800e-01 1.485e+00
4.900e-01 1.660e+00
5.000e-01 1.681e+00
5.100e-01 1.641e+00
5.200e-01 2.157e+00
5.300e-01 1.926e+00
5.400e-01 1.812e+00
5.500e-01 1.845e+00
5.600e-01 1.401e+00
5.700e-01 1.447e+00
5.800e-01 1.407e+00
5.900e-01 1.426e+00
6.000e-01 9.632e-01
6.100e-01 1.090e+00
6.200e-01 1.352e+00
6.300e-01 1.615e+00
6.400e-01 1.294e+00
6.500e-01 1.473e+00
6.600e-01 1.313e+00
6.700e-01 1.246e+00
6.800e-01 1.173e+00
6.900e-01 1.240e+00
7.000e-01 8.123e-01
7.100e-01 8.405e-01
7.200e-01 1.162e+00
7.300e-01 1.287e+00
7.400e-01 1.185e+00
7.500e-01 1.573e+00
7.600e-01 1.390e+00
7.700e-01 1.368e+00
7.800e-01 1.386e+00
7.900e-01 1.387e+00
8.000e-01 1.040e+00
8.100e-01 8.592e-01
8.200e-01 9.225e-01
8.300e-01 8.987e-01
8.400e-01 9.451e-01
8.500e-01 8.785e-01
8.600e-01 1.051e+00
8.700e-01 8.008e-01
8.800e-01 7.752e-01
8.900e-01 8.064e-01
9.000e-01 8.555e-01
9.100e-01 8.369e-01
9.200e-01 8.804e-01
9.300e-01 1.119e+00
9.400e-01 9.563e-01
9.500e-01 9.931e-01
9.600e-01 8.484e-01
9.700e-01 8.653e-01
9.800e-01 8.169e-01
9.900e-01 8.626e-01
1.000e+00 8.967e-01
1.010e+00 9.301e-01
1.020e+00 9.405e-01
1.030e+00 1.257e+00
1.040e+00 9.972e-01
1.050e+00 1.030e+00
1.060e+00 1.016e+00
1.070e+00 1.224e+00
1.080e+00 1.255e+00
1.090e+00 1.307e+00
1.100e+00 1.187e+00
1.110e+00 1.314e+00
1.120e+00 1.039e+00
1.130e+00 1.031e+00
1.140e+00 8.204e-01
1.150e+00 1.009e+00
1.160e+00 8.676e-01
1.170e+00 9.878e-01
1.180e+00 1.312e+00
1.190e+00 1.068e+00
1.200e+00 9.829e-01
1.210e+00 1.004e+00
1.220e+00 9.156e-01
1.230e+00 9.154e-01
1.240e+00 8.151e-01
1.250e+00 9.226e-01
1.260e+00 6.995e-01
1.270e+00 5.725e-01
1.280e+00 7.250e-01
1.290e+00 6.043e-01
1.300e+00 8.219e-01
1.310e+00 8.716e-01
1.320e+00 7.108e-01
1.330e+00 6.598e-01
1.340e+00 6.820e-01
1.350e+00 8.825e-01
1.360e+00 8.460e-01
1.370e+00 8.175e-01
1.380e+00 1.013e+00
1.390e+00 7.397e-01
1.400e+00 7.070e-01
1.410e+00 8.824e-01
1.420e+00 7.486e-01
1.430e+00 7.720e-01
1.440e+00 8.819e-01
1.450e+00 9.976e-01
1.460e+00 9.093e-01
1.470e+00 8.604e-01
1.480e+00 9.651e-01
1.490e+00 7.825e-01
1.500e+00 8.783e-01
1.510e+00 8.612e-01
1.520e+00 6.930e-01
1.530e+00 7.478e-01
1.540e+00 5.621e-01
1.550e+00 5.653e-01
1.560e+00 6.643e-01
1.570e+00 7.230e-01
1.580e+00 9.065e-01
1.590e+00 6.622e-01
1.600e+00 8.920e-01
1.610e+00 8.467e-01
1.620e+00 8.736e-01
1.630e+00 9.419e-01
1.640e+00 7.727e-01
1.650e+00 7.890e-01
1.660e+00 7.065e-01
1.670e+00 7.556e-01
1.680e+00 7.509e-01
1.690e+00 8.161e-01
1.700e+00 9.018e-01
1.710e+00 9.181e-01
1.720e+00 8.641e-01
1.730e+00 7.997e-01
1.740e+00 7.563e-01
1.750e+00 7.179e-01
1.760e+00 6.933e-01
1.770e+00 5.517e-01
1.780e+00 7.268e-01
1.790e+00 7.432e-01
1.800e+00 8.351e-01
1.810e+00 8.905e-01
1.820e+00 8.440e-01
1.830e+00 6.924e-01
1.840e+00 7.729e-01
1.850e+00 8.788e-01
1.860e+00 8.853e-01
1.870e+00 7.696e-01
1.880e+00 9.190e-01
1.890e+00 7.489e-01
1.900e+00 7.406e-01
1.910e+00 6.953e-01
1.920e+00 6.248e-01
1.930e+00 5.197e-01
1.940e+00 4.468e-01
1.950e+00 5.496e-01
1.960e+00 4.858e-01
1.970e+00 5.029e-01
1.980e+00 6.686e-01
1.990e+00 6.777e-01
2.000e+00 5.599e-01
2.010e+00 6.873e-01
2.020e+00 7.511e-01
2.030e+00 6.278e-01
2.040e+00 6.352e-01
2.050e+00 6.716e-01
2.060e+00 5.562e-01
2.070e+00 5.208e-01
2.080e+00 5.550e-01
2.090e+00 5.410e-01
2.100e+00 4.706e-01
2.110e+00 5.266e-01
2.120e+00 4.546e-01
2.130e+00 4.722e-01
2.140e+00 4.545e-01
2.150e+00 5.971e-01
2.160e+00 6.188e-01
2.170e+00 7.327e-01
2.180e+00 8.319e-01
2.190e+00 6.526e-01
2.200e+00 6.613e-01
2.210e+00 5.339e-01
2.220e+00 5.507e-01
2.230e+00 6.520e-01
2.240e+00 5.501e-01
2.250e+00 5.744e-01
2.260e+00 5.929e-01
2.270e+00 5.260e-01
2.280e+00 5.685e-01
2.290e+00 4.824e-01
2.300e+00 4.875e-01
2.310e+00 6.218e-01
2.320e+00 5.119e-01
2.330e+00 4.714e-01
2.340e+00 4.086e-01
2.350e+00 4.564e-01
2.360e+00 5.245e-01
2.370e+00 5.486e-01
2.380e+00 5.881e-01
2.390e+00 6.135e-01
2.400e+00 6.219e-01
2.410e+00 6.852e-01
2.420e+00 7.617e-01
2.430e+00 8.443e-01
2.440e+00 8.882e-01
2.450e+00 9.295e-01
2.460e+00 7.771e-01
2.470e+00 8.715e-01
2.480e+00 6.540e-01
2.490e+00 7.114e-01
2.500e+00 6.981e-01
2.510e+00 6.990e-01
2.520e+00 6.823e-01
2.530e+00 7.197e-01
2.540e+00 7.401e-01
2.550e+00 7.418e-01
2.560e+00 7.221e-01
2.570e+00 8.385e-01
2.580e+00 7.408e-01
2.590e+00 7.289e-01
2.600e+00 6.464e-01
2.610e+00 6.449e-01
2.620e+00 5.688e-01
2.630e+00 5.709e-01
2.640e+00 5.202e-01
2.650e+00 5.214e-01
2.660e+00 4.915e-01
2.670e+00 4.589e-01
2.680e+00 4.814e-01
2.690e+00 5.467e-01
2.700e+00 6.145e-01
2.710e+00 4.742e-01
2.720e+00 5.307e-01
2.730e+00 4.995e-01
2.740e+00 5.370e-01
2.750e+00 5.903e-01
2.760e+00 6.486e-01
2.770e+00 6.046e-01
2.780e+00 5.578e-01
2.790e+00 5.635e-01
2.800e+00 5.700e-01
2.810e+00 4.997e-01
2.820e+00 4.702e-01
2.830e+00 5.312e-01
2.840e+00 5.252e-01
2.850e+00 5.910e-01
2.860e+00 5.534e-01
2.870e+00 6.256e-01
2.880e+00 5.024e-01
2.890e+00 4.909e-01
2.900e+00 4.550e-01
2.910e+00 5.464e-01
2.920e+00 4.893e-01
2.930e+00 4.694e-01
2.940e+00 5.128e-01
2.950e+00 4.911e-01
2.960e+00 4.181e-01
2.970e+00 5.961e-01
2.980e+00 5.175e-01
2.990e+00 4.138e-01
3.000e+00 4.805e-01
3.010e+00 4.200e-01
3.020e+00 3.599e-01
3.030e+00 3.983e-01
3.040e+00 5.125e-01
3.050e+00 5.245e-01
3.060e+00 5.076e-01
3.070e+00 5.973e-01
3.080e+00 5.698e-01
3.090e+00 4.976e-01
3.100e+00 6.728e-01
3.110e+00 6.108e-01
3.120e+00 5.704e-01
3.130e+00 4.862e-01
3.140e+00 5.648e-01
3.150e+00 5.122e-01
3.160e+00 5.491e-01
3.170e+00 6.469e-01
3.180e+00 5.223e-01
3.190e+00 6.360e-01
3.200e+00 6.813e-01
3.210e+00 6.389e-01
3.220e+00 6.672e-01
3.230e+00 7.554e-01
3.240e+00 6.793e-01
3.250e+00 6.966e-01
3.260e+00 7.394e-01
3.270e+00 7.736e-01
3.280e+00 7.663e-01
3.290e+00 7.682e-01
3.300e+00 7.896e-01
3.310e+00 6.960e-01
3.320e+00 7.337e-01
3.330e+00 6.629e-01
3.340e+00 7.301e-01
3.350e+00 7.602e-01
3.360e+00 6.971e-01
3.370e+00 8.231e-01
3.380e+00 7.478e-01
3.390e+00 6.866e-01
3.400e+00 6.092e-01
3.410e+00 4.904e-01
3.420e+00 5.653e-01
3.430e+00 4.893e-01
3.440e+00 5.175e-01
3.450e+00 5.963e-01
3.460e+00 6.331e-01
3.470e+00 6.328e-01
3.480e+00 6.066e-01
3.490e+00 7.030e-01
3.500e+00 6.747e-01
3.510e+00 5.736e-01
3.520e+00 6.405e-01
3.530e+00 5.775e-01
3.540e+00 6.178e-01
3.550e+00 6.537e-01
3.560e+00 5.747e-01
3.570e+00 5.918e-01
3.580e+00 6.223e-01
3.590e+00 6.333e-01
3.600e+00 6.295e-01
3.610e+00 5.978e-01
3.620e+00 5.977e-01
3.630e+00 5.038e-01
3.640e+00 5.294e-01
3.650e+00 4.237e-01
3.660e+00 3.969e-01
3.670e+00 3.308e-01
3.680e+00 3.804e-01
3.690e+00 3.579e-01
3.700e+00 2.908e-01
3.710e+00 3.636e-01
3.720e+00 4.069e-01
3.730e+00 3.354e-01
3.740e+00 4.367e-01
3.750e+00 4.809e-01
3.760e+00 4.767e-01
3.770e+00 5.130e-01
3.780e+00 4.810e-01
3.790e+00 5.813e-01
3.800e+00 4.360e-01
3.810e+00 4.593e-01
3.820e+00 4.722e-01
3.830e+00 3.963e-01
3.840e+00 4.231e-01
3.850e+00 3.676e-01
3.860e+00 3.916e-01
3.870e+00 4.312e-01
3.880e+00 4.319e-01
3.890e+00 6.116e-01
3.900e+00 5.858e-01
3.910e+00 6.431e-01
3.920e+00 6.555e-01
3.930e+00 7.297e-01
3.940e+00 6.987e-01
3.950e+00 6.541e-01
3.960e+00 5.900e-01
3.970e+00 6.472e-01
3.980e+00 5.565e-01
3.990e+00 5.940e-01
4.000e+00 5.772e-01
4.010e+00 5.052e-01
4.020e+00 5.296e-01
4.030e+00 4.877e-01
4.040e+00 4.556e-01
4.050e+00 4.131e-01
4.060e+00 4.444e-01
4.070e+00 4.749e-01
4.080e+00 4.629e-01
4.090e+00 4.953e-01
4.100e+00 4.804e-01
4.110e+00 4.605e-01
4.120e+00 4.815e-01
4.130e+00 4.839e-01
4.140e+00 4.529e-01
4.150e+00 3.701e-01
4.160e+00 4.177e-01
4.170e+00 4.510e-01
4.180e+00 3.897e-01
4.190e+00 4.376e-01
4.200e+00 4.341e-01
4.210e+00 4.536e-01
4.220e+00 4.542e-01
4.230e+00 4.743e-01
4.240e+00 5.238e-01
4.250e+00 4.889e-01
4.260e+00 6.495e-01
4.270e+00 6.469e-01
4.280e+00 4.788e-01
4.290e+00 5.566e-01
4.300e+00 6.418e-01
4.310e+00 6.954e-01
4.320e+00 6.762e-01
4.330e+00 5.818e-01
4.340e+00 5.517e-01
4.350e+00 5.085e-01
4.360e+00 4.935e-01
4.370e+00 5.550e-01
4.380e+00 4.524e-01
4.390e+00 4.498e-01
4.400e+00 4.544e-01
4.410e+00 4.727e-01
4.420e+00 4.329e-01
4.430e+00 4.468e-01
4.440e+00 5.370e-01
4.450e+00 6.099e-01
4.460e+00 6.608e-01
4.470e+00 7.003e-01
4.480e+00 6.486e-01
4.490e+00 6.382e-01
4.500e+00 5.799e-01
4.510e+00 5.239e-01
4.520e+00 5.099e-01
4.530e+00 4.159e-01
4.540e+00 4.668e-01
4.550e+00 4.661e-01
4.560e+00 4.364e-01
4.570e+00 4.525e-01
4.580e+00 3.962e-01
4.590e+00 3.872e-01
4.600e+00 4.277e-01
4.610e+00 4.856e-01
4.620e+00 5.076e-01
4.630e+00 5.231e-01
4.640e+00 4.921e-01
4.650e+00 5.869e-01
4.660e+00 5.983e-01
4.670e+00 6.746e-01
4.680e+00 6.249e-01
4.690e+00 5.425e-01
4.700e+00 5.707e-01
4.710e+00 5.771e-01
4.720e+00 5.790e-01
4.730e+00 5.255e-01
4.740e+00 5.801e-01
4.750e+00 5.821e-01
4.760e+00 6.361e-01
4.770e+00 6.351e-01
4.780e+00 6.623e-01
4.790e+00 6.083e-01
4.800e+00 5.982e-01
4.810e+00 6.202e-01
4.820e+00 6.113e-01
4.830e+00 5.166e-01
4.840e+00 4.861e-01
4.850e+00 5.560e-01
4.860e+00 5.007e-01
4.870e+00 5.780e-01
4.880e+00 5.562e-01
4.890e+00 6.214e-01
4.900e+00 6.332e-01
4.910e+00 5.903e-01
4.920e+00 6.263e-01
4.930e+00 5.182e-01
4.940e+00 5.152e-01
4.950e+00 6.220e-01
4.960e+00 5.668e-01
4.970e+00 5.831e-01
4.980e+00 5.466e-01
4.990e+00 5.375e-01
-5.000e+00 4.542e-01
-4.990e+00 5.375e-01
-4.980e+00 5.466e-01
-4.970e+00 5.831e-01
-4.960e+00 5.668e-01
-4.950e+00 6.220e-01
-4.940e+00 5.152e-01
-4.930e+00 5.182e-01
-4.920e+00 6.263e-01
-4.910e+00 5.903e-01
-4.900e+00 6.332e-01
-4.890e+00 6.214e-01
-4.880e+00 5.562e-01
-4.870e+00 5.780e-01
-4.860e+00 5.007e-01
-4.850e+00 5.560e-01
-4.840e+00 4.861e-01
-4.830e+00 5.166e-01
-4.820e+00 6.113e-01
-4.810e+00 6.202e-01
-4.800e+00 5.982e-01
-4.790e+00 6.083e-01
-4.780e+00 6.623e-01
-4.770e+00 6.351e-01
-4.760e+00 6.361e-01
-4.750e+00 5.821e-01
-4.740e+00 5.801e-01
-4.730e+00 5.255e-01
-4.720e+00 5.790e-01
-4.710e+00 5.771e-01
-4.700e+00 5.707e-01
-4.690e+00 5.425e-01
-4.680e+00 6.249e-01
-4.670e+00 6.746e-01
-4.660e+00 5.983e-01
-4.650e+00 5.869e-01
-4.640e+00 4.921e-01
-4.630e+00 5.231e-01
-4.620e+00 5.076e-01
-4.610e+00 4.856e-01
-4.600e+00 4.277e-01
-4.590e+00 3.872e-01
-4.580e+00 3.962e-01
-4.570e+00 4.525e-01
-4.560e+00 4.364e-01
-4.550e+00 4.661e-01
-4.540e+00 4.668e-01
-4.530e+00 4.159e-01
-4.520e+00 5.099e-01
-4.510e+00 5.239e-01
-4.500e+00 5.799e-01
-4.490e+00 6.382e-01
-4.480e+00 6.486e-01
-4.470e+00 7.003e-01
-4.460e+00 6.608e-01
-4.450e+00 6.099e-01
-4.440e+00 5.370e-01
-4.430e+00 4.468e-01
-4.420e+00 4.329e-01
-4.410e+00 4.727e-01
-4.400e+00 4.544e-01
-4.390e+00 4.498e-01
-4.380e+00 4.524e-01
-4.370e+00 5.550e-01
-4.360e+00 4.935e-01
-4.350e+00 5.085e-01
-4.340e+00 5.517e-01
-4.330e+00 5.818e-01
-4.320e+00 6.762e-01
-4.310e+00 6.954e-01
-4.300e+00 6.418e-01
-4.290e+00 5.566e-01
-4.280e+00 4.788e-01
-4.270e+00 6.469e-01
-4.260e+00 6.495e-01
-4.250e+00 4.889e-01
-4.240e+00 5.238e-01
-4.230e+00 4.743e-01
-4.220e+00 4.542e-01
-4.210e+00 4.536e-01
-4.200e+00 4.341e-01
-4.190e+00 4.376e-01
-4.180e+00 3.897e-01
-4.170e+00 4.510e-01
-4.160e+00 4.177e-01
-4.150e+00 3.701e-01
-4.140e+00 4.529e-01
-4.130e+00 4.839e-01
-4.120e+00 4.815e-01
-4.110e+00 4.605e-01
-4.100e+00 4.804e-01
-4.090e+00 4.953e-01
-4.080e+00 4.629e-01
-4.070e+00 4.749e-01
-4.060e+00 4.444e-01
-4.050e+00 4.131e-01
-4.040e+00 4.556e-01
-4.030e+00 4.877e-01
-4.020e+00 5.296e-01
-4.010e+00 5.052e-01
-4.000e+00 5.772e-01
-3.990e+00 5.940e-01
-3.980e+00 5.565e-01
-3.970e+00 6.472e-01
-3.960e+00 5.900e-01
-3.950e+00 6.541e-01
-3.940e+00 6.987e-01
-3.930e+00 7.297e-01
-3.920e+00 6.555e-01
-3.910e+00 6.431e-01
-3.900e+00 5.858e-01
-3.890e+00 6.116e-01
-3.880e+00 4.319e-01
-3.870e+00 4.312e-01
-3.860e+00 3.916e-01
-3.850e+00 3.676e-01
-3.840e+00 4.231e-01
-3.830e+00 3.963e-01
-3.820e+00 4.722e-01
-3.810e+00 4.593e-01
-3.800e+00 4.360e-01
-3.790e+00 5.813e-01
-3.780e+00 4.810e-01
-3.770e+00 5.130e-01
-3.760e+00 4.767e-01
-3.750e+00 4.809e-01
-3.740e+00 4.367e-01
-3.730e+00 3.354e-01
-3.720e+00 4.069e-01
-3.710e+00 3.636e-01
-3.700e+00 2.908e-01
-3.690e+00 3.579e-01
-3.680e+00 3.804e-01
-3.670e+00 3.308e-01
-3.660e+00 3.969e-01
-3.650e+00 4.237e-01
-3.640e+00 5.294e-01
-3.630e+00 5.038e-01
-3.620e+00 5.977e-01
-3.610e+00 5.978e-01
-3.600e+00 6.295e-01
-3.590e+00 6.333e-01
-3.580e+00 6.223e-01
-3.570e+00 5.918e-01
-3.560e+00 5.747e-01
-3.550e+00 6.537e-01
-3.540e+00 6.178e-01
-3.530e+00 5.775e-01
-3.520e+00 6.405e-01
-3.510e+00 5.736e-01
-3.500e+00 6.747e-01
-3.490e+00 7.030e-01
-3.480e+00 6.066e-01
-3.470e+00 6.328e-01
-3.460e+00 6.331e-01
-3.450e+00 5.963e-01
-3.440e+00 5.175e-01
-3.430e+00 4.893e-01
-3.420e+00 5.653e-01
-3.410e+00 4.904e-01
-3.400e+00 6.092e-01
-3.390e+00 6.866e-01
-3.380e+00 7.478e-01
-3.370e+00 8.231e-01
-3.360e+00 6.971e-01
-3.350e+00 7.602e-01
-3.340e+00 7.301e-01
-3.330e+00 6.629e-01
-3.320e+00 7.337e-01
-3.310e+00 6.960e-01
-3.300e+00 7.896e-01
-3.290e+00 7.682e-01
-3.280e+00 7.663e-01
-3.270e+00 7.736e-01
-3.260e+00 7.394e-01
-3.250e+00 6.966e-01
-3.240e+00 6.793e-01
-3.230e+00 7.554e-01
-3.220e+00 6.672e-01
-3.210e+00 6.389e-01
-3.200e+00 6.813e-01
-3.190e+00 6.360e-01
-3.180e+00 5.223e-01
-3.170e+00 6.469e-01
-3.160e+00 5.491e-01
-3.150e+00 5.122e-01
-3.140e+00 5.648e-01
-3.130e+00 4.862e-01
-3.120e+00 5.704e-01
-3.110e+00 6.108e-01
-3.100e+00 6.728e-01
-3.090e+00 4.976e-01
-3.080e+00 5.698e-01
-3.070e+00 5.973e-01
-3.060e+00 5.076e-01
-3.050e+00 5.245e-01
-3.040e+00 5.125e-01
-3.030e+00 3.983e-01
-3.020e+00 3.599e-01
-3.010e+00 4.200e-01
-3.000e+00 4.805e-01
-2.990e+00 4.138e-01
-2.980e+00 5.175e-01
-2.970e+00 5.961e-01
-2.960e+00 4.181e-01
-2.950e+00 4.911e-01
-2.940e+00 5.128e-01
-2.930e+00 4.694e-01
-2.920e+00 4.893e-01
-2.910e+00 5.464e-01
-2.900e+00 4.550e-01
-2.890e+00 4.909e-01
-2.880e+00 5.024e-01
-2.870e+00 6.256e-01
-2.860e+00 5.534e-01
-2.850e+00 5.910e-01
-2.840e+00 5.252e-01
-2.830e+00 5.312e-01
-2.820e+00 4.702e-01
-2.810e+00 4.997e-01
-2.800e+00 5.700e-01
-2.790e+00 5.635e-01
-2.780e+00 5.578e-01
-2.770e+00 6.046e-01
-2.760e+00 6.486e-01
-2.750e+00 5.903e-01
-2.740e+00 5.370e-01
-2.730e+00 4.995e-01
-2.720e+00 5.307e-01
-2.710e+00 4.742e-01
-2.700e+00 6.145e-01
-2.690e+00 5.467e-01
-2.680e+00 4.814e-01
-2.670e+00 4.589e-01
-2.660e+00 4.915e-01
-2.650e+00 5.214e-01
-2.640e+00 5.202e-01
-2.630e+00 5.709e-01
-2.620e+00 5.688e-01
-2.610e+00 6.449e-01
-2.600e+00 6.464e-01
-2.590e+00 7.289e-01
-2.580e+00 7.408e-01
-2.570e+00 8.385e-01
-2.560e+00 7.221e-01
-2.550e+00 7.418e-01
-2.540e+00 7.401e-01
-2.530e+00 7.197e-01
-2.520e+00 6.823e-01
-2.510e+00 6.990e-01
-2.500e+00 6.981e-01
-2.490e+00 7.114e-01
-2.480e+00 6.540e-01
-2.470e+00 8.715e-01
-2.460e+00 7.771e-01
-2.450e+00 9.295e-01
-2.440e+00 8.882e-01
-2.430e+00 8.443e-01
-2.420e+00 7.617e-01
-2.410e+00 6.852e-01
-2.400e+00 6.219e-01
-2.390e+00 6.135e-01
-2.380e+00 5.881e-01
-2.370e+00 5.486e-01
-2.360e+00 5.245e-01
-2.350e+00 4.564e-01
-2.340e+00 4.086e-01
-2.330e+00 4.714e-01
-2.320e+00 5.119e-01
-2.310e+00 6.218e-01
-2.300e+00 4.875e-01
-2.290e+00 4.824e-01
-2.280e+00 5.685e-01
-2.270e+00 5.260e-01
-2.260e+00 5.929e-01
-2.250e+00 5.744e-01
-2.240e+00 5.501e-01
-2.230e+00 6.520e-01
-2.220e+00 5.507e-01
-2.210e+00 5.339e-01
-2.200e+00 6.613e-01
-2.190e+00 6.526e-01
-2.180e+00 8.319e-01
-2.170e+00 7.327e-01
-2.160e+00 6.188e-01
-2.150e+00 5.971e-01
-2.140e+00 4.545e-01
-2.130e+00 4.722e-01
-2.120e+00 4.546e-01
-2.110e+00 5.266e-01
-2.100e+00 4.706e-01
-2.090e+00 5.410e-01
-2.080e+00 5.550e-01
-2.070e+00 5.208e-01
-2.060e+00 5.562e-01
-2.050e+00 6.716e-01
-2.040e+00 6.352e-01
-2.030e+00 6.278e-01
-2.020e+00 7.511e-01
-2.010e+00 6.873e-01
-2.000e+00 5.599e-01
-1.990e+00 6.777e-01
-1.980e+00 6.686e-01
-1.970e+00 5.029e-01
-1.960e+00 4.858e-01
-1.950e+00 5.496e-01
-1.940e+00 4.468e-01
-1.930e+00 5.197e-01
-1.920e+00 6.248e-01
-1.910e+00 6.953e-01
-1.900e+00 7.406e-01
-1.890e+00 7.489e-01
-1.880e+00 9.190e-01
-1.870e+00 7.696e-01
-1.860e+00 8.853e-01
-1.850e+00 8.788e-01
-1.840e+00 7.729e-01
-1.830e+00 6.924e-01
-1.820e+00 8.440e-01
-1.810e+00 8.905e-01
-1.800e+00 8.351e-01
-1.790e+00 7.432e-01
-1.780e+00 7.268e-01
-1.770e+00 5.517e-01
-1.760e+00 6.933e-01
-1.750e+00 7.179e-01
-1.740e+00 7.563e-01
-1.730e+00 7.997e-01
-1.720e+00 8.641e-01
-1.710e+00 9.181e-01
-1.700e+00 9.018e-01
-1.690e+00 8.161e-01
-1.680e+00 7.509e-01
-1.670e+00 7.556e-01
-1.660e+00 7.065e-01
-1.650e+00 7.890e-01
-1.640e+00 7.727e-01
-1.630e+00 9.419e-01
-1.620e+00 8.736e-01
-1.610e+00 8.467e-01
-1.600e+00 8.920e-01
-1.590e+00 6.622e-01
-1.580e+00 9.065e-01
-1.570e+00 7.230e-01
-1.560e+00 6.643e-01
-1.550e+00 5.653e-01
-1.540e+00 5.621e-01
-1.530e+00 7.478e-01
-1.520e+00 6.930e-01
-1.510e+00 8.612e-01
-1.500e+00 8.783e-01
-1.490e+00 7.825e-01
-1.480e+00 9.651e-01
-1.470e+00 8.604e-01
-1.460e+00 9.093e-01
-1.450e+00 9.976e-01
-1.440e+00 8.819e-01
-1.430e+00 7.720e-01
-1.420e+00 7.486e-01
-1.410e+00 8.824e-01
-1.400e+00 7.070e-01
-1.390e+00 7.397e-01
-1.380e+00 1.013e+00
-1.370e+00 8.175e-01
-1.360e+00 8.460e-01
-1.350e+00 8.825e-01
-1.340e+00 6.820e-01
-1.330e+00 6.598e-01
-1.320e+00 7.108e-01
-1.310e+00 8.716e-01
-1.300e+00 8.219e-01
-1.290e+00 6.043e-01
-1.280e+00 7.250e-01
-1.270e+00 5.725e-01
-1.260e+00 6.995e-01
-1.250e+00 9.226e-01
-1.240e+00 8.151e-01
-1.230e+00 9.154e-01
-1.220e+00 9.156e-01
-1.210e+00 1.004e+00
-1.200e+00 9.829e-01
-1.190e+00 1.068e+00
-1.180e+00 1.312e+00
-1.170e+00 9.878e-01
-1.160e+00 8.676e-01
-1.150e+00 1.009e+00
-1.140e+00 8.204e-01
-1.130e+00 1.031e+00
-1.120e+00 1.039e+00
-1.110e+00 1.314e+00
-1.100e+00 1.187e+00
-1.090e+00 1.307e+00
-1.080e+00 1.255e+00
-1.070e+00 1.224e+00
-1.060e+00 1.016e+00
-1.050e+00 1.030e+00
-1.040e+00 9.972e-01
-1.030e+00 1.257e+00
-1.020e+00 9.405e-01
-1.010e+00 9.301e-01
-1.000e+00 8.967e-01
-9.900e-01 8.626e-01
-9.800e-01 8.169e-01
-9.700e-01 8.653e-01
-9.600e-01 8.484e-01
-9.500e-01 9.931e-01
-9.400e-01 9.563e-01
-9.300e-01 1.119e+00
-9.200e-01 8.804e-01
-9.100e-01 8.369e-01
-9.000e-01 8.555e-01
-8.900e-01 8.064e-01
-8.800e-01 7.752e-01
-8.700e-01 8.008e-01
-8.600e-01 1.051e+00
-8.500e-01 8.785e-01
-8.400e-01 9.451e-01
-8.300e-01 8.987e-01
-8.200e-01 9.225e-01
-8.100e-01 8.592e-01
-8.000e-01 1.040e+00
-7.900e-01 1.387e+00
-7.800e-01 1.386e+00
-7.700e-01 1.368e+00
-7.600e-01 1.390e+00
-7.500e-01 1.573e+00
-7.400e-01 1.185e+00
-7.300e-01 1.287e+00
-7.200e-01 1.162e+00
-7.100e-01 8.405e-01
-7.000e-01 8.123e-01
-6.900e-01 1.240e+00
-6.800e-01 1.173e+00
-6.700e-01 1.246e+00
-6.600e-01 1.313e+00
-6.500e-01 1.473e+00
-6.400e-01 1.294e+00
-6.300e-01 1.615e+00
-6.200e-01 1.352e+00
-6.100e-01 1.090e+00
-6.000e-01 9.632e-01
-5.900e-01 1.426e+00
-5.800e-01 1.407e+00
-5.700e-01 1.447e+00
-5.600e-01 1.401e+00
-5.500e-01 1.845e+00
-5.400e-01 1.812e+00
-5.300e-01 1.926e+00
-5.200e-01 2.157e+00
-5.100e-01 1.641e+00
-5.000e-01 1.681e+00
-4.900e-01 1.660e+00
-4.800e-01 1.485e+00
-4.700e-01 1.202e+00
-4.600e-01 1.398e+00
-4.500e-01 1.927e+00
-4.400e-01 1.907e+00
-4.300e-01 1.682e+00
-4.200e-01 2.477e+00
-4.100e-01 2.172e+00
-4.000e-01 2.263e+00
-3.900e-01 2.456e+00
-3.800e-01 2.171e+00
-3.700e-01 1.707e+00
-3.600e-01 2.003e+00
-3.500e-01 2.435e+00
-3.400e-01 1.748e+00
-3.300e-01 2.214e+00
-3.200e-01 3.022e+00
-3.100e-01 3.047e+00
-3.000e-01 2.063e+00
-2.900e-01 2.376e+00
-2.800e-01 2.204e+00
-2.700e-01 1.900e+00
-2.600e-01 2.637e+00
-2.500e-01 2.847e+00
-2.400e-01 1.987e+00
-2.300e-01 2.871e+00
-2.200e-01 3.144e+00
-2.100e-01 3.181e+00
-2.000e-01 2.522e+00
-1.900e-01 3.178e+00
-1.800e-01 3.266e+00
-1.700e-01 3.090e+00
-1.600e-01 3.951e+00
-1.500e-01 3.379e+00
-1.400e-01 2.699e+00
-1.300e-01 4.051e+00
-1.200e-01 5.157e+00
-1.100e-01 5.805e+00
-1.000e-01 6.111e+00
-9.000e-02 5.315e+00
-8.000e-02 5.797e+00
-7.000e-02 7.073e+00
-6.000e-02 7.281e+00
-5.000e-02 8.381e+00
-4.000e-02 7.541e+00
-3.000e-02 8.528e+00
-2.000e-02 1.084e+01
-1.000e-02 1.241e+01
