# Frequency (1.0/ps)      real(fft(F_1))
0.000e+00 2.636e+02
1.000e-02 4.307e+01
2.000e-02 2.469e+01
3.000e-02 1.623e+01
4.000e-02 1.149e+01
5.000e-02 1.131e+01
6.000e-02 3.818e+00
7.000e-02 4.196e+00
8.000e-02 3.717e+00
9.000e-02 2.118e+00
1.000e-01 1.929e-01
1.100e-01 1.967e+00
1.200e-01 1.554e+00
1.300e-01 5.787e-01
1.400e-01 5.066e-02
1.500e-01 1.654e+00
1.600e-01 2.732e+00
1.700e-01 9.845e-01
1.800e-01 1.673e+00
1.900e-01 7.664e-01
2.000e-01 1.972e+00
2.100e-01 1.229e+00
2.200e-01 8.388e-01
2.300e-01 1.485e+00
2.400e-01 1.694e+00
2.500e-01 3.060e-02
2.600e-01 1.368e+00
2.700e-01 3.797e-01
2.800e-01 1.778e+00
2.900e-01 6.641e-01
3.000e-01 -6.485e-01
3.100e-01 6.963e-01
3.200e-01 1.659e+00
3.300e-01 4.784e-01
3.400e-01 4.399e-01
3.500e-01 3.100e-01
3.600e-01 7.300e-01
3.700e-01 9.096e-01
3.800e-01 6.094e-01
3.900e-01 1.577e+00
4.000e-01 -3.511e-01
4.100e-01 -2.856e-01
4.200e-01 -8.665e-02
4.300e-01 6.765e-01
4.400e-01 9.434e-01
4.500e-01 1.005e+00
4.600e-01 1.018e-01
4.700e-01 1.096e+00
4.800e-01 2.494e-01
4.900e-01 2.921e-01
5.000e-01 8.192e-01
5.100e-01 2.081e-01
5.200e-01 1.451e+00
5.300e-01 1.376e-01
5.400e-01 -5.991e-02
5.500e-01 -3.306e-02
5.600e-01 2.438e-01
5.700e-01 2.681e-01
5.800e-01 5.928e-01
5.900e-01 6.759e-01
6.000e-01 -3.444e-01
6.100e-01 -2.961e-01
6.200e-01 8.316e-01
6.300e-01 8.571e-01
6.400e-01 8.763e-01
6.500e-01 1.810e+00
6.600e-01 7.532e-01
6.700e-01 8.496e-01
6.800e-01 7.445e-01
6.900e-01 3.593e-01
7.000e-01 6.662e-01
7.100e-01 1.430e-01
7.200e-01 2.215e-01
7.300e-01 7.877e-01
7.400e-01 3.327e-01
7.500e-01 1.016e-01
7.600e-01 7.773e-01
7.700e-01 1.960e-01
7.800e-01 1.141e+00
7.900e-01 8.020e-02
8.000e-01 1.726e+00
8.100e-01 1.029e+00
8.200e-01 4.225e-01
8.300e-01 3.722e-01
8.400e-01 2.852e-02
8.500e-01 9.408e-01
8.600e-01 7.859e-01
8.700e-01 8.223e-01
8.800e-01 6.478e-01
8.900e-01 1.119e+00
9.000e-01 1.597e+00
9.100e-01 1.576e+00
9.200e-01 9.710e-01
9.300e-01 8.679e-01
9.400e-01 3.934e-01
9.500e-01 1.100e+00
9.600e-01 8.875e-01
9.700e-01 1.059e+00
9.800e-01 1.114e+00
9.900e-01 1.262e+00
1.000e+00 1.718e-01
1.010e+00 1.021e+00
1.020e+00 9.529e-01
1.030e+00 9.923e-01
1.040e+00 7.643e-01
1.050e+00 3.020e-01
1.060e+00 5.278e-01
1.070e+00 4.880e-01
1.080e+00 7.110e-01
1.090e+00 -8.894e-02
1.100e+00 1.153e+00
1.110e+00 8.155e-01
1.120e+00 1.299e+00
1.130e+00 8.597e-01
1.140e+00 8.221e-01
1.150e+00 6.404e-01
1.160e+00 -9.037e-02
1.170e+00 -9.901e-02
1.180e+00 -3.535e-01
1.190e+00 -3.858e-01
1.200e+00 1.144e-01
1.210e+00 5.523e-01
1.220e+00 3.142e-01
1.230e+00 8.556e-01
1.240e+00 6.065e-01
1.250e+00 1.275e+00
1.260e+00 5.970e-01
1.270e+00 1.203e+00
1.280e+00 7.830e-01
1.290e+00 5.249e-01
1.300e+00 6.982e-01
1.310e+00 5.127e-01
1.320e+00 7.412e-01
1.330e+00 1.225e-01
1.340e+00 3.937e-01
1.350e+00 1.387e+00
1.360e+00 -9.395e-02
1.370e+00 6.204e-01
1.380e+00 4.228e-01
1.390e+00 7.575e-01
1.400e+00 1.187e+00
1.410e+00 2.120e-01
1.420e+00 4.694e-01
1.430e+00 1.705e-01
1.440e+00 1.873e-01
1.450e+00 4.265e-01
1.460e+00 2.607e-01
1.470e+00 4.841e-01
1.480e+00 3.852e-01
1.490e+00 5.300e-01
1.500e+00 4.992e-01
1.510e+00 5.981e-01
1.520e+00 5.856e-01
1.530e+00 8.877e-01
1.540e+00 1.212e+00
1.550e+00 -7.712e-02
1.560e+00 8.627e-02
1.570e+00 2.445e-01
1.580e+00 5.542e-01
1.590e+00 1.238e+00
1.600e+00 7.270e-01
1.610e+00 7.934e-01
1.620e+00 6.906e-01
1.630e+00 8.340e-01
1.640e+00 8.867e-01
1.650e+00 -3.213e-02
1.660e+00 4.069e-01
1.670e+00 1.840e-01
1.680e+00 6.073e-01
1.690e+00 2.828e-01
1.700e+00 4.983e-01
1.710e+00 8.822e-01
1.720e+00 5.825e-01
1.730e+00 8.049e-01
1.740e+00 1.758e-01
1.750e+00 9.492e-01
1.760e+00 8.947e-01
1.770e+00 7.804e-01
1.780e+00 7.567e-01
1.790e+00 7.166e-01
1.800e+00 3.255e-02
1.810e+00 -3.238e-03
1.820e+00 1.192e-01
1.830e+00 4.273e-01
1.840e+00 -8.393e-02
1.850e+00 3.809e-01
1.860e+00 6.764e-01
1.870e+00 7.337e-01
1.880e+00 1.080e+00
1.890e+00 4.520e-01
1.900e+00 8.715e-01
1.910e+00 7.055e-01
1.920e+00 6.268e-01
1.930e+00 4.490e-01
1.940e+00 8.018e-01
1.950e+00 3.026e-01
1.960e+00 2.501e-01
1.970e+00 2.989e-01
1.980e+00 3.873e-01
1.990e+00 2.563e-01
2.000e+00 3.556e-01
2.010e+00 6.149e-01
2.020e+00 4.512e-01
2.030e+00 6.583e-01
2.040e+00 4.202e-01
2.050e+00 9.215e-01
2.060e+00 4.310e-01
2.070e+00 5.810e-01
2.080e+00 6.260e-01
2.090e+00 6.011e-01
2.100e+00 7.540e-01
2.110e+00 7.338e-01
2.120e+00 6.355e-01
2.130e+00 2.182e-01
2.140e+00 2.356e-01
2.150e+00 8.585e-01
2.160e+00 3.696e-01
2.170e+00 6.426e-01
2.180e+00 3.644e-01
2.190e+00 3.958e-01
2.200e+00 6.753e-01
2.210e+00 1.956e-01
2.220e+00 3.816e-01
2.230e+00 -7.169e-03
2.240e+00 1.322e-01
2.250e+00 5.727e-01
2.260e+00 5.860e-01
2.270e+00 3.894e-01
2.280e+00 3.216e-01
2.290e+00 3.365e-01
2.300e+00 1.552e-01
2.310e+00 8.189e-01
2.320e+00 7.585e-01
2.330e+00 6.426e-01
2.340e+00 6.769e-01
2.350e+00 2.570e-01
2.360e+00 5.411e-01
2.370e+00 7.357e-01
2.380e+00 4.993e-01
2.390e+00 5.803e-01
2.400e+00 5.217e-01
2.410e+00 4.197e-01
2.420e+00 4.888e-01
2.430e+00 7.978e-01
2.440e+00 6.579e-01
2.450e+00 5.933e-01
2.460e+00 5.311e-01
2.470e+00 4.149e-01
2.480e+00 5.954e-01
2.490e+00 4.870e-01
2.500e+00 6.357e-01
2.510e+00 7.909e-02
2.520e+00 7.918e-02
2.530e+00 4.443e-01
2.540e+00 6.640e-01
2.550e+00 5.424e-01
2.560e+00 6.025e-01
2.570e+00 5.033e-01
2.580e+00 3.269e-01
2.590e+00 1.030e-01
2.600e+00 1.633e-01
2.610e+00 9.838e-02
2.620e+00 5.460e-01
2.630e+00 2.719e-01
2.640e+00 5.978e-01
2.650e+00 6.432e-01
2.660e+00 3.993e-01
2.670e+00 3.265e-01
2.680e+00 -8.043e-02
2.690e+00 1.727e-01
2.700e+00 1.325e+00
2.710e+00 4.627e-01
2.720e+00 3.528e-01
2.730e+00 2.109e-01
2.740e+00 3.772e-01
2.750e+00 -2.026e-01
2.760e+00 1.925e-01
2.770e+00 1.573e-01
2.780e+00 5.892e-01
2.790e+00 6.180e-01
2.800e+00 -4.001e-01
2.810e+00 2.205e-01
2.820e+00 2.127e-01
2.830e+00 3.511e-01
2.840e+00 8.213e-01
2.850e+00 2.279e-01
2.860e+00 3.697e-01
2.870e+00 4.891e-01
2.880e+00 5.524e-01
2.890e+00 5.455e-01
2.900e+00 1.165e+00
2.910e+00 6.369e-01
2.920e+00 7.054e-01
2.930e+00 6.453e-01
2.940e+00 6.069e-01
2.950e+00 4.929e-01
2.960e+00 4.502e-01
2.970e+00 2.710e-01
2.980e+00 5.212e-02
2.990e+00 1.814e-01
3.000e+00 6.452e-01
3.010e+00 8.765e-01
3.020e+00 5.061e-01
3.030e+00 7.549e-01
3.040e+00 7.904e-01
3.050e+00 2.222e-01
3.060e+00 4.817e-01
3.070e+00 6.064e-01
3.080e+00 6.852e-01
3.090e+00 7.438e-01
3.100e+00 1.084e+00
3.110e+00 4.297e-01
3.120e+00 4.673e-01
3.130e+00 4.444e-01
3.140e+00 3.350e-01
3.150e+00 6.521e-01
3.160e+00 4.995e-01
3.170e+00 3.281e-01
3.180e+00 1.871e-01
3.190e+00 5.862e-01
3.200e+00 5.288e-01
3.210e+00 4.939e-01
3.220e+00 3.206e-01
3.230e+00 3.722e-01
3.240e+00 1.813e-01
3.250e+00 4.560e-01
3.260e+00 5.202e-01
3.270e+00 6.215e-01
3.280e+00 3.984e-01
3.290e+00 7.210e-01
3.300e+00 3.019e-01
3.310e+00 1.198e-01
3.320e+00 3.219e-01
3.330e+00 2.397e-01
3.340e+00 6.975e-01
3.350e+00 4.800e-01
3.360e+00 4.402e-01
3.370e+00 3.748e-01
3.380e+00 2.184e-01
3.390e+00 1.923e-01
3.400e+00 7.477e-01
3.410e+00 5.738e-01
3.420e+00 5.168e-01
3.430e+00 3.030e-01
3.440e+00 4.354e-02
3.450e+00 7.020e-01
3.460e+00 4.231e-01
3.470e+00 3.155e-01
3.480e+00 5.005e-01
3.490e+00 5.513e-01
3.500e+00 2.925e-01
3.510e+00 1.359e-01
3.520e+00 5.218e-01
3.530e+00 2.163e-01
3.540e+00 3.215e-01
3.550e+00 6.113e-02
3.560e+00 4.480e-01
3.570e+00 4.479e-01
3.580e+00 5.954e-01
3.590e+00 4.741e-01
3.600e+00 4.998e-01
3.610e+00 5.177e-01
3.620e+00 6.599e-01
3.630e+00 3.829e-01
3.640e+00 5.203e-01
3.650e+00 7.430e-01
3.660e+00 5.681e-01
3.670e+00 4.349e-01
3.680e+00 1.824e-01
3.690e+00 3.892e-01
3.700e+00 8.215e-01
3.710e+00 3.047e-01
3.720e+00 4.867e-01
3.730e+00 4.828e-01
3.740e+00 4.705e-01
3.750e+00 5.966e-01
3.760e+00 3.072e-01
3.770e+00 5.027e-01
3.780e+00 3.239e-01
3.790e+00 3.598e-01
3.800e+00 4.576e-01
3.810e+00 4.332e-01
3.820e+00 6.078e-01
3.830e+00 4.656e-01
3.840e+00 3.373e-01
3.850e+00 7.199e-01
3.860e+00 7.412e-01
3.870e+00 8.946e-01
3.880e+00 8.554e-01
3.890e+00 9.733e-01
3.900e+00 5.444e-01
3.910e+00 6.387e-01
3.920e+00 6.787e-01
3.930e+00 4.964e-01
3.940e+00 7.405e-01
3.950e+00 1.682e-01
3.960e+00 3.978e-01
3.970e+00 5.471e-01
3.980e+00 5.382e-01
3.990e+00 2.181e-01
4.000e+00 2.061e-01
4.010e+00 4.226e-01
4.020e+00 2.029e-01
4.030e+00 5.372e-01
4.040e+00 4.526e-01
4.050e+00 4.651e-01
4.060e+00 5.575e-01
4.070e+00 3.379e-01
4.080e+00 5.688e-01
4.090e+00 5.386e-01
4.100e+00 7.171e-01
4.110e+00 6.550e-01
4.120e+00 7.194e-01
4.130e+00 6.963e-01
4.140e+00 7.375e-01
4.150e+00 4.300e-01
4.160e+00 6.736e-01
4.170e+00 6.127e-01
4.180e+00 6.289e-01
4.190e+00 6.352e-01
4.200e+00 1.249e+00
4.210e+00 4.144e-01
4.220e+00 5.693e-01
4.230e+00 3.378e-01
4.240e+00 4.619e-01
4.250e+00 3.693e-01
4.260e+00 6.929e-01
4.270e+00 8.169e-01
4.280e+00 8.578e-01
4.290e+00 9.595e-01
4.300e+00 2.802e-01
4.310e+00 1.541e-01
4.320e+00 3.394e-01
4.330e+00 4.461e-01
4.340e+00 4.431e-01
4.350e+00 1.226e-01
4.360e+00 7.030e-01
4.370e+00 6.147e-01
4.380e+00 6.194e-01
4.390e+00 5.094e-01
4.400e+00 6.216e-01
4.410e+00 5.797e-01
4.420e+00 5.982e-01
4.430e+00 2.487e-01
4.440e+00 5.718e-01
4.450e+00 8.897e-01
4.460e+00 4.574e-01
4.470e+00 4.953e-01
4.480e+00 4.097e-01
4.490e+00 3.458e-01
4.500e+00 9.381e-01
4.510e+00 5.394e-01
4.520e+00 7.932e-01
4.530e+00 4.891e-01
4.540e+00 4.575e-01
4.550e+00 5.869e-01
4.560e+00 4.950e-01
4.570e+00 6.723e-01
4.580e+00 4.045e-01
4.590e+00 6.001e-01
4.600e+00 6.350e-01
4.610e+00 3.187e-02
4.620e+00 6.712e-01
4.630e+00 6.898e-01
4.640e+00 6.875e-01
4.650e+00 4.775e-01
4.660e+00 2.748e-01
4.670e+00 4.087e-01
4.680e+00 6.875e-01
4.690e+00 5.839e-01
4.700e+00 4.685e-01
4.710e+00 7.796e-01
4.720e+00 6.965e-01
4.730e+00 5.314e-01
4.740e+00 4.914e-01
4.750e+00 8.892e-02
4.760e+00 4.245e-01
4.770e+00 5.619e-01
4.780e+00 6.872e-01
4.790e+00 7.207e-01
4.800e+00 5.181e-01
4.810e+00 5.020e-01
4.820e+00 5.164e-01
4.830e+00 7.861e-01
4.840e+00 3.781e-01
4.850e+00 6.310e-01
4.860e+00 7.388e-01
4.870e+00 3.783e-01
4.880e+00 5.063e-01
4.890e+00 2.772e-01
4.900e+00 3.515e-01
4.910e+00 3.758e-01
4.920e+00 3.699e-01
4.930e+00 4.000e-01
4.940e+00 3.844e-01
4.950e+00 2.040e-01
4.960e+00 4.777e-01
4.970e+00 4.932e-01
4.980e+00 4.170e-01
4.990e+00 5.173e-01
-5.000e+00 -1.158e-01
-4.990e+00 2.939e-01
-4.980e+00 4.220e-01
-4.970e+00 8.348e-01
-4.960e+00 8.053e-01
-4.950e+00 5.094e-01
-4.940e+00 3.622e-01
-4.930e+00 4.655e-01
-4.920e+00 6.353e-01
-4.910e+00 4.987e-01
-4.900e+00 -1.233e-01
-4.890e+00 7.210e-01
-4.880e+00 5.426e-01
-4.870e+00 5.627e-01
-4.860e+00 4.639e-01
-4.850e+00 7.390e-01
-4.840e+00 4.954e-01
-4.830e+00 5.312e-01
-4.820e+00 5.475e-01
-4.810e+00 1.233e-01
-4.800e+00 8.171e-01
-4.790e+00 5.972e-01
-4.780e+00 6.338e-01
-4.770e+00 7.402e-01
-4.760e+00 7.486e-01
-4.750e+00 7.109e-01
-4.740e+00 2.270e-01
-4.730e+00 4.269e-01
-4.720e+00 5.472e-01
-4.710e+00 2.967e-01
-4.700e+00 6.412e-01
-4.690e+00 7.171e-01
-4.680e+00 5.957e-01
-4.670e+00 6.697e-01
-4.660e+00 1.086e-01
-4.650e+00 3.677e-01
-4.640e+00 4.879e-01
-4.630e+00 3.512e-01
-4.620e+00 4.491e-01
-4.610e+00 2.687e-01
-4.600e+00 6.605e-01
-4.590e+00 5.685e-01
-4.580e+00 3.696e-01
-4.570e+00 7.099e-01
-4.560e+00 5.540e-01
-4.550e+00 2.369e-01
-4.540e+00 5.664e-01
-4.530e+00 3.782e-01
-4.520e+00 4.023e-01
-4.510e+00 5.828e-01
-4.500e+00 3.605e-01
-4.490e+00 9.609e-01
-4.480e+00 7.095e-01
-4.470e+00 7.906e-01
-4.460e+00 7.768e-01
-4.450e+00 7.686e-02
-4.440e+00 3.070e-01
-4.430e+00 4.610e-01
-4.420e+00 7.192e-01
-4.410e+00 5.520e-01
-4.400e+00 8.703e-01
-4.390e+00 4.883e-01
-4.380e+00 5.845e-01
-4.370e+00 3.745e-01
-4.360e+00 1.512e-01
-4.350e+00 4.755e-01
-4.340e+00 3.184e-01
-4.330e+00 5.270e-01
-4.320e+00 3.150e-01
-4.310e+00 3.391e-01
-4.300e+00 5.606e-01
-4.290e+00 5.958e-01
-4.280e+00 5.818e-01
-4.270e+00 6.781e-01
-4.260e+00 5.634e-01
-4.250e+00 4.035e-01
-4.240e+00 5.880e-01
-4.230e+00 5.752e-01
-4.220e+00 8.860e-01
-4.210e+00 6.442e-01
-4.200e+00 9.166e-01
-4.190e+00 3.334e-01
-4.180e+00 6.544e-01
-4.170e+00 4.444e-01
-4.160e+00 5.066e-01
-4.150e+00 1.304e-01
-4.140e+00 5.276e-01
-4.130e+00 5.610e-01
-4.120e+00 5.829e-01
-4.110e+00 7.335e-01
-4.100e+00 8.897e-01
-4.090e+00 3.903e-01
-4.080e+00 4.721e-01
-4.070e+00 7.785e-02
-4.060e+00 1.959e-01
-4.050e+00 5.810e-01
-4.040e+00 4.288e-01
-4.030e+00 2.108e-01
-4.020e+00 4.090e-01
-4.010e+00 4.580e-01
-4.000e+00 4.597e-01
-3.990e+00 4.349e-01
-3.980e+00 6.975e-01
-3.970e+00 3.117e-01
-3.960e+00 2.781e-01
-3.950e+00 5.709e-01
-3.940e+00 5.065e-01
-3.930e+00 6.955e-01
-3.920e+00 3.858e-01
-3.910e+00 6.649e-01
-3.900e+00 7.281e-01
-3.890e+00 3.044e-01
-3.880e+00 4.800e-01
-3.870e+00 3.296e-01
-3.860e+00 2.780e-01
-3.850e+00 5.157e-01
-3.840e+00 4.932e-01
-3.830e+00 4.657e-01
-3.820e+00 1.492e-01
-3.810e+00 1.771e-01
-3.800e+00 9.123e-01
-3.790e+00 6.856e-01
-3.780e+00 7.476e-01
-3.770e+00 5.276e-01
-3.760e+00 2.267e-01
-3.750e+00 5.310e-01
-3.740e+00 2.320e-01
-3.730e+00 4.975e-01
-3.720e+00 3.242e-01
-3.710e+00 3.142e-01
-3.700e+00 2.942e-01
-3.690e+00 3.215e-01
-3.680e+00 1.888e-01
-3.670e+00 -1.250e-01
-3.660e+00 3.642e-01
-3.650e+00 4.402e-01
-3.640e+00 4.297e-01
-3.630e+00 6.034e-01
-3.620e+00 6.056e-01
-3.610e+00 5.088e-01
-3.600e+00 4.669e-01
-3.590e+00 3.615e-01
-3.580e+00 4.427e-01
-3.570e+00 1.031e-01
-3.560e+00 1.249e-01
-3.550e+00 5.823e-01
-3.540e+00 6.186e-01
-3.530e+00 6.264e-01
-3.520e+00 6.133e-01
-3.510e+00 5.618e-01
-3.500e+00 1.103e-01
-3.490e+00 3.138e-01
-3.480e+00 2.810e-01
-3.470e+00 4.791e-01
-3.460e+00 6.795e-01
-3.450e+00 5.237e-01
-3.440e+00 4.051e-01
-3.430e+00 6.817e-01
-3.420e+00 5.453e-01
-3.410e+00 4.169e-01
-3.400e+00 6.724e-01
-3.390e+00 3.828e-01
-3.380e+00 3.131e-01
-3.370e+00 3.047e-01
-3.360e+00 6.588e-01
-3.350e+00 6.608e-01
-3.340e+00 3.248e-01
-3.330e+00 3.687e-01
-3.320e+00 4.132e-01
-3.310e+00 4.512e-01
-3.300e+00 7.102e-01
-3.290e+00 5.773e-01
-3.280e+00 4.327e-01
-3.270e+00 6.550e-01
-3.260e+00 3.606e-01
-3.250e+00 6.953e-01
-3.240e+00 6.158e-01
-3.230e+00 5.255e-01
-3.220e+00 7.702e-01
-3.210e+00 8.142e-01
-3.200e+00 4.085e-01
-3.190e+00 4.220e-01
-3.180e+00 3.598e-01
-3.170e+00 5.833e-01
-3.160e+00 8.998e-01
-3.150e+00 4.011e-01
-3.140e+00 2.466e-02
-3.130e+00 3.931e-01
-3.120e+00 4.348e-01
-3.110e+00 9.271e-01
-3.100e+00 6.028e-01
-3.090e+00 4.161e-01
-3.080e+00 4.552e-01
-3.070e+00 5.688e-01
-3.060e+00 3.414e-01
-3.050e+00 6.909e-01
-3.040e+00 4.526e-01
-3.030e+00 5.166e-01
-3.020e+00 7.150e-01
-3.010e+00 4.652e-01
-3.000e+00 4.626e-01
-2.990e+00 -1.180e-01
-2.980e+00 2.975e-01
-2.970e+00 4.917e-02
-2.960e+00 3.099e-01
-2.950e+00 3.267e-01
-2.940e+00 5.119e-01
-2.930e+00 5.577e-01
-2.920e+00 4.632e-01
-2.910e+00 7.775e-01
-2.900e+00 3.022e-01
-2.890e+00 2.745e-01
-2.880e+00 9.333e-02
-2.870e+00 3.807e-01
-2.860e+00 1.341e-01
-2.850e+00 4.456e-01
-2.840e+00 3.736e-01
-2.830e+00 3.305e-01
-2.820e+00 4.169e-01
-2.810e+00 1.910e-01
-2.800e+00 6.274e-01
-2.790e+00 2.901e-01
-2.780e+00 3.362e-01
-2.770e+00 1.324e-01
-2.760e+00 3.497e-01
-2.750e+00 4.829e-01
-2.740e+00 4.003e-01
-2.730e+00 2.678e-01
-2.720e+00 2.776e-01
-2.710e+00 1.317e-01
-2.700e+00 1.426e-01
-2.690e+00 5.138e-01
-2.680e+00 3.956e-01
-2.670e+00 5.233e-01
-2.660e+00 4.814e-01
-2.650e+00 2.712e-01
-2.640e+00 1.602e-01
-2.630e+00 2.552e-01
-2.620e+00 3.988e-01
-2.610e+00 5.146e-01
-2.600e+00 -7.016e-02
-2.590e+00 -4.034e-03
-2.580e+00 2.110e-01
-2.570e+00 1.450e-01
-2.560e+00 -1.992e-02
-2.550e+00 1.890e-01
-2.540e+00 4.544e-01
-2.530e+00 2.259e-01
-2.520e+00 2.206e-01
-2.510e+00 1.931e-01
-2.500e+00 8.943e-01
-2.490e+00 4.431e-01
-2.480e+00 3.430e-01
-2.470e+00 4.555e-01
-2.460e+00 4.969e-01
-2.450e+00 6.387e-01
-2.440e+00 5.001e-01
-2.430e+00 5.052e-01
-2.420e+00 3.765e-01
-2.410e+00 5.508e-01
-2.400e+00 2.764e-01
-2.390e+00 3.337e-01
-2.380e+00 8.463e-02
-2.370e+00 5.130e-01
-2.360e+00 5.272e-01
-2.350e+00 -2.181e-01
-2.340e+00 4.607e-01
-2.330e+00 7.906e-01
-2.320e+00 5.304e-01
-2.310e+00 1.895e-01
-2.300e+00 6.832e-02
-2.290e+00 1.665e-01
-2.280e+00 5.044e-01
-2.270e+00 3.868e-01
-2.260e+00 1.400e-01
-2.250e+00 4.161e-01
-2.240e+00 4.518e-01
-2.230e+00 1.149e-01
-2.220e+00 2.516e-01
-2.210e+00 -1.190e-01
-2.200e+00 1.122e-01
-2.190e+00 1.188e-01
-2.180e+00 3.810e-01
-2.170e+00 4.897e-01
-2.160e+00 6.921e-01
-2.150e+00 3.156e-01
-2.140e+00 6.223e-01
-2.130e+00 9.890e-01
-2.120e+00 4.723e-01
-2.110e+00 2.780e-01
-2.100e+00 5.702e-01
-2.090e+00 4.821e-01
-2.080e+00 4.749e-01
-2.070e+00 7.363e-01
-2.060e+00 5.639e-01
-2.050e+00 2.995e-01
-2.040e+00 6.270e-01
-2.030e+00 3.722e-01
-2.020e+00 9.155e-02
-2.010e+00 1.113e-01
-2.000e+00 -2.036e-01
-1.990e+00 4.480e-01
-1.980e+00 3.988e-01
-1.970e+00 4.152e-01
-1.960e+00 1.638e-01
-1.950e+00 2.048e-01
-1.940e+00 5.189e-01
-1.930e+00 4.271e-01
-1.920e+00 5.321e-01
-1.910e+00 2.345e-01
-1.900e+00 4.167e-01
-1.890e+00 5.127e-01
-1.880e+00 2.075e-01
-1.870e+00 6.627e-01
-1.860e+00 7.556e-01
-1.850e+00 7.578e-01
-1.840e+00 3.812e-01
-1.830e+00 8.975e-01
-1.820e+00 6.098e-01
-1.810e+00 4.928e-01
-1.800e+00 7.104e-01
-1.790e+00 2.954e-01
-1.780e+00 5.393e-01
-1.770e+00 8.178e-01
-1.760e+00 5.781e-01
-1.750e+00 2.349e-01
-1.740e+00 1.110e-02
-1.730e+00 1.815e-01
-1.720e+00 2.764e-01
-1.710e+00 5.857e-02
-1.700e+00 1.194e+00
-1.690e+00 4.363e-01
-1.680e+00 3.208e-01
-1.670e+00 6.776e-01
-1.660e+00 7.506e-01
-1.650e+00 1.358e+00
-1.640e+00 8.297e-01
-1.630e+00 2.941e-01
-1.620e+00 7.179e-01
-1.610e+00 8.355e-01
-1.600e+00 7.565e-01
-1.590e+00 4.540e-01
-1.580e+00 4.616e-01
-1.570e+00 1.249e-01
-1.560e+00 6.276e-01
-1.550e+00 9.875e-01
-1.540e+00 9.113e-01
-1.530e+00 1.066e+00
-1.520e+00 3.937e-01
-1.510e+00 6.239e-01
-1.500e+00 2.159e+00
-1.490e+00 6.679e-01
-1.480e+00 6.958e-01
-1.470e+00 8.096e-01
-1.460e+00 9.841e-01
-1.450e+00 6.410e-01
-1.440e+00 7.047e-01
-1.430e+00 4.406e-01
-1.420e+00 7.095e-01
-1.410e+00 1.707e-01
-1.400e+00 8.567e-01
-1.390e+00 6.735e-01
-1.380e+00 8.824e-02
-1.370e+00 4.537e-01
-1.360e+00 6.688e-01
-1.350e+00 6.428e-01
-1.340e+00 3.795e-01
-1.330e+00 4.612e-01
-1.320e+00 4.478e-01
-1.310e+00 7.890e-01
-1.300e+00 1.466e+00
-1.290e+00 1.884e-01
-1.280e+00 -3.980e-02
-1.270e+00 5.441e-01
-1.260e+00 5.382e-01
-1.250e+00 1.318e+00
-1.240e+00 3.064e-01
-1.230e+00 5.758e-01
-1.220e+00 4.392e-01
-1.210e+00 1.109e+00
-1.200e+00 8.181e-01
-1.190e+00 6.819e-01
-1.180e+00 5.042e-01
-1.170e+00 9.476e-01
-1.160e+00 7.491e-01
-1.150e+00 1.038e+00
-1.140e+00 5.669e-01
-1.130e+00 7.965e-01
-1.120e+00 1.073e+00
-1.110e+00 1.442e+00
-1.100e+00 -4.292e-01
-1.090e+00 4.378e-01
-1.080e+00 5.826e-01
-1.070e+00 5.179e-01
-1.060e+00 1.014e+00
-1.050e+00 5.454e-02
-1.040e+00 2.211e-01
-1.030e+00 -5.783e-02
-1.020e+00 5.523e-01
-1.010e+00 3.646e-01
-1.000e+00 -3.777e-01
-9.900e-01 4.065e-01
-9.800e-01 1.527e-02
-9.700e-01 4.335e-01
-9.600e-01 2.313e-01
-9.500e-01 8.681e-02
-9.400e-01 3.944e-01
-9.300e-01 1.143e+00
-9.200e-01 3.728e-01
-9.100e-01 8.186e-01
-9.000e-01 5.443e-01
-8.900e-01 6.028e-01
-8.800e-01 5.742e-01
-8.700e-01 1.516e+00
-8.600e-01 7.676e-01
-8.500e-01 -2.099e-02
-8.400e-01 2.950e-01
-8.300e-01 4.042e-01
-8.200e-01 5.344e-01
-8.100e-01 5.756e-01
-8.000e-01 1.555e+00
-7.900e-01 8.030e-01
-7.800e-01 5.101e-01
-7.700e-01 9.918e-01
-7.600e-01 1.242e+00
-7.500e-01 1.366e+00
-7.400e-01 4.333e-01
-7.300e-01 8.668e-01
-7.200e-01 5.691e-01
-7.100e-01 4.713e-01
-7.000e-01 7.139e-02
-6.900e-01 -2.062e-01
-6.800e-01 7.868e-01
-6.700e-01 -4.561e-01
-6.600e-01 -1.190e-01
-6.500e-01 1.507e+00
-6.400e-01 6.387e-01
-6.300e-01 9.576e-01
-6.200e-01 7.092e-01
-6.100e-01 -1.730e-02
-6.000e-01 -1.813e-01
-5.900e-01 7.814e-01
-5.800e-01 -2.299e-02
-5.700e-01 4.574e-01
-5.600e-01 1.555e-01
-5.500e-01 1.683e-01
-5.400e-01 1.121e+00
-5.300e-01 9.910e-01
-5.200e-01 1.092e+00
-5.100e-01 7.412e-02
-5.000e-01 2.162e-01
-4.900e-01 2.000e+00
-4.800e-01 1.665e+00
-4.700e-01 1.886e+00
-4.600e-01 1.166e+00
-4.500e-01 7.712e-01
-4.400e-01 8.155e-01
-4.300e-01 8.158e-01
-4.200e-01 1.687e+00
-4.100e-01 1.426e+00
-4.000e-01 1.382e+00
-3.900e-01 7.687e-01
-3.800e-01 8.165e-01
-3.700e-01 6.940e-01
-3.600e-01 3.498e-01
-3.500e-01 -4.065e-01
-3.400e-01 -2.278e-02
-3.300e-01 9.458e-02
-3.200e-01 -9.828e-02
-3.100e-01 7.646e-02
-3.000e-01 -6.728e-01
-2.900e-01 1.332e+00
-2.800e-01 1.986e+00
-2.700e-01 9.236e-01
-2.600e-01 9.354e-01
-2.500e-01 2.194e+00
-2.400e-01 1.492e+00
-2.300e-01 1.222e+00
-2.200e-01 1.554e+00
-2.100e-01 1.973e+00
-2.000e-01 2.109e+00
-1.900e-01 1.122e+00
-1.800e-01 2.325e+00
-1.700e-01 1.817e+00
-1.600e-01 2.887e+00
-1.500e-01 1.839e+00
-1.400e-01 2.567e+00
-1.300e-01 8.296e-01
-1.200e-01 1.322e+00
-1.100e-01 9.371e-01
-1.000e-01 1.250e+00
-9.000e-02 2.144e+00
-8.000e-02 3.239e+00
-7.000e-02 2.411e+00
-6.000e-02 1.078e+00
-5.000e-02 7.939e+00
-4.000e-02 5.820e+00
-3.000e-02 7.886e+00
-2.000e-02 1.319e+01
-1.000e-02 3.766e+01
