# Time (ps)      real(F_0)      im(F_0)
0.000e+00 1.000e+00 0.000e+00
1.000e-01 9.768e-01 0.000e+00
2.000e-01 8.584e-01 0.000e+00
3.000e-01 8.717e-01 0.000e+00
4.000e-01 8.433e-01 0.000e+00
5.000e-01 8.263e-01 0.000e+00
6.000e-01 8.135e-01 0.000e+00
7.000e-01 7.770e-01 0.000e+00
8.000e-01 8.007e-01 0.000e+00
9.000e-01 7.510e-01 0.000e+00
1.000e+00 6.850e-01 0.000e+00
1.100e+00 6.736e-01 0.000e+00
1.200e+00 5.975e-01 0.000e+00
1.300e+00 5.810e-01 0.000e+00
1.400e+00 5.853e-01 0.000e+00
1.500e+00 5.999e-01 0.000e+00
1.600e+00 5.368e-01 0.000e+00
1.700e+00 5.951e-01 0.000e+00
1.800e+00 5.812e-01 0.000e+00
1.900e+00 5.795e-01 0.000e+00
2.000e+00 5.675e-01 0.000e+00
2.100e+00 6.172e-01 0.000e+00
2.200e+00 5.522e-01 0.000e+00
2.300e+00 5.976e-01 0.000e+00
2.400e+00 4.846e-01 0.000e+00
2.500e+00 5.095e-01 0.000e+00
2.600e+00 5.547e-01 0.000e+00
2.700e+00 4.909e-01 0.000e+00
2.800e+00 4.719e-01 0.000e+00
2.900e+00 4.530e-01 0.000e+00
3.000e+00 4.010e-01 0.000e+00
3.100e+00 4.068e-01 0.000e+00
3.200e+00 3.441e-01 0.000e+00
3.300e+00 3.884e-01 0.000e+00
3.400e+00 3.507e-01 0.000e+00
3.500e+00 3.492e-01 0.000e+00
3.600e+00 3.781e-01 0.000e+00
3.700e+00 3.631e-01 0.000e+00
3.800e+00 3.299e-01 0.000e+00
3.900e+00 3.013e-01 0.000e+00
4.000e+00 2.813e-01 0.000e+00
4.100e+00 3.469e-01 0.000e+00
4.200e+00 3.336e-01 0.000e+00
4.300e+00 3.268e-01 0.000e+00
4.400e+00 3.620e-01 0.000e+00
4.500e+00 3.744e-01 0.000e+00
4.600e+00 2.974e-01 0.000e+00
4.700e+00 2.998e-01 0.000e+00
4.800e+00 3.174e-01 0.000e+00
4.900e+00 3.082e-01 0.000e+00
5.000e+00 2.594e-01 0.000e+00
5.100e+00 2.899e-01 0.000e+00
5.200e+00 2.804e-01 0.000e+00
5.300e+00 2.868e-01 0.000e+00
5.400e+00 2.847e-01 0.000e+00
5.500e+00 2.963e-01 0.000e+00
5.600e+00 2.981e-01 0.000e+00
5.700e+00 2.883e-01 0.000e+00
5.800e+00 2.487e-01 0.000e+00
5.900e+00 2.847e-01 0.000e+00
6.000e+00 2.704e-01 0.000e+00
6.100e+00 2.421e-01 0.000e+00
6.200e+00 2.656e-01 0.000e+00
6.300e+00 2.839e-01 0.000e+00
6.400e+00 2.469e-01 0.000e+00
6.500e+00 2.356e-01 0.000e+00
6.600e+00 2.422e-01 0.000e+00
6.700e+00 2.239e-01 0.000e+00
6.800e+00 1.918e-01 0.000e+00
6.900e+00 1.746e-01 0.000e+00
7.000e+00 2.081e-01 0.000e+00
7.100e+00 1.973e-01 0.000e+00
7.200e+00 1.717e-01 0.000e+00
7.300e+00 1.780e-01 0.000e+00
7.400e+00 1.802e-01 0.000e+00
7.500e+00 2.061e-01 0.000e+00
7.600e+00 1.801e-01 0.000e+00
7.700e+00 1.520e-01 0.000e+00
7.800e+00 1.640e-01 0.000e+00
7.900e+00 1.711e-01 0.000e+00
8.000e+00 1.595e-01 0.000e+00
8.100e+00 1.509e-01 0.000e+00
8.200e+00 1.251e-01 0.000e+00
8.300e+00 1.363e-01 0.000e+00
8.400e+00 1.414e-01 0.000e+00
8.500e+00 1.585e-01 0.000e+00
8.600e+00 1.589e-01 0.000e+00
8.700e+00 1.363e-01 0.000e+00
8.800e+00 1.433e-01 0.000e+00
8.900e+00 1.411e-01 0.000e+00
9.000e+00 1.581e-01 0.000e+00
9.100e+00 1.632e-01 0.000e+00
9.200e+00 1.561e-01 0.000e+00
9.300e+00 1.538e-01 0.000e+00
9.400e+00 1.519e-01 0.000e+00
9.500e+00 1.517e-01 0.000e+00
9.600e+00 1.733e-01 0.000e+00
9.700e+00 1.650e-01 0.000e+00
9.800e+00 1.558e-01 0.000e+00
9.900e+00 1.565e-01 0.000e+00
1.000e+01 1.812e-01 0.000e+00
1.010e+01 1.841e-01 0.000e+00
1.020e+01 1.713e-01 0.000e+00
1.030e+01 1.635e-01 0.000e+00
1.040e+01 1.470e-01 0.000e+00
1.050e+01 1.283e-01 0.000e+00
1.060e+01 1.256e-01 0.000e+00
1.070e+01 1.330e-01 0.000e+00
1.080e+01 1.266e-01 0.000e+00
1.090e+01 1.172e-01 0.000e+00
1.100e+01 1.084e-01 0.000e+00
1.110e+01 1.313e-01 0.000e+00
1.120e+01 1.213e-01 0.000e+00
1.130e+01 1.298e-01 0.000e+00
1.140e+01 1.248e-01 0.000e+00
1.150e+01 1.232e-01 0.000e+00
1.160e+01 1.204e-01 0.000e+00
1.170e+01 1.310e-01 0.000e+00
1.180e+01 1.168e-01 0.000e+00
1.190e+01 1.424e-01 0.000e+00
1.200e+01 1.557e-01 0.000e+00
1.210e+01 1.499e-01 0.000e+00
1.220e+01 1.445e-01 0.000e+00
1.230e+01 1.310e-01 0.000e+00
1.240e+01 1.465e-01 0.000e+00
1.250e+01 1.290e-01 0.000e+00
1.260e+01 1.190e-01 0.000e+00
1.270e+01 1.193e-01 0.000e+00
1.280e+01 1.408e-01 0.000e+00
1.290e+01 1.203e-01 0.000e+00
1.300e+01 1.187e-01 0.000e+00
1.310e+01 1.260e-01 0.000e+00
1.320e+01 1.252e-01 0.000e+00
1.330e+01 1.213e-01 0.000e+00
1.340e+01 1.097e-01 0.000e+00
1.350e+01 1.077e-01 0.000e+00
1.360e+01 1.257e-01 0.000e+00
1.370e+01 1.131e-01 0.000e+00
1.380e+01 1.139e-01 0.000e+00
1.390e+01 1.291e-01 0.000e+00
1.400e+01 1.156e-01 0.000e+00
1.410e+01 1.124e-01 0.000e+00
1.420e+01 1.102e-01 0.000e+00
1.430e+01 1.260e-01 0.000e+00
1.440e+01 1.329e-01 0.000e+00
1.450e+01 1.067e-01 0.000e+00
1.460e+01 1.049e-01 0.000e+00
1.470e+01 1.246e-01 0.000e+00
1.480e+01 1.064e-01 0.000e+00
1.490e+01 1.127e-01 0.000e+00
1.500e+01 1.111e-01 0.000e+00
1.510e+01 1.072e-01 0.000e+00
1.520e+01 1.144e-01 0.000e+00
1.530e+01 1.075e-01 0.000e+00
1.540e+01 1.069e-01 0.000e+00
1.550e+01 8.994e-02 0.000e+00
1.560e+01 8.889e-02 0.000e+00
1.570e+01 8.137e-02 0.000e+00
1.580e+01 1.014e-01 0.000e+00
1.590e+01 8.210e-02 0.000e+00
1.600e+01 8.406e-02 0.000e+00
1.610e+01 8.484e-02 0.000e+00
1.620e+01 8.174e-02 0.000e+00
1.630e+01 8.413e-02 0.000e+00
1.640e+01 8.764e-02 0.000e+00
1.650e+01 8.916e-02 0.000e+00
1.660e+01 8.187e-02 0.000e+00
1.670e+01 8.329e-02 0.000e+00
1.680e+01 8.102e-02 0.000e+00
1.690e+01 8.429e-02 0.000e+00
1.700e+01 8.800e-02 0.000e+00
1.710e+01 7.510e-02 0.000e+00
1.720e+01 7.996e-02 0.000e+00
1.730e+01 7.917e-02 0.000e+00
1.740e+01 8.109e-02 0.000e+00
1.750e+01 7.363e-02 0.000e+00
1.760e+01 6.526e-02 0.000e+00
1.770e+01 7.201e-02 0.000e+00
1.780e+01 6.380e-02 0.000e+00
1.790e+01 7.445e-02 0.000e+00
1.800e+01 6.992e-02 0.000e+00
1.810e+01 6.818e-02 0.000e+00
1.820e+01 8.224e-02 0.000e+00
1.830e+01 5.314e-02 0.000e+00
1.840e+01 7.070e-02 0.000e+00
1.850e+01 6.259e-02 0.000e+00
1.860e+01 6.639e-02 0.000e+00
1.870e+01 7.537e-02 0.000e+00
1.880e+01 7.008e-02 0.000e+00
1.890e+01 5.500e-02 0.000e+00
1.900e+01 4.741e-02 0.000e+00
1.910e+01 6.090e-02 0.000e+00
1.920e+01 3.379e-02 0.000e+00
1.930e+01 4.340e-02 0.000e+00
1.940e+01 4.154e-02 0.000e+00
1.950e+01 3.609e-02 0.000e+00
1.960e+01 4.244e-02 0.000e+00
1.970e+01 4.782e-02 0.000e+00
1.980e+01 4.495e-02 0.000e+00
1.990e+01 4.282e-02 0.000e+00
2.000e+01 3.109e-02 0.000e+00
2.010e+01 3.138e-02 0.000e+00
2.020e+01 4.016e-02 0.000e+00
2.030e+01 3.362e-02 0.000e+00
2.040e+01 5.565e-02 0.000e+00
2.050e+01 5.414e-02 0.000e+00
2.060e+01 5.289e-02 0.000e+00
2.070e+01 5.164e-02 0.000e+00
2.080e+01 3.817e-02 0.000e+00
2.090e+01 4.193e-02 0.000e+00
2.100e+01 3.787e-02 0.000e+00
2.110e+01 4.236e-02 0.000e+00
2.120e+01 5.459e-02 0.000e+00
2.130e+01 7.142e-02 0.000e+00
2.140e+01 4.917e-02 0.000e+00
2.150e+01 5.323e-02 0.000e+00
2.160e+01 5.576e-02 0.000e+00
2.170e+01 6.317e-02 0.000e+00
2.180e+01 6.918e-02 0.000e+00
2.190e+01 6.166e-02 0.000e+00
2.200e+01 5.402e-02 0.000e+00
2.210e+01 5.273e-02 0.000e+00
2.220e+01 5.603e-02 0.000e+00
2.230e+01 5.157e-02 0.000e+00
2.240e+01 5.370e-02 0.000e+00
2.250e+01 4.524e-02 0.000e+00
2.260e+01 3.921e-02 0.000e+00
2.270e+01 3.953e-02 0.000e+00
2.280e+01 4.285e-02 0.000e+00
2.290e+01 3.074e-02 0.000e+00
2.300e+01 3.420e-02 0.000e+00
2.310e+01 3.097e-02 0.000e+00
2.320e+01 4.425e-02 0.000e+00
2.330e+01 4.543e-02 0.000e+00
2.340e+01 4.160e-02 0.000e+00
2.350e+01 1.742e-02 0.000e+00
2.360e+01 3.122e-02 0.000e+00
2.370e+01 2.714e-02 0.000e+00
2.380e+01 1.895e-02 0.000e+00
2.390e+01 1.011e-02 0.000e+00
2.400e+01 3.106e-02 0.000e+00
2.410e+01 2.900e-02 0.000e+00
2.420e+01 3.982e-02 0.000e+00
2.430e+01 5.939e-02 0.000e+00
2.440e+01 4.859e-02 0.000e+00
2.450e+01 5.215e-02 0.000e+00
2.460e+01 5.789e-02 0.000e+00
2.470e+01 4.246e-02 0.000e+00
2.480e+01 5.757e-02 0.000e+00
2.490e+01 4.069e-02 0.000e+00
2.500e+01 4.374e-02 0.000e+00
2.510e+01 3.932e-02 0.000e+00
2.520e+01 3.512e-02 0.000e+00
2.530e+01 3.266e-02 0.000e+00
2.540e+01 3.210e-02 0.000e+00
2.550e+01 3.763e-02 0.000e+00
2.560e+01 3.358e-02 0.000e+00
2.570e+01 4.193e-02 0.000e+00
2.580e+01 4.194e-02 0.000e+00
2.590e+01 3.256e-02 0.000e+00
2.600e+01 3.528e-02 0.000e+00
2.610e+01 3.208e-02 0.000e+00
2.620e+01 3.823e-02 0.000e+00
2.630e+01 3.756e-02 0.000e+00
2.640e+01 3.162e-02 0.000e+00
2.650e+01 3.705e-02 0.000e+00
2.660e+01 3.849e-02 0.000e+00
2.670e+01 3.909e-02 0.000e+00
2.680e+01 4.288e-02 0.000e+00
2.690e+01 4.141e-02 0.000e+00
2.700e+01 4.380e-02 0.000e+00
2.710e+01 4.486e-02 0.000e+00
2.720e+01 4.266e-02 0.000e+00
2.730e+01 3.450e-02 0.000e+00
2.740e+01 3.781e-02 0.000e+00
2.750e+01 3.343e-02 0.000e+00
2.760e+01 2.962e-02 0.000e+00
2.770e+01 2.756e-02 0.000e+00
2.780e+01 3.146e-02 0.000e+00
2.790e+01 3.031e-02 0.000e+00
2.800e+01 3.006e-02 0.000e+00
2.810e+01 2.486e-02 0.000e+00
2.820e+01 2.244e-02 0.000e+00
2.830e+01 1.873e-02 0.000e+00
2.840e+01 2.182e-02 0.000e+00
2.850e+01 2.783e-02 0.000e+00
2.860e+01 2.164e-02 0.000e+00
2.870e+01 2.449e-02 0.000e+00
2.880e+01 2.606e-02 0.000e+00
2.890e+01 2.644e-02 0.000e+00
2.900e+01 2.581e-02 0.000e+00
2.910e+01 2.123e-02 0.000e+00
2.920e+01 2.198e-02 0.000e+00
2.930e+01 2.073e-02 0.000e+00
2.940e+01 2.614e-02 0.000e+00
2.950e+01 2.530e-02 0.000e+00
2.960e+01 2.298e-02 0.000e+00
2.970e+01 1.792e-02 0.000e+00
2.980e+01 1.359e-02 0.000e+00
2.990e+01 1.879e-02 0.000e+00
3.000e+01 2.153e-02 0.000e+00
3.010e+01 1.986e-02 0.000e+00
3.020e+01 1.793e-02 0.000e+00
3.030e+01 1.218e-02 0.000e+00
3.040e+01 7.428e-03 0.000e+00
3.050e+01 1.218e-02 0.000e+00
3.060e+01 9.175e-03 0.000e+00
3.070e+01 8.606e-03 0.000e+00
3.080e+01 3.887e-03 0.000e+00
3.090e+01 6.344e-03 0.000e+00
3.100e+01 7.292e-04 0.000e+00
3.110e+01 -9.665e-03 0.000e+00
3.120e+01 6.875e-03 0.000e+00
3.130e+01 5.521e-03 0.000e+00
3.140e+01 1.097e-02 0.000e+00
3.150e+01 6.961e-03 0.000e+00
3.160e+01 -5.644e-03 0.000e+00
3.170e+01 -4.822e-03 0.000e+00
3.180e+01 -6.355e-03 0.000e+00
3.190e+01 6.658e-03 0.000e+00
3.200e+01 -1.562e-02 0.000e+00
3.210e+01 -5.016e-03 0.000e+00
3.220e+01 -1.037e-02 0.000e+00
3.230e+01 -1.543e-03 0.000e+00
3.240e+01 -6.174e-03 0.000e+00
3.250e+01 -1.745e-03 0.000e+00
3.260e+01 1.482e-02 0.000e+00
3.270e+01 1.352e-02 0.000e+00
3.280e+01 1.401e-02 0.000e+00
3.290e+01 8.572e-03 0.000e+00
3.300e+01 5.607e-03 0.000e+00
3.310e+01 9.467e-03 0.000e+00
3.320e+01 9.658e-03 0.000e+00
3.330e+01 1.337e-02 0.000e+00
3.340e+01 1.999e-02 0.000e+00
3.350e+01 1.650e-02 0.000e+00
3.360e+01 1.209e-02 0.000e+00
3.370e+01 1.300e-02 0.000e+00
3.380e+01 1.252e-02 0.000e+00
3.390e+01 1.362e-02 0.000e+00
3.400e+01 1.858e-02 0.000e+00
3.410e+01 1.474e-02 0.000e+00
3.420e+01 1.751e-02 0.000e+00
3.430e+01 1.316e-02 0.000e+00
3.440e+01 6.429e-03 0.000e+00
3.450e+01 7.429e-03 0.000e+00
3.460e+01 6.044e-03 0.000e+00
3.470e+01 3.655e-03 0.000e+00
3.480e+01 4.728e-04 0.000e+00
3.490e+01 1.947e-03 0.000e+00
3.500e+01 5.124e-03 0.000e+00
3.510e+01 4.980e-03 0.000e+00
3.520e+01 6.778e-03 0.000e+00
3.530e+01 6.953e-03 0.000e+00
3.540e+01 9.180e-03 0.000e+00
3.550e+01 5.594e-03 0.000e+00
3.560e+01 8.150e-03 0.000e+00
3.570e+01 8.947e-03 0.000e+00
3.580e+01 1.101e-02 0.000e+00
3.590e+01 6.707e-03 0.000e+00
3.600e+01 3.836e-03 0.000e+00
3.610e+01 1.149e-02 0.000e+00
3.620e+01 1.112e-02 0.000e+00
3.630e+01 1.143e-02 0.000e+00
3.640e+01 1.175e-02 0.000e+00
3.650e+01 1.202e-02 0.000e+00
3.660e+01 1.392e-02 0.000e+00
3.670e+01 1.600e-02 0.000e+00
3.680e+01 1.180e-02 0.000e+00
3.690e+01 1.480e-02 0.000e+00
3.700e+01 1.833e-02 0.000e+00
3.710e+01 1.197e-02 0.000e+00
3.720e+01 6.666e-03 0.000e+00
3.730e+01 8.163e-04 0.000e+00
3.740e+01 1.002e-02 0.000e+00
3.750e+01 -1.427e-03 0.000e+00
3.760e+01 6.444e-03 0.000e+00
3.770e+01 6.398e-03 0.000e+00
3.780e+01 9.889e-03 0.000e+00
3.790e+01 1.919e-02 0.000e+00
3.800e+01 6.995e-03 0.000e+00
3.810e+01 9.860e-03 0.000e+00
3.820e+01 9.695e-03 0.000e+00
3.830e+01 1.929e-02 0.000e+00
3.840e+01 1.845e-02 0.000e+00
3.850e+01 1.347e-02 0.000e+00
3.860e+01 1.775e-02 0.000e+00
3.870e+01 1.969e-02 0.000e+00
3.880e+01 1.279e-02 0.000e+00
3.890e+01 1.542e-02 0.000e+00
3.900e+01 1.663e-02 0.000e+00
3.910e+01 7.244e-03 0.000e+00
3.920e+01 8.596e-03 0.000e+00
3.930e+01 1.944e-03 0.000e+00
3.940e+01 1.975e-03 0.000e+00
3.950e+01 2.275e-03 0.000e+00
3.960e+01 3.484e-03 0.000e+00
3.970e+01 5.931e-03 0.000e+00
3.980e+01 3.142e-03 0.000e+00
3.990e+01 1.446e-02 0.000e+00
4.000e+01 1.002e-02 0.000e+00
4.010e+01 6.526e-03 0.000e+00
4.020e+01 3.620e-03 0.000e+00
4.030e+01 9.917e-03 0.000e+00
4.040e+01 8.525e-03 0.000e+00
4.050e+01 7.988e-03 0.000e+00
4.060e+01 3.421e-03 0.000e+00
4.070e+01 9.782e-04 0.000e+00
4.080e+01 5.233e-03 0.000e+00
4.090e+01 8.623e-03 0.000e+00
4.100e+01 1.031e-02 0.000e+00
4.110e+01 8.733e-03 0.000e+00
4.120e+01 6.180e-03 0.000e+00
4.130e+01 -4.210e-03 0.000e+00
4.140e+01 -5.002e-03 0.000e+00
4.150e+01 -2.052e-03 0.000e+00
4.160e+01 2.645e-03 0.000e+00
4.170e+01 -1.764e-03 0.000e+00
4.180e+01 2.420e-03 0.000e+00
4.190e+01 3.292e-03 0.000e+00
4.200e+01 8.024e-03 0.000e+00
4.210e+01 1.571e-02 0.000e+00
4.220e+01 2.094e-02 0.000e+00
4.230e+01 2.398e-02 0.000e+00
4.240e+01 2.611e-02 0.000e+00
4.250e+01 2.907e-02 0.000e+00
4.260e+01 2.070e-02 0.000e+00
4.270e+01 1.510e-02 0.000e+00
4.280e+01 1.961e-02 0.000e+00
4.290e+01 1.250e-02 0.000e+00
4.300e+01 2.065e-02 0.000e+00
4.310e+01 2.024e-02 0.000e+00
4.320e+01 1.664e-02 0.000e+00
4.330e+01 1.772e-02 0.000e+00
4.340e+01 1.367e-02 0.000e+00
4.350e+01 1.366e-02 0.000e+00
4.360e+01 1.339e-02 0.000e+00
4.370e+01 1.699e-02 0.000e+00
4.380e+01 1.250e-02 0.000e+00
4.390e+01 1.333e-02 0.000e+00
4.400e+01 1.820e-02 0.000e+00
4.410e+01 1.526e-02 0.000e+00
4.420e+01 1.589e-02 0.000e+00
4.430e+01 8.321e-03 0.000e+00
4.440e+01 1.515e-02 0.000e+00
4.450e+01 1.183e-02 0.000e+00
4.460e+01 1.148e-02 0.000e+00
4.470e+01 1.704e-02 0.000e+00
4.480e+01 1.458e-02 0.000e+00
4.490e+01 1.197e-02 0.000e+00
4.500e+01 1.506e-02 0.000e+00
4.510e+01 4.877e-03 0.000e+00
4.520e+01 2.846e-03 0.000e+00
4.530e+01 6.339e-03 0.000e+00
4.540e+01 1.011e-02 0.000e+00
4.550e+01 1.576e-02 0.000e+00
4.560e+01 1.034e-02 0.000e+00
4.570e+01 7.277e-03 0.000e+00
4.580e+01 9.393e-03 0.000e+00
4.590e+01 1.199e-02 0.000e+00
4.600e+01 9.018e-03 0.000e+00
4.610e+01 5.918e-03 0.000e+00
4.620e+01 5.938e-03 0.000e+00
4.630e+01 1.270e-02 0.000e+00
4.640e+01 1.141e-02 0.000e+00
4.650e+01 1.850e-02 0.000e+00
4.660e+01 1.760e-02 0.000e+00
4.670e+01 2.084e-02 0.000e+00
4.680e+01 2.024e-02 0.000e+00
4.690e+01 2.675e-02 0.000e+00
4.700e+01 2.715e-02 0.000e+00
4.710e+01 2.972e-02 0.000e+00
4.720e+01 2.428e-02 0.000e+00
4.730e+01 2.073e-02 0.000e+00
4.740e+01 2.525e-02 0.000e+00
4.750e+01 2.204e-02 0.000e+00
4.760e+01 1.894e-02 0.000e+00
4.770e+01 1.427e-02 0.000e+00
4.780e+01 7.889e-03 0.000e+00
4.790e+01 1.308e-02 0.000e+00
4.800e+01 1.117e-02 0.000e+00
4.810e+01 9.645e-03 0.000e+00
4.820e+01 5.682e-03 0.000e+00
4.830e+01 9.747e-03 0.000e+00
4.840e+01 4.171e-03 0.000e+00
4.850e+01 3.643e-03 0.000e+00
4.860e+01 1.676e-03 0.000e+00
4.870e+01 8.164e-04 0.000e+00
4.880e+01 5.968e-03 0.000e+00
4.890e+01 1.873e-02 0.000e+00
4.900e+01 2.237e-02 0.000e+00
4.910e+01 1.393e-02 0.000e+00
4.920e+01 2.707e-02 0.000e+00
4.930e+01 2.390e-02 0.000e+00
4.940e+01 1.426e-02 0.000e+00
4.950e+01 1.094e-02 0.000e+00
4.960e+01 1.063e-02 0.000e+00
4.970e+01 8.975e-03 0.000e+00
4.980e+01 2.465e-03 0.000e+00
4.990e+01 1.487e-02 0.000e+00
5.000e+01 9.369e-03 0.000e+00
5.010e+01 9.393e-03 0.000e+00
5.020e+01 1.485e-02 0.000e+00
5.030e+01 1.300e-02 0.000e+00
5.040e+01 1.895e-02 0.000e+00
5.050e+01 1.003e-02 0.000e+00
5.060e+01 6.058e-03 0.000e+00
5.070e+01 1.641e-02 0.000e+00
5.080e+01 1.829e-02 0.000e+00
5.090e+01 2.562e-03 0.000e+00
5.100e+01 1.045e-02 0.000e+00
5.110e+01 1.700e-02 0.000e+00
5.120e+01 1.876e-02 0.000e+00
5.130e+01 1.467e-02 0.000e+00
5.140e+01 1.600e-02 0.000e+00
5.150e+01 1.738e-02 0.000e+00
5.160e+01 1.789e-02 0.000e+00
5.170e+01 7.755e-03 0.000e+00
5.180e+01 1.217e-02 0.000e+00
5.190e+01 2.740e-03 0.000e+00
5.200e+01 1.046e-02 0.000e+00
5.210e+01 2.019e-02 0.000e+00
5.220e+01 2.419e-02 0.000e+00
5.230e+01 3.771e-02 0.000e+00
5.240e+01 3.088e-02 0.000e+00
5.250e+01 8.425e-03 0.000e+00
5.260e+01 5.971e-03 0.000e+00
5.270e+01 9.090e-03 0.000e+00
5.280e+01 9.433e-03 0.000e+00
5.290e+01 1.044e-02 0.000e+00
5.300e+01 1.348e-02 0.000e+00
5.310e+01 1.012e-02 0.000e+00
5.320e+01 9.305e-03 0.000e+00
5.330e+01 8.552e-03 0.000e+00
5.340e+01 8.946e-03 0.000e+00
5.350e+01 1.037e-02 0.000e+00
5.360e+01 1.060e-02 0.000e+00
5.370e+01 7.097e-03 0.000e+00
5.380e+01 6.678e-03 0.000e+00
5.390e+01 6.240e-03 0.000e+00
5.400e+01 4.008e-03 0.000e+00
5.410e+01 4.074e-03 0.000e+00
5.420e+01 4.948e-03 0.000e+00
5.430e+01 -6.146e-04 0.000e+00
5.440e+01 6.045e-03 0.000e+00
5.450e+01 8.945e-03 0.000e+00
5.460e+01 6.365e-03 0.000e+00
5.470e+01 8.400e-03 0.000e+00
5.480e+01 1.412e-02 0.000e+00
5.490e+01 1.454e-02 0.000e+00
5.500e+01 1.495e-02 0.000e+00
5.510e+01 1.333e-02 0.000e+00
5.520e+01 1.369e-02 0.000e+00
5.530e+01 9.221e-03 0.000e+00
5.540e+01 4.037e-03 0.000e+00
5.550e+01 7.704e-03 0.000e+00
5.560e+01 4.907e-03 0.000e+00
5.570e+01 8.661e-03 0.000e+00
5.580e+01 9.896e-03 0.000e+00
5.590e+01 1.250e-02 0.000e+00
5.600e+01 1.367e-02 0.000e+00
5.610e+01 1.319e-02 0.000e+00
5.620e+01 9.250e-03 0.000e+00
5.630e+01 8.357e-03 0.000e+00
5.640e+01 1.028e-02 0.000e+00
5.650e+01 1.434e-02 0.000e+00
5.660e+01 1.357e-02 0.000e+00
5.670e+01 1.316e-02 0.000e+00
5.680e+01 1.649e-02 0.000e+00
5.690e+01 1.690e-02 0.000e+00
5.700e+01 1.491e-02 0.000e+00
5.710e+01 1.397e-02 0.000e+00
5.720e+01 1.681e-02 0.000e+00
5.730e+01 1.453e-02 0.000e+00
5.740e+01 1.506e-02 0.000e+00
5.750e+01 1.278e-02 0.000e+00
5.760e+01 1.354e-02 0.000e+00
5.770e+01 1.377e-02 0.000e+00
5.780e+01 1.079e-02 0.000e+00
5.790e+01 1.149e-02 0.000e+00
5.800e+01 1.793e-02 0.000e+00
5.810e+01 1.519e-02 0.000e+00
5.820e+01 1.698e-02 0.000e+00
5.830e+01 1.930e-02 0.000e+00
5.840e+01 2.027e-02 0.000e+00
5.850e+01 1.243e-02 0.000e+00
5.860e+01 1.369e-02 0.000e+00
5.870e+01 1.417e-02 0.000e+00
5.880e+01 1.465e-02 0.000e+00
5.890e+01 1.043e-02 0.000e+00
5.900e+01 6.538e-03 0.000e+00
5.910e+01 9.867e-03 0.000e+00
5.920e+01 1.343e-02 0.000e+00
5.930e+01 1.694e-02 0.000e+00
5.940e+01 1.589e-02 0.000e+00
5.950e+01 1.456e-02 0.000e+00
5.960e+01 1.055e-02 0.000e+00
5.970e+01 6.266e-03 0.000e+00
5.980e+01 6.795e-03 0.000e+00
5.990e+01 9.847e-03 0.000e+00
6.000e+01 8.755e-03 0.000e+00
6.010e+01 1.035e-02 0.000e+00
6.020e+01 1.381e-02 0.000e+00
6.030e+01 1.024e-02 0.000e+00
6.040e+01 4.377e-03 0.000e+00
6.050e+01 4.172e-03 0.000e+00
6.060e+01 2.234e-03 0.000e+00
6.070e+01 3.495e-03 0.000e+00
6.080e+01 3.180e-03 0.000e+00
6.090e+01 3.571e-03 0.000e+00
6.100e+01 5.653e-03 0.000e+00
6.110e+01 3.331e-03 0.000e+00
6.120e+01 2.424e-03 0.000e+00
6.130e+01 1.410e-03 0.000e+00
6.140e+01 5.286e-03 0.000e+00
6.150e+01 3.236e-03 0.000e+00
6.160e+01 5.091e-03 0.000e+00
6.170e+01 4.926e-03 0.000e+00
6.180e+01 4.365e-03 0.000e+00
6.190e+01 5.296e-03 0.000e+00
6.200e+01 3.757e-03 0.000e+00
6.210e+01 2.976e-03 0.000e+00
6.220e+01 3.082e-03 0.000e+00
6.230e+01 2.119e-03 0.000e+00
6.240e+01 1.028e-03 0.000e+00
6.250e+01 -7.044e-05 0.000e+00
6.260e+01 2.330e-03 0.000e+00
6.270e+01 9.081e-04 0.000e+00
6.280e+01 3.154e-03 0.000e+00
6.290e+01 3.729e-04 0.000e+00
6.300e+01 4.803e-03 0.000e+00
6.310e+01 4.029e-03 0.000e+00
6.320e+01 4.980e-03 0.000e+00
6.330e+01 6.199e-03 0.000e+00
6.340e+01 8.124e-03 0.000e+00
6.350e+01 9.594e-03 0.000e+00
6.360e+01 9.928e-03 0.000e+00
6.370e+01 1.085e-02 0.000e+00
6.380e+01 1.124e-02 0.000e+00
6.390e+01 8.877e-03 0.000e+00
6.400e+01 1.125e-02 0.000e+00
6.410e+01 1.032e-02 0.000e+00
6.420e+01 1.072e-02 0.000e+00
6.430e+01 6.459e-03 0.000e+00
6.440e+01 4.764e-03 0.000e+00
6.450e+01 7.470e-03 0.000e+00
6.460e+01 7.152e-03 0.000e+00
6.470e+01 9.002e-03 0.000e+00
6.480e+01 9.561e-03 0.000e+00
6.490e+01 8.970e-03 0.000e+00
6.500e+01 1.263e-02 0.000e+00
6.510e+01 1.054e-02 0.000e+00
6.520e+01 1.006e-02 0.000e+00
6.530e+01 1.344e-02 0.000e+00
6.540e+01 1.164e-02 0.000e+00
6.550e+01 9.673e-03 0.000e+00
6.560e+01 8.906e-03 0.000e+00
6.570e+01 8.427e-03 0.000e+00
6.580e+01 8.277e-03 0.000e+00
6.590e+01 9.027e-03 0.000e+00
6.600e+01 1.005e-02 0.000e+00
6.610e+01 9.833e-03 0.000e+00
6.620e+01 6.919e-03 0.000e+00
6.630e+01 5.295e-03 0.000e+00
6.640e+01 5.116e-03 0.000e+00
6.650e+01 6.259e-03 0.000e+00
6.660e+01 5.203e-03 0.000e+00
6.670e+01 5.678e-03 0.000e+00
6.680e+01 4.992e-03 0.000e+00
6.690e+01 6.392e-03 0.000e+00
6.700e+01 6.358e-03 0.000e+00
6.710e+01 8.146e-03 0.000e+00
6.720e+01 7.878e-03 0.000e+00
6.730e+01 7.193e-03 0.000e+00
6.740e+01 7.840e-03 0.000e+00
6.750e+01 5.774e-03 0.000e+00
6.760e+01 5.493e-03 0.000e+00
6.770e+01 7.650e-03 0.000e+00
6.780e+01 1.056e-02 0.000e+00
6.790e+01 1.037e-02 0.000e+00
6.800e+01 8.564e-03 0.000e+00
6.810e+01 7.484e-03 0.000e+00
6.820e+01 9.143e-03 0.000e+00
6.830e+01 1.003e-02 0.000e+00
6.840e+01 1.162e-02 0.000e+00
6.850e+01 1.112e-02 0.000e+00
6.860e+01 8.449e-03 0.000e+00
6.870e+01 1.015e-02 0.000e+00
6.880e+01 1.189e-02 0.000e+00
6.890e+01 1.289e-02 0.000e+00
6.900e+01 9.147e-03 0.000e+00
6.910e+01 6.640e-03 0.000e+00
6.920e+01 6.086e-03 0.000e+00
6.930e+01 3.943e-03 0.000e+00
6.940e+01 8.414e-03 0.000e+00
6.950e+01 9.359e-03 0.000e+00
6.960e+01 8.679e-03 0.000e+00
6.970e+01 8.766e-03 0.000e+00
6.980e+01 7.480e-03 0.000e+00
6.990e+01 7.408e-03 0.000e+00
7.000e+01 6.619e-03 0.000e+00
7.010e+01 9.885e-03 0.000e+00
7.020e+01 9.479e-03 0.000e+00
7.030e+01 7.288e-03 0.000e+00
7.040e+01 1.075e-02 0.000e+00
7.050e+01 1.291e-02 0.000e+00
7.060e+01 8.465e-03 0.000e+00
7.070e+01 5.867e-03 0.000e+00
7.080e+01 7.585e-03 0.000e+00
7.090e+01 5.635e-03 0.000e+00
7.100e+01 6.619e-03 0.000e+00
7.110e+01 5.643e-03 0.000e+00
7.120e+01 7.850e-03 0.000e+00
7.130e+01 7.350e-03 0.000e+00
7.140e+01 8.353e-03 0.000e+00
7.150e+01 7.226e-03 0.000e+00
7.160e+01 5.970e-03 0.000e+00
7.170e+01 7.748e-03 0.000e+00
7.180e+01 8.470e-03 0.000e+00
7.190e+01 7.797e-03 0.000e+00
7.200e+01 9.975e-03 0.000e+00
7.210e+01 1.080e-02 0.000e+00
7.220e+01 1.016e-02 0.000e+00
7.230e+01 1.152e-02 0.000e+00
7.240e+01 1.020e-02 0.000e+00
7.250e+01 9.661e-03 0.000e+00
7.260e+01 9.097e-03 0.000e+00
7.270e+01 9.522e-03 0.000e+00
7.280e+01 8.524e-03 0.000e+00
7.290e+01 9.818e-03 0.000e+00
7.300e+01 1.078e-02 0.000e+00
7.310e+01 1.211e-02 0.000e+00
7.320e+01 1.289e-02 0.000e+00
7.330e+01 1.190e-02 0.000e+00
7.340e+01 8.894e-03 0.000e+00
7.350e+01 7.956e-03 0.000e+00
7.360e+01 9.943e-03 0.000e+00
7.370e+01 1.041e-02 0.000e+00
7.380e+01 8.446e-03 0.000e+00
7.390e+01 9.279e-03 0.000e+00
7.400e+01 1.027e-02 0.000e+00
7.410e+01 1.076e-02 0.000e+00
7.420e+01 1.036e-02 0.000e+00
7.430e+01 1.224e-02 0.000e+00
7.440e+01 1.291e-02 0.000e+00
7.450e+01 1.238e-02 0.000e+00
7.460e+01 1.374e-02 0.000e+00
7.470e+01 1.219e-02 0.000e+00
7.480e+01 1.044e-02 0.000e+00
7.490e+01 1.255e-02 0.000e+00
7.500e+01 1.354e-02 0.000e+00
7.510e+01 1.417e-02 0.000e+00
7.520e+01 1.184e-02 0.000e+00
7.530e+01 1.280e-02 0.000e+00
7.540e+01 1.258e-02 0.000e+00
7.550e+01 8.588e-03 0.000e+00
7.560e+01 1.058e-02 0.000e+00
7.570e+01 1.368e-02 0.000e+00
7.580e+01 1.039e-02 0.000e+00
7.590e+01 9.071e-03 0.000e+00
7.600e+01 8.144e-03 0.000e+00
7.610e+01 8.013e-03 0.000e+00
7.620e+01 8.108e-03 0.000e+00
7.630e+01 4.732e-03 0.000e+00
7.640e+01 4.056e-03 0.000e+00
7.650e+01 5.937e-03 0.000e+00
7.660e+01 6.095e-03 0.000e+00
7.670e+01 5.668e-03 0.000e+00
7.680e+01 4.972e-03 0.000e+00
7.690e+01 6.679e-03 0.000e+00
7.700e+01 6.286e-03 0.000e+00
7.710e+01 6.637e-03 0.000e+00
7.720e+01 6.779e-03 0.000e+00
7.730e+01 8.902e-03 0.000e+00
7.740e+01 5.844e-03 0.000e+00
7.750e+01 5.999e-03 0.000e+00
7.760e+01 8.996e-03 0.000e+00
7.770e+01 7.894e-03 0.000e+00
7.780e+01 1.197e-02 0.000e+00
7.790e+01 1.403e-02 0.000e+00
7.800e+01 1.068e-02 0.000e+00
7.810e+01 1.103e-02 0.000e+00
7.820e+01 1.266e-02 0.000e+00
7.830e+01 1.121e-02 0.000e+00
7.840e+01 1.231e-02 0.000e+00
7.850e+01 1.383e-02 0.000e+00
7.860e+01 1.331e-02 0.000e+00
7.870e+01 1.045e-02 0.000e+00
7.880e+01 1.030e-02 0.000e+00
7.890e+01 1.061e-02 0.000e+00
7.900e+01 1.078e-02 0.000e+00
7.910e+01 1.114e-02 0.000e+00
7.920e+01 1.238e-02 0.000e+00
7.930e+01 8.696e-03 0.000e+00
7.940e+01 8.223e-03 0.000e+00
7.950e+01 8.864e-03 0.000e+00
7.960e+01 7.860e-03 0.000e+00
7.970e+01 5.784e-03 0.000e+00
7.980e+01 6.081e-03 0.000e+00
7.990e+01 6.322e-03 0.000e+00
8.000e+01 5.725e-03 0.000e+00
8.010e+01 5.095e-03 0.000e+00
8.020e+01 5.409e-03 0.000e+00
8.030e+01 5.301e-03 0.000e+00
8.040e+01 4.184e-03 0.000e+00
8.050e+01 4.836e-03 0.000e+00
8.060e+01 6.686e-03 0.000e+00
8.070e+01 7.620e-03 0.000e+00
8.080e+01 6.809e-03 0.000e+00
8.090e+01 6.574e-03 0.000e+00
8.100e+01 7.196e-03 0.000e+00
8.110e+01 7.255e-03 0.000e+00
8.120e+01 3.836e-03 0.000e+00
8.130e+01 3.317e-03 0.000e+00
8.140e+01 4.543e-03 0.000e+00
8.150e+01 -2.902e-04 0.000e+00
8.160e+01 3.853e-03 0.000e+00
8.170e+01 1.277e-03 0.000e+00
8.180e+01 3.012e-03 0.000e+00
8.190e+01 2.208e-03 0.000e+00
8.200e+01 9.625e-04 0.000e+00
8.210e+01 4.072e-03 0.000e+00
8.220e+01 4.843e-03 0.000e+00
8.230e+01 5.608e-03 0.000e+00
8.240e+01 6.629e-03 0.000e+00
8.250e+01 7.343e-03 0.000e+00
8.260e+01 8.475e-03 0.000e+00
8.270e+01 8.532e-03 0.000e+00
8.280e+01 5.751e-03 0.000e+00
8.290e+01 6.621e-03 0.000e+00
8.300e+01 4.945e-03 0.000e+00
8.310e+01 7.113e-03 0.000e+00
8.320e+01 6.210e-03 0.000e+00
8.330e+01 6.990e-03 0.000e+00
8.340e+01 7.171e-03 0.000e+00
8.350e+01 6.943e-03 0.000e+00
8.360e+01 6.128e-03 0.000e+00
8.370e+01 5.365e-03 0.000e+00
8.380e+01 6.735e-03 0.000e+00
8.390e+01 6.606e-03 0.000e+00
8.400e+01 6.877e-03 0.000e+00
8.410e+01 8.700e-03 0.000e+00
8.420e+01 9.040e-03 0.000e+00
8.430e+01 7.928e-03 0.000e+00
8.440e+01 7.926e-03 0.000e+00
8.450e+01 6.741e-03 0.000e+00
8.460e+01 6.514e-03 0.000e+00
8.470e+01 6.918e-03 0.000e+00
8.480e+01 5.981e-03 0.000e+00
8.490e+01 4.887e-03 0.000e+00
8.500e+01 3.632e-03 0.000e+00
8.510e+01 3.412e-03 0.000e+00
8.520e+01 3.182e-03 0.000e+00
8.530e+01 4.157e-03 0.000e+00
8.540e+01 5.257e-03 0.000e+00
8.550e+01 3.793e-03 0.000e+00
8.560e+01 3.198e-03 0.000e+00
8.570e+01 4.542e-03 0.000e+00
8.580e+01 4.669e-03 0.000e+00
8.590e+01 4.297e-03 0.000e+00
8.600e+01 2.401e-03 0.000e+00
8.610e+01 2.784e-03 0.000e+00
8.620e+01 4.163e-03 0.000e+00
8.630e+01 5.146e-03 0.000e+00
8.640e+01 6.131e-03 0.000e+00
8.650e+01 6.306e-03 0.000e+00
8.660e+01 6.557e-03 0.000e+00
8.670e+01 6.669e-03 0.000e+00
8.680e+01 6.799e-03 0.000e+00
8.690e+01 7.708e-03 0.000e+00
8.700e+01 8.592e-03 0.000e+00
8.710e+01 8.915e-03 0.000e+00
8.720e+01 8.193e-03 0.000e+00
8.730e+01 7.306e-03 0.000e+00
8.740e+01 6.885e-03 0.000e+00
8.750e+01 8.061e-03 0.000e+00
8.760e+01 7.465e-03 0.000e+00
8.770e+01 8.340e-03 0.000e+00
8.780e+01 8.347e-03 0.000e+00
8.790e+01 8.749e-03 0.000e+00
8.800e+01 8.691e-03 0.000e+00
8.810e+01 8.379e-03 0.000e+00
8.820e+01 8.149e-03 0.000e+00
8.830e+01 6.851e-03 0.000e+00
8.840e+01 6.771e-03 0.000e+00
8.850e+01 6.925e-03 0.000e+00
8.860e+01 6.079e-03 0.000e+00
8.870e+01 6.543e-03 0.000e+00
8.880e+01 6.677e-03 0.000e+00
8.890e+01 6.484e-03 0.000e+00
8.900e+01 6.583e-03 0.000e+00
8.910e+01 6.527e-03 0.000e+00
8.920e+01 7.915e-03 0.000e+00
8.930e+01 7.599e-03 0.000e+00
8.940e+01 6.863e-03 0.000e+00
8.950e+01 8.112e-03 0.000e+00
8.960e+01 8.488e-03 0.000e+00
8.970e+01 1.091e-02 0.000e+00
8.980e+01 1.235e-02 0.000e+00
8.990e+01 7.927e-03 0.000e+00
9.000e+01 6.546e-03 0.000e+00
9.010e+01 6.739e-03 0.000e+00
9.020e+01 4.873e-03 0.000e+00
9.030e+01 4.360e-03 0.000e+00
9.040e+01 4.594e-03 0.000e+00
9.050e+01 4.904e-03 0.000e+00
9.060e+01 8.549e-03 0.000e+00
9.070e+01 9.786e-03 0.000e+00
9.080e+01 9.856e-03 0.000e+00
9.090e+01 1.089e-02 0.000e+00
9.100e+01 8.354e-03 0.000e+00
9.110e+01 9.088e-03 0.000e+00
9.120e+01 9.929e-03 0.000e+00
9.130e+01 1.149e-02 0.000e+00
9.140e+01 1.101e-02 0.000e+00
9.150e+01 1.001e-02 0.000e+00
9.160e+01 1.045e-02 0.000e+00
9.170e+01 1.246e-02 0.000e+00
9.180e+01 8.480e-03 0.000e+00
9.190e+01 7.122e-03 0.000e+00
9.200e+01 6.242e-03 0.000e+00
9.210e+01 5.393e-03 0.000e+00
9.220e+01 6.420e-03 0.000e+00
9.230e+01 6.294e-03 0.000e+00
9.240e+01 7.728e-03 0.000e+00
9.250e+01 7.343e-03 0.000e+00
9.260e+01 8.828e-03 0.000e+00
9.270e+01 8.390e-03 0.000e+00
9.280e+01 7.718e-03 0.000e+00
9.290e+01 7.098e-03 0.000e+00
9.300e+01 5.498e-03 0.000e+00
9.310e+01 6.296e-03 0.000e+00
9.320e+01 7.358e-03 0.000e+00
9.330e+01 6.998e-03 0.000e+00
9.340e+01 4.748e-03 0.000e+00
9.350e+01 6.617e-03 0.000e+00
9.360e+01 8.230e-03 0.000e+00
9.370e+01 7.423e-03 0.000e+00
9.380e+01 7.756e-03 0.000e+00
9.390e+01 8.072e-03 0.000e+00
9.400e+01 8.170e-03 0.000e+00
9.410e+01 8.322e-03 0.000e+00
9.420e+01 5.795e-03 0.000e+00
9.430e+01 9.404e-03 0.000e+00
9.440e+01 1.086e-02 0.000e+00
9.450e+01 8.738e-03 0.000e+00
9.460e+01 7.207e-03 0.000e+00
9.470e+01 8.380e-03 0.000e+00
9.480e+01 7.529e-03 0.000e+00
9.490e+01 7.541e-03 0.000e+00
9.500e+01 7.362e-03 0.000e+00
9.510e+01 7.331e-03 0.000e+00
9.520e+01 5.498e-03 0.000e+00
9.530e+01 4.795e-03 0.000e+00
9.540e+01 4.774e-03 0.000e+00
9.550e+01 4.432e-03 0.000e+00
9.560e+01 4.842e-03 0.000e+00
9.570e+01 6.428e-03 0.000e+00
9.580e+01 6.075e-03 0.000e+00
9.590e+01 6.442e-03 0.000e+00
9.600e+01 4.392e-03 0.000e+00
9.610e+01 1.960e-03 0.000e+00
9.620e+01 3.378e-03 0.000e+00
9.630e+01 5.574e-03 0.000e+00
9.640e+01 4.958e-03 0.000e+00
9.650e+01 4.618e-03 0.000e+00
9.660e+01 4.631e-03 0.000e+00
9.670e+01 3.634e-03 0.000e+00
9.680e+01 2.833e-03 0.000e+00
9.690e+01 3.121e-03 0.000e+00
9.700e+01 2.592e-03 0.000e+00
9.710e+01 2.525e-03 0.000e+00
9.720e+01 4.197e-03 0.000e+00
9.730e+01 3.857e-03 0.000e+00
9.740e+01 4.691e-03 0.000e+00
9.750e+01 7.609e-03 0.000e+00
9.760e+01 5.153e-03 0.000e+00
9.770e+01 4.824e-03 0.000e+00
9.780e+01 5.473e-03 0.000e+00
9.790e+01 5.241e-03 0.000e+00
9.800e+01 7.367e-03 0.000e+00
9.810e+01 4.720e-03 0.000e+00
9.820e+01 5.548e-03 0.000e+00
9.830e+01 5.979e-03 0.000e+00
9.840e+01 5.109e-03 0.000e+00
9.850e+01 4.457e-03 0.000e+00
9.860e+01 4.080e-03 0.000e+00
9.870e+01 4.214e-03 0.000e+00
9.880e+01 4.346e-03 0.000e+00
9.890e+01 4.233e-03 0.000e+00
9.900e+01 4.596e-03 0.000e+00
9.910e+01 4.992e-03 0.000e+00
9.920e+01 4.610e-03 0.000e+00
9.930e+01 3.474e-03 0.000e+00
9.940e+01 2.579e-03 0.000e+00
9.950e+01 3.006e-03 0.000e+00
9.960e+01 2.145e-03 0.000e+00
9.970e+01 2.648e-03 0.000e+00
9.980e+01 2.049e-03 0.000e+00
9.990e+01 3.402e-03 0.000e+00
