# Time (ps)      real(F_2)      im(F_2)
0.000e+00 1.000e+00 0.000e+00
1.000e-01 9.627e-01 1.566e-03
2.000e-01 8.741e-01 -1.469e-02
3.000e-01 8.800e-01 1.786e-03
4.000e-01 8.622e-01 -4.590e-03
5.000e-01 7.789e-01 4.937e-02
6.000e-01 7.209e-01 8.014e-02
7.000e-01 7.419e-01 1.813e-02
8.000e-01 7.591e-01 -9.253e-03
9.000e-01 6.660e-01 1.751e-02
1.000e+00 6.425e-01 3.523e-02
1.100e+00 6.687e-01 3.351e-02
1.200e+00 6.286e-01 5.627e-02
1.300e+00 6.177e-01 4.845e-02
1.400e+00 5.927e-01 4.523e-02
1.500e+00 6.006e-01 -2.549e-03
1.600e+00 5.614e-01 -1.066e-02
1.700e+00 5.169e-01 -2.421e-02
1.800e+00 5.220e-01 -4.778e-02
1.900e+00 5.096e-01 -3.323e-02
2.000e+00 4.902e-01 -7.244e-02
2.100e+00 5.296e-01 -1.655e-02
2.200e+00 5.200e-01 -5.887e-02
2.300e+00 5.091e-01 -2.581e-02
2.400e+00 5.156e-01 -6.517e-04
2.500e+00 5.053e-01 1.187e-02
2.600e+00 5.496e-01 3.218e-02
2.700e+00 5.218e-01 -2.623e-02
2.800e+00 5.090e-01 -1.431e-02
2.900e+00 4.995e-01 -7.328e-03
3.000e+00 4.885e-01 -1.314e-02
3.100e+00 4.811e-01 2.968e-03
3.200e+00 4.698e-01 2.278e-02
3.300e+00 4.622e-01 4.110e-02
3.400e+00 4.332e-01 5.986e-04
3.500e+00 4.350e-01 3.700e-03
3.600e+00 4.585e-01 3.123e-02
3.700e+00 4.667e-01 3.108e-02
3.800e+00 4.289e-01 1.692e-02
3.900e+00 4.375e-01 2.975e-02
4.000e+00 4.190e-01 -2.844e-03
4.100e+00 4.128e-01 1.951e-02
4.200e+00 3.763e-01 1.281e-02
4.300e+00 3.759e-01 -1.664e-03
4.400e+00 3.679e-01 2.988e-02
4.500e+00 3.806e-01 2.790e-02
4.600e+00 3.458e-01 1.935e-02
4.700e+00 3.456e-01 3.995e-02
4.800e+00 3.491e-01 5.256e-02
4.900e+00 3.222e-01 1.574e-02
5.000e+00 2.732e-01 2.530e-02
5.100e+00 2.968e-01 6.553e-02
5.200e+00 2.596e-01 5.846e-02
5.300e+00 2.776e-01 4.530e-02
5.400e+00 2.633e-01 2.786e-02
5.500e+00 2.702e-01 1.469e-02
5.600e+00 2.516e-01 1.249e-02
5.700e+00 2.435e-01 -4.871e-03
5.800e+00 2.481e-01 -3.244e-03
5.900e+00 2.529e-01 2.112e-02
6.000e+00 2.224e-01 2.823e-02
6.100e+00 2.145e-01 -8.666e-03
6.200e+00 2.237e-01 -1.621e-02
6.300e+00 2.266e-01 5.258e-04
6.400e+00 2.274e-01 -3.041e-02
6.500e+00 2.195e-01 -8.902e-03
6.600e+00 2.121e-01 -8.599e-03
6.700e+00 2.094e-01 -6.460e-03
6.800e+00 2.131e-01 -1.150e-02
6.900e+00 2.185e-01 1.824e-04
7.000e+00 2.113e-01 -1.406e-02
7.100e+00 2.110e-01 -7.585e-03
7.200e+00 2.090e-01 -1.141e-02
7.300e+00 2.319e-01 -1.354e-02
7.400e+00 2.271e-01 8.338e-04
7.500e+00 2.225e-01 -1.793e-02
7.600e+00 2.087e-01 -2.268e-02
7.700e+00 2.399e-01 -2.280e-02
7.800e+00 2.161e-01 -2.245e-02
7.900e+00 2.187e-01 7.674e-03
8.000e+00 2.189e-01 1.145e-02
8.100e+00 1.859e-01 6.437e-03
8.200e+00 1.756e-01 8.284e-03
8.300e+00 1.634e-01 5.331e-03
8.400e+00 1.639e-01 1.206e-02
8.500e+00 1.655e-01 8.539e-03
8.600e+00 1.503e-01 2.449e-02
8.700e+00 1.929e-01 -1.431e-04
8.800e+00 1.715e-01 -1.251e-02
8.900e+00 1.541e-01 6.500e-03
9.000e+00 1.689e-01 1.048e-02
9.100e+00 1.607e-01 1.520e-02
9.200e+00 1.686e-01 1.575e-03
9.300e+00 1.790e-01 -1.483e-02
9.400e+00 1.578e-01 -7.373e-03
9.500e+00 1.487e-01 -5.373e-03
9.600e+00 1.555e-01 3.213e-03
9.700e+00 1.527e-01 1.798e-02
9.800e+00 1.403e-01 1.098e-02
9.900e+00 1.422e-01 1.295e-02
1.000e+01 1.298e-01 1.386e-02
1.010e+01 1.265e-01 2.047e-03
1.020e+01 1.215e-01 8.769e-03
1.030e+01 1.217e-01 4.741e-03
1.040e+01 1.038e-01 2.585e-03
1.050e+01 1.046e-01 5.901e-03
1.060e+01 1.160e-01 1.321e-02
1.070e+01 1.286e-01 -3.947e-03
1.080e+01 1.283e-01 9.227e-03
1.090e+01 1.214e-01 -5.321e-03
1.100e+01 1.188e-01 9.442e-04
1.110e+01 1.215e-01 1.333e-02
1.120e+01 1.269e-01 -2.636e-03
1.130e+01 1.406e-01 1.737e-03
1.140e+01 1.394e-01 -2.854e-03
1.150e+01 1.339e-01 6.090e-03
1.160e+01 1.343e-01 -4.015e-03
1.170e+01 1.031e-01 -1.044e-02
1.180e+01 1.033e-01 -1.133e-02
1.190e+01 1.291e-01 6.951e-03
1.200e+01 1.447e-01 -1.162e-02
1.210e+01 1.433e-01 -2.700e-03
1.220e+01 1.394e-01 -3.400e-02
1.230e+01 1.330e-01 -2.044e-02
1.240e+01 1.347e-01 -3.853e-02
1.250e+01 1.333e-01 -1.567e-02
1.260e+01 1.277e-01 -6.461e-03
1.270e+01 1.334e-01 -3.152e-03
1.280e+01 1.362e-01 -1.002e-02
1.290e+01 1.217e-01 -5.572e-03
1.300e+01 1.208e-01 -7.841e-03
1.310e+01 1.204e-01 -6.394e-03
1.320e+01 1.108e-01 -1.494e-02
1.330e+01 1.104e-01 -3.626e-03
1.340e+01 1.127e-01 4.069e-03
1.350e+01 1.109e-01 3.188e-03
1.360e+01 1.188e-01 -1.694e-02
1.370e+01 1.203e-01 1.199e-02
1.380e+01 1.206e-01 6.330e-03
1.390e+01 1.342e-01 4.422e-03
1.400e+01 1.146e-01 9.352e-03
1.410e+01 1.011e-01 1.028e-02
1.420e+01 1.070e-01 2.220e-03
1.430e+01 1.010e-01 1.097e-02
1.440e+01 1.233e-01 8.754e-03
1.450e+01 1.079e-01 1.901e-02
1.460e+01 1.141e-01 1.264e-02
1.470e+01 1.252e-01 6.316e-03
1.480e+01 1.063e-01 1.950e-02
1.490e+01 1.221e-01 2.697e-02
1.500e+01 1.222e-01 3.113e-02
1.510e+01 1.097e-01 1.033e-02
1.520e+01 9.572e-02 -7.589e-03
1.530e+01 8.913e-02 -6.924e-03
1.540e+01 8.983e-02 -1.117e-02
1.550e+01 8.617e-02 3.001e-03
1.560e+01 8.588e-02 1.050e-04
1.570e+01 8.874e-02 7.290e-03
1.580e+01 8.705e-02 2.042e-03
1.590e+01 6.747e-02 1.064e-02
1.600e+01 6.616e-02 1.490e-02
1.610e+01 6.897e-02 1.880e-02
1.620e+01 7.488e-02 2.439e-02
1.630e+01 6.922e-02 2.676e-02
1.640e+01 7.134e-02 2.069e-02
1.650e+01 7.313e-02 1.955e-02
1.660e+01 7.360e-02 1.479e-02
1.670e+01 7.774e-02 1.253e-02
1.680e+01 8.060e-02 1.900e-02
1.690e+01 6.662e-02 1.859e-02
1.700e+01 7.161e-02 1.126e-02
1.710e+01 6.500e-02 1.043e-02
1.720e+01 6.441e-02 1.255e-02
1.730e+01 6.425e-02 1.426e-02
1.740e+01 7.009e-02 1.534e-02
1.750e+01 7.046e-02 1.298e-02
1.760e+01 7.243e-02 -4.674e-04
1.770e+01 6.897e-02 7.164e-03
1.780e+01 7.068e-02 1.306e-02
1.790e+01 6.825e-02 1.800e-02
1.800e+01 6.809e-02 1.282e-02
1.810e+01 7.305e-02 1.587e-02
1.820e+01 6.655e-02 1.251e-02
1.830e+01 6.055e-02 2.222e-02
1.840e+01 6.308e-02 1.709e-02
1.850e+01 6.112e-02 2.493e-02
1.860e+01 6.156e-02 2.825e-02
1.870e+01 6.724e-02 2.731e-02
1.880e+01 5.339e-02 1.746e-02
1.890e+01 5.363e-02 2.089e-02
1.900e+01 5.390e-02 2.248e-02
1.910e+01 5.947e-02 2.175e-02
1.920e+01 6.684e-02 1.148e-02
1.930e+01 6.261e-02 9.739e-03
1.940e+01 6.086e-02 1.506e-02
1.950e+01 6.308e-02 2.473e-02
1.960e+01 5.893e-02 2.203e-02
1.970e+01 4.952e-02 3.780e-02
1.980e+01 5.127e-02 1.938e-02
1.990e+01 5.000e-02 1.902e-02
2.000e+01 5.246e-02 2.225e-02
2.010e+01 5.053e-02 2.464e-02
2.020e+01 5.470e-02 2.869e-02
2.030e+01 5.147e-02 2.362e-02
2.040e+01 4.488e-02 2.566e-02
2.050e+01 4.670e-02 2.565e-02
2.060e+01 5.107e-02 2.397e-02
2.070e+01 4.967e-02 2.078e-02
2.080e+01 5.344e-02 2.340e-02
2.090e+01 4.962e-02 2.220e-02
2.100e+01 5.175e-02 1.866e-02
2.110e+01 5.740e-02 3.199e-02
2.120e+01 5.615e-02 2.953e-02
2.130e+01 4.463e-02 2.764e-02
2.140e+01 3.489e-02 2.663e-02
2.150e+01 3.624e-02 2.440e-02
2.160e+01 3.787e-02 3.672e-02
2.170e+01 4.898e-02 3.575e-02
2.180e+01 4.630e-02 3.590e-02
2.190e+01 4.612e-02 2.878e-02
2.200e+01 4.176e-02 2.750e-02
2.210e+01 4.692e-02 2.636e-02
2.220e+01 4.433e-02 3.376e-02
2.230e+01 5.028e-02 3.337e-02
2.240e+01 3.829e-02 3.382e-02
2.250e+01 3.208e-02 2.814e-02
2.260e+01 3.591e-02 3.472e-02
2.270e+01 3.136e-02 3.067e-02
2.280e+01 3.435e-02 2.509e-02
2.290e+01 4.151e-02 2.777e-02
2.300e+01 3.430e-02 2.982e-02
2.310e+01 3.925e-02 4.248e-02
2.320e+01 4.371e-02 4.180e-02
2.330e+01 4.794e-02 2.978e-02
2.340e+01 4.821e-02 4.037e-02
2.350e+01 5.464e-02 3.433e-02
2.360e+01 4.700e-02 2.767e-02
2.370e+01 4.750e-02 2.665e-02
2.380e+01 5.316e-02 2.501e-02
2.390e+01 5.459e-02 1.855e-02
2.400e+01 4.837e-02 2.076e-02
2.410e+01 5.445e-02 1.856e-02
2.420e+01 5.514e-02 1.564e-02
2.430e+01 4.779e-02 3.185e-02
2.440e+01 5.708e-02 3.947e-02
2.450e+01 5.003e-02 4.510e-02
2.460e+01 4.527e-02 4.216e-02
2.470e+01 4.851e-02 3.353e-02
2.480e+01 6.457e-02 4.294e-02
2.490e+01 5.479e-02 2.015e-02
2.500e+01 6.161e-02 2.211e-02
2.510e+01 4.693e-02 1.788e-02
2.520e+01 4.289e-02 1.506e-02
2.530e+01 4.041e-02 9.628e-03
2.540e+01 3.792e-02 1.006e-02
2.550e+01 3.961e-02 1.243e-02
2.560e+01 4.028e-02 1.301e-02
2.570e+01 3.979e-02 1.560e-02
2.580e+01 3.788e-02 1.752e-02
2.590e+01 3.698e-02 1.632e-02
2.600e+01 3.841e-02 1.503e-02
2.610e+01 4.026e-02 1.407e-02
2.620e+01 3.914e-02 1.450e-02
2.630e+01 3.876e-02 1.102e-02
2.640e+01 3.846e-02 1.198e-02
2.650e+01 3.608e-02 1.928e-02
2.660e+01 3.319e-02 2.008e-02
2.670e+01 3.366e-02 2.522e-02
2.680e+01 2.983e-02 2.106e-02
2.690e+01 2.771e-02 1.636e-02
2.700e+01 2.862e-02 1.949e-02
2.710e+01 3.530e-02 1.893e-02
2.720e+01 3.891e-02 1.842e-02
2.730e+01 3.786e-02 1.004e-02
2.740e+01 3.843e-02 6.077e-03
2.750e+01 4.018e-02 5.724e-03
2.760e+01 4.288e-02 8.431e-03
2.770e+01 4.735e-02 6.854e-03
2.780e+01 4.373e-02 7.486e-03
2.790e+01 4.052e-02 5.255e-03
2.800e+01 4.361e-02 2.514e-03
2.810e+01 4.317e-02 1.518e-03
2.820e+01 4.971e-02 -7.201e-03
2.830e+01 4.581e-02 -3.917e-03
2.840e+01 5.089e-02 -1.231e-03
2.850e+01 4.547e-02 4.490e-03
2.860e+01 4.284e-02 1.708e-03
2.870e+01 4.126e-02 -2.164e-03
2.880e+01 3.727e-02 -1.075e-03
2.890e+01 3.388e-02 -3.653e-03
2.900e+01 3.368e-02 -4.848e-03
2.910e+01 3.481e-02 3.455e-04
2.920e+01 3.867e-02 1.532e-03
2.930e+01 4.303e-02 1.252e-03
2.940e+01 3.561e-02 -1.141e-03
2.950e+01 3.253e-02 -5.913e-03
2.960e+01 3.160e-02 -8.557e-03
2.970e+01 2.892e-02 -6.049e-03
2.980e+01 2.903e-02 -5.116e-03
2.990e+01 3.060e-02 -4.593e-03
3.000e+01 2.900e-02 -4.180e-03
3.010e+01 2.804e-02 6.062e-04
3.020e+01 2.702e-02 1.980e-03
3.030e+01 2.597e-02 -8.896e-04
3.040e+01 2.585e-02 -2.463e-03
3.050e+01 2.447e-02 -2.179e-04
3.060e+01 2.324e-02 -8.907e-04
3.070e+01 2.021e-02 -2.205e-03
3.080e+01 2.195e-02 -4.052e-04
3.090e+01 2.158e-02 -3.247e-03
3.100e+01 2.167e-02 -1.565e-04
3.110e+01 2.030e-02 4.014e-04
3.120e+01 1.792e-02 -2.170e-03
3.130e+01 1.752e-02 -1.449e-03
3.140e+01 1.623e-02 -5.693e-03
3.150e+01 1.801e-02 -4.196e-03
3.160e+01 1.874e-02 1.489e-03
3.170e+01 2.344e-02 -2.675e-03
3.180e+01 2.519e-02 -9.262e-04
3.190e+01 2.496e-02 -4.369e-03
3.200e+01 2.327e-02 -6.521e-04
3.210e+01 1.990e-02 -5.464e-06
3.220e+01 2.468e-02 -4.401e-04
3.230e+01 2.108e-02 5.425e-04
3.240e+01 2.291e-02 -1.152e-03
3.250e+01 2.295e-02 -2.346e-03
3.260e+01 1.973e-02 -6.106e-03
3.270e+01 2.102e-02 -1.338e-03
3.280e+01 1.846e-02 1.791e-04
3.290e+01 1.778e-02 2.868e-03
3.300e+01 1.543e-02 -2.642e-03
3.310e+01 1.360e-02 -2.687e-03
3.320e+01 1.337e-02 -5.588e-03
3.330e+01 1.201e-02 3.513e-04
3.340e+01 1.403e-02 6.664e-04
3.350e+01 1.886e-02 -4.769e-04
3.360e+01 2.066e-02 9.073e-04
3.370e+01 2.216e-02 -3.639e-04
3.380e+01 1.984e-02 -1.570e-03
3.390e+01 2.027e-02 8.385e-04
3.400e+01 2.152e-02 2.058e-03
3.410e+01 2.331e-02 1.383e-03
3.420e+01 2.196e-02 6.042e-04
3.430e+01 1.990e-02 1.839e-03
3.440e+01 2.041e-02 3.968e-03
3.450e+01 2.403e-02 8.223e-03
3.460e+01 2.262e-02 6.572e-03
3.470e+01 2.508e-02 6.200e-03
3.480e+01 2.175e-02 6.625e-03
3.490e+01 2.017e-02 1.672e-03
3.500e+01 1.985e-02 3.964e-04
3.510e+01 1.870e-02 1.543e-03
3.520e+01 1.911e-02 2.750e-03
3.530e+01 1.884e-02 2.464e-03
3.540e+01 2.222e-02 3.270e-03
3.550e+01 2.350e-02 1.814e-03
3.560e+01 2.569e-02 5.989e-04
3.570e+01 2.468e-02 9.655e-04
3.580e+01 2.448e-02 -1.879e-03
3.590e+01 2.271e-02 7.270e-04
3.600e+01 2.170e-02 2.151e-04
3.610e+01 2.029e-02 -4.715e-03
3.620e+01 2.161e-02 -4.171e-03
3.630e+01 2.318e-02 -8.032e-04
3.640e+01 2.622e-02 -2.798e-03
3.650e+01 3.020e-02 -1.351e-03
3.660e+01 2.897e-02 1.627e-03
3.670e+01 2.853e-02 5.168e-04
3.680e+01 2.722e-02 -2.142e-03
3.690e+01 2.731e-02 -2.726e-03
3.700e+01 2.971e-02 -5.703e-04
3.710e+01 2.870e-02 -1.801e-03
3.720e+01 2.886e-02 1.909e-03
3.730e+01 3.689e-02 5.104e-03
3.740e+01 3.502e-02 6.072e-03
3.750e+01 3.744e-02 2.052e-03
3.760e+01 3.749e-02 -9.158e-04
3.770e+01 3.316e-02 -3.504e-03
3.780e+01 3.549e-02 -3.493e-03
3.790e+01 3.405e-02 -3.555e-03
3.800e+01 3.285e-02 -5.190e-03
3.810e+01 3.384e-02 -4.709e-03
3.820e+01 3.575e-02 -6.918e-03
3.830e+01 3.124e-02 -3.262e-03
3.840e+01 3.000e-02 -1.235e-03
3.850e+01 3.286e-02 -7.167e-05
3.860e+01 2.558e-02 -3.280e-03
3.870e+01 2.746e-02 -1.613e-03
3.880e+01 3.402e-02 -5.824e-03
3.890e+01 2.950e-02 -6.966e-03
3.900e+01 3.177e-02 -2.939e-03
3.910e+01 3.459e-02 -6.322e-03
3.920e+01 3.488e-02 -5.628e-03
3.930e+01 3.970e-02 -5.809e-03
3.940e+01 3.438e-02 -6.969e-03
3.950e+01 3.110e-02 -5.545e-03
3.960e+01 3.083e-02 -6.681e-03
3.970e+01 3.158e-02 -6.830e-03
3.980e+01 3.195e-02 -7.332e-03
3.990e+01 3.032e-02 -3.695e-03
4.000e+01 2.969e-02 -6.566e-03
4.010e+01 3.074e-02 -1.905e-03
4.020e+01 3.027e-02 -5.168e-03
4.030e+01 2.895e-02 -7.717e-03
4.040e+01 2.942e-02 -5.806e-03
4.050e+01 3.652e-02 -8.197e-03
4.060e+01 3.835e-02 -1.336e-03
4.070e+01 3.545e-02 -3.932e-03
4.080e+01 3.254e-02 -2.677e-03
4.090e+01 3.454e-02 -5.569e-03
4.100e+01 3.805e-02 -9.694e-03
4.110e+01 3.750e-02 -7.075e-03
4.120e+01 4.094e-02 -5.813e-03
4.130e+01 3.910e-02 -3.758e-03
4.140e+01 3.810e-02 1.299e-03
4.150e+01 3.400e-02 -8.250e-04
4.160e+01 3.149e-02 1.677e-04
4.170e+01 3.380e-02 -4.553e-04
4.180e+01 3.563e-02 1.401e-04
4.190e+01 3.395e-02 1.748e-03
4.200e+01 3.375e-02 -2.185e-03
4.210e+01 3.640e-02 9.326e-04
4.220e+01 3.659e-02 -3.618e-03
4.230e+01 3.877e-02 -6.725e-03
4.240e+01 3.874e-02 -5.134e-03
4.250e+01 3.807e-02 -4.913e-03
4.260e+01 3.157e-02 -9.546e-03
4.270e+01 2.533e-02 -1.153e-02
4.280e+01 2.641e-02 -1.001e-02
4.290e+01 2.582e-02 -9.297e-03
4.300e+01 2.718e-02 -3.820e-03
4.310e+01 2.605e-02 -9.935e-04
4.320e+01 2.394e-02 7.027e-04
4.330e+01 2.483e-02 1.910e-03
4.340e+01 2.917e-02 1.873e-03
4.350e+01 2.666e-02 -1.041e-04
4.360e+01 2.692e-02 -2.094e-03
4.370e+01 2.506e-02 -2.978e-03
4.380e+01 2.145e-02 -3.800e-04
4.390e+01 2.287e-02 -2.056e-03
4.400e+01 2.211e-02 -2.861e-03
4.410e+01 1.997e-02 -6.280e-03
4.420e+01 1.994e-02 -5.525e-03
4.430e+01 2.305e-02 -3.560e-03
4.440e+01 2.457e-02 2.456e-03
4.450e+01 2.092e-02 -2.561e-03
4.460e+01 2.610e-02 -3.132e-03
4.470e+01 2.177e-02 -6.899e-03
4.480e+01 2.206e-02 -7.647e-03
4.490e+01 2.307e-02 -3.724e-03
4.500e+01 2.270e-02 6.688e-04
4.510e+01 2.200e-02 -4.962e-03
4.520e+01 2.183e-02 -4.712e-03
4.530e+01 2.424e-02 -7.464e-03
4.540e+01 2.083e-02 -3.828e-03
4.550e+01 2.380e-02 -2.267e-03
4.560e+01 2.532e-02 -2.071e-04
4.570e+01 2.462e-02 -2.582e-03
4.580e+01 2.259e-02 -2.727e-03
4.590e+01 2.151e-02 -9.053e-04
4.600e+01 1.990e-02 1.426e-04
4.610e+01 2.078e-02 1.123e-03
4.620e+01 1.858e-02 -1.732e-03
4.630e+01 1.601e-02 -2.454e-03
4.640e+01 1.556e-02 -2.002e-03
4.650e+01 1.536e-02 -3.746e-03
4.660e+01 1.461e-02 -4.694e-03
4.670e+01 1.281e-02 -1.848e-03
4.680e+01 1.712e-02 -1.473e-03
4.690e+01 1.573e-02 -2.572e-03
4.700e+01 1.344e-02 -2.330e-03
4.710e+01 1.113e-02 -8.414e-04
4.720e+01 1.238e-02 1.599e-04
4.730e+01 1.064e-02 -4.340e-03
4.740e+01 1.181e-02 -7.386e-03
4.750e+01 1.369e-02 -8.706e-03
4.760e+01 1.392e-02 -6.551e-03
4.770e+01 1.429e-02 -5.435e-03
4.780e+01 1.319e-02 -4.654e-03
4.790e+01 1.167e-02 -3.762e-03
4.800e+01 1.195e-02 -3.967e-03
4.810e+01 1.065e-02 -3.839e-03
4.820e+01 1.208e-02 2.462e-03
4.830e+01 1.004e-02 3.039e-03
4.840e+01 1.058e-02 2.219e-03
4.850e+01 5.613e-03 -9.935e-04
4.860e+01 6.079e-03 -1.546e-03
4.870e+01 6.994e-03 1.147e-03
4.880e+01 8.498e-03 -3.597e-03
4.890e+01 9.348e-03 -3.493e-03
4.900e+01 1.138e-02 -5.508e-03
4.910e+01 1.210e-02 -5.503e-03
4.920e+01 1.150e-02 -1.819e-03
4.930e+01 1.343e-02 -5.637e-04
4.940e+01 1.159e-02 9.548e-04
4.950e+01 1.270e-02 5.678e-04
4.960e+01 1.318e-02 9.857e-04
4.970e+01 1.662e-02 1.618e-03
4.980e+01 1.854e-02 2.754e-03
4.990e+01 1.892e-02 4.435e-03
5.000e+01 1.848e-02 5.785e-03
5.010e+01 1.989e-02 5.477e-03
5.020e+01 1.905e-02 1.949e-03
5.030e+01 1.937e-02 2.165e-03
5.040e+01 1.908e-02 2.516e-03
5.050e+01 1.858e-02 8.764e-03
5.060e+01 1.664e-02 9.566e-03
5.070e+01 1.474e-02 8.306e-03
5.080e+01 1.738e-02 6.815e-03
5.090e+01 1.897e-02 6.045e-03
5.100e+01 1.979e-02 8.131e-03
5.110e+01 1.521e-02 5.628e-03
5.120e+01 1.571e-02 4.997e-03
5.130e+01 1.873e-02 5.963e-03
5.140e+01 1.578e-02 6.751e-03
5.150e+01 1.774e-02 7.488e-03
5.160e+01 1.574e-02 5.658e-03
5.170e+01 1.430e-02 6.216e-03
5.180e+01 5.974e-03 9.937e-03
5.190e+01 9.018e-03 1.965e-02
5.200e+01 8.560e-03 2.341e-02
5.210e+01 -2.230e-03 1.893e-02
5.220e+01 -5.826e-03 2.272e-02
5.230e+01 -1.962e-02 1.601e-02
5.240e+01 -1.198e-02 1.014e-02
5.250e+01 9.698e-04 9.340e-03
5.260e+01 1.462e-02 6.755e-03
5.270e+01 1.699e-02 1.955e-02
5.280e+01 2.111e-02 2.128e-02
5.290e+01 1.372e-02 1.108e-02
5.300e+01 2.177e-02 1.689e-02
5.310e+01 2.148e-02 8.146e-03
5.320e+01 1.815e-02 7.496e-03
5.330e+01 1.545e-02 3.389e-03
5.340e+01 1.541e-02 4.036e-03
5.350e+01 1.906e-02 6.818e-04
5.360e+01 1.305e-02 4.022e-04
5.370e+01 1.106e-02 -7.055e-04
5.380e+01 1.313e-02 6.590e-04
5.390e+01 9.104e-03 4.009e-03
5.400e+01 1.204e-02 2.034e-04
5.410e+01 1.024e-02 1.477e-03
5.420e+01 1.078e-02 -1.204e-03
5.430e+01 1.013e-02 2.114e-03
5.440e+01 1.848e-02 1.353e-03
5.450e+01 9.919e-03 5.243e-03
5.460e+01 1.056e-02 5.276e-03
5.470e+01 1.600e-02 5.265e-03
5.480e+01 1.332e-02 6.266e-03
5.490e+01 1.182e-02 3.398e-03
5.500e+01 5.764e-03 3.738e-03
5.510e+01 8.224e-03 2.018e-03
5.520e+01 6.350e-03 2.889e-03
5.530e+01 1.064e-02 5.459e-03
5.540e+01 1.284e-02 -6.317e-04
5.550e+01 9.181e-03 6.768e-03
5.560e+01 1.125e-02 6.766e-03
5.570e+01 1.212e-02 5.957e-03
5.580e+01 1.067e-02 6.967e-03
5.590e+01 9.462e-03 4.815e-03
5.600e+01 1.230e-02 5.195e-03
5.610e+01 1.511e-02 3.442e-03
5.620e+01 1.154e-02 3.738e-04
5.630e+01 1.015e-02 1.105e-03
5.640e+01 1.388e-02 2.558e-03
5.650e+01 1.177e-02 1.637e-03
5.660e+01 1.157e-02 -4.132e-04
5.670e+01 1.279e-02 1.312e-03
5.680e+01 1.595e-02 5.016e-03
5.690e+01 1.554e-02 3.738e-03
5.700e+01 1.603e-02 1.980e-03
5.710e+01 1.752e-02 -1.174e-03
5.720e+01 1.248e-02 -4.921e-03
5.730e+01 1.507e-02 -4.142e-03
5.740e+01 1.800e-02 4.896e-04
5.750e+01 1.696e-02 1.470e-03
5.760e+01 1.724e-02 -1.680e-03
5.770e+01 1.818e-02 -3.083e-03
5.780e+01 1.652e-02 -1.170e-03
5.790e+01 1.528e-02 -2.062e-03
5.800e+01 1.934e-02 -8.409e-04
5.810e+01 1.501e-02 -1.161e-03
5.820e+01 1.410e-02 -3.328e-03
5.830e+01 1.319e-02 -2.198e-03
5.840e+01 1.364e-02 -1.302e-03
5.850e+01 1.203e-02 -1.011e-03
5.860e+01 1.323e-02 4.215e-04
5.870e+01 1.192e-02 -6.380e-04
5.880e+01 1.311e-02 -1.072e-03
5.890e+01 1.301e-02 -1.402e-03
5.900e+01 1.328e-02 -1.789e-03
5.910e+01 1.268e-02 -1.377e-03
5.920e+01 1.474e-02 -5.322e-04
5.930e+01 1.512e-02 8.838e-04
5.940e+01 1.400e-02 1.240e-03
5.950e+01 1.380e-02 9.599e-04
5.960e+01 1.446e-02 -4.024e-04
5.970e+01 1.592e-02 1.338e-03
5.980e+01 1.505e-02 -5.746e-05
5.990e+01 1.388e-02 2.366e-04
6.000e+01 1.296e-02 -9.757e-04
6.010e+01 1.262e-02 -2.493e-04
6.020e+01 1.146e-02 -3.327e-04
6.030e+01 1.083e-02 6.884e-04
6.040e+01 1.029e-02 3.687e-04
6.050e+01 1.139e-02 9.950e-04
6.060e+01 1.200e-02 8.290e-04
6.070e+01 1.222e-02 1.168e-03
6.080e+01 1.176e-02 1.849e-03
6.090e+01 1.095e-02 2.716e-03
6.100e+01 9.610e-03 2.766e-03
6.110e+01 9.576e-03 1.817e-03
6.120e+01 9.228e-03 -4.739e-05
6.130e+01 8.897e-03 4.760e-04
6.140e+01 7.054e-03 -7.808e-04
6.150e+01 9.329e-03 5.566e-04
6.160e+01 7.376e-03 -7.824e-05
6.170e+01 1.002e-02 -1.027e-03
6.180e+01 8.996e-03 -4.974e-03
6.190e+01 8.209e-03 -5.170e-03
6.200e+01 9.308e-03 -2.798e-03
6.210e+01 7.206e-03 -2.923e-03
6.220e+01 7.361e-03 -2.738e-03
6.230e+01 6.901e-03 -3.186e-03
6.240e+01 7.211e-03 -2.844e-03
6.250e+01 9.047e-03 -4.198e-03
6.260e+01 8.038e-03 -5.795e-03
6.270e+01 8.166e-03 -4.808e-03
6.280e+01 7.961e-03 -2.778e-03
6.290e+01 6.646e-03 -5.300e-03
6.300e+01 7.004e-03 -3.879e-03
6.310e+01 9.060e-03 -5.661e-03
6.320e+01 9.693e-03 -6.717e-03
6.330e+01 7.864e-03 -4.911e-03
6.340e+01 8.012e-03 -5.576e-03
6.350e+01 7.561e-03 -6.738e-03
6.360e+01 6.979e-03 -6.016e-03
6.370e+01 5.223e-03 -3.981e-03
6.380e+01 3.463e-03 -4.940e-03
6.390e+01 3.666e-03 -1.573e-03
6.400e+01 6.237e-03 -1.077e-03
6.410e+01 6.347e-03 -2.492e-03
6.420e+01 8.829e-03 -2.815e-03
6.430e+01 8.877e-03 -3.875e-03
6.440e+01 8.531e-03 -3.606e-03
6.450e+01 6.946e-03 3.170e-04
6.460e+01 6.743e-03 -3.882e-03
6.470e+01 6.023e-03 -5.037e-03
6.480e+01 7.464e-03 -4.217e-03
6.490e+01 6.142e-03 -2.365e-03
6.500e+01 7.536e-03 -3.541e-03
6.510e+01 8.222e-03 -4.740e-03
6.520e+01 9.901e-03 -4.469e-03
6.530e+01 6.297e-03 -7.016e-03
6.540e+01 6.076e-03 -4.954e-03
6.550e+01 4.432e-03 -5.761e-03
6.560e+01 5.415e-03 -4.405e-03
6.570e+01 7.196e-03 -6.432e-03
6.580e+01 8.063e-03 -5.734e-03
6.590e+01 8.832e-03 -5.058e-03
6.600e+01 7.301e-03 -6.928e-03
6.610e+01 5.544e-03 -7.503e-03
6.620e+01 6.899e-03 -5.239e-03
6.630e+01 6.497e-03 -4.924e-03
6.640e+01 6.270e-03 -4.370e-03
6.650e+01 6.906e-03 -5.391e-03
6.660e+01 6.118e-03 -4.087e-03
6.670e+01 6.407e-03 -3.765e-03
6.680e+01 5.995e-03 -4.229e-03
6.690e+01 7.649e-03 -2.423e-03
6.700e+01 8.447e-03 -1.766e-03
6.710e+01 8.060e-03 -3.006e-03
6.720e+01 9.284e-03 1.127e-04
6.730e+01 8.956e-03 9.935e-04
6.740e+01 7.346e-03 -4.508e-04
6.750e+01 7.497e-03 -2.295e-03
6.760e+01 8.852e-03 -1.316e-03
6.770e+01 7.619e-03 -1.067e-03
6.780e+01 8.067e-03 -2.253e-03
6.790e+01 1.046e-02 -6.714e-04
6.800e+01 9.382e-03 -1.193e-03
6.810e+01 8.512e-03 -8.977e-05
6.820e+01 9.840e-03 -8.683e-04
6.830e+01 9.061e-03 -9.019e-04
6.840e+01 8.388e-03 -2.133e-03
6.850e+01 8.218e-03 -2.198e-03
6.860e+01 7.406e-03 -1.828e-03
6.870e+01 7.247e-03 -3.020e-03
6.880e+01 8.624e-03 -8.541e-04
6.890e+01 6.596e-03 -3.227e-03
6.900e+01 6.335e-03 -1.024e-03
6.910e+01 7.580e-03 6.194e-04
6.920e+01 8.994e-03 3.452e-04
6.930e+01 9.518e-03 6.249e-04
6.940e+01 8.037e-03 1.275e-03
6.950e+01 8.542e-03 2.507e-03
6.960e+01 7.724e-03 6.525e-04
6.970e+01 6.608e-03 2.319e-03
6.980e+01 7.188e-03 1.967e-03
6.990e+01 4.292e-03 3.144e-03
7.000e+01 2.609e-03 3.590e-03
7.010e+01 7.001e-03 4.401e-03
7.020e+01 6.147e-03 4.196e-03
7.030e+01 5.940e-03 5.313e-03
7.040e+01 4.965e-03 6.081e-03
7.050e+01 4.222e-03 4.225e-03
7.060e+01 4.343e-03 6.374e-03
7.070e+01 6.068e-03 6.412e-03
7.080e+01 4.909e-03 3.936e-03
7.090e+01 5.877e-03 4.435e-03
7.100e+01 5.597e-03 5.469e-03
7.110e+01 7.266e-03 6.948e-03
7.120e+01 6.626e-03 6.515e-03
7.130e+01 7.419e-03 8.332e-03
7.140e+01 6.359e-03 9.352e-03
7.150e+01 8.871e-03 8.656e-03
7.160e+01 5.924e-03 7.628e-03
7.170e+01 1.121e-02 7.249e-03
7.180e+01 1.008e-02 6.439e-03
7.190e+01 1.057e-02 7.734e-03
7.200e+01 1.284e-02 6.313e-03
7.210e+01 1.514e-02 5.140e-03
7.220e+01 1.129e-02 4.475e-03
7.230e+01 1.239e-02 3.747e-03
7.240e+01 1.276e-02 2.551e-03
7.250e+01 1.332e-02 4.111e-03
7.260e+01 1.305e-02 6.338e-03
7.270e+01 1.309e-02 4.444e-03
7.280e+01 1.103e-02 3.040e-03
7.290e+01 1.115e-02 3.475e-03
7.300e+01 1.173e-02 4.831e-03
7.310e+01 1.192e-02 4.254e-03
7.320e+01 1.244e-02 2.314e-04
7.330e+01 1.224e-02 7.735e-04
7.340e+01 1.013e-02 3.053e-03
7.350e+01 9.394e-03 3.057e-03
7.360e+01 1.147e-02 5.767e-03
7.370e+01 1.343e-02 1.941e-03
7.380e+01 8.897e-03 4.093e-03
7.390e+01 8.872e-03 5.987e-03
7.400e+01 1.112e-02 7.578e-03
7.410e+01 1.438e-02 4.934e-03
7.420e+01 1.328e-02 4.778e-03
7.430e+01 1.281e-02 6.838e-03
7.440e+01 1.336e-02 8.271e-03
7.450e+01 1.063e-02 7.696e-03
7.460e+01 9.139e-03 7.136e-03
7.470e+01 9.450e-03 5.672e-03
7.480e+01 1.002e-02 3.562e-03
7.490e+01 1.129e-02 3.251e-03
7.500e+01 1.135e-02 6.306e-03
7.510e+01 1.083e-02 6.747e-03
7.520e+01 8.122e-03 5.853e-03
7.530e+01 9.411e-03 6.720e-03
7.540e+01 9.062e-03 6.188e-03
7.550e+01 1.125e-02 2.810e-03
7.560e+01 1.029e-02 4.809e-03
7.570e+01 9.505e-03 8.487e-03
7.580e+01 8.625e-03 4.040e-03
7.590e+01 7.839e-03 2.957e-03
7.600e+01 7.341e-03 1.082e-03
7.610e+01 7.374e-03 2.000e-03
7.620e+01 6.147e-03 1.958e-03
7.630e+01 5.838e-03 2.403e-03
7.640e+01 4.832e-03 2.132e-03
7.650e+01 3.297e-03 1.377e-03
7.660e+01 1.779e-03 8.181e-04
7.670e+01 1.449e-03 2.432e-04
7.680e+01 6.588e-04 -4.841e-04
7.690e+01 1.118e-03 -1.101e-03
7.700e+01 2.021e-04 -1.480e-03
7.710e+01 3.390e-04 -1.273e-03
7.720e+01 -2.253e-04 -1.374e-03
7.730e+01 1.213e-03 -6.525e-04
7.740e+01 3.401e-03 -1.825e-03
7.750e+01 2.432e-03 -3.650e-03
7.760e+01 9.651e-04 -3.570e-03
7.770e+01 1.462e-03 -1.765e-03
7.780e+01 -1.371e-03 -1.329e-03
7.790e+01 -8.957e-03 6.504e-04
7.800e+01 -4.015e-03 4.703e-03
7.810e+01 -1.421e-03 6.049e-03
7.820e+01 4.918e-04 9.940e-03
7.830e+01 2.127e-03 6.509e-03
7.840e+01 -8.324e-04 5.201e-03
7.850e+01 -8.577e-03 3.851e-03
7.860e+01 -4.226e-03 -1.200e-04
7.870e+01 -6.538e-03 -5.053e-04
7.880e+01 -7.339e-03 5.701e-04
7.890e+01 -6.259e-03 -1.408e-03
7.900e+01 -6.417e-03 -4.165e-03
7.910e+01 -7.918e-03 -4.460e-03
7.920e+01 -3.642e-03 3.437e-03
7.930e+01 2.739e-03 2.420e-03
7.940e+01 2.815e-03 2.380e-03
7.950e+01 5.493e-04 2.396e-03
7.960e+01 -1.260e-03 3.557e-03
7.970e+01 3.834e-03 1.706e-03
7.980e+01 4.895e-03 -1.741e-04
7.990e+01 4.007e-03 -8.827e-04
8.000e+01 3.369e-03 -1.498e-03
8.010e+01 1.692e-03 -2.439e-03
8.020e+01 3.988e-03 -1.491e-03
8.030e+01 4.841e-03 -1.520e-03
8.040e+01 5.369e-03 -1.875e-03
8.050e+01 4.448e-03 -1.226e-03
8.060e+01 5.687e-03 -5.502e-04
8.070e+01 5.577e-03 -5.132e-04
8.080e+01 5.248e-03 -1.075e-03
8.090e+01 5.610e-03 -6.451e-04
8.100e+01 4.794e-03 -5.071e-04
8.110e+01 3.638e-03 -3.498e-04
8.120e+01 4.061e-03 -1.384e-03
8.130e+01 5.583e-03 -1.081e-03
8.140e+01 5.557e-03 -1.246e-03
8.150e+01 5.273e-03 -2.330e-03
8.160e+01 6.365e-03 -1.252e-03
8.170e+01 5.309e-03 -8.971e-04
8.180e+01 5.186e-03 -6.587e-04
8.190e+01 4.903e-03 3.393e-04
8.200e+01 6.493e-03 4.564e-04
8.210e+01 5.888e-03 1.412e-03
8.220e+01 6.323e-03 8.716e-04
8.230e+01 6.686e-03 2.627e-05
8.240e+01 7.051e-03 -3.471e-04
8.250e+01 7.800e-03 3.657e-04
8.260e+01 7.930e-03 -3.831e-04
8.270e+01 7.710e-03 -1.287e-03
8.280e+01 7.669e-03 -1.358e-03
8.290e+01 8.850e-03 -1.917e-03
8.300e+01 8.364e-03 -1.420e-03
8.310e+01 8.304e-03 -1.678e-03
8.320e+01 7.754e-03 -6.346e-04
8.330e+01 7.262e-03 -2.745e-04
8.340e+01 7.988e-03 -4.136e-04
8.350e+01 7.936e-03 -3.700e-04
8.360e+01 6.265e-03 1.388e-04
8.370e+01 6.024e-03 -4.841e-04
8.380e+01 5.499e-03 3.485e-05
8.390e+01 6.216e-03 2.133e-04
8.400e+01 5.901e-03 1.194e-03
8.410e+01 5.932e-03 1.069e-03
8.420e+01 5.740e-03 6.624e-04
8.430e+01 6.103e-03 1.283e-04
8.440e+01 6.869e-03 3.584e-04
8.450e+01 6.995e-03 -5.447e-04
8.460e+01 5.741e-03 -8.907e-04
8.470e+01 5.915e-03 -1.491e-03
8.480e+01 6.247e-03 -9.771e-04
8.490e+01 6.518e-03 -5.214e-04
8.500e+01 6.359e-03 -1.638e-03
8.510e+01 5.948e-03 -1.382e-03
8.520e+01 6.258e-03 -3.681e-05
8.530e+01 6.753e-03 4.247e-04
8.540e+01 7.014e-03 4.014e-04
8.550e+01 6.700e-03 6.651e-04
8.560e+01 6.379e-03 4.396e-04
8.570e+01 6.596e-03 -1.460e-04
8.580e+01 5.466e-03 -9.721e-05
8.590e+01 4.795e-03 -6.025e-04
8.600e+01 5.418e-03 -2.227e-04
8.610e+01 5.963e-03 -7.154e-04
8.620e+01 4.846e-03 -4.023e-04
8.630e+01 2.587e-03 -5.991e-04
8.640e+01 2.079e-03 -9.772e-04
8.650e+01 2.414e-03 -1.126e-03
8.660e+01 1.788e-03 -5.685e-04
8.670e+01 1.825e-03 -4.860e-04
8.680e+01 1.708e-03 2.254e-04
8.690e+01 2.312e-03 7.275e-04
8.700e+01 1.506e-03 6.697e-04
8.710e+01 1.153e-03 7.023e-04
8.720e+01 1.785e-03 1.761e-04
8.730e+01 9.337e-04 1.138e-03
8.740e+01 7.268e-04 6.029e-04
8.750e+01 1.142e-03 2.822e-06
8.760e+01 1.581e-03 7.784e-05
8.770e+01 2.443e-03 1.505e-04
8.780e+01 3.217e-03 1.112e-03
8.790e+01 3.320e-03 2.286e-03
8.800e+01 4.333e-03 1.969e-03
8.810e+01 3.744e-03 -5.761e-04
8.820e+01 3.133e-03 -3.248e-04
8.830e+01 3.021e-03 -8.680e-04
8.840e+01 3.071e-03 -1.501e-03
8.850e+01 3.234e-03 -4.554e-04
8.860e+01 2.945e-03 -6.294e-04
8.870e+01 3.011e-03 -4.452e-04
8.880e+01 3.469e-03 -2.196e-04
8.890e+01 3.560e-03 4.375e-04
8.900e+01 3.173e-03 1.085e-03
8.910e+01 3.321e-03 6.344e-04
8.920e+01 3.016e-03 5.737e-04
8.930e+01 2.843e-03 4.407e-04
8.940e+01 3.506e-03 1.123e-03
8.950e+01 2.766e-03 1.835e-03
8.960e+01 3.577e-03 2.392e-03
8.970e+01 2.946e-03 3.983e-03
8.980e+01 3.144e-03 2.360e-03
8.990e+01 2.972e-03 2.985e-03
9.000e+01 2.960e-03 2.569e-03
9.010e+01 2.983e-03 2.402e-03
9.020e+01 2.610e-03 1.884e-03
9.030e+01 3.663e-03 8.539e-04
9.040e+01 4.311e-03 7.873e-04
9.050e+01 4.452e-03 2.657e-03
9.060e+01 3.667e-03 1.834e-03
9.070e+01 4.120e-03 1.051e-03
9.080e+01 4.004e-03 1.229e-03
9.090e+01 4.441e-03 6.610e-04
9.100e+01 4.619e-03 1.647e-03
9.110e+01 5.366e-03 1.698e-03
9.120e+01 4.377e-03 6.797e-04
9.130e+01 4.320e-03 1.273e-03
9.140e+01 3.909e-03 1.095e-03
9.150e+01 4.765e-03 1.293e-03
9.160e+01 4.564e-03 1.854e-03
9.170e+01 4.260e-03 1.283e-03
9.180e+01 4.842e-03 1.923e-03
9.190e+01 4.975e-03 1.801e-03
9.200e+01 5.246e-03 2.147e-03
9.210e+01 5.118e-03 2.296e-03
9.220e+01 5.089e-03 1.816e-03
9.230e+01 5.360e-03 2.498e-03
9.240e+01 4.667e-03 2.076e-03
9.250e+01 5.660e-03 2.420e-03
9.260e+01 5.750e-03 2.205e-03
9.270e+01 5.315e-03 2.408e-03
9.280e+01 4.879e-03 1.790e-03
9.290e+01 4.269e-03 5.524e-04
9.300e+01 4.576e-03 3.194e-04
9.310e+01 4.025e-03 -6.831e-04
9.320e+01 3.565e-03 -7.181e-05
9.330e+01 3.444e-03 1.194e-03
9.340e+01 4.311e-03 1.727e-03
9.350e+01 4.461e-03 1.754e-03
9.360e+01 5.384e-03 1.448e-03
9.370e+01 4.577e-03 1.104e-03
9.380e+01 4.504e-03 1.294e-03
9.390e+01 4.134e-03 1.739e-03
9.400e+01 3.774e-03 1.684e-03
9.410e+01 4.189e-03 1.189e-03
9.420e+01 4.972e-03 1.136e-03
9.430e+01 4.506e-03 7.946e-04
9.440e+01 4.202e-03 6.446e-04
9.450e+01 4.451e-03 1.415e-03
9.460e+01 5.526e-03 1.039e-03
9.470e+01 5.178e-03 1.636e-03
9.480e+01 5.387e-03 1.843e-03
9.490e+01 4.140e-03 9.163e-04
9.500e+01 4.049e-03 3.473e-04
9.510e+01 3.574e-03 4.055e-05
9.520e+01 4.157e-03 1.152e-03
9.530e+01 4.543e-03 7.936e-04
9.540e+01 4.867e-03 1.226e-03
9.550e+01 4.658e-03 9.618e-05
9.560e+01 4.579e-03 -9.433e-04
9.570e+01 4.544e-03 -9.205e-04
9.580e+01 5.121e-03 8.365e-05
9.590e+01 5.969e-03 3.620e-04
9.600e+01 5.582e-03 -8.495e-04
9.610e+01 5.552e-03 -1.059e-03
9.620e+01 3.759e-03 -9.811e-04
9.630e+01 3.404e-03 -7.068e-04
9.640e+01 3.451e-03 -1.593e-03
9.650e+01 4.259e-03 -3.880e-04
9.660e+01 4.385e-03 8.876e-04
9.670e+01 4.681e-03 6.250e-04
9.680e+01 4.383e-03 -1.017e-04
9.690e+01 4.591e-03 5.952e-04
9.700e+01 4.469e-03 6.218e-04
9.710e+01 3.630e-03 5.896e-04
9.720e+01 2.811e-03 1.337e-04
9.730e+01 3.227e-03 5.763e-04
9.740e+01 3.540e-03 4.844e-04
9.750e+01 3.749e-03 7.989e-04
9.760e+01 2.956e-03 1.070e-03
9.770e+01 2.962e-03 6.964e-04
9.780e+01 3.236e-03 -5.694e-05
9.790e+01 3.774e-03 7.472e-04
9.800e+01 4.049e-03 1.633e-03
9.810e+01 4.211e-03 6.107e-04
9.820e+01 4.268e-03 1.080e-03
9.830e+01 3.858e-03 9.262e-04
9.840e+01 3.665e-03 1.000e-03
9.850e+01 3.769e-03 1.483e-03
9.860e+01 4.492e-03 8.511e-04
9.870e+01 4.654e-03 8.903e-04
9.880e+01 3.826e-03 4.157e-04
9.890e+01 4.342e-03 8.995e-04
9.900e+01 4.501e-03 1.053e-03
9.910e+01 4.207e-03 1.190e-03
9.920e+01 4.785e-03 1.464e-03
9.930e+01 4.272e-03 2.392e-03
9.940e+01 5.239e-03 1.749e-03
9.950e+01 5.761e-03 2.046e-03
9.960e+01 5.123e-03 2.378e-03
9.970e+01 5.456e-03 1.369e-03
9.980e+01 5.051e-03 1.684e-03
9.990e+01 4.052e-03 2.748e-03
