# Frequency (1.0/ps)      real(fft(F_2))
0.000e+00 5.695e+01
1.000e-02 3.557e+01
2.000e-02 2.417e+01
3.000e-02 2.294e+01
4.000e-02 1.439e+01
5.000e-02 1.157e+01
6.000e-02 1.013e+01
7.000e-02 8.396e+00
8.000e-02 8.607e+00
9.000e-02 5.653e+00
1.000e-01 5.536e+00
1.100e-01 5.061e+00
1.200e-01 4.539e+00
1.300e-01 2.287e+00
1.400e-01 2.642e+00
1.500e-01 2.797e+00
1.600e-01 1.837e+00
1.700e-01 3.864e+00
1.800e-01 3.191e+00
1.900e-01 2.921e+00
2.000e-01 1.869e+00
2.100e-01 3.152e+00
2.200e-01 2.701e+00
2.300e-01 1.874e+00
2.400e-01 7.240e-01
2.500e-01 1.338e+00
2.600e-01 7.470e-01
2.700e-01 1.061e+00
2.800e-01 7.663e-01
2.900e-01 6.696e-01
3.000e-01 7.465e-01
3.100e-01 1.786e+00
3.200e-01 2.392e+00
3.300e-01 2.159e+00
3.400e-01 1.061e+00
3.500e-01 1.754e+00
3.600e-01 9.161e-01
3.700e-01 1.211e+00
3.800e-01 1.731e+00
3.900e-01 1.439e+00
4.000e-01 1.734e+00
4.100e-01 1.430e+00
4.200e-01 1.054e+00
4.300e-01 1.096e+00
4.400e-01 1.117e+00
4.500e-01 5.888e-01
4.600e-01 9.395e-01
4.700e-01 8.788e-01
4.800e-01 9.700e-01
4.900e-01 8.643e-01
5.000e-01 1.126e+00
5.100e-01 1.302e+00
5.200e-01 1.738e+00
5.300e-01 1.479e+00
5.400e-01 1.461e+00
5.500e-01 1.601e+00
5.600e-01 1.605e+00
5.700e-01 1.040e+00
5.800e-01 7.516e-01
5.900e-01 1.387e+00
6.000e-01 1.419e+00
6.100e-01 1.298e+00
6.200e-01 1.250e+00
6.300e-01 1.473e+00
6.400e-01 1.257e+00
6.500e-01 8.946e-01
6.600e-01 9.066e-01
6.700e-01 8.231e-01
6.800e-01 8.005e-01
6.900e-01 7.492e-01
7.000e-01 1.198e+00
7.100e-01 1.411e+00
7.200e-01 9.857e-01
7.300e-01 8.213e-01
7.400e-01 5.345e-01
7.500e-01 4.561e-01
7.600e-01 1.471e-01
7.700e-01 4.183e-01
7.800e-01 5.751e-01
7.900e-01 4.079e-01
8.000e-01 4.410e-01
8.100e-01 4.487e-01
8.200e-01 3.125e-01
8.300e-01 5.900e-01
8.400e-01 4.046e-01
8.500e-01 6.812e-01
8.600e-01 4.238e-01
8.700e-01 4.737e-01
8.800e-01 6.209e-01
8.900e-01 5.053e-01
9.000e-01 4.368e-01
9.100e-01 6.212e-01
9.200e-01 8.241e-01
9.300e-01 5.061e-01
9.400e-01 4.526e-01
9.500e-01 7.848e-01
9.600e-01 6.633e-01
9.700e-01 4.498e-01
9.800e-01 -6.849e-02
9.900e-01 2.096e-01
1.000e+00 6.595e-01
1.010e+00 4.049e-01
1.020e+00 3.119e-01
1.030e+00 8.154e-01
1.040e+00 7.683e-01
1.050e+00 6.401e-01
1.060e+00 8.087e-01
1.070e+00 7.471e-01
1.080e+00 5.970e-01
1.090e+00 1.020e+00
1.100e+00 1.370e+00
1.110e+00 1.471e+00
1.120e+00 1.100e+00
1.130e+00 8.967e-01
1.140e+00 1.006e+00
1.150e+00 6.441e-01
1.160e+00 1.146e+00
1.170e+00 1.062e+00
1.180e+00 1.276e+00
1.190e+00 9.883e-01
1.200e+00 9.383e-01
1.210e+00 9.778e-01
1.220e+00 1.084e+00
1.230e+00 9.670e-01
1.240e+00 7.060e-01
1.250e+00 4.061e-01
1.260e+00 4.789e-01
1.270e+00 6.719e-01
1.280e+00 8.913e-01
1.290e+00 8.584e-01
1.300e+00 8.729e-01
1.310e+00 8.396e-01
1.320e+00 1.071e+00
1.330e+00 1.003e+00
1.340e+00 9.867e-01
1.350e+00 8.827e-01
1.360e+00 6.252e-01
1.370e+00 7.427e-01
1.380e+00 6.079e-01
1.390e+00 6.558e-01
1.400e+00 6.853e-01
1.410e+00 4.019e-01
1.420e+00 6.949e-01
1.430e+00 5.873e-01
1.440e+00 8.199e-01
1.450e+00 6.881e-01
1.460e+00 7.550e-01
1.470e+00 9.055e-01
1.480e+00 9.259e-01
1.490e+00 7.506e-01
1.500e+00 4.925e-01
1.510e+00 4.926e-01
1.520e+00 3.551e-01
1.530e+00 4.759e-01
1.540e+00 5.867e-01
1.550e+00 6.465e-01
1.560e+00 5.771e-01
1.570e+00 4.030e-01
1.580e+00 3.608e-01
1.590e+00 3.656e-01
1.600e+00 7.025e-01
1.610e+00 4.484e-01
1.620e+00 5.096e-01
1.630e+00 5.827e-01
1.640e+00 7.675e-01
1.650e+00 8.252e-01
1.660e+00 7.522e-01
1.670e+00 8.424e-01
1.680e+00 7.395e-01
1.690e+00 6.821e-01
1.700e+00 7.158e-01
1.710e+00 7.997e-01
1.720e+00 8.994e-01
1.730e+00 7.934e-01
1.740e+00 7.458e-01
1.750e+00 6.836e-01
1.760e+00 8.510e-01
1.770e+00 7.284e-01
1.780e+00 5.901e-01
1.790e+00 5.189e-01
1.800e+00 7.338e-01
1.810e+00 5.476e-01
1.820e+00 6.118e-01
1.830e+00 7.052e-01
1.840e+00 7.971e-01
1.850e+00 5.935e-01
1.860e+00 6.659e-01
1.870e+00 9.430e-01
1.880e+00 8.156e-01
1.890e+00 8.209e-01
1.900e+00 7.699e-01
1.910e+00 9.078e-01
1.920e+00 8.920e-01
1.930e+00 5.763e-01
1.940e+00 6.629e-01
1.950e+00 6.679e-01
1.960e+00 5.092e-01
1.970e+00 5.962e-01
1.980e+00 6.806e-01
1.990e+00 7.613e-01
2.000e+00 4.721e-01
2.010e+00 5.111e-01
2.020e+00 5.364e-01
2.030e+00 6.716e-01
2.040e+00 5.950e-01
2.050e+00 6.834e-01
2.060e+00 7.372e-01
2.070e+00 6.275e-01
2.080e+00 7.510e-01
2.090e+00 5.290e-01
2.100e+00 5.035e-01
2.110e+00 5.253e-01
2.120e+00 3.847e-01
2.130e+00 4.466e-01
2.140e+00 2.905e-01
2.150e+00 5.281e-01
2.160e+00 4.037e-01
2.170e+00 4.468e-01
2.180e+00 5.681e-01
2.190e+00 6.052e-01
2.200e+00 7.096e-01
2.210e+00 7.427e-01
2.220e+00 9.137e-01
2.230e+00 8.503e-01
2.240e+00 8.300e-01
2.250e+00 7.972e-01
2.260e+00 8.516e-01
2.270e+00 8.746e-01
2.280e+00 6.965e-01
2.290e+00 6.257e-01
2.300e+00 5.460e-01
2.310e+00 5.100e-01
2.320e+00 6.293e-01
2.330e+00 4.829e-01
2.340e+00 4.967e-01
2.350e+00 3.130e-01
2.360e+00 4.768e-01
2.370e+00 4.445e-01
2.380e+00 6.393e-01
2.390e+00 6.995e-01
2.400e+00 6.399e-01
2.410e+00 5.410e-01
2.420e+00 5.987e-01
2.430e+00 7.762e-01
2.440e+00 6.902e-01
2.450e+00 6.113e-01
2.460e+00 7.325e-01
2.470e+00 5.033e-01
2.480e+00 6.226e-01
2.490e+00 4.823e-01
2.500e+00 5.138e-01
2.510e+00 5.737e-01
2.520e+00 4.963e-01
2.530e+00 5.649e-01
2.540e+00 6.037e-01
2.550e+00 6.379e-01
2.560e+00 5.523e-01
2.570e+00 4.775e-01
2.580e+00 4.976e-01
2.590e+00 4.978e-01
2.600e+00 7.559e-01
2.610e+00 6.243e-01
2.620e+00 6.890e-01
2.630e+00 5.802e-01
2.640e+00 6.921e-01
2.650e+00 7.015e-01
2.660e+00 5.708e-01
2.670e+00 7.785e-01
2.680e+00 8.227e-01
2.690e+00 7.194e-01
2.700e+00 7.221e-01
2.710e+00 7.554e-01
2.720e+00 6.845e-01
2.730e+00 3.877e-01
2.740e+00 4.430e-01
2.750e+00 3.535e-01
2.760e+00 4.452e-01
2.770e+00 4.225e-01
2.780e+00 6.250e-01
2.790e+00 5.109e-01
2.800e+00 3.899e-01
2.810e+00 5.151e-01
2.820e+00 4.846e-01
2.830e+00 4.954e-01
2.840e+00 5.208e-01
2.850e+00 6.133e-01
2.860e+00 4.239e-01
2.870e+00 4.967e-01
2.880e+00 6.086e-01
2.890e+00 5.697e-01
2.900e+00 4.841e-01
2.910e+00 5.675e-01
2.920e+00 6.389e-01
2.930e+00 5.716e-01
2.940e+00 6.104e-01
2.950e+00 6.035e-01
2.960e+00 7.694e-01
2.970e+00 7.085e-01
2.980e+00 7.482e-01
2.990e+00 9.162e-01
3.000e+00 8.292e-01
3.010e+00 6.421e-01
3.020e+00 6.848e-01
3.030e+00 6.669e-01
3.040e+00 5.493e-01
3.050e+00 5.376e-01
3.060e+00 7.790e-01
3.070e+00 7.275e-01
3.080e+00 6.244e-01
3.090e+00 6.030e-01
3.100e+00 6.289e-01
3.110e+00 6.165e-01
3.120e+00 4.827e-01
3.130e+00 6.057e-01
3.140e+00 6.576e-01
3.150e+00 6.548e-01
3.160e+00 5.908e-01
3.170e+00 4.179e-01
3.180e+00 4.220e-01
3.190e+00 4.473e-01
3.200e+00 5.061e-01
3.210e+00 7.212e-01
3.220e+00 7.288e-01
3.230e+00 5.030e-01
3.240e+00 6.037e-01
3.250e+00 6.520e-01
3.260e+00 7.577e-01
3.270e+00 8.080e-01
3.280e+00 7.664e-01
3.290e+00 8.509e-01
3.300e+00 6.410e-01
3.310e+00 7.875e-01
3.320e+00 8.988e-01
3.330e+00 6.748e-01
3.340e+00 5.767e-01
3.350e+00 4.716e-01
3.360e+00 5.116e-01
3.370e+00 5.056e-01
3.380e+00 6.387e-01
3.390e+00 5.613e-01
3.400e+00 6.141e-01
3.410e+00 5.690e-01
3.420e+00 7.198e-01
3.430e+00 8.232e-01
3.440e+00 7.837e-01
3.450e+00 7.963e-01
3.460e+00 6.008e-01
3.470e+00 6.779e-01
3.480e+00 5.607e-01
3.490e+00 7.349e-01
3.500e+00 6.887e-01
3.510e+00 5.555e-01
3.520e+00 5.486e-01
3.530e+00 6.596e-01
3.540e+00 5.225e-01
3.550e+00 5.584e-01
3.560e+00 7.681e-01
3.570e+00 6.382e-01
3.580e+00 5.682e-01
3.590e+00 7.513e-01
3.600e+00 6.724e-01
3.610e+00 8.068e-01
3.620e+00 7.231e-01
3.630e+00 6.346e-01
3.640e+00 6.893e-01
3.650e+00 6.205e-01
3.660e+00 5.849e-01
3.670e+00 5.413e-01
3.680e+00 5.102e-01
3.690e+00 4.444e-01
3.700e+00 5.595e-01
3.710e+00 6.116e-01
3.720e+00 5.591e-01
3.730e+00 4.995e-01
3.740e+00 5.753e-01
3.750e+00 6.069e-01
3.760e+00 6.725e-01
3.770e+00 6.293e-01
3.780e+00 6.085e-01
3.790e+00 5.027e-01
3.800e+00 4.939e-01
3.810e+00 5.042e-01
3.820e+00 5.773e-01
3.830e+00 4.277e-01
3.840e+00 3.565e-01
3.850e+00 3.991e-01
3.860e+00 4.965e-01
3.870e+00 3.520e-01
3.880e+00 3.928e-01
3.890e+00 4.476e-01
3.900e+00 3.009e-01
3.910e+00 2.723e-01
3.920e+00 3.865e-01
3.930e+00 5.080e-01
3.940e+00 4.562e-01
3.950e+00 4.189e-01
3.960e+00 3.840e-01
3.970e+00 5.260e-01
3.980e+00 4.320e-01
3.990e+00 5.484e-01
4.000e+00 6.834e-01
4.010e+00 4.000e-01
4.020e+00 4.218e-01
4.030e+00 4.520e-01
4.040e+00 4.173e-01
4.050e+00 4.453e-01
4.060e+00 3.729e-01
4.070e+00 3.948e-01
4.080e+00 3.352e-01
4.090e+00 4.272e-01
4.100e+00 4.535e-01
4.110e+00 5.044e-01
4.120e+00 4.425e-01
4.130e+00 5.081e-01
4.140e+00 4.527e-01
4.150e+00 5.276e-01
4.160e+00 4.732e-01
4.170e+00 4.758e-01
4.180e+00 5.919e-01
4.190e+00 5.482e-01
4.200e+00 4.439e-01
4.210e+00 5.042e-01
4.220e+00 4.021e-01
4.230e+00 4.273e-01
4.240e+00 4.765e-01
4.250e+00 6.098e-01
4.260e+00 6.191e-01
4.270e+00 4.997e-01
4.280e+00 5.050e-01
4.290e+00 5.180e-01
4.300e+00 5.090e-01
4.310e+00 5.043e-01
4.320e+00 3.850e-01
4.330e+00 4.245e-01
4.340e+00 4.601e-01
4.350e+00 5.430e-01
4.360e+00 4.827e-01
4.370e+00 5.766e-01
4.380e+00 5.571e-01
4.390e+00 5.877e-01
4.400e+00 6.821e-01
4.410e+00 5.984e-01
4.420e+00 6.683e-01
4.430e+00 6.336e-01
4.440e+00 6.974e-01
4.450e+00 7.559e-01
4.460e+00 7.440e-01
4.470e+00 6.165e-01
4.480e+00 6.792e-01
4.490e+00 5.891e-01
4.500e+00 5.689e-01
4.510e+00 4.555e-01
4.520e+00 4.738e-01
4.530e+00 4.604e-01
4.540e+00 5.730e-01
4.550e+00 4.581e-01
4.560e+00 4.565e-01
4.570e+00 4.306e-01
4.580e+00 4.422e-01
4.590e+00 4.333e-01
4.600e+00 4.762e-01
4.610e+00 5.495e-01
4.620e+00 4.744e-01
4.630e+00 4.395e-01
4.640e+00 4.655e-01
4.650e+00 4.775e-01
4.660e+00 3.598e-01
4.670e+00 4.067e-01
4.680e+00 5.459e-01
4.690e+00 5.284e-01
4.700e+00 5.169e-01
4.710e+00 5.347e-01
4.720e+00 5.178e-01
4.730e+00 5.290e-01
4.740e+00 5.740e-01
4.750e+00 5.312e-01
4.760e+00 4.533e-01
4.770e+00 3.148e-01
4.780e+00 4.442e-01
4.790e+00 3.042e-01
4.800e+00 2.930e-01
4.810e+00 1.134e-01
4.820e+00 2.697e-01
4.830e+00 2.708e-01
4.840e+00 2.809e-01
4.850e+00 3.159e-01
4.860e+00 3.744e-01
4.870e+00 2.012e-01
4.880e+00 1.766e-01
4.890e+00 3.023e-01
4.900e+00 2.889e-01
4.910e+00 3.630e-01
4.920e+00 3.746e-01
4.930e+00 4.097e-01
4.940e+00 5.838e-01
4.950e+00 5.023e-01
4.960e+00 5.285e-01
4.970e+00 6.068e-01
4.980e+00 5.816e-01
4.990e+00 5.039e-01
-5.000e+00 4.341e-01
-4.990e+00 3.308e-01
-4.980e+00 4.880e-01
-4.970e+00 3.703e-01
-4.960e+00 4.517e-01
-4.950e+00 3.635e-01
-4.940e+00 1.437e-01
-4.930e+00 2.505e-01
-4.920e+00 2.439e-01
-4.910e+00 1.618e-01
-4.900e+00 9.455e-02
-4.890e+00 1.757e-01
-4.880e+00 2.297e-01
-4.870e+00 3.378e-01
-4.860e+00 3.760e-01
-4.850e+00 3.078e-01
-4.840e+00 3.481e-01
-4.830e+00 3.417e-01
-4.820e+00 4.218e-01
-4.810e+00 3.774e-01
-4.800e+00 4.654e-01
-4.790e+00 3.835e-01
-4.780e+00 4.307e-01
-4.770e+00 4.456e-01
-4.760e+00 3.746e-01
-4.750e+00 5.751e-01
-4.740e+00 6.787e-01
-4.730e+00 6.573e-01
-4.720e+00 7.286e-01
-4.710e+00 6.165e-01
-4.700e+00 6.447e-01
-4.690e+00 5.573e-01
-4.680e+00 5.641e-01
-4.670e+00 5.511e-01
-4.660e+00 5.904e-01
-4.650e+00 4.900e-01
-4.640e+00 5.298e-01
-4.630e+00 5.819e-01
-4.620e+00 5.272e-01
-4.610e+00 5.237e-01
-4.600e+00 4.973e-01
-4.590e+00 5.041e-01
-4.580e+00 4.430e-01
-4.570e+00 3.568e-01
-4.560e+00 3.404e-01
-4.550e+00 4.026e-01
-4.540e+00 3.752e-01
-4.530e+00 3.864e-01
-4.520e+00 4.547e-01
-4.510e+00 4.513e-01
-4.500e+00 4.251e-01
-4.490e+00 4.221e-01
-4.480e+00 4.827e-01
-4.470e+00 4.738e-01
-4.460e+00 4.643e-01
-4.450e+00 5.225e-01
-4.440e+00 4.489e-01
-4.430e+00 3.355e-01
-4.420e+00 3.475e-01
-4.410e+00 3.680e-01
-4.400e+00 3.325e-01
-4.390e+00 2.819e-01
-4.380e+00 4.128e-01
-4.370e+00 3.965e-01
-4.360e+00 4.496e-01
-4.350e+00 3.788e-01
-4.340e+00 3.695e-01
-4.330e+00 3.602e-01
-4.320e+00 3.727e-01
-4.310e+00 2.138e-01
-4.300e+00 4.303e-01
-4.290e+00 3.719e-01
-4.280e+00 3.768e-01
-4.270e+00 3.199e-01
-4.260e+00 3.509e-01
-4.250e+00 3.667e-01
-4.240e+00 2.804e-01
-4.230e+00 5.840e-01
-4.220e+00 5.481e-01
-4.210e+00 4.747e-01
-4.200e+00 4.185e-01
-4.190e+00 4.646e-01
-4.180e+00 5.187e-01
-4.170e+00 5.218e-01
-4.160e+00 4.116e-01
-4.150e+00 4.626e-01
-4.140e+00 3.881e-01
-4.130e+00 3.168e-01
-4.120e+00 5.226e-01
-4.110e+00 2.782e-01
-4.100e+00 3.146e-01
-4.090e+00 2.160e-01
-4.080e+00 1.905e-01
-4.070e+00 2.694e-01
-4.060e+00 3.263e-01
-4.050e+00 2.201e-01
-4.040e+00 3.897e-01
-4.030e+00 2.904e-01
-4.020e+00 2.996e-01
-4.010e+00 3.528e-01
-4.000e+00 3.733e-01
-3.990e+00 3.971e-01
-3.980e+00 4.860e-01
-3.970e+00 3.174e-01
-3.960e+00 4.871e-01
-3.950e+00 4.134e-01
-3.940e+00 4.744e-01
-3.930e+00 4.279e-01
-3.920e+00 5.861e-01
-3.910e+00 6.717e-01
-3.900e+00 5.974e-01
-3.890e+00 4.702e-01
-3.880e+00 4.453e-01
-3.870e+00 3.477e-01
-3.860e+00 3.861e-01
-3.850e+00 4.315e-01
-3.840e+00 3.474e-01
-3.830e+00 3.504e-01
-3.820e+00 3.639e-01
-3.810e+00 4.605e-01
-3.800e+00 5.741e-01
-3.790e+00 5.659e-01
-3.780e+00 5.611e-01
-3.770e+00 5.871e-01
-3.760e+00 3.504e-01
-3.750e+00 5.322e-01
-3.740e+00 5.098e-01
-3.730e+00 5.952e-01
-3.720e+00 4.528e-01
-3.710e+00 4.611e-01
-3.700e+00 3.545e-01
-3.690e+00 3.639e-01
-3.680e+00 4.207e-01
-3.670e+00 2.921e-01
-3.660e+00 4.148e-01
-3.650e+00 3.223e-01
-3.640e+00 3.068e-01
-3.630e+00 4.791e-01
-3.620e+00 4.479e-01
-3.610e+00 4.682e-01
-3.600e+00 4.351e-01
-3.590e+00 5.391e-01
-3.580e+00 5.248e-01
-3.570e+00 7.763e-01
-3.560e+00 6.512e-01
-3.550e+00 5.121e-01
-3.540e+00 4.742e-01
-3.530e+00 3.409e-01
-3.520e+00 4.870e-01
-3.510e+00 5.029e-01
-3.500e+00 7.312e-01
-3.490e+00 6.856e-01
-3.480e+00 6.257e-01
-3.470e+00 6.008e-01
-3.460e+00 5.517e-01
-3.450e+00 4.360e-01
-3.440e+00 4.521e-01
-3.430e+00 4.716e-01
-3.420e+00 6.286e-01
-3.410e+00 5.425e-01
-3.400e+00 5.216e-01
-3.390e+00 3.408e-01
-3.380e+00 3.859e-01
-3.370e+00 2.795e-01
-3.360e+00 6.109e-01
-3.350e+00 5.513e-01
-3.340e+00 6.423e-01
-3.330e+00 6.595e-01
-3.320e+00 5.607e-01
-3.310e+00 4.881e-01
-3.300e+00 6.117e-01
-3.290e+00 7.852e-01
-3.280e+00 5.562e-01
-3.270e+00 5.200e-01
-3.260e+00 7.387e-01
-3.250e+00 8.346e-01
-3.240e+00 7.044e-01
-3.230e+00 6.153e-01
-3.220e+00 6.282e-01
-3.210e+00 5.339e-01
-3.200e+00 3.440e-01
-3.190e+00 5.280e-01
-3.180e+00 6.605e-01
-3.170e+00 4.265e-01
-3.160e+00 2.852e-01
-3.150e+00 5.431e-01
-3.140e+00 4.971e-01
-3.130e+00 5.048e-01
-3.120e+00 4.197e-01
-3.110e+00 5.636e-01
-3.100e+00 5.907e-01
-3.090e+00 6.128e-01
-3.080e+00 5.486e-01
-3.070e+00 5.946e-01
-3.060e+00 4.990e-01
-3.050e+00 4.838e-01
-3.040e+00 5.900e-01
-3.030e+00 6.126e-01
-3.020e+00 3.118e-01
-3.010e+00 3.328e-01
-3.000e+00 2.704e-01
-2.990e+00 3.104e-01
-2.980e+00 3.101e-01
-2.970e+00 4.704e-01
-2.960e+00 5.475e-01
-2.950e+00 4.134e-01
-2.940e+00 6.725e-01
-2.930e+00 7.007e-01
-2.920e+00 6.939e-01
-2.910e+00 5.330e-01
-2.900e+00 6.931e-01
-2.890e+00 6.588e-01
-2.880e+00 5.136e-01
-2.870e+00 5.241e-01
-2.860e+00 7.201e-01
-2.850e+00 6.193e-01
-2.840e+00 4.135e-01
-2.830e+00 5.151e-01
-2.820e+00 4.750e-01
-2.810e+00 4.750e-01
-2.800e+00 3.834e-01
-2.790e+00 5.665e-01
-2.780e+00 4.187e-01
-2.770e+00 4.787e-01
-2.760e+00 5.140e-01
-2.750e+00 5.665e-01
-2.740e+00 6.560e-01
-2.730e+00 7.540e-01
-2.720e+00 7.034e-01
-2.710e+00 6.958e-01
-2.700e+00 2.989e-01
-2.690e+00 6.480e-01
-2.680e+00 4.796e-01
-2.670e+00 4.907e-01
-2.660e+00 5.841e-01
-2.650e+00 8.465e-01
-2.640e+00 7.208e-01
-2.630e+00 7.484e-01
-2.620e+00 7.106e-01
-2.610e+00 8.131e-01
-2.600e+00 4.984e-01
-2.590e+00 4.765e-01
-2.580e+00 6.048e-01
-2.570e+00 5.244e-01
-2.560e+00 2.841e-01
-2.550e+00 5.142e-01
-2.540e+00 3.493e-01
-2.530e+00 3.395e-01
-2.520e+00 3.678e-01
-2.510e+00 4.673e-01
-2.500e+00 6.677e-01
-2.490e+00 4.209e-01
-2.480e+00 4.450e-01
-2.470e+00 4.457e-01
-2.460e+00 7.202e-01
-2.450e+00 6.639e-01
-2.440e+00 6.774e-01
-2.430e+00 7.038e-01
-2.420e+00 5.578e-01
-2.410e+00 7.692e-01
-2.400e+00 6.657e-01
-2.390e+00 6.998e-01
-2.380e+00 7.434e-01
-2.370e+00 7.257e-01
-2.360e+00 6.322e-01
-2.350e+00 6.249e-01
-2.340e+00 7.080e-01
-2.330e+00 5.359e-01
-2.320e+00 4.613e-01
-2.310e+00 6.141e-01
-2.300e+00 4.571e-01
-2.290e+00 7.204e-01
-2.280e+00 6.118e-01
-2.270e+00 5.341e-01
-2.260e+00 8.369e-01
-2.250e+00 6.246e-01
-2.240e+00 7.260e-01
-2.230e+00 6.681e-01
-2.220e+00 8.904e-01
-2.210e+00 7.050e-01
-2.200e+00 9.510e-01
-2.190e+00 8.072e-01
-2.180e+00 8.627e-01
-2.170e+00 7.980e-01
-2.160e+00 7.214e-01
-2.150e+00 9.013e-01
-2.140e+00 6.129e-01
-2.130e+00 6.888e-01
-2.120e+00 5.779e-01
-2.110e+00 5.892e-01
-2.100e+00 6.440e-01
-2.090e+00 4.644e-01
-2.080e+00 3.955e-01
-2.070e+00 4.315e-01
-2.060e+00 5.849e-01
-2.050e+00 6.167e-01
-2.040e+00 4.584e-01
-2.030e+00 4.636e-01
-2.020e+00 4.666e-01
-2.010e+00 5.272e-01
-2.000e+00 3.031e-01
-1.990e+00 3.061e-01
-1.980e+00 4.258e-01
-1.970e+00 3.052e-01
-1.960e+00 6.447e-01
-1.950e+00 4.279e-01
-1.940e+00 5.258e-01
-1.930e+00 4.329e-01
-1.920e+00 4.199e-01
-1.910e+00 3.172e-01
-1.900e+00 2.481e-01
-1.890e+00 4.030e-01
-1.880e+00 4.393e-01
-1.870e+00 7.509e-01
-1.860e+00 6.937e-01
-1.850e+00 7.044e-01
-1.840e+00 6.563e-01
-1.830e+00 6.469e-01
-1.820e+00 7.096e-01
-1.810e+00 7.698e-01
-1.800e+00 6.453e-01
-1.790e+00 5.639e-01
-1.780e+00 4.122e-01
-1.770e+00 4.453e-01
-1.760e+00 5.370e-01
-1.750e+00 7.402e-01
-1.740e+00 4.947e-01
-1.730e+00 4.423e-01
-1.720e+00 4.517e-01
-1.710e+00 5.181e-01
-1.700e+00 7.237e-01
-1.690e+00 4.704e-01
-1.680e+00 7.136e-01
-1.670e+00 2.159e-01
-1.660e+00 4.211e-01
-1.650e+00 4.516e-01
-1.640e+00 4.472e-01
-1.630e+00 6.728e-01
-1.620e+00 5.400e-01
-1.610e+00 5.243e-01
-1.600e+00 3.920e-01
-1.590e+00 3.811e-01
-1.580e+00 5.405e-01
-1.570e+00 6.836e-01
-1.560e+00 6.675e-01
-1.550e+00 5.528e-01
-1.540e+00 6.728e-01
-1.530e+00 5.060e-01
-1.520e+00 3.997e-01
-1.510e+00 4.293e-01
-1.500e+00 3.107e-01
-1.490e+00 3.223e-01
-1.480e+00 2.715e-01
-1.470e+00 4.387e-01
-1.460e+00 5.734e-01
-1.450e+00 6.554e-01
-1.440e+00 6.046e-01
-1.430e+00 4.105e-01
-1.420e+00 6.209e-01
-1.410e+00 4.379e-01
-1.400e+00 6.227e-01
-1.390e+00 7.579e-01
-1.380e+00 7.741e-01
-1.370e+00 1.007e+00
-1.360e+00 8.477e-01
-1.350e+00 8.458e-01
-1.340e+00 1.043e+00
-1.330e+00 9.057e-01
-1.320e+00 1.085e+00
-1.310e+00 8.477e-01
-1.300e+00 8.102e-01
-1.290e+00 9.227e-01
-1.280e+00 1.030e+00
-1.270e+00 9.337e-01
-1.260e+00 9.126e-01
-1.250e+00 7.388e-01
-1.240e+00 6.841e-01
-1.230e+00 8.696e-01
-1.220e+00 5.674e-01
-1.210e+00 8.273e-01
-1.200e+00 4.295e-01
-1.190e+00 3.323e-01
-1.180e+00 6.064e-01
-1.170e+00 3.206e-01
-1.160e+00 7.177e-01
-1.150e+00 5.133e-01
-1.140e+00 2.770e-01
-1.130e+00 3.532e-01
-1.120e+00 2.624e-01
-1.110e+00 5.285e-01
-1.100e+00 3.789e-01
-1.090e+00 7.535e-01
-1.080e+00 6.769e-01
-1.070e+00 5.543e-01
-1.060e+00 8.975e-01
-1.050e+00 7.641e-01
-1.040e+00 8.563e-01
-1.030e+00 6.999e-01
-1.020e+00 1.000e+00
-1.010e+00 8.809e-01
-1.000e+00 1.045e+00
-9.900e-01 7.674e-01
-9.800e-01 7.774e-01
-9.700e-01 5.277e-01
-9.600e-01 3.431e-01
-9.500e-01 3.405e-01
-9.400e-01 3.286e-01
-9.300e-01 8.585e-01
-9.200e-01 7.266e-01
-9.100e-01 9.009e-01
-9.000e-01 9.263e-01
-8.900e-01 9.450e-01
-8.800e-01 7.296e-01
-8.700e-01 1.202e+00
-8.600e-01 8.030e-01
-8.500e-01 9.904e-01
-8.400e-01 6.319e-01
-8.300e-01 1.066e+00
-8.200e-01 1.087e+00
-8.100e-01 6.198e-01
-8.000e-01 8.901e-01
-7.900e-01 1.125e+00
-7.800e-01 1.167e+00
-7.700e-01 1.057e+00
-7.600e-01 7.397e-01
-7.500e-01 9.877e-01
-7.400e-01 1.021e+00
-7.300e-01 9.238e-01
-7.200e-01 6.487e-01
-7.100e-01 1.333e+00
-7.000e-01 9.673e-01
-6.900e-01 1.126e+00
-6.800e-01 1.121e+00
-6.700e-01 9.972e-01
-6.600e-01 1.142e+00
-6.500e-01 1.195e+00
-6.400e-01 1.619e+00
-6.300e-01 1.562e+00
-6.200e-01 1.754e+00
-6.100e-01 1.398e+00
-6.000e-01 1.626e+00
-5.900e-01 1.488e+00
-5.800e-01 1.069e+00
-5.700e-01 1.278e+00
-5.600e-01 1.467e+00
-5.500e-01 9.622e-01
-5.400e-01 9.853e-01
-5.300e-01 1.209e+00
-5.200e-01 6.762e-01
-5.100e-01 7.606e-01
-5.000e-01 1.395e+00
-4.900e-01 8.784e-01
-4.800e-01 1.042e+00
-4.700e-01 8.401e-01
-4.600e-01 9.856e-01
-4.500e-01 1.371e+00
-4.400e-01 8.458e-01
-4.300e-01 1.561e+00
-4.200e-01 9.906e-01
-4.100e-01 9.480e-01
-4.000e-01 1.555e+00
-3.900e-01 1.469e+00
-3.800e-01 1.862e+00
-3.700e-01 1.161e+00
-3.600e-01 1.279e+00
-3.500e-01 1.002e+00
-3.400e-01 8.689e-01
-3.300e-01 1.176e+00
-3.200e-01 1.315e+00
-3.100e-01 1.438e+00
-3.000e-01 1.193e+00
-2.900e-01 2.076e+00
-2.800e-01 1.224e+00
-2.700e-01 1.669e+00
-2.600e-01 7.081e-01
-2.500e-01 7.783e-01
-2.400e-01 9.957e-01
-2.300e-01 1.011e+00
-2.200e-01 1.572e+00
-2.100e-01 7.518e-01
-2.000e-01 7.633e-01
-1.900e-01 1.979e+00
-1.800e-01 2.774e+00
-1.700e-01 2.433e+00
-1.600e-01 2.812e+00
-1.500e-01 2.053e+00
-1.400e-01 3.105e+00
-1.300e-01 4.308e+00
-1.200e-01 3.921e+00
-1.100e-01 4.540e+00
-1.000e-01 4.052e+00
-9.000e-02 3.984e+00
-8.000e-02 6.796e+00
-7.000e-02 8.040e+00
-6.000e-02 7.740e+00
-5.000e-02 8.651e+00
-4.000e-02 1.252e+01
-3.000e-02 1.650e+01
-2.000e-02 1.907e+01
-1.000e-02 3.340e+01
