# Time (ps)      real(F_2)      im(F_2)
0.000e+00 1.000e+00 0.000e+00
1.000e-01 9.207e-01 3.770e-02
2.000e-01 8.772e-01 1.004e-01
3.000e-01 8.535e-01 6.261e-02
4.000e-01 7.920e-01 6.192e-02
5.000e-01 7.952e-01 3.438e-02
6.000e-01 7.471e-01 1.509e-03
7.000e-01 6.687e-01 2.914e-02
8.000e-01 6.353e-01 3.247e-02
9.000e-01 6.463e-01 -7.842e-03
1.000e+00 6.332e-01 1.840e-02
1.100e+00 6.575e-01 -2.509e-02
1.200e+00 6.084e-01 -8.809e-03
1.300e+00 5.957e-01 1.209e-03
1.400e+00 5.415e-01 -9.390e-03
1.500e+00 5.379e-01 -1.273e-02
1.600e+00 5.302e-01 -2.459e-02
1.700e+00 5.091e-01 -5.109e-02
1.800e+00 5.530e-01 -4.767e-02
1.900e+00 5.385e-01 -3.675e-02
2.000e+00 5.077e-01 -5.682e-03
2.100e+00 5.413e-01 4.838e-03
2.200e+00 4.857e-01 5.336e-03
2.300e+00 4.943e-01 -3.027e-02
2.400e+00 5.098e-01 -8.731e-03
2.500e+00 4.533e-01 -4.521e-02
2.600e+00 4.337e-01 -3.289e-02
2.700e+00 4.073e-01 -4.934e-02
2.800e+00 4.256e-01 -7.618e-02
2.900e+00 4.596e-01 -2.182e-02
3.000e+00 4.426e-01 -3.537e-02
3.100e+00 4.899e-01 2.204e-02
3.200e+00 4.556e-01 -3.375e-03
3.300e+00 4.315e-01 -5.372e-03
3.400e+00 3.860e-01 -3.565e-02
3.500e+00 3.950e-01 1.323e-03
3.600e+00 3.616e-01 5.925e-03
3.700e+00 3.715e-01 -1.047e-02
3.800e+00 3.445e-01 -1.294e-02
3.900e+00 3.831e-01 -1.743e-02
4.000e+00 3.749e-01 -3.270e-02
4.100e+00 3.829e-01 -5.867e-02
4.200e+00 3.765e-01 -1.753e-03
4.300e+00 3.931e-01 3.393e-02
4.400e+00 3.402e-01 2.253e-02
4.500e+00 3.466e-01 1.972e-02
4.600e+00 3.563e-01 2.872e-02
4.700e+00 3.492e-01 1.148e-02
4.800e+00 3.473e-01 2.654e-02
4.900e+00 3.211e-01 -2.153e-02
5.000e+00 3.520e-01 1.886e-02
5.100e+00 3.262e-01 9.853e-03
5.200e+00 3.249e-01 3.211e-02
5.300e+00 3.249e-01 2.408e-02
5.400e+00 3.391e-01 -3.022e-02
5.500e+00 3.410e-01 1.894e-02
5.600e+00 3.209e-01 1.863e-02
5.700e+00 3.265e-01 4.729e-02
5.800e+00 3.089e-01 -1.574e-03
5.900e+00 3.242e-01 -4.214e-02
6.000e+00 2.838e-01 -5.075e-02
6.100e+00 2.741e-01 -4.720e-02
6.200e+00 2.637e-01 -3.391e-02
6.300e+00 2.639e-01 -4.781e-02
6.400e+00 2.601e-01 -3.522e-02
6.500e+00 2.499e-01 -3.754e-02
6.600e+00 2.658e-01 -3.787e-02
6.700e+00 2.580e-01 -2.469e-02
6.800e+00 2.543e-01 -5.113e-02
6.900e+00 2.616e-01 -4.286e-02
7.000e+00 2.660e-01 -3.510e-02
7.100e+00 2.725e-01 -2.952e-02
7.200e+00 2.674e-01 -3.012e-02
7.300e+00 3.039e-01 -5.344e-02
7.400e+00 2.687e-01 -5.240e-02
7.500e+00 2.631e-01 -4.265e-02
7.600e+00 2.497e-01 -4.180e-02
7.700e+00 2.433e-01 -5.548e-02
7.800e+00 2.388e-01 -4.093e-02
7.900e+00 2.386e-01 -1.840e-02
8.000e+00 2.316e-01 -5.545e-03
8.100e+00 2.403e-01 -9.440e-03
8.200e+00 2.398e-01 8.841e-03
8.300e+00 2.101e-01 2.008e-02
8.400e+00 2.145e-01 2.772e-02
8.500e+00 2.067e-01 3.099e-02
8.600e+00 2.383e-01 2.331e-02
8.700e+00 2.317e-01 5.271e-03
8.800e+00 2.152e-01 -1.260e-02
8.900e+00 2.259e-01 -2.549e-02
9.000e+00 2.210e-01 -2.331e-02
9.100e+00 1.906e-01 -3.841e-02
9.200e+00 1.844e-01 -3.623e-02
9.300e+00 1.807e-01 -2.936e-02
9.400e+00 1.775e-01 -2.179e-02
9.500e+00 1.897e-01 -1.434e-02
9.600e+00 1.790e-01 -4.356e-02
9.700e+00 1.814e-01 -5.381e-02
9.800e+00 1.789e-01 -5.147e-02
9.900e+00 1.767e-01 -2.882e-02
1.000e+01 1.762e-01 -3.327e-02
1.010e+01 1.826e-01 -4.473e-02
1.020e+01 1.791e-01 -5.559e-02
1.030e+01 1.731e-01 -3.877e-02
1.040e+01 1.711e-01 -2.540e-02
1.050e+01 1.675e-01 -2.554e-02
1.060e+01 1.592e-01 -2.992e-02
1.070e+01 1.694e-01 -2.469e-02
1.080e+01 1.653e-01 -3.278e-02
1.090e+01 1.576e-01 -3.252e-02
1.100e+01 1.772e-01 -1.667e-02
1.110e+01 1.961e-01 -4.127e-02
1.120e+01 1.528e-01 -2.310e-02
1.130e+01 1.460e-01 -2.335e-02
1.140e+01 1.519e-01 -4.597e-02
1.150e+01 1.497e-01 -4.239e-02
1.160e+01 1.566e-01 -4.225e-02
1.170e+01 1.617e-01 -4.258e-02
1.180e+01 1.614e-01 -4.152e-02
1.190e+01 1.734e-01 -4.172e-02
1.200e+01 1.652e-01 -4.847e-02
1.210e+01 1.628e-01 -3.060e-02
1.220e+01 1.702e-01 -1.827e-02
1.230e+01 1.780e-01 -2.459e-02
1.240e+01 1.644e-01 -3.542e-02
1.250e+01 1.690e-01 -2.765e-02
1.260e+01 1.528e-01 -3.666e-02
1.270e+01 1.549e-01 -4.135e-02
1.280e+01 1.481e-01 -2.373e-02
1.290e+01 1.452e-01 -1.965e-02
1.300e+01 1.454e-01 -1.544e-02
1.310e+01 1.362e-01 -1.246e-02
1.320e+01 1.201e-01 -1.252e-02
1.330e+01 1.200e-01 4.269e-04
1.340e+01 1.156e-01 7.699e-03
1.350e+01 1.209e-01 3.962e-03
1.360e+01 9.894e-02 1.170e-02
1.370e+01 1.088e-01 -6.280e-03
1.380e+01 1.266e-01 6.068e-03
1.390e+01 1.322e-01 3.852e-03
1.400e+01 1.466e-01 4.369e-03
1.410e+01 1.356e-01 -9.831e-04
1.420e+01 1.251e-01 -3.665e-03
1.430e+01 1.165e-01 -3.259e-03
1.440e+01 1.125e-01 -9.961e-03
1.450e+01 1.028e-01 -1.300e-02
1.460e+01 1.005e-01 -2.374e-02
1.470e+01 1.066e-01 -2.625e-02
1.480e+01 1.119e-01 -2.205e-02
1.490e+01 1.094e-01 -1.178e-02
1.500e+01 9.588e-02 -1.639e-02
1.510e+01 9.622e-02 -6.376e-03
1.520e+01 1.070e-01 -4.926e-03
1.530e+01 9.669e-02 -1.617e-02
1.540e+01 9.632e-02 -1.274e-02
1.550e+01 8.748e-02 -4.485e-03
1.560e+01 8.288e-02 -1.324e-02
1.570e+01 9.704e-02 -1.068e-02
1.580e+01 1.012e-01 -1.829e-02
1.590e+01 8.602e-02 -1.447e-02
1.600e+01 8.246e-02 -9.673e-03
1.610e+01 6.586e-02 -3.190e-03
1.620e+01 6.573e-02 6.491e-04
1.630e+01 6.003e-02 -9.142e-03
1.640e+01 4.305e-02 -2.034e-02
1.650e+01 7.210e-02 -1.008e-02
1.660e+01 8.128e-02 -1.699e-02
1.670e+01 8.570e-02 -2.106e-02
1.680e+01 9.490e-02 -1.473e-02
1.690e+01 1.009e-01 -2.930e-02
1.700e+01 8.406e-02 -5.558e-02
1.710e+01 8.434e-02 -3.346e-02
1.720e+01 9.049e-02 -1.147e-02
1.730e+01 9.396e-02 1.898e-03
1.740e+01 7.708e-02 -2.112e-02
1.750e+01 8.085e-02 -2.859e-02
1.760e+01 6.022e-02 -2.747e-02
1.770e+01 5.261e-02 -2.249e-02
1.780e+01 7.437e-02 -2.711e-02
1.790e+01 7.711e-02 -1.443e-02
1.800e+01 7.191e-02 -5.071e-03
1.810e+01 6.816e-02 -1.213e-02
1.820e+01 7.264e-02 -2.014e-02
1.830e+01 7.226e-02 -7.850e-03
1.840e+01 7.975e-02 -1.319e-02
1.850e+01 6.602e-02 -1.915e-02
1.860e+01 8.169e-02 -2.243e-02
1.870e+01 7.322e-02 -3.443e-02
1.880e+01 5.621e-02 -3.059e-02
1.890e+01 7.831e-02 -1.919e-02
1.900e+01 8.241e-02 -2.082e-02
1.910e+01 8.450e-02 -1.871e-02
1.920e+01 7.878e-02 -1.348e-02
1.930e+01 7.030e-02 1.398e-03
1.940e+01 7.447e-02 -1.697e-02
1.950e+01 8.636e-02 -2.835e-02
1.960e+01 9.039e-02 -1.537e-02
1.970e+01 8.677e-02 -2.268e-02
1.980e+01 5.780e-02 -3.733e-02
1.990e+01 6.484e-02 -2.302e-02
2.000e+01 5.473e-02 -1.878e-02
2.010e+01 7.283e-02 -1.273e-02
2.020e+01 8.216e-02 -1.847e-02
2.030e+01 6.834e-02 -1.259e-02
2.040e+01 8.439e-02 -1.408e-02
2.050e+01 8.493e-02 -7.133e-03
2.060e+01 9.828e-02 -7.308e-03
2.070e+01 9.832e-02 -2.376e-02
2.080e+01 8.316e-02 -5.473e-03
2.090e+01 7.067e-02 2.851e-03
2.100e+01 5.520e-02 -8.490e-03
2.110e+01 6.088e-02 -1.987e-02
2.120e+01 7.464e-02 -2.694e-02
2.130e+01 6.706e-02 -2.603e-02
2.140e+01 7.084e-02 -2.610e-02
2.150e+01 7.472e-02 -3.291e-02
2.160e+01 7.522e-02 -3.574e-02
2.170e+01 9.095e-02 -3.313e-02
2.180e+01 8.424e-02 -2.600e-02
2.190e+01 7.582e-02 -1.079e-02
2.200e+01 9.303e-02 -3.561e-03
2.210e+01 8.050e-02 -2.246e-03
2.220e+01 7.817e-02 -8.553e-03
2.230e+01 6.733e-02 -6.652e-03
2.240e+01 7.511e-02 -1.838e-03
2.250e+01 7.535e-02 -2.593e-04
2.260e+01 7.172e-02 6.712e-03
2.270e+01 7.181e-02 2.539e-02
2.280e+01 1.028e-01 1.029e-02
2.290e+01 9.226e-02 1.052e-03
2.300e+01 9.537e-02 4.062e-03
2.310e+01 8.796e-02 5.704e-04
2.320e+01 8.639e-02 5.431e-03
2.330e+01 8.605e-02 1.960e-02
2.340e+01 9.769e-02 1.894e-02
2.350e+01 8.480e-02 9.242e-03
2.360e+01 8.032e-02 -8.812e-03
2.370e+01 8.993e-02 8.360e-03
2.380e+01 8.599e-02 1.273e-02
2.390e+01 8.256e-02 7.041e-03
2.400e+01 9.346e-02 2.029e-02
2.410e+01 7.589e-02 1.548e-02
2.420e+01 8.130e-02 7.649e-03
2.430e+01 9.280e-02 -2.586e-03
2.440e+01 8.756e-02 -1.108e-02
2.450e+01 8.177e-02 -7.260e-03
2.460e+01 7.358e-02 1.383e-03
2.470e+01 6.718e-02 1.575e-02
2.480e+01 6.046e-02 2.475e-02
2.490e+01 5.074e-02 4.540e-03
2.500e+01 4.759e-02 -2.628e-03
2.510e+01 5.298e-02 3.909e-03
2.520e+01 5.539e-02 2.296e-03
2.530e+01 5.546e-02 8.684e-04
2.540e+01 6.317e-02 1.372e-03
2.550e+01 6.488e-02 1.601e-02
2.560e+01 4.553e-02 1.416e-02
2.570e+01 5.294e-02 1.082e-02
2.580e+01 5.823e-02 -1.738e-03
2.590e+01 4.689e-02 9.994e-04
2.600e+01 4.738e-02 1.248e-02
2.610e+01 4.287e-02 4.661e-03
2.620e+01 4.625e-02 3.608e-03
2.630e+01 3.874e-02 3.509e-03
2.640e+01 3.310e-02 4.332e-03
2.650e+01 3.085e-02 1.185e-05
2.660e+01 3.744e-02 2.752e-03
2.670e+01 3.061e-02 1.745e-03
2.680e+01 3.776e-02 3.085e-03
2.690e+01 3.804e-02 1.011e-03
2.700e+01 4.252e-02 1.032e-02
2.710e+01 4.092e-02 2.642e-03
2.720e+01 4.356e-02 9.479e-03
2.730e+01 3.906e-02 3.987e-03
2.740e+01 4.303e-02 3.117e-03
2.750e+01 4.797e-02 4.320e-03
2.760e+01 4.385e-02 2.399e-03
2.770e+01 4.090e-02 2.075e-03
2.780e+01 3.626e-02 4.889e-03
2.790e+01 3.738e-02 8.017e-03
2.800e+01 3.364e-02 8.892e-04
2.810e+01 3.617e-02 -8.980e-04
2.820e+01 3.352e-02 1.287e-03
2.830e+01 2.871e-02 6.435e-04
2.840e+01 3.296e-02 6.423e-03
2.850e+01 2.925e-02 4.628e-03
2.860e+01 2.757e-02 7.826e-04
2.870e+01 2.532e-02 -4.538e-03
2.880e+01 2.350e-02 -2.228e-03
2.890e+01 2.186e-02 -9.127e-04
2.900e+01 2.265e-02 4.229e-03
2.910e+01 2.046e-02 2.819e-03
2.920e+01 2.826e-02 6.294e-04
2.930e+01 2.681e-02 3.767e-03
2.940e+01 2.507e-02 5.506e-03
2.950e+01 3.050e-02 8.171e-03
2.960e+01 3.081e-02 7.049e-03
2.970e+01 3.341e-02 3.257e-03
2.980e+01 2.556e-02 7.496e-03
2.990e+01 3.000e-02 7.043e-03
3.000e+01 2.741e-02 1.054e-02
3.010e+01 2.691e-02 5.419e-03
3.020e+01 3.527e-02 4.060e-03
3.030e+01 3.750e-02 6.577e-03
3.040e+01 3.789e-02 3.261e-03
3.050e+01 3.633e-02 3.106e-03
3.060e+01 4.048e-02 6.676e-04
3.070e+01 3.711e-02 2.907e-03
3.080e+01 4.118e-02 2.442e-03
3.090e+01 4.300e-02 3.150e-03
3.100e+01 3.726e-02 3.672e-03
3.110e+01 3.579e-02 3.290e-03
3.120e+01 3.438e-02 2.167e-03
3.130e+01 3.982e-02 9.003e-04
3.140e+01 3.624e-02 -1.907e-03
3.150e+01 3.268e-02 1.695e-03
3.160e+01 3.294e-02 -5.991e-04
3.170e+01 3.253e-02 -6.864e-04
3.180e+01 3.645e-02 2.842e-03
3.190e+01 4.015e-02 1.333e-03
3.200e+01 3.929e-02 3.920e-03
3.210e+01 3.941e-02 4.307e-03
3.220e+01 4.195e-02 6.658e-03
3.230e+01 4.283e-02 2.168e-03
3.240e+01 4.092e-02 3.868e-03
3.250e+01 3.735e-02 4.819e-03
3.260e+01 4.379e-02 4.328e-03
3.270e+01 3.906e-02 6.560e-03
3.280e+01 3.944e-02 5.136e-03
3.290e+01 4.245e-02 4.563e-03
3.300e+01 4.220e-02 5.328e-03
3.310e+01 3.897e-02 8.495e-04
3.320e+01 4.358e-02 -9.575e-04
3.330e+01 3.988e-02 1.890e-03
3.340e+01 4.053e-02 -1.479e-03
3.350e+01 3.927e-02 -5.045e-03
3.360e+01 3.920e-02 -3.584e-04
3.370e+01 3.920e-02 7.454e-04
3.380e+01 3.356e-02 6.253e-03
3.390e+01 4.088e-02 6.496e-03
3.400e+01 4.417e-02 4.135e-03
3.410e+01 4.355e-02 1.421e-03
3.420e+01 4.774e-02 -2.790e-04
3.430e+01 4.577e-02 -8.812e-04
3.440e+01 4.997e-02 -3.801e-03
3.450e+01 5.204e-02 -9.492e-04
3.460e+01 5.009e-02 4.828e-04
3.470e+01 4.698e-02 -9.073e-04
3.480e+01 4.515e-02 -1.711e-03
3.490e+01 4.592e-02 -2.860e-03
3.500e+01 4.936e-02 -4.255e-03
3.510e+01 5.162e-02 -1.540e-03
3.520e+01 4.992e-02 -1.682e-03
3.530e+01 5.106e-02 3.410e-03
3.540e+01 4.569e-02 3.639e-03
3.550e+01 4.613e-02 5.707e-03
3.560e+01 4.467e-02 5.390e-03
3.570e+01 4.183e-02 2.658e-03
3.580e+01 4.076e-02 2.575e-03
3.590e+01 4.110e-02 -2.676e-03
3.600e+01 3.676e-02 -1.998e-03
3.610e+01 3.439e-02 -5.524e-03
3.620e+01 3.567e-02 -4.520e-03
3.630e+01 3.357e-02 -4.748e-03
3.640e+01 3.030e-02 -3.094e-03
3.650e+01 3.104e-02 -3.942e-03
3.660e+01 3.585e-02 5.438e-04
3.670e+01 3.367e-02 4.257e-04
3.680e+01 3.386e-02 6.389e-04
3.690e+01 3.167e-02 -1.792e-03
3.700e+01 3.128e-02 -2.559e-04
3.710e+01 2.925e-02 -5.844e-04
3.720e+01 3.211e-02 4.066e-03
3.730e+01 3.118e-02 -3.048e-04
3.740e+01 2.691e-02 5.160e-04
3.750e+01 2.670e-02 -2.832e-03
3.760e+01 2.335e-02 -3.380e-03
3.770e+01 2.779e-02 -2.234e-03
3.780e+01 2.370e-02 -3.851e-03
3.790e+01 1.799e-02 -3.012e-03
3.800e+01 1.512e-02 -2.775e-03
3.810e+01 1.978e-02 -5.588e-03
3.820e+01 2.159e-02 -5.216e-03
3.830e+01 2.447e-02 -6.171e-03
3.840e+01 2.452e-02 -3.217e-03
3.850e+01 2.565e-02 -4.591e-03
3.860e+01 2.457e-02 -9.775e-03
3.870e+01 2.403e-02 -6.507e-03
3.880e+01 2.931e-02 -4.664e-03
3.890e+01 2.474e-02 -5.927e-04
3.900e+01 2.928e-02 -8.377e-03
3.910e+01 2.573e-02 -1.532e-02
3.920e+01 2.542e-02 -9.741e-03
3.930e+01 2.980e-02 -7.775e-03
3.940e+01 2.960e-02 -3.435e-03
3.950e+01 2.735e-02 3.425e-03
3.960e+01 2.917e-02 -2.458e-04
3.970e+01 2.598e-02 -3.176e-03
3.980e+01 2.751e-02 -7.250e-03
3.990e+01 3.139e-02 -5.863e-03
4.000e+01 3.653e-02 -1.050e-02
4.010e+01 2.993e-02 -6.546e-03
4.020e+01 2.554e-02 -4.602e-03
4.030e+01 3.113e-02 2.068e-04
4.040e+01 2.865e-02 4.993e-03
4.050e+01 2.767e-02 4.682e-03
4.060e+01 2.588e-02 1.144e-03
4.070e+01 2.730e-02 5.450e-03
4.080e+01 2.411e-02 -1.213e-03
4.090e+01 3.077e-02 2.345e-03
4.100e+01 2.460e-02 1.927e-03
4.110e+01 2.607e-02 2.082e-03
4.120e+01 2.158e-02 -4.781e-03
4.130e+01 2.369e-02 -5.014e-03
4.140e+01 2.787e-02 -1.711e-03
4.150e+01 2.422e-02 -5.506e-04
4.160e+01 2.513e-02 1.083e-03
4.170e+01 2.384e-02 -2.016e-03
4.180e+01 2.484e-02 8.460e-04
4.190e+01 2.575e-02 2.179e-03
4.200e+01 2.333e-02 3.325e-03
4.210e+01 2.549e-02 3.209e-03
4.220e+01 2.260e-02 4.689e-03
4.230e+01 2.164e-02 5.132e-03
4.240e+01 2.260e-02 4.774e-03
4.250e+01 2.156e-02 3.604e-03
4.260e+01 1.929e-02 6.558e-03
4.270e+01 2.019e-02 7.922e-03
4.280e+01 2.203e-02 8.871e-03
4.290e+01 2.283e-02 9.017e-03
4.300e+01 2.715e-02 9.987e-03
4.310e+01 2.406e-02 1.215e-02
4.320e+01 2.583e-02 1.500e-02
4.330e+01 2.043e-02 9.393e-03
4.340e+01 2.237e-02 1.067e-02
4.350e+01 2.175e-02 1.049e-02
4.360e+01 2.600e-02 1.057e-02
4.370e+01 2.556e-02 1.177e-02
4.380e+01 1.994e-02 8.227e-03
4.390e+01 1.857e-02 7.636e-03
4.400e+01 2.234e-02 5.265e-03
4.410e+01 1.843e-02 1.947e-03
4.420e+01 2.007e-02 3.691e-03
4.430e+01 1.261e-02 2.853e-03
4.440e+01 1.211e-02 7.592e-03
4.450e+01 1.180e-02 1.002e-03
4.460e+01 1.528e-02 1.848e-03
4.470e+01 1.294e-02 3.182e-03
4.480e+01 1.460e-02 1.377e-03
4.490e+01 1.439e-02 2.126e-03
4.500e+01 1.513e-02 3.599e-03
4.510e+01 1.572e-02 -7.646e-04
4.520e+01 1.440e-02 1.081e-03
4.530e+01 1.553e-02 2.287e-03
4.540e+01 1.387e-02 3.476e-03
4.550e+01 1.514e-02 1.174e-03
4.560e+01 1.385e-02 2.877e-03
4.570e+01 1.507e-02 1.385e-03
4.580e+01 1.238e-02 4.763e-03
4.590e+01 1.326e-02 3.953e-03
4.600e+01 1.354e-02 5.454e-03
4.610e+01 1.614e-02 5.109e-03
4.620e+01 1.858e-02 3.794e-03
4.630e+01 1.825e-02 2.658e-03
4.640e+01 2.035e-02 8.518e-04
4.650e+01 2.258e-02 1.010e-03
4.660e+01 1.907e-02 3.199e-03
4.670e+01 2.039e-02 3.616e-04
4.680e+01 1.908e-02 -1.935e-03
4.690e+01 1.800e-02 -9.273e-04
4.700e+01 1.562e-02 6.056e-05
4.710e+01 1.609e-02 4.912e-04
4.720e+01 1.690e-02 1.201e-04
4.730e+01 1.940e-02 1.554e-03
4.740e+01 1.786e-02 4.478e-03
4.750e+01 1.516e-02 1.426e-03
4.760e+01 1.578e-02 6.019e-03
4.770e+01 1.679e-02 4.994e-03
4.780e+01 1.449e-02 3.613e-03
4.790e+01 1.190e-02 2.771e-03
4.800e+01 1.456e-02 -1.796e-04
4.810e+01 1.457e-02 -2.331e-04
4.820e+01 2.000e-02 -2.838e-04
4.830e+01 1.641e-02 -2.251e-03
4.840e+01 1.690e-02 6.035e-04
4.850e+01 1.545e-02 4.980e-03
4.860e+01 1.362e-02 4.879e-03
4.870e+01 1.698e-02 2.519e-03
4.880e+01 1.974e-02 2.247e-03
4.890e+01 1.805e-02 1.553e-03
4.900e+01 1.452e-02 2.166e-03
4.910e+01 1.378e-02 4.058e-03
4.920e+01 1.341e-02 3.643e-03
4.930e+01 1.328e-02 5.890e-03
4.940e+01 1.420e-02 6.396e-03
4.950e+01 9.447e-03 4.786e-03
4.960e+01 7.674e-03 4.862e-03
4.970e+01 8.369e-03 5.244e-03
4.980e+01 1.378e-02 6.015e-03
4.990e+01 1.752e-02 1.054e-03
5.000e+01 1.103e-02 -2.732e-03
5.010e+01 1.246e-02 -7.128e-03
5.020e+01 7.067e-03 -3.419e-03
5.030e+01 6.104e-03 -2.191e-03
5.040e+01 7.677e-03 -5.685e-03
5.050e+01 1.034e-02 7.759e-04
5.060e+01 9.164e-03 -1.066e-04
5.070e+01 4.126e-03 -2.606e-03
5.080e+01 5.692e-03 -4.688e-03
5.090e+01 6.988e-03 -4.392e-03
5.100e+01 4.722e-03 -5.659e-03
5.110e+01 -1.012e-03 -4.742e-03
5.120e+01 -1.721e-03 -6.278e-03
5.130e+01 -2.606e-03 -4.422e-03
5.140e+01 -3.023e-04 -2.091e-03
5.150e+01 2.155e-03 4.436e-04
5.160e+01 1.938e-03 -1.415e-03
5.170e+01 3.120e-03 -3.225e-03
5.180e+01 2.751e-03 -2.471e-03
5.190e+01 5.470e-03 4.420e-04
5.200e+01 4.052e-03 2.094e-03
5.210e+01 6.660e-03 2.128e-03
5.220e+01 3.859e-03 2.772e-04
5.230e+01 6.979e-03 6.379e-04
5.240e+01 8.003e-03 1.434e-03
5.250e+01 7.649e-03 5.834e-04
5.260e+01 7.952e-03 -8.333e-05
5.270e+01 1.118e-02 -3.032e-04
5.280e+01 1.031e-02 -9.932e-04
5.290e+01 1.076e-02 -1.392e-03
5.300e+01 9.014e-03 -8.111e-04
5.310e+01 9.757e-03 -3.189e-04
5.320e+01 1.196e-02 -4.643e-04
5.330e+01 9.541e-03 -2.340e-03
5.340e+01 1.052e-02 -3.586e-04
5.350e+01 9.855e-03 -9.956e-04
5.360e+01 1.275e-02 7.162e-04
5.370e+01 1.245e-02 2.111e-03
5.380e+01 1.208e-02 2.542e-03
5.390e+01 1.205e-02 3.224e-03
5.400e+01 9.906e-03 4.792e-03
5.410e+01 1.377e-02 4.996e-03
5.420e+01 1.222e-02 3.564e-03
5.430e+01 1.082e-02 4.688e-03
5.440e+01 9.527e-03 5.384e-03
5.450e+01 1.154e-02 3.629e-03
5.460e+01 9.837e-03 3.547e-03
5.470e+01 1.276e-02 5.717e-03
5.480e+01 1.320e-02 5.042e-03
5.490e+01 1.042e-02 2.337e-03
5.500e+01 8.666e-03 2.322e-03
5.510e+01 6.254e-03 3.705e-03
5.520e+01 5.475e-03 3.906e-03
5.530e+01 5.593e-03 5.078e-03
5.540e+01 6.874e-03 3.913e-03
5.550e+01 7.653e-03 1.160e-03
5.560e+01 8.370e-03 2.973e-03
5.570e+01 8.774e-03 1.849e-03
5.580e+01 5.803e-03 -9.583e-04
5.590e+01 -1.495e-03 -4.987e-03
5.600e+01 -2.106e-03 3.047e-03
5.610e+01 -3.300e-03 5.928e-03
5.620e+01 -5.109e-03 7.224e-03
5.630e+01 -8.026e-03 6.499e-03
5.640e+01 -1.141e-02 3.469e-03
5.650e+01 -8.098e-03 -8.697e-04
5.660e+01 -1.055e-02 -1.306e-03
5.670e+01 -4.949e-03 4.221e-03
5.680e+01 -5.717e-03 3.248e-03
5.690e+01 -1.889e-03 -1.752e-04
5.700e+01 -1.392e-02 1.684e-02
5.710e+01 -3.975e-03 1.019e-02
5.720e+01 -6.118e-03 1.761e-02
5.730e+01 -6.143e-03 9.223e-03
5.740e+01 -2.586e-03 3.911e-03
5.750e+01 -1.595e-04 7.080e-03
5.760e+01 -2.336e-03 5.370e-03
5.770e+01 3.017e-03 -8.306e-04
5.780e+01 4.237e-03 8.855e-04
5.790e+01 3.425e-04 3.539e-03
5.800e+01 9.031e-04 3.965e-03
5.810e+01 2.126e-04 3.222e-03
5.820e+01 1.036e-03 3.515e-03
5.830e+01 8.556e-04 4.375e-03
5.840e+01 3.838e-03 2.002e-03
5.850e+01 -1.022e-03 1.285e-03
5.860e+01 2.673e-03 2.891e-03
5.870e+01 1.519e-03 3.159e-03
5.880e+01 1.634e-03 -4.076e-04
5.890e+01 4.569e-03 2.178e-04
5.900e+01 2.681e-03 1.307e-03
5.910e+01 2.099e-03 2.482e-03
5.920e+01 3.607e-03 6.384e-03
5.930e+01 5.597e-03 8.449e-03
5.940e+01 6.243e-03 7.827e-03
5.950e+01 8.696e-03 7.338e-03
5.960e+01 7.782e-03 4.857e-03
5.970e+01 8.511e-03 3.124e-03
5.980e+01 8.047e-03 3.193e-03
5.990e+01 1.017e-02 5.091e-03
6.000e+01 8.535e-03 5.866e-03
6.010e+01 8.209e-03 5.351e-03
6.020e+01 7.909e-03 3.858e-03
6.030e+01 9.162e-03 3.514e-03
6.040e+01 9.533e-03 1.464e-03
6.050e+01 9.740e-03 1.925e-03
6.060e+01 7.933e-03 6.041e-04
6.070e+01 8.289e-03 3.466e-03
6.080e+01 7.677e-03 4.288e-03
6.090e+01 7.549e-03 5.019e-03
6.100e+01 7.982e-03 5.479e-03
6.110e+01 8.786e-03 2.899e-03
6.120e+01 6.633e-03 2.775e-03
6.130e+01 5.483e-03 3.579e-03
6.140e+01 5.640e-03 3.597e-03
6.150e+01 5.023e-03 2.579e-03
6.160e+01 5.396e-03 8.345e-04
6.170e+01 6.281e-03 2.308e-03
6.180e+01 5.189e-03 2.915e-03
6.190e+01 4.782e-03 4.666e-03
6.200e+01 4.515e-03 3.734e-03
6.210e+01 4.302e-03 4.857e-03
6.220e+01 3.773e-03 4.872e-03
6.230e+01 2.669e-03 2.251e-03
6.240e+01 2.718e-03 3.460e-03
6.250e+01 4.485e-03 2.505e-03
6.260e+01 3.792e-03 4.054e-03
6.270e+01 3.840e-03 1.942e-03
6.280e+01 5.066e-03 2.215e-03
6.290e+01 6.707e-03 2.573e-03
6.300e+01 5.660e-03 2.211e-03
6.310e+01 5.695e-03 2.204e-03
6.320e+01 5.490e-03 1.948e-03
6.330e+01 5.766e-03 9.114e-04
6.340e+01 3.705e-03 1.823e-03
6.350e+01 3.563e-03 2.111e-03
6.360e+01 3.519e-03 3.151e-03
6.370e+01 4.310e-03 2.992e-03
6.380e+01 4.462e-03 2.047e-03
6.390e+01 4.538e-03 1.336e-03
6.400e+01 3.764e-03 2.259e-03
6.410e+01 4.709e-03 4.268e-03
6.420e+01 3.854e-03 3.981e-03
6.430e+01 5.263e-03 2.765e-03
6.440e+01 3.870e-03 3.044e-03
6.450e+01 4.618e-03 1.639e-03
6.460e+01 4.715e-03 2.268e-03
6.470e+01 7.057e-03 2.661e-03
6.480e+01 9.088e-03 3.881e-03
6.490e+01 8.705e-03 3.044e-03
6.500e+01 7.067e-03 2.818e-03
6.510e+01 6.867e-03 3.908e-03
6.520e+01 5.390e-03 4.442e-03
6.530e+01 5.867e-03 2.733e-03
6.540e+01 4.377e-03 2.575e-03
6.550e+01 5.690e-03 3.736e-03
6.560e+01 5.894e-03 3.746e-03
6.570e+01 5.927e-03 2.903e-03
6.580e+01 6.019e-03 2.894e-03
6.590e+01 6.800e-03 1.601e-03
6.600e+01 6.318e-03 2.208e-04
6.610e+01 6.729e-03 -1.464e-04
6.620e+01 6.113e-03 8.854e-04
6.630e+01 5.589e-03 2.407e-03
6.640e+01 6.507e-03 2.784e-03
6.650e+01 5.822e-03 3.278e-03
6.660e+01 5.799e-03 3.268e-03
6.670e+01 4.952e-03 3.455e-03
6.680e+01 3.782e-03 3.376e-03
6.690e+01 2.330e-03 2.603e-03
6.700e+01 1.086e-04 2.521e-03
6.710e+01 2.205e-03 1.072e-03
6.720e+01 2.788e-03 1.860e-03
6.730e+01 3.446e-03 1.267e-03
6.740e+01 4.504e-03 2.760e-03
6.750e+01 3.223e-03 2.670e-03
6.760e+01 2.948e-03 2.431e-03
6.770e+01 3.225e-03 3.584e-03
6.780e+01 2.104e-03 3.197e-03
6.790e+01 2.199e-03 3.696e-03
6.800e+01 2.427e-03 4.485e-03
6.810e+01 4.233e-03 4.459e-03
6.820e+01 4.476e-03 4.172e-03
6.830e+01 5.146e-03 4.149e-03
6.840e+01 3.822e-03 4.485e-03
6.850e+01 2.882e-03 4.313e-03
6.860e+01 2.316e-03 3.066e-03
6.870e+01 3.395e-03 4.152e-03
6.880e+01 4.298e-03 4.670e-03
6.890e+01 4.510e-03 4.445e-03
6.900e+01 4.170e-03 3.985e-03
6.910e+01 4.342e-03 4.577e-03
6.920e+01 4.273e-03 3.691e-03
6.930e+01 4.829e-03 2.835e-03
6.940e+01 4.377e-03 1.556e-03
6.950e+01 5.214e-03 9.330e-04
6.960e+01 5.142e-03 2.403e-03
6.970e+01 4.832e-03 2.869e-03
6.980e+01 5.147e-03 2.886e-03
6.990e+01 4.755e-03 3.314e-03
7.000e+01 4.839e-03 3.440e-03
7.010e+01 4.868e-03 3.496e-03
7.020e+01 5.799e-03 3.502e-03
7.030e+01 6.831e-03 3.331e-03
7.040e+01 5.562e-03 3.020e-03
7.050e+01 6.088e-03 2.410e-03
7.060e+01 6.486e-03 1.812e-03
7.070e+01 6.372e-03 2.018e-03
7.080e+01 6.162e-03 2.471e-03
7.090e+01 6.353e-03 2.443e-03
7.100e+01 5.746e-03 2.448e-03
7.110e+01 4.771e-03 2.266e-03
7.120e+01 5.306e-03 4.347e-03
7.130e+01 5.644e-03 4.608e-03
7.140e+01 4.560e-03 4.755e-03
7.150e+01 5.588e-03 4.948e-03
7.160e+01 4.724e-03 4.910e-03
7.170e+01 4.876e-03 5.780e-03
7.180e+01 5.701e-03 5.451e-03
7.190e+01 7.909e-03 4.940e-03
7.200e+01 6.750e-03 4.553e-03
7.210e+01 6.697e-03 3.958e-03
7.220e+01 6.231e-03 7.173e-03
7.230e+01 8.602e-03 6.246e-03
7.240e+01 6.908e-03 6.527e-03
7.250e+01 8.340e-03 4.142e-03
7.260e+01 7.938e-03 4.666e-03
7.270e+01 7.358e-03 3.007e-03
7.280e+01 8.262e-03 4.380e-03
7.290e+01 8.333e-03 4.811e-03
7.300e+01 8.543e-03 5.786e-03
7.310e+01 6.867e-03 4.559e-03
7.320e+01 6.147e-03 5.546e-03
7.330e+01 5.644e-03 4.204e-03
7.340e+01 5.655e-03 3.788e-03
7.350e+01 5.501e-03 4.297e-03
7.360e+01 3.196e-03 2.738e-03
7.370e+01 3.673e-03 2.573e-03
7.380e+01 3.849e-03 1.667e-03
7.390e+01 3.923e-03 1.556e-03
7.400e+01 4.456e-03 1.785e-03
7.410e+01 4.091e-03 1.423e-03
7.420e+01 2.776e-03 2.928e-03
7.430e+01 2.010e-03 2.698e-03
7.440e+01 2.913e-03 3.901e-03
7.450e+01 2.821e-03 2.086e-03
7.460e+01 7.176e-04 -2.902e-03
7.470e+01 3.390e-03 -1.366e-03
7.480e+01 5.902e-03 -2.491e-03
7.490e+01 5.340e-03 1.591e-03
7.500e+01 6.535e-03 -8.498e-04
7.510e+01 7.805e-03 -1.120e-03
7.520e+01 9.353e-03 -6.777e-04
7.530e+01 6.054e-03 -5.328e-03
7.540e+01 4.215e-03 -5.574e-03
7.550e+01 4.089e-03 -3.619e-03
7.560e+01 5.247e-03 -2.248e-03
7.570e+01 4.569e-03 -7.957e-04
7.580e+01 3.939e-03 -1.391e-03
7.590e+01 4.040e-03 8.257e-04
7.600e+01 4.270e-03 7.668e-04
7.610e+01 5.060e-03 3.048e-03
7.620e+01 5.602e-03 7.863e-03
7.630e+01 5.150e-05 2.383e-04
7.640e+01 2.428e-03 1.084e-03
7.650e+01 1.245e-03 -3.585e-03
7.660e+01 2.220e-03 1.009e-03
7.670e+01 4.304e-03 3.000e-03
7.680e+01 4.297e-03 1.609e-03
7.690e+01 3.879e-03 8.283e-04
7.700e+01 3.106e-03 1.753e-03
7.710e+01 3.699e-03 3.626e-03
7.720e+01 4.272e-03 3.837e-03
7.730e+01 3.937e-03 4.494e-03
7.740e+01 4.017e-03 3.582e-03
7.750e+01 2.479e-03 2.409e-03
7.760e+01 4.537e-03 6.518e-03
7.770e+01 3.157e-03 3.926e-03
7.780e+01 7.282e-04 4.014e-03
7.790e+01 2.143e-03 1.043e-02
7.800e+01 3.630e-03 4.144e-03
7.810e+01 3.633e-03 6.023e-03
7.820e+01 6.164e-03 1.181e-02
7.830e+01 4.391e-03 7.904e-03
7.840e+01 3.104e-03 1.209e-02
7.850e+01 4.218e-03 9.430e-03
7.860e+01 9.298e-04 9.599e-03
7.870e+01 3.800e-03 8.764e-03
7.880e+01 3.911e-03 7.828e-03
7.890e+01 2.476e-03 9.840e-03
7.900e+01 8.282e-04 7.431e-03
7.910e+01 -5.289e-04 9.685e-03
7.920e+01 -3.690e-05 8.969e-03
7.930e+01 -1.262e-03 9.430e-03
7.940e+01 -1.318e-03 5.812e-03
7.950e+01 -4.370e-04 7.512e-03
7.960e+01 -2.558e-03 8.934e-03
7.970e+01 1.075e-03 8.381e-03
7.980e+01 6.732e-04 8.762e-03
7.990e+01 4.829e-03 9.842e-03
8.000e+01 5.014e-03 1.034e-02
8.010e+01 4.334e-03 7.987e-03
8.020e+01 6.061e-03 9.805e-03
8.030e+01 5.525e-03 8.098e-03
8.040e+01 5.377e-03 7.958e-03
8.050e+01 4.517e-03 8.253e-03
8.060e+01 1.731e-03 6.357e-03
8.070e+01 1.794e-03 6.765e-03
8.080e+01 1.695e-03 9.112e-03
8.090e+01 1.352e-03 1.287e-02
8.100e+01 3.799e-03 1.313e-02
8.110e+01 2.322e-03 1.158e-02
8.120e+01 1.624e-03 6.768e-03
8.130e+01 -1.454e-04 7.311e-03
8.140e+01 -3.029e-03 9.843e-03
8.150e+01 -1.086e-03 8.604e-03
8.160e+01 -1.453e-03 8.836e-03
8.170e+01 -1.607e-03 7.473e-03
8.180e+01 -4.649e-04 6.606e-03
8.190e+01 1.425e-03 8.216e-03
8.200e+01 1.662e-03 6.651e-03
8.210e+01 1.249e-03 6.131e-03
8.220e+01 2.068e-03 3.306e-03
8.230e+01 2.457e-03 4.515e-03
8.240e+01 -4.898e-04 5.304e-03
8.250e+01 5.780e-04 5.108e-03
8.260e+01 2.785e-04 4.445e-03
8.270e+01 4.954e-04 3.440e-03
8.280e+01 -1.548e-03 3.769e-03
8.290e+01 -5.357e-04 4.470e-03
8.300e+01 -1.902e-03 5.612e-03
8.310e+01 -1.225e-03 5.801e-03
8.320e+01 -2.646e-03 3.599e-03
8.330e+01 -3.500e-03 3.418e-03
8.340e+01 -4.763e-03 4.522e-03
8.350e+01 -2.587e-03 3.731e-03
8.360e+01 -7.078e-04 5.492e-03
8.370e+01 -6.699e-04 5.650e-03
8.380e+01 7.923e-04 5.611e-03
8.390e+01 1.399e-03 6.140e-03
8.400e+01 1.969e-03 6.894e-03
8.410e+01 2.854e-03 7.613e-03
8.420e+01 1.866e-03 5.775e-03
8.430e+01 2.926e-03 7.306e-03
8.440e+01 4.797e-03 5.620e-03
8.450e+01 4.973e-03 5.430e-03
8.460e+01 4.099e-03 4.133e-03
8.470e+01 4.384e-03 3.784e-03
8.480e+01 5.704e-03 4.602e-03
8.490e+01 5.696e-03 4.053e-03
8.500e+01 6.055e-03 3.757e-03
8.510e+01 5.521e-03 5.231e-03
8.520e+01 5.542e-03 3.966e-03
8.530e+01 5.478e-03 4.238e-03
8.540e+01 4.999e-03 4.712e-03
8.550e+01 5.926e-03 4.133e-03
8.560e+01 4.320e-03 2.830e-03
8.570e+01 4.810e-03 1.416e-03
8.580e+01 5.124e-03 1.432e-03
8.590e+01 6.942e-03 -1.209e-03
8.600e+01 6.690e-03 -1.496e-04
8.610e+01 6.505e-03 -5.681e-04
8.620e+01 5.439e-03 -2.168e-04
8.630e+01 4.320e-03 1.702e-05
8.640e+01 5.685e-03 8.557e-05
8.650e+01 5.274e-03 1.996e-04
8.660e+01 5.776e-03 9.641e-04
8.670e+01 4.791e-03 9.350e-04
8.680e+01 4.389e-03 5.716e-04
8.690e+01 4.971e-03 1.208e-03
8.700e+01 5.509e-03 1.031e-03
8.710e+01 6.502e-03 1.235e-03
8.720e+01 6.390e-03 -6.168e-04
8.730e+01 6.623e-03 -1.224e-04
8.740e+01 7.216e-03 1.770e-03
8.750e+01 7.113e-03 1.265e-03
8.760e+01 7.314e-03 1.218e-03
8.770e+01 6.912e-03 1.356e-03
8.780e+01 7.066e-03 1.922e-03
8.790e+01 7.333e-03 9.777e-04
8.800e+01 7.414e-03 1.952e-03
8.810e+01 6.912e-03 1.642e-03
8.820e+01 7.435e-03 1.906e-03
8.830e+01 8.033e-03 3.226e-03
8.840e+01 5.285e-03 3.019e-03
8.850e+01 5.368e-03 3.985e-03
8.860e+01 7.526e-03 4.256e-03
8.870e+01 6.989e-03 4.336e-03
8.880e+01 7.017e-03 1.466e-03
8.890e+01 7.486e-03 1.178e-03
8.900e+01 7.216e-03 2.039e-03
8.910e+01 6.595e-03 2.746e-03
8.920e+01 7.030e-03 4.080e-03
8.930e+01 7.574e-03 3.682e-03
8.940e+01 7.373e-03 3.218e-03
8.950e+01 8.278e-03 3.725e-03
8.960e+01 6.520e-03 5.430e-03
8.970e+01 7.140e-03 5.393e-03
8.980e+01 7.027e-03 5.379e-03
8.990e+01 7.731e-03 4.298e-03
9.000e+01 6.650e-03 3.619e-03
9.010e+01 7.508e-03 3.394e-03
9.020e+01 6.523e-03 3.869e-03
9.030e+01 6.569e-03 3.311e-03
9.040e+01 6.518e-03 3.714e-03
9.050e+01 7.394e-03 3.623e-03
9.060e+01 5.743e-03 3.998e-03
9.070e+01 4.855e-03 2.594e-03
9.080e+01 5.256e-03 2.983e-03
9.090e+01 5.133e-03 2.922e-03
9.100e+01 5.122e-03 2.982e-03
9.110e+01 7.320e-03 2.296e-03
9.120e+01 7.685e-03 2.751e-03
9.130e+01 5.940e-03 4.388e-03
9.140e+01 5.502e-03 3.226e-03
9.150e+01 6.168e-03 3.726e-03
9.160e+01 5.487e-03 3.703e-03
9.170e+01 6.695e-03 3.909e-03
9.180e+01 6.109e-03 3.356e-03
9.190e+01 6.172e-03 6.226e-03
9.200e+01 5.366e-03 5.329e-03
9.210e+01 4.878e-03 5.125e-03
9.220e+01 5.196e-03 6.897e-03
9.230e+01 6.269e-03 4.858e-03
9.240e+01 7.943e-03 7.186e-03
9.250e+01 6.506e-03 3.440e-03
9.260e+01 8.473e-03 5.052e-03
9.270e+01 9.856e-03 4.087e-03
9.280e+01 1.055e-02 3.890e-03
9.290e+01 9.376e-03 4.349e-03
9.300e+01 8.755e-03 3.774e-03
9.310e+01 8.777e-03 1.815e-03
9.320e+01 7.947e-03 3.124e-04
9.330e+01 6.157e-03 -9.033e-04
9.340e+01 5.477e-03 -7.319e-04
9.350e+01 5.240e-03 -1.324e-03
9.360e+01 5.090e-03 -1.684e-03
9.370e+01 4.680e-03 -1.467e-03
9.380e+01 4.653e-03 -1.409e-03
9.390e+01 5.967e-03 -2.085e-03
9.400e+01 5.339e-03 -9.514e-04
9.410e+01 5.944e-03 -2.395e-03
9.420e+01 6.189e-03 -1.278e-03
9.430e+01 6.267e-03 -1.134e-03
9.440e+01 6.514e-03 3.022e-04
9.450e+01 4.709e-03 -1.084e-03
9.460e+01 4.754e-03 -1.141e-03
9.470e+01 6.664e-03 -3.788e-04
9.480e+01 6.716e-03 -8.042e-04
9.490e+01 6.615e-03 -2.483e-04
9.500e+01 6.794e-03 -1.685e-03
9.510e+01 6.273e-03 -1.430e-03
9.520e+01 6.583e-03 -1.229e-03
9.530e+01 6.438e-03 -1.319e-03
9.540e+01 5.130e-03 6.139e-04
9.550e+01 7.418e-03 -3.020e-04
9.560e+01 9.209e-03 -1.166e-04
9.570e+01 9.550e-03 -1.098e-03
9.580e+01 9.206e-03 -1.767e-03
9.590e+01 9.322e-03 -2.055e-03
9.600e+01 8.804e-03 -3.166e-03
9.610e+01 6.561e-03 -5.700e-03
9.620e+01 7.667e-03 -3.090e-03
9.630e+01 5.401e-03 -3.910e-03
9.640e+01 5.659e-03 -1.944e-03
9.650e+01 3.611e-03 -2.631e-03
9.660e+01 4.171e-03 -1.983e-03
9.670e+01 3.784e-03 -1.980e-03
9.680e+01 3.608e-03 2.088e-04
9.690e+01 3.053e-03 -8.514e-04
9.700e+01 2.760e-03 -8.098e-04
9.710e+01 2.784e-03 -8.620e-04
9.720e+01 2.162e-03 1.884e-04
9.730e+01 2.215e-03 -8.883e-05
9.740e+01 2.605e-03 8.395e-04
9.750e+01 2.435e-03 2.065e-04
9.760e+01 3.601e-03 5.324e-04
9.770e+01 2.911e-03 1.563e-03
9.780e+01 2.740e-03 1.397e-03
9.790e+01 3.502e-03 1.190e-03
9.800e+01 4.151e-03 1.081e-03
9.810e+01 3.944e-03 7.333e-04
9.820e+01 5.196e-03 9.120e-04
9.830e+01 4.712e-03 2.533e-03
9.840e+01 4.085e-03 3.361e-03
9.850e+01 5.585e-03 2.675e-03
9.860e+01 6.320e-03 2.750e-03
9.870e+01 7.142e-03 1.034e-03
9.880e+01 7.476e-03 2.333e-03
9.890e+01 6.982e-03 1.926e-03
9.900e+01 7.212e-03 3.736e-04
9.910e+01 6.487e-03 -6.564e-04
9.920e+01 7.859e-03 -1.827e-03
9.930e+01 6.359e-03 -6.590e-04
9.940e+01 4.887e-03 -7.415e-04
9.950e+01 5.297e-03 -3.541e-04
9.960e+01 5.216e-03 -5.241e-04
9.970e+01 5.903e-03 -6.348e-04
9.980e+01 6.249e-03 -1.615e-04
9.990e+01 6.058e-03 -1.554e-03
