# Frequency (1.0/ps)      real(fft(F_0))
0.000e+00 5.854e+01
1.000e-02 3.568e+01
2.000e-02 2.719e+01
3.000e-02 1.924e+01
4.000e-02 1.598e+01
5.000e-02 1.348e+01
6.000e-02 9.711e+00
7.000e-02 6.920e+00
8.000e-02 6.448e+00
9.000e-02 5.847e+00
1.000e-01 4.434e+00
1.100e-01 4.561e+00
1.200e-01 2.523e+00
1.300e-01 3.576e+00
1.400e-01 4.395e+00
1.500e-01 4.547e+00
1.600e-01 4.495e+00
1.700e-01 5.003e+00
1.800e-01 4.443e+00
1.900e-01 3.708e+00
2.000e-01 2.813e+00
2.100e-01 3.022e+00
2.200e-01 2.769e+00
2.300e-01 2.522e+00
2.400e-01 2.303e+00
2.500e-01 2.477e+00
2.600e-01 1.459e+00
2.700e-01 1.203e+00
2.800e-01 1.069e+00
2.900e-01 1.157e+00
3.000e-01 1.109e+00
3.100e-01 6.600e-02
3.200e-01 4.390e-01
3.300e-01 1.157e+00
3.400e-01 1.409e+00
3.500e-01 4.784e-01
3.600e-01 1.725e-01
3.700e-01 5.552e-01
3.800e-01 6.461e-01
3.900e-01 -9.769e-02
4.000e-01 2.313e-01
4.100e-01 5.299e-01
4.200e-01 7.569e-01
4.300e-01 6.819e-01
4.400e-01 3.898e-01
4.500e-01 7.965e-01
4.600e-01 1.038e+00
4.700e-01 4.971e-01
4.800e-01 7.513e-01
4.900e-01 6.471e-01
5.000e-01 2.496e-01
5.100e-01 1.573e-01
5.200e-01 9.379e-01
5.300e-01 6.375e-01
5.400e-01 7.593e-01
5.500e-01 1.041e+00
5.600e-01 1.285e+00
5.700e-01 1.427e+00
5.800e-01 7.979e-01
5.900e-01 3.849e-01
6.000e-01 3.484e-01
6.100e-01 1.238e-02
6.200e-01 -1.805e-02
6.300e-01 1.345e-02
6.400e-01 3.501e-01
6.500e-01 1.170e+00
6.600e-01 8.749e-01
6.700e-01 1.093e+00
6.800e-01 1.394e+00
6.900e-01 1.538e+00
7.000e-01 1.784e+00
7.100e-01 1.205e+00
7.200e-01 5.325e-01
7.300e-01 5.981e-01
7.400e-01 7.320e-01
7.500e-01 1.027e+00
7.600e-01 1.313e+00
7.700e-01 1.042e+00
7.800e-01 1.032e+00
7.900e-01 9.260e-01
8.000e-01 7.205e-01
8.100e-01 3.878e-01
8.200e-01 4.923e-01
8.300e-01 6.248e-01
8.400e-01 5.989e-01
8.500e-01 6.796e-01
8.600e-01 8.311e-01
8.700e-01 9.268e-01
8.800e-01 8.237e-01
8.900e-01 7.263e-01
9.000e-01 8.026e-01
9.100e-01 8.581e-01
9.200e-01 1.095e+00
9.300e-01 1.003e+00
9.400e-01 8.446e-01
9.500e-01 6.595e-01
9.600e-01 4.827e-01
9.700e-01 1.828e-01
9.800e-01 3.437e-01
9.900e-01 1.743e-01
1.000e+00 1.697e-01
1.010e+00 5.120e-01
1.020e+00 4.151e-01
1.030e+00 1.984e-01
1.040e+00 2.675e-01
1.050e+00 1.812e-01
1.060e+00 3.012e-02
1.070e+00 2.264e-02
1.080e+00 -1.280e-01
1.090e+00 -9.492e-02
1.100e+00 3.677e-01
1.110e+00 7.615e-01
1.120e+00 2.685e-01
1.130e+00 4.313e-01
1.140e+00 3.748e-01
1.150e+00 3.783e-01
1.160e+00 4.727e-01
1.170e+00 6.311e-01
1.180e+00 2.152e-01
1.190e+00 4.223e-01
1.200e+00 5.507e-01
1.210e+00 6.834e-01
1.220e+00 8.100e-01
1.230e+00 7.423e-01
1.240e+00 7.589e-01
1.250e+00 6.944e-01
1.260e+00 8.771e-01
1.270e+00 7.385e-01
1.280e+00 8.343e-01
1.290e+00 8.564e-01
1.300e+00 7.131e-01
1.310e+00 9.646e-01
1.320e+00 1.121e+00
1.330e+00 1.070e+00
1.340e+00 1.080e+00
1.350e+00 1.023e+00
1.360e+00 4.760e-01
1.370e+00 3.811e-01
1.380e+00 4.537e-01
1.390e+00 5.850e-01
1.400e+00 6.380e-01
1.410e+00 4.655e-01
1.420e+00 3.633e-01
1.430e+00 3.461e-01
1.440e+00 2.417e-01
1.450e+00 3.878e-01
1.460e+00 4.006e-01
1.470e+00 4.804e-01
1.480e+00 4.164e-01
1.490e+00 -2.299e-02
1.500e+00 -7.427e-02
1.510e+00 1.043e-01
1.520e+00 1.973e-01
1.530e+00 4.359e-01
1.540e+00 3.919e-01
1.550e+00 2.985e-01
1.560e+00 1.308e-03
1.570e+00 8.898e-02
1.580e+00 2.260e-01
1.590e+00 5.332e-01
1.600e+00 5.368e-01
1.610e+00 5.289e-01
1.620e+00 5.584e-01
1.630e+00 8.308e-01
1.640e+00 6.019e-01
1.650e+00 3.742e-01
1.660e+00 2.818e-01
1.670e+00 2.583e-01
1.680e+00 2.161e-01
1.690e+00 4.172e-01
1.700e+00 5.167e-01
1.710e+00 3.785e-01
1.720e+00 2.618e-01
1.730e+00 1.382e-01
1.740e+00 3.606e-01
1.750e+00 3.019e-01
1.760e+00 3.501e-01
1.770e+00 6.522e-01
1.780e+00 8.694e-01
1.790e+00 8.383e-01
1.800e+00 7.047e-01
1.810e+00 6.164e-01
1.820e+00 6.659e-01
1.830e+00 5.890e-01
1.840e+00 5.306e-01
1.850e+00 3.721e-01
1.860e+00 4.419e-01
1.870e+00 3.212e-01
1.880e+00 6.212e-01
1.890e+00 7.101e-01
1.900e+00 5.643e-01
1.910e+00 4.582e-01
1.920e+00 4.247e-01
1.930e+00 5.953e-01
1.940e+00 6.314e-01
1.950e+00 5.929e-01
1.960e+00 6.803e-01
1.970e+00 8.296e-01
1.980e+00 8.904e-01
1.990e+00 8.957e-01
2.000e+00 1.113e+00
2.010e+00 1.113e+00
2.020e+00 1.140e+00
2.030e+00 9.824e-01
2.040e+00 1.185e+00
2.050e+00 1.162e+00
2.060e+00 9.131e-01
2.070e+00 6.129e-01
2.080e+00 5.692e-01
2.090e+00 6.563e-01
2.100e+00 5.841e-01
2.110e+00 2.044e-01
2.120e+00 2.007e-01
2.130e+00 4.390e-01
2.140e+00 5.416e-01
2.150e+00 6.087e-01
2.160e+00 6.919e-01
2.170e+00 6.478e-01
2.180e+00 6.621e-01
2.190e+00 5.465e-01
2.200e+00 6.224e-01
2.210e+00 6.100e-01
2.220e+00 6.036e-01
2.230e+00 5.219e-01
2.240e+00 6.233e-01
2.250e+00 6.567e-01
2.260e+00 7.203e-01
2.270e+00 5.911e-01
2.280e+00 4.867e-01
2.290e+00 3.243e-01
2.300e+00 3.882e-01
2.310e+00 4.996e-01
2.320e+00 3.562e-01
2.330e+00 4.261e-02
2.340e+00 -7.342e-02
2.350e+00 -5.287e-02
2.360e+00 7.638e-02
2.370e+00 2.774e-01
2.380e+00 2.165e-01
2.390e+00 1.142e-01
2.400e+00 2.205e-01
2.410e+00 2.232e-01
2.420e+00 2.870e-01
2.430e+00 2.343e-01
2.440e+00 9.184e-02
2.450e+00 2.214e-01
2.460e+00 4.190e-01
2.470e+00 3.916e-01
2.480e+00 5.172e-01
2.490e+00 5.674e-01
2.500e+00 4.584e-01
2.510e+00 5.447e-01
2.520e+00 6.378e-01
2.530e+00 7.062e-01
2.540e+00 8.125e-01
2.550e+00 8.621e-01
2.560e+00 8.418e-01
2.570e+00 7.614e-01
2.580e+00 5.757e-01
2.590e+00 5.578e-01
2.600e+00 6.758e-01
2.610e+00 5.732e-01
2.620e+00 6.113e-01
2.630e+00 6.273e-01
2.640e+00 4.723e-01
2.650e+00 5.369e-01
2.660e+00 4.383e-01
2.670e+00 3.961e-01
2.680e+00 6.182e-01
2.690e+00 7.303e-01
2.700e+00 6.180e-01
2.710e+00 6.009e-01
2.720e+00 5.664e-01
2.730e+00 3.423e-01
2.740e+00 3.738e-01
2.750e+00 4.781e-01
2.760e+00 5.214e-01
2.770e+00 6.313e-01
2.780e+00 7.116e-01
2.790e+00 5.460e-01
2.800e+00 6.316e-01
2.810e+00 8.532e-01
2.820e+00 8.227e-01
2.830e+00 7.460e-01
2.840e+00 7.003e-01
2.850e+00 5.576e-01
2.860e+00 5.216e-01
2.870e+00 6.773e-01
2.880e+00 5.961e-01
2.890e+00 5.472e-01
2.900e+00 4.847e-01
2.910e+00 5.219e-01
2.920e+00 5.067e-01
2.930e+00 6.987e-01
2.940e+00 5.615e-01
2.950e+00 6.113e-01
2.960e+00 4.897e-01
2.970e+00 4.121e-01
2.980e+00 4.156e-01
2.990e+00 7.336e-01
3.000e+00 7.197e-01
3.010e+00 6.307e-01
3.020e+00 7.538e-01
3.030e+00 8.482e-01
3.040e+00 8.970e-01
3.050e+00 8.963e-01
3.060e+00 6.741e-01
3.070e+00 7.020e-01
3.080e+00 9.031e-01
3.090e+00 7.203e-01
3.100e+00 5.779e-01
3.110e+00 6.310e-01
3.120e+00 6.214e-01
3.130e+00 5.436e-01
3.140e+00 6.105e-01
3.150e+00 5.491e-01
3.160e+00 7.670e-01
3.170e+00 7.375e-01
3.180e+00 7.111e-01
3.190e+00 7.859e-01
3.200e+00 8.499e-01
3.210e+00 8.910e-01
3.220e+00 7.817e-01
3.230e+00 8.031e-01
3.240e+00 7.799e-01
3.250e+00 7.549e-01
3.260e+00 6.684e-01
3.270e+00 6.962e-01
3.280e+00 5.969e-01
3.290e+00 5.051e-01
3.300e+00 4.742e-01
3.310e+00 3.524e-01
3.320e+00 2.271e-01
3.330e+00 4.112e-01
3.340e+00 4.560e-01
3.350e+00 6.178e-01
3.360e+00 6.575e-01
3.370e+00 6.374e-01
3.380e+00 6.551e-01
3.390e+00 7.159e-01
3.400e+00 5.574e-01
3.410e+00 4.950e-01
3.420e+00 6.606e-01
3.430e+00 7.476e-01
3.440e+00 9.618e-01
3.450e+00 9.986e-01
3.460e+00 9.084e-01
3.470e+00 8.950e-01
3.480e+00 8.315e-01
3.490e+00 7.767e-01
3.500e+00 8.151e-01
3.510e+00 7.517e-01
3.520e+00 6.731e-01
3.530e+00 6.990e-01
3.540e+00 8.371e-01
3.550e+00 6.700e-01
3.560e+00 5.267e-01
3.570e+00 4.572e-01
3.580e+00 7.212e-01
3.590e+00 6.251e-01
3.600e+00 5.549e-01
3.610e+00 5.112e-01
3.620e+00 4.146e-01
3.630e+00 3.941e-01
3.640e+00 3.133e-01
3.650e+00 2.444e-01
3.660e+00 4.483e-01
3.670e+00 5.973e-01
3.680e+00 5.993e-01
3.690e+00 4.834e-01
3.700e+00 4.557e-01
3.710e+00 3.062e-01
3.720e+00 3.106e-01
3.730e+00 2.832e-01
3.740e+00 3.300e-01
3.750e+00 4.700e-01
3.760e+00 4.322e-01
3.770e+00 3.797e-01
3.780e+00 3.931e-01
3.790e+00 3.264e-01
3.800e+00 1.713e-01
3.810e+00 2.169e-01
3.820e+00 2.861e-01
3.830e+00 4.159e-01
3.840e+00 4.804e-01
3.850e+00 4.999e-01
3.860e+00 4.902e-01
3.870e+00 5.524e-01
3.880e+00 5.853e-01
3.890e+00 5.820e-01
3.900e+00 5.557e-01
3.910e+00 6.880e-01
3.920e+00 7.420e-01
3.930e+00 8.646e-01
3.940e+00 7.787e-01
3.950e+00 6.314e-01
3.960e+00 6.477e-01
3.970e+00 5.390e-01
3.980e+00 5.187e-01
3.990e+00 5.875e-01
4.000e+00 5.877e-01
4.010e+00 6.170e-01
4.020e+00 7.226e-01
4.030e+00 6.932e-01
4.040e+00 6.630e-01
4.050e+00 8.211e-01
4.060e+00 7.999e-01
4.070e+00 7.524e-01
4.080e+00 7.828e-01
4.090e+00 7.032e-01
4.100e+00 6.523e-01
4.110e+00 5.767e-01
4.120e+00 5.016e-01
4.130e+00 4.416e-01
4.140e+00 6.083e-01
4.150e+00 6.764e-01
4.160e+00 6.565e-01
4.170e+00 6.497e-01
4.180e+00 6.980e-01
4.190e+00 6.322e-01
4.200e+00 6.588e-01
4.210e+00 5.955e-01
4.220e+00 6.285e-01
4.230e+00 7.610e-01
4.240e+00 7.791e-01
4.250e+00 6.888e-01
4.260e+00 7.177e-01
4.270e+00 6.428e-01
4.280e+00 6.129e-01
4.290e+00 6.727e-01
4.300e+00 5.798e-01
4.310e+00 4.010e-01
4.320e+00 3.707e-01
4.330e+00 1.918e-01
4.340e+00 1.940e-01
4.350e+00 9.445e-02
4.360e+00 -3.112e-02
4.370e+00 1.036e-01
4.380e+00 1.678e-01
4.390e+00 1.844e-01
4.400e+00 2.956e-01
4.410e+00 3.668e-01
4.420e+00 2.904e-01
4.430e+00 2.277e-01
4.440e+00 2.074e-01
4.450e+00 2.029e-01
4.460e+00 3.864e-01
4.470e+00 4.560e-01
4.480e+00 5.134e-01
4.490e+00 5.974e-01
4.500e+00 4.633e-01
4.510e+00 4.343e-01
4.520e+00 5.124e-01
4.530e+00 3.940e-01
4.540e+00 3.502e-01
4.550e+00 3.899e-01
4.560e+00 4.711e-01
4.570e+00 4.361e-01
4.580e+00 5.196e-01
4.590e+00 4.344e-01
4.600e+00 4.949e-01
4.610e+00 4.432e-01
4.620e+00 4.402e-01
4.630e+00 5.869e-01
4.640e+00 5.595e-01
4.650e+00 5.811e-01
4.660e+00 3.449e-01
4.670e+00 1.256e-01
4.680e+00 1.451e-01
4.690e+00 2.027e-01
4.700e+00 4.514e-01
4.710e+00 6.061e-01
4.720e+00 6.172e-01
4.730e+00 7.676e-01
4.740e+00 7.241e-01
4.750e+00 8.092e-01
4.760e+00 7.105e-01
4.770e+00 6.970e-01
4.780e+00 5.955e-01
4.790e+00 6.771e-01
4.800e+00 6.286e-01
4.810e+00 5.473e-01
4.820e+00 4.805e-01
4.830e+00 6.202e-01
4.840e+00 6.694e-01
4.850e+00 5.758e-01
4.860e+00 5.449e-01
4.870e+00 5.431e-01
4.880e+00 5.805e-01
4.890e+00 5.750e-01
4.900e+00 6.086e-01
4.910e+00 5.981e-01
4.920e+00 6.875e-01
4.930e+00 6.603e-01
4.940e+00 5.381e-01
4.950e+00 5.518e-01
4.960e+00 6.117e-01
4.970e+00 5.877e-01
4.980e+00 7.463e-01
4.990e+00 6.820e-01
-5.000e+00 7.280e-01
-4.990e+00 6.820e-01
-4.980e+00 7.463e-01
-4.970e+00 5.877e-01
-4.960e+00 6.117e-01
-4.950e+00 5.518e-01
-4.940e+00 5.381e-01
-4.930e+00 6.603e-01
-4.920e+00 6.875e-01
-4.910e+00 5.981e-01
-4.900e+00 6.086e-01
-4.890e+00 5.750e-01
-4.880e+00 5.805e-01
-4.870e+00 5.431e-01
-4.860e+00 5.449e-01
-4.850e+00 5.758e-01
-4.840e+00 6.694e-01
-4.830e+00 6.202e-01
-4.820e+00 4.805e-01
-4.810e+00 5.473e-01
-4.800e+00 6.286e-01
-4.790e+00 6.771e-01
-4.780e+00 5.955e-01
-4.770e+00 6.970e-01
-4.760e+00 7.105e-01
-4.750e+00 8.092e-01
-4.740e+00 7.241e-01
-4.730e+00 7.676e-01
-4.720e+00 6.172e-01
-4.710e+00 6.061e-01
-4.700e+00 4.514e-01
-4.690e+00 2.027e-01
-4.680e+00 1.451e-01
-4.670e+00 1.256e-01
-4.660e+00 3.449e-01
-4.650e+00 5.811e-01
-4.640e+00 5.595e-01
-4.630e+00 5.869e-01
-4.620e+00 4.402e-01
-4.610e+00 4.432e-01
-4.600e+00 4.949e-01
-4.590e+00 4.344e-01
-4.580e+00 5.196e-01
-4.570e+00 4.361e-01
-4.560e+00 4.711e-01
-4.550e+00 3.899e-01
-4.540e+00 3.502e-01
-4.530e+00 3.940e-01
-4.520e+00 5.124e-01
-4.510e+00 4.343e-01
-4.500e+00 4.633e-01
-4.490e+00 5.974e-01
-4.480e+00 5.134e-01
-4.470e+00 4.560e-01
-4.460e+00 3.864e-01
-4.450e+00 2.029e-01
-4.440e+00 2.074e-01
-4.430e+00 2.277e-01
-4.420e+00 2.904e-01
-4.410e+00 3.668e-01
-4.400e+00 2.956e-01
-4.390e+00 1.844e-01
-4.380e+00 1.678e-01
-4.370e+00 1.036e-01
-4.360e+00 -3.112e-02
-4.350e+00 9.445e-02
-4.340e+00 1.940e-01
-4.330e+00 1.918e-01
-4.320e+00 3.707e-01
-4.310e+00 4.010e-01
-4.300e+00 5.798e-01
-4.290e+00 6.727e-01
-4.280e+00 6.129e-01
-4.270e+00 6.428e-01
-4.260e+00 7.177e-01
-4.250e+00 6.888e-01
-4.240e+00 7.791e-01
-4.230e+00 7.610e-01
-4.220e+00 6.285e-01
-4.210e+00 5.955e-01
-4.200e+00 6.588e-01
-4.190e+00 6.322e-01
-4.180e+00 6.980e-01
-4.170e+00 6.497e-01
-4.160e+00 6.565e-01
-4.150e+00 6.764e-01
-4.140e+00 6.083e-01
-4.130e+00 4.416e-01
-4.120e+00 5.016e-01
-4.110e+00 5.767e-01
-4.100e+00 6.523e-01
-4.090e+00 7.032e-01
-4.080e+00 7.828e-01
-4.070e+00 7.524e-01
-4.060e+00 7.999e-01
-4.050e+00 8.211e-01
-4.040e+00 6.630e-01
-4.030e+00 6.932e-01
-4.020e+00 7.226e-01
-4.010e+00 6.170e-01
-4.000e+00 5.877e-01
-3.990e+00 5.875e-01
-3.980e+00 5.187e-01
-3.970e+00 5.390e-01
-3.960e+00 6.477e-01
-3.950e+00 6.314e-01
-3.940e+00 7.787e-01
-3.930e+00 8.646e-01
-3.920e+00 7.420e-01
-3.910e+00 6.880e-01
-3.900e+00 5.557e-01
-3.890e+00 5.820e-01
-3.880e+00 5.853e-01
-3.870e+00 5.524e-01
-3.860e+00 4.902e-01
-3.850e+00 4.999e-01
-3.840e+00 4.804e-01
-3.830e+00 4.159e-01
-3.820e+00 2.861e-01
-3.810e+00 2.169e-01
-3.800e+00 1.713e-01
-3.790e+00 3.264e-01
-3.780e+00 3.931e-01
-3.770e+00 3.797e-01
-3.760e+00 4.322e-01
-3.750e+00 4.700e-01
-3.740e+00 3.300e-01
-3.730e+00 2.832e-01
-3.720e+00 3.106e-01
-3.710e+00 3.062e-01
-3.700e+00 4.557e-01
-3.690e+00 4.834e-01
-3.680e+00 5.993e-01
-3.670e+00 5.973e-01
-3.660e+00 4.483e-01
-3.650e+00 2.444e-01
-3.640e+00 3.133e-01
-3.630e+00 3.941e-01
-3.620e+00 4.146e-01
-3.610e+00 5.112e-01
-3.600e+00 5.549e-01
-3.590e+00 6.251e-01
-3.580e+00 7.212e-01
-3.570e+00 4.572e-01
-3.560e+00 5.267e-01
-3.550e+00 6.700e-01
-3.540e+00 8.371e-01
-3.530e+00 6.990e-01
-3.520e+00 6.731e-01
-3.510e+00 7.517e-01
-3.500e+00 8.151e-01
-3.490e+00 7.767e-01
-3.480e+00 8.315e-01
-3.470e+00 8.950e-01
-3.460e+00 9.084e-01
-3.450e+00 9.986e-01
-3.440e+00 9.618e-01
-3.430e+00 7.476e-01
-3.420e+00 6.606e-01
-3.410e+00 4.950e-01
-3.400e+00 5.574e-01
-3.390e+00 7.159e-01
-3.380e+00 6.551e-01
-3.370e+00 6.374e-01
-3.360e+00 6.575e-01
-3.350e+00 6.178e-01
-3.340e+00 4.560e-01
-3.330e+00 4.112e-01
-3.320e+00 2.271e-01
-3.310e+00 3.524e-01
-3.300e+00 4.742e-01
-3.290e+00 5.051e-01
-3.280e+00 5.969e-01
-3.270e+00 6.962e-01
-3.260e+00 6.684e-01
-3.250e+00 7.549e-01
-3.240e+00 7.799e-01
-3.230e+00 8.031e-01
-3.220e+00 7.817e-01
-3.210e+00 8.910e-01
-3.200e+00 8.499e-01
-3.190e+00 7.859e-01
-3.180e+00 7.111e-01
-3.170e+00 7.375e-01
-3.160e+00 7.670e-01
-3.150e+00 5.491e-01
-3.140e+00 6.105e-01
-3.130e+00 5.436e-01
-3.120e+00 6.214e-01
-3.110e+00 6.310e-01
-3.100e+00 5.779e-01
-3.090e+00 7.203e-01
-3.080e+00 9.031e-01
-3.070e+00 7.020e-01
-3.060e+00 6.741e-01
-3.050e+00 8.963e-01
-3.040e+00 8.970e-01
-3.030e+00 8.482e-01
-3.020e+00 7.538e-01
-3.010e+00 6.307e-01
-3.000e+00 7.197e-01
-2.990e+00 7.336e-01
-2.980e+00 4.156e-01
-2.970e+00 4.121e-01
-2.960e+00 4.897e-01
-2.950e+00 6.113e-01
-2.940e+00 5.615e-01
-2.930e+00 6.987e-01
-2.920e+00 5.067e-01
-2.910e+00 5.219e-01
-2.900e+00 4.847e-01
-2.890e+00 5.472e-01
-2.880e+00 5.961e-01
-2.870e+00 6.773e-01
-2.860e+00 5.216e-01
-2.850e+00 5.576e-01
-2.840e+00 7.003e-01
-2.830e+00 7.460e-01
-2.820e+00 8.227e-01
-2.810e+00 8.532e-01
-2.800e+00 6.316e-01
-2.790e+00 5.460e-01
-2.780e+00 7.116e-01
-2.770e+00 6.313e-01
-2.760e+00 5.214e-01
-2.750e+00 4.781e-01
-2.740e+00 3.738e-01
-2.730e+00 3.423e-01
-2.720e+00 5.664e-01
-2.710e+00 6.009e-01
-2.700e+00 6.180e-01
-2.690e+00 7.303e-01
-2.680e+00 6.182e-01
-2.670e+00 3.961e-01
-2.660e+00 4.383e-01
-2.650e+00 5.369e-01
-2.640e+00 4.723e-01
-2.630e+00 6.273e-01
-2.620e+00 6.113e-01
-2.610e+00 5.732e-01
-2.600e+00 6.758e-01
-2.590e+00 5.578e-01
-2.580e+00 5.757e-01
-2.570e+00 7.614e-01
-2.560e+00 8.418e-01
-2.550e+00 8.621e-01
-2.540e+00 8.125e-01
-2.530e+00 7.062e-01
-2.520e+00 6.378e-01
-2.510e+00 5.447e-01
-2.500e+00 4.584e-01
-2.490e+00 5.674e-01
-2.480e+00 5.172e-01
-2.470e+00 3.916e-01
-2.460e+00 4.190e-01
-2.450e+00 2.214e-01
-2.440e+00 9.184e-02
-2.430e+00 2.343e-01
-2.420e+00 2.870e-01
-2.410e+00 2.232e-01
-2.400e+00 2.205e-01
-2.390e+00 1.142e-01
-2.380e+00 2.165e-01
-2.370e+00 2.774e-01
-2.360e+00 7.638e-02
-2.350e+00 -5.287e-02
-2.340e+00 -7.342e-02
-2.330e+00 4.261e-02
-2.320e+00 3.562e-01
-2.310e+00 4.996e-01
-2.300e+00 3.882e-01
-2.290e+00 3.243e-01
-2.280e+00 4.867e-01
-2.270e+00 5.911e-01
-2.260e+00 7.203e-01
-2.250e+00 6.567e-01
-2.240e+00 6.233e-01
-2.230e+00 5.219e-01
-2.220e+00 6.036e-01
-2.210e+00 6.100e-01
-2.200e+00 6.224e-01
-2.190e+00 5.465e-01
-2.180e+00 6.621e-01
-2.170e+00 6.478e-01
-2.160e+00 6.919e-01
-2.150e+00 6.087e-01
-2.140e+00 5.416e-01
-2.130e+00 4.390e-01
-2.120e+00 2.007e-01
-2.110e+00 2.044e-01
-2.100e+00 5.841e-01
-2.090e+00 6.563e-01
-2.080e+00 5.692e-01
-2.070e+00 6.129e-01
-2.060e+00 9.131e-01
-2.050e+00 1.162e+00
-2.040e+00 1.185e+00
-2.030e+00 9.824e-01
-2.020e+00 1.140e+00
-2.010e+00 1.113e+00
-2.000e+00 1.113e+00
-1.990e+00 8.957e-01
-1.980e+00 8.904e-01
-1.970e+00 8.296e-01
-1.960e+00 6.803e-01
-1.950e+00 5.929e-01
-1.940e+00 6.314e-01
-1.930e+00 5.953e-01
-1.920e+00 4.247e-01
-1.910e+00 4.582e-01
-1.900e+00 5.643e-01
-1.890e+00 7.101e-01
-1.880e+00 6.212e-01
-1.870e+00 3.212e-01
-1.860e+00 4.419e-01
-1.850e+00 3.721e-01
-1.840e+00 5.306e-01
-1.830e+00 5.890e-01
-1.820e+00 6.659e-01
-1.810e+00 6.164e-01
-1.800e+00 7.047e-01
-1.790e+00 8.383e-01
-1.780e+00 8.694e-01
-1.770e+00 6.522e-01
-1.760e+00 3.501e-01
-1.750e+00 3.019e-01
-1.740e+00 3.606e-01
-1.730e+00 1.382e-01
-1.720e+00 2.618e-01
-1.710e+00 3.785e-01
-1.700e+00 5.167e-01
-1.690e+00 4.172e-01
-1.680e+00 2.161e-01
-1.670e+00 2.583e-01
-1.660e+00 2.818e-01
-1.650e+00 3.742e-01
-1.640e+00 6.019e-01
-1.630e+00 8.308e-01
-1.620e+00 5.584e-01
-1.610e+00 5.289e-01
-1.600e+00 5.368e-01
-1.590e+00 5.332e-01
-1.580e+00 2.260e-01
-1.570e+00 8.898e-02
-1.560e+00 1.308e-03
-1.550e+00 2.985e-01
-1.540e+00 3.919e-01
-1.530e+00 4.359e-01
-1.520e+00 1.973e-01
-1.510e+00 1.043e-01
-1.500e+00 -7.427e-02
-1.490e+00 -2.299e-02
-1.480e+00 4.164e-01
-1.470e+00 4.804e-01
-1.460e+00 4.006e-01
-1.450e+00 3.878e-01
-1.440e+00 2.417e-01
-1.430e+00 3.461e-01
-1.420e+00 3.633e-01
-1.410e+00 4.655e-01
-1.400e+00 6.380e-01
-1.390e+00 5.850e-01
-1.380e+00 4.537e-01
-1.370e+00 3.811e-01
-1.360e+00 4.760e-01
-1.350e+00 1.023e+00
-1.340e+00 1.080e+00
-1.330e+00 1.070e+00
-1.320e+00 1.121e+00
-1.310e+00 9.646e-01
-1.300e+00 7.131e-01
-1.290e+00 8.564e-01
-1.280e+00 8.343e-01
-1.270e+00 7.385e-01
-1.260e+00 8.771e-01
-1.250e+00 6.944e-01
-1.240e+00 7.589e-01
-1.230e+00 7.423e-01
-1.220e+00 8.100e-01
-1.210e+00 6.834e-01
-1.200e+00 5.507e-01
-1.190e+00 4.223e-01
-1.180e+00 2.152e-01
-1.170e+00 6.311e-01
-1.160e+00 4.727e-01
-1.150e+00 3.783e-01
-1.140e+00 3.748e-01
-1.130e+00 4.313e-01
-1.120e+00 2.685e-01
-1.110e+00 7.615e-01
-1.100e+00 3.677e-01
-1.090e+00 -9.492e-02
-1.080e+00 -1.280e-01
-1.070e+00 2.264e-02
-1.060e+00 3.012e-02
-1.050e+00 1.812e-01
-1.040e+00 2.675e-01
-1.030e+00 1.984e-01
-1.020e+00 4.151e-01
-1.010e+00 5.120e-01
-1.000e+00 1.697e-01
-9.900e-01 1.743e-01
-9.800e-01 3.437e-01
-9.700e-01 1.828e-01
-9.600e-01 4.827e-01
-9.500e-01 6.595e-01
-9.400e-01 8.446e-01
-9.300e-01 1.003e+00
-9.200e-01 1.095e+00
-9.100e-01 8.581e-01
-9.000e-01 8.026e-01
-8.900e-01 7.263e-01
-8.800e-01 8.237e-01
-8.700e-01 9.268e-01
-8.600e-01 8.311e-01
-8.500e-01 6.796e-01
-8.400e-01 5.989e-01
-8.300e-01 6.248e-01
-8.200e-01 4.923e-01
-8.100e-01 3.878e-01
-8.000e-01 7.205e-01
-7.900e-01 9.260e-01
-7.800e-01 1.032e+00
-7.700e-01 1.042e+00
-7.600e-01 1.313e+00
-7.500e-01 1.027e+00
-7.400e-01 7.320e-01
-7.300e-01 5.981e-01
-7.200e-01 5.325e-01
-7.100e-01 1.205e+00
-7.000e-01 1.784e+00
-6.900e-01 1.538e+00
-6.800e-01 1.394e+00
-6.700e-01 1.093e+00
-6.600e-01 8.749e-01
-6.500e-01 1.170e+00
-6.400e-01 3.501e-01
-6.300e-01 1.345e-02
-6.200e-01 -1.805e-02
-6.100e-01 1.238e-02
-6.000e-01 3.484e-01
-5.900e-01 3.849e-01
-5.800e-01 7.979e-01
-5.700e-01 1.427e+00
-5.600e-01 1.285e+00
-5.500e-01 1.041e+00
-5.400e-01 7.593e-01
-5.300e-01 6.375e-01
-5.200e-01 9.379e-01
-5.100e-01 1.573e-01
-5.000e-01 2.496e-01
-4.900e-01 6.471e-01
-4.800e-01 7.513e-01
-4.700e-01 4.971e-01
-4.600e-01 1.038e+00
-4.500e-01 7.965e-01
-4.400e-01 3.898e-01
-4.300e-01 6.819e-01
-4.200e-01 7.569e-01
-4.100e-01 5.299e-01
-4.000e-01 2.313e-01
-3.900e-01 -9.769e-02
-3.800e-01 6.461e-01
-3.700e-01 5.552e-01
-3.600e-01 1.725e-01
-3.500e-01 4.784e-01
-3.400e-01 1.409e+00
-3.300e-01 1.157e+00
-3.200e-01 4.390e-01
-3.100e-01 6.600e-02
-3.000e-01 1.109e+00
-2.900e-01 1.157e+00
-2.800e-01 1.069e+00
-2.700e-01 1.203e+00
-2.600e-01 1.459e+00
-2.500e-01 2.477e+00
-2.400e-01 2.303e+00
-2.300e-01 2.522e+00
-2.200e-01 2.769e+00
-2.100e-01 3.022e+00
-2.000e-01 2.813e+00
-1.900e-01 3.708e+00
-1.800e-01 4.443e+00
-1.700e-01 5.003e+00
-1.600e-01 4.495e+00
-1.500e-01 4.547e+00
-1.400e-01 4.395e+00
-1.300e-01 3.576e+00
-1.200e-01 2.523e+00
-1.100e-01 4.561e+00
-1.000e-01 4.434e+00
-9.000e-02 5.847e+00
-8.000e-02 6.448e+00
-7.000e-02 6.920e+00
-6.000e-02 9.711e+00
-5.000e-02 1.348e+01
-4.000e-02 1.598e+01
-3.000e-02 1.924e+01
-2.000e-02 2.719e+01
-1.000e-02 3.568e+01
