# Frequency (1.0/ps)      real(fft(F_2))
0.000e+00 1.810e+02
1.000e-02 4.243e+01
2.000e-02 1.802e+01
3.000e-02 8.741e+00
4.000e-02 4.711e+00
5.000e-02 9.593e+00
6.000e-02 7.020e+00
7.000e-02 4.275e+00
8.000e-02 3.092e+00
9.000e-02 2.336e+00
1.000e-01 1.550e+00
1.100e-01 1.358e+00
1.200e-01 2.106e+00
1.300e-01 3.240e+00
1.400e-01 2.024e+00
1.500e-01 3.417e+00
1.600e-01 3.216e+00
1.700e-01 6.960e-01
1.800e-01 5.392e-01
1.900e-01 2.695e-01
2.000e-01 -2.379e-01
2.100e-01 4.140e-01
2.200e-01 8.369e-01
2.300e-01 5.201e-01
2.400e-01 1.373e+00
2.500e-01 2.331e+00
2.600e-01 1.835e+00
2.700e-01 1.919e+00
2.800e-01 1.821e+00
2.900e-01 1.539e+00
3.000e-01 2.310e+00
3.100e-01 2.160e-01
3.200e-01 9.833e-01
3.300e-01 6.075e-01
3.400e-01 4.258e-01
3.500e-01 2.566e-01
3.600e-01 -2.150e-02
3.700e-01 6.414e-01
3.800e-01 4.447e-01
3.900e-01 7.410e-01
4.000e-01 6.291e-01
4.100e-01 -1.380e-01
4.200e-01 1.098e+00
4.300e-01 7.223e-01
4.400e-01 1.507e+00
4.500e-01 1.760e+00
4.600e-01 7.692e-01
4.700e-01 2.155e-01
4.800e-01 4.680e-01
4.900e-01 1.161e-01
5.000e-01 5.344e-01
5.100e-01 1.255e+00
5.200e-01 1.347e+00
5.300e-01 8.992e-01
5.400e-01 6.370e-01
5.500e-01 1.204e+00
5.600e-01 1.448e+00
5.700e-01 1.604e+00
5.800e-01 7.346e-01
5.900e-01 5.966e-01
6.000e-01 -2.268e-01
6.100e-01 3.978e-01
6.200e-01 1.998e-01
6.300e-01 4.801e-01
6.400e-01 -5.132e-01
6.500e-01 8.472e-01
6.600e-01 9.610e-01
6.700e-01 1.199e+00
6.800e-01 6.994e-01
6.900e-01 5.176e-01
7.000e-01 6.446e-01
7.100e-01 4.784e-01
7.200e-01 7.864e-01
7.300e-01 9.444e-01
7.400e-01 4.562e-01
7.500e-01 1.808e+00
7.600e-01 9.612e-01
7.700e-01 1.273e+00
7.800e-01 1.412e+00
7.900e-01 2.489e+00
8.000e-01 1.004e+00
8.100e-01 1.066e-01
8.200e-01 6.076e-01
8.300e-01 2.270e-01
8.400e-01 5.369e-01
8.500e-01 8.282e-01
8.600e-01 1.438e+00
8.700e-01 8.395e-01
8.800e-01 6.985e-01
8.900e-01 6.261e-01
9.000e-01 6.637e-01
9.100e-01 2.130e-02
9.200e-01 5.223e-01
9.300e-01 2.472e-01
9.400e-01 4.230e-01
9.500e-01 3.187e-01
9.600e-01 3.210e-01
9.700e-01 8.469e-01
9.800e-01 7.946e-01
9.900e-01 6.700e-01
1.000e+00 5.826e-01
1.010e+00 1.507e-03
1.020e+00 5.548e-01
1.030e+00 6.971e-01
1.040e+00 2.461e-01
1.050e+00 9.189e-01
1.060e+00 1.780e+00
1.070e+00 1.648e+00
1.080e+00 1.224e+00
1.090e+00 1.489e+00
1.100e+00 3.040e-01
1.110e+00 7.428e-01
1.120e+00 1.039e+00
1.130e+00 1.223e+00
1.140e+00 1.164e+00
1.150e+00 3.467e-01
1.160e+00 7.237e-01
1.170e+00 3.168e-01
1.180e+00 7.618e-01
1.190e+00 8.117e-01
1.200e+00 1.739e-01
1.210e+00 9.555e-01
1.220e+00 9.399e-01
1.230e+00 9.208e-01
1.240e+00 9.106e-01
1.250e+00 9.184e-01
1.260e+00 7.924e-01
1.270e+00 5.681e-01
1.280e+00 7.530e-01
1.290e+00 7.914e-01
1.300e+00 -9.825e-02
1.310e+00 8.327e-02
1.320e+00 5.472e-01
1.330e+00 2.060e-01
1.340e+00 -1.222e-01
1.350e+00 -7.608e-03
1.360e+00 2.128e-01
1.370e+00 1.043e-02
1.380e+00 1.934e-01
1.390e+00 1.204e-01
1.400e+00 1.115e+00
1.410e+00 9.610e-02
1.420e+00 5.063e-01
1.430e+00 3.670e-01
1.440e+00 6.149e-01
1.450e+00 -4.435e-01
1.460e+00 2.901e-01
1.470e+00 5.641e-01
1.480e+00 4.188e-01
1.490e+00 1.186e-01
1.500e+00 7.094e-01
1.510e+00 2.622e-01
1.520e+00 3.352e-01
1.530e+00 4.109e-01
1.540e+00 1.042e-01
1.550e+00 8.475e-01
1.560e+00 8.378e-01
1.570e+00 6.346e-01
1.580e+00 8.690e-01
1.590e+00 9.867e-01
1.600e+00 2.744e-01
1.610e+00 9.344e-01
1.620e+00 7.560e-01
1.630e+00 8.275e-01
1.640e+00 8.165e-01
1.650e+00 -7.150e-02
1.660e+00 7.470e-01
1.670e+00 7.361e-01
1.680e+00 7.216e-01
1.690e+00 3.292e-01
1.700e+00 1.770e-01
1.710e+00 7.120e-01
1.720e+00 4.827e-01
1.730e+00 4.379e-01
1.740e+00 7.064e-01
1.750e+00 1.505e-01
1.760e+00 4.459e-01
1.770e+00 4.167e-01
1.780e+00 2.968e-01
1.790e+00 7.097e-01
1.800e+00 8.094e-01
1.810e+00 2.308e-01
1.820e+00 6.074e-02
1.830e+00 3.995e-01
1.840e+00 3.309e-01
1.850e+00 1.898e-01
1.860e+00 4.346e-01
1.870e+00 5.803e-01
1.880e+00 6.143e-01
1.890e+00 5.073e-01
1.900e+00 8.690e-01
1.910e+00 6.599e-01
1.920e+00 8.274e-01
1.930e+00 8.090e-01
1.940e+00 9.122e-01
1.950e+00 5.501e-01
1.960e+00 3.195e-01
1.970e+00 2.222e-01
1.980e+00 3.894e-01
1.990e+00 2.668e-01
2.000e+00 2.867e-01
2.010e+00 5.265e-01
2.020e+00 4.025e-01
2.030e+00 6.670e-01
2.040e+00 7.092e-01
2.050e+00 5.857e-01
2.060e+00 8.374e-01
2.070e+00 4.525e-01
2.080e+00 6.711e-01
2.090e+00 5.827e-01
2.100e+00 4.568e-01
2.110e+00 5.849e-01
2.120e+00 6.298e-01
2.130e+00 4.723e-01
2.140e+00 4.700e-01
2.150e+00 2.071e-01
2.160e+00 4.181e-01
2.170e+00 4.087e-01
2.180e+00 5.147e-01
2.190e+00 6.588e-01
2.200e+00 5.202e-01
2.210e+00 1.690e-01
2.220e+00 5.040e-01
2.230e+00 4.330e-01
2.240e+00 4.141e-01
2.250e+00 6.717e-01
2.260e+00 5.101e-01
2.270e+00 6.655e-01
2.280e+00 5.786e-01
2.290e+00 4.879e-01
2.300e+00 2.089e-01
2.310e+00 7.095e-01
2.320e+00 6.248e-01
2.330e+00 6.155e-01
2.340e+00 1.992e-01
2.350e+00 2.549e-01
2.360e+00 2.295e-01
2.370e+00 4.916e-01
2.380e+00 4.546e-01
2.390e+00 5.797e-01
2.400e+00 9.215e-01
2.410e+00 7.709e-01
2.420e+00 7.732e-01
2.430e+00 7.065e-01
2.440e+00 3.541e-01
2.450e+00 4.463e-01
2.460e+00 5.889e-01
2.470e+00 4.027e-01
2.480e+00 4.661e-01
2.490e+00 1.240e-01
2.500e+00 5.769e-01
2.510e+00 3.484e-01
2.520e+00 6.622e-01
2.530e+00 4.959e-01
2.540e+00 4.436e-01
2.550e+00 4.933e-01
2.560e+00 3.896e-01
2.570e+00 6.113e-01
2.580e+00 5.924e-01
2.590e+00 5.457e-01
2.600e+00 7.096e-01
2.610e+00 6.076e-01
2.620e+00 5.474e-01
2.630e+00 4.100e-01
2.640e+00 4.782e-01
2.650e+00 2.035e-01
2.660e+00 8.240e-01
2.670e+00 5.469e-01
2.680e+00 7.718e-01
2.690e+00 5.694e-01
2.700e+00 7.188e-01
2.710e+00 4.896e-01
2.720e+00 4.234e-01
2.730e+00 4.460e-01
2.740e+00 4.619e-01
2.750e+00 1.190e-01
2.760e+00 2.126e-01
2.770e+00 5.447e-01
2.780e+00 4.580e-01
2.790e+00 4.422e-01
2.800e+00 9.569e-01
2.810e+00 8.701e-01
2.820e+00 5.951e-01
2.830e+00 6.775e-01
2.840e+00 7.254e-01
2.850e+00 8.661e-01
2.860e+00 9.567e-01
2.870e+00 7.220e-01
2.880e+00 6.731e-01
2.890e+00 5.274e-01
2.900e+00 5.641e-01
2.910e+00 6.469e-01
2.920e+00 4.560e-01
2.930e+00 3.895e-01
2.940e+00 3.509e-01
2.950e+00 5.423e-01
2.960e+00 1.896e-01
2.970e+00 4.054e-01
2.980e+00 5.292e-01
2.990e+00 5.012e-01
3.000e+00 6.650e-01
3.010e+00 5.248e-01
3.020e+00 7.155e-01
3.030e+00 6.435e-01
3.040e+00 6.140e-01
3.050e+00 8.562e-01
3.060e+00 5.382e-01
3.070e+00 3.212e-01
3.080e+00 5.066e-01
3.090e+00 1.925e-01
3.100e+00 7.176e-01
3.110e+00 9.439e-01
3.120e+00 5.911e-01
3.130e+00 4.376e-01
3.140e+00 4.849e-01
3.150e+00 2.527e-01
3.160e+00 6.835e-02
3.170e+00 2.785e-01
3.180e+00 5.581e-01
3.190e+00 3.160e-01
3.200e+00 5.910e-01
3.210e+00 5.355e-01
3.220e+00 4.693e-01
3.230e+00 4.486e-01
3.240e+00 5.231e-01
3.250e+00 4.873e-01
3.260e+00 3.645e-01
3.270e+00 8.266e-01
3.280e+00 7.609e-01
3.290e+00 5.429e-01
3.300e+00 3.859e-01
3.310e+00 5.402e-01
3.320e+00 1.948e-01
3.330e+00 1.395e-01
3.340e+00 -3.790e-02
3.350e+00 -1.360e-01
3.360e+00 5.054e-01
3.370e+00 5.888e-01
3.380e+00 5.024e-01
3.390e+00 7.306e-01
3.400e+00 7.212e-01
3.410e+00 5.391e-01
3.420e+00 3.670e-01
3.430e+00 4.586e-01
3.440e+00 3.179e-01
3.450e+00 1.576e-01
3.460e+00 1.284e-01
3.470e+00 3.380e-01
3.480e+00 4.324e-01
3.490e+00 4.713e-01
3.500e+00 8.783e-01
3.510e+00 4.051e-01
3.520e+00 5.703e-01
3.530e+00 6.668e-01
3.540e+00 4.126e-01
3.550e+00 1.012e+00
3.560e+00 7.797e-01
3.570e+00 5.396e-01
3.580e+00 6.445e-01
3.590e+00 3.062e-01
3.600e+00 3.453e-01
3.610e+00 4.224e-01
3.620e+00 3.394e-01
3.630e+00 2.259e-01
3.640e+00 7.340e-01
3.650e+00 4.606e-01
3.660e+00 4.824e-01
3.670e+00 4.028e-01
3.680e+00 4.210e-01
3.690e+00 5.482e-01
3.700e+00 4.658e-01
3.710e+00 5.948e-01
3.720e+00 2.896e-01
3.730e+00 5.978e-01
3.740e+00 5.999e-01
3.750e+00 2.811e-01
3.760e+00 6.144e-01
3.770e+00 4.593e-01
3.780e+00 2.407e-01
3.790e+00 4.750e-01
3.800e+00 4.454e-01
3.810e+00 3.353e-01
3.820e+00 2.728e-01
3.830e+00 4.471e-01
3.840e+00 6.596e-01
3.850e+00 7.862e-01
3.860e+00 4.081e-01
3.870e+00 3.631e-01
3.880e+00 4.993e-01
3.890e+00 4.738e-01
3.900e+00 6.140e-01
3.910e+00 4.546e-01
3.920e+00 5.429e-01
3.930e+00 5.978e-01
3.940e+00 6.303e-01
3.950e+00 5.651e-01
3.960e+00 2.100e-01
3.970e+00 3.166e-01
3.980e+00 3.336e-01
3.990e+00 5.801e-01
4.000e+00 3.469e-01
4.010e+00 5.726e-01
4.020e+00 3.381e-01
4.030e+00 4.692e-01
4.040e+00 5.694e-01
4.050e+00 8.875e-01
4.060e+00 5.034e-01
4.070e+00 6.856e-01
4.080e+00 5.453e-01
4.090e+00 8.055e-01
4.100e+00 6.589e-01
4.110e+00 3.804e-01
4.120e+00 2.235e-01
4.130e+00 4.177e-01
4.140e+00 1.719e-01
4.150e+00 3.950e-01
4.160e+00 5.669e-01
4.170e+00 6.156e-01
4.180e+00 8.779e-01
4.190e+00 7.329e-01
4.200e+00 4.942e-01
4.210e+00 4.565e-01
4.220e+00 4.970e-01
4.230e+00 5.277e-01
4.240e+00 6.262e-01
4.250e+00 4.995e-01
4.260e+00 8.243e-01
4.270e+00 6.242e-01
4.280e+00 6.596e-01
4.290e+00 5.526e-01
4.300e+00 4.457e-01
4.310e+00 2.341e-01
4.320e+00 4.758e-01
4.330e+00 4.031e-01
4.340e+00 5.157e-01
4.350e+00 5.932e-01
4.360e+00 3.002e-01
4.370e+00 4.197e-01
4.380e+00 3.647e-01
4.390e+00 5.357e-01
4.400e+00 5.060e-01
4.410e+00 6.242e-01
4.420e+00 3.421e-01
4.430e+00 4.964e-01
4.440e+00 2.317e-01
4.450e+00 7.550e-01
4.460e+00 4.758e-01
4.470e+00 7.245e-01
4.480e+00 7.187e-01
4.490e+00 3.356e-01
4.500e+00 4.012e-01
4.510e+00 5.212e-01
4.520e+00 5.887e-01
4.530e+00 6.598e-01
4.540e+00 7.325e-01
4.550e+00 3.079e-01
4.560e+00 3.042e-01
4.570e+00 2.473e-01
4.580e+00 3.703e-01
4.590e+00 4.422e-01
4.600e+00 3.721e-01
4.610e+00 4.889e-01
4.620e+00 3.652e-01
4.630e+00 6.237e-01
4.640e+00 2.559e-01
4.650e+00 7.411e-01
4.660e+00 2.901e-01
4.670e+00 2.550e-01
4.680e+00 4.210e-01
4.690e+00 7.859e-01
4.700e+00 3.825e-01
4.710e+00 5.343e-01
4.720e+00 7.393e-01
4.730e+00 4.166e-01
4.740e+00 6.779e-01
4.750e+00 6.399e-01
4.760e+00 7.103e-01
4.770e+00 6.630e-01
4.780e+00 6.014e-01
4.790e+00 1.960e-01
4.800e+00 2.672e-01
4.810e+00 6.016e-01
4.820e+00 5.341e-01
4.830e+00 5.717e-01
4.840e+00 4.888e-01
4.850e+00 4.096e-01
4.860e+00 5.137e-01
4.870e+00 4.489e-01
4.880e+00 5.608e-01
4.890e+00 1.015e-01
4.900e+00 3.209e-01
4.910e+00 4.495e-01
4.920e+00 5.147e-01
4.930e+00 4.932e-01
4.940e+00 3.880e-01
4.950e+00 9.544e-01
4.960e+00 6.401e-01
4.970e+00 7.829e-01
4.980e+00 7.126e-01
4.990e+00 5.249e-01
-5.000e+00 4.790e-01
-4.990e+00 4.285e-01
-4.980e+00 6.278e-01
-4.970e+00 9.582e-01
-4.960e+00 8.763e-01
-4.950e+00 9.254e-01
-4.940e+00 5.848e-01
-4.930e+00 6.663e-01
-4.920e+00 7.139e-01
-4.910e+00 5.117e-01
-4.900e+00 5.786e-01
-4.890e+00 6.084e-01
-4.880e+00 4.392e-01
-4.870e+00 5.099e-01
-4.860e+00 6.737e-01
-4.850e+00 5.823e-01
-4.840e+00 1.534e-01
-4.830e+00 3.402e-01
-4.820e+00 3.612e-01
-4.810e+00 3.939e-01
-4.800e+00 4.530e-01
-4.790e+00 4.024e-01
-4.780e+00 3.794e-01
-4.770e+00 3.253e-01
-4.760e+00 4.227e-01
-4.750e+00 3.057e-01
-4.740e+00 1.157e-01
-4.730e+00 4.661e-01
-4.720e+00 3.957e-01
-4.710e+00 4.000e-01
-4.700e+00 6.107e-01
-4.690e+00 3.082e-01
-4.680e+00 4.480e-01
-4.670e+00 4.106e-01
-4.660e+00 3.238e-01
-4.650e+00 5.841e-01
-4.640e+00 4.560e-01
-4.630e+00 4.585e-01
-4.620e+00 4.768e-01
-4.610e+00 4.320e-01
-4.600e+00 8.269e-01
-4.590e+00 6.479e-01
-4.580e+00 5.405e-01
-4.570e+00 4.555e-01
-4.560e+00 6.837e-01
-4.550e+00 4.580e-01
-4.540e+00 4.932e-01
-4.530e+00 4.841e-01
-4.520e+00 6.104e-01
-4.510e+00 7.783e-01
-4.500e+00 6.868e-01
-4.490e+00 5.688e-01
-4.480e+00 9.150e-01
-4.470e+00 8.599e-01
-4.460e+00 8.664e-01
-4.450e+00 6.068e-01
-4.440e+00 1.512e-01
-4.430e+00 2.174e-01
-4.420e+00 4.504e-01
-4.410e+00 3.890e-01
-4.400e+00 4.269e-01
-4.390e+00 4.015e-01
-4.380e+00 5.218e-01
-4.370e+00 3.864e-01
-4.360e+00 3.101e-01
-4.350e+00 8.271e-01
-4.340e+00 6.477e-01
-4.330e+00 5.140e-01
-4.320e+00 5.356e-01
-4.310e+00 4.860e-01
-4.300e+00 3.871e-01
-4.290e+00 7.356e-01
-4.280e+00 6.623e-01
-4.270e+00 7.221e-01
-4.260e+00 5.752e-01
-4.250e+00 8.609e-01
-4.240e+00 5.262e-01
-4.230e+00 4.409e-01
-4.220e+00 5.264e-01
-4.210e+00 4.811e-01
-4.200e+00 4.323e-01
-4.190e+00 5.559e-01
-4.180e+00 3.297e-01
-4.170e+00 4.584e-01
-4.160e+00 4.385e-01
-4.150e+00 7.989e-01
-4.140e+00 6.647e-01
-4.130e+00 4.396e-01
-4.120e+00 6.078e-01
-4.110e+00 5.824e-01
-4.100e+00 6.082e-01
-4.090e+00 6.712e-01
-4.080e+00 5.421e-01
-4.070e+00 7.432e-01
-4.060e+00 3.891e-01
-4.050e+00 4.373e-01
-4.040e+00 7.285e-01
-4.030e+00 5.163e-01
-4.020e+00 6.225e-01
-4.010e+00 2.519e-01
-4.000e+00 2.715e-01
-3.990e+00 5.393e-01
-3.980e+00 2.076e-01
-3.970e+00 4.757e-01
-3.960e+00 3.450e-01
-3.950e+00 4.035e-01
-3.940e+00 1.393e-01
-3.930e+00 4.640e-01
-3.920e+00 6.445e-01
-3.910e+00 6.362e-01
-3.900e+00 8.769e-01
-3.890e+00 6.391e-01
-3.880e+00 7.081e-01
-3.870e+00 7.446e-01
-3.860e+00 6.808e-01
-3.850e+00 1.063e+00
-3.840e+00 8.408e-01
-3.830e+00 4.249e-01
-3.820e+00 5.133e-01
-3.810e+00 6.427e-01
-3.800e+00 6.201e-01
-3.790e+00 6.912e-01
-3.780e+00 2.080e-01
-3.770e+00 2.483e-01
-3.760e+00 3.282e-01
-3.750e+00 4.533e-01
-3.740e+00 4.983e-01
-3.730e+00 6.156e-01
-3.720e+00 3.366e-01
-3.710e+00 3.955e-01
-3.700e+00 6.227e-01
-3.690e+00 4.495e-01
-3.680e+00 5.792e-01
-3.670e+00 6.355e-01
-3.660e+00 5.720e-01
-3.650e+00 1.002e-01
-3.640e+00 7.073e-01
-3.630e+00 4.873e-01
-3.620e+00 5.552e-01
-3.610e+00 7.465e-01
-3.600e+00 5.615e-01
-3.590e+00 4.581e-01
-3.580e+00 5.275e-01
-3.570e+00 1.652e-01
-3.560e+00 5.362e-01
-3.550e+00 6.787e-01
-3.540e+00 5.071e-01
-3.530e+00 5.286e-01
-3.520e+00 7.894e-01
-3.510e+00 7.531e-01
-3.500e+00 7.061e-01
-3.490e+00 4.971e-01
-3.480e+00 6.587e-01
-3.470e+00 5.358e-01
-3.460e+00 4.896e-01
-3.450e+00 6.396e-01
-3.440e+00 4.561e-01
-3.430e+00 8.752e-01
-3.420e+00 1.054e+00
-3.410e+00 8.493e-01
-3.400e+00 9.287e-01
-3.390e+00 6.274e-01
-3.380e+00 5.883e-01
-3.370e+00 5.168e-01
-3.360e+00 3.762e-01
-3.350e+00 -1.233e-01
-3.340e+00 4.543e-01
-3.330e+00 4.922e-01
-3.320e+00 5.093e-01
-3.310e+00 4.152e-01
-3.300e+00 3.467e-01
-3.290e+00 4.780e-01
-3.280e+00 5.780e-01
-3.270e+00 5.169e-01
-3.260e+00 5.213e-01
-3.250e+00 4.320e-01
-3.240e+00 1.946e-01
-3.230e+00 3.454e-01
-3.220e+00 4.972e-01
-3.210e+00 5.935e-01
-3.200e+00 7.643e-01
-3.190e+00 3.239e-01
-3.180e+00 4.940e-01
-3.170e+00 3.450e-01
-3.160e+00 5.961e-01
-3.150e+00 2.456e-01
-3.140e+00 4.786e-01
-3.130e+00 3.069e-01
-3.120e+00 5.098e-01
-3.110e+00 5.604e-01
-3.100e+00 5.649e-01
-3.090e+00 8.351e-01
-3.080e+00 7.314e-01
-3.070e+00 7.672e-01
-3.060e+00 7.389e-01
-3.050e+00 7.583e-01
-3.040e+00 5.558e-01
-3.030e+00 5.682e-01
-3.020e+00 5.814e-01
-3.010e+00 4.033e-01
-3.000e+00 4.892e-01
-2.990e+00 3.895e-01
-2.980e+00 5.261e-01
-2.970e+00 5.987e-01
-2.960e+00 3.904e-01
-2.950e+00 6.071e-01
-2.940e+00 5.095e-01
-2.930e+00 2.646e-01
-2.920e+00 3.383e-01
-2.910e+00 3.329e-01
-2.900e+00 -5.028e-02
-2.890e+00 4.577e-01
-2.880e+00 2.095e-01
-2.870e+00 4.845e-01
-2.860e+00 6.099e-01
-2.850e+00 5.684e-01
-2.840e+00 4.849e-01
-2.830e+00 5.795e-01
-2.820e+00 5.079e-01
-2.810e+00 8.135e-01
-2.800e+00 3.793e-01
-2.790e+00 4.199e-01
-2.780e+00 6.789e-01
-2.770e+00 3.833e-01
-2.760e+00 5.561e-01
-2.750e+00 2.748e-01
-2.740e+00 7.261e-01
-2.730e+00 7.355e-01
-2.720e+00 3.758e-01
-2.710e+00 5.299e-01
-2.700e+00 2.280e-01
-2.690e+00 3.485e-01
-2.680e+00 2.291e-01
-2.670e+00 6.566e-02
-2.660e+00 1.542e-05
-2.650e+00 1.469e-01
-2.640e+00 6.400e-01
-2.630e+00 4.312e-01
-2.620e+00 5.318e-01
-2.610e+00 4.761e-01
-2.600e+00 1.807e-01
-2.590e+00 4.665e-01
-2.580e+00 3.097e-01
-2.570e+00 5.544e-01
-2.560e+00 5.484e-01
-2.550e+00 2.526e-01
-2.540e+00 6.467e-01
-2.530e+00 3.838e-01
-2.520e+00 4.284e-01
-2.510e+00 5.352e-01
-2.500e+00 4.176e-01
-2.490e+00 2.447e-01
-2.480e+00 5.545e-01
-2.470e+00 6.618e-01
-2.460e+00 5.453e-01
-2.450e+00 6.394e-01
-2.440e+00 1.880e-01
-2.430e+00 2.494e-01
-2.420e+00 3.589e-01
-2.410e+00 4.776e-01
-2.400e+00 8.651e-02
-2.390e+00 1.620e-01
-2.380e+00 4.155e-02
-2.370e+00 1.905e-01
-2.360e+00 5.201e-01
-2.350e+00 1.066e-01
-2.340e+00 6.713e-01
-2.330e+00 8.388e-01
-2.320e+00 4.698e-01
-2.310e+00 2.866e-01
-2.300e+00 3.245e-01
-2.290e+00 6.036e-01
-2.280e+00 5.366e-01
-2.270e+00 7.181e-01
-2.260e+00 5.996e-01
-2.250e+00 6.601e-01
-2.240e+00 5.325e-01
-2.230e+00 6.729e-01
-2.220e+00 7.738e-01
-2.210e+00 9.306e-01
-2.200e+00 3.992e-01
-2.190e+00 3.252e-01
-2.180e+00 4.205e-01
-2.170e+00 4.569e-01
-2.160e+00 8.286e-01
-2.150e+00 1.012e+00
-2.140e+00 3.351e-01
-2.130e+00 4.872e-01
-2.120e+00 4.519e-01
-2.110e+00 2.462e-01
-2.100e+00 1.551e-01
-2.090e+00 5.275e-01
-2.080e+00 9.363e-01
-2.070e+00 7.199e-01
-2.060e+00 1.057e+00
-2.050e+00 1.228e+00
-2.040e+00 4.188e-01
-2.030e+00 7.183e-01
-2.020e+00 8.002e-01
-2.010e+00 6.690e-01
-2.000e+00 9.766e-01
-1.990e+00 6.414e-01
-1.980e+00 2.407e-01
-1.970e+00 2.420e-01
-1.960e+00 4.407e-01
-1.950e+00 1.582e-01
-1.940e+00 5.911e-01
-1.930e+00 5.634e-01
-1.920e+00 6.825e-01
-1.910e+00 6.344e-01
-1.900e+00 1.567e-01
-1.890e+00 9.172e-01
-1.880e+00 1.127e+00
-1.870e+00 8.738e-01
-1.860e+00 7.665e-01
-1.850e+00 9.286e-01
-1.840e+00 7.666e-01
-1.830e+00 6.351e-01
-1.820e+00 4.043e-01
-1.810e+00 8.150e-01
-1.800e+00 1.116e+00
-1.790e+00 5.035e-01
-1.780e+00 3.398e-01
-1.770e+00 1.533e-01
-1.760e+00 9.663e-02
-1.750e+00 6.832e-01
-1.740e+00 3.950e-01
-1.730e+00 5.408e-01
-1.720e+00 8.552e-01
-1.710e+00 9.579e-01
-1.700e+00 1.042e+00
-1.690e+00 5.223e-01
-1.680e+00 5.338e-01
-1.670e+00 3.566e-01
-1.660e+00 1.385e-01
-1.650e+00 4.476e-01
-1.640e+00 5.670e-01
-1.630e+00 6.483e-01
-1.620e+00 4.147e-01
-1.610e+00 9.651e-01
-1.600e+00 1.075e+00
-1.590e+00 3.914e-01
-1.580e+00 5.605e-01
-1.570e+00 7.521e-01
-1.560e+00 2.225e-01
-1.550e+00 9.282e-01
-1.540e+00 3.554e-01
-1.530e+00 4.291e-01
-1.520e+00 5.951e-01
-1.510e+00 8.561e-01
-1.500e+00 4.723e-01
-1.490e+00 6.915e-01
-1.480e+00 7.653e-01
-1.470e+00 2.395e-01
-1.460e+00 5.851e-01
-1.450e+00 4.607e-01
-1.440e+00 4.178e-01
-1.430e+00 4.308e-01
-1.420e+00 4.172e-02
-1.410e+00 9.651e-02
-1.400e+00 -5.460e-02
-1.390e+00 1.567e-01
-1.380e+00 9.415e-02
-1.370e+00 3.886e-01
-1.360e+00 5.933e-01
-1.350e+00 -4.417e-01
-1.340e+00 6.136e-01
-1.330e+00 6.937e-01
-1.320e+00 5.226e-01
-1.310e+00 7.009e-01
-1.300e+00 7.674e-01
-1.290e+00 1.116e+00
-1.280e+00 3.463e-01
-1.270e+00 7.516e-01
-1.260e+00 4.456e-01
-1.250e+00 5.298e-01
-1.240e+00 1.228e+00
-1.230e+00 8.138e-01
-1.220e+00 9.034e-01
-1.210e+00 1.088e+00
-1.200e+00 1.435e+00
-1.190e+00 1.318e+00
-1.180e+00 7.390e-01
-1.170e+00 6.953e-01
-1.160e+00 6.799e-01
-1.150e+00 3.338e-01
-1.140e+00 1.692e-01
-1.130e+00 7.846e-01
-1.120e+00 7.061e-01
-1.110e+00 5.401e-01
-1.100e+00 6.639e-01
-1.090e+00 7.180e-01
-1.080e+00 6.932e-01
-1.070e+00 4.616e-01
-1.060e+00 7.427e-01
-1.050e+00 5.869e-01
-1.040e+00 1.415e+00
-1.030e+00 7.024e-01
-1.020e+00 6.917e-01
-1.010e+00 8.379e-01
-1.000e+00 1.465e-01
-9.900e-01 2.620e-01
-9.800e-01 3.351e-01
-9.700e-01 3.105e-01
-9.600e-01 1.047e-01
-9.500e-01 -1.419e-01
-9.400e-01 5.794e-01
-9.300e-01 2.171e-01
-9.200e-01 5.026e-01
-9.100e-01 4.417e-02
-9.000e-01 1.174e-01
-8.900e-01 4.425e-01
-8.800e-01 5.473e-01
-8.700e-01 6.499e-01
-8.600e-01 4.286e-01
-8.500e-01 -2.147e-01
-8.400e-01 5.443e-01
-8.300e-01 2.649e-01
-8.200e-01 3.764e-01
-8.100e-01 -6.806e-01
-8.000e-01 -3.361e-01
-7.900e-01 -5.045e-01
-7.800e-01 4.181e-01
-7.700e-01 1.218e-01
-7.600e-01 6.215e-01
-7.500e-01 -1.057e+00
-7.400e-01 4.504e-01
-7.300e-01 2.663e-01
-7.200e-01 5.547e-01
-7.100e-01 -1.424e-01
-7.000e-01 1.869e-01
-6.900e-01 2.244e-01
-6.800e-01 8.257e-01
-6.700e-01 7.954e-01
-6.600e-01 4.101e-01
-6.500e-01 -3.194e-01
-6.400e-01 7.824e-01
-6.300e-01 2.036e-01
-6.200e-01 5.243e-01
-6.100e-01 9.712e-01
-6.000e-01 4.855e-01
-5.900e-01 1.437e+00
-5.800e-01 1.365e+00
-5.700e-01 7.882e-01
-5.600e-01 7.260e-02
-5.500e-01 1.326e+00
-5.400e-01 -6.623e-04
-5.300e-01 7.781e-01
-5.200e-01 1.269e+00
-5.100e-01 8.804e-01
-5.000e-01 1.588e+00
-4.900e-01 1.135e+00
-4.800e-01 2.017e+00
-4.700e-01 1.942e+00
-4.600e-01 2.044e+00
-4.500e-01 2.150e+00
-4.400e-01 1.456e+00
-4.300e-01 1.773e+00
-4.200e-01 7.830e-01
-4.100e-01 5.644e-01
-4.000e-01 1.743e+00
-3.900e-01 5.387e-01
-3.800e-01 1.508e+00
-3.700e-01 9.742e-01
-3.600e-01 7.436e-01
-3.500e-01 1.329e+00
-3.400e-01 1.619e+00
-3.300e-01 1.183e+00
-3.200e-01 2.170e+00
-3.100e-01 2.397e+00
-3.000e-01 1.191e+00
-2.900e-01 2.056e+00
-2.800e-01 2.456e+00
-2.700e-01 2.446e+00
-2.600e-01 1.512e+00
-2.500e-01 1.016e+00
-2.400e-01 4.209e-01
-2.300e-01 1.308e+00
-2.200e-01 2.065e+00
-2.100e-01 2.115e+00
-2.000e-01 8.409e-01
-1.900e-01 5.447e-01
-1.800e-01 1.638e+00
-1.700e-01 1.158e+00
-1.600e-01 4.781e-01
-1.500e-01 3.293e+00
-1.400e-01 1.450e+00
-1.300e-01 1.917e+00
-1.200e-01 2.822e+00
-1.100e-01 3.748e+00
-1.000e-01 1.327e+00
-9.000e-02 1.117e+00
-8.000e-02 3.993e+00
-7.000e-02 4.408e+00
-6.000e-02 6.566e+00
-5.000e-02 7.887e+00
-4.000e-02 8.155e+00
-3.000e-02 1.748e+01
-2.000e-02 2.450e+01
-1.000e-02 5.629e+01
