# Frequency (1.0/ps)      real(fft(F_2))
0.000e+00 1.046e+02
1.000e-02 5.499e+01
2.000e-02 3.354e+01
3.000e-02 2.233e+01
4.000e-02 2.015e+01
5.000e-02 1.256e+01
6.000e-02 1.043e+01
7.000e-02 5.414e+00
8.000e-02 4.278e+00
9.000e-02 3.110e+00
1.000e-01 3.770e+00
1.100e-01 2.760e+00
1.200e-01 3.851e+00
1.300e-01 5.139e+00
1.400e-01 3.587e+00
1.500e-01 1.457e+00
1.600e-01 3.082e+00
1.700e-01 3.556e+00
1.800e-01 2.399e+00
1.900e-01 1.254e+00
2.000e-01 1.314e+00
2.100e-01 2.411e+00
2.200e-01 1.673e+00
2.300e-01 1.265e+00
2.400e-01 1.845e+00
2.500e-01 4.147e-01
2.600e-01 8.560e-02
2.700e-01 1.153e+00
2.800e-01 1.158e+00
2.900e-01 1.199e+00
3.000e-01 7.971e-01
3.100e-01 1.136e+00
3.200e-01 1.329e+00
3.300e-01 1.190e+00
3.400e-01 1.966e+00
3.500e-01 1.351e+00
3.600e-01 7.127e-01
3.700e-01 1.131e+00
3.800e-01 -1.042e-01
3.900e-01 3.604e-01
4.000e-01 8.115e-01
4.100e-01 1.101e+00
4.200e-01 6.231e-01
4.300e-01 6.938e-01
4.400e-01 5.376e-01
4.500e-01 3.858e-01
4.600e-01 2.645e-01
4.700e-01 -2.780e-01
4.800e-01 3.293e-01
4.900e-01 1.218e-01
5.000e-01 1.554e+00
5.100e-01 3.265e-01
5.200e-01 6.162e-01
5.300e-01 5.793e-01
5.400e-01 6.610e-01
5.500e-01 4.052e-01
5.600e-01 1.142e+00
5.700e-01 4.700e-01
5.800e-01 4.301e-01
5.900e-01 -1.261e-01
6.000e-01 8.235e-01
6.100e-01 4.234e-01
6.200e-01 1.732e-01
6.300e-01 8.894e-01
6.400e-01 2.184e+00
6.500e-01 1.199e+00
6.600e-01 1.325e+00
6.700e-01 1.618e+00
6.800e-01 1.762e+00
6.900e-01 1.493e+00
7.000e-01 1.096e+00
7.100e-01 8.019e-01
7.200e-01 6.712e-01
7.300e-01 6.847e-01
7.400e-01 5.959e-01
7.500e-01 7.722e-01
7.600e-01 2.818e-01
7.700e-01 1.524e-01
7.800e-01 4.912e-01
7.900e-01 8.569e-01
8.000e-01 9.615e-01
8.100e-01 7.448e-01
8.200e-01 1.429e+00
8.300e-01 1.019e+00
8.400e-01 1.282e+00
8.500e-01 1.367e+00
8.600e-01 9.932e-01
8.700e-01 1.105e+00
8.800e-01 5.643e-01
8.900e-01 2.564e-01
9.000e-01 4.463e-01
9.100e-01 2.037e-01
9.200e-01 2.186e-01
9.300e-01 6.165e-01
9.400e-01 6.749e-01
9.500e-01 3.657e-01
9.600e-01 1.257e+00
9.700e-01 4.671e-01
9.800e-01 5.044e-01
9.900e-01 1.397e+00
1.000e+00 5.189e-01
1.010e+00 6.485e-01
1.020e+00 3.047e-01
1.030e+00 4.204e-02
1.040e+00 6.188e-01
1.050e+00 1.272e-01
1.060e+00 8.359e-02
1.070e+00 7.692e-01
1.080e+00 6.916e-02
1.090e+00 3.650e-01
1.100e+00 2.964e-01
1.110e+00 7.385e-01
1.120e+00 8.925e-01
1.130e+00 9.700e-02
1.140e+00 2.220e-01
1.150e+00 8.034e-01
1.160e+00 5.808e-01
1.170e+00 8.760e-01
1.180e+00 8.592e-01
1.190e+00 3.065e-01
1.200e+00 8.230e-01
1.210e+00 7.734e-01
1.220e+00 7.826e-01
1.230e+00 1.226e+00
1.240e+00 1.226e+00
1.250e+00 1.574e+00
1.260e+00 1.179e+00
1.270e+00 5.298e-01
1.280e+00 7.698e-01
1.290e+00 5.621e-01
1.300e+00 5.126e-01
1.310e+00 6.387e-01
1.320e+00 7.003e-01
1.330e+00 5.089e-01
1.340e+00 5.872e-01
1.350e+00 3.574e-01
1.360e+00 -2.236e-01
1.370e+00 2.015e-02
1.380e+00 5.059e-01
1.390e+00 7.440e-01
1.400e+00 8.336e-01
1.410e+00 3.760e-01
1.420e+00 6.185e-01
1.430e+00 1.898e-01
1.440e+00 5.686e-01
1.450e+00 3.335e-01
1.460e+00 3.357e-01
1.470e+00 7.785e-01
1.480e+00 1.068e+00
1.490e+00 9.546e-01
1.500e+00 5.070e-01
1.510e+00 6.382e-01
1.520e+00 7.821e-01
1.530e+00 8.326e-01
1.540e+00 1.138e+00
1.550e+00 9.108e-01
1.560e+00 1.442e+00
1.570e+00 9.266e-01
1.580e+00 6.069e-01
1.590e+00 8.455e-01
1.600e+00 1.105e+00
1.610e+00 9.976e-01
1.620e+00 1.064e+00
1.630e+00 4.474e-01
1.640e+00 2.559e-01
1.650e+00 3.646e-01
1.660e+00 5.804e-01
1.670e+00 4.405e-01
1.680e+00 9.801e-02
1.690e+00 6.004e-01
1.700e+00 7.145e-01
1.710e+00 2.644e-01
1.720e+00 6.348e-01
1.730e+00 8.879e-01
1.740e+00 8.885e-02
1.750e+00 7.080e-01
1.760e+00 2.916e-01
1.770e+00 3.511e-01
1.780e+00 7.489e-02
1.790e+00 5.938e-03
1.800e+00 9.159e-01
1.810e+00 1.020e+00
1.820e+00 6.464e-01
1.830e+00 1.154e+00
1.840e+00 9.377e-01
1.850e+00 7.284e-01
1.860e+00 8.818e-01
1.870e+00 1.130e+00
1.880e+00 8.268e-01
1.890e+00 8.524e-01
1.900e+00 9.276e-01
1.910e+00 4.110e-01
1.920e+00 6.438e-01
1.930e+00 7.924e-01
1.940e+00 8.750e-01
1.950e+00 1.160e+00
1.960e+00 8.804e-01
1.970e+00 6.179e-01
1.980e+00 4.820e-01
1.990e+00 6.398e-01
2.000e+00 5.539e-01
2.010e+00 4.929e-01
2.020e+00 4.559e-01
2.030e+00 5.146e-01
2.040e+00 4.597e-01
2.050e+00 9.686e-01
2.060e+00 6.956e-01
2.070e+00 6.474e-01
2.080e+00 1.022e+00
2.090e+00 5.782e-01
2.100e+00 8.078e-01
2.110e+00 8.790e-01
2.120e+00 1.021e+00
2.130e+00 5.331e-01
2.140e+00 1.027e+00
2.150e+00 1.151e+00
2.160e+00 6.772e-01
2.170e+00 6.850e-01
2.180e+00 7.483e-01
2.190e+00 4.895e-01
2.200e+00 6.772e-01
2.210e+00 3.305e-01
2.220e+00 2.328e-01
2.230e+00 1.511e-01
2.240e+00 3.526e-01
2.250e+00 1.332e-01
2.260e+00 4.050e-01
2.270e+00 3.346e-01
2.280e+00 3.305e-01
2.290e+00 6.166e-01
2.300e+00 7.463e-02
2.310e+00 4.041e-01
2.320e+00 4.696e-01
2.330e+00 6.633e-01
2.340e+00 6.012e-01
2.350e+00 1.853e-01
2.360e+00 5.594e-01
2.370e+00 3.353e-01
2.380e+00 1.611e-01
2.390e+00 5.081e-02
2.400e+00 4.451e-01
2.410e+00 5.074e-01
2.420e+00 4.542e-01
2.430e+00 4.639e-01
2.440e+00 6.380e-01
2.450e+00 5.999e-01
2.460e+00 5.443e-01
2.470e+00 5.228e-01
2.480e+00 5.432e-01
2.490e+00 3.993e-01
2.500e+00 1.403e-01
2.510e+00 1.929e-01
2.520e+00 1.576e-01
2.530e+00 2.025e-01
2.540e+00 9.052e-01
2.550e+00 7.294e-01
2.560e+00 6.862e-01
2.570e+00 6.115e-01
2.580e+00 4.028e-01
2.590e+00 5.900e-01
2.600e+00 7.839e-01
2.610e+00 2.442e-01
2.620e+00 3.868e-01
2.630e+00 7.810e-01
2.640e+00 4.635e-01
2.650e+00 7.300e-01
2.660e+00 7.994e-01
2.670e+00 5.873e-01
2.680e+00 7.530e-01
2.690e+00 4.751e-01
2.700e+00 5.932e-01
2.710e+00 5.583e-01
2.720e+00 6.506e-01
2.730e+00 5.871e-01
2.740e+00 5.685e-01
2.750e+00 8.326e-01
2.760e+00 4.752e-01
2.770e+00 6.297e-01
2.780e+00 7.613e-01
2.790e+00 7.616e-01
2.800e+00 6.570e-01
2.810e+00 6.579e-01
2.820e+00 5.672e-01
2.830e+00 7.929e-01
2.840e+00 6.066e-01
2.850e+00 2.563e-01
2.860e+00 6.119e-01
2.870e+00 5.969e-01
2.880e+00 7.867e-01
2.890e+00 8.150e-01
2.900e+00 8.916e-01
2.910e+00 7.952e-01
2.920e+00 9.076e-01
2.930e+00 8.337e-01
2.940e+00 6.992e-01
2.950e+00 1.024e+00
2.960e+00 5.757e-01
2.970e+00 4.832e-01
2.980e+00 5.715e-01
2.990e+00 3.807e-01
3.000e+00 4.669e-01
3.010e+00 7.582e-01
3.020e+00 8.687e-01
3.030e+00 1.188e+00
3.040e+00 8.514e-01
3.050e+00 4.480e-01
3.060e+00 5.139e-01
3.070e+00 4.133e-01
3.080e+00 7.400e-01
3.090e+00 8.425e-01
3.100e+00 2.648e-01
3.110e+00 4.685e-01
3.120e+00 6.402e-01
3.130e+00 5.641e-01
3.140e+00 5.265e-01
3.150e+00 7.847e-01
3.160e+00 9.416e-01
3.170e+00 3.329e-01
3.180e+00 5.856e-01
3.190e+00 6.273e-01
3.200e+00 1.435e-01
3.210e+00 1.540e-01
3.220e+00 3.626e-01
3.230e+00 5.557e-01
3.240e+00 3.211e-01
3.250e+00 6.203e-01
3.260e+00 6.541e-01
3.270e+00 5.035e-01
3.280e+00 5.678e-01
3.290e+00 6.918e-01
3.300e+00 4.103e-01
3.310e+00 3.932e-01
3.320e+00 4.686e-01
3.330e+00 2.484e-01
3.340e+00 3.995e-01
3.350e+00 3.215e-01
3.360e+00 5.637e-01
3.370e+00 6.557e-01
3.380e+00 6.877e-01
3.390e+00 1.020e+00
3.400e+00 9.423e-01
3.410e+00 5.426e-01
3.420e+00 7.221e-01
3.430e+00 3.141e-01
3.440e+00 5.861e-01
3.450e+00 6.701e-01
3.460e+00 5.862e-01
3.470e+00 6.785e-01
3.480e+00 5.333e-01
3.490e+00 2.530e-01
3.500e+00 2.653e-01
3.510e+00 4.884e-01
3.520e+00 5.255e-01
3.530e+00 5.746e-01
3.540e+00 5.133e-01
3.550e+00 7.790e-01
3.560e+00 6.567e-01
3.570e+00 3.345e-01
3.580e+00 3.689e-01
3.590e+00 3.802e-01
3.600e+00 4.377e-01
3.610e+00 3.610e-01
3.620e+00 3.660e-01
3.630e+00 4.591e-01
3.640e+00 2.298e-01
3.650e+00 2.909e-01
3.660e+00 6.825e-01
3.670e+00 4.715e-01
3.680e+00 4.006e-01
3.690e+00 5.969e-01
3.700e+00 5.584e-01
3.710e+00 6.788e-01
3.720e+00 7.735e-01
3.730e+00 7.053e-01
3.740e+00 7.499e-01
3.750e+00 9.425e-01
3.760e+00 8.101e-01
3.770e+00 3.536e-01
3.780e+00 3.300e-01
3.790e+00 5.304e-01
3.800e+00 3.469e-01
3.810e+00 7.254e-01
3.820e+00 8.389e-01
3.830e+00 6.422e-01
3.840e+00 7.613e-01
3.850e+00 8.266e-01
3.860e+00 9.162e-01
3.870e+00 6.965e-01
3.880e+00 5.172e-01
3.890e+00 7.326e-01
3.900e+00 6.225e-01
3.910e+00 2.928e-01
3.920e+00 5.008e-01
3.930e+00 3.241e-01
3.940e+00 4.205e-01
3.950e+00 3.685e-01
3.960e+00 5.139e-01
3.970e+00 5.985e-01
3.980e+00 6.195e-01
3.990e+00 7.456e-01
4.000e+00 6.049e-01
4.010e+00 3.501e-01
4.020e+00 3.492e-01
4.030e+00 4.366e-01
4.040e+00 5.495e-01
4.050e+00 8.396e-01
4.060e+00 6.289e-01
4.070e+00 8.098e-01
4.080e+00 7.048e-01
4.090e+00 9.482e-01
4.100e+00 9.090e-01
4.110e+00 5.224e-01
4.120e+00 5.233e-01
4.130e+00 5.977e-01
4.140e+00 3.207e-01
4.150e+00 1.679e-01
4.160e+00 5.955e-01
4.170e+00 4.918e-01
4.180e+00 6.045e-01
4.190e+00 8.119e-01
4.200e+00 8.374e-01
4.210e+00 5.737e-01
4.220e+00 6.301e-01
4.230e+00 7.652e-01
4.240e+00 7.575e-01
4.250e+00 3.890e-01
4.260e+00 6.071e-01
4.270e+00 6.395e-01
4.280e+00 5.681e-01
4.290e+00 6.042e-01
4.300e+00 3.756e-01
4.310e+00 4.137e-01
4.320e+00 4.378e-01
4.330e+00 3.422e-01
4.340e+00 3.390e-01
4.350e+00 3.276e-01
4.360e+00 4.375e-01
4.370e+00 6.825e-01
4.380e+00 5.267e-01
4.390e+00 6.727e-01
4.400e+00 6.006e-01
4.410e+00 6.379e-01
4.420e+00 5.412e-01
4.430e+00 7.138e-01
4.440e+00 3.808e-01
4.450e+00 2.906e-01
4.460e+00 3.021e-01
4.470e+00 4.946e-01
4.480e+00 4.583e-01
4.490e+00 2.814e-01
4.500e+00 4.753e-01
4.510e+00 4.161e-01
4.520e+00 2.373e-01
4.530e+00 6.168e-01
4.540e+00 5.360e-01
4.550e+00 3.877e-01
4.560e+00 8.027e-01
4.570e+00 1.120e+00
4.580e+00 8.944e-01
4.590e+00 9.216e-01
4.600e+00 6.547e-01
4.610e+00 5.798e-01
4.620e+00 6.442e-01
4.630e+00 3.960e-01
4.640e+00 5.710e-01
4.650e+00 6.733e-01
4.660e+00 5.410e-01
4.670e+00 8.383e-01
4.680e+00 8.655e-01
4.690e+00 7.138e-01
4.700e+00 7.933e-01
4.710e+00 8.071e-01
4.720e+00 6.664e-01
4.730e+00 6.888e-01
4.740e+00 4.763e-01
4.750e+00 3.771e-01
4.760e+00 4.135e-01
4.770e+00 4.514e-01
4.780e+00 5.138e-01
4.790e+00 6.041e-01
4.800e+00 7.973e-01
4.810e+00 6.104e-01
4.820e+00 5.556e-01
4.830e+00 8.592e-01
4.840e+00 7.327e-01
4.850e+00 7.432e-01
4.860e+00 7.918e-01
4.870e+00 9.116e-01
4.880e+00 5.775e-01
4.890e+00 6.608e-01
4.900e+00 6.185e-01
4.910e+00 6.449e-01
4.920e+00 6.347e-01
4.930e+00 5.612e-01
4.940e+00 3.045e-01
4.950e+00 2.243e-01
4.960e+00 5.203e-01
4.970e+00 1.164e-01
4.980e+00 1.849e-01
4.990e+00 3.992e-01
-5.000e+00 4.622e-01
-4.990e+00 7.763e-01
-4.980e+00 6.421e-01
-4.970e+00 8.740e-01
-4.960e+00 1.322e-01
-4.950e+00 2.549e-01
-4.940e+00 5.053e-01
-4.930e+00 4.320e-01
-4.920e+00 6.672e-01
-4.910e+00 5.490e-01
-4.900e+00 3.265e-01
-4.890e+00 6.374e-01
-4.880e+00 6.116e-01
-4.870e+00 5.162e-01
-4.860e+00 6.409e-01
-4.850e+00 4.654e-01
-4.840e+00 6.675e-01
-4.830e+00 6.396e-01
-4.820e+00 5.158e-01
-4.810e+00 6.790e-01
-4.800e+00 4.934e-01
-4.790e+00 7.421e-02
-4.780e+00 1.895e-01
-4.770e+00 3.805e-01
-4.760e+00 2.319e-01
-4.750e+00 4.161e-01
-4.740e+00 3.460e-01
-4.730e+00 2.098e-01
-4.720e+00 1.456e-01
-4.710e+00 2.430e-01
-4.700e+00 4.152e-01
-4.690e+00 3.273e-01
-4.680e+00 4.718e-01
-4.670e+00 3.235e-01
-4.660e+00 6.046e-01
-4.650e+00 7.600e-01
-4.640e+00 5.670e-01
-4.630e+00 7.561e-01
-4.620e+00 3.614e-01
-4.610e+00 5.353e-01
-4.600e+00 5.653e-01
-4.590e+00 6.702e-01
-4.580e+00 8.186e-01
-4.570e+00 7.822e-01
-4.560e+00 5.185e-01
-4.550e+00 4.640e-01
-4.540e+00 4.456e-01
-4.530e+00 2.190e-01
-4.520e+00 5.544e-01
-4.510e+00 6.775e-01
-4.500e+00 7.007e-01
-4.490e+00 4.470e-01
-4.480e+00 5.792e-01
-4.470e+00 7.507e-01
-4.460e+00 5.781e-01
-4.450e+00 3.681e-01
-4.440e+00 3.766e-01
-4.430e+00 4.576e-01
-4.420e+00 7.590e-01
-4.410e+00 5.858e-01
-4.400e+00 6.168e-01
-4.390e+00 7.780e-01
-4.380e+00 6.068e-01
-4.370e+00 5.598e-01
-4.360e+00 4.794e-01
-4.350e+00 3.527e-01
-4.340e+00 2.802e-01
-4.330e+00 4.152e-01
-4.320e+00 5.128e-01
-4.310e+00 4.428e-01
-4.300e+00 5.760e-01
-4.290e+00 6.677e-01
-4.280e+00 6.007e-01
-4.270e+00 3.976e-01
-4.260e+00 2.924e-02
-4.250e+00 5.234e-01
-4.240e+00 3.894e-01
-4.230e+00 2.266e-01
-4.220e+00 4.618e-01
-4.210e+00 3.339e-01
-4.200e+00 6.194e-01
-4.190e+00 5.324e-01
-4.180e+00 3.701e-01
-4.170e+00 4.585e-01
-4.160e+00 3.470e-01
-4.150e+00 3.058e-01
-4.140e+00 5.385e-01
-4.130e+00 8.163e-01
-4.120e+00 3.043e-01
-4.110e+00 3.706e-01
-4.100e+00 7.298e-01
-4.090e+00 7.671e-01
-4.080e+00 6.767e-01
-4.070e+00 5.759e-01
-4.060e+00 8.917e-01
-4.050e+00 5.703e-01
-4.040e+00 5.023e-01
-4.030e+00 7.545e-01
-4.020e+00 6.528e-01
-4.010e+00 5.094e-01
-4.000e+00 6.373e-01
-3.990e+00 4.579e-01
-3.980e+00 6.224e-01
-3.970e+00 2.769e-01
-3.960e+00 4.580e-01
-3.950e+00 3.207e-01
-3.940e+00 4.887e-01
-3.930e+00 3.530e-01
-3.920e+00 4.595e-01
-3.910e+00 7.233e-01
-3.900e+00 7.373e-01
-3.890e+00 7.176e-01
-3.880e+00 9.040e-01
-3.870e+00 5.334e-01
-3.860e+00 9.153e-01
-3.850e+00 8.713e-01
-3.840e+00 9.314e-01
-3.830e+00 7.694e-01
-3.820e+00 5.057e-01
-3.810e+00 9.569e-01
-3.800e+00 9.399e-01
-3.790e+00 6.301e-01
-3.780e+00 6.564e-01
-3.770e+00 7.491e-01
-3.760e+00 5.719e-01
-3.750e+00 6.887e-01
-3.740e+00 6.192e-01
-3.730e+00 4.809e-01
-3.720e+00 7.532e-02
-3.710e+00 1.325e-01
-3.700e+00 4.465e-01
-3.690e+00 4.651e-01
-3.680e+00 4.011e-01
-3.670e+00 5.858e-01
-3.660e+00 5.098e-01
-3.650e+00 7.870e-01
-3.640e+00 7.767e-01
-3.630e+00 7.692e-01
-3.620e+00 6.547e-01
-3.610e+00 4.116e-01
-3.600e+00 4.290e-01
-3.590e+00 2.027e-01
-3.580e+00 3.693e-01
-3.570e+00 5.596e-01
-3.560e+00 6.199e-01
-3.550e+00 5.136e-01
-3.540e+00 5.510e-01
-3.530e+00 4.990e-01
-3.520e+00 5.853e-01
-3.510e+00 7.288e-01
-3.500e+00 9.880e-01
-3.490e+00 5.912e-01
-3.480e+00 7.836e-01
-3.470e+00 5.096e-01
-3.460e+00 7.072e-01
-3.450e+00 6.013e-01
-3.440e+00 4.786e-01
-3.430e+00 5.301e-01
-3.420e+00 5.207e-01
-3.410e+00 8.381e-01
-3.400e+00 6.030e-01
-3.390e+00 7.237e-01
-3.380e+00 9.865e-01
-3.370e+00 7.735e-01
-3.360e+00 5.812e-01
-3.350e+00 6.909e-01
-3.340e+00 8.357e-01
-3.330e+00 3.891e-01
-3.320e+00 4.010e-01
-3.310e+00 7.341e-01
-3.300e+00 7.345e-01
-3.290e+00 6.638e-01
-3.280e+00 7.856e-01
-3.270e+00 8.105e-01
-3.260e+00 6.164e-01
-3.250e+00 7.362e-01
-3.240e+00 7.093e-01
-3.230e+00 6.054e-01
-3.220e+00 5.285e-01
-3.210e+00 1.436e-01
-3.200e+00 4.523e-01
-3.190e+00 6.484e-01
-3.180e+00 4.792e-01
-3.170e+00 4.397e-01
-3.160e+00 5.357e-01
-3.150e+00 6.602e-01
-3.140e+00 7.678e-01
-3.130e+00 3.629e-01
-3.120e+00 4.011e-01
-3.110e+00 3.871e-01
-3.100e+00 3.620e-01
-3.090e+00 4.997e-01
-3.080e+00 6.301e-01
-3.070e+00 6.099e-01
-3.060e+00 6.678e-01
-3.050e+00 9.165e-01
-3.040e+00 5.849e-01
-3.030e+00 6.856e-01
-3.020e+00 7.177e-01
-3.010e+00 4.934e-01
-3.000e+00 4.436e-01
-2.990e+00 6.712e-01
-2.980e+00 5.034e-01
-2.970e+00 5.851e-01
-2.960e+00 7.237e-01
-2.950e+00 6.931e-01
-2.940e+00 5.718e-01
-2.930e+00 6.768e-01
-2.920e+00 5.418e-01
-2.910e+00 9.162e-01
-2.900e+00 7.380e-01
-2.890e+00 6.599e-01
-2.880e+00 7.356e-01
-2.870e+00 1.042e+00
-2.860e+00 5.650e-01
-2.850e+00 5.954e-01
-2.840e+00 3.484e-01
-2.830e+00 1.592e-01
-2.820e+00 7.368e-01
-2.810e+00 7.990e-01
-2.800e+00 2.345e-01
-2.790e+00 1.537e-01
-2.780e+00 3.171e-01
-2.770e+00 3.969e-01
-2.760e+00 3.254e-01
-2.750e+00 2.839e-01
-2.740e+00 5.758e-01
-2.730e+00 4.119e-01
-2.720e+00 5.754e-01
-2.710e+00 3.390e-01
-2.700e+00 6.203e-01
-2.690e+00 5.785e-01
-2.680e+00 3.622e-01
-2.670e+00 6.431e-01
-2.660e+00 4.108e-01
-2.650e+00 7.695e-02
-2.640e+00 4.055e-01
-2.630e+00 4.044e-01
-2.620e+00 4.551e-01
-2.610e+00 5.404e-01
-2.600e+00 4.561e-01
-2.590e+00 4.875e-01
-2.580e+00 7.602e-01
-2.570e+00 3.297e-01
-2.560e+00 7.902e-02
-2.550e+00 3.598e-01
-2.540e+00 4.030e-01
-2.530e+00 1.183e-01
-2.520e+00 8.281e-02
-2.510e+00 1.554e-01
-2.500e+00 4.170e-01
-2.490e+00 3.405e-01
-2.480e+00 2.832e-01
-2.470e+00 2.554e-01
-2.460e+00 5.840e-01
-2.450e+00 7.175e-01
-2.440e+00 5.946e-01
-2.430e+00 7.281e-01
-2.420e+00 7.411e-01
-2.410e+00 7.285e-01
-2.400e+00 7.441e-01
-2.390e+00 6.000e-01
-2.380e+00 4.244e-01
-2.370e+00 3.724e-01
-2.360e+00 2.116e-01
-2.350e+00 1.451e-01
-2.340e+00 3.626e-01
-2.330e+00 1.383e-01
-2.320e+00 1.732e-01
-2.310e+00 5.288e-01
-2.300e+00 6.883e-01
-2.290e+00 6.952e-01
-2.280e+00 4.833e-01
-2.270e+00 7.487e-01
-2.260e+00 7.099e-01
-2.250e+00 8.227e-01
-2.240e+00 8.216e-01
-2.230e+00 6.500e-01
-2.220e+00 3.966e-01
-2.210e+00 4.439e-01
-2.200e+00 1.645e-01
-2.190e+00 5.684e-01
-2.180e+00 5.273e-01
-2.170e+00 3.040e-01
-2.160e+00 8.446e-02
-2.150e+00 1.264e-01
-2.140e+00 1.163e-01
-2.130e+00 3.093e-01
-2.120e+00 1.542e-02
-2.110e+00 -1.566e-01
-2.100e+00 -1.950e-01
-2.090e+00 1.696e-01
-2.080e+00 3.136e-01
-2.070e+00 1.920e-01
-2.060e+00 7.739e-01
-2.050e+00 7.282e-01
-2.040e+00 8.271e-01
-2.030e+00 5.360e-01
-2.020e+00 6.430e-01
-2.010e+00 4.872e-01
-2.000e+00 1.014e-01
-1.990e+00 1.086e-01
-1.980e+00 2.718e-01
-1.970e+00 6.214e-02
-1.960e+00 3.689e-01
-1.950e+00 9.517e-02
-1.940e+00 3.146e-01
-1.930e+00 5.021e-02
-1.920e+00 4.842e-01
-1.910e+00 5.467e-01
-1.900e+00 4.144e-01
-1.890e+00 -4.101e-02
-1.880e+00 -1.647e-01
-1.870e+00 1.853e-02
-1.860e+00 4.201e-01
-1.850e+00 2.632e-01
-1.840e+00 6.035e-01
-1.830e+00 5.122e-01
-1.820e+00 3.265e-01
-1.810e+00 3.053e-01
-1.800e+00 3.875e-01
-1.790e+00 4.937e-01
-1.780e+00 3.393e-01
-1.770e+00 3.291e-01
-1.760e+00 2.114e-01
-1.750e+00 4.215e-03
-1.740e+00 7.544e-01
-1.730e+00 3.687e-01
-1.720e+00 1.319e-01
-1.710e+00 8.552e-01
-1.700e+00 8.755e-01
-1.690e+00 5.604e-01
-1.680e+00 6.637e-01
-1.670e+00 7.800e-01
-1.660e+00 5.020e-01
-1.650e+00 6.122e-01
-1.640e+00 7.575e-01
-1.630e+00 2.581e-01
-1.620e+00 1.204e-01
-1.610e+00 3.684e-01
-1.600e+00 6.231e-01
-1.590e+00 3.505e-01
-1.580e+00 6.405e-01
-1.570e+00 3.507e-01
-1.560e+00 4.424e-01
-1.550e+00 7.498e-01
-1.540e+00 4.164e-01
-1.530e+00 5.739e-01
-1.520e+00 3.055e-01
-1.510e+00 7.583e-01
-1.500e+00 8.333e-01
-1.490e+00 6.857e-01
-1.480e+00 1.348e+00
-1.470e+00 1.083e+00
-1.460e+00 9.863e-01
-1.450e+00 9.019e-01
-1.440e+00 3.527e-01
-1.430e+00 7.544e-01
-1.420e+00 7.062e-01
-1.410e+00 9.561e-01
-1.400e+00 3.483e-01
-1.390e+00 7.247e-01
-1.380e+00 4.013e-01
-1.370e+00 8.073e-01
-1.360e+00 5.334e-01
-1.350e+00 2.141e-01
-1.340e+00 3.414e-01
-1.330e+00 3.380e-03
-1.320e+00 6.594e-02
-1.310e+00 6.768e-01
-1.300e+00 4.027e-01
-1.290e+00 1.629e-01
-1.280e+00 4.560e-01
-1.270e+00 7.822e-01
-1.260e+00 4.023e-01
-1.250e+00 3.563e-01
-1.240e+00 5.635e-01
-1.230e+00 -2.653e-01
-1.220e+00 -4.923e-02
-1.210e+00 -2.390e-01
-1.200e+00 1.189e-01
-1.190e+00 8.177e-01
-1.180e+00 3.482e-01
-1.170e+00 6.293e-01
-1.160e+00 8.193e-01
-1.150e+00 5.673e-01
-1.140e+00 2.689e-01
-1.130e+00 1.100e-01
-1.120e+00 2.586e-01
-1.110e+00 -5.977e-02
-1.100e+00 4.991e-01
-1.090e+00 3.831e-01
-1.080e+00 7.691e-01
-1.070e+00 3.177e-01
-1.060e+00 3.351e-01
-1.050e+00 8.602e-01
-1.040e+00 7.070e-01
-1.030e+00 1.033e+00
-1.020e+00 7.047e-01
-1.010e+00 7.233e-01
-1.000e+00 2.621e-01
-9.900e-01 8.357e-01
-9.800e-01 7.162e-01
-9.700e-01 6.046e-01
-9.600e-01 1.091e+00
-9.500e-01 7.621e-01
-9.400e-01 6.054e-01
-9.300e-01 5.840e-01
-9.200e-01 4.188e-01
-9.100e-01 9.631e-01
-9.000e-01 -1.059e-01
-8.900e-01 1.190e+00
-8.800e-01 9.935e-01
-8.700e-01 5.340e-01
-8.600e-01 8.409e-01
-8.500e-01 7.798e-01
-8.400e-01 8.992e-01
-8.300e-01 1.399e+00
-8.200e-01 6.573e-01
-8.100e-01 2.983e-01
-8.000e-01 1.132e-01
-7.900e-01 6.788e-01
-7.800e-01 4.408e-01
-7.700e-01 5.465e-01
-7.600e-01 2.767e-01
-7.500e-01 4.662e-01
-7.400e-01 1.213e+00
-7.300e-01 6.818e-01
-7.200e-01 7.943e-01
-7.100e-01 1.084e+00
-7.000e-01 6.242e-01
-6.900e-01 1.006e+00
-6.800e-01 1.014e+00
-6.700e-01 1.056e+00
-6.600e-01 6.066e-01
-6.500e-01 4.395e-01
-6.400e-01 3.262e-01
-6.300e-01 -3.466e-01
-6.200e-01 1.053e+00
-6.100e-01 2.833e-01
-6.000e-01 5.121e-01
-5.900e-01 6.394e-01
-5.800e-01 5.262e-01
-5.700e-01 1.576e+00
-5.600e-01 7.983e-01
-5.500e-01 2.470e-01
-5.400e-01 7.194e-01
-5.300e-01 -1.722e-01
-5.200e-01 3.096e-02
-5.100e-01 4.164e-01
-5.000e-01 9.346e-01
-4.900e-01 9.915e-01
-4.800e-01 1.132e+00
-4.700e-01 4.299e-01
-4.600e-01 -8.975e-02
-4.500e-01 7.235e-01
-4.400e-01 1.244e+00
-4.300e-01 9.299e-01
-4.200e-01 5.778e-01
-4.100e-01 1.419e+00
-4.000e-01 4.000e-01
-3.900e-01 -3.426e-01
-3.800e-01 2.951e-01
-3.700e-01 -4.065e-02
-3.600e-01 5.883e-02
-3.500e-01 4.445e-01
-3.400e-01 -7.061e-02
-3.300e-01 -8.872e-01
-3.200e-01 -2.513e-01
-3.100e-01 -1.697e-01
-3.000e-01 -7.070e-02
-2.900e-01 1.147e+00
-2.800e-01 9.051e-01
-2.700e-01 3.128e-01
-2.600e-01 -5.049e-01
-2.500e-01 -3.754e-02
-2.400e-01 -1.920e-01
-2.300e-01 1.743e+00
-2.200e-01 2.211e+00
-2.100e-01 1.461e+00
-2.000e-01 5.880e-01
-1.900e-01 1.809e+00
-1.800e-01 2.059e+00
-1.700e-01 2.101e+00
-1.600e-01 1.600e+00
-1.500e-01 2.560e+00
-1.400e-01 4.181e+00
-1.300e-01 3.473e+00
-1.200e-01 4.929e+00
-1.100e-01 4.800e+00
-1.000e-01 3.004e+00
-9.000e-02 3.936e+00
-8.000e-02 4.832e+00
-7.000e-02 5.117e+00
-6.000e-02 2.563e+00
-5.000e-02 5.204e+00
-4.000e-02 1.241e+01
-3.000e-02 1.460e+01
-2.000e-02 2.691e+01
-1.000e-02 4.032e+01
