# Frequency (1.0/ps)      real(fft(F_0))
0.000e+00 8.049e+01
1.000e-02 5.625e+01
2.000e-02 2.960e+01
3.000e-02 1.372e+01
4.000e-02 1.571e+01
5.000e-02 6.985e+00
6.000e-02 6.548e+00
7.000e-02 1.894e+00
8.000e-02 3.632e-01
9.000e-02 1.327e-02
1.000e-01 1.333e+00
1.100e-01 3.169e+00
1.200e-01 3.026e+00
1.300e-01 2.856e+00
1.400e-01 3.247e+00
1.500e-01 2.473e+00
1.600e-01 1.326e+00
1.700e-01 9.383e-01
1.800e-01 3.640e+00
1.900e-01 6.159e-01
2.000e-01 1.147e+00
2.100e-01 1.393e+00
2.200e-01 1.126e+00
2.300e-01 2.474e+00
2.400e-01 2.247e+00
2.500e-01 2.227e+00
2.600e-01 1.474e+00
2.700e-01 1.578e+00
2.800e-01 2.125e+00
2.900e-01 1.784e+00
3.000e-01 1.094e+00
3.100e-01 5.349e-01
3.200e-01 1.153e+00
3.300e-01 1.381e+00
3.400e-01 1.039e+00
3.500e-01 1.278e+00
3.600e-01 1.380e+00
3.700e-01 1.145e+00
3.800e-01 1.813e+00
3.900e-01 2.237e+00
4.000e-01 3.662e+00
4.100e-01 2.427e+00
4.200e-01 5.214e-01
4.300e-01 4.784e-01
4.400e-01 6.416e-01
4.500e-01 9.685e-01
4.600e-01 9.597e-01
4.700e-01 1.077e+00
4.800e-01 9.548e-01
4.900e-01 -5.428e-01
5.000e-01 2.956e-01
5.100e-01 -3.399e-01
5.200e-01 1.345e+00
5.300e-01 1.222e+00
5.400e-01 4.980e-01
5.500e-01 8.103e-01
5.600e-01 1.369e+00
5.700e-01 1.868e+00
5.800e-01 1.840e+00
5.900e-01 -5.584e-03
6.000e-01 3.796e-01
6.100e-01 -4.822e-01
6.200e-01 3.902e-01
6.300e-01 8.870e-01
6.400e-01 9.199e-01
6.500e-01 9.019e-01
6.600e-01 1.386e+00
6.700e-01 1.777e+00
6.800e-01 1.580e+00
6.900e-01 1.211e+00
7.000e-01 1.138e+00
7.100e-01 5.022e-01
7.200e-01 -6.672e-02
7.300e-01 -3.215e-02
7.400e-01 3.532e-01
7.500e-01 1.162e+00
7.600e-01 1.777e+00
7.700e-01 2.090e+00
7.800e-01 1.269e+00
7.900e-01 1.800e-01
8.000e-01 2.862e-01
8.100e-01 -3.202e-01
8.200e-01 8.995e-01
8.300e-01 1.415e+00
8.400e-01 5.505e-01
8.500e-01 7.886e-01
8.600e-01 8.364e-01
8.700e-01 3.583e-01
8.800e-01 -7.576e-02
8.900e-01 5.355e-01
9.000e-01 8.778e-01
9.100e-01 -4.503e-02
9.200e-01 -4.436e-01
9.300e-01 3.983e-01
9.400e-01 4.477e-01
9.500e-01 6.932e-01
9.600e-01 3.968e-01
9.700e-01 8.046e-01
9.800e-01 5.961e-01
9.900e-01 9.366e-01
1.000e+00 3.340e-01
1.010e+00 1.449e-01
1.020e+00 1.144e-01
1.030e+00 2.680e-01
1.040e+00 5.595e-01
1.050e+00 1.103e+00
1.060e+00 5.324e-01
1.070e+00 1.010e+00
1.080e+00 1.573e+00
1.090e+00 5.165e-01
1.100e+00 -2.567e-01
1.110e+00 1.616e-01
1.120e+00 2.630e-01
1.130e+00 6.707e-01
1.140e+00 3.277e-01
1.150e+00 8.861e-01
1.160e+00 9.909e-01
1.170e+00 1.568e+00
1.180e+00 1.414e+00
1.190e+00 1.093e+00
1.200e+00 9.383e-01
1.210e+00 6.538e-01
1.220e+00 1.604e-01
1.230e+00 -1.835e-01
1.240e+00 -1.300e-01
1.250e+00 -1.554e-01
1.260e+00 -1.401e-01
1.270e+00 2.029e-01
1.280e+00 3.120e-01
1.290e+00 4.381e-01
1.300e+00 4.155e-01
1.310e+00 7.560e-01
1.320e+00 3.262e-01
1.330e+00 -2.720e-01
1.340e+00 -4.320e-01
1.350e+00 8.095e-01
1.360e+00 1.624e+00
1.370e+00 8.638e-01
1.380e+00 2.946e-01
1.390e+00 2.654e-01
1.400e+00 -9.716e-02
1.410e+00 -2.467e-01
1.420e+00 6.392e-01
1.430e+00 3.839e-01
1.440e+00 6.253e-01
1.450e+00 1.173e+00
1.460e+00 1.526e+00
1.470e+00 1.454e+00
1.480e+00 7.382e-01
1.490e+00 8.383e-01
1.500e+00 3.824e-02
1.510e+00 1.252e-01
1.520e+00 1.919e-01
1.530e+00 7.517e-01
1.540e+00 8.925e-01
1.550e+00 9.390e-01
1.560e+00 6.843e-01
1.570e+00 2.656e-01
1.580e+00 7.758e-01
1.590e+00 5.525e-01
1.600e+00 -2.497e-01
1.610e+00 1.153e-01
1.620e+00 6.198e-01
1.630e+00 9.573e-01
1.640e+00 7.020e-01
1.650e+00 7.364e-01
1.660e+00 2.890e-01
1.670e+00 9.155e-01
1.680e+00 1.046e+00
1.690e+00 7.334e-01
1.700e+00 1.175e+00
1.710e+00 1.084e+00
1.720e+00 1.204e+00
1.730e+00 1.187e+00
1.740e+00 1.010e+00
1.750e+00 1.268e+00
1.760e+00 1.028e+00
1.770e+00 1.092e+00
1.780e+00 1.013e+00
1.790e+00 1.436e+00
1.800e+00 1.175e+00
1.810e+00 7.501e-01
1.820e+00 7.139e-01
1.830e+00 9.458e-01
1.840e+00 1.366e+00
1.850e+00 1.270e+00
1.860e+00 1.031e+00
1.870e+00 1.108e+00
1.880e+00 1.463e+00
1.890e+00 1.017e+00
1.900e+00 9.610e-01
1.910e+00 5.704e-01
1.920e+00 4.972e-01
1.930e+00 7.507e-01
1.940e+00 7.563e-01
1.950e+00 9.223e-01
1.960e+00 1.058e+00
1.970e+00 8.008e-01
1.980e+00 4.755e-01
1.990e+00 4.867e-01
2.000e+00 4.726e-01
2.010e+00 7.177e-02
2.020e+00 4.505e-02
2.030e+00 1.274e-01
2.040e+00 3.364e-01
2.050e+00 1.401e+00
2.060e+00 7.950e-01
2.070e+00 4.032e-01
2.080e+00 9.428e-02
2.090e+00 5.616e-01
2.100e+00 3.121e-01
2.110e+00 5.439e-01
2.120e+00 6.504e-01
2.130e+00 3.542e-01
2.140e+00 -4.683e-01
2.150e+00 -6.350e-02
2.160e+00 1.700e-01
2.170e+00 5.440e-01
2.180e+00 4.646e-01
2.190e+00 4.086e-01
2.200e+00 3.951e-01
2.210e+00 7.783e-01
2.220e+00 9.941e-01
2.230e+00 9.856e-01
2.240e+00 8.918e-01
2.250e+00 8.031e-01
2.260e+00 6.853e-01
2.270e+00 8.228e-01
2.280e+00 7.719e-01
2.290e+00 8.132e-01
2.300e+00 6.927e-01
2.310e+00 9.379e-01
2.320e+00 7.818e-01
2.330e+00 5.373e-01
2.340e+00 7.224e-01
2.350e+00 1.137e+00
2.360e+00 8.138e-01
2.370e+00 2.212e-01
2.380e+00 -6.517e-03
2.390e+00 2.381e-01
2.400e+00 2.197e-01
2.410e+00 4.070e-01
2.420e+00 8.056e-01
2.430e+00 6.599e-01
2.440e+00 1.008e+00
2.450e+00 7.401e-01
2.460e+00 7.648e-01
2.470e+00 5.114e-01
2.480e+00 8.826e-02
2.490e+00 2.583e-01
2.500e+00 8.755e-01
2.510e+00 8.058e-01
2.520e+00 7.484e-01
2.530e+00 2.545e-01
2.540e+00 4.411e-02
2.550e+00 8.580e-01
2.560e+00 1.052e+00
2.570e+00 6.205e-01
2.580e+00 7.427e-01
2.590e+00 7.880e-01
2.600e+00 6.699e-01
2.610e+00 8.223e-01
2.620e+00 5.692e-01
2.630e+00 4.598e-01
2.640e+00 5.757e-01
2.650e+00 4.813e-01
2.660e+00 6.653e-01
2.670e+00 5.977e-01
2.680e+00 5.439e-01
2.690e+00 6.110e-01
2.700e+00 5.690e-01
2.710e+00 7.870e-01
2.720e+00 4.157e-01
2.730e+00 5.030e-01
2.740e+00 6.597e-01
2.750e+00 5.634e-01
2.760e+00 3.756e-01
2.770e+00 4.389e-01
2.780e+00 2.332e-01
2.790e+00 3.634e-01
2.800e+00 3.565e-01
2.810e+00 4.274e-01
2.820e+00 7.145e-01
2.830e+00 4.084e-01
2.840e+00 5.097e-01
2.850e+00 6.423e-01
2.860e+00 5.590e-01
2.870e+00 7.854e-01
2.880e+00 9.840e-01
2.890e+00 6.595e-01
2.900e+00 2.794e-01
2.910e+00 4.724e-01
2.920e+00 1.227e-01
2.930e+00 3.392e-01
2.940e+00 5.336e-01
2.950e+00 3.925e-01
2.960e+00 5.319e-01
2.970e+00 6.843e-01
2.980e+00 1.468e+00
2.990e+00 8.031e-01
3.000e+00 5.140e-01
3.010e+00 3.979e-01
3.020e+00 4.426e-01
3.030e+00 6.223e-01
3.040e+00 1.000e+00
3.050e+00 6.904e-01
3.060e+00 8.079e-01
3.070e+00 3.284e-01
3.080e+00 2.367e-01
3.090e+00 2.538e-01
3.100e+00 3.253e-01
3.110e+00 6.768e-01
3.120e+00 5.855e-01
3.130e+00 4.990e-01
3.140e+00 6.195e-01
3.150e+00 4.412e-01
3.160e+00 2.370e-01
3.170e+00 3.240e-01
3.180e+00 7.938e-01
3.190e+00 9.111e-01
3.200e+00 9.633e-01
3.210e+00 6.676e-01
3.220e+00 6.513e-01
3.230e+00 6.428e-01
3.240e+00 -8.744e-03
3.250e+00 3.496e-01
3.260e+00 2.242e-01
3.270e+00 4.658e-01
3.280e+00 4.181e-01
3.290e+00 7.230e-01
3.300e+00 5.566e-01
3.310e+00 5.541e-01
3.320e+00 4.603e-01
3.330e+00 4.099e-01
3.340e+00 1.634e-01
3.350e+00 2.510e-02
3.360e+00 3.299e-01
3.370e+00 2.288e-01
3.380e+00 5.058e-01
3.390e+00 7.306e-01
3.400e+00 9.352e-01
3.410e+00 9.520e-01
3.420e+00 7.757e-01
3.430e+00 8.768e-01
3.440e+00 8.604e-01
3.450e+00 7.836e-01
3.460e+00 4.056e-01
3.470e+00 2.760e-01
3.480e+00 4.523e-01
3.490e+00 4.794e-01
3.500e+00 4.586e-01
3.510e+00 4.110e-01
3.520e+00 7.293e-01
3.530e+00 8.808e-01
3.540e+00 7.693e-01
3.550e+00 6.990e-01
3.560e+00 3.600e-01
3.570e+00 1.839e-01
3.580e+00 -1.001e-02
3.590e+00 3.242e-01
3.600e+00 3.366e-01
3.610e+00 5.219e-01
3.620e+00 3.932e-01
3.630e+00 2.608e-01
3.640e+00 1.282e-01
3.650e+00 3.574e-01
3.660e+00 7.157e-01
3.670e+00 9.565e-01
3.680e+00 5.942e-01
3.690e+00 7.604e-01
3.700e+00 3.887e-01
3.710e+00 7.477e-01
3.720e+00 5.350e-01
3.730e+00 7.282e-01
3.740e+00 7.768e-01
3.750e+00 3.797e-01
3.760e+00 7.003e-01
3.770e+00 8.950e-01
3.780e+00 3.369e-01
3.790e+00 -1.194e-01
3.800e+00 1.925e-02
3.810e+00 6.360e-01
3.820e+00 5.301e-01
3.830e+00 5.513e-01
3.840e+00 2.189e-01
3.850e+00 5.151e-02
3.860e+00 3.232e-01
3.870e+00 6.763e-01
3.880e+00 6.750e-01
3.890e+00 3.203e-01
3.900e+00 3.965e-01
3.910e+00 2.994e-01
3.920e+00 4.752e-03
3.930e+00 5.547e-01
3.940e+00 8.301e-01
3.950e+00 4.451e-01
3.960e+00 1.308e-01
3.970e+00 1.972e-01
3.980e+00 3.348e-01
3.990e+00 3.941e-01
4.000e+00 6.047e-01
4.010e+00 6.315e-01
4.020e+00 5.113e-01
4.030e+00 6.383e-01
4.040e+00 7.918e-01
4.050e+00 7.721e-01
4.060e+00 9.940e-01
4.070e+00 1.074e+00
4.080e+00 7.763e-01
4.090e+00 3.620e-01
4.100e+00 5.886e-01
4.110e+00 7.891e-01
4.120e+00 3.289e-01
4.130e+00 8.157e-01
4.140e+00 7.560e-01
4.150e+00 8.051e-01
4.160e+00 6.559e-01
4.170e+00 6.671e-01
4.180e+00 5.143e-01
4.190e+00 4.830e-01
4.200e+00 6.059e-01
4.210e+00 6.321e-01
4.220e+00 1.201e-01
4.230e+00 3.347e-01
4.240e+00 2.731e-01
4.250e+00 2.684e-01
4.260e+00 6.373e-01
4.270e+00 4.256e-01
4.280e+00 3.497e-01
4.290e+00 6.668e-01
4.300e+00 8.511e-01
4.310e+00 8.433e-01
4.320e+00 4.863e-01
4.330e+00 3.637e-01
4.340e+00 2.965e-01
4.350e+00 1.321e-01
4.360e+00 -8.219e-02
4.370e+00 -2.514e-01
4.380e+00 3.268e-01
4.390e+00 5.623e-01
4.400e+00 3.618e-01
4.410e+00 1.943e-01
4.420e+00 3.239e-01
4.430e+00 3.963e-01
4.440e+00 4.651e-01
4.450e+00 5.919e-02
4.460e+00 4.904e-01
4.470e+00 9.085e-01
4.480e+00 7.792e-01
4.490e+00 7.238e-01
4.500e+00 3.672e-01
4.510e+00 8.649e-01
4.520e+00 6.267e-01
4.530e+00 3.385e-01
4.540e+00 7.342e-01
4.550e+00 7.285e-01
4.560e+00 8.193e-01
4.570e+00 5.435e-01
4.580e+00 3.771e-01
4.590e+00 4.182e-01
4.600e+00 2.314e-01
4.610e+00 2.687e-01
4.620e+00 2.129e-01
4.630e+00 5.375e-01
4.640e+00 6.565e-01
4.650e+00 1.431e-01
4.660e+00 3.148e-01
4.670e+00 5.646e-01
4.680e+00 1.703e-01
4.690e+00 1.053e-02
4.700e+00 3.949e-01
4.710e+00 4.749e-01
4.720e+00 8.652e-01
4.730e+00 1.023e+00
4.740e+00 8.576e-01
4.750e+00 5.610e-01
4.760e+00 7.915e-01
4.770e+00 5.848e-01
4.780e+00 8.884e-01
4.790e+00 7.774e-01
4.800e+00 5.938e-01
4.810e+00 5.755e-01
4.820e+00 6.577e-01
4.830e+00 6.387e-01
4.840e+00 1.988e-01
4.850e+00 5.441e-01
4.860e+00 8.567e-01
4.870e+00 9.276e-01
4.880e+00 7.404e-01
4.890e+00 4.160e-01
4.900e+00 2.973e-01
4.910e+00 5.348e-01
4.920e+00 8.711e-01
4.930e+00 6.718e-01
4.940e+00 6.895e-01
4.950e+00 5.511e-01
4.960e+00 7.273e-01
4.970e+00 6.529e-01
4.980e+00 5.860e-01
4.990e+00 5.654e-01
-5.000e+00 7.760e-01
-4.990e+00 5.654e-01
-4.980e+00 5.860e-01
-4.970e+00 6.529e-01
-4.960e+00 7.273e-01
-4.950e+00 5.511e-01
-4.940e+00 6.895e-01
-4.930e+00 6.718e-01
-4.920e+00 8.711e-01
-4.910e+00 5.348e-01
-4.900e+00 2.973e-01
-4.890e+00 4.160e-01
-4.880e+00 7.404e-01
-4.870e+00 9.276e-01
-4.860e+00 8.567e-01
-4.850e+00 5.441e-01
-4.840e+00 1.988e-01
-4.830e+00 6.387e-01
-4.820e+00 6.577e-01
-4.810e+00 5.755e-01
-4.800e+00 5.938e-01
-4.790e+00 7.774e-01
-4.780e+00 8.884e-01
-4.770e+00 5.848e-01
-4.760e+00 7.915e-01
-4.750e+00 5.610e-01
-4.740e+00 8.576e-01
-4.730e+00 1.023e+00
-4.720e+00 8.652e-01
-4.710e+00 4.749e-01
-4.700e+00 3.949e-01
-4.690e+00 1.053e-02
-4.680e+00 1.703e-01
-4.670e+00 5.646e-01
-4.660e+00 3.148e-01
-4.650e+00 1.431e-01
-4.640e+00 6.565e-01
-4.630e+00 5.375e-01
-4.620e+00 2.129e-01
-4.610e+00 2.687e-01
-4.600e+00 2.314e-01
-4.590e+00 4.182e-01
-4.580e+00 3.771e-01
-4.570e+00 5.435e-01
-4.560e+00 8.193e-01
-4.550e+00 7.285e-01
-4.540e+00 7.342e-01
-4.530e+00 3.385e-01
-4.520e+00 6.267e-01
-4.510e+00 8.649e-01
-4.500e+00 3.672e-01
-4.490e+00 7.238e-01
-4.480e+00 7.792e-01
-4.470e+00 9.085e-01
-4.460e+00 4.904e-01
-4.450e+00 5.919e-02
-4.440e+00 4.651e-01
-4.430e+00 3.963e-01
-4.420e+00 3.239e-01
-4.410e+00 1.943e-01
-4.400e+00 3.618e-01
-4.390e+00 5.623e-01
-4.380e+00 3.268e-01
-4.370e+00 -2.514e-01
-4.360e+00 -8.219e-02
-4.350e+00 1.321e-01
-4.340e+00 2.965e-01
-4.330e+00 3.637e-01
-4.320e+00 4.863e-01
-4.310e+00 8.433e-01
-4.300e+00 8.511e-01
-4.290e+00 6.668e-01
-4.280e+00 3.497e-01
-4.270e+00 4.256e-01
-4.260e+00 6.373e-01
-4.250e+00 2.684e-01
-4.240e+00 2.731e-01
-4.230e+00 3.347e-01
-4.220e+00 1.201e-01
-4.210e+00 6.321e-01
-4.200e+00 6.059e-01
-4.190e+00 4.830e-01
-4.180e+00 5.143e-01
-4.170e+00 6.671e-01
-4.160e+00 6.559e-01
-4.150e+00 8.051e-01
-4.140e+00 7.560e-01
-4.130e+00 8.157e-01
-4.120e+00 3.289e-01
-4.110e+00 7.891e-01
-4.100e+00 5.886e-01
-4.090e+00 3.620e-01
-4.080e+00 7.763e-01
-4.070e+00 1.074e+00
-4.060e+00 9.940e-01
-4.050e+00 7.721e-01
-4.040e+00 7.918e-01
-4.030e+00 6.383e-01
-4.020e+00 5.113e-01
-4.010e+00 6.315e-01
-4.000e+00 6.047e-01
-3.990e+00 3.941e-01
-3.980e+00 3.348e-01
-3.970e+00 1.972e-01
-3.960e+00 1.308e-01
-3.950e+00 4.451e-01
-3.940e+00 8.301e-01
-3.930e+00 5.547e-01
-3.920e+00 4.752e-03
-3.910e+00 2.994e-01
-3.900e+00 3.965e-01
-3.890e+00 3.203e-01
-3.880e+00 6.750e-01
-3.870e+00 6.763e-01
-3.860e+00 3.232e-01
-3.850e+00 5.151e-02
-3.840e+00 2.189e-01
-3.830e+00 5.513e-01
-3.820e+00 5.301e-01
-3.810e+00 6.360e-01
-3.800e+00 1.925e-02
-3.790e+00 -1.194e-01
-3.780e+00 3.369e-01
-3.770e+00 8.950e-01
-3.760e+00 7.003e-01
-3.750e+00 3.797e-01
-3.740e+00 7.768e-01
-3.730e+00 7.282e-01
-3.720e+00 5.350e-01
-3.710e+00 7.477e-01
-3.700e+00 3.887e-01
-3.690e+00 7.604e-01
-3.680e+00 5.942e-01
-3.670e+00 9.565e-01
-3.660e+00 7.157e-01
-3.650e+00 3.574e-01
-3.640e+00 1.282e-01
-3.630e+00 2.608e-01
-3.620e+00 3.932e-01
-3.610e+00 5.219e-01
-3.600e+00 3.366e-01
-3.590e+00 3.242e-01
-3.580e+00 -1.001e-02
-3.570e+00 1.839e-01
-3.560e+00 3.600e-01
-3.550e+00 6.990e-01
-3.540e+00 7.693e-01
-3.530e+00 8.808e-01
-3.520e+00 7.293e-01
-3.510e+00 4.110e-01
-3.500e+00 4.586e-01
-3.490e+00 4.794e-01
-3.480e+00 4.523e-01
-3.470e+00 2.760e-01
-3.460e+00 4.056e-01
-3.450e+00 7.836e-01
-3.440e+00 8.604e-01
-3.430e+00 8.768e-01
-3.420e+00 7.757e-01
-3.410e+00 9.520e-01
-3.400e+00 9.352e-01
-3.390e+00 7.306e-01
-3.380e+00 5.058e-01
-3.370e+00 2.288e-01
-3.360e+00 3.299e-01
-3.350e+00 2.510e-02
-3.340e+00 1.634e-01
-3.330e+00 4.099e-01
-3.320e+00 4.603e-01
-3.310e+00 5.541e-01
-3.300e+00 5.566e-01
-3.290e+00 7.230e-01
-3.280e+00 4.181e-01
-3.270e+00 4.658e-01
-3.260e+00 2.242e-01
-3.250e+00 3.496e-01
-3.240e+00 -8.744e-03
-3.230e+00 6.428e-01
-3.220e+00 6.513e-01
-3.210e+00 6.676e-01
-3.200e+00 9.633e-01
-3.190e+00 9.111e-01
-3.180e+00 7.938e-01
-3.170e+00 3.240e-01
-3.160e+00 2.370e-01
-3.150e+00 4.412e-01
-3.140e+00 6.195e-01
-3.130e+00 4.990e-01
-3.120e+00 5.855e-01
-3.110e+00 6.768e-01
-3.100e+00 3.253e-01
-3.090e+00 2.538e-01
-3.080e+00 2.367e-01
-3.070e+00 3.284e-01
-3.060e+00 8.079e-01
-3.050e+00 6.904e-01
-3.040e+00 1.000e+00
-3.030e+00 6.223e-01
-3.020e+00 4.426e-01
-3.010e+00 3.979e-01
-3.000e+00 5.140e-01
-2.990e+00 8.031e-01
-2.980e+00 1.468e+00
-2.970e+00 6.843e-01
-2.960e+00 5.319e-01
-2.950e+00 3.925e-01
-2.940e+00 5.336e-01
-2.930e+00 3.392e-01
-2.920e+00 1.227e-01
-2.910e+00 4.724e-01
-2.900e+00 2.794e-01
-2.890e+00 6.595e-01
-2.880e+00 9.840e-01
-2.870e+00 7.854e-01
-2.860e+00 5.590e-01
-2.850e+00 6.423e-01
-2.840e+00 5.097e-01
-2.830e+00 4.084e-01
-2.820e+00 7.145e-01
-2.810e+00 4.274e-01
-2.800e+00 3.565e-01
-2.790e+00 3.634e-01
-2.780e+00 2.332e-01
-2.770e+00 4.389e-01
-2.760e+00 3.756e-01
-2.750e+00 5.634e-01
-2.740e+00 6.597e-01
-2.730e+00 5.030e-01
-2.720e+00 4.157e-01
-2.710e+00 7.870e-01
-2.700e+00 5.690e-01
-2.690e+00 6.110e-01
-2.680e+00 5.439e-01
-2.670e+00 5.977e-01
-2.660e+00 6.653e-01
-2.650e+00 4.813e-01
-2.640e+00 5.757e-01
-2.630e+00 4.598e-01
-2.620e+00 5.692e-01
-2.610e+00 8.223e-01
-2.600e+00 6.699e-01
-2.590e+00 7.880e-01
-2.580e+00 7.427e-01
-2.570e+00 6.205e-01
-2.560e+00 1.052e+00
-2.550e+00 8.580e-01
-2.540e+00 4.411e-02
-2.530e+00 2.545e-01
-2.520e+00 7.484e-01
-2.510e+00 8.058e-01
-2.500e+00 8.755e-01
-2.490e+00 2.583e-01
-2.480e+00 8.826e-02
-2.470e+00 5.114e-01
-2.460e+00 7.648e-01
-2.450e+00 7.401e-01
-2.440e+00 1.008e+00
-2.430e+00 6.599e-01
-2.420e+00 8.056e-01
-2.410e+00 4.070e-01
-2.400e+00 2.197e-01
-2.390e+00 2.381e-01
-2.380e+00 -6.517e-03
-2.370e+00 2.212e-01
-2.360e+00 8.138e-01
-2.350e+00 1.137e+00
-2.340e+00 7.224e-01
-2.330e+00 5.373e-01
-2.320e+00 7.818e-01
-2.310e+00 9.379e-01
-2.300e+00 6.927e-01
-2.290e+00 8.132e-01
-2.280e+00 7.719e-01
-2.270e+00 8.228e-01
-2.260e+00 6.853e-01
-2.250e+00 8.031e-01
-2.240e+00 8.918e-01
-2.230e+00 9.856e-01
-2.220e+00 9.941e-01
-2.210e+00 7.783e-01
-2.200e+00 3.951e-01
-2.190e+00 4.086e-01
-2.180e+00 4.646e-01
-2.170e+00 5.440e-01
-2.160e+00 1.700e-01
-2.150e+00 -6.350e-02
-2.140e+00 -4.683e-01
-2.130e+00 3.542e-01
-2.120e+00 6.504e-01
-2.110e+00 5.439e-01
-2.100e+00 3.121e-01
-2.090e+00 5.616e-01
-2.080e+00 9.428e-02
-2.070e+00 4.032e-01
-2.060e+00 7.950e-01
-2.050e+00 1.401e+00
-2.040e+00 3.364e-01
-2.030e+00 1.274e-01
-2.020e+00 4.505e-02
-2.010e+00 7.177e-02
-2.000e+00 4.726e-01
-1.990e+00 4.867e-01
-1.980e+00 4.755e-01
-1.970e+00 8.008e-01
-1.960e+00 1.058e+00
-1.950e+00 9.223e-01
-1.940e+00 7.563e-01
-1.930e+00 7.507e-01
-1.920e+00 4.972e-01
-1.910e+00 5.704e-01
-1.900e+00 9.610e-01
-1.890e+00 1.017e+00
-1.880e+00 1.463e+00
-1.870e+00 1.108e+00
-1.860e+00 1.031e+00
-1.850e+00 1.270e+00
-1.840e+00 1.366e+00
-1.830e+00 9.458e-01
-1.820e+00 7.139e-01
-1.810e+00 7.501e-01
-1.800e+00 1.175e+00
-1.790e+00 1.436e+00
-1.780e+00 1.013e+00
-1.770e+00 1.092e+00
-1.760e+00 1.028e+00
-1.750e+00 1.268e+00
-1.740e+00 1.010e+00
-1.730e+00 1.187e+00
-1.720e+00 1.204e+00
-1.710e+00 1.084e+00
-1.700e+00 1.175e+00
-1.690e+00 7.334e-01
-1.680e+00 1.046e+00
-1.670e+00 9.155e-01
-1.660e+00 2.890e-01
-1.650e+00 7.364e-01
-1.640e+00 7.020e-01
-1.630e+00 9.573e-01
-1.620e+00 6.198e-01
-1.610e+00 1.153e-01
-1.600e+00 -2.497e-01
-1.590e+00 5.525e-01
-1.580e+00 7.758e-01
-1.570e+00 2.656e-01
-1.560e+00 6.843e-01
-1.550e+00 9.390e-01
-1.540e+00 8.925e-01
-1.530e+00 7.517e-01
-1.520e+00 1.919e-01
-1.510e+00 1.252e-01
-1.500e+00 3.824e-02
-1.490e+00 8.383e-01
-1.480e+00 7.382e-01
-1.470e+00 1.454e+00
-1.460e+00 1.526e+00
-1.450e+00 1.173e+00
-1.440e+00 6.253e-01
-1.430e+00 3.839e-01
-1.420e+00 6.392e-01
-1.410e+00 -2.467e-01
-1.400e+00 -9.716e-02
-1.390e+00 2.654e-01
-1.380e+00 2.946e-01
-1.370e+00 8.638e-01
-1.360e+00 1.624e+00
-1.350e+00 8.095e-01
-1.340e+00 -4.320e-01
-1.330e+00 -2.720e-01
-1.320e+00 3.262e-01
-1.310e+00 7.560e-01
-1.300e+00 4.155e-01
-1.290e+00 4.381e-01
-1.280e+00 3.120e-01
-1.270e+00 2.029e-01
-1.260e+00 -1.401e-01
-1.250e+00 -1.554e-01
-1.240e+00 -1.300e-01
-1.230e+00 -1.835e-01
-1.220e+00 1.604e-01
-1.210e+00 6.538e-01
-1.200e+00 9.383e-01
-1.190e+00 1.093e+00
-1.180e+00 1.414e+00
-1.170e+00 1.568e+00
-1.160e+00 9.909e-01
-1.150e+00 8.861e-01
-1.140e+00 3.277e-01
-1.130e+00 6.707e-01
-1.120e+00 2.630e-01
-1.110e+00 1.616e-01
-1.100e+00 -2.567e-01
-1.090e+00 5.165e-01
-1.080e+00 1.573e+00
-1.070e+00 1.010e+00
-1.060e+00 5.324e-01
-1.050e+00 1.103e+00
-1.040e+00 5.595e-01
-1.030e+00 2.680e-01
-1.020e+00 1.144e-01
-1.010e+00 1.449e-01
-1.000e+00 3.340e-01
-9.900e-01 9.366e-01
-9.800e-01 5.961e-01
-9.700e-01 8.046e-01
-9.600e-01 3.968e-01
-9.500e-01 6.932e-01
-9.400e-01 4.477e-01
-9.300e-01 3.983e-01
-9.200e-01 -4.436e-01
-9.100e-01 -4.503e-02
-9.000e-01 8.778e-01
-8.900e-01 5.355e-01
-8.800e-01 -7.576e-02
-8.700e-01 3.583e-01
-8.600e-01 8.364e-01
-8.500e-01 7.886e-01
-8.400e-01 5.505e-01
-8.300e-01 1.415e+00
-8.200e-01 8.995e-01
-8.100e-01 -3.202e-01
-8.000e-01 2.862e-01
-7.900e-01 1.800e-01
-7.800e-01 1.269e+00
-7.700e-01 2.090e+00
-7.600e-01 1.777e+00
-7.500e-01 1.162e+00
-7.400e-01 3.532e-01
-7.300e-01 -3.215e-02
-7.200e-01 -6.672e-02
-7.100e-01 5.022e-01
-7.000e-01 1.138e+00
-6.900e-01 1.211e+00
-6.800e-01 1.580e+00
-6.700e-01 1.777e+00
-6.600e-01 1.386e+00
-6.500e-01 9.019e-01
-6.400e-01 9.199e-01
-6.300e-01 8.870e-01
-6.200e-01 3.902e-01
-6.100e-01 -4.822e-01
-6.000e-01 3.796e-01
-5.900e-01 -5.584e-03
-5.800e-01 1.840e+00
-5.700e-01 1.868e+00
-5.600e-01 1.369e+00
-5.500e-01 8.103e-01
-5.400e-01 4.980e-01
-5.300e-01 1.222e+00
-5.200e-01 1.345e+00
-5.100e-01 -3.399e-01
-5.000e-01 2.956e-01
-4.900e-01 -5.428e-01
-4.800e-01 9.548e-01
-4.700e-01 1.077e+00
-4.600e-01 9.597e-01
-4.500e-01 9.685e-01
-4.400e-01 6.416e-01
-4.300e-01 4.784e-01
-4.200e-01 5.214e-01
-4.100e-01 2.427e+00
-4.000e-01 3.662e+00
-3.900e-01 2.237e+00
-3.800e-01 1.813e+00
-3.700e-01 1.145e+00
-3.600e-01 1.380e+00
-3.500e-01 1.278e+00
-3.400e-01 1.039e+00
-3.300e-01 1.381e+00
-3.200e-01 1.153e+00
-3.100e-01 5.349e-01
-3.000e-01 1.094e+00
-2.900e-01 1.784e+00
-2.800e-01 2.125e+00
-2.700e-01 1.578e+00
-2.600e-01 1.474e+00
-2.500e-01 2.227e+00
-2.400e-01 2.247e+00
-2.300e-01 2.474e+00
-2.200e-01 1.126e+00
-2.100e-01 1.393e+00
-2.000e-01 1.147e+00
-1.900e-01 6.159e-01
-1.800e-01 3.640e+00
-1.700e-01 9.383e-01
-1.600e-01 1.326e+00
-1.500e-01 2.473e+00
-1.400e-01 3.247e+00
-1.300e-01 2.856e+00
-1.200e-01 3.026e+00
-1.100e-01 3.169e+00
-1.000e-01 1.333e+00
-9.000e-02 1.327e-02
-8.000e-02 3.632e-01
-7.000e-02 1.894e+00
-6.000e-02 6.548e+00
-5.000e-02 6.985e+00
-4.000e-02 1.571e+01
-3.000e-02 1.372e+01
-2.000e-02 2.960e+01
-1.000e-02 5.625e+01
