# Frequency (1.0/ps)      real(fft(F_2))
0.000e+00 6.314e+01
1.000e-02 3.805e+01
2.000e-02 2.840e+01
3.000e-02 1.496e+01
4.000e-02 1.110e+01
5.000e-02 1.056e+01
6.000e-02 1.056e+01
7.000e-02 5.857e+00
8.000e-02 4.851e+00
9.000e-02 7.939e+00
1.000e-01 6.444e+00
1.100e-01 3.530e+00
1.200e-01 4.036e+00
1.300e-01 4.792e+00
1.400e-01 3.218e+00
1.500e-01 3.136e+00
1.600e-01 3.422e+00
1.700e-01 3.271e+00
1.800e-01 3.559e+00
1.900e-01 2.418e+00
2.000e-01 2.623e+00
2.100e-01 2.005e+00
2.200e-01 2.617e+00
2.300e-01 1.901e+00
2.400e-01 1.842e+00
2.500e-01 2.965e+00
2.600e-01 1.538e+00
2.700e-01 8.211e-01
2.800e-01 1.164e+00
2.900e-01 2.244e+00
3.000e-01 1.813e+00
3.100e-01 1.513e+00
3.200e-01 1.037e+00
3.300e-01 1.801e+00
3.400e-01 1.879e+00
3.500e-01 2.690e+00
3.600e-01 2.099e+00
3.700e-01 1.605e+00
3.800e-01 1.990e+00
3.900e-01 1.934e+00
4.000e-01 2.184e+00
4.100e-01 1.773e+00
4.200e-01 1.601e+00
4.300e-01 1.206e+00
4.400e-01 1.607e+00
4.500e-01 1.532e+00
4.600e-01 1.969e+00
4.700e-01 1.508e+00
4.800e-01 1.391e+00
4.900e-01 1.970e+00
5.000e-01 1.399e+00
5.100e-01 9.690e-01
5.200e-01 1.870e+00
5.300e-01 1.461e+00
5.400e-01 9.947e-01
5.500e-01 8.372e-01
5.600e-01 3.539e-01
5.700e-01 3.264e-01
5.800e-01 1.082e+00
5.900e-01 7.731e-01
6.000e-01 1.172e+00
6.100e-01 1.239e+00
6.200e-01 1.466e+00
6.300e-01 1.455e+00
6.400e-01 1.376e+00
6.500e-01 1.339e+00
6.600e-01 1.790e+00
6.700e-01 1.902e+00
6.800e-01 1.312e+00
6.900e-01 9.966e-01
7.000e-01 1.763e+00
7.100e-01 1.275e+00
7.200e-01 1.224e+00
7.300e-01 1.427e+00
7.400e-01 1.083e+00
7.500e-01 1.152e+00
7.600e-01 1.134e+00
7.700e-01 1.255e+00
7.800e-01 1.139e+00
7.900e-01 1.255e+00
8.000e-01 8.584e-01
8.100e-01 3.112e-01
8.200e-01 6.584e-01
8.300e-01 1.107e+00
8.400e-01 8.144e-01
8.500e-01 7.352e-01
8.600e-01 8.395e-01
8.700e-01 1.108e+00
8.800e-01 6.790e-01
8.900e-01 8.845e-01
9.000e-01 7.481e-01
9.100e-01 7.553e-01
9.200e-01 6.607e-01
9.300e-01 8.561e-01
9.400e-01 8.808e-01
9.500e-01 1.064e+00
9.600e-01 8.944e-01
9.700e-01 1.077e+00
9.800e-01 8.476e-01
9.900e-01 1.097e+00
1.000e+00 7.125e-01
1.010e+00 9.755e-01
1.020e+00 1.323e+00
1.030e+00 7.637e-01
1.040e+00 8.922e-01
1.050e+00 8.723e-01
1.060e+00 9.970e-01
1.070e+00 8.784e-01
1.080e+00 6.270e-01
1.090e+00 4.867e-01
1.100e+00 3.601e-01
1.110e+00 5.232e-01
1.120e+00 5.673e-01
1.130e+00 6.967e-01
1.140e+00 7.184e-01
1.150e+00 6.442e-01
1.160e+00 1.150e+00
1.170e+00 8.436e-01
1.180e+00 4.003e-01
1.190e+00 4.123e-01
1.200e+00 5.737e-01
1.210e+00 7.138e-01
1.220e+00 3.818e-01
1.230e+00 6.435e-01
1.240e+00 9.991e-01
1.250e+00 1.068e+00
1.260e+00 1.081e+00
1.270e+00 8.827e-01
1.280e+00 1.155e+00
1.290e+00 8.502e-01
1.300e+00 6.320e-01
1.310e+00 6.808e-01
1.320e+00 8.166e-01
1.330e+00 8.991e-01
1.340e+00 3.873e-01
1.350e+00 4.185e-01
1.360e+00 5.496e-01
1.370e+00 5.260e-01
1.380e+00 8.326e-01
1.390e+00 7.308e-01
1.400e+00 1.959e-01
1.410e+00 3.524e-01
1.420e+00 5.966e-01
1.430e+00 2.939e-01
1.440e+00 1.537e-01
1.450e+00 1.526e-01
1.460e+00 1.205e-01
1.470e+00 3.077e-01
1.480e+00 2.587e-01
1.490e+00 4.951e-01
1.500e+00 5.357e-01
1.510e+00 4.262e-01
1.520e+00 4.714e-01
1.530e+00 6.466e-01
1.540e+00 7.810e-01
1.550e+00 8.473e-01
1.560e+00 1.132e+00
1.570e+00 9.950e-01
1.580e+00 8.905e-01
1.590e+00 8.782e-01
1.600e+00 6.550e-01
1.610e+00 7.471e-01
1.620e+00 9.377e-01
1.630e+00 9.658e-01
1.640e+00 4.717e-01
1.650e+00 6.985e-01
1.660e+00 8.596e-01
1.670e+00 3.440e-01
1.680e+00 7.876e-01
1.690e+00 6.851e-01
1.700e+00 6.710e-01
1.710e+00 5.880e-01
1.720e+00 6.052e-01
1.730e+00 9.159e-01
1.740e+00 6.624e-01
1.750e+00 5.883e-01
1.760e+00 6.227e-01
1.770e+00 9.602e-01
1.780e+00 7.543e-01
1.790e+00 5.262e-01
1.800e+00 6.259e-01
1.810e+00 7.445e-01
1.820e+00 8.347e-01
1.830e+00 4.675e-01
1.840e+00 4.001e-01
1.850e+00 3.292e-01
1.860e+00 4.661e-01
1.870e+00 5.100e-01
1.880e+00 4.806e-01
1.890e+00 5.858e-01
1.900e+00 5.224e-01
1.910e+00 7.225e-01
1.920e+00 7.174e-01
1.930e+00 7.206e-01
1.940e+00 6.092e-01
1.950e+00 5.626e-01
1.960e+00 1.370e-01
1.970e+00 1.343e-01
1.980e+00 2.887e-01
1.990e+00 5.228e-01
2.000e+00 2.247e-01
2.010e+00 2.989e-01
2.020e+00 4.093e-01
2.030e+00 3.325e-01
2.040e+00 1.142e-02
2.050e+00 3.199e-01
2.060e+00 4.837e-01
2.070e+00 6.216e-01
2.080e+00 1.655e-01
2.090e+00 8.057e-02
2.100e+00 2.847e-01
2.110e+00 4.094e-01
2.120e+00 4.269e-01
2.130e+00 -5.889e-02
2.140e+00 3.907e-02
2.150e+00 4.102e-01
2.160e+00 3.933e-01
2.170e+00 2.821e-01
2.180e+00 5.854e-01
2.190e+00 5.779e-01
2.200e+00 6.444e-01
2.210e+00 8.353e-01
2.220e+00 7.234e-01
2.230e+00 6.456e-01
2.240e+00 7.597e-01
2.250e+00 6.660e-01
2.260e+00 7.393e-01
2.270e+00 6.616e-01
2.280e+00 6.250e-01
2.290e+00 8.728e-01
2.300e+00 5.912e-01
2.310e+00 5.808e-01
2.320e+00 6.653e-01
2.330e+00 5.533e-01
2.340e+00 3.826e-01
2.350e+00 2.291e-01
2.360e+00 3.737e-01
2.370e+00 2.338e-01
2.380e+00 3.133e-01
2.390e+00 5.091e-01
2.400e+00 6.271e-01
2.410e+00 5.538e-01
2.420e+00 7.709e-01
2.430e+00 6.737e-01
2.440e+00 6.728e-01
2.450e+00 6.878e-01
2.460e+00 3.840e-01
2.470e+00 5.175e-01
2.480e+00 4.846e-01
2.490e+00 5.928e-01
2.500e+00 5.225e-01
2.510e+00 6.234e-01
2.520e+00 6.282e-01
2.530e+00 5.983e-01
2.540e+00 5.805e-01
2.550e+00 5.372e-01
2.560e+00 4.419e-01
2.570e+00 5.109e-01
2.580e+00 5.823e-01
2.590e+00 6.669e-01
2.600e+00 4.508e-01
2.610e+00 3.602e-01
2.620e+00 3.452e-01
2.630e+00 4.487e-01
2.640e+00 4.964e-01
2.650e+00 5.347e-01
2.660e+00 4.801e-01
2.670e+00 6.721e-01
2.680e+00 7.023e-01
2.690e+00 6.804e-01
2.700e+00 5.177e-01
2.710e+00 6.663e-01
2.720e+00 7.444e-01
2.730e+00 9.361e-01
2.740e+00 8.492e-01
2.750e+00 8.819e-01
2.760e+00 9.428e-01
2.770e+00 8.551e-01
2.780e+00 8.494e-01
2.790e+00 8.097e-01
2.800e+00 5.848e-01
2.810e+00 4.743e-01
2.820e+00 3.787e-01
2.830e+00 2.651e-01
2.840e+00 4.133e-01
2.850e+00 5.035e-01
2.860e+00 6.392e-01
2.870e+00 4.784e-01
2.880e+00 4.731e-01
2.890e+00 4.243e-01
2.900e+00 4.946e-01
2.910e+00 5.021e-01
2.920e+00 5.642e-01
2.930e+00 5.224e-01
2.940e+00 5.729e-01
2.950e+00 3.719e-01
2.960e+00 2.981e-01
2.970e+00 4.716e-01
2.980e+00 5.009e-01
2.990e+00 4.009e-01
3.000e+00 4.852e-01
3.010e+00 3.398e-01
3.020e+00 1.760e-01
3.030e+00 3.888e-01
3.040e+00 4.786e-01
3.050e+00 5.237e-01
3.060e+00 4.311e-01
3.070e+00 4.913e-01
3.080e+00 3.724e-01
3.090e+00 4.390e-01
3.100e+00 4.645e-01
3.110e+00 3.726e-01
3.120e+00 4.103e-01
3.130e+00 5.087e-01
3.140e+00 4.233e-01
3.150e+00 6.164e-01
3.160e+00 4.281e-01
3.170e+00 4.093e-01
3.180e+00 4.634e-01
3.190e+00 4.474e-01
3.200e+00 6.405e-01
3.210e+00 3.930e-01
3.220e+00 5.482e-01
3.230e+00 5.935e-01
3.240e+00 4.535e-01
3.250e+00 5.488e-01
3.260e+00 6.176e-01
3.270e+00 7.634e-01
3.280e+00 6.801e-01
3.290e+00 6.993e-01
3.300e+00 7.743e-01
3.310e+00 7.132e-01
3.320e+00 6.320e-01
3.330e+00 3.989e-01
3.340e+00 4.566e-01
3.350e+00 3.822e-01
3.360e+00 2.048e-01
3.370e+00 4.415e-01
3.380e+00 4.200e-01
3.390e+00 4.851e-01
3.400e+00 4.980e-01
3.410e+00 3.232e-01
3.420e+00 3.822e-01
3.430e+00 5.870e-01
3.440e+00 8.434e-01
3.450e+00 7.277e-01
3.460e+00 3.964e-01
3.470e+00 5.574e-01
3.480e+00 5.605e-01
3.490e+00 6.557e-01
3.500e+00 7.063e-01
3.510e+00 7.080e-01
3.520e+00 7.483e-01
3.530e+00 5.794e-01
3.540e+00 4.748e-01
3.550e+00 5.843e-01
3.560e+00 6.427e-01
3.570e+00 4.057e-01
3.580e+00 5.497e-01
3.590e+00 6.013e-01
3.600e+00 4.594e-01
3.610e+00 4.045e-01
3.620e+00 3.949e-01
3.630e+00 6.062e-01
3.640e+00 7.581e-01
3.650e+00 6.658e-01
3.660e+00 5.070e-01
3.670e+00 6.476e-01
3.680e+00 4.583e-01
3.690e+00 4.961e-01
3.700e+00 4.705e-01
3.710e+00 6.116e-01
3.720e+00 5.428e-01
3.730e+00 4.639e-01
3.740e+00 5.054e-01
3.750e+00 5.653e-01
3.760e+00 4.785e-01
3.770e+00 4.031e-01
3.780e+00 4.176e-01
3.790e+00 4.850e-01
3.800e+00 5.268e-01
3.810e+00 6.864e-01
3.820e+00 7.364e-01
3.830e+00 7.166e-01
3.840e+00 7.148e-01
3.850e+00 5.218e-01
3.860e+00 5.470e-01
3.870e+00 4.218e-01
3.880e+00 2.726e-01
3.890e+00 4.437e-01
3.900e+00 4.881e-01
3.910e+00 4.773e-01
3.920e+00 4.737e-01
3.930e+00 6.277e-01
3.940e+00 6.326e-01
3.950e+00 6.069e-01
3.960e+00 5.271e-01
3.970e+00 5.083e-01
3.980e+00 6.861e-01
3.990e+00 7.891e-01
4.000e+00 7.467e-01
4.010e+00 5.550e-01
4.020e+00 5.043e-01
4.030e+00 5.850e-01
4.040e+00 6.585e-01
4.050e+00 7.292e-01
4.060e+00 3.892e-01
4.070e+00 5.269e-01
4.080e+00 5.987e-01
4.090e+00 6.121e-01
4.100e+00 4.243e-01
4.110e+00 3.867e-01
4.120e+00 4.668e-01
4.130e+00 5.343e-01
4.140e+00 6.216e-01
4.150e+00 6.289e-01
4.160e+00 5.579e-01
4.170e+00 6.170e-01
4.180e+00 6.073e-01
4.190e+00 8.307e-01
4.200e+00 6.980e-01
4.210e+00 4.820e-01
4.220e+00 5.447e-01
4.230e+00 4.865e-01
4.240e+00 6.465e-01
4.250e+00 5.108e-01
4.260e+00 4.003e-01
4.270e+00 5.513e-01
4.280e+00 6.434e-01
4.290e+00 7.143e-01
4.300e+00 5.626e-01
4.310e+00 4.963e-01
4.320e+00 5.311e-01
4.330e+00 5.686e-01
4.340e+00 4.655e-01
4.350e+00 4.634e-01
4.360e+00 5.327e-01
4.370e+00 4.983e-01
4.380e+00 4.538e-01
4.390e+00 3.308e-01
4.400e+00 1.888e-01
4.410e+00 3.610e-01
4.420e+00 3.328e-01
4.430e+00 2.899e-01
4.440e+00 2.334e-01
4.450e+00 2.649e-01
4.460e+00 2.414e-01
4.470e+00 3.465e-01
4.480e+00 3.798e-01
4.490e+00 3.640e-01
4.500e+00 4.375e-01
4.510e+00 2.610e-01
4.520e+00 2.709e-01
4.530e+00 3.347e-01
4.540e+00 3.013e-01
4.550e+00 4.350e-01
4.560e+00 1.593e-01
4.570e+00 1.867e-01
4.580e+00 2.694e-01
4.590e+00 3.592e-01
4.600e+00 6.056e-01
4.610e+00 7.446e-01
4.620e+00 7.990e-01
4.630e+00 7.624e-01
4.640e+00 8.465e-01
4.650e+00 7.978e-01
4.660e+00 6.693e-01
4.670e+00 6.255e-01
4.680e+00 6.238e-01
4.690e+00 5.637e-01
4.700e+00 5.507e-01
4.710e+00 6.741e-01
4.720e+00 5.394e-01
4.730e+00 5.175e-01
4.740e+00 6.438e-01
4.750e+00 6.881e-01
4.760e+00 6.744e-01
4.770e+00 6.579e-01
4.780e+00 7.880e-01
4.790e+00 8.462e-01
4.800e+00 6.672e-01
4.810e+00 7.320e-01
4.820e+00 8.551e-01
4.830e+00 6.953e-01
4.840e+00 5.887e-01
4.850e+00 6.104e-01
4.860e+00 7.629e-01
4.870e+00 7.690e-01
4.880e+00 4.605e-01
4.890e+00 5.739e-01
4.900e+00 6.107e-01
4.910e+00 4.473e-01
4.920e+00 4.436e-01
4.930e+00 5.883e-01
4.940e+00 6.270e-01
4.950e+00 7.024e-01
4.960e+00 5.694e-01
4.970e+00 7.150e-01
4.980e+00 6.518e-01
4.990e+00 5.737e-01
-5.000e+00 6.526e-01
-4.990e+00 6.281e-01
-4.980e+00 6.387e-01
-4.970e+00 5.387e-01
-4.960e+00 5.103e-01
-4.950e+00 5.926e-01
-4.940e+00 7.115e-01
-4.930e+00 7.228e-01
-4.920e+00 4.406e-01
-4.910e+00 5.447e-01
-4.900e+00 6.925e-01
-4.890e+00 6.027e-01
-4.880e+00 7.265e-01
-4.870e+00 7.485e-01
-4.860e+00 7.420e-01
-4.850e+00 6.429e-01
-4.840e+00 6.250e-01
-4.830e+00 6.188e-01
-4.820e+00 7.536e-01
-4.810e+00 8.392e-01
-4.800e+00 6.814e-01
-4.790e+00 6.644e-01
-4.780e+00 5.916e-01
-4.770e+00 7.093e-01
-4.760e+00 7.897e-01
-4.750e+00 6.084e-01
-4.740e+00 4.406e-01
-4.730e+00 3.999e-01
-4.720e+00 3.226e-01
-4.710e+00 3.461e-01
-4.700e+00 4.162e-01
-4.690e+00 5.457e-01
-4.680e+00 4.281e-01
-4.670e+00 2.290e-01
-4.660e+00 5.001e-01
-4.650e+00 5.804e-01
-4.640e+00 3.902e-01
-4.630e+00 3.677e-01
-4.620e+00 6.964e-01
-4.610e+00 5.295e-01
-4.600e+00 5.107e-01
-4.590e+00 3.983e-01
-4.580e+00 5.405e-01
-4.570e+00 4.621e-01
-4.560e+00 4.440e-01
-4.550e+00 4.186e-01
-4.540e+00 3.663e-01
-4.530e+00 6.416e-01
-4.520e+00 4.729e-01
-4.510e+00 5.224e-01
-4.500e+00 5.979e-01
-4.490e+00 6.309e-01
-4.480e+00 4.453e-01
-4.470e+00 4.294e-01
-4.460e+00 6.147e-01
-4.450e+00 3.792e-01
-4.440e+00 4.036e-01
-4.430e+00 5.887e-01
-4.420e+00 5.860e-01
-4.410e+00 5.230e-01
-4.400e+00 4.375e-01
-4.390e+00 4.507e-01
-4.380e+00 6.254e-01
-4.370e+00 3.834e-01
-4.360e+00 3.944e-01
-4.350e+00 3.502e-01
-4.340e+00 5.860e-01
-4.330e+00 4.638e-01
-4.320e+00 2.989e-01
-4.310e+00 5.080e-01
-4.300e+00 5.089e-01
-4.290e+00 4.305e-01
-4.280e+00 4.296e-01
-4.270e+00 5.226e-01
-4.260e+00 5.931e-01
-4.250e+00 5.745e-01
-4.240e+00 6.217e-01
-4.230e+00 5.805e-01
-4.220e+00 7.699e-01
-4.210e+00 7.501e-01
-4.200e+00 6.204e-01
-4.190e+00 4.920e-01
-4.180e+00 6.104e-01
-4.170e+00 5.995e-01
-4.160e+00 4.810e-01
-4.150e+00 3.918e-01
-4.140e+00 4.283e-01
-4.130e+00 7.670e-01
-4.120e+00 7.476e-01
-4.110e+00 5.384e-01
-4.100e+00 5.138e-01
-4.090e+00 7.414e-01
-4.080e+00 5.795e-01
-4.070e+00 4.510e-01
-4.060e+00 6.192e-01
-4.050e+00 6.221e-01
-4.040e+00 5.751e-01
-4.030e+00 5.212e-01
-4.020e+00 5.618e-01
-4.010e+00 3.534e-01
-4.000e+00 4.533e-01
-3.990e+00 3.912e-01
-3.980e+00 5.238e-01
-3.970e+00 4.463e-01
-3.960e+00 5.415e-01
-3.950e+00 3.170e-01
-3.940e+00 3.832e-01
-3.930e+00 4.920e-01
-3.920e+00 3.577e-01
-3.910e+00 3.470e-01
-3.900e+00 5.015e-01
-3.890e+00 6.767e-01
-3.880e+00 5.468e-01
-3.870e+00 4.953e-01
-3.860e+00 5.199e-01
-3.850e+00 5.081e-01
-3.840e+00 5.518e-01
-3.830e+00 7.441e-01
-3.820e+00 6.625e-01
-3.810e+00 8.055e-01
-3.800e+00 6.459e-01
-3.790e+00 5.911e-01
-3.780e+00 7.500e-01
-3.770e+00 6.872e-01
-3.760e+00 5.915e-01
-3.750e+00 6.180e-01
-3.740e+00 5.429e-01
-3.730e+00 3.628e-01
-3.720e+00 4.013e-01
-3.710e+00 6.389e-01
-3.700e+00 6.954e-01
-3.690e+00 6.339e-01
-3.680e+00 5.898e-01
-3.670e+00 5.273e-01
-3.660e+00 5.974e-01
-3.650e+00 6.583e-01
-3.640e+00 6.473e-01
-3.630e+00 6.157e-01
-3.620e+00 5.909e-01
-3.610e+00 5.884e-01
-3.600e+00 6.585e-01
-3.590e+00 4.534e-01
-3.580e+00 4.394e-01
-3.570e+00 5.414e-01
-3.560e+00 5.584e-01
-3.550e+00 4.219e-01
-3.540e+00 2.864e-01
-3.530e+00 5.517e-01
-3.520e+00 7.170e-01
-3.510e+00 5.772e-01
-3.500e+00 3.378e-01
-3.490e+00 4.929e-01
-3.480e+00 5.701e-01
-3.470e+00 2.671e-01
-3.460e+00 4.679e-01
-3.450e+00 5.872e-01
-3.440e+00 6.944e-01
-3.430e+00 5.426e-01
-3.420e+00 5.598e-01
-3.410e+00 5.383e-01
-3.400e+00 6.592e-01
-3.390e+00 3.545e-01
-3.380e+00 4.292e-01
-3.370e+00 4.937e-01
-3.360e+00 3.673e-01
-3.350e+00 2.611e-01
-3.340e+00 2.706e-01
-3.330e+00 5.086e-01
-3.320e+00 3.615e-01
-3.310e+00 4.337e-01
-3.300e+00 6.522e-01
-3.290e+00 6.503e-01
-3.280e+00 6.490e-01
-3.270e+00 6.119e-01
-3.260e+00 5.773e-01
-3.250e+00 6.047e-01
-3.240e+00 6.543e-01
-3.230e+00 7.534e-01
-3.220e+00 5.638e-01
-3.210e+00 5.069e-01
-3.200e+00 7.527e-01
-3.190e+00 7.997e-01
-3.180e+00 5.668e-01
-3.170e+00 4.202e-01
-3.160e+00 5.800e-01
-3.150e+00 6.407e-01
-3.140e+00 5.306e-01
-3.130e+00 4.360e-01
-3.120e+00 5.011e-01
-3.110e+00 6.833e-01
-3.100e+00 7.996e-01
-3.090e+00 5.811e-01
-3.080e+00 5.775e-01
-3.070e+00 6.173e-01
-3.060e+00 6.976e-01
-3.050e+00 5.484e-01
-3.040e+00 4.599e-01
-3.030e+00 4.598e-01
-3.020e+00 4.412e-01
-3.010e+00 3.969e-01
-3.000e+00 4.535e-01
-2.990e+00 4.213e-01
-2.980e+00 5.024e-01
-2.970e+00 4.857e-01
-2.960e+00 4.118e-01
-2.950e+00 6.682e-01
-2.940e+00 4.657e-01
-2.930e+00 4.684e-01
-2.920e+00 4.745e-01
-2.910e+00 6.539e-01
-2.900e+00 7.653e-01
-2.890e+00 5.048e-01
-2.880e+00 6.523e-01
-2.870e+00 6.024e-01
-2.860e+00 4.240e-01
-2.850e+00 5.603e-01
-2.840e+00 3.806e-01
-2.830e+00 3.547e-01
-2.820e+00 4.733e-01
-2.810e+00 4.796e-01
-2.800e+00 5.148e-01
-2.790e+00 5.514e-01
-2.780e+00 4.358e-01
-2.770e+00 5.038e-01
-2.760e+00 3.770e-01
-2.750e+00 5.201e-01
-2.740e+00 2.990e-01
-2.730e+00 4.059e-01
-2.720e+00 4.727e-01
-2.710e+00 5.695e-01
-2.700e+00 7.360e-01
-2.690e+00 4.780e-01
-2.680e+00 4.987e-01
-2.670e+00 5.046e-01
-2.660e+00 4.975e-01
-2.650e+00 4.877e-01
-2.640e+00 2.930e-01
-2.630e+00 2.399e-01
-2.620e+00 3.216e-01
-2.610e+00 3.219e-01
-2.600e+00 2.492e-01
-2.590e+00 4.286e-01
-2.580e+00 5.927e-01
-2.570e+00 5.675e-01
-2.560e+00 4.354e-01
-2.550e+00 4.842e-01
-2.540e+00 4.280e-01
-2.530e+00 4.651e-01
-2.520e+00 4.234e-01
-2.510e+00 3.432e-01
-2.500e+00 2.692e-01
-2.490e+00 3.513e-01
-2.480e+00 5.216e-01
-2.470e+00 5.933e-01
-2.460e+00 8.160e-01
-2.450e+00 7.890e-01
-2.440e+00 8.642e-01
-2.430e+00 9.372e-01
-2.420e+00 7.766e-01
-2.410e+00 9.351e-01
-2.400e+00 9.114e-01
-2.390e+00 7.713e-01
-2.380e+00 8.723e-01
-2.370e+00 7.867e-01
-2.360e+00 7.209e-01
-2.350e+00 6.222e-01
-2.340e+00 5.251e-01
-2.330e+00 5.700e-01
-2.320e+00 5.401e-01
-2.310e+00 4.604e-01
-2.300e+00 4.865e-01
-2.290e+00 6.303e-01
-2.280e+00 7.490e-01
-2.270e+00 6.173e-01
-2.260e+00 7.356e-01
-2.250e+00 4.793e-01
-2.240e+00 3.161e-01
-2.230e+00 3.096e-01
-2.220e+00 3.510e-01
-2.210e+00 4.822e-01
-2.200e+00 5.493e-01
-2.190e+00 6.536e-01
-2.180e+00 5.899e-01
-2.170e+00 8.672e-01
-2.160e+00 1.028e+00
-2.150e+00 9.580e-01
-2.140e+00 9.222e-01
-2.130e+00 7.492e-01
-2.120e+00 8.908e-01
-2.110e+00 7.031e-01
-2.100e+00 6.224e-01
-2.090e+00 3.558e-01
-2.080e+00 3.100e-01
-2.070e+00 5.120e-01
-2.060e+00 4.844e-01
-2.050e+00 3.085e-01
-2.040e+00 8.262e-02
-2.030e+00 5.337e-01
-2.020e+00 7.056e-01
-2.010e+00 6.494e-01
-2.000e+00 5.636e-01
-1.990e+00 6.664e-01
-1.980e+00 3.365e-01
-1.970e+00 3.230e-01
-1.960e+00 5.266e-01
-1.950e+00 4.431e-01
-1.940e+00 6.089e-01
-1.930e+00 8.072e-01
-1.920e+00 6.936e-01
-1.910e+00 6.938e-01
-1.900e+00 8.432e-01
-1.890e+00 7.410e-01
-1.880e+00 7.106e-01
-1.870e+00 6.520e-01
-1.860e+00 4.083e-01
-1.850e+00 5.132e-01
-1.840e+00 3.927e-01
-1.830e+00 4.724e-01
-1.820e+00 7.574e-01
-1.810e+00 3.693e-01
-1.800e+00 2.570e-01
-1.790e+00 6.576e-01
-1.780e+00 8.051e-01
-1.770e+00 4.058e-01
-1.760e+00 3.632e-01
-1.750e+00 5.348e-01
-1.740e+00 4.073e-01
-1.730e+00 1.231e-01
-1.720e+00 4.002e-01
-1.710e+00 5.097e-01
-1.700e+00 5.786e-01
-1.690e+00 4.481e-01
-1.680e+00 5.419e-02
-1.670e+00 4.770e-01
-1.660e+00 6.510e-01
-1.650e+00 4.711e-01
-1.640e+00 2.560e-01
-1.630e+00 8.028e-01
-1.620e+00 6.786e-01
-1.610e+00 7.631e-01
-1.600e+00 6.025e-01
-1.590e+00 6.281e-01
-1.580e+00 6.000e-01
-1.570e+00 6.108e-01
-1.560e+00 7.035e-01
-1.550e+00 7.320e-01
-1.540e+00 9.910e-01
-1.530e+00 1.033e+00
-1.520e+00 9.847e-01
-1.510e+00 7.819e-01
-1.500e+00 7.092e-01
-1.490e+00 7.011e-01
-1.480e+00 6.958e-01
-1.470e+00 7.612e-01
-1.460e+00 7.651e-01
-1.450e+00 6.000e-01
-1.440e+00 5.374e-01
-1.430e+00 5.623e-01
-1.420e+00 7.526e-01
-1.410e+00 9.373e-01
-1.400e+00 7.836e-01
-1.390e+00 7.852e-01
-1.380e+00 7.831e-01
-1.370e+00 8.816e-01
-1.360e+00 4.220e-01
-1.350e+00 6.778e-01
-1.340e+00 5.694e-01
-1.330e+00 4.368e-01
-1.320e+00 6.442e-01
-1.310e+00 2.829e-01
-1.300e+00 4.961e-01
-1.290e+00 7.243e-01
-1.280e+00 4.480e-01
-1.270e+00 8.214e-02
-1.260e+00 4.677e-01
-1.250e+00 4.166e-01
-1.240e+00 4.003e-01
-1.230e+00 6.753e-01
-1.220e+00 6.269e-01
-1.210e+00 1.878e-01
-1.200e+00 2.574e-01
-1.190e+00 3.558e-01
-1.180e+00 3.522e-01
-1.170e+00 7.272e-03
-1.160e+00 1.978e-01
-1.150e+00 3.051e-01
-1.140e+00 5.197e-01
-1.130e+00 2.219e-01
-1.120e+00 3.135e-01
-1.110e+00 3.764e-01
-1.100e+00 6.893e-01
-1.090e+00 7.843e-01
-1.080e+00 6.877e-01
-1.070e+00 7.829e-01
-1.060e+00 1.938e-01
-1.050e+00 5.928e-02
-1.040e+00 -4.732e-02
-1.030e+00 7.122e-01
-1.020e+00 5.187e-01
-1.010e+00 4.411e-01
-1.000e+00 5.158e-01
-9.900e-01 6.569e-01
-9.800e-01 7.736e-01
-9.700e-01 6.415e-01
-9.600e-01 6.721e-01
-9.500e-01 1.379e+00
-9.400e-01 1.001e+00
-9.300e-01 5.635e-01
-9.200e-01 7.310e-01
-9.100e-01 2.356e-01
-9.000e-01 7.753e-01
-8.900e-01 5.688e-01
-8.800e-01 4.179e-01
-8.700e-01 2.016e-01
-8.600e-01 4.966e-01
-8.500e-01 5.869e-01
-8.400e-01 7.917e-01
-8.300e-01 1.023e+00
-8.200e-01 3.061e-01
-8.100e-01 5.810e-01
-8.000e-01 7.915e-01
-7.900e-01 3.587e-01
-7.800e-01 3.248e-01
-7.700e-01 1.400e-01
-7.600e-01 7.243e-01
-7.500e-01 3.662e-01
-7.400e-01 9.074e-01
-7.300e-01 5.896e-01
-7.200e-01 2.961e-01
-7.100e-01 3.289e-01
-7.000e-01 6.399e-01
-6.900e-01 6.340e-01
-6.800e-01 5.292e-01
-6.700e-01 9.386e-01
-6.600e-01 1.226e+00
-6.500e-01 8.258e-01
-6.400e-01 9.940e-01
-6.300e-01 1.141e+00
-6.200e-01 1.072e+00
-6.100e-01 1.002e+00
-6.000e-01 5.107e-01
-5.900e-01 9.612e-01
-5.800e-01 6.698e-01
-5.700e-01 3.273e-01
-5.600e-01 4.468e-01
-5.500e-01 2.443e-01
-5.400e-01 2.131e-01
-5.300e-01 8.681e-01
-5.200e-01 2.558e-01
-5.100e-01 3.068e-01
-5.000e-01 2.943e-01
-4.900e-01 1.694e-01
-4.800e-01 2.756e-01
-4.700e-01 1.970e-01
-4.600e-01 -6.439e-01
-4.500e-01 -2.777e-01
-4.400e-01 -2.794e-01
-4.300e-01 -4.721e-02
-4.200e-01 -4.784e-01
-4.100e-01 -3.810e-01
-4.000e-01 7.317e-01
-3.900e-01 -3.613e-02
-3.800e-01 4.907e-01
-3.700e-01 4.239e-01
-3.600e-01 1.223e+00
-3.500e-01 1.036e+00
-3.400e-01 4.056e-01
-3.300e-01 1.139e+00
-3.200e-01 6.446e-01
-3.100e-01 6.216e-01
-3.000e-01 6.883e-02
-2.900e-01 2.010e+00
-2.800e-01 1.591e+00
-2.700e-01 2.788e+00
-2.600e-01 2.628e+00
-2.500e-01 3.294e+00
-2.400e-01 3.002e+00
-2.300e-01 1.174e+00
-2.200e-01 1.688e+00
-2.100e-01 6.792e-01
-2.000e-01 2.631e+00
-1.900e-01 3.398e+00
-1.800e-01 3.317e+00
-1.700e-01 2.856e+00
-1.600e-01 2.823e+00
-1.500e-01 3.310e+00
-1.400e-01 3.430e+00
-1.300e-01 2.995e+00
-1.200e-01 1.877e+00
-1.100e-01 2.896e+00
-1.000e-01 3.054e+00
-9.000e-02 3.691e+00
-8.000e-02 3.582e+00
-7.000e-02 7.730e+00
-6.000e-02 1.000e+01
-5.000e-02 1.103e+01
-4.000e-02 1.516e+01
-3.000e-02 1.839e+01
-2.000e-02 2.214e+01
-1.000e-02 3.561e+01
