# Time (ps)      real(F_2)      im(F_2)
0.000e+00 1.000e+00 0.000e+00
1.000e-01 9.165e-01 -3.000e-03
2.000e-01 8.823e-01 -1.522e-02
3.000e-01 8.214e-01 3.018e-02
4.000e-01 8.110e-01 2.279e-02
5.000e-01 7.981e-01 3.672e-02
6.000e-01 8.244e-01 6.999e-02
7.000e-01 7.418e-01 -2.189e-02
8.000e-01 7.599e-01 8.106e-02
9.000e-01 6.757e-01 7.269e-02
1.000e+00 6.890e-01 6.373e-02
1.100e+00 6.804e-01 9.091e-02
1.200e+00 7.169e-01 4.480e-02
1.300e+00 7.173e-01 2.335e-02
1.400e+00 7.480e-01 -1.604e-02
1.500e+00 6.574e-01 -3.091e-02
1.600e+00 6.690e-01 -3.086e-02
1.700e+00 7.149e-01 -2.756e-02
1.800e+00 6.955e-01 -5.708e-02
1.900e+00 6.619e-01 -5.591e-02
2.000e+00 6.839e-01 -7.120e-02
2.100e+00 6.583e-01 -4.818e-02
2.200e+00 5.747e-01 -8.525e-02
2.300e+00 5.649e-01 -6.013e-02
2.400e+00 5.169e-01 -1.005e-01
2.500e+00 5.019e-01 -6.755e-02
2.600e+00 5.030e-01 -7.751e-02
2.700e+00 4.965e-01 -7.801e-02
2.800e+00 4.813e-01 -6.027e-02
2.900e+00 5.169e-01 -4.339e-02
3.000e+00 4.761e-01 -2.078e-02
3.100e+00 4.842e-01 -3.098e-02
3.200e+00 4.848e-01 -3.911e-02
3.300e+00 4.656e-01 -2.276e-02
3.400e+00 4.910e-01 -5.354e-02
3.500e+00 5.157e-01 -1.245e-01
3.600e+00 5.020e-01 -6.458e-02
3.700e+00 5.100e-01 -5.185e-02
3.800e+00 4.739e-01 2.113e-03
3.900e+00 4.886e-01 -1.539e-02
4.000e+00 4.841e-01 2.023e-03
4.100e+00 5.220e-01 2.654e-03
4.200e+00 4.875e-01 -2.367e-03
4.300e+00 5.186e-01 -6.501e-02
4.400e+00 4.761e-01 -5.023e-02
4.500e+00 5.131e-01 -5.429e-02
4.600e+00 5.214e-01 -4.312e-02
4.700e+00 5.079e-01 -5.359e-02
4.800e+00 4.816e-01 -9.230e-02
4.900e+00 5.314e-01 -7.035e-02
5.000e+00 4.822e-01 -5.678e-02
5.100e+00 5.188e-01 -6.162e-02
5.200e+00 4.950e-01 -1.088e-03
5.300e+00 4.460e-01 1.338e-02
5.400e+00 4.432e-01 -2.116e-03
5.500e+00 4.693e-01 3.330e-03
5.600e+00 4.261e-01 -2.205e-02
5.700e+00 4.173e-01 -3.320e-02
5.800e+00 4.660e-01 -4.611e-02
5.900e+00 4.425e-01 -2.786e-02
6.000e+00 4.572e-01 1.109e-02
6.100e+00 4.759e-01 1.364e-02
6.200e+00 4.707e-01 1.908e-02
6.300e+00 5.045e-01 -2.389e-02
6.400e+00 4.430e-01 -2.414e-02
6.500e+00 4.423e-01 -5.758e-02
6.600e+00 4.071e-01 -3.555e-02
6.700e+00 4.475e-01 1.102e-02
6.800e+00 4.582e-01 -2.031e-02
6.900e+00 4.361e-01 -8.123e-03
7.000e+00 4.383e-01 -3.257e-02
7.100e+00 4.179e-01 -3.756e-02
7.200e+00 4.495e-01 -4.482e-02
7.300e+00 4.071e-01 -2.707e-03
7.400e+00 4.099e-01 3.866e-03
7.500e+00 3.786e-01 2.157e-02
7.600e+00 4.273e-01 -1.426e-02
7.700e+00 4.212e-01 -2.185e-02
7.800e+00 4.120e-01 -7.633e-02
7.900e+00 3.888e-01 -4.527e-02
8.000e+00 4.462e-01 -6.294e-03
8.100e+00 4.520e-01 -3.765e-02
8.200e+00 3.960e-01 2.591e-02
8.300e+00 4.065e-01 -1.874e-02
8.400e+00 3.888e-01 -4.001e-03
8.500e+00 4.261e-01 -2.208e-02
8.600e+00 4.164e-01 -9.269e-03
8.700e+00 3.805e-01 5.389e-03
8.800e+00 3.898e-01 8.826e-03
8.900e+00 4.171e-01 5.102e-02
9.000e+00 3.999e-01 5.412e-02
9.100e+00 3.521e-01 7.676e-02
9.200e+00 3.784e-01 6.155e-02
9.300e+00 3.826e-01 6.913e-02
9.400e+00 3.930e-01 5.538e-02
9.500e+00 4.053e-01 1.047e-01
9.600e+00 3.682e-01 8.564e-02
9.700e+00 3.601e-01 1.009e-01
9.800e+00 3.764e-01 6.590e-02
9.900e+00 3.522e-01 4.498e-02
1.000e+01 3.887e-01 4.165e-02
1.010e+01 3.909e-01 2.286e-02
1.020e+01 3.678e-01 5.062e-02
1.030e+01 3.609e-01 3.509e-02
1.040e+01 3.818e-01 6.439e-02
1.050e+01 3.866e-01 3.762e-02
1.060e+01 3.805e-01 6.668e-02
1.070e+01 3.481e-01 5.659e-02
1.080e+01 3.561e-01 4.098e-02
1.090e+01 3.526e-01 2.383e-02
1.100e+01 3.599e-01 2.099e-02
1.110e+01 3.705e-01 3.891e-03
1.120e+01 3.775e-01 3.231e-03
1.130e+01 3.707e-01 2.939e-02
1.140e+01 3.680e-01 2.581e-02
1.150e+01 3.494e-01 5.192e-02
1.160e+01 3.507e-01 6.512e-02
1.170e+01 3.738e-01 2.929e-02
1.180e+01 3.700e-01 4.707e-02
1.190e+01 3.526e-01 6.237e-02
1.200e+01 3.857e-01 6.200e-02
1.210e+01 3.546e-01 5.943e-02
1.220e+01 3.695e-01 4.619e-02
1.230e+01 3.860e-01 4.656e-02
1.240e+01 3.572e-01 3.517e-02
1.250e+01 3.532e-01 3.581e-02
1.260e+01 3.515e-01 1.478e-02
1.270e+01 3.550e-01 1.501e-02
1.280e+01 3.916e-01 -1.239e-02
1.290e+01 3.992e-01 1.559e-02
1.300e+01 4.133e-01 3.462e-02
1.310e+01 3.403e-01 4.783e-02
1.320e+01 3.396e-01 6.917e-02
1.330e+01 3.303e-01 4.411e-02
1.340e+01 3.202e-01 4.153e-02
1.350e+01 3.310e-01 2.653e-02
1.360e+01 3.560e-01 5.640e-02
1.370e+01 3.171e-01 3.926e-02
1.380e+01 3.088e-01 2.835e-02
1.390e+01 3.224e-01 5.986e-02
1.400e+01 3.206e-01 -5.375e-03
1.410e+01 3.219e-01 1.669e-02
1.420e+01 3.244e-01 2.632e-02
1.430e+01 3.360e-01 2.354e-02
1.440e+01 3.075e-01 4.656e-02
1.450e+01 2.646e-01 8.005e-02
1.460e+01 2.546e-01 7.682e-02
1.470e+01 2.957e-01 8.479e-02
1.480e+01 2.635e-01 8.092e-02
1.490e+01 2.411e-01 7.249e-02
1.500e+01 2.630e-01 1.085e-01
1.510e+01 3.236e-01 1.335e-01
1.520e+01 3.279e-01 1.016e-01
1.530e+01 3.107e-01 6.488e-02
1.540e+01 2.819e-01 6.385e-02
1.550e+01 2.882e-01 6.529e-02
1.560e+01 2.465e-01 5.107e-02
1.570e+01 2.596e-01 5.465e-02
1.580e+01 2.539e-01 3.146e-02
1.590e+01 2.636e-01 4.712e-02
1.600e+01 2.489e-01 5.018e-02
1.610e+01 2.548e-01 1.001e-01
1.620e+01 2.564e-01 6.198e-02
1.630e+01 2.680e-01 5.447e-02
1.640e+01 2.301e-01 8.026e-02
1.650e+01 2.152e-01 6.174e-02
1.660e+01 2.166e-01 4.321e-02
1.670e+01 2.625e-01 4.210e-02
1.680e+01 2.442e-01 2.497e-02
1.690e+01 2.630e-01 1.024e-01
1.700e+01 2.836e-01 7.502e-02
1.710e+01 2.615e-01 7.327e-02
1.720e+01 2.386e-01 4.650e-02
1.730e+01 2.572e-01 5.465e-02
1.740e+01 2.283e-01 3.613e-02
1.750e+01 2.424e-01 6.216e-02
1.760e+01 2.598e-01 6.238e-02
1.770e+01 2.668e-01 5.486e-02
1.780e+01 2.444e-01 6.598e-02
1.790e+01 2.260e-01 7.144e-02
1.800e+01 2.428e-01 6.366e-02
1.810e+01 2.050e-01 8.850e-02
1.820e+01 2.187e-01 7.324e-02
1.830e+01 2.287e-01 7.087e-02
1.840e+01 2.047e-01 2.928e-02
1.850e+01 2.250e-01 7.491e-02
1.860e+01 2.248e-01 4.705e-02
1.870e+01 2.561e-01 3.864e-02
1.880e+01 2.371e-01 2.358e-02
1.890e+01 2.252e-01 2.377e-02
1.900e+01 2.256e-01 4.120e-02
1.910e+01 2.183e-01 4.817e-02
1.920e+01 2.021e-01 5.369e-02
1.930e+01 2.126e-01 5.859e-02
1.940e+01 2.162e-01 2.626e-02
1.950e+01 2.272e-01 1.184e-02
1.960e+01 2.284e-01 2.491e-02
1.970e+01 2.459e-01 1.626e-02
1.980e+01 2.572e-01 1.181e-02
1.990e+01 2.264e-01 3.230e-03
2.000e+01 2.316e-01 2.322e-02
2.010e+01 2.453e-01 1.195e-02
2.020e+01 2.075e-01 -1.179e-02
2.030e+01 2.112e-01 1.490e-02
2.040e+01 2.249e-01 1.729e-02
2.050e+01 2.211e-01 4.464e-02
2.060e+01 2.002e-01 4.028e-02
2.070e+01 2.289e-01 2.275e-02
2.080e+01 2.123e-01 1.594e-02
2.090e+01 2.217e-01 3.193e-03
2.100e+01 2.148e-01 -5.695e-03
2.110e+01 2.200e-01 2.272e-02
2.120e+01 2.182e-01 3.632e-02
2.130e+01 2.370e-01 4.550e-02
2.140e+01 2.149e-01 -1.809e-03
2.150e+01 2.154e-01 -2.606e-03
2.160e+01 2.062e-01 -1.227e-02
2.170e+01 2.307e-01 -7.705e-03
2.180e+01 2.218e-01 1.546e-02
2.190e+01 2.214e-01 -1.465e-03
2.200e+01 2.331e-01 -2.277e-03
2.210e+01 2.133e-01 1.215e-02
2.220e+01 1.974e-01 1.996e-02
2.230e+01 2.108e-01 1.694e-02
2.240e+01 2.087e-01 1.630e-02
2.250e+01 1.908e-01 2.336e-02
2.260e+01 2.068e-01 2.882e-02
2.270e+01 2.271e-01 2.986e-02
2.280e+01 1.897e-01 2.593e-02
2.290e+01 1.723e-01 1.777e-02
2.300e+01 1.847e-01 -2.132e-02
2.310e+01 1.822e-01 -1.190e-02
2.320e+01 1.973e-01 9.554e-03
2.330e+01 1.808e-01 4.256e-03
2.340e+01 1.716e-01 1.548e-02
2.350e+01 1.549e-01 1.792e-02
2.360e+01 1.724e-01 1.100e-02
2.370e+01 1.616e-01 1.311e-02
2.380e+01 1.593e-01 8.446e-03
2.390e+01 1.553e-01 2.205e-02
2.400e+01 1.507e-01 1.797e-02
2.410e+01 1.413e-01 1.856e-02
2.420e+01 1.351e-01 6.317e-03
2.430e+01 1.296e-01 -1.402e-03
2.440e+01 1.277e-01 1.128e-02
2.450e+01 1.381e-01 2.044e-02
2.460e+01 1.176e-01 3.119e-02
2.470e+01 9.980e-02 4.210e-02
2.480e+01 1.077e-01 3.178e-02
2.490e+01 1.044e-01 2.886e-02
2.500e+01 1.224e-01 2.770e-02
2.510e+01 1.370e-01 2.415e-02
2.520e+01 1.201e-01 2.449e-02
2.530e+01 1.300e-01 1.479e-02
2.540e+01 1.301e-01 1.357e-02
2.550e+01 1.280e-01 2.157e-02
2.560e+01 1.178e-01 1.598e-02
2.570e+01 1.387e-01 2.106e-02
2.580e+01 1.171e-01 2.014e-02
2.590e+01 1.024e-01 1.712e-02
2.600e+01 1.255e-01 4.025e-02
2.610e+01 1.043e-01 3.745e-02
2.620e+01 1.157e-01 2.757e-02
2.630e+01 1.213e-01 4.109e-02
2.640e+01 1.174e-01 4.429e-02
2.650e+01 1.158e-01 2.789e-02
2.660e+01 1.278e-01 3.787e-02
2.670e+01 1.223e-01 3.750e-02
2.680e+01 1.204e-01 2.082e-02
2.690e+01 1.177e-01 2.111e-02
2.700e+01 1.105e-01 1.484e-02
2.710e+01 1.084e-01 1.813e-02
2.720e+01 1.149e-01 3.234e-02
2.730e+01 1.179e-01 2.583e-02
2.740e+01 1.305e-01 1.959e-02
2.750e+01 1.317e-01 2.617e-02
2.760e+01 1.244e-01 1.415e-02
2.770e+01 9.094e-02 6.603e-03
2.780e+01 1.198e-01 -6.548e-03
2.790e+01 1.320e-01 -1.506e-02
2.800e+01 1.222e-01 -4.745e-03
2.810e+01 1.297e-01 1.151e-03
2.820e+01 1.294e-01 7.857e-03
2.830e+01 1.069e-01 1.681e-02
2.840e+01 1.175e-01 1.552e-02
2.850e+01 1.189e-01 6.699e-03
2.860e+01 1.093e-01 1.082e-02
2.870e+01 1.052e-01 1.124e-02
2.880e+01 9.777e-02 1.816e-02
2.890e+01 9.693e-02 1.778e-02
2.900e+01 1.005e-01 2.000e-02
2.910e+01 9.603e-02 3.052e-02
2.920e+01 9.092e-02 2.674e-02
2.930e+01 1.049e-01 1.853e-02
2.940e+01 1.058e-01 2.075e-02
2.950e+01 9.987e-02 2.035e-02
2.960e+01 8.967e-02 1.811e-02
2.970e+01 8.667e-02 1.631e-02
2.980e+01 9.811e-02 1.551e-02
2.990e+01 1.003e-01 8.665e-03
3.000e+01 8.764e-02 2.607e-02
3.010e+01 8.352e-02 2.620e-02
3.020e+01 7.690e-02 2.318e-02
3.030e+01 8.398e-02 2.304e-02
3.040e+01 8.924e-02 1.733e-02
3.050e+01 8.813e-02 2.372e-02
3.060e+01 9.256e-02 2.936e-02
3.070e+01 8.512e-02 3.126e-02
3.080e+01 7.940e-02 2.424e-02
3.090e+01 7.549e-02 2.996e-02
3.100e+01 8.031e-02 2.833e-02
3.110e+01 8.707e-02 2.732e-02
3.120e+01 8.894e-02 2.347e-02
3.130e+01 8.186e-02 3.166e-02
3.140e+01 8.614e-02 2.650e-02
3.150e+01 7.972e-02 2.731e-02
3.160e+01 6.775e-02 3.115e-02
3.170e+01 7.921e-02 4.489e-02
3.180e+01 7.076e-02 3.651e-02
3.190e+01 6.733e-02 3.059e-02
3.200e+01 6.226e-02 4.061e-02
3.210e+01 6.610e-02 2.004e-02
3.220e+01 6.733e-02 3.074e-02
3.230e+01 7.012e-02 2.738e-02
3.240e+01 6.868e-02 2.099e-02
3.250e+01 6.954e-02 2.486e-02
3.260e+01 6.734e-02 1.860e-02
3.270e+01 7.154e-02 4.125e-02
3.280e+01 7.690e-02 3.250e-02
3.290e+01 8.204e-02 4.662e-02
3.300e+01 8.150e-02 3.765e-02
3.310e+01 9.060e-02 3.460e-02
3.320e+01 7.808e-02 4.161e-02
3.330e+01 7.609e-02 4.106e-02
3.340e+01 8.196e-02 4.487e-02
3.350e+01 9.004e-02 3.843e-02
3.360e+01 8.518e-02 4.661e-02
3.370e+01 8.739e-02 5.407e-02
3.380e+01 9.618e-02 5.633e-02
3.390e+01 8.044e-02 4.996e-02
3.400e+01 8.254e-02 5.165e-02
3.410e+01 7.524e-02 4.815e-02
3.420e+01 8.588e-02 4.384e-02
3.430e+01 8.940e-02 2.488e-02
3.440e+01 8.308e-02 1.786e-02
3.450e+01 8.770e-02 2.265e-02
3.460e+01 8.301e-02 2.410e-02
3.470e+01 8.913e-02 2.039e-02
3.480e+01 8.798e-02 2.387e-02
3.490e+01 9.574e-02 3.063e-02
3.500e+01 9.208e-02 3.409e-02
3.510e+01 9.389e-02 4.174e-02
3.520e+01 8.533e-02 5.436e-02
3.530e+01 7.838e-02 5.489e-02
3.540e+01 8.587e-02 3.918e-02
3.550e+01 8.831e-02 4.059e-02
3.560e+01 9.284e-02 2.930e-02
3.570e+01 9.249e-02 2.362e-02
3.580e+01 9.338e-02 2.146e-02
3.590e+01 1.080e-01 2.338e-02
3.600e+01 9.941e-02 2.312e-02
3.610e+01 9.117e-02 2.195e-02
3.620e+01 1.002e-01 1.059e-02
3.630e+01 1.059e-01 2.067e-02
3.640e+01 1.009e-01 2.553e-02
3.650e+01 1.026e-01 3.154e-02
3.660e+01 1.069e-01 2.397e-02
3.670e+01 1.036e-01 1.504e-02
3.680e+01 1.059e-01 -1.348e-02
3.690e+01 1.012e-01 -1.608e-02
3.700e+01 1.342e-01 -3.040e-02
3.710e+01 1.179e-01 -3.000e-02
3.720e+01 1.248e-01 -4.039e-02
3.730e+01 1.129e-01 -5.257e-02
3.740e+01 1.228e-01 -1.404e-02
3.750e+01 1.088e-01 -3.240e-02
3.760e+01 1.026e-01 -1.725e-02
3.770e+01 9.026e-02 2.352e-03
3.780e+01 8.182e-02 -8.583e-03
3.790e+01 9.206e-02 -5.643e-03
3.800e+01 9.744e-02 -1.067e-02
3.810e+01 8.908e-02 -5.260e-02
3.820e+01 6.503e-02 -2.121e-02
3.830e+01 7.389e-02 -1.712e-02
3.840e+01 9.888e-02 -3.190e-02
3.850e+01 9.767e-02 -4.575e-02
3.860e+01 1.095e-01 -3.044e-02
3.870e+01 8.675e-02 -1.741e-02
3.880e+01 6.844e-02 -9.090e-03
3.890e+01 6.729e-02 -1.976e-03
3.900e+01 7.453e-02 1.997e-03
3.910e+01 8.037e-02 5.163e-03
3.920e+01 6.929e-02 1.148e-02
3.930e+01 7.606e-02 4.570e-03
3.940e+01 7.421e-02 1.601e-03
3.950e+01 7.740e-02 -2.271e-03
3.960e+01 7.591e-02 4.759e-03
3.970e+01 6.927e-02 7.275e-03
3.980e+01 7.066e-02 5.916e-03
3.990e+01 7.162e-02 5.052e-03
4.000e+01 7.947e-02 -6.349e-03
4.010e+01 6.351e-02 -1.430e-03
4.020e+01 6.630e-02 -6.880e-04
4.030e+01 6.493e-02 1.560e-03
4.040e+01 7.258e-02 4.415e-03
4.050e+01 6.595e-02 -4.959e-03
4.060e+01 7.093e-02 3.953e-03
4.070e+01 7.503e-02 1.051e-02
4.080e+01 7.595e-02 1.263e-02
4.090e+01 6.596e-02 1.161e-02
4.100e+01 5.826e-02 1.045e-02
4.110e+01 5.451e-02 5.159e-03
4.120e+01 5.959e-02 4.891e-03
4.130e+01 6.257e-02 1.398e-03
4.140e+01 5.758e-02 -1.482e-02
4.150e+01 5.501e-02 -6.916e-03
4.160e+01 5.491e-02 -1.112e-02
4.170e+01 5.550e-02 -9.736e-03
4.180e+01 5.273e-02 -9.476e-03
4.190e+01 5.537e-02 -5.079e-04
4.200e+01 5.257e-02 -3.739e-03
4.210e+01 5.616e-02 -2.246e-03
4.220e+01 5.387e-02 -1.289e-02
4.230e+01 5.609e-02 -4.823e-03
4.240e+01 6.038e-02 3.931e-03
4.250e+01 6.471e-02 7.271e-03
4.260e+01 5.695e-02 -3.375e-03
4.270e+01 5.517e-02 -2.724e-03
4.280e+01 5.472e-02 -4.863e-03
4.290e+01 5.671e-02 -3.147e-03
4.300e+01 5.349e-02 2.007e-03
4.310e+01 5.648e-02 -7.611e-03
4.320e+01 5.526e-02 -6.321e-03
4.330e+01 5.918e-02 -1.216e-02
4.340e+01 6.561e-02 -8.913e-03
4.350e+01 6.421e-02 -8.513e-03
4.360e+01 6.589e-02 -5.436e-03
4.370e+01 6.630e-02 -5.765e-03
4.380e+01 5.121e-02 -8.629e-03
4.390e+01 5.442e-02 -2.866e-03
4.400e+01 4.681e-02 -1.179e-02
4.410e+01 5.186e-02 -1.201e-02
4.420e+01 5.484e-02 -1.087e-02
4.430e+01 5.425e-02 -1.951e-02
4.440e+01 4.741e-02 -1.538e-02
4.450e+01 5.328e-02 -1.018e-02
4.460e+01 5.325e-02 -5.189e-03
4.470e+01 5.906e-02 -3.848e-03
4.480e+01 5.680e-02 -9.676e-03
4.490e+01 5.549e-02 -1.049e-02
4.500e+01 5.271e-02 -1.250e-02
4.510e+01 5.843e-02 -8.270e-03
4.520e+01 4.711e-02 -1.233e-02
4.530e+01 4.869e-02 -1.644e-02
4.540e+01 5.625e-02 -1.822e-02
4.550e+01 4.698e-02 -1.261e-02
4.560e+01 4.358e-02 -9.551e-03
4.570e+01 4.620e-02 -1.192e-02
4.580e+01 5.224e-02 -1.793e-02
4.590e+01 4.697e-02 -1.377e-02
4.600e+01 4.244e-02 -1.920e-02
4.610e+01 4.990e-02 -1.666e-02
4.620e+01 5.078e-02 -6.113e-03
4.630e+01 5.450e-02 -3.871e-03
4.640e+01 5.565e-02 -3.767e-03
4.650e+01 5.234e-02 -5.240e-03
4.660e+01 4.356e-02 -5.911e-03
4.670e+01 5.179e-02 -1.094e-02
4.680e+01 4.319e-02 -1.594e-02
4.690e+01 4.511e-02 -2.523e-02
4.700e+01 3.675e-02 -1.822e-02
4.710e+01 3.709e-02 -1.497e-02
4.720e+01 4.301e-02 -1.419e-02
4.730e+01 5.066e-02 -1.199e-02
4.740e+01 6.239e-02 -6.245e-03
4.750e+01 5.576e-02 -1.519e-02
4.760e+01 5.197e-02 -1.405e-02
4.770e+01 4.668e-02 -1.268e-02
4.780e+01 5.022e-02 -1.267e-02
4.790e+01 4.939e-02 -3.882e-03
4.800e+01 5.397e-02 1.506e-03
4.810e+01 5.447e-02 -5.174e-03
4.820e+01 4.782e-02 -7.685e-03
4.830e+01 4.528e-02 -1.321e-02
4.840e+01 4.534e-02 -1.162e-02
4.850e+01 4.793e-02 -7.617e-03
4.860e+01 4.519e-02 -1.001e-02
4.870e+01 4.824e-02 -1.023e-02
4.880e+01 5.065e-02 -9.863e-03
4.890e+01 4.871e-02 -6.887e-03
4.900e+01 4.486e-02 -9.774e-03
4.910e+01 4.168e-02 -9.683e-03
4.920e+01 4.276e-02 -1.096e-02
4.930e+01 4.267e-02 -1.071e-02
4.940e+01 4.442e-02 -1.508e-02
4.950e+01 4.518e-02 -1.074e-02
4.960e+01 4.223e-02 -2.385e-03
4.970e+01 4.438e-02 -5.956e-03
4.980e+01 4.533e-02 -9.128e-03
4.990e+01 4.418e-02 -1.341e-02
5.000e+01 4.590e-02 -1.380e-02
5.010e+01 5.061e-02 -9.420e-03
5.020e+01 4.933e-02 -3.940e-03
5.030e+01 5.132e-02 -5.879e-03
5.040e+01 4.264e-02 -6.170e-03
5.050e+01 4.377e-02 -4.201e-03
5.060e+01 4.942e-02 -7.496e-03
5.070e+01 5.188e-02 -1.316e-02
5.080e+01 4.880e-02 -9.780e-03
5.090e+01 4.488e-02 -7.650e-03
5.100e+01 4.658e-02 -7.018e-03
5.110e+01 4.325e-02 -7.832e-04
5.120e+01 4.382e-02 -2.876e-03
5.130e+01 4.359e-02 -3.359e-03
5.140e+01 4.393e-02 3.814e-03
5.150e+01 4.001e-02 3.449e-03
5.160e+01 3.738e-02 6.543e-03
5.170e+01 3.450e-02 4.650e-03
5.180e+01 3.658e-02 2.112e-03
5.190e+01 3.858e-02 -3.953e-03
5.200e+01 3.841e-02 -7.359e-03
5.210e+01 4.031e-02 -2.470e-03
5.220e+01 4.108e-02 -4.659e-03
5.230e+01 4.246e-02 -1.117e-02
5.240e+01 4.220e-02 -1.094e-02
5.250e+01 4.197e-02 -7.767e-03
5.260e+01 4.056e-02 -9.371e-03
5.270e+01 4.478e-02 -1.092e-02
5.280e+01 4.868e-02 -1.185e-02
5.290e+01 4.359e-02 -1.203e-02
5.300e+01 4.878e-02 -1.507e-02
5.310e+01 4.307e-02 -1.696e-02
5.320e+01 4.058e-02 -9.637e-03
5.330e+01 3.606e-02 -6.649e-03
5.340e+01 3.500e-02 -6.692e-03
5.350e+01 3.230e-02 -8.500e-03
5.360e+01 3.503e-02 -6.690e-03
5.370e+01 3.128e-02 -3.669e-03
5.380e+01 3.370e-02 -5.930e-03
5.390e+01 3.524e-02 -6.413e-03
5.400e+01 3.350e-02 -9.190e-03
5.410e+01 3.533e-02 -4.977e-03
5.420e+01 3.864e-02 -7.680e-03
5.430e+01 4.036e-02 -7.086e-03
5.440e+01 3.841e-02 -1.460e-02
5.450e+01 3.689e-02 -1.184e-02
5.460e+01 4.235e-02 -1.367e-02
5.470e+01 3.553e-02 -1.094e-02
5.480e+01 3.573e-02 -1.480e-02
5.490e+01 3.392e-02 -1.263e-02
5.500e+01 3.343e-02 -1.536e-02
5.510e+01 3.373e-02 -1.336e-02
5.520e+01 2.856e-02 -1.477e-02
5.530e+01 2.368e-02 -1.213e-02
5.540e+01 2.731e-02 -1.062e-02
5.550e+01 2.848e-02 -1.236e-02
5.560e+01 2.835e-02 -1.867e-02
5.570e+01 3.263e-02 -1.962e-02
5.580e+01 1.865e-02 -3.412e-02
5.590e+01 2.107e-02 -2.866e-02
5.600e+01 3.507e-02 -3.247e-02
5.610e+01 2.923e-02 -2.716e-02
5.620e+01 2.417e-02 -3.764e-02
5.630e+01 3.281e-02 -2.717e-02
5.640e+01 3.264e-02 -2.618e-02
5.650e+01 2.589e-02 -3.342e-02
5.660e+01 2.311e-02 -3.193e-02
5.670e+01 1.764e-02 -3.032e-02
5.680e+01 9.248e-03 -2.671e-02
5.690e+01 2.212e-02 -2.621e-02
5.700e+01 2.474e-02 -2.394e-02
5.710e+01 2.171e-02 -3.355e-02
5.720e+01 1.981e-02 -2.625e-02
5.730e+01 2.298e-02 -2.921e-02
5.740e+01 1.658e-02 -1.969e-02
5.750e+01 1.737e-02 -2.250e-02
5.760e+01 1.542e-02 -2.471e-02
5.770e+01 1.135e-02 -1.974e-02
5.780e+01 4.576e-03 -3.020e-02
5.790e+01 1.142e-02 -2.976e-02
5.800e+01 2.217e-02 -2.925e-02
5.810e+01 2.601e-02 -3.450e-02
5.820e+01 2.271e-02 -3.408e-02
5.830e+01 2.288e-02 -2.485e-02
5.840e+01 2.256e-02 -2.509e-02
5.850e+01 2.398e-02 -2.425e-02
5.860e+01 2.490e-02 -2.911e-02
5.870e+01 1.881e-02 -3.688e-02
5.880e+01 8.538e-03 -3.161e-02
5.890e+01 1.576e-02 -3.459e-02
5.900e+01 1.486e-02 -2.700e-02
5.910e+01 2.296e-02 -2.823e-02
5.920e+01 2.022e-02 -1.601e-02
5.930e+01 2.755e-02 -1.468e-02
5.940e+01 3.738e-02 -2.026e-02
5.950e+01 3.900e-02 -1.370e-02
5.960e+01 3.701e-02 -1.653e-02
5.970e+01 3.377e-02 -1.399e-02
5.980e+01 2.783e-02 -2.440e-02
5.990e+01 3.103e-02 -2.272e-02
6.000e+01 3.621e-02 -2.893e-02
6.010e+01 3.867e-02 -1.867e-02
6.020e+01 2.993e-02 -1.586e-02
6.030e+01 4.587e-02 -1.610e-02
6.040e+01 3.548e-02 -1.567e-02
6.050e+01 4.019e-02 -1.865e-02
6.060e+01 4.233e-02 -4.314e-03
6.070e+01 3.844e-02 -4.997e-03
6.080e+01 4.001e-02 -5.842e-03
6.090e+01 3.967e-02 -9.683e-04
6.100e+01 3.483e-02 -1.449e-02
6.110e+01 3.219e-02 -1.760e-02
6.120e+01 2.698e-02 -1.288e-02
6.130e+01 3.179e-02 -1.379e-02
6.140e+01 3.569e-02 -1.966e-02
6.150e+01 3.633e-02 -2.067e-02
6.160e+01 2.808e-02 -2.544e-02
6.170e+01 2.551e-02 -2.130e-02
6.180e+01 3.459e-02 -2.412e-02
6.190e+01 4.421e-02 -2.122e-02
6.200e+01 2.877e-02 -1.416e-02
6.210e+01 2.842e-02 -2.844e-02
6.220e+01 2.266e-02 -5.779e-03
6.230e+01 3.482e-02 -1.219e-02
6.240e+01 2.496e-02 -1.173e-02
6.250e+01 2.147e-02 -2.777e-03
6.260e+01 2.073e-02 -3.855e-03
6.270e+01 2.405e-02 7.993e-04
6.280e+01 3.748e-02 1.140e-03
6.290e+01 2.999e-02 1.977e-03
6.300e+01 2.727e-02 1.396e-02
6.310e+01 2.321e-02 1.431e-02
6.320e+01 1.336e-02 2.410e-02
6.330e+01 2.000e-02 1.702e-02
6.340e+01 1.513e-02 1.627e-02
6.350e+01 2.857e-02 1.850e-02
6.360e+01 2.074e-02 2.117e-02
6.370e+01 2.715e-02 1.835e-02
6.380e+01 2.934e-02 2.148e-02
6.390e+01 2.302e-02 1.732e-02
6.400e+01 1.961e-02 2.299e-02
6.410e+01 6.803e-03 2.086e-02
6.420e+01 1.620e-02 2.571e-02
6.430e+01 2.784e-02 7.918e-03
6.440e+01 2.840e-02 6.729e-03
6.450e+01 2.232e-02 2.717e-03
6.460e+01 2.722e-02 -7.985e-03
6.470e+01 1.909e-02 7.240e-03
6.480e+01 1.946e-02 4.351e-03
6.490e+01 3.180e-02 1.441e-03
6.500e+01 3.145e-02 9.611e-03
6.510e+01 2.453e-02 1.954e-02
6.520e+01 1.982e-02 1.858e-02
6.530e+01 2.178e-02 3.478e-03
6.540e+01 2.379e-02 9.049e-03
6.550e+01 1.410e-02 4.247e-03
6.560e+01 2.471e-02 9.637e-03
6.570e+01 2.836e-02 -6.676e-03
6.580e+01 3.416e-02 -7.771e-03
6.590e+01 4.927e-02 -1.527e-02
6.600e+01 3.759e-02 -1.247e-02
6.610e+01 3.394e-02 -7.763e-03
6.620e+01 3.354e-02 -4.987e-03
6.630e+01 4.826e-02 1.311e-02
6.640e+01 4.032e-02 4.450e-03
6.650e+01 3.835e-02 1.030e-02
6.660e+01 4.129e-02 5.959e-03
6.670e+01 4.309e-02 3.403e-03
6.680e+01 3.353e-02 -7.470e-04
6.690e+01 3.316e-02 3.388e-03
6.700e+01 3.505e-02 -9.259e-03
6.710e+01 2.527e-02 -3.232e-03
6.720e+01 1.712e-02 -5.558e-03
6.730e+01 2.414e-02 -1.174e-02
6.740e+01 2.653e-02 -1.902e-02
6.750e+01 -4.761e-03 -4.679e-02
6.760e+01 1.477e-02 -4.824e-02
6.770e+01 1.121e-02 -5.008e-02
6.780e+01 8.427e-03 -4.142e-02
6.790e+01 8.195e-03 -5.137e-02
6.800e+01 6.362e-03 -4.318e-02
6.810e+01 -2.820e-03 -4.473e-02
6.820e+01 1.723e-03 -2.706e-02
6.830e+01 1.092e-02 -2.513e-02
6.840e+01 2.185e-02 -2.273e-02
6.850e+01 1.178e-02 -3.148e-02
6.860e+01 1.853e-02 -3.297e-02
6.870e+01 9.290e-03 -3.887e-02
6.880e+01 1.950e-02 -4.164e-02
6.890e+01 1.598e-02 -4.773e-02
6.900e+01 -1.373e-02 -4.067e-02
6.910e+01 6.810e-03 -2.335e-02
6.920e+01 2.100e-02 -2.347e-02
6.930e+01 2.689e-02 -2.351e-02
6.940e+01 2.886e-02 -2.352e-02
6.950e+01 2.821e-02 -2.733e-02
6.960e+01 2.185e-02 -2.419e-02
6.970e+01 1.654e-02 -3.650e-02
6.980e+01 -2.200e-03 -4.476e-02
6.990e+01 1.384e-02 -4.055e-02
7.000e+01 2.231e-02 -5.703e-02
7.010e+01 1.274e-02 -6.995e-02
7.020e+01 1.775e-02 -5.234e-02
7.030e+01 1.764e-02 -4.519e-02
7.040e+01 2.572e-02 -4.332e-02
7.050e+01 3.457e-02 -4.521e-02
7.060e+01 2.888e-02 -3.323e-02
7.070e+01 3.088e-02 -4.119e-02
7.080e+01 3.470e-02 -6.119e-02
7.090e+01 3.486e-02 -4.734e-02
7.100e+01 2.273e-02 -4.440e-02
7.110e+01 2.559e-02 -4.098e-02
7.120e+01 1.365e-02 -3.762e-02
7.130e+01 7.535e-03 -4.008e-02
7.140e+01 1.011e-02 -5.570e-02
7.150e+01 1.412e-02 -5.237e-02
7.160e+01 2.299e-02 -4.424e-02
7.170e+01 1.308e-02 -4.610e-02
7.180e+01 1.551e-02 -3.291e-02
7.190e+01 2.633e-02 -3.702e-02
7.200e+01 2.440e-02 -2.909e-02
7.210e+01 1.766e-02 -3.784e-02
7.220e+01 2.172e-02 -3.646e-02
7.230e+01 1.019e-02 -4.414e-02
7.240e+01 2.626e-02 -2.872e-02
7.250e+01 2.624e-02 -1.457e-02
7.260e+01 2.814e-02 -3.091e-02
7.270e+01 3.690e-02 -2.844e-02
7.280e+01 3.734e-02 -3.690e-02
7.290e+01 4.563e-02 -2.939e-02
7.300e+01 3.588e-02 -3.007e-02
7.310e+01 2.683e-02 -4.545e-02
7.320e+01 2.270e-02 -4.174e-02
7.330e+01 2.464e-02 -3.500e-02
7.340e+01 2.377e-02 -3.402e-02
7.350e+01 2.344e-02 -4.140e-02
7.360e+01 1.474e-02 -4.851e-02
7.370e+01 5.881e-03 -4.784e-02
7.380e+01 2.878e-02 -5.228e-02
7.390e+01 2.747e-02 -4.636e-02
7.400e+01 1.595e-02 -4.555e-02
7.410e+01 2.144e-03 -3.649e-02
7.420e+01 -1.257e-02 -4.680e-02
7.430e+01 3.003e-03 -4.939e-02
7.440e+01 -5.258e-03 -6.065e-02
7.450e+01 -4.659e-03 -3.878e-02
7.460e+01 -2.471e-04 -6.249e-02
7.470e+01 9.642e-03 -4.162e-02
7.480e+01 -1.193e-02 -2.839e-02
7.490e+01 -1.814e-02 -5.731e-02
7.500e+01 7.843e-03 -6.254e-02
7.510e+01 3.379e-02 -5.638e-02
7.520e+01 1.700e-02 -4.060e-02
7.530e+01 -5.692e-03 -6.235e-02
7.540e+01 -1.430e-03 -2.583e-02
7.550e+01 -1.432e-02 -3.275e-02
7.560e+01 -8.823e-03 -3.721e-02
7.570e+01 -5.412e-03 -3.514e-02
7.580e+01 -1.041e-02 -4.378e-02
7.590e+01 -1.729e-03 -2.770e-02
7.600e+01 -2.961e-04 -3.662e-02
7.610e+01 -5.203e-06 -3.884e-02
7.620e+01 -2.726e-03 -3.529e-02
7.630e+01 -9.525e-03 -4.084e-02
7.640e+01 -2.643e-03 -3.412e-02
7.650e+01 -1.265e-03 -2.200e-02
7.660e+01 2.319e-03 -2.136e-02
7.670e+01 -7.957e-03 -4.896e-02
7.680e+01 1.091e-02 -2.462e-02
7.690e+01 1.799e-02 -2.548e-02
7.700e+01 2.012e-02 -3.246e-02
7.710e+01 1.582e-02 -2.578e-02
7.720e+01 9.016e-03 -3.361e-02
7.730e+01 1.004e-02 -1.895e-02
7.740e+01 1.258e-02 -2.406e-02
7.750e+01 7.486e-03 -1.760e-02
7.760e+01 1.756e-02 -4.192e-02
7.770e+01 3.393e-02 -5.803e-02
7.780e+01 1.953e-02 -3.845e-02
7.790e+01 1.095e-02 -5.109e-02
7.800e+01 1.089e-02 -4.845e-02
7.810e+01 1.844e-03 -4.286e-02
7.820e+01 2.514e-03 -3.813e-02
7.830e+01 9.697e-03 -3.471e-02
7.840e+01 8.068e-03 -2.513e-02
7.850e+01 7.095e-03 -1.564e-02
7.860e+01 6.468e-03 -2.163e-02
7.870e+01 2.477e-02 -4.062e-02
7.880e+01 1.424e-02 -2.135e-02
7.890e+01 1.329e-02 -1.913e-02
7.900e+01 3.704e-03 -2.986e-02
7.910e+01 -9.559e-04 -3.413e-02
7.920e+01 6.843e-03 -2.174e-02
7.930e+01 6.439e-03 -2.267e-02
7.940e+01 6.798e-03 -3.415e-02
7.950e+01 1.091e-02 -2.197e-02
7.960e+01 1.138e-02 -1.960e-02
7.970e+01 1.159e-02 -2.572e-02
7.980e+01 1.760e-02 -3.557e-02
7.990e+01 1.571e-02 -3.308e-02
8.000e+01 1.333e-02 -2.286e-02
8.010e+01 6.934e-03 -3.157e-02
8.020e+01 7.103e-04 -1.799e-02
8.030e+01 4.920e-03 -1.789e-02
8.040e+01 5.159e-03 -1.761e-02
8.050e+01 8.175e-03 -1.446e-02
8.060e+01 1.099e-02 -8.785e-03
8.070e+01 4.584e-03 -8.581e-03
8.080e+01 3.274e-03 -8.969e-03
8.090e+01 5.906e-03 -9.650e-03
8.100e+01 7.451e-03 -1.390e-02
8.110e+01 7.361e-04 -1.392e-02
8.120e+01 5.023e-03 -6.033e-03
8.130e+01 2.642e-03 -6.473e-03
8.140e+01 7.436e-03 -6.040e-03
8.150e+01 2.635e-03 -8.330e-03
8.160e+01 -4.377e-03 -1.070e-02
8.170e+01 -1.043e-03 -7.126e-03
8.180e+01 -1.495e-04 -1.168e-02
8.190e+01 1.048e-03 -1.727e-02
8.200e+01 4.163e-03 -1.742e-02
8.210e+01 6.662e-03 -1.087e-02
8.220e+01 3.855e-03 -1.124e-02
8.230e+01 4.803e-03 -1.224e-02
8.240e+01 1.099e-02 -2.795e-02
8.250e+01 1.109e-02 -2.151e-02
8.260e+01 1.549e-02 -3.964e-02
8.270e+01 6.923e-03 -3.733e-02
8.280e+01 1.881e-02 -3.623e-02
8.290e+01 1.378e-02 -2.904e-02
8.300e+01 7.788e-03 -3.643e-02
8.310e+01 -1.391e-03 -3.294e-02
8.320e+01 1.499e-03 -1.754e-02
8.330e+01 1.253e-02 -1.011e-02
8.340e+01 1.507e-02 -7.226e-03
8.350e+01 9.577e-03 -1.582e-02
8.360e+01 7.178e-03 -1.480e-02
8.370e+01 1.124e-03 -1.587e-02
8.380e+01 1.030e-02 -1.178e-02
8.390e+01 1.485e-02 -1.199e-02
8.400e+01 8.579e-03 -1.542e-02
8.410e+01 1.152e-02 -1.446e-02
8.420e+01 1.151e-02 -1.366e-02
8.430e+01 9.373e-03 -1.141e-02
8.440e+01 6.570e-03 -9.788e-03
8.450e+01 1.453e-02 -6.993e-03
8.460e+01 1.470e-02 -1.133e-02
8.470e+01 1.168e-02 -1.443e-02
8.480e+01 -1.310e-03 -1.491e-02
8.490e+01 2.007e-03 -1.349e-02
8.500e+01 4.300e-03 -1.886e-02
8.510e+01 1.154e-02 -1.220e-02
8.520e+01 1.486e-03 -1.396e-02
8.530e+01 4.618e-03 -1.549e-02
8.540e+01 -6.282e-04 -1.198e-02
8.550e+01 1.604e-03 -1.430e-02
8.560e+01 -2.013e-04 -9.687e-03
8.570e+01 6.494e-03 -1.317e-02
8.580e+01 -4.623e-04 -1.546e-02
8.590e+01 8.773e-05 -1.121e-02
8.600e+01 1.556e-03 -8.920e-03
8.610e+01 1.225e-03 -1.815e-02
8.620e+01 -4.281e-03 -2.035e-02
8.630e+01 -4.714e-04 -1.660e-02
8.640e+01 3.920e-03 -1.279e-02
8.650e+01 -3.085e-03 -1.072e-02
8.660e+01 -2.085e-03 -1.467e-02
8.670e+01 8.443e-04 -1.571e-02
8.680e+01 -3.992e-03 -1.912e-02
8.690e+01 -7.773e-03 -2.284e-02
8.700e+01 -6.344e-03 -2.198e-02
8.710e+01 -8.491e-03 -1.959e-02
8.720e+01 -2.054e-03 -1.608e-02
8.730e+01 -7.120e-04 -1.027e-02
8.740e+01 -5.115e-03 -1.437e-02
8.750e+01 -5.567e-03 -1.309e-02
8.760e+01 -5.490e-03 -1.545e-02
8.770e+01 -1.404e-02 -2.036e-02
8.780e+01 -1.766e-02 -2.070e-02
8.790e+01 -6.283e-03 -2.377e-02
8.800e+01 -1.763e-03 -2.192e-02
8.810e+01 -6.628e-03 -2.019e-02
8.820e+01 -4.577e-03 -1.161e-02
8.830e+01 -1.074e-03 -1.951e-02
8.840e+01 -1.159e-03 -2.255e-02
8.850e+01 -6.630e-03 -3.191e-02
8.860e+01 -4.672e-03 -2.164e-02
8.870e+01 -2.944e-03 -1.449e-02
8.880e+01 3.971e-03 -1.483e-02
8.890e+01 4.152e-03 -1.037e-02
8.900e+01 4.640e-03 -1.060e-02
8.910e+01 -7.123e-04 -1.004e-02
8.920e+01 -2.163e-03 -2.132e-03
8.930e+01 -3.263e-03 5.764e-04
8.940e+01 -6.607e-03 -1.003e-02
8.950e+01 -5.623e-04 -8.682e-03
8.960e+01 -7.282e-03 -1.148e-02
8.970e+01 -3.121e-03 -9.230e-03
8.980e+01 -1.044e-03 -3.549e-03
8.990e+01 6.156e-03 2.462e-03
9.000e+01 3.093e-03 5.144e-03
9.010e+01 -3.499e-03 1.209e-02
9.020e+01 -7.404e-03 7.679e-03
9.030e+01 -1.582e-03 2.196e-03
9.040e+01 2.469e-03 4.298e-03
9.050e+01 5.892e-03 1.432e-04
9.060e+01 -3.173e-03 6.390e-03
9.070e+01 -1.214e-02 2.939e-03
9.080e+01 -1.273e-02 -6.751e-03
9.090e+01 -1.011e-02 -2.157e-03
9.100e+01 -6.608e-03 -1.311e-02
9.110e+01 -1.165e-02 -1.103e-02
9.120e+01 -4.275e-03 -2.764e-03
9.130e+01 -8.756e-03 -2.933e-03
9.140e+01 -2.850e-03 -3.860e-03
9.150e+01 1.302e-03 -2.785e-03
9.160e+01 7.174e-03 -4.875e-03
9.170e+01 2.081e-03 -5.734e-03
9.180e+01 7.444e-03 -2.598e-03
9.190e+01 1.027e-02 -6.934e-03
9.200e+01 3.361e-03 -7.075e-03
9.210e+01 2.973e-03 -4.806e-03
9.220e+01 3.118e-03 6.063e-03
9.230e+01 -5.116e-03 6.014e-03
9.240e+01 -1.047e-03 -2.221e-03
9.250e+01 -4.753e-03 3.259e-03
9.260e+01 -1.344e-03 -1.401e-03
9.270e+01 -6.467e-03 5.875e-03
9.280e+01 6.247e-03 5.037e-03
9.290e+01 8.215e-04 6.828e-03
9.300e+01 3.095e-03 7.032e-03
9.310e+01 8.931e-03 5.214e-04
9.320e+01 9.184e-03 -8.777e-04
9.330e+01 9.290e-03 1.194e-03
9.340e+01 2.152e-03 3.670e-04
9.350e+01 9.803e-03 7.238e-03
9.360e+01 6.091e-03 4.864e-03
9.370e+01 5.433e-03 5.501e-03
9.380e+01 3.954e-03 4.514e-03
9.390e+01 4.407e-03 3.748e-03
9.400e+01 8.014e-03 2.827e-03
9.410e+01 -5.534e-03 3.121e-03
9.420e+01 2.795e-03 5.827e-04
9.430e+01 7.102e-03 -1.421e-03
9.440e+01 1.053e-02 6.363e-04
9.450e+01 4.243e-03 -1.016e-03
9.460e+01 6.228e-03 1.572e-03
9.470e+01 1.126e-03 -4.491e-03
9.480e+01 -1.038e-03 -2.048e-03
9.490e+01 4.469e-03 -6.682e-03
9.500e+01 3.789e-03 -5.727e-03
9.510e+01 -5.081e-04 4.875e-04
9.520e+01 -3.986e-03 -2.515e-03
9.530e+01 4.926e-03 -3.993e-03
9.540e+01 5.446e-03 -4.474e-03
9.550e+01 4.288e-03 -2.259e-03
9.560e+01 8.189e-03 -1.061e-02
9.570e+01 1.320e-02 -9.152e-03
9.580e+01 4.700e-03 -4.051e-03
9.590e+01 1.295e-02 8.888e-04
9.600e+01 9.201e-03 -3.005e-03
9.610e+01 6.238e-03 -1.685e-03
9.620e+01 7.395e-03 -3.250e-03
9.630e+01 4.630e-03 -7.413e-04
9.640e+01 1.447e-02 -1.261e-02
9.650e+01 2.481e-03 -1.523e-03
9.660e+01 7.102e-03 -9.229e-03
9.670e+01 1.140e-02 -9.402e-03
9.680e+01 5.014e-03 -2.034e-02
9.690e+01 1.405e-03 -2.488e-02
9.700e+01 9.423e-03 -3.558e-02
9.710e+01 1.270e-02 -3.173e-02
9.720e+01 -5.033e-03 -3.578e-02
9.730e+01 -3.665e-03 -3.464e-02
9.740e+01 1.316e-03 -3.313e-02
9.750e+01 1.187e-03 -3.734e-02
9.760e+01 6.738e-03 -1.411e-02
9.770e+01 6.395e-03 -8.283e-03
9.780e+01 2.950e-03 -1.105e-02
9.790e+01 7.098e-04 -1.718e-02
9.800e+01 -1.538e-03 -2.759e-02
9.810e+01 -6.606e-03 -3.491e-02
9.820e+01 -8.278e-03 -1.816e-02
9.830e+01 -9.239e-03 -1.911e-02
9.840e+01 -2.564e-04 -2.529e-02
9.850e+01 -3.798e-03 -3.213e-02
9.860e+01 5.728e-03 -3.194e-02
9.870e+01 3.527e-03 -2.490e-02
9.880e+01 -1.719e-04 -1.786e-02
9.890e+01 -2.486e-03 -9.274e-03
9.900e+01 1.043e-03 -6.549e-03
9.910e+01 6.262e-03 -5.738e-03
9.920e+01 9.903e-03 -4.184e-03
9.930e+01 1.022e-02 -4.669e-03
9.940e+01 9.975e-03 -2.118e-03
9.950e+01 7.289e-03 -5.180e-03
9.960e+01 4.480e-03 -7.120e-03
9.970e+01 8.090e-03 -5.798e-03
9.980e+01 8.639e-03 -3.861e-03
9.990e+01 1.092e-02 -7.862e-03
