2.523538519664553892e+00
2.372019680785975915e+00
2.299494829115787731e+00
2.316225705345922314e+00
2.568830008685277555e+00
2.534384866496425470e+00
2.805810305088349388e+00
2.094144006526938107e+00
2.430491294515448431e+00
2.742937814691758902e+00
2.602832377622518845e+00
2.959278493006281430e+00
2.913325114243310310e+00
2.816145267761276827e+00
2.834934173505510913e+00
3.000313748091680388e+00
3.382350129239073855e+00
3.120962410529131592e+00
2.954242226940499094e+00
2.841059182734229083e+00
2.735165001404017193e+00
2.914267673783546453e+00
2.543039393811580950e+00
2.348449936083093270e+00
1.980216406157617515e+00
2.452049945006471443e+00
2.390365163383851410e+00
2.066032567723687485e+00
2.216359296150459457e+00
2.277391760077486005e+00
2.723226161935300205e+00
2.163694805394244192e+00
2.889695083286508925e+00
3.201353668794325813e+00
3.129406451138810219e+00
3.137661077883167504e+00
3.441868071185311351e+00
3.056615625559992999e+00
3.066603894725022261e+00
3.295025491591506039e+00
3.280887866827586041e+00
3.119319120253266853e+00
3.124014059706662128e+00
2.836359650939971555e+00
2.936003515048403845e+00
2.894237542200307711e+00
2.795500247073279709e+00
2.905072151946800130e+00
3.040202190409899696e+00
3.297650456122275475e+00
3.350773295309340316e+00
2.829445126809516431e+00
2.657645681214839684e+00
2.805042461857625291e+00
2.852720364841394574e+00
2.808346660700782316e+00
2.504673752173801837e+00
2.605833937212044038e+00
2.995829106288773414e+00
2.645881375035974425e+00
2.835219669595311576e+00
2.536461695693467799e+00
2.370468067393087352e+00
2.318428752944016846e+00
2.658519297668504144e+00
2.911591521433548824e+00
2.536260392739595915e+00
2.508741912867124224e+00
2.759483471848195535e+00
2.881234702289952931e+00
2.884379773974198535e+00
2.810157684630127939e+00
2.691838834978999895e+00
2.681145436135522697e+00
2.613432285555607582e+00
2.523162990169945274e+00
2.336095966566972049e+00
2.319221425016411153e+00
2.394772919416157109e+00
2.272318835676872872e+00
2.262407623914300281e+00
1.880564031830971761e+00
1.961739298559907141e+00
2.263747598012220585e+00
2.381968662235336875e+00
2.491099966122386267e+00
2.798617727139474542e+00
2.430164875913675360e+00
2.480719152232321534e+00
2.663639489430865925e+00
2.904144047837265319e+00
2.978599332006638623e+00
2.920841167767202151e+00
2.595769871530710482e+00
2.569486947882297478e+00
2.254054574325534688e+00
2.014323861639018887e+00
2.407324384774845782e+00
2.250504253863496729e+00
1.441661275485293103e+00
1.480967693782567540e+00
1.456740407696906825e+00
1.241895751878925314e+00
1.594917256325538713e+00
1.502552302064994016e+00
2.231442990522616743e+00
2.559347820092809034e+00
2.397610033219007342e+00
2.709933029585815945e+00
2.588939160215763646e+00
3.194727755816877846e+00
3.018179884457865558e+00
2.565829089190772017e+00
2.742413024947697231e+00
2.990290973855702639e+00
2.491953379235062549e+00
2.293389948262665623e+00
2.423996806827207084e+00
2.771209489336217580e+00
2.822626508496653308e+00
3.185745525507185594e+00
2.740034696162306993e+00
3.049592452634010797e+00
2.682576760682137795e+00
2.772309135232275956e+00
2.930195446577141816e+00
2.717835422327000039e+00
2.309718964466207503e+00
2.387307431208473663e+00
2.187405077512211804e+00
2.422023080265475858e+00
2.418855731534136133e+00
2.583674443716817759e+00
2.673211135359227608e+00
2.834141594231826655e+00
2.563759294995362481e+00
2.777843161104459391e+00
2.300318913850361913e+00
1.871318416161252385e+00
1.963201776826429379e+00
2.066827220718615354e+00
1.917717286112135211e+00
1.530131058359974316e+00
1.415317220362110273e+00
1.923553220886037751e+00
1.887594177842505605e+00
1.689164074778792823e+00
1.758194807479281252e+00
1.733789339995842393e+00
2.084636772934869153e+00
1.495193476221625239e+00
1.250057079748329247e+00
1.737086762049031563e+00
1.843100783307951573e+00
1.913635768856544406e+00
1.393133021294133522e+00
1.349320418638751518e+00
1.660031095196611517e+00
1.647210815566847897e+00
1.677141175268578310e+00
1.545287563165690603e+00
2.144466892471187602e+00
2.355713862786055213e+00
2.540444216456904769e+00
2.371375010157176000e+00
2.713582009938832140e+00
2.784495906866220949e+00
3.094258694938239351e+00
3.003907795492264832e+00
3.291570659848885860e+00
3.204608816613446098e+00
3.148085600308860421e+00
2.905077818236229792e+00
3.139153451456953015e+00
2.820571843826571001e+00
2.330652738904505306e+00
2.033677124752347076e+00
1.701804908539914063e+00
1.942285244954275125e+00
2.004816321079998964e+00
1.980447983592841243e+00
1.850571560126879289e+00
1.974582199839222785e+00
1.718247279555006113e+00
1.756003117916784317e+00
1.516902841034941885e+00
1.276370879578698325e+00
1.715108555113570743e+00
1.549299660277473567e+00
1.554665845068307295e+00
1.336900908907386221e+00
1.207245714137971770e+00
1.231883816374124141e+00
1.179784042015332712e+00
1.128787763259053722e+00
8.863939845646411353e-01
1.148609281354922018e+00
8.553044334192486664e-01
7.436646847727895748e-01
6.710856067584084483e-01
7.410062362532225944e-01
1.370685709868149305e+00
1.515065577422026077e+00
1.251410099416879529e+00
1.201175657396450713e+00
1.052021599985493605e+00
6.000182020774101899e-01
7.528088085017993203e-01
8.458405497602539125e-01
1.108022993088853214e+00
1.062436400073437426e+00
1.218218250721195162e+00
1.234336041537117623e+00
1.517972902845033722e+00
1.123503332065303395e+00
1.072759812751537201e+00
1.352833996173203657e+00
1.617900431777066883e+00
2.136436201683816538e+00
2.746650638162305036e+00
2.760048982111594107e+00
2.806920958232856922e+00
3.241138286532967872e+00
3.012439557823789471e+00
2.885745509292110711e+00
2.569044129297629375e+00
2.728003194986013291e+00
2.693165187084640699e+00
2.097523161125298241e+00
2.171981615353292483e+00
2.186922095769549212e+00
2.446412714492877338e+00
2.723982541676229108e+00
2.505618786898661909e+00
2.388037534623640212e+00
2.718974510462329519e+00
2.366326292379974827e+00
2.552271864543815827e+00
2.390951853345196110e+00
2.970774382942197533e+00
2.789190742533224743e+00
2.671968869035704408e+00
2.503865063902926291e+00
2.464375321445403166e+00
2.501860560973586445e+00
2.226974169214646082e+00
3.038005957565389714e+00
2.687833464672803707e+00
2.879109507175482641e+00
2.995409875094787289e+00
2.841148775552919226e+00
2.598492120603397737e+00
2.274984366693756144e+00
2.606056766486115173e+00
2.386021689422144654e+00
2.000947743305822257e+00
2.148592616840679259e+00
2.056458661009476163e+00
2.193817916187211114e+00
2.504872798990696481e+00
2.585151518161569406e+00
2.554679250391017398e+00
2.170262702625707973e+00
2.150511483014017067e+00
2.496586388045901383e+00
2.624164537246007178e+00
2.619997377248975745e+00
2.585666429711767744e+00
2.058390676932245533e+00
2.610445591901005891e+00
2.477152380097071394e+00
2.478908212730583038e+00
2.727905919534149071e+00
2.475589905471551777e+00
2.210244908624234839e+00
2.003736985684622773e+00
2.115302440760504776e+00
2.040450124347263916e+00
2.068732805683522358e+00
2.073703360468694079e+00
2.252661874293353073e+00
2.320829524673825528e+00
2.557080482120974274e+00
2.325331340699179794e+00
2.547028737855415503e+00
2.390765382150953577e+00
2.385726832045675039e+00
2.018088941132768266e+00
1.958598420465928580e+00
1.477175967351851416e+00
1.540861199985548824e+00
1.697323778237881609e+00
1.317449079417738034e+00
1.452720824514034392e+00
1.556453468508754101e+00
1.440654957416790838e+00
1.661489995471802317e+00
1.865801006903588188e+00
1.831045041717127120e+00
2.050641041118212105e+00
2.209617256383312522e+00
2.160556936177746135e+00
1.886423251118840794e+00
2.221914149077186096e+00
1.737848570801404424e+00
1.597783654433140077e+00
9.883292086803461274e-01
9.293043261268220112e-01
7.667178239619993896e-01
8.076296755073577582e-01
8.425722409769493826e-01
1.483755366315175239e+00
1.261107061027067378e+00
9.920853531258113644e-01
1.079816965538709539e+00
1.264452905151346673e+00
1.633825148512216829e+00
1.650182631853842397e+00
1.471406765710304043e+00
1.207395694394343355e+00
1.254663933056542557e+00
1.431945603142805723e+00
9.933537775322983654e-01
1.155225773387006383e+00
1.119538196002468400e+00
1.032201834151559305e+00
1.128425338054905636e+00
1.248155691320494975e+00
1.325722523172837120e+00
1.202570051623198299e+00
1.195234390307071459e+00
8.799736757142826438e-01
7.492472879826166388e-01
6.185157380278347716e-01
6.387861415261175679e-01
5.656550198691856490e-01
7.958374312152721730e-01
7.639391418379027909e-01
8.002176328659406090e-01
6.590485817121370937e-01
7.591323454561820228e-01
6.904663478533018539e-01
6.345456459729023058e-01
5.801053371089250899e-01
5.228751170022913897e-01
7.494617386971977879e-01
7.876127151528394821e-01
9.496208083371812103e-01
9.418610806957609105e-01
7.894073658456515208e-01
9.006334295426954295e-01
1.143824543642365743e+00
9.715698490597910464e-01
9.655506439397910645e-01
1.109845595261761186e+00
8.361739712263366320e-01
1.096505458651133802e+00
1.391137009499599841e+00
1.214956368854349877e+00
7.607633166434382144e-01
1.005146741317375358e+00
9.953671769922373125e-01
7.986877836889574311e-01
6.805856387555099252e-01
6.781372359192182619e-01
9.803479003493418276e-01
8.272253174901367245e-01
8.808461525243131973e-01
1.073741029593632046e+00
1.177339190360742638e+00
1.684155908260847712e+00
1.367207406076734522e+00
1.890348469374907525e+00
1.624867902310121348e+00
1.665513586726018458e+00
1.814100580644710359e+00
2.071142324331303186e+00
1.755291194304068325e+00
1.746896098914994866e+00
1.743425872844420299e+00
1.631660199540378331e+00
1.722842989975442496e+00
1.609615164050647085e+00
1.720227071786958550e+00
2.009130260463075857e+00
2.051019350649535333e+00
2.408044433258663464e+00
2.495563372284202774e+00
2.245931278013670873e+00
2.266570136216167874e+00
2.609476300277777217e+00
2.456494540470470334e+00
2.462000600859723942e+00
2.500323016098390916e+00
2.586222785896592935e+00
2.617622574173677386e+00
2.597804991800322316e+00
2.489006945723997166e+00
2.439820823058805654e+00
2.435209432141750785e+00
2.451917336205344355e+00
2.129152545084277648e+00
2.193298814089634785e+00
2.183948502698670691e+00
2.451475739700630818e+00
2.265869040673167412e+00
2.269486474942125298e+00
2.729445303140490608e+00
2.805214053865701107e+00
2.391435265153645684e+00
1.664502076014092280e+00
2.268107699426392898e+00
2.014300731975879444e+00
2.337449509004708048e+00
1.949810165231824710e+00
2.511264725008262033e+00
2.700533080819350396e+00
2.290405630475147447e+00
2.202553369977739983e+00
2.048884939332399568e+00
1.433461374168681690e+00
1.452398436945942617e+00
1.332437040733348121e+00
1.097010570576410160e+00
1.243207182801316035e+00
1.603916977602586558e+00
1.499768454532383277e+00
1.170011805352622059e+00
1.419307258593571985e+00
1.517690321799180841e+00
1.210970675310764522e+00
1.655447039708456414e+00
2.083173966623148132e+00
2.328383444889141618e+00
2.151246255454359435e+00
2.159742066634562363e+00
2.271874573449993218e+00
1.877651908988125173e+00
1.456472086009008571e+00
1.187577740100262957e+00
1.700247283119778574e+00
2.055809642729390596e+00
2.337982490770221133e+00
2.014765319455116277e+00
1.876572983233263825e+00
1.974195290223191179e+00
2.007193646027015443e+00
2.121407764977905952e+00
1.925716883260731205e+00
2.128922028108752862e+00
2.166370740066702716e+00
2.035526864255897905e+00
2.197869986389385133e+00
2.218090831739714108e+00
2.162478315843684218e+00
2.311776480468857642e+00
2.540474230092473640e+00
2.864729418601101862e+00
2.842518097986591830e+00
2.421427607959607986e+00
2.603216947891663136e+00
2.092210994269713353e+00
1.674243133584861543e+00
2.170340439876194516e+00
1.940886377863668910e+00
2.083154260675375458e+00
1.709267664843314494e+00
2.195657498835223098e+00
2.044190829550081467e+00
2.061279971551074564e+00
1.972668633587948861e+00
1.878942537928363965e+00
1.716671690884438162e+00
1.811079761159119617e+00
1.893527129957019994e+00
1.932263494997427333e+00
1.659283115651964735e+00
1.611022369097827367e+00
1.447594726327003034e+00
1.878234486075202936e+00
1.838600856508332937e+00
2.141884316793613241e+00
2.387605064884043671e+00
2.472305586061989136e+00
2.654380144365779515e+00
2.584515896496982101e+00
1.818192846967063847e+00
1.978040649335185419e+00
2.315547219980012006e+00
2.456989802028465952e+00
2.045861926941701547e+00
2.418120347058578368e+00
2.344787657369667322e+00
2.377508548917539599e+00
2.225104953492128779e+00
2.390493988623703991e+00
2.700950763725921355e+00
2.704073019541636480e+00
2.834980374905375466e+00
2.740657099995800650e+00
2.312122641566990655e+00
2.631483765176243494e+00
2.790455304270033743e+00
2.751689162113034381e+00
2.876910260243748851e+00
2.610960426933246481e+00
2.711881872745881772e+00
2.535817335105170489e+00
1.998711270146261709e+00
2.358654434809504430e+00
2.412217262028758746e+00
2.431756702791699531e+00
2.489035198921352166e+00
2.551693772863174114e+00
2.382787191117507142e+00
2.133004837112738361e+00
2.420429791013343213e+00
2.212341964734448219e+00
2.041614855230159176e+00
1.842647982857893441e+00
2.174848070925884169e+00
2.209841694144238922e+00
1.776777529935551270e+00
1.566380912120753921e+00
1.797077036078659873e+00
1.430831042556379495e+00
1.828110772910153115e+00
1.997789650155560981e+00
1.877063321782598493e+00
2.269236889305766613e+00
2.195888559018930319e+00
2.574613555048420821e+00
2.218824481559874773e+00
2.252139162969617026e+00
1.681134290352601202e+00
1.276367128515200067e+00
1.666869518407697370e+00
1.213778645046484028e+00
1.547181589554387227e+00
1.414420532911350836e+00
1.885258617369671041e+00
2.122938885373231166e+00
2.379179311676618891e+00
2.447317868978028166e+00
2.525110527008886940e+00
2.248011218468669359e+00
2.089815153644772217e+00
2.047972162016959530e+00
1.963792131382567252e+00
2.013847398540110412e+00
1.762207411594573614e+00
1.672827497445250611e+00
2.020340889006182472e+00
2.483704736471358920e+00
2.518920092271561106e+00
2.544949429535056762e+00
2.281703473804506110e+00
2.328063347153718432e+00
2.599716812209993400e+00
2.763453146793656501e+00
2.976244965134510423e+00
2.844647406282466484e+00
2.739103915590388461e+00
2.788463450151459355e+00
2.469364123125769250e+00
2.668677106959931766e+00
2.577851994715229633e+00
2.678165826969801877e+00
2.584658434667493232e+00
2.621478076260917334e+00
2.769881140701849542e+00
2.506998900689347831e+00
2.772544083433399198e+00
2.852733201770768279e+00
2.417343659413947243e+00
2.453725949134173856e+00
2.418736945390909110e+00
2.724205786756912495e+00
2.781423630028422522e+00
2.918288980314777792e+00
2.803789244762871391e+00
2.661104513786605175e+00
2.888188118272520200e+00
2.791392391896976299e+00
2.903555169067538966e+00
2.775278793385870912e+00
2.623214538296761322e+00
2.558523330439951060e+00
2.651127245670851007e+00
2.591295676157617578e+00
2.783834831864715031e+00
2.913704220099259778e+00
2.922638439925281606e+00
2.612506653128326750e+00
2.517510411427995365e+00
2.827500920432000520e+00
2.761780792539130225e+00
2.385073168241721664e+00
2.754829663056086453e+00
2.717224586221914429e+00
2.810363283207480745e+00
2.779237203205628948e+00
3.417746363245369512e+00
3.504050271560350982e+00
3.257864562404412911e+00
3.382573006920348568e+00
3.084909731253691056e+00
3.096178952795204165e+00
2.848974236759249656e+00
2.835902714657307477e+00
3.073201659156236776e+00
2.482200954883037713e+00
2.705780800679462139e+00
2.768863535947362564e+00
2.631024600671071134e+00
2.176526079820503945e+00
3.027857072012908990e+00
2.654211144393559429e+00
2.418754251729589466e+00
2.147209024592281246e+00
2.368348675171481954e+00
2.299033534914953769e+00
2.247383874490497924e+00
2.340599563715708875e+00
2.198605149938144265e+00
1.776751538740004133e+00
2.228800133358413316e+00
1.719030792688041043e+00
1.342631808133532001e+00
1.122952599913128457e+00
1.285322758411334698e+00
1.154098626601806066e+00
1.561355849395113626e+00
2.340732570269551616e+00
2.357507782409787200e+00
2.224263569335009016e+00
2.088520220217883416e+00
1.977096577195101235e+00
1.860183180358829791e+00
2.303552073700930958e+00
1.957435406973338843e+00
1.865726801784560518e+00
1.979793290256294913e+00
2.370193683259059103e+00
2.308699473842450445e+00
2.269931317756194833e+00
2.062534993442153741e+00
2.262910304573066966e+00
2.367826943779878679e+00
1.881997516602230247e+00
1.722583917982057455e+00
1.816903283051597651e+00
1.642452175958562632e+00
1.727119102843853948e+00
1.724976889910807332e+00
1.784537192987439180e+00
1.858038810211990910e+00
1.908023505826761168e+00
2.097787481290356304e+00
1.993081746041630797e+00
1.929969121436213131e+00
1.714647928134285682e+00
2.036081003695678238e+00
1.630045372340993781e+00
1.679901327499426555e+00
1.708142899099244216e+00
1.595619956728816735e+00
1.481852031378684931e+00
1.271109783854975417e+00
1.023326608288475326e+00
9.317481844447149664e-01
1.066377800239309614e+00
7.782481459568244553e-01
9.079902618799948755e-01
8.525102667583963623e-01
9.627368874770219076e-01
1.136192171499696979e+00
1.151934549700406318e+00
9.425303784691780873e-01
8.172618322672537960e-01
6.078320415311128100e-01
8.778360716332234137e-01
1.113907040259939141e+00
7.623640029274333374e-01
9.742060491592630100e-01
9.761333343196710866e-01
9.766994015955280384e-01
1.100032233826916839e+00
1.406689318879814854e+00
1.094144037258050650e+00
1.016904809786093544e+00
9.713335481835875251e-01
8.159431798358578458e-01
9.248442110453305443e-01
1.145414795510963701e+00
8.079710417370856712e-01
6.090837600876983782e-01
7.388481375338541435e-01
8.330589587793989503e-01
9.487087487274535880e-01
7.781051222732398021e-01
6.773131218033937584e-01
1.058712246036902505e+00
8.906114125903137335e-01
8.272780216055316549e-01
8.204357955447874051e-01
7.815736303262317275e-01
8.593281203871198093e-01
1.044709595293009441e+00
9.638816055312361408e-01
9.717882046631471926e-01
1.098851344722922230e+00
1.512870294961904394e+00
1.973376249911547475e+00
2.413692793109226464e+00
1.909448971344049895e+00
1.743272228194289841e+00
2.000784443760063702e+00
1.967281512329768889e+00
1.819318792791194239e+00
1.556015240312792702e+00
1.607964983754316846e+00
1.397502299442330287e+00
1.474788256681045073e+00
1.355887474774912338e+00
1.855316322479481084e+00
2.126384363183524862e+00
2.188996872869734656e+00
2.332080484692146793e+00
2.724677732720888645e+00
2.817945472695376985e+00
2.878013953033123240e+00
3.049442214370089665e+00
2.384059231143516477e+00
2.271732272126514296e+00
2.480604741921343948e+00
2.983005116438463666e+00
2.643110024727314489e+00
2.891846062096221637e+00
2.762891547952132321e+00
2.434616500989942978e+00
2.388977372397115939e+00
2.903947432051067423e+00
2.571805285122643170e+00
3.026394114143523328e+00
3.080709378043505531e+00
3.087818395201417765e+00
3.383788855490267089e+00
3.141726372082065843e+00
3.006040875151342995e+00
2.886562169366632791e+00
3.457310914744802233e+00
3.268616846119680730e+00
3.120228386070964532e+00
2.768415826756705833e+00
2.930950278839072887e+00
3.097684356265864913e+00
2.699110412490131949e+00
2.603133392194120432e+00
2.653443432086426856e+00
2.598483334507154296e+00
2.822650169042943524e+00
2.471433258816708722e+00
2.235923555858011280e+00
2.096809268541986349e+00
2.159864726656267386e+00
1.826815506457646121e+00
1.610237158198490004e+00
1.704208627154381928e+00
1.809145858453334643e+00
1.679672188432764113e+00
1.639937212502189823e+00
1.428234273853707048e+00
1.317089952011265996e+00
1.499544327292165136e+00
1.515722924570343411e+00
1.822132927818109538e+00
1.755146318263617333e+00
1.738834927539839370e+00
1.866188564467188060e+00
1.588524143227299623e+00
1.437081767717915737e+00
1.326183048169506939e+00
1.429647348693261266e+00
1.245347319633030247e+00
7.279144379457428427e-01
3.996353418481443098e-01
1.330554488981363415e+00
1.062861006182500789e+00
9.458898288729180592e-01
7.917667524677642898e-01
1.086221239762334756e+00
1.194420939270685489e+00
1.398366055033188449e+00
1.485843561192498052e+00
1.340568342963224691e+00
1.651055368215693431e+00
1.486441250113175405e+00
1.358875067550448401e+00
1.389550543039113739e+00
1.148054050461914999e+00
1.127044335907084083e+00
9.954560014395761325e-01
1.234528810107668573e+00
1.368124912706946139e+00
1.575567530278640049e+00
1.865893782692928937e+00
1.645334305416763288e+00
1.388590579971211270e+00
1.304182171340624752e+00
1.090267286962921078e+00
9.431057605120333198e-01
1.071512956337300260e+00
1.302774260579053989e+00
1.423660686392174579e+00
1.642084453270748368e+00
1.530681321896228742e+00
1.549916731347040777e+00
1.672793596141637362e+00
1.573705163914896676e+00
1.791683862078286449e+00
1.538616408355417686e+00
1.428186513607152541e+00
1.479999612058084280e+00
1.415546298781414025e+00
1.359069058747834458e+00
1.765929188791736548e+00
1.666978774529992879e+00
1.408208788371111631e+00
1.406275370945889058e+00
1.195421471199603847e+00
1.304639051855200016e+00
1.298548375445787606e+00
9.290944167568937484e-01
9.619308195780421622e-01
1.042529717899042252e+00
7.501168746084716510e-01
7.457736026440735522e-01
7.870128649375363050e-01
7.544085669364621882e-01
5.283972082221746192e-01
4.878834185720188898e-01
5.306869326704254375e-01
5.128196904582111859e-01
3.694159980338230787e-01
9.574219825737170231e-01
6.162427858417910409e-01
4.874906858115634067e-01
6.848941541782532783e-01
8.118403117768192567e-01
8.030103398990162678e-01
7.541773382120415814e-01
1.088481054826977878e+00
1.040801426933666729e+00
9.915075342399426450e-01
8.932881370092085049e-01
7.651134489091732105e-01
1.097109313730048274e+00
1.218540681584969976e+00
1.305812179647379834e+00
1.240814108818988348e+00
1.459360240424895760e+00
1.150677355985363359e+00
1.346077463612762815e+00
1.416655425771891741e+00
1.508128678030673075e+00
1.754166801143699050e+00
2.087364547554246830e+00
2.179157313999386059e+00
2.253645435644390904e+00
2.005939265164375929e+00
2.198941314484523346e+00
2.017256017293310055e+00
2.143200550367086343e+00
2.064773774642238102e+00
2.171978269727245170e+00
1.839858083758762586e+00
1.930894406379410455e+00
1.847883655393979252e+00
1.934665195562316864e+00
1.915978554851584859e+00
2.059406525450984571e+00
2.491157311986641254e+00
2.414683129419037400e+00
2.485564191405203349e+00
2.091475665770859749e+00
1.936140701455140611e+00
1.610896708914116404e+00
2.362689905951274039e+00
2.229104712968059676e+00
2.493747331124603672e+00
2.626976822404260226e+00
2.663190630705534190e+00
3.130177094959716744e+00
3.191001592455745328e+00
3.036482442205951759e+00
3.102828710967938441e+00
3.115626774294006474e+00
2.704081850967372969e+00
2.362783125543165941e+00
2.176571521111507757e+00
2.282422685176866306e+00
2.137635584322882032e+00
1.729247485191732991e+00
2.280187475444319212e+00
2.489770874122572586e+00
2.163762437584244580e+00
2.335156300351523662e+00
2.654832305191542563e+00
2.937191084548184339e+00
3.257494546910874700e+00
3.400655266940550092e+00
3.415926149568853099e+00
2.893168772892846796e+00
3.187642391408437081e+00
3.435223898049616142e+00
3.319326135076634987e+00
2.976885066235884558e+00
3.069010045471586068e+00
2.858041903281577589e+00
3.031056067703328250e+00
3.147954613391472645e+00
2.400681110586766920e+00
2.075082523039933236e+00
1.920806664722549684e+00
2.139000099718383563e+00
1.664272891696954249e+00
2.174739138948398320e+00
2.579233098902206756e+00
2.613432731989527635e+00
2.567127280080534923e+00
3.040778827782356863e+00
2.559803733558293715e+00
2.002408797807475160e+00
1.984743459422085632e+00
1.904142615237460756e+00
1.607479554426149537e+00
1.805011302098786130e+00
1.827748695649907162e+00
1.354436051689608345e+00
1.494797259554054403e+00
1.329089568429030033e+00
1.508416814929095517e+00
1.666975302135111026e+00
1.617451648582289181e+00
1.724760517081687983e+00
1.771313888302127548e+00
1.930102732278146549e+00
2.030068661394531571e+00
2.090163156888366736e+00
2.109380014577026952e+00
2.094604436191264352e+00
2.127954459682954713e+00
2.457741183462272438e+00
2.732651274583394407e+00
2.848099256210396391e+00
2.928059213803147820e+00
2.513527196440917599e+00
2.318647403075143831e+00
2.273404690032633901e+00
2.557041971256567514e+00
2.270470049271370083e+00
2.074546294555986936e+00
2.341406805173829042e+00
1.702046508823439552e+00
1.741455415555620778e+00
1.611390650312849671e+00
1.708225662643474418e+00
1.992029709997278575e+00
2.009044875225221016e+00
1.636090972012459677e+00
1.608883610756330684e+00
1.388599946582188771e+00
1.214264335509912307e+00
1.606076595491386927e+00
1.317637747100347534e+00
1.263995209469634728e+00
1.356036993494563969e+00
1.778662087477498543e+00
1.646715892896669642e+00
1.875810760030118818e+00
2.163188686583707110e+00
2.150169494944008441e+00
1.826841187353243967e+00
2.025841194841708326e+00
2.073524928152278957e+00
2.226745478854719629e+00
2.339096681753184637e+00
2.374913661820070576e+00
2.348222562735162278e+00
2.464420000258581656e+00
2.440969721262924441e+00
2.481296876844401034e+00
2.769301181572832338e+00
2.804267322076237523e+00
2.748293345303987945e+00
2.615121967634844058e+00
2.440834506322923758e+00
2.348875163292980073e+00
2.551196034274070712e+00
