# Time (ps)      real(F_0)      im(F_0)
0.000e+00 1.000e+00 0.000e+00
1.000e-01 9.368e-01 0.000e+00
2.000e-01 8.924e-01 0.000e+00
3.000e-01 7.969e-01 0.000e+00
4.000e-01 8.215e-01 0.000e+00
5.000e-01 7.797e-01 0.000e+00
6.000e-01 7.328e-01 0.000e+00
7.000e-01 7.078e-01 0.000e+00
8.000e-01 7.017e-01 0.000e+00
9.000e-01 7.485e-01 0.000e+00
1.000e+00 7.421e-01 0.000e+00
1.100e+00 7.522e-01 0.000e+00
1.200e+00 7.635e-01 0.000e+00
1.300e+00 8.016e-01 0.000e+00
1.400e+00 6.942e-01 0.000e+00
1.500e+00 7.084e-01 0.000e+00
1.600e+00 7.212e-01 0.000e+00
1.700e+00 6.887e-01 0.000e+00
1.800e+00 6.618e-01 0.000e+00
1.900e+00 6.880e-01 0.000e+00
2.000e+00 6.850e-01 0.000e+00
2.100e+00 6.773e-01 0.000e+00
2.200e+00 6.687e-01 0.000e+00
2.300e+00 6.998e-01 0.000e+00
2.400e+00 6.668e-01 0.000e+00
2.500e+00 6.108e-01 0.000e+00
2.600e+00 6.302e-01 0.000e+00
2.700e+00 6.633e-01 0.000e+00
2.800e+00 6.442e-01 0.000e+00
2.900e+00 6.289e-01 0.000e+00
3.000e+00 5.750e-01 0.000e+00
3.100e+00 6.202e-01 0.000e+00
3.200e+00 5.829e-01 0.000e+00
3.300e+00 5.839e-01 0.000e+00
3.400e+00 5.418e-01 0.000e+00
3.500e+00 5.893e-01 0.000e+00
3.600e+00 5.436e-01 0.000e+00
3.700e+00 6.049e-01 0.000e+00
3.800e+00 5.638e-01 0.000e+00
3.900e+00 5.231e-01 0.000e+00
4.000e+00 5.122e-01 0.000e+00
4.100e+00 5.199e-01 0.000e+00
4.200e+00 5.186e-01 0.000e+00
4.300e+00 5.348e-01 0.000e+00
4.400e+00 5.165e-01 0.000e+00
4.500e+00 4.533e-01 0.000e+00
4.600e+00 5.227e-01 0.000e+00
4.700e+00 4.923e-01 0.000e+00
4.800e+00 4.946e-01 0.000e+00
4.900e+00 4.842e-01 0.000e+00
5.000e+00 5.130e-01 0.000e+00
5.100e+00 5.352e-01 0.000e+00
5.200e+00 5.191e-01 0.000e+00
5.300e+00 4.814e-01 0.000e+00
5.400e+00 4.897e-01 0.000e+00
5.500e+00 4.344e-01 0.000e+00
5.600e+00 4.615e-01 0.000e+00
5.700e+00 4.498e-01 0.000e+00
5.800e+00 4.719e-01 0.000e+00
5.900e+00 4.774e-01 0.000e+00
6.000e+00 4.605e-01 0.000e+00
6.100e+00 4.333e-01 0.000e+00
6.200e+00 4.418e-01 0.000e+00
6.300e+00 4.490e-01 0.000e+00
6.400e+00 4.142e-01 0.000e+00
6.500e+00 4.323e-01 0.000e+00
6.600e+00 4.729e-01 0.000e+00
6.700e+00 4.752e-01 0.000e+00
6.800e+00 4.318e-01 0.000e+00
6.900e+00 4.252e-01 0.000e+00
7.000e+00 4.492e-01 0.000e+00
7.100e+00 4.352e-01 0.000e+00
7.200e+00 4.123e-01 0.000e+00
7.300e+00 4.111e-01 0.000e+00
7.400e+00 3.919e-01 0.000e+00
7.500e+00 3.739e-01 0.000e+00
7.600e+00 4.180e-01 0.000e+00
7.700e+00 4.317e-01 0.000e+00
7.800e+00 3.678e-01 0.000e+00
7.900e+00 3.805e-01 0.000e+00
8.000e+00 3.712e-01 0.000e+00
8.100e+00 3.688e-01 0.000e+00
8.200e+00 3.989e-01 0.000e+00
8.300e+00 3.564e-01 0.000e+00
8.400e+00 3.726e-01 0.000e+00
8.500e+00 3.398e-01 0.000e+00
8.600e+00 3.142e-01 0.000e+00
8.700e+00 3.555e-01 0.000e+00
8.800e+00 3.660e-01 0.000e+00
8.900e+00 3.950e-01 0.000e+00
9.000e+00 3.666e-01 0.000e+00
9.100e+00 3.573e-01 0.000e+00
9.200e+00 3.057e-01 0.000e+00
9.300e+00 3.035e-01 0.000e+00
9.400e+00 3.056e-01 0.000e+00
9.500e+00 2.981e-01 0.000e+00
9.600e+00 2.953e-01 0.000e+00
9.700e+00 2.686e-01 0.000e+00
9.800e+00 2.754e-01 0.000e+00
9.900e+00 3.006e-01 0.000e+00
1.000e+01 3.136e-01 0.000e+00
1.010e+01 2.816e-01 0.000e+00
1.020e+01 2.836e-01 0.000e+00
1.030e+01 3.055e-01 0.000e+00
1.040e+01 3.100e-01 0.000e+00
1.050e+01 3.050e-01 0.000e+00
1.060e+01 3.045e-01 0.000e+00
1.070e+01 3.290e-01 0.000e+00
1.080e+01 2.985e-01 0.000e+00
1.090e+01 2.893e-01 0.000e+00
1.100e+01 2.453e-01 0.000e+00
1.110e+01 2.402e-01 0.000e+00
1.120e+01 2.520e-01 0.000e+00
1.130e+01 2.854e-01 0.000e+00
1.140e+01 2.658e-01 0.000e+00
1.150e+01 2.981e-01 0.000e+00
1.160e+01 2.802e-01 0.000e+00
1.170e+01 2.718e-01 0.000e+00
1.180e+01 2.930e-01 0.000e+00
1.190e+01 2.305e-01 0.000e+00
1.200e+01 2.631e-01 0.000e+00
1.210e+01 2.700e-01 0.000e+00
1.220e+01 2.815e-01 0.000e+00
1.230e+01 2.624e-01 0.000e+00
1.240e+01 2.865e-01 0.000e+00
1.250e+01 2.842e-01 0.000e+00
1.260e+01 2.589e-01 0.000e+00
1.270e+01 2.818e-01 0.000e+00
1.280e+01 2.500e-01 0.000e+00
1.290e+01 2.378e-01 0.000e+00
1.300e+01 2.342e-01 0.000e+00
1.310e+01 2.265e-01 0.000e+00
1.320e+01 2.243e-01 0.000e+00
1.330e+01 2.191e-01 0.000e+00
1.340e+01 2.238e-01 0.000e+00
1.350e+01 2.240e-01 0.000e+00
1.360e+01 2.282e-01 0.000e+00
1.370e+01 2.417e-01 0.000e+00
1.380e+01 2.238e-01 0.000e+00
1.390e+01 2.293e-01 0.000e+00
1.400e+01 2.248e-01 0.000e+00
1.410e+01 2.347e-01 0.000e+00
1.420e+01 2.492e-01 0.000e+00
1.430e+01 2.529e-01 0.000e+00
1.440e+01 2.249e-01 0.000e+00
1.450e+01 2.142e-01 0.000e+00
1.460e+01 2.314e-01 0.000e+00
1.470e+01 2.451e-01 0.000e+00
1.480e+01 2.229e-01 0.000e+00
1.490e+01 2.495e-01 0.000e+00
1.500e+01 2.172e-01 0.000e+00
1.510e+01 2.132e-01 0.000e+00
1.520e+01 2.095e-01 0.000e+00
1.530e+01 2.246e-01 0.000e+00
1.540e+01 2.167e-01 0.000e+00
1.550e+01 2.215e-01 0.000e+00
1.560e+01 2.234e-01 0.000e+00
1.570e+01 2.396e-01 0.000e+00
1.580e+01 2.103e-01 0.000e+00
1.590e+01 2.249e-01 0.000e+00
1.600e+01 2.238e-01 0.000e+00
1.610e+01 2.256e-01 0.000e+00
1.620e+01 2.164e-01 0.000e+00
1.630e+01 2.141e-01 0.000e+00
1.640e+01 2.188e-01 0.000e+00
1.650e+01 2.164e-01 0.000e+00
1.660e+01 2.423e-01 0.000e+00
1.670e+01 1.906e-01 0.000e+00
1.680e+01 2.037e-01 0.000e+00
1.690e+01 1.941e-01 0.000e+00
1.700e+01 1.934e-01 0.000e+00
1.710e+01 1.658e-01 0.000e+00
1.720e+01 1.815e-01 0.000e+00
1.730e+01 1.602e-01 0.000e+00
1.740e+01 1.641e-01 0.000e+00
1.750e+01 1.571e-01 0.000e+00
1.760e+01 1.772e-01 0.000e+00
1.770e+01 1.724e-01 0.000e+00
1.780e+01 1.982e-01 0.000e+00
1.790e+01 2.159e-01 0.000e+00
1.800e+01 1.958e-01 0.000e+00
1.810e+01 1.988e-01 0.000e+00
1.820e+01 1.960e-01 0.000e+00
1.830e+01 2.080e-01 0.000e+00
1.840e+01 2.130e-01 0.000e+00
1.850e+01 2.099e-01 0.000e+00
1.860e+01 2.271e-01 0.000e+00
1.870e+01 2.408e-01 0.000e+00
1.880e+01 2.008e-01 0.000e+00
1.890e+01 2.085e-01 0.000e+00
1.900e+01 2.165e-01 0.000e+00
1.910e+01 2.221e-01 0.000e+00
1.920e+01 2.222e-01 0.000e+00
1.930e+01 2.177e-01 0.000e+00
1.940e+01 1.916e-01 0.000e+00
1.950e+01 2.045e-01 0.000e+00
1.960e+01 2.479e-01 0.000e+00
1.970e+01 2.049e-01 0.000e+00
1.980e+01 1.987e-01 0.000e+00
1.990e+01 1.657e-01 0.000e+00
2.000e+01 1.785e-01 0.000e+00
2.010e+01 2.122e-01 0.000e+00
2.020e+01 1.900e-01 0.000e+00
2.030e+01 2.065e-01 0.000e+00
2.040e+01 2.155e-01 0.000e+00
2.050e+01 1.993e-01 0.000e+00
2.060e+01 2.105e-01 0.000e+00
2.070e+01 2.085e-01 0.000e+00
2.080e+01 1.854e-01 0.000e+00
2.090e+01 1.711e-01 0.000e+00
2.100e+01 1.777e-01 0.000e+00
2.110e+01 1.705e-01 0.000e+00
2.120e+01 1.677e-01 0.000e+00
2.130e+01 1.820e-01 0.000e+00
2.140e+01 1.770e-01 0.000e+00
2.150e+01 1.954e-01 0.000e+00
2.160e+01 1.878e-01 0.000e+00
2.170e+01 1.837e-01 0.000e+00
2.180e+01 1.848e-01 0.000e+00
2.190e+01 1.730e-01 0.000e+00
2.200e+01 1.800e-01 0.000e+00
2.210e+01 1.674e-01 0.000e+00
2.220e+01 1.681e-01 0.000e+00
2.230e+01 1.773e-01 0.000e+00
2.240e+01 1.589e-01 0.000e+00
2.250e+01 1.518e-01 0.000e+00
2.260e+01 1.636e-01 0.000e+00
2.270e+01 1.875e-01 0.000e+00
2.280e+01 1.959e-01 0.000e+00
2.290e+01 2.012e-01 0.000e+00
2.300e+01 2.023e-01 0.000e+00
2.310e+01 1.776e-01 0.000e+00
2.320e+01 1.561e-01 0.000e+00
2.330e+01 1.848e-01 0.000e+00
2.340e+01 1.677e-01 0.000e+00
2.350e+01 1.616e-01 0.000e+00
2.360e+01 1.542e-01 0.000e+00
2.370e+01 1.764e-01 0.000e+00
2.380e+01 1.603e-01 0.000e+00
2.390e+01 1.734e-01 0.000e+00
2.400e+01 1.742e-01 0.000e+00
2.410e+01 1.783e-01 0.000e+00
2.420e+01 1.442e-01 0.000e+00
2.430e+01 1.593e-01 0.000e+00
2.440e+01 1.496e-01 0.000e+00
2.450e+01 1.544e-01 0.000e+00
2.460e+01 1.697e-01 0.000e+00
2.470e+01 1.716e-01 0.000e+00
2.480e+01 1.431e-01 0.000e+00
2.490e+01 1.377e-01 0.000e+00
2.500e+01 1.266e-01 0.000e+00
2.510e+01 8.354e-02 0.000e+00
2.520e+01 5.741e-02 0.000e+00
2.530e+01 9.057e-02 0.000e+00
2.540e+01 8.639e-02 0.000e+00
2.550e+01 6.301e-02 0.000e+00
2.560e+01 7.181e-02 0.000e+00
2.570e+01 9.910e-02 0.000e+00
2.580e+01 9.333e-02 0.000e+00
2.590e+01 8.437e-02 0.000e+00
2.600e+01 8.103e-02 0.000e+00
2.610e+01 6.542e-02 0.000e+00
2.620e+01 1.084e-01 0.000e+00
2.630e+01 1.200e-01 0.000e+00
2.640e+01 1.221e-01 0.000e+00
2.650e+01 1.243e-01 0.000e+00
2.660e+01 1.185e-01 0.000e+00
2.670e+01 9.952e-02 0.000e+00
2.680e+01 1.101e-01 0.000e+00
2.690e+01 1.058e-01 0.000e+00
2.700e+01 1.058e-01 0.000e+00
2.710e+01 7.792e-02 0.000e+00
2.720e+01 7.285e-02 0.000e+00
2.730e+01 6.190e-02 0.000e+00
2.740e+01 5.832e-02 0.000e+00
2.750e+01 4.459e-02 0.000e+00
2.760e+01 9.132e-02 0.000e+00
2.770e+01 1.188e-01 0.000e+00
2.780e+01 9.639e-02 0.000e+00
2.790e+01 1.097e-01 0.000e+00
2.800e+01 1.034e-01 0.000e+00
2.810e+01 9.983e-02 0.000e+00
2.820e+01 1.174e-01 0.000e+00
2.830e+01 1.213e-01 0.000e+00
2.840e+01 1.174e-01 0.000e+00
2.850e+01 1.218e-01 0.000e+00
2.860e+01 1.145e-01 0.000e+00
2.870e+01 9.618e-02 0.000e+00
2.880e+01 1.047e-01 0.000e+00
2.890e+01 9.002e-02 0.000e+00
2.900e+01 7.703e-02 0.000e+00
2.910e+01 1.131e-01 0.000e+00
2.920e+01 1.065e-01 0.000e+00
2.930e+01 1.077e-01 0.000e+00
2.940e+01 1.294e-01 0.000e+00
2.950e+01 1.346e-01 0.000e+00
2.960e+01 1.383e-01 0.000e+00
2.970e+01 1.062e-01 0.000e+00
2.980e+01 1.067e-01 0.000e+00
2.990e+01 1.211e-01 0.000e+00
3.000e+01 1.015e-01 0.000e+00
3.010e+01 9.596e-02 0.000e+00
3.020e+01 1.044e-01 0.000e+00
3.030e+01 9.296e-02 0.000e+00
3.040e+01 1.087e-01 0.000e+00
3.050e+01 6.943e-02 0.000e+00
3.060e+01 8.756e-02 0.000e+00
3.070e+01 1.090e-01 0.000e+00
3.080e+01 1.177e-01 0.000e+00
3.090e+01 1.378e-01 0.000e+00
3.100e+01 1.214e-01 0.000e+00
3.110e+01 1.104e-01 0.000e+00
3.120e+01 1.335e-01 0.000e+00
3.130e+01 1.186e-01 0.000e+00
3.140e+01 1.008e-01 0.000e+00
3.150e+01 9.261e-02 0.000e+00
3.160e+01 1.020e-01 0.000e+00
3.170e+01 7.801e-02 0.000e+00
3.180e+01 9.015e-02 0.000e+00
3.190e+01 7.861e-02 0.000e+00
3.200e+01 1.017e-01 0.000e+00
3.210e+01 9.186e-02 0.000e+00
3.220e+01 7.336e-02 0.000e+00
3.230e+01 8.591e-02 0.000e+00
3.240e+01 9.939e-02 0.000e+00
3.250e+01 9.465e-02 0.000e+00
3.260e+01 1.065e-01 0.000e+00
3.270e+01 9.458e-02 0.000e+00
3.280e+01 1.030e-01 0.000e+00
3.290e+01 1.043e-01 0.000e+00
3.300e+01 1.273e-01 0.000e+00
3.310e+01 1.095e-01 0.000e+00
3.320e+01 1.154e-01 0.000e+00
3.330e+01 1.083e-01 0.000e+00
3.340e+01 1.095e-01 0.000e+00
3.350e+01 1.178e-01 0.000e+00
3.360e+01 9.134e-02 0.000e+00
3.370e+01 1.372e-01 0.000e+00
3.380e+01 1.104e-01 0.000e+00
3.390e+01 1.128e-01 0.000e+00
3.400e+01 8.375e-02 0.000e+00
3.410e+01 8.486e-02 0.000e+00
3.420e+01 9.407e-02 0.000e+00
3.430e+01 1.070e-01 0.000e+00
3.440e+01 1.083e-01 0.000e+00
3.450e+01 1.061e-01 0.000e+00
3.460e+01 1.003e-01 0.000e+00
3.470e+01 8.416e-02 0.000e+00
3.480e+01 9.691e-02 0.000e+00
3.490e+01 7.948e-02 0.000e+00
3.500e+01 9.307e-02 0.000e+00
3.510e+01 9.080e-02 0.000e+00
3.520e+01 9.499e-02 0.000e+00
3.530e+01 7.641e-02 0.000e+00
3.540e+01 9.492e-02 0.000e+00
3.550e+01 6.848e-02 0.000e+00
3.560e+01 8.696e-02 0.000e+00
3.570e+01 8.692e-02 0.000e+00
3.580e+01 9.270e-02 0.000e+00
3.590e+01 1.083e-01 0.000e+00
3.600e+01 1.022e-01 0.000e+00
3.610e+01 8.671e-02 0.000e+00
3.620e+01 8.483e-02 0.000e+00
3.630e+01 7.423e-02 0.000e+00
3.640e+01 7.097e-02 0.000e+00
3.650e+01 6.764e-02 0.000e+00
3.660e+01 9.376e-02 0.000e+00
3.670e+01 9.432e-02 0.000e+00
3.680e+01 8.580e-02 0.000e+00
3.690e+01 8.388e-02 0.000e+00
3.700e+01 9.452e-02 0.000e+00
3.710e+01 1.010e-01 0.000e+00
3.720e+01 7.784e-02 0.000e+00
3.730e+01 7.366e-02 0.000e+00
3.740e+01 6.479e-02 0.000e+00
3.750e+01 6.932e-02 0.000e+00
3.760e+01 6.108e-02 0.000e+00
3.770e+01 6.310e-02 0.000e+00
3.780e+01 8.433e-02 0.000e+00
3.790e+01 7.538e-02 0.000e+00
3.800e+01 9.771e-02 0.000e+00
3.810e+01 1.031e-01 0.000e+00
3.820e+01 1.056e-01 0.000e+00
3.830e+01 1.054e-01 0.000e+00
3.840e+01 1.010e-01 0.000e+00
3.850e+01 8.980e-02 0.000e+00
3.860e+01 1.033e-01 0.000e+00
3.870e+01 9.748e-02 0.000e+00
3.880e+01 1.090e-01 0.000e+00
3.890e+01 8.724e-02 0.000e+00
3.900e+01 9.169e-02 0.000e+00
3.910e+01 1.096e-01 0.000e+00
3.920e+01 8.628e-02 0.000e+00
3.930e+01 8.766e-02 0.000e+00
3.940e+01 8.612e-02 0.000e+00
3.950e+01 6.418e-02 0.000e+00
3.960e+01 5.530e-02 0.000e+00
3.970e+01 5.276e-02 0.000e+00
3.980e+01 5.932e-02 0.000e+00
3.990e+01 7.050e-02 0.000e+00
4.000e+01 7.069e-02 0.000e+00
4.010e+01 5.734e-02 0.000e+00
4.020e+01 6.296e-02 0.000e+00
4.030e+01 7.597e-02 0.000e+00
4.040e+01 6.390e-02 0.000e+00
4.050e+01 8.128e-02 0.000e+00
4.060e+01 8.475e-02 0.000e+00
4.070e+01 9.743e-02 0.000e+00
4.080e+01 8.585e-02 0.000e+00
4.090e+01 8.189e-02 0.000e+00
4.100e+01 5.828e-02 0.000e+00
4.110e+01 5.640e-02 0.000e+00
4.120e+01 2.609e-02 0.000e+00
4.130e+01 2.096e-02 0.000e+00
4.140e+01 1.853e-02 0.000e+00
4.150e+01 3.190e-02 0.000e+00
4.160e+01 3.512e-02 0.000e+00
4.170e+01 4.906e-02 0.000e+00
4.180e+01 5.696e-02 0.000e+00
4.190e+01 2.908e-02 0.000e+00
4.200e+01 2.430e-02 0.000e+00
4.210e+01 2.971e-02 0.000e+00
4.220e+01 4.056e-02 0.000e+00
4.230e+01 3.711e-02 0.000e+00
4.240e+01 2.422e-02 0.000e+00
4.250e+01 3.366e-02 0.000e+00
4.260e+01 2.591e-02 0.000e+00
4.270e+01 6.096e-02 0.000e+00
4.280e+01 6.940e-02 0.000e+00
4.290e+01 7.330e-02 0.000e+00
4.300e+01 6.312e-02 0.000e+00
4.310e+01 6.455e-02 0.000e+00
4.320e+01 6.303e-02 0.000e+00
4.330e+01 1.178e-02 0.000e+00
4.340e+01 1.722e-02 0.000e+00
4.350e+01 1.691e-02 0.000e+00
4.360e+01 5.107e-02 0.000e+00
4.370e+01 5.126e-02 0.000e+00
4.380e+01 3.745e-02 0.000e+00
4.390e+01 4.475e-02 0.000e+00
4.400e+01 5.875e-02 0.000e+00
4.410e+01 6.403e-02 0.000e+00
4.420e+01 7.374e-02 0.000e+00
4.430e+01 6.552e-02 0.000e+00
4.440e+01 6.040e-02 0.000e+00
4.450e+01 4.318e-02 0.000e+00
4.460e+01 6.041e-02 0.000e+00
4.470e+01 6.184e-02 0.000e+00
4.480e+01 3.713e-02 0.000e+00
4.490e+01 6.096e-02 0.000e+00
4.500e+01 5.463e-02 0.000e+00
4.510e+01 5.230e-02 0.000e+00
4.520e+01 5.574e-02 0.000e+00
4.530e+01 5.091e-02 0.000e+00
4.540e+01 3.773e-02 0.000e+00
4.550e+01 2.868e-02 0.000e+00
4.560e+01 4.447e-02 0.000e+00
4.570e+01 6.132e-02 0.000e+00
4.580e+01 3.193e-02 0.000e+00
4.590e+01 4.834e-02 0.000e+00
4.600e+01 6.212e-02 0.000e+00
4.610e+01 7.094e-02 0.000e+00
4.620e+01 6.576e-02 0.000e+00
4.630e+01 5.539e-02 0.000e+00
4.640e+01 5.948e-02 0.000e+00
4.650e+01 6.826e-02 0.000e+00
4.660e+01 7.641e-02 0.000e+00
4.670e+01 4.617e-02 0.000e+00
4.680e+01 3.426e-02 0.000e+00
4.690e+01 3.938e-02 0.000e+00
4.700e+01 4.647e-02 0.000e+00
4.710e+01 3.909e-02 0.000e+00
4.720e+01 5.160e-02 0.000e+00
4.730e+01 4.038e-02 0.000e+00
4.740e+01 4.484e-02 0.000e+00
4.750e+01 5.115e-02 0.000e+00
4.760e+01 4.636e-02 0.000e+00
4.770e+01 3.281e-02 0.000e+00
4.780e+01 2.798e-02 0.000e+00
4.790e+01 4.063e-02 0.000e+00
4.800e+01 5.072e-02 0.000e+00
4.810e+01 5.991e-02 0.000e+00
4.820e+01 7.659e-02 0.000e+00
4.830e+01 6.184e-02 0.000e+00
4.840e+01 6.536e-02 0.000e+00
4.850e+01 4.040e-02 0.000e+00
4.860e+01 5.957e-02 0.000e+00
4.870e+01 6.461e-02 0.000e+00
4.880e+01 5.315e-02 0.000e+00
4.890e+01 6.974e-02 0.000e+00
4.900e+01 4.568e-02 0.000e+00
4.910e+01 1.475e-02 0.000e+00
4.920e+01 4.988e-02 0.000e+00
4.930e+01 4.557e-02 0.000e+00
4.940e+01 5.978e-02 0.000e+00
4.950e+01 5.489e-02 0.000e+00
4.960e+01 4.608e-02 0.000e+00
4.970e+01 3.827e-02 0.000e+00
4.980e+01 4.929e-02 0.000e+00
4.990e+01 6.530e-02 0.000e+00
5.000e+01 7.316e-02 0.000e+00
5.010e+01 1.054e-01 0.000e+00
5.020e+01 8.987e-02 0.000e+00
5.030e+01 6.398e-02 0.000e+00
5.040e+01 4.725e-02 0.000e+00
5.050e+01 4.515e-02 0.000e+00
5.060e+01 4.079e-02 0.000e+00
5.070e+01 4.298e-02 0.000e+00
5.080e+01 4.228e-02 0.000e+00
5.090e+01 4.840e-02 0.000e+00
5.100e+01 2.758e-02 0.000e+00
5.110e+01 2.874e-02 0.000e+00
5.120e+01 2.260e-02 0.000e+00
5.130e+01 3.596e-02 0.000e+00
5.140e+01 2.785e-02 0.000e+00
5.150e+01 3.988e-02 0.000e+00
5.160e+01 3.460e-02 0.000e+00
5.170e+01 3.777e-02 0.000e+00
5.180e+01 2.516e-02 0.000e+00
5.190e+01 3.572e-02 0.000e+00
5.200e+01 2.264e-02 0.000e+00
5.210e+01 4.257e-02 0.000e+00
5.220e+01 3.713e-02 0.000e+00
5.230e+01 2.146e-02 0.000e+00
5.240e+01 2.604e-02 0.000e+00
5.250e+01 9.904e-03 0.000e+00
5.260e+01 1.672e-02 0.000e+00
5.270e+01 1.197e-02 0.000e+00
5.280e+01 1.707e-02 0.000e+00
5.290e+01 1.749e-02 0.000e+00
5.300e+01 1.992e-02 0.000e+00
5.310e+01 2.173e-02 0.000e+00
5.320e+01 4.553e-02 0.000e+00
5.330e+01 2.600e-02 0.000e+00
5.340e+01 3.000e-02 0.000e+00
5.350e+01 3.442e-02 0.000e+00
5.360e+01 2.879e-02 0.000e+00
5.370e+01 1.848e-02 0.000e+00
5.380e+01 3.907e-02 0.000e+00
5.390e+01 4.731e-02 0.000e+00
5.400e+01 3.519e-02 0.000e+00
5.410e+01 2.637e-02 0.000e+00
5.420e+01 2.891e-02 0.000e+00
5.430e+01 4.121e-03 0.000e+00
5.440e+01 2.346e-02 0.000e+00
5.450e+01 3.259e-02 0.000e+00
5.460e+01 2.739e-02 0.000e+00
5.470e+01 1.548e-02 0.000e+00
5.480e+01 3.466e-02 0.000e+00
5.490e+01 3.027e-02 0.000e+00
5.500e+01 1.911e-02 0.000e+00
5.510e+01 3.353e-02 0.000e+00
5.520e+01 2.533e-02 0.000e+00
5.530e+01 1.012e-02 0.000e+00
5.540e+01 1.283e-02 0.000e+00
5.550e+01 2.095e-02 0.000e+00
5.560e+01 2.191e-02 0.000e+00
5.570e+01 8.762e-03 0.000e+00
5.580e+01 2.911e-02 0.000e+00
5.590e+01 2.816e-02 0.000e+00
5.600e+01 3.472e-02 0.000e+00
5.610e+01 1.186e-02 0.000e+00
5.620e+01 1.309e-02 0.000e+00
5.630e+01 6.951e-03 0.000e+00
5.640e+01 2.014e-02 0.000e+00
5.650e+01 1.097e-02 0.000e+00
5.660e+01 1.835e-02 0.000e+00
5.670e+01 8.295e-03 0.000e+00
5.680e+01 1.941e-02 0.000e+00
5.690e+01 2.527e-02 0.000e+00
5.700e+01 3.013e-02 0.000e+00
5.710e+01 1.168e-02 0.000e+00
5.720e+01 2.215e-02 0.000e+00
5.730e+01 3.417e-02 0.000e+00
5.740e+01 3.714e-02 0.000e+00
5.750e+01 4.878e-02 0.000e+00
5.760e+01 3.500e-02 0.000e+00
5.770e+01 5.006e-02 0.000e+00
5.780e+01 4.256e-02 0.000e+00
5.790e+01 3.650e-02 0.000e+00
5.800e+01 3.294e-02 0.000e+00
5.810e+01 3.692e-02 0.000e+00
5.820e+01 3.958e-02 0.000e+00
5.830e+01 4.620e-02 0.000e+00
5.840e+01 4.648e-02 0.000e+00
5.850e+01 4.910e-02 0.000e+00
5.860e+01 4.878e-02 0.000e+00
5.870e+01 5.877e-02 0.000e+00
5.880e+01 5.492e-02 0.000e+00
5.890e+01 5.007e-02 0.000e+00
5.900e+01 4.575e-02 0.000e+00
5.910e+01 2.910e-02 0.000e+00
5.920e+01 2.588e-02 0.000e+00
5.930e+01 3.109e-02 0.000e+00
5.940e+01 2.740e-02 0.000e+00
5.950e+01 2.727e-02 0.000e+00
5.960e+01 2.649e-02 0.000e+00
5.970e+01 2.227e-02 0.000e+00
5.980e+01 2.451e-02 0.000e+00
5.990e+01 2.093e-02 0.000e+00
6.000e+01 1.506e-02 0.000e+00
6.010e+01 1.487e-02 0.000e+00
6.020e+01 1.399e-02 0.000e+00
6.030e+01 2.045e-02 0.000e+00
6.040e+01 2.798e-02 0.000e+00
6.050e+01 1.540e-02 0.000e+00
6.060e+01 1.975e-02 0.000e+00
6.070e+01 8.994e-03 0.000e+00
6.080e+01 -9.311e-04 0.000e+00
6.090e+01 -9.755e-03 0.000e+00
6.100e+01 2.263e-03 0.000e+00
6.110e+01 4.518e-03 0.000e+00
6.120e+01 1.623e-03 0.000e+00
6.130e+01 1.867e-02 0.000e+00
6.140e+01 2.369e-02 0.000e+00
6.150e+01 2.282e-02 0.000e+00
6.160e+01 1.851e-02 0.000e+00
6.170e+01 3.097e-02 0.000e+00
6.180e+01 3.516e-02 0.000e+00
6.190e+01 3.060e-02 0.000e+00
6.200e+01 3.316e-02 0.000e+00
6.210e+01 2.657e-02 0.000e+00
6.220e+01 2.557e-02 0.000e+00
6.230e+01 1.390e-02 0.000e+00
6.240e+01 1.342e-02 0.000e+00
6.250e+01 2.526e-02 0.000e+00
6.260e+01 3.110e-02 0.000e+00
6.270e+01 2.899e-02 0.000e+00
6.280e+01 1.569e-02 0.000e+00
6.290e+01 2.024e-02 0.000e+00
6.300e+01 2.621e-02 0.000e+00
6.310e+01 3.278e-02 0.000e+00
6.320e+01 2.495e-02 0.000e+00
6.330e+01 2.235e-02 0.000e+00
6.340e+01 2.377e-02 0.000e+00
6.350e+01 2.211e-02 0.000e+00
6.360e+01 2.519e-02 0.000e+00
6.370e+01 2.423e-02 0.000e+00
6.380e+01 2.851e-02 0.000e+00
6.390e+01 3.663e-02 0.000e+00
6.400e+01 3.278e-02 0.000e+00
6.410e+01 3.326e-02 0.000e+00
6.420e+01 3.378e-02 0.000e+00
6.430e+01 3.839e-02 0.000e+00
6.440e+01 3.864e-02 0.000e+00
6.450e+01 3.820e-02 0.000e+00
6.460e+01 3.321e-02 0.000e+00
6.470e+01 2.962e-02 0.000e+00
6.480e+01 2.049e-02 0.000e+00
6.490e+01 3.050e-02 0.000e+00
6.500e+01 3.111e-02 0.000e+00
6.510e+01 3.062e-02 0.000e+00
6.520e+01 4.303e-02 0.000e+00
6.530e+01 3.508e-02 0.000e+00
6.540e+01 3.007e-02 0.000e+00
6.550e+01 3.479e-02 0.000e+00
6.560e+01 3.022e-02 0.000e+00
6.570e+01 4.419e-02 0.000e+00
6.580e+01 3.943e-02 0.000e+00
6.590e+01 4.009e-02 0.000e+00
6.600e+01 4.163e-02 0.000e+00
6.610e+01 5.864e-02 0.000e+00
6.620e+01 6.300e-02 0.000e+00
6.630e+01 7.152e-02 0.000e+00
6.640e+01 6.329e-02 0.000e+00
6.650e+01 5.045e-02 0.000e+00
6.660e+01 4.270e-02 0.000e+00
6.670e+01 4.429e-02 0.000e+00
6.680e+01 3.847e-02 0.000e+00
6.690e+01 3.213e-02 0.000e+00
6.700e+01 3.228e-02 0.000e+00
6.710e+01 3.023e-02 0.000e+00
6.720e+01 2.662e-02 0.000e+00
6.730e+01 2.785e-02 0.000e+00
6.740e+01 2.375e-02 0.000e+00
6.750e+01 2.299e-02 0.000e+00
6.760e+01 2.174e-02 0.000e+00
6.770e+01 2.477e-02 0.000e+00
6.780e+01 2.328e-02 0.000e+00
6.790e+01 2.020e-02 0.000e+00
6.800e+01 2.802e-02 0.000e+00
6.810e+01 3.070e-02 0.000e+00
6.820e+01 3.414e-02 0.000e+00
6.830e+01 3.357e-02 0.000e+00
6.840e+01 3.479e-02 0.000e+00
6.850e+01 3.571e-02 0.000e+00
6.860e+01 3.299e-02 0.000e+00
6.870e+01 3.438e-02 0.000e+00
6.880e+01 3.371e-02 0.000e+00
6.890e+01 3.117e-02 0.000e+00
6.900e+01 3.457e-02 0.000e+00
6.910e+01 3.765e-02 0.000e+00
6.920e+01 3.563e-02 0.000e+00
6.930e+01 3.412e-02 0.000e+00
6.940e+01 3.396e-02 0.000e+00
6.950e+01 2.904e-02 0.000e+00
6.960e+01 2.613e-02 0.000e+00
6.970e+01 2.584e-02 0.000e+00
6.980e+01 2.754e-02 0.000e+00
6.990e+01 2.964e-02 0.000e+00
7.000e+01 2.689e-02 0.000e+00
7.010e+01 2.789e-02 0.000e+00
7.020e+01 3.498e-02 0.000e+00
7.030e+01 3.675e-02 0.000e+00
7.040e+01 3.680e-02 0.000e+00
7.050e+01 3.995e-02 0.000e+00
7.060e+01 3.843e-02 0.000e+00
7.070e+01 3.168e-02 0.000e+00
7.080e+01 3.462e-02 0.000e+00
7.090e+01 3.164e-02 0.000e+00
7.100e+01 2.386e-02 0.000e+00
7.110e+01 2.971e-02 0.000e+00
7.120e+01 3.260e-02 0.000e+00
7.130e+01 2.729e-02 0.000e+00
7.140e+01 2.949e-02 0.000e+00
7.150e+01 3.195e-02 0.000e+00
7.160e+01 3.270e-02 0.000e+00
7.170e+01 3.414e-02 0.000e+00
7.180e+01 3.664e-02 0.000e+00
7.190e+01 2.939e-02 0.000e+00
7.200e+01 2.926e-02 0.000e+00
7.210e+01 2.486e-02 0.000e+00
7.220e+01 2.455e-02 0.000e+00
7.230e+01 2.608e-02 0.000e+00
7.240e+01 2.757e-02 0.000e+00
7.250e+01 3.867e-02 0.000e+00
7.260e+01 3.911e-02 0.000e+00
7.270e+01 4.070e-02 0.000e+00
7.280e+01 4.325e-02 0.000e+00
7.290e+01 4.105e-02 0.000e+00
7.300e+01 4.053e-02 0.000e+00
7.310e+01 4.003e-02 0.000e+00
7.320e+01 3.803e-02 0.000e+00
7.330e+01 3.665e-02 0.000e+00
7.340e+01 3.677e-02 0.000e+00
7.350e+01 4.438e-02 0.000e+00
7.360e+01 4.349e-02 0.000e+00
7.370e+01 4.126e-02 0.000e+00
7.380e+01 4.182e-02 0.000e+00
7.390e+01 3.998e-02 0.000e+00
7.400e+01 3.594e-02 0.000e+00
7.410e+01 3.993e-02 0.000e+00
7.420e+01 3.921e-02 0.000e+00
7.430e+01 3.839e-02 0.000e+00
7.440e+01 3.986e-02 0.000e+00
7.450e+01 4.539e-02 0.000e+00
7.460e+01 4.561e-02 0.000e+00
7.470e+01 4.444e-02 0.000e+00
7.480e+01 3.910e-02 0.000e+00
7.490e+01 4.447e-02 0.000e+00
7.500e+01 3.852e-02 0.000e+00
7.510e+01 4.005e-02 0.000e+00
7.520e+01 3.872e-02 0.000e+00
7.530e+01 3.828e-02 0.000e+00
7.540e+01 3.645e-02 0.000e+00
7.550e+01 3.722e-02 0.000e+00
7.560e+01 4.155e-02 0.000e+00
7.570e+01 3.849e-02 0.000e+00
7.580e+01 3.863e-02 0.000e+00
7.590e+01 3.447e-02 0.000e+00
7.600e+01 3.271e-02 0.000e+00
7.610e+01 3.448e-02 0.000e+00
7.620e+01 3.464e-02 0.000e+00
7.630e+01 3.208e-02 0.000e+00
7.640e+01 3.154e-02 0.000e+00
7.650e+01 3.450e-02 0.000e+00
7.660e+01 3.648e-02 0.000e+00
7.670e+01 3.353e-02 0.000e+00
7.680e+01 3.600e-02 0.000e+00
7.690e+01 3.481e-02 0.000e+00
7.700e+01 3.636e-02 0.000e+00
7.710e+01 3.618e-02 0.000e+00
7.720e+01 3.903e-02 0.000e+00
7.730e+01 3.662e-02 0.000e+00
7.740e+01 3.424e-02 0.000e+00
7.750e+01 2.970e-02 0.000e+00
7.760e+01 3.294e-02 0.000e+00
7.770e+01 3.409e-02 0.000e+00
7.780e+01 3.445e-02 0.000e+00
7.790e+01 3.693e-02 0.000e+00
7.800e+01 3.564e-02 0.000e+00
7.810e+01 3.424e-02 0.000e+00
7.820e+01 3.557e-02 0.000e+00
7.830e+01 3.017e-02 0.000e+00
7.840e+01 2.882e-02 0.000e+00
7.850e+01 2.795e-02 0.000e+00
7.860e+01 3.084e-02 0.000e+00
7.870e+01 3.447e-02 0.000e+00
7.880e+01 3.080e-02 0.000e+00
7.890e+01 2.878e-02 0.000e+00
7.900e+01 3.032e-02 0.000e+00
7.910e+01 3.249e-02 0.000e+00
7.920e+01 3.409e-02 0.000e+00
7.930e+01 2.947e-02 0.000e+00
7.940e+01 2.686e-02 0.000e+00
7.950e+01 2.662e-02 0.000e+00
7.960e+01 2.997e-02 0.000e+00
7.970e+01 3.174e-02 0.000e+00
7.980e+01 3.523e-02 0.000e+00
7.990e+01 3.192e-02 0.000e+00
8.000e+01 3.857e-02 0.000e+00
8.010e+01 3.837e-02 0.000e+00
8.020e+01 3.006e-02 0.000e+00
8.030e+01 2.628e-02 0.000e+00
8.040e+01 2.515e-02 0.000e+00
8.050e+01 2.982e-02 0.000e+00
8.060e+01 3.176e-02 0.000e+00
8.070e+01 3.055e-02 0.000e+00
8.080e+01 2.604e-02 0.000e+00
8.090e+01 2.628e-02 0.000e+00
8.100e+01 2.585e-02 0.000e+00
8.110e+01 2.603e-02 0.000e+00
8.120e+01 2.617e-02 0.000e+00
8.130e+01 2.403e-02 0.000e+00
8.140e+01 2.893e-02 0.000e+00
8.150e+01 2.532e-02 0.000e+00
8.160e+01 2.993e-02 0.000e+00
8.170e+01 3.685e-02 0.000e+00
8.180e+01 3.275e-02 0.000e+00
8.190e+01 3.133e-02 0.000e+00
8.200e+01 3.393e-02 0.000e+00
8.210e+01 3.211e-02 0.000e+00
8.220e+01 3.106e-02 0.000e+00
8.230e+01 3.663e-02 0.000e+00
8.240e+01 3.060e-02 0.000e+00
8.250e+01 3.459e-02 0.000e+00
8.260e+01 3.782e-02 0.000e+00
8.270e+01 3.561e-02 0.000e+00
8.280e+01 3.669e-02 0.000e+00
8.290e+01 3.488e-02 0.000e+00
8.300e+01 3.216e-02 0.000e+00
8.310e+01 2.988e-02 0.000e+00
8.320e+01 2.847e-02 0.000e+00
8.330e+01 3.589e-02 0.000e+00
8.340e+01 3.778e-02 0.000e+00
8.350e+01 4.160e-02 0.000e+00
8.360e+01 4.462e-02 0.000e+00
8.370e+01 3.999e-02 0.000e+00
8.380e+01 3.354e-02 0.000e+00
8.390e+01 3.904e-02 0.000e+00
8.400e+01 3.831e-02 0.000e+00
8.410e+01 3.692e-02 0.000e+00
8.420e+01 3.427e-02 0.000e+00
8.430e+01 3.170e-02 0.000e+00
8.440e+01 2.995e-02 0.000e+00
8.450e+01 2.453e-02 0.000e+00
8.460e+01 3.109e-02 0.000e+00
8.470e+01 2.972e-02 0.000e+00
8.480e+01 3.138e-02 0.000e+00
8.490e+01 2.825e-02 0.000e+00
8.500e+01 2.762e-02 0.000e+00
8.510e+01 2.921e-02 0.000e+00
8.520e+01 2.753e-02 0.000e+00
8.530e+01 2.998e-02 0.000e+00
8.540e+01 2.780e-02 0.000e+00
8.550e+01 2.828e-02 0.000e+00
8.560e+01 2.576e-02 0.000e+00
8.570e+01 2.946e-02 0.000e+00
8.580e+01 2.862e-02 0.000e+00
8.590e+01 3.085e-02 0.000e+00
8.600e+01 2.906e-02 0.000e+00
8.610e+01 2.832e-02 0.000e+00
8.620e+01 2.838e-02 0.000e+00
8.630e+01 2.926e-02 0.000e+00
8.640e+01 2.925e-02 0.000e+00
8.650e+01 2.894e-02 0.000e+00
8.660e+01 2.944e-02 0.000e+00
8.670e+01 2.671e-02 0.000e+00
8.680e+01 2.947e-02 0.000e+00
8.690e+01 2.674e-02 0.000e+00
8.700e+01 2.421e-02 0.000e+00
8.710e+01 2.264e-02 0.000e+00
8.720e+01 1.951e-02 0.000e+00
8.730e+01 2.110e-02 0.000e+00
8.740e+01 2.759e-02 0.000e+00
8.750e+01 2.954e-02 0.000e+00
8.760e+01 2.388e-02 0.000e+00
8.770e+01 2.366e-02 0.000e+00
8.780e+01 2.467e-02 0.000e+00
8.790e+01 2.639e-02 0.000e+00
8.800e+01 2.245e-02 0.000e+00
8.810e+01 2.697e-02 0.000e+00
8.820e+01 2.782e-02 0.000e+00
8.830e+01 2.674e-02 0.000e+00
8.840e+01 2.456e-02 0.000e+00
8.850e+01 2.001e-02 0.000e+00
8.860e+01 2.252e-02 0.000e+00
8.870e+01 2.253e-02 0.000e+00
8.880e+01 2.698e-02 0.000e+00
8.890e+01 2.153e-02 0.000e+00
8.900e+01 2.446e-02 0.000e+00
8.910e+01 2.726e-02 0.000e+00
8.920e+01 2.814e-02 0.000e+00
8.930e+01 2.664e-02 0.000e+00
8.940e+01 2.717e-02 0.000e+00
8.950e+01 2.649e-02 0.000e+00
8.960e+01 3.151e-02 0.000e+00
8.970e+01 2.583e-02 0.000e+00
8.980e+01 3.042e-02 0.000e+00
8.990e+01 3.065e-02 0.000e+00
9.000e+01 2.972e-02 0.000e+00
9.010e+01 2.675e-02 0.000e+00
9.020e+01 2.308e-02 0.000e+00
9.030e+01 2.460e-02 0.000e+00
9.040e+01 2.780e-02 0.000e+00
9.050e+01 2.619e-02 0.000e+00
9.060e+01 2.726e-02 0.000e+00
9.070e+01 3.206e-02 0.000e+00
9.080e+01 2.731e-02 0.000e+00
9.090e+01 3.316e-02 0.000e+00
9.100e+01 2.900e-02 0.000e+00
9.110e+01 2.732e-02 0.000e+00
9.120e+01 3.240e-02 0.000e+00
9.130e+01 3.095e-02 0.000e+00
9.140e+01 2.758e-02 0.000e+00
9.150e+01 2.808e-02 0.000e+00
9.160e+01 2.839e-02 0.000e+00
9.170e+01 2.245e-02 0.000e+00
9.180e+01 2.364e-02 0.000e+00
9.190e+01 2.513e-02 0.000e+00
9.200e+01 2.788e-02 0.000e+00
9.210e+01 2.829e-02 0.000e+00
9.220e+01 3.000e-02 0.000e+00
9.230e+01 3.196e-02 0.000e+00
9.240e+01 2.679e-02 0.000e+00
9.250e+01 2.165e-02 0.000e+00
9.260e+01 2.850e-02 0.000e+00
9.270e+01 2.917e-02 0.000e+00
9.280e+01 3.461e-02 0.000e+00
9.290e+01 2.957e-02 0.000e+00
9.300e+01 2.764e-02 0.000e+00
9.310e+01 2.657e-02 0.000e+00
9.320e+01 2.533e-02 0.000e+00
9.330e+01 2.465e-02 0.000e+00
9.340e+01 2.804e-02 0.000e+00
9.350e+01 3.374e-02 0.000e+00
9.360e+01 2.869e-02 0.000e+00
9.370e+01 2.849e-02 0.000e+00
9.380e+01 2.916e-02 0.000e+00
9.390e+01 2.665e-02 0.000e+00
9.400e+01 2.662e-02 0.000e+00
9.410e+01 2.724e-02 0.000e+00
9.420e+01 2.638e-02 0.000e+00
9.430e+01 2.342e-02 0.000e+00
9.440e+01 2.419e-02 0.000e+00
9.450e+01 2.695e-02 0.000e+00
9.460e+01 2.678e-02 0.000e+00
9.470e+01 3.110e-02 0.000e+00
9.480e+01 3.185e-02 0.000e+00
9.490e+01 2.869e-02 0.000e+00
9.500e+01 3.052e-02 0.000e+00
9.510e+01 2.844e-02 0.000e+00
9.520e+01 2.991e-02 0.000e+00
9.530e+01 2.901e-02 0.000e+00
9.540e+01 3.227e-02 0.000e+00
9.550e+01 3.301e-02 0.000e+00
9.560e+01 2.990e-02 0.000e+00
9.570e+01 2.665e-02 0.000e+00
9.580e+01 2.613e-02 0.000e+00
9.590e+01 2.623e-02 0.000e+00
9.600e+01 2.835e-02 0.000e+00
9.610e+01 3.259e-02 0.000e+00
9.620e+01 3.264e-02 0.000e+00
9.630e+01 3.240e-02 0.000e+00
9.640e+01 3.135e-02 0.000e+00
9.650e+01 3.011e-02 0.000e+00
9.660e+01 2.822e-02 0.000e+00
9.670e+01 3.099e-02 0.000e+00
9.680e+01 3.536e-02 0.000e+00
9.690e+01 2.681e-02 0.000e+00
9.700e+01 3.119e-02 0.000e+00
9.710e+01 2.991e-02 0.000e+00
9.720e+01 3.818e-02 0.000e+00
9.730e+01 3.574e-02 0.000e+00
9.740e+01 3.077e-02 0.000e+00
9.750e+01 3.763e-02 0.000e+00
9.760e+01 4.144e-02 0.000e+00
9.770e+01 3.843e-02 0.000e+00
9.780e+01 3.289e-02 0.000e+00
9.790e+01 4.437e-02 0.000e+00
9.800e+01 3.939e-02 0.000e+00
9.810e+01 3.740e-02 0.000e+00
9.820e+01 2.968e-02 0.000e+00
9.830e+01 3.216e-02 0.000e+00
9.840e+01 3.964e-02 0.000e+00
9.850e+01 2.634e-02 0.000e+00
9.860e+01 2.785e-02 0.000e+00
9.870e+01 4.339e-02 0.000e+00
9.880e+01 2.052e-02 0.000e+00
9.890e+01 2.430e-02 0.000e+00
9.900e+01 2.634e-02 0.000e+00
9.910e+01 4.172e-02 0.000e+00
9.920e+01 4.812e-02 0.000e+00
9.930e+01 3.829e-02 0.000e+00
9.940e+01 4.945e-02 0.000e+00
9.950e+01 3.310e-02 0.000e+00
9.960e+01 3.897e-02 0.000e+00
9.970e+01 3.915e-02 0.000e+00
9.980e+01 3.921e-02 0.000e+00
9.990e+01 3.699e-02 0.000e+00
