# Time (ps)      real(F_0)      im(F_0)
0.000e+00 1.000e+00 0.000e+00
1.000e-01 9.546e-01 0.000e+00
2.000e-01 9.225e-01 0.000e+00
3.000e-01 9.202e-01 0.000e+00
4.000e-01 8.101e-01 0.000e+00
5.000e-01 8.758e-01 0.000e+00
6.000e-01 8.263e-01 0.000e+00
7.000e-01 8.528e-01 0.000e+00
8.000e-01 8.202e-01 0.000e+00
9.000e-01 8.059e-01 0.000e+00
1.000e+00 7.656e-01 0.000e+00
1.100e+00 7.719e-01 0.000e+00
1.200e+00 7.629e-01 0.000e+00
1.300e+00 7.513e-01 0.000e+00
1.400e+00 7.221e-01 0.000e+00
1.500e+00 7.151e-01 0.000e+00
1.600e+00 6.593e-01 0.000e+00
1.700e+00 6.989e-01 0.000e+00
1.800e+00 6.060e-01 0.000e+00
1.900e+00 6.865e-01 0.000e+00
2.000e+00 6.977e-01 0.000e+00
2.100e+00 6.452e-01 0.000e+00
2.200e+00 6.370e-01 0.000e+00
2.300e+00 6.274e-01 0.000e+00
2.400e+00 5.745e-01 0.000e+00
2.500e+00 5.424e-01 0.000e+00
2.600e+00 5.182e-01 0.000e+00
2.700e+00 5.819e-01 0.000e+00
2.800e+00 6.248e-01 0.000e+00
2.900e+00 6.033e-01 0.000e+00
3.000e+00 5.802e-01 0.000e+00
3.100e+00 5.675e-01 0.000e+00
3.200e+00 6.295e-01 0.000e+00
3.300e+00 5.909e-01 0.000e+00
3.400e+00 6.169e-01 0.000e+00
3.500e+00 5.833e-01 0.000e+00
3.600e+00 6.445e-01 0.000e+00
3.700e+00 5.846e-01 0.000e+00
3.800e+00 6.143e-01 0.000e+00
3.900e+00 6.071e-01 0.000e+00
4.000e+00 5.267e-01 0.000e+00
4.100e+00 5.505e-01 0.000e+00
4.200e+00 5.329e-01 0.000e+00
4.300e+00 5.164e-01 0.000e+00
4.400e+00 5.117e-01 0.000e+00
4.500e+00 4.989e-01 0.000e+00
4.600e+00 4.234e-01 0.000e+00
4.700e+00 4.400e-01 0.000e+00
4.800e+00 4.285e-01 0.000e+00
4.900e+00 3.760e-01 0.000e+00
5.000e+00 4.069e-01 0.000e+00
5.100e+00 3.839e-01 0.000e+00
5.200e+00 3.826e-01 0.000e+00
5.300e+00 4.042e-01 0.000e+00
5.400e+00 4.120e-01 0.000e+00
5.500e+00 4.009e-01 0.000e+00
5.600e+00 3.879e-01 0.000e+00
5.700e+00 3.540e-01 0.000e+00
5.800e+00 4.107e-01 0.000e+00
5.900e+00 3.559e-01 0.000e+00
6.000e+00 3.745e-01 0.000e+00
6.100e+00 3.667e-01 0.000e+00
6.200e+00 3.851e-01 0.000e+00
6.300e+00 4.074e-01 0.000e+00
6.400e+00 3.393e-01 0.000e+00
6.500e+00 3.472e-01 0.000e+00
6.600e+00 3.385e-01 0.000e+00
6.700e+00 3.177e-01 0.000e+00
6.800e+00 3.038e-01 0.000e+00
6.900e+00 3.589e-01 0.000e+00
7.000e+00 2.957e-01 0.000e+00
7.100e+00 3.429e-01 0.000e+00
7.200e+00 3.491e-01 0.000e+00
7.300e+00 3.518e-01 0.000e+00
7.400e+00 3.548e-01 0.000e+00
7.500e+00 3.525e-01 0.000e+00
7.600e+00 3.299e-01 0.000e+00
7.700e+00 3.579e-01 0.000e+00
7.800e+00 3.173e-01 0.000e+00
7.900e+00 3.059e-01 0.000e+00
8.000e+00 2.984e-01 0.000e+00
8.100e+00 3.026e-01 0.000e+00
8.200e+00 2.776e-01 0.000e+00
8.300e+00 2.581e-01 0.000e+00
8.400e+00 2.476e-01 0.000e+00
8.500e+00 2.484e-01 0.000e+00
8.600e+00 2.416e-01 0.000e+00
8.700e+00 2.573e-01 0.000e+00
8.800e+00 2.452e-01 0.000e+00
8.900e+00 2.693e-01 0.000e+00
9.000e+00 2.385e-01 0.000e+00
9.100e+00 2.595e-01 0.000e+00
9.200e+00 2.344e-01 0.000e+00
9.300e+00 2.602e-01 0.000e+00
9.400e+00 2.564e-01 0.000e+00
9.500e+00 2.140e-01 0.000e+00
9.600e+00 2.128e-01 0.000e+00
9.700e+00 2.374e-01 0.000e+00
9.800e+00 2.532e-01 0.000e+00
9.900e+00 2.506e-01 0.000e+00
1.000e+01 2.444e-01 0.000e+00
1.010e+01 2.084e-01 0.000e+00
1.020e+01 2.407e-01 0.000e+00
1.030e+01 2.203e-01 0.000e+00
1.040e+01 2.457e-01 0.000e+00
1.050e+01 2.772e-01 0.000e+00
1.060e+01 2.664e-01 0.000e+00
1.070e+01 2.174e-01 0.000e+00
1.080e+01 2.071e-01 0.000e+00
1.090e+01 2.051e-01 0.000e+00
1.100e+01 2.016e-01 0.000e+00
1.110e+01 1.987e-01 0.000e+00
1.120e+01 2.357e-01 0.000e+00
1.130e+01 2.252e-01 0.000e+00
1.140e+01 2.114e-01 0.000e+00
1.150e+01 2.230e-01 0.000e+00
1.160e+01 2.067e-01 0.000e+00
1.170e+01 1.859e-01 0.000e+00
1.180e+01 2.213e-01 0.000e+00
1.190e+01 2.260e-01 0.000e+00
1.200e+01 2.343e-01 0.000e+00
1.210e+01 2.282e-01 0.000e+00
1.220e+01 2.285e-01 0.000e+00
1.230e+01 2.075e-01 0.000e+00
1.240e+01 1.951e-01 0.000e+00
1.250e+01 1.889e-01 0.000e+00
1.260e+01 1.918e-01 0.000e+00
1.270e+01 1.853e-01 0.000e+00
1.280e+01 1.921e-01 0.000e+00
1.290e+01 2.065e-01 0.000e+00
1.300e+01 2.182e-01 0.000e+00
1.310e+01 2.301e-01 0.000e+00
1.320e+01 2.376e-01 0.000e+00
1.330e+01 2.204e-01 0.000e+00
1.340e+01 2.218e-01 0.000e+00
1.350e+01 2.162e-01 0.000e+00
1.360e+01 2.228e-01 0.000e+00
1.370e+01 2.356e-01 0.000e+00
1.380e+01 2.312e-01 0.000e+00
1.390e+01 2.469e-01 0.000e+00
1.400e+01 2.059e-01 0.000e+00
1.410e+01 1.850e-01 0.000e+00
1.420e+01 1.831e-01 0.000e+00
1.430e+01 1.908e-01 0.000e+00
1.440e+01 1.797e-01 0.000e+00
1.450e+01 1.974e-01 0.000e+00
1.460e+01 1.891e-01 0.000e+00
1.470e+01 1.695e-01 0.000e+00
1.480e+01 1.789e-01 0.000e+00
1.490e+01 1.674e-01 0.000e+00
1.500e+01 1.681e-01 0.000e+00
1.510e+01 1.675e-01 0.000e+00
1.520e+01 1.561e-01 0.000e+00
1.530e+01 1.482e-01 0.000e+00
1.540e+01 1.614e-01 0.000e+00
1.550e+01 1.667e-01 0.000e+00
1.560e+01 1.771e-01 0.000e+00
1.570e+01 1.727e-01 0.000e+00
1.580e+01 1.815e-01 0.000e+00
1.590e+01 1.935e-01 0.000e+00
1.600e+01 1.823e-01 0.000e+00
1.610e+01 1.660e-01 0.000e+00
1.620e+01 1.718e-01 0.000e+00
1.630e+01 1.690e-01 0.000e+00
1.640e+01 1.571e-01 0.000e+00
1.650e+01 1.531e-01 0.000e+00
1.660e+01 1.704e-01 0.000e+00
1.670e+01 1.755e-01 0.000e+00
1.680e+01 1.477e-01 0.000e+00
1.690e+01 1.504e-01 0.000e+00
1.700e+01 1.580e-01 0.000e+00
1.710e+01 1.500e-01 0.000e+00
1.720e+01 1.497e-01 0.000e+00
1.730e+01 1.426e-01 0.000e+00
1.740e+01 1.386e-01 0.000e+00
1.750e+01 1.427e-01 0.000e+00
1.760e+01 1.431e-01 0.000e+00
1.770e+01 1.607e-01 0.000e+00
1.780e+01 1.621e-01 0.000e+00
1.790e+01 1.481e-01 0.000e+00
1.800e+01 1.499e-01 0.000e+00
1.810e+01 1.503e-01 0.000e+00
1.820e+01 1.523e-01 0.000e+00
1.830e+01 1.538e-01 0.000e+00
1.840e+01 1.410e-01 0.000e+00
1.850e+01 1.336e-01 0.000e+00
1.860e+01 1.217e-01 0.000e+00
1.870e+01 1.189e-01 0.000e+00
1.880e+01 1.199e-01 0.000e+00
1.890e+01 1.258e-01 0.000e+00
1.900e+01 1.250e-01 0.000e+00
1.910e+01 1.184e-01 0.000e+00
1.920e+01 1.122e-01 0.000e+00
1.930e+01 1.110e-01 0.000e+00
1.940e+01 1.186e-01 0.000e+00
1.950e+01 1.182e-01 0.000e+00
1.960e+01 1.097e-01 0.000e+00
1.970e+01 1.187e-01 0.000e+00
1.980e+01 1.057e-01 0.000e+00
1.990e+01 1.191e-01 0.000e+00
2.000e+01 1.330e-01 0.000e+00
2.010e+01 1.494e-01 0.000e+00
2.020e+01 1.402e-01 0.000e+00
2.030e+01 1.419e-01 0.000e+00
2.040e+01 1.264e-01 0.000e+00
2.050e+01 1.162e-01 0.000e+00
2.060e+01 1.304e-01 0.000e+00
2.070e+01 1.506e-01 0.000e+00
2.080e+01 1.236e-01 0.000e+00
2.090e+01 1.164e-01 0.000e+00
2.100e+01 1.146e-01 0.000e+00
2.110e+01 1.030e-01 0.000e+00
2.120e+01 1.043e-01 0.000e+00
2.130e+01 8.805e-02 0.000e+00
2.140e+01 8.711e-02 0.000e+00
2.150e+01 8.405e-02 0.000e+00
2.160e+01 6.732e-02 0.000e+00
2.170e+01 7.408e-02 0.000e+00
2.180e+01 8.893e-02 0.000e+00
2.190e+01 9.331e-02 0.000e+00
2.200e+01 9.876e-02 0.000e+00
2.210e+01 1.012e-01 0.000e+00
2.220e+01 1.006e-01 0.000e+00
2.230e+01 1.132e-01 0.000e+00
2.240e+01 1.085e-01 0.000e+00
2.250e+01 1.130e-01 0.000e+00
2.260e+01 1.026e-01 0.000e+00
2.270e+01 1.110e-01 0.000e+00
2.280e+01 1.108e-01 0.000e+00
2.290e+01 1.117e-01 0.000e+00
2.300e+01 1.066e-01 0.000e+00
2.310e+01 1.029e-01 0.000e+00
2.320e+01 1.038e-01 0.000e+00
2.330e+01 9.578e-02 0.000e+00
2.340e+01 1.143e-01 0.000e+00
2.350e+01 1.145e-01 0.000e+00
2.360e+01 1.344e-01 0.000e+00
2.370e+01 1.186e-01 0.000e+00
2.380e+01 1.082e-01 0.000e+00
2.390e+01 9.907e-02 0.000e+00
2.400e+01 1.254e-01 0.000e+00
2.410e+01 1.202e-01 0.000e+00
2.420e+01 1.133e-01 0.000e+00
2.430e+01 1.215e-01 0.000e+00
2.440e+01 1.076e-01 0.000e+00
2.450e+01 9.778e-02 0.000e+00
2.460e+01 9.653e-02 0.000e+00
2.470e+01 1.076e-01 0.000e+00
2.480e+01 1.006e-01 0.000e+00
2.490e+01 1.066e-01 0.000e+00
2.500e+01 1.124e-01 0.000e+00
2.510e+01 1.178e-01 0.000e+00
2.520e+01 1.310e-01 0.000e+00
2.530e+01 1.127e-01 0.000e+00
2.540e+01 9.698e-02 0.000e+00
2.550e+01 1.126e-01 0.000e+00
2.560e+01 1.126e-01 0.000e+00
2.570e+01 1.183e-01 0.000e+00
2.580e+01 1.269e-01 0.000e+00
2.590e+01 1.221e-01 0.000e+00
2.600e+01 1.326e-01 0.000e+00
2.610e+01 1.008e-01 0.000e+00
2.620e+01 9.456e-02 0.000e+00
2.630e+01 9.129e-02 0.000e+00
2.640e+01 1.051e-01 0.000e+00
2.650e+01 1.210e-01 0.000e+00
2.660e+01 1.201e-01 0.000e+00
2.670e+01 1.202e-01 0.000e+00
2.680e+01 1.248e-01 0.000e+00
2.690e+01 9.868e-02 0.000e+00
2.700e+01 1.116e-01 0.000e+00
2.710e+01 1.018e-01 0.000e+00
2.720e+01 1.083e-01 0.000e+00
2.730e+01 9.861e-02 0.000e+00
2.740e+01 1.143e-01 0.000e+00
2.750e+01 9.892e-02 0.000e+00
2.760e+01 1.006e-01 0.000e+00
2.770e+01 8.482e-02 0.000e+00
2.780e+01 8.599e-02 0.000e+00
2.790e+01 8.268e-02 0.000e+00
2.800e+01 7.395e-02 0.000e+00
2.810e+01 7.567e-02 0.000e+00
2.820e+01 8.032e-02 0.000e+00
2.830e+01 8.425e-02 0.000e+00
2.840e+01 8.957e-02 0.000e+00
2.850e+01 9.884e-02 0.000e+00
2.860e+01 9.601e-02 0.000e+00
2.870e+01 9.124e-02 0.000e+00
2.880e+01 9.989e-02 0.000e+00
2.890e+01 7.387e-02 0.000e+00
2.900e+01 8.405e-02 0.000e+00
2.910e+01 7.742e-02 0.000e+00
2.920e+01 8.788e-02 0.000e+00
2.930e+01 9.126e-02 0.000e+00
2.940e+01 9.521e-02 0.000e+00
2.950e+01 1.002e-01 0.000e+00
2.960e+01 9.627e-02 0.000e+00
2.970e+01 9.836e-02 0.000e+00
2.980e+01 1.069e-01 0.000e+00
2.990e+01 1.108e-01 0.000e+00
3.000e+01 1.033e-01 0.000e+00
3.010e+01 9.814e-02 0.000e+00
3.020e+01 8.996e-02 0.000e+00
3.030e+01 9.906e-02 0.000e+00
3.040e+01 8.341e-02 0.000e+00
3.050e+01 9.866e-02 0.000e+00
3.060e+01 1.024e-01 0.000e+00
3.070e+01 9.548e-02 0.000e+00
3.080e+01 9.306e-02 0.000e+00
3.090e+01 8.888e-02 0.000e+00
3.100e+01 9.238e-02 0.000e+00
3.110e+01 9.989e-02 0.000e+00
3.120e+01 1.006e-01 0.000e+00
3.130e+01 1.021e-01 0.000e+00
3.140e+01 1.033e-01 0.000e+00
3.150e+01 9.885e-02 0.000e+00
3.160e+01 9.348e-02 0.000e+00
3.170e+01 9.696e-02 0.000e+00
3.180e+01 9.326e-02 0.000e+00
3.190e+01 1.057e-01 0.000e+00
3.200e+01 9.976e-02 0.000e+00
3.210e+01 8.843e-02 0.000e+00
3.220e+01 9.089e-02 0.000e+00
3.230e+01 9.897e-02 0.000e+00
3.240e+01 9.375e-02 0.000e+00
3.250e+01 8.539e-02 0.000e+00
3.260e+01 7.624e-02 0.000e+00
3.270e+01 8.423e-02 0.000e+00
3.280e+01 8.700e-02 0.000e+00
3.290e+01 7.437e-02 0.000e+00
3.300e+01 7.364e-02 0.000e+00
3.310e+01 8.692e-02 0.000e+00
3.320e+01 8.599e-02 0.000e+00
3.330e+01 8.043e-02 0.000e+00
3.340e+01 7.561e-02 0.000e+00
3.350e+01 7.505e-02 0.000e+00
3.360e+01 8.737e-02 0.000e+00
3.370e+01 7.707e-02 0.000e+00
3.380e+01 7.078e-02 0.000e+00
3.390e+01 7.666e-02 0.000e+00
3.400e+01 7.437e-02 0.000e+00
3.410e+01 7.227e-02 0.000e+00
3.420e+01 7.543e-02 0.000e+00
3.430e+01 7.358e-02 0.000e+00
3.440e+01 6.954e-02 0.000e+00
3.450e+01 7.033e-02 0.000e+00
3.460e+01 5.776e-02 0.000e+00
3.470e+01 4.507e-02 0.000e+00
3.480e+01 5.090e-02 0.000e+00
3.490e+01 5.228e-02 0.000e+00
3.500e+01 5.131e-02 0.000e+00
3.510e+01 4.460e-02 0.000e+00
3.520e+01 4.600e-02 0.000e+00
3.530e+01 4.416e-02 0.000e+00
3.540e+01 4.569e-02 0.000e+00
3.550e+01 3.512e-02 0.000e+00
3.560e+01 3.725e-02 0.000e+00
3.570e+01 4.674e-02 0.000e+00
3.580e+01 4.839e-02 0.000e+00
3.590e+01 4.654e-02 0.000e+00
3.600e+01 5.029e-02 0.000e+00
3.610e+01 4.836e-02 0.000e+00
3.620e+01 4.755e-02 0.000e+00
3.630e+01 4.332e-02 0.000e+00
3.640e+01 3.506e-02 0.000e+00
3.650e+01 3.875e-02 0.000e+00
3.660e+01 3.421e-02 0.000e+00
3.670e+01 3.128e-02 0.000e+00
3.680e+01 3.804e-02 0.000e+00
3.690e+01 4.848e-02 0.000e+00
3.700e+01 4.939e-02 0.000e+00
3.710e+01 5.391e-02 0.000e+00
3.720e+01 6.132e-02 0.000e+00
3.730e+01 6.696e-02 0.000e+00
3.740e+01 6.025e-02 0.000e+00
3.750e+01 6.032e-02 0.000e+00
3.760e+01 6.451e-02 0.000e+00
3.770e+01 6.298e-02 0.000e+00
3.780e+01 6.781e-02 0.000e+00
3.790e+01 6.982e-02 0.000e+00
3.800e+01 5.394e-02 0.000e+00
3.810e+01 5.616e-02 0.000e+00
3.820e+01 5.175e-02 0.000e+00
3.830e+01 4.925e-02 0.000e+00
3.840e+01 5.122e-02 0.000e+00
3.850e+01 6.203e-02 0.000e+00
3.860e+01 5.762e-02 0.000e+00
3.870e+01 6.373e-02 0.000e+00
3.880e+01 5.345e-02 0.000e+00
3.890e+01 6.518e-02 0.000e+00
3.900e+01 6.215e-02 0.000e+00
3.910e+01 6.247e-02 0.000e+00
3.920e+01 6.310e-02 0.000e+00
3.930e+01 6.594e-02 0.000e+00
3.940e+01 5.269e-02 0.000e+00
3.950e+01 4.419e-02 0.000e+00
3.960e+01 4.869e-02 0.000e+00
3.970e+01 4.549e-02 0.000e+00
3.980e+01 5.117e-02 0.000e+00
3.990e+01 5.340e-02 0.000e+00
4.000e+01 4.383e-02 0.000e+00
4.010e+01 4.836e-02 0.000e+00
4.020e+01 4.387e-02 0.000e+00
4.030e+01 4.106e-02 0.000e+00
4.040e+01 4.454e-02 0.000e+00
4.050e+01 4.157e-02 0.000e+00
4.060e+01 3.830e-02 0.000e+00
4.070e+01 5.368e-02 0.000e+00
4.080e+01 5.440e-02 0.000e+00
4.090e+01 6.771e-02 0.000e+00
4.100e+01 5.701e-02 0.000e+00
4.110e+01 4.898e-02 0.000e+00
4.120e+01 5.368e-02 0.000e+00
4.130e+01 4.556e-02 0.000e+00
4.140e+01 5.137e-02 0.000e+00
4.150e+01 5.350e-02 0.000e+00
4.160e+01 4.846e-02 0.000e+00
4.170e+01 4.366e-02 0.000e+00
4.180e+01 5.077e-02 0.000e+00
4.190e+01 4.454e-02 0.000e+00
4.200e+01 4.535e-02 0.000e+00
4.210e+01 4.639e-02 0.000e+00
4.220e+01 4.609e-02 0.000e+00
4.230e+01 3.935e-02 0.000e+00
4.240e+01 3.086e-02 0.000e+00
4.250e+01 3.567e-02 0.000e+00
4.260e+01 4.971e-02 0.000e+00
4.270e+01 4.631e-02 0.000e+00
4.280e+01 4.505e-02 0.000e+00
4.290e+01 3.698e-02 0.000e+00
4.300e+01 3.770e-02 0.000e+00
4.310e+01 4.821e-02 0.000e+00
4.320e+01 4.306e-02 0.000e+00
4.330e+01 5.055e-02 0.000e+00
4.340e+01 5.344e-02 0.000e+00
4.350e+01 5.630e-02 0.000e+00
4.360e+01 5.426e-02 0.000e+00
4.370e+01 4.455e-02 0.000e+00
4.380e+01 4.432e-02 0.000e+00
4.390e+01 3.896e-02 0.000e+00
4.400e+01 3.650e-02 0.000e+00
4.410e+01 3.925e-02 0.000e+00
4.420e+01 2.416e-02 0.000e+00
4.430e+01 3.270e-02 0.000e+00
4.440e+01 3.507e-02 0.000e+00
4.450e+01 4.103e-02 0.000e+00
4.460e+01 3.248e-02 0.000e+00
4.470e+01 2.196e-02 0.000e+00
4.480e+01 2.859e-02 0.000e+00
4.490e+01 2.688e-02 0.000e+00
4.500e+01 2.496e-02 0.000e+00
4.510e+01 3.395e-02 0.000e+00
4.520e+01 4.167e-02 0.000e+00
4.530e+01 3.730e-02 0.000e+00
4.540e+01 5.094e-02 0.000e+00
4.550e+01 4.871e-02 0.000e+00
4.560e+01 6.085e-02 0.000e+00
4.570e+01 6.640e-02 0.000e+00
4.580e+01 7.138e-02 0.000e+00
4.590e+01 7.105e-02 0.000e+00
4.600e+01 6.451e-02 0.000e+00
4.610e+01 6.535e-02 0.000e+00
4.620e+01 5.640e-02 0.000e+00
4.630e+01 5.423e-02 0.000e+00
4.640e+01 5.133e-02 0.000e+00
4.650e+01 5.229e-02 0.000e+00
4.660e+01 5.510e-02 0.000e+00
4.670e+01 5.602e-02 0.000e+00
4.680e+01 5.862e-02 0.000e+00
4.690e+01 6.235e-02 0.000e+00
4.700e+01 5.060e-02 0.000e+00
4.710e+01 5.390e-02 0.000e+00
4.720e+01 5.626e-02 0.000e+00
4.730e+01 5.783e-02 0.000e+00
4.740e+01 6.082e-02 0.000e+00
4.750e+01 6.160e-02 0.000e+00
4.760e+01 5.336e-02 0.000e+00
4.770e+01 5.645e-02 0.000e+00
4.780e+01 5.167e-02 0.000e+00
4.790e+01 4.600e-02 0.000e+00
4.800e+01 4.871e-02 0.000e+00
4.810e+01 4.941e-02 0.000e+00
4.820e+01 4.813e-02 0.000e+00
4.830e+01 4.643e-02 0.000e+00
4.840e+01 4.815e-02 0.000e+00
4.850e+01 5.365e-02 0.000e+00
4.860e+01 4.547e-02 0.000e+00
4.870e+01 4.640e-02 0.000e+00
4.880e+01 4.119e-02 0.000e+00
4.890e+01 4.002e-02 0.000e+00
4.900e+01 3.594e-02 0.000e+00
4.910e+01 3.101e-02 0.000e+00
4.920e+01 3.696e-02 0.000e+00
4.930e+01 3.447e-02 0.000e+00
4.940e+01 4.258e-02 0.000e+00
4.950e+01 3.763e-02 0.000e+00
4.960e+01 4.843e-02 0.000e+00
4.970e+01 4.448e-02 0.000e+00
4.980e+01 4.438e-02 0.000e+00
4.990e+01 5.113e-02 0.000e+00
5.000e+01 5.436e-02 0.000e+00
5.010e+01 5.404e-02 0.000e+00
5.020e+01 5.936e-02 0.000e+00
5.030e+01 5.717e-02 0.000e+00
5.040e+01 5.676e-02 0.000e+00
5.050e+01 5.557e-02 0.000e+00
5.060e+01 5.088e-02 0.000e+00
5.070e+01 4.736e-02 0.000e+00
5.080e+01 4.293e-02 0.000e+00
5.090e+01 4.026e-02 0.000e+00
5.100e+01 3.702e-02 0.000e+00
5.110e+01 4.039e-02 0.000e+00
5.120e+01 4.053e-02 0.000e+00
5.130e+01 4.025e-02 0.000e+00
5.140e+01 4.689e-02 0.000e+00
5.150e+01 3.518e-02 0.000e+00
5.160e+01 2.887e-02 0.000e+00
5.170e+01 2.528e-02 0.000e+00
5.180e+01 2.834e-02 0.000e+00
5.190e+01 1.526e-02 0.000e+00
5.200e+01 6.563e-03 0.000e+00
5.210e+01 1.209e-02 0.000e+00
5.220e+01 2.721e-02 0.000e+00
5.230e+01 2.976e-02 0.000e+00
5.240e+01 2.666e-02 0.000e+00
5.250e+01 2.450e-02 0.000e+00
5.260e+01 2.148e-02 0.000e+00
5.270e+01 2.003e-02 0.000e+00
5.280e+01 3.712e-02 0.000e+00
5.290e+01 3.679e-02 0.000e+00
5.300e+01 3.900e-02 0.000e+00
5.310e+01 3.401e-02 0.000e+00
5.320e+01 3.149e-02 0.000e+00
5.330e+01 3.035e-02 0.000e+00
5.340e+01 3.788e-02 0.000e+00
5.350e+01 3.635e-02 0.000e+00
5.360e+01 4.500e-02 0.000e+00
5.370e+01 3.157e-02 0.000e+00
5.380e+01 4.140e-02 0.000e+00
5.390e+01 3.791e-02 0.000e+00
5.400e+01 3.580e-02 0.000e+00
5.410e+01 4.203e-02 0.000e+00
5.420e+01 3.618e-02 0.000e+00
5.430e+01 4.437e-02 0.000e+00
5.440e+01 3.689e-02 0.000e+00
5.450e+01 3.466e-02 0.000e+00
5.460e+01 3.285e-02 0.000e+00
5.470e+01 3.415e-02 0.000e+00
5.480e+01 3.898e-02 0.000e+00
5.490e+01 3.765e-02 0.000e+00
5.500e+01 4.420e-02 0.000e+00
5.510e+01 4.400e-02 0.000e+00
5.520e+01 4.681e-02 0.000e+00
5.530e+01 4.049e-02 0.000e+00
5.540e+01 3.727e-02 0.000e+00
5.550e+01 3.852e-02 0.000e+00
5.560e+01 3.859e-02 0.000e+00
5.570e+01 4.242e-02 0.000e+00
5.580e+01 3.907e-02 0.000e+00
5.590e+01 4.821e-02 0.000e+00
5.600e+01 4.868e-02 0.000e+00
5.610e+01 3.928e-02 0.000e+00
5.620e+01 4.086e-02 0.000e+00
5.630e+01 4.502e-02 0.000e+00
5.640e+01 3.902e-02 0.000e+00
5.650e+01 4.117e-02 0.000e+00
5.660e+01 3.029e-02 0.000e+00
5.670e+01 2.506e-02 0.000e+00
5.680e+01 3.915e-02 0.000e+00
5.690e+01 4.974e-02 0.000e+00
5.700e+01 4.599e-02 0.000e+00
5.710e+01 4.535e-02 0.000e+00
5.720e+01 4.423e-02 0.000e+00
5.730e+01 4.525e-02 0.000e+00
5.740e+01 4.298e-02 0.000e+00
5.750e+01 4.950e-02 0.000e+00
5.760e+01 4.560e-02 0.000e+00
5.770e+01 3.964e-02 0.000e+00
5.780e+01 3.393e-02 0.000e+00
5.790e+01 3.040e-02 0.000e+00
5.800e+01 3.030e-02 0.000e+00
5.810e+01 3.869e-02 0.000e+00
5.820e+01 4.647e-02 0.000e+00
5.830e+01 3.922e-02 0.000e+00
5.840e+01 3.845e-02 0.000e+00
5.850e+01 3.277e-02 0.000e+00
5.860e+01 2.596e-02 0.000e+00
5.870e+01 3.637e-02 0.000e+00
5.880e+01 3.667e-02 0.000e+00
5.890e+01 3.416e-02 0.000e+00
5.900e+01 3.646e-02 0.000e+00
5.910e+01 4.048e-02 0.000e+00
5.920e+01 4.243e-02 0.000e+00
5.930e+01 4.385e-02 0.000e+00
5.940e+01 3.311e-02 0.000e+00
5.950e+01 3.782e-02 0.000e+00
5.960e+01 3.891e-02 0.000e+00
5.970e+01 2.796e-02 0.000e+00
5.980e+01 2.589e-02 0.000e+00
5.990e+01 2.535e-02 0.000e+00
6.000e+01 3.055e-02 0.000e+00
6.010e+01 2.978e-02 0.000e+00
6.020e+01 3.042e-02 0.000e+00
6.030e+01 3.465e-02 0.000e+00
6.040e+01 3.389e-02 0.000e+00
6.050e+01 3.481e-02 0.000e+00
6.060e+01 2.119e-02 0.000e+00
6.070e+01 2.274e-02 0.000e+00
6.080e+01 2.265e-02 0.000e+00
6.090e+01 2.297e-02 0.000e+00
6.100e+01 2.060e-02 0.000e+00
6.110e+01 2.686e-02 0.000e+00
6.120e+01 1.961e-02 0.000e+00
6.130e+01 2.321e-02 0.000e+00
6.140e+01 2.207e-02 0.000e+00
6.150e+01 1.908e-02 0.000e+00
6.160e+01 2.886e-02 0.000e+00
6.170e+01 3.041e-02 0.000e+00
6.180e+01 3.720e-02 0.000e+00
6.190e+01 3.283e-02 0.000e+00
6.200e+01 3.117e-02 0.000e+00
6.210e+01 3.210e-02 0.000e+00
6.220e+01 3.106e-02 0.000e+00
6.230e+01 2.986e-02 0.000e+00
6.240e+01 3.034e-02 0.000e+00
6.250e+01 2.735e-02 0.000e+00
6.260e+01 3.591e-02 0.000e+00
6.270e+01 3.109e-02 0.000e+00
6.280e+01 2.045e-02 0.000e+00
6.290e+01 2.624e-02 0.000e+00
6.300e+01 3.163e-02 0.000e+00
6.310e+01 3.116e-02 0.000e+00
6.320e+01 2.900e-02 0.000e+00
6.330e+01 3.517e-02 0.000e+00
6.340e+01 4.002e-02 0.000e+00
6.350e+01 4.368e-02 0.000e+00
6.360e+01 4.343e-02 0.000e+00
6.370e+01 4.471e-02 0.000e+00
6.380e+01 3.960e-02 0.000e+00
6.390e+01 3.252e-02 0.000e+00
6.400e+01 4.124e-02 0.000e+00
6.410e+01 4.647e-02 0.000e+00
6.420e+01 4.768e-02 0.000e+00
6.430e+01 4.038e-02 0.000e+00
6.440e+01 3.278e-02 0.000e+00
6.450e+01 3.033e-02 0.000e+00
6.460e+01 2.923e-02 0.000e+00
6.470e+01 3.070e-02 0.000e+00
6.480e+01 3.252e-02 0.000e+00
6.490e+01 3.265e-02 0.000e+00
6.500e+01 3.265e-02 0.000e+00
6.510e+01 3.578e-02 0.000e+00
6.520e+01 4.106e-02 0.000e+00
6.530e+01 4.383e-02 0.000e+00
6.540e+01 4.801e-02 0.000e+00
6.550e+01 5.388e-02 0.000e+00
6.560e+01 5.176e-02 0.000e+00
6.570e+01 7.703e-02 0.000e+00
6.580e+01 6.504e-02 0.000e+00
6.590e+01 7.893e-02 0.000e+00
6.600e+01 8.633e-02 0.000e+00
6.610e+01 8.813e-02 0.000e+00
6.620e+01 7.954e-02 0.000e+00
6.630e+01 7.810e-02 0.000e+00
6.640e+01 9.759e-02 0.000e+00
6.650e+01 6.724e-02 0.000e+00
6.660e+01 6.336e-02 0.000e+00
6.670e+01 5.909e-02 0.000e+00
6.680e+01 5.802e-02 0.000e+00
6.690e+01 5.679e-02 0.000e+00
6.700e+01 5.119e-02 0.000e+00
6.710e+01 4.449e-02 0.000e+00
6.720e+01 4.314e-02 0.000e+00
6.730e+01 4.210e-02 0.000e+00
6.740e+01 4.009e-02 0.000e+00
6.750e+01 4.264e-02 0.000e+00
6.760e+01 4.125e-02 0.000e+00
6.770e+01 3.813e-02 0.000e+00
6.780e+01 5.118e-02 0.000e+00
6.790e+01 4.545e-02 0.000e+00
6.800e+01 5.383e-02 0.000e+00
6.810e+01 6.502e-02 0.000e+00
6.820e+01 5.612e-02 0.000e+00
6.830e+01 5.548e-02 0.000e+00
6.840e+01 6.116e-02 0.000e+00
6.850e+01 7.959e-02 0.000e+00
6.860e+01 8.583e-02 0.000e+00
6.870e+01 5.212e-02 0.000e+00
6.880e+01 5.453e-02 0.000e+00
6.890e+01 3.875e-02 0.000e+00
6.900e+01 4.058e-02 0.000e+00
6.910e+01 4.396e-02 0.000e+00
6.920e+01 4.043e-02 0.000e+00
6.930e+01 4.164e-02 0.000e+00
6.940e+01 4.772e-02 0.000e+00
6.950e+01 4.805e-02 0.000e+00
6.960e+01 4.149e-02 0.000e+00
6.970e+01 3.206e-02 0.000e+00
6.980e+01 3.529e-02 0.000e+00
6.990e+01 2.440e-02 0.000e+00
7.000e+01 3.639e-02 0.000e+00
7.010e+01 3.649e-02 0.000e+00
7.020e+01 4.038e-02 0.000e+00
7.030e+01 4.742e-02 0.000e+00
7.040e+01 5.284e-02 0.000e+00
7.050e+01 5.769e-02 0.000e+00
7.060e+01 5.106e-02 0.000e+00
7.070e+01 3.566e-02 0.000e+00
7.080e+01 3.306e-02 0.000e+00
7.090e+01 2.800e-02 0.000e+00
7.100e+01 3.077e-02 0.000e+00
7.110e+01 4.209e-02 0.000e+00
7.120e+01 2.493e-02 0.000e+00
7.130e+01 5.155e-02 0.000e+00
7.140e+01 2.655e-02 0.000e+00
7.150e+01 5.325e-02 0.000e+00
7.160e+01 4.773e-02 0.000e+00
7.170e+01 3.586e-02 0.000e+00
7.180e+01 4.644e-02 0.000e+00
7.190e+01 3.641e-02 0.000e+00
7.200e+01 3.113e-02 0.000e+00
7.210e+01 3.220e-02 0.000e+00
7.220e+01 4.889e-02 0.000e+00
7.230e+01 5.783e-02 0.000e+00
7.240e+01 4.554e-02 0.000e+00
7.250e+01 7.596e-02 0.000e+00
7.260e+01 5.118e-02 0.000e+00
7.270e+01 3.980e-02 0.000e+00
7.280e+01 2.596e-02 0.000e+00
7.290e+01 3.681e-02 0.000e+00
7.300e+01 3.819e-02 0.000e+00
7.310e+01 6.034e-02 0.000e+00
7.320e+01 7.973e-02 0.000e+00
7.330e+01 5.674e-02 0.000e+00
7.340e+01 5.129e-02 0.000e+00
7.350e+01 3.358e-02 0.000e+00
7.360e+01 4.079e-02 0.000e+00
7.370e+01 5.463e-02 0.000e+00
7.380e+01 5.768e-02 0.000e+00
7.390e+01 5.865e-02 0.000e+00
7.400e+01 6.060e-02 0.000e+00
7.410e+01 4.328e-02 0.000e+00
7.420e+01 5.417e-02 0.000e+00
7.430e+01 5.576e-02 0.000e+00
7.440e+01 4.763e-02 0.000e+00
7.450e+01 5.364e-02 0.000e+00
7.460e+01 4.674e-02 0.000e+00
7.470e+01 4.117e-02 0.000e+00
7.480e+01 4.700e-02 0.000e+00
7.490e+01 4.742e-02 0.000e+00
7.500e+01 5.081e-02 0.000e+00
7.510e+01 4.896e-02 0.000e+00
7.520e+01 5.520e-02 0.000e+00
7.530e+01 5.507e-02 0.000e+00
7.540e+01 4.981e-02 0.000e+00
7.550e+01 5.355e-02 0.000e+00
7.560e+01 4.329e-02 0.000e+00
7.570e+01 3.525e-02 0.000e+00
7.580e+01 3.264e-02 0.000e+00
7.590e+01 3.036e-02 0.000e+00
7.600e+01 3.925e-02 0.000e+00
7.610e+01 4.841e-02 0.000e+00
7.620e+01 5.268e-02 0.000e+00
7.630e+01 3.706e-02 0.000e+00
7.640e+01 4.030e-02 0.000e+00
7.650e+01 4.057e-02 0.000e+00
7.660e+01 4.874e-02 0.000e+00
7.670e+01 4.997e-02 0.000e+00
7.680e+01 3.883e-02 0.000e+00
7.690e+01 3.565e-02 0.000e+00
7.700e+01 5.414e-02 0.000e+00
7.710e+01 5.383e-02 0.000e+00
7.720e+01 5.207e-02 0.000e+00
7.730e+01 3.569e-02 0.000e+00
7.740e+01 3.207e-02 0.000e+00
7.750e+01 2.979e-02 0.000e+00
7.760e+01 3.917e-02 0.000e+00
7.770e+01 5.487e-02 0.000e+00
7.780e+01 3.251e-02 0.000e+00
7.790e+01 3.873e-02 0.000e+00
7.800e+01 1.826e-02 0.000e+00
7.810e+01 1.786e-02 0.000e+00
7.820e+01 2.279e-02 0.000e+00
7.830e+01 3.414e-02 0.000e+00
7.840e+01 2.119e-02 0.000e+00
7.850e+01 2.556e-02 0.000e+00
7.860e+01 1.898e-02 0.000e+00
7.870e+01 2.672e-02 0.000e+00
7.880e+01 3.498e-02 0.000e+00
7.890e+01 2.609e-02 0.000e+00
7.900e+01 2.140e-02 0.000e+00
7.910e+01 3.409e-02 0.000e+00
7.920e+01 2.266e-02 0.000e+00
7.930e+01 1.992e-02 0.000e+00
7.940e+01 1.936e-02 0.000e+00
7.950e+01 3.891e-02 0.000e+00
7.960e+01 3.836e-02 0.000e+00
7.970e+01 4.611e-02 0.000e+00
7.980e+01 2.674e-02 0.000e+00
7.990e+01 6.049e-02 0.000e+00
8.000e+01 5.078e-02 0.000e+00
8.010e+01 2.649e-02 0.000e+00
8.020e+01 2.642e-02 0.000e+00
8.030e+01 2.269e-02 0.000e+00
8.040e+01 3.876e-02 0.000e+00
8.050e+01 3.660e-02 0.000e+00
8.060e+01 3.206e-02 0.000e+00
8.070e+01 2.034e-02 0.000e+00
8.080e+01 1.493e-02 0.000e+00
8.090e+01 1.039e-02 0.000e+00
8.100e+01 1.487e-02 0.000e+00
8.110e+01 2.709e-02 0.000e+00
8.120e+01 1.582e-02 0.000e+00
8.130e+01 2.350e-02 0.000e+00
8.140e+01 2.660e-02 0.000e+00
8.150e+01 1.603e-02 0.000e+00
8.160e+01 2.060e-02 0.000e+00
8.170e+01 2.260e-02 0.000e+00
8.180e+01 3.387e-02 0.000e+00
8.190e+01 3.509e-02 0.000e+00
8.200e+01 3.819e-02 0.000e+00
8.210e+01 4.272e-02 0.000e+00
8.220e+01 4.156e-02 0.000e+00
8.230e+01 4.245e-02 0.000e+00
8.240e+01 4.473e-02 0.000e+00
8.250e+01 3.725e-02 0.000e+00
8.260e+01 3.593e-02 0.000e+00
8.270e+01 4.541e-02 0.000e+00
8.280e+01 3.872e-02 0.000e+00
8.290e+01 3.975e-02 0.000e+00
8.300e+01 3.473e-02 0.000e+00
8.310e+01 3.409e-02 0.000e+00
8.320e+01 3.868e-02 0.000e+00
8.330e+01 3.995e-02 0.000e+00
8.340e+01 4.111e-02 0.000e+00
8.350e+01 4.386e-02 0.000e+00
8.360e+01 5.079e-02 0.000e+00
8.370e+01 4.739e-02 0.000e+00
8.380e+01 4.220e-02 0.000e+00
8.390e+01 4.726e-02 0.000e+00
8.400e+01 4.994e-02 0.000e+00
8.410e+01 4.638e-02 0.000e+00
8.420e+01 3.731e-02 0.000e+00
8.430e+01 3.392e-02 0.000e+00
8.440e+01 3.853e-02 0.000e+00
8.450e+01 3.449e-02 0.000e+00
8.460e+01 4.189e-02 0.000e+00
8.470e+01 3.644e-02 0.000e+00
8.480e+01 3.591e-02 0.000e+00
8.490e+01 3.225e-02 0.000e+00
8.500e+01 3.506e-02 0.000e+00
8.510e+01 3.973e-02 0.000e+00
8.520e+01 4.299e-02 0.000e+00
8.530e+01 4.874e-02 0.000e+00
8.540e+01 4.861e-02 0.000e+00
8.550e+01 4.095e-02 0.000e+00
8.560e+01 5.252e-02 0.000e+00
8.570e+01 3.363e-02 0.000e+00
8.580e+01 2.877e-02 0.000e+00
8.590e+01 2.717e-02 0.000e+00
8.600e+01 2.814e-02 0.000e+00
8.610e+01 3.273e-02 0.000e+00
8.620e+01 2.834e-02 0.000e+00
8.630e+01 3.074e-02 0.000e+00
8.640e+01 2.888e-02 0.000e+00
8.650e+01 3.330e-02 0.000e+00
8.660e+01 3.557e-02 0.000e+00
8.670e+01 3.390e-02 0.000e+00
8.680e+01 3.989e-02 0.000e+00
8.690e+01 3.886e-02 0.000e+00
8.700e+01 4.372e-02 0.000e+00
8.710e+01 4.233e-02 0.000e+00
8.720e+01 4.597e-02 0.000e+00
8.730e+01 4.081e-02 0.000e+00
8.740e+01 3.914e-02 0.000e+00
8.750e+01 4.294e-02 0.000e+00
8.760e+01 3.598e-02 0.000e+00
8.770e+01 3.606e-02 0.000e+00
8.780e+01 3.488e-02 0.000e+00
8.790e+01 3.322e-02 0.000e+00
8.800e+01 3.277e-02 0.000e+00
8.810e+01 2.808e-02 0.000e+00
8.820e+01 2.794e-02 0.000e+00
8.830e+01 2.854e-02 0.000e+00
8.840e+01 2.713e-02 0.000e+00
8.850e+01 2.242e-02 0.000e+00
8.860e+01 1.718e-02 0.000e+00
8.870e+01 2.424e-02 0.000e+00
8.880e+01 3.064e-02 0.000e+00
8.890e+01 3.294e-02 0.000e+00
8.900e+01 3.107e-02 0.000e+00
8.910e+01 2.292e-02 0.000e+00
8.920e+01 2.868e-02 0.000e+00
8.930e+01 2.676e-02 0.000e+00
8.940e+01 1.750e-02 0.000e+00
8.950e+01 2.518e-02 0.000e+00
8.960e+01 3.515e-02 0.000e+00
8.970e+01 2.342e-02 0.000e+00
8.980e+01 9.682e-03 0.000e+00
8.990e+01 1.738e-02 0.000e+00
9.000e+01 2.587e-02 0.000e+00
9.010e+01 3.087e-02 0.000e+00
9.020e+01 3.856e-02 0.000e+00
9.030e+01 4.434e-02 0.000e+00
9.040e+01 5.074e-02 0.000e+00
9.050e+01 3.936e-02 0.000e+00
9.060e+01 4.768e-02 0.000e+00
9.070e+01 4.490e-02 0.000e+00
9.080e+01 4.552e-02 0.000e+00
9.090e+01 2.704e-02 0.000e+00
9.100e+01 3.387e-02 0.000e+00
9.110e+01 4.399e-02 0.000e+00
9.120e+01 3.441e-02 0.000e+00
9.130e+01 5.098e-02 0.000e+00
9.140e+01 4.339e-02 0.000e+00
9.150e+01 5.494e-02 0.000e+00
9.160e+01 3.840e-02 0.000e+00
9.170e+01 5.060e-02 0.000e+00
9.180e+01 3.609e-02 0.000e+00
9.190e+01 4.188e-02 0.000e+00
9.200e+01 4.962e-02 0.000e+00
9.210e+01 7.169e-02 0.000e+00
9.220e+01 7.689e-02 0.000e+00
9.230e+01 6.964e-02 0.000e+00
9.240e+01 5.650e-02 0.000e+00
9.250e+01 6.372e-02 0.000e+00
9.260e+01 5.684e-02 0.000e+00
9.270e+01 7.973e-02 0.000e+00
9.280e+01 6.563e-02 0.000e+00
9.290e+01 5.940e-02 0.000e+00
9.300e+01 7.061e-02 0.000e+00
9.310e+01 4.539e-02 0.000e+00
9.320e+01 6.707e-02 0.000e+00
9.330e+01 7.039e-02 0.000e+00
9.340e+01 6.597e-02 0.000e+00
9.350e+01 6.550e-02 0.000e+00
9.360e+01 7.884e-02 0.000e+00
9.370e+01 5.352e-02 0.000e+00
9.380e+01 5.682e-02 0.000e+00
9.390e+01 5.130e-02 0.000e+00
9.400e+01 3.839e-02 0.000e+00
9.410e+01 3.135e-02 0.000e+00
9.420e+01 2.703e-02 0.000e+00
9.430e+01 3.712e-02 0.000e+00
9.440e+01 3.120e-02 0.000e+00
9.450e+01 3.912e-02 0.000e+00
9.460e+01 3.220e-02 0.000e+00
9.470e+01 3.606e-02 0.000e+00
9.480e+01 3.128e-02 0.000e+00
9.490e+01 3.062e-02 0.000e+00
9.500e+01 2.674e-02 0.000e+00
9.510e+01 2.738e-02 0.000e+00
9.520e+01 3.003e-02 0.000e+00
9.530e+01 3.026e-02 0.000e+00
9.540e+01 3.239e-02 0.000e+00
9.550e+01 2.944e-02 0.000e+00
9.560e+01 2.732e-02 0.000e+00
9.570e+01 3.072e-02 0.000e+00
9.580e+01 3.183e-02 0.000e+00
9.590e+01 2.267e-02 0.000e+00
9.600e+01 2.487e-02 0.000e+00
9.610e+01 2.217e-02 0.000e+00
9.620e+01 1.901e-02 0.000e+00
9.630e+01 1.920e-02 0.000e+00
9.640e+01 2.708e-02 0.000e+00
9.650e+01 2.761e-02 0.000e+00
9.660e+01 2.389e-02 0.000e+00
9.670e+01 2.968e-02 0.000e+00
9.680e+01 2.994e-02 0.000e+00
9.690e+01 2.592e-02 0.000e+00
9.700e+01 2.500e-02 0.000e+00
9.710e+01 2.798e-02 0.000e+00
9.720e+01 2.630e-02 0.000e+00
9.730e+01 2.739e-02 0.000e+00
9.740e+01 2.227e-02 0.000e+00
9.750e+01 2.031e-02 0.000e+00
9.760e+01 1.916e-02 0.000e+00
9.770e+01 1.836e-02 0.000e+00
9.780e+01 1.565e-02 0.000e+00
9.790e+01 2.294e-02 0.000e+00
9.800e+01 1.617e-02 0.000e+00
9.810e+01 1.924e-02 0.000e+00
9.820e+01 2.177e-02 0.000e+00
9.830e+01 1.774e-02 0.000e+00
9.840e+01 1.824e-02 0.000e+00
9.850e+01 2.276e-02 0.000e+00
9.860e+01 1.918e-02 0.000e+00
9.870e+01 2.106e-02 0.000e+00
9.880e+01 1.875e-02 0.000e+00
9.890e+01 2.023e-02 0.000e+00
9.900e+01 2.406e-02 0.000e+00
9.910e+01 2.365e-02 0.000e+00
9.920e+01 2.396e-02 0.000e+00
9.930e+01 2.226e-02 0.000e+00
9.940e+01 2.431e-02 0.000e+00
9.950e+01 2.605e-02 0.000e+00
9.960e+01 2.695e-02 0.000e+00
9.970e+01 2.415e-02 0.000e+00
9.980e+01 2.164e-02 0.000e+00
9.990e+01 1.784e-02 0.000e+00
