# Time (ps)      real(F_2)      im(F_2)
0.000e+00 1.000e+00 0.000e+00
1.000e-01 8.752e-01 -4.148e-02
2.000e-01 7.402e-01 8.011e-03
3.000e-01 6.850e-01 -7.762e-03
4.000e-01 6.569e-01 -4.044e-04
5.000e-01 6.572e-01 -5.762e-05
6.000e-01 6.316e-01 4.403e-02
7.000e-01 6.208e-01 2.279e-02
8.000e-01 5.865e-01 6.710e-02
9.000e-01 4.924e-01 6.332e-02
1.000e+00 5.405e-01 -9.241e-04
1.100e+00 5.636e-01 -7.511e-04
1.200e+00 5.096e-01 9.251e-03
1.300e+00 4.468e-01 -2.709e-02
1.400e+00 4.515e-01 -4.932e-03
1.500e+00 4.007e-01 -2.555e-02
1.600e+00 4.013e-01 -4.803e-02
1.700e+00 3.838e-01 -2.812e-02
1.800e+00 3.763e-01 -1.642e-02
1.900e+00 3.880e-01 -3.291e-02
2.000e+00 4.050e-01 -5.132e-02
2.100e+00 3.534e-01 -4.264e-02
2.200e+00 3.216e-01 -4.524e-02
2.300e+00 3.102e-01 -3.571e-02
2.400e+00 3.714e-01 -5.288e-02
2.500e+00 3.340e-01 -3.011e-02
2.600e+00 3.295e-01 -2.976e-02
2.700e+00 3.471e-01 -3.129e-02
2.800e+00 3.366e-01 -2.812e-02
2.900e+00 2.947e-01 -4.748e-02
3.000e+00 2.571e-01 -3.898e-02
3.100e+00 2.560e-01 -6.276e-02
3.200e+00 2.568e-01 -6.975e-02
3.300e+00 2.370e-01 -7.418e-02
3.400e+00 2.178e-01 -6.747e-02
3.500e+00 2.245e-01 -6.834e-02
3.600e+00 2.001e-01 -5.834e-02
3.700e+00 1.924e-01 -6.811e-02
3.800e+00 1.821e-01 -7.351e-02
3.900e+00 1.690e-01 -4.090e-02
4.000e+00 1.662e-01 -5.023e-02
4.100e+00 1.820e-01 3.825e-03
4.200e+00 1.905e-01 -3.946e-02
4.300e+00 2.033e-01 -4.877e-02
4.400e+00 2.014e-01 -3.617e-02
4.500e+00 2.029e-01 -3.641e-02
4.600e+00 1.512e-01 -5.197e-02
4.700e+00 1.610e-01 -2.470e-02
4.800e+00 1.636e-01 -2.682e-02
4.900e+00 2.079e-01 -6.934e-02
5.000e+00 1.759e-01 -4.691e-02
5.100e+00 1.564e-01 -3.444e-02
5.200e+00 2.072e-01 -5.685e-02
5.300e+00 1.630e-01 -6.072e-02
5.400e+00 1.605e-01 -3.227e-02
5.500e+00 1.608e-01 -2.560e-02
5.600e+00 1.584e-01 -2.519e-02
5.700e+00 1.663e-01 -1.425e-02
5.800e+00 1.424e-01 -5.750e-03
5.900e+00 1.207e-01 -2.698e-02
6.000e+00 1.010e-01 -1.057e-02
6.100e+00 7.768e-02 -7.659e-03
6.200e+00 8.867e-02 2.094e-03
6.300e+00 7.803e-02 -1.408e-02
6.400e+00 6.861e-02 -1.476e-02
6.500e+00 8.513e-02 -4.028e-03
6.600e+00 8.111e-02 -1.462e-02
6.700e+00 8.077e-02 -2.515e-02
6.800e+00 1.010e-01 -4.357e-02
6.900e+00 9.361e-02 -6.242e-02
7.000e+00 5.929e-02 -6.846e-02
7.100e+00 7.078e-02 -7.636e-02
7.200e+00 5.456e-02 -7.172e-02
7.300e+00 6.431e-02 -8.828e-02
7.400e+00 4.861e-02 -6.332e-02
7.500e+00 6.399e-02 -5.808e-02
7.600e+00 7.182e-02 -5.277e-02
7.700e+00 1.113e-01 -4.360e-02
7.800e+00 9.851e-02 -7.280e-03
7.900e+00 1.016e-01 -1.087e-02
8.000e+00 9.874e-02 -8.292e-03
8.100e+00 8.507e-02 -3.685e-02
8.200e+00 1.063e-01 -5.224e-02
8.300e+00 1.172e-01 -9.810e-03
8.400e+00 1.043e-01 3.509e-03
8.500e+00 8.706e-02 -6.269e-03
8.600e+00 1.181e-01 -1.469e-02
8.700e+00 1.182e-01 1.080e-03
8.800e+00 1.031e-01 -5.104e-03
8.900e+00 1.268e-01 -3.437e-03
9.000e+00 9.684e-02 -7.802e-03
9.100e+00 1.043e-01 5.251e-03
9.200e+00 1.051e-01 -2.936e-02
9.300e+00 8.913e-02 -2.809e-02
9.400e+00 1.046e-01 -3.013e-02
9.500e+00 1.051e-01 -2.422e-02
9.600e+00 9.048e-02 -2.480e-02
9.700e+00 8.621e-02 -2.712e-02
9.800e+00 8.152e-02 -3.563e-02
9.900e+00 7.791e-02 -2.506e-02
1.000e+01 9.061e-02 -1.788e-02
1.010e+01 7.692e-02 -2.075e-02
1.020e+01 7.735e-02 -2.762e-02
1.030e+01 6.212e-02 -1.185e-02
1.040e+01 5.219e-02 -2.634e-02
1.050e+01 4.079e-02 -1.814e-02
1.060e+01 5.477e-02 -1.854e-02
1.070e+01 4.562e-02 -3.195e-02
1.080e+01 5.453e-02 -2.418e-02
1.090e+01 8.921e-02 -2.733e-02
1.100e+01 9.911e-02 -1.635e-02
1.110e+01 8.392e-02 -3.337e-02
1.120e+01 8.319e-02 -2.625e-02
1.130e+01 8.051e-02 -2.728e-02
1.140e+01 8.206e-02 -1.051e-02
1.150e+01 8.368e-02 4.389e-04
1.160e+01 8.013e-02 -3.525e-03
1.170e+01 7.674e-02 -5.299e-03
1.180e+01 7.761e-02 9.531e-04
1.190e+01 6.215e-02 8.247e-03
1.200e+01 6.330e-02 -1.314e-02
1.210e+01 8.054e-02 -2.627e-02
1.220e+01 4.822e-02 -4.821e-02
1.230e+01 5.917e-02 -4.706e-02
1.240e+01 5.822e-02 -4.045e-02
1.250e+01 5.997e-02 -3.134e-02
1.260e+01 5.223e-02 -2.321e-02
1.270e+01 4.462e-02 -2.552e-02
1.280e+01 2.819e-02 -5.549e-02
1.290e+01 3.739e-02 -3.522e-02
1.300e+01 3.932e-02 -4.633e-02
1.310e+01 3.462e-02 -5.785e-02
1.320e+01 3.132e-02 -4.712e-02
1.330e+01 4.439e-02 -5.491e-02
1.340e+01 3.675e-02 -3.754e-02
1.350e+01 1.187e-02 -2.140e-02
1.360e+01 1.852e-02 -1.227e-02
1.370e+01 3.812e-02 -1.587e-02
1.380e+01 2.088e-02 -2.369e-02
1.390e+01 3.207e-02 -3.335e-02
1.400e+01 1.566e-02 -4.806e-02
1.410e+01 2.989e-03 -2.834e-02
1.420e+01 2.815e-02 -2.966e-02
1.430e+01 2.707e-02 -2.000e-02
1.440e+01 1.899e-02 -4.858e-02
1.450e+01 1.253e-02 -3.983e-02
1.460e+01 1.938e-02 -3.502e-02
1.470e+01 1.755e-02 -1.851e-02
1.480e+01 2.990e-02 4.101e-03
1.490e+01 1.297e-02 -2.297e-02
1.500e+01 1.744e-02 -3.508e-02
1.510e+01 9.672e-03 -5.464e-02
1.520e+01 2.134e-02 -4.648e-02
1.530e+01 1.535e-02 -3.968e-02
1.540e+01 1.052e-02 -5.162e-02
1.550e+01 1.528e-02 -3.832e-02
1.560e+01 2.903e-02 -4.096e-02
1.570e+01 4.519e-02 -2.383e-02
1.580e+01 9.713e-03 -3.501e-02
1.590e+01 2.045e-02 -3.400e-02
1.600e+01 1.728e-02 -4.793e-02
1.610e+01 2.558e-02 -4.198e-02
1.620e+01 1.918e-02 -5.354e-02
1.630e+01 9.300e-03 -4.288e-02
1.640e+01 1.008e-02 -5.943e-02
1.650e+01 2.007e-02 -7.432e-02
1.660e+01 2.064e-02 -4.724e-02
1.670e+01 1.871e-02 -5.280e-02
1.680e+01 1.306e-02 -4.727e-02
1.690e+01 2.146e-02 -3.863e-02
1.700e+01 3.759e-02 -2.831e-02
1.710e+01 3.454e-02 -2.482e-02
1.720e+01 3.072e-02 -1.841e-02
1.730e+01 2.765e-02 -1.547e-02
1.740e+01 2.983e-02 -1.429e-02
1.750e+01 2.174e-02 -1.646e-02
1.760e+01 3.174e-02 -1.807e-02
1.770e+01 4.698e-02 -3.882e-02
1.780e+01 3.942e-02 -4.463e-02
1.790e+01 4.021e-02 -4.933e-02
1.800e+01 2.957e-02 -4.672e-02
1.810e+01 2.452e-02 -3.104e-02
1.820e+01 2.627e-02 -1.650e-02
1.830e+01 2.676e-02 -1.028e-02
1.840e+01 2.432e-02 -7.417e-03
1.850e+01 2.303e-02 -5.069e-03
1.860e+01 2.708e-02 -5.570e-03
1.870e+01 2.963e-02 -7.387e-03
1.880e+01 2.967e-02 -1.928e-02
1.890e+01 3.216e-02 -6.329e-03
1.900e+01 2.527e-02 -9.409e-03
1.910e+01 2.543e-02 -8.306e-03
1.920e+01 2.725e-02 9.181e-04
1.930e+01 2.311e-02 -1.050e-02
1.940e+01 1.594e-02 -6.885e-03
1.950e+01 2.461e-02 -4.729e-03
1.960e+01 2.667e-02 -5.966e-03
1.970e+01 2.033e-02 8.484e-04
1.980e+01 2.947e-02 2.130e-03
1.990e+01 3.724e-02 8.435e-04
2.000e+01 3.972e-02 4.461e-03
2.010e+01 3.542e-02 -3.346e-03
2.020e+01 3.718e-02 -7.970e-03
2.030e+01 1.805e-02 -1.233e-02
2.040e+01 2.871e-02 -9.901e-04
2.050e+01 2.204e-02 -1.030e-03
2.060e+01 2.596e-02 1.814e-03
2.070e+01 2.075e-02 2.628e-03
2.080e+01 1.837e-02 7.712e-05
2.090e+01 1.875e-02 -3.221e-04
2.100e+01 2.522e-02 6.033e-03
2.110e+01 1.601e-02 2.858e-03
2.120e+01 1.544e-02 6.814e-03
2.130e+01 1.022e-02 5.532e-03
2.140e+01 1.305e-02 -8.432e-03
2.150e+01 1.112e-02 8.468e-03
2.160e+01 1.110e-02 7.733e-03
2.170e+01 1.294e-02 5.080e-03
2.180e+01 1.687e-02 1.576e-03
2.190e+01 2.266e-02 2.341e-03
2.200e+01 1.972e-02 -5.469e-03
2.210e+01 1.956e-02 3.741e-03
2.220e+01 1.452e-02 4.365e-03
2.230e+01 1.730e-02 5.555e-03
2.240e+01 1.567e-02 1.081e-02
2.250e+01 2.141e-02 -9.359e-04
2.260e+01 1.030e-02 7.795e-03
2.270e+01 2.148e-02 1.659e-03
2.280e+01 1.923e-02 3.846e-03
2.290e+01 2.152e-02 9.190e-03
2.300e+01 1.679e-02 1.117e-02
2.310e+01 1.539e-02 1.039e-02
2.320e+01 1.734e-02 2.370e-03
2.330e+01 1.695e-02 4.025e-03
2.340e+01 2.124e-02 8.326e-03
2.350e+01 2.169e-02 1.171e-02
2.360e+01 2.290e-02 1.430e-02
2.370e+01 3.247e-02 1.112e-02
2.380e+01 2.360e-02 3.621e-03
2.390e+01 1.905e-02 8.218e-03
2.400e+01 2.270e-02 2.531e-03
2.410e+01 1.580e-02 1.579e-03
2.420e+01 1.426e-02 -3.519e-03
2.430e+01 7.734e-03 -6.195e-03
2.440e+01 1.003e-02 -6.537e-03
2.450e+01 8.653e-03 -6.018e-03
2.460e+01 1.003e-02 -5.804e-03
2.470e+01 8.235e-03 -7.012e-03
2.480e+01 1.304e-02 -3.097e-05
2.490e+01 9.006e-03 2.636e-03
2.500e+01 2.088e-03 9.873e-04
2.510e+01 1.245e-03 7.817e-03
2.520e+01 -2.673e-03 3.358e-03
2.530e+01 -3.512e-03 3.667e-03
2.540e+01 1.790e-03 1.850e-03
2.550e+01 -1.823e-03 -2.244e-03
2.560e+01 -3.584e-03 3.239e-04
2.570e+01 -8.526e-03 1.573e-03
2.580e+01 9.241e-03 -1.866e-03
2.590e+01 1.364e-02 -1.252e-03
2.600e+01 2.257e-02 5.401e-03
2.610e+01 2.900e-02 4.992e-03
2.620e+01 2.343e-02 7.761e-03
2.630e+01 2.025e-02 7.008e-03
2.640e+01 2.167e-02 -7.256e-03
2.650e+01 1.763e-02 1.823e-03
2.660e+01 9.205e-03 -3.614e-03
2.670e+01 1.326e-02 -1.008e-03
2.680e+01 6.249e-03 -5.215e-03
2.690e+01 1.386e-02 -1.663e-03
2.700e+01 1.290e-02 3.273e-03
2.710e+01 1.088e-02 -2.537e-03
2.720e+01 1.017e-02 3.646e-03
2.730e+01 7.069e-03 -3.059e-03
2.740e+01 9.344e-03 -3.241e-03
2.750e+01 1.104e-02 -9.977e-04
2.760e+01 4.705e-03 6.118e-04
2.770e+01 9.665e-03 -1.210e-03
2.780e+01 9.117e-03 3.226e-03
2.790e+01 5.754e-03 8.007e-04
2.800e+01 1.134e-02 2.285e-04
2.810e+01 1.076e-02 -4.199e-04
2.820e+01 1.131e-02 -2.452e-03
2.830e+01 1.291e-02 -9.346e-04
2.840e+01 1.356e-02 -9.020e-04
2.850e+01 2.018e-02 3.144e-03
2.860e+01 1.932e-02 2.067e-03
2.870e+01 9.640e-03 5.461e-03
2.880e+01 8.583e-03 5.828e-03
2.890e+01 3.909e-03 -7.030e-04
2.900e+01 9.618e-03 -2.287e-03
2.910e+01 3.342e-04 -3.052e-04
2.920e+01 4.795e-03 6.789e-04
2.930e+01 7.452e-03 -3.767e-03
2.940e+01 6.215e-03 -7.555e-03
2.950e+01 -9.752e-05 -3.216e-03
2.960e+01 6.017e-03 4.379e-03
2.970e+01 5.607e-03 3.314e-03
2.980e+01 1.932e-03 -4.370e-03
2.990e+01 1.223e-03 -8.467e-03
3.000e+01 8.100e-03 -1.247e-02
3.010e+01 1.216e-02 -9.004e-03
3.020e+01 1.073e-02 -5.011e-03
3.030e+01 1.074e-02 -4.717e-03
3.040e+01 1.104e-02 -4.279e-03
3.050e+01 1.147e-03 -6.436e-03
3.060e+01 5.777e-03 -4.243e-03
3.070e+01 4.292e-03 -2.165e-03
3.080e+01 3.245e-03 -1.579e-03
3.090e+01 5.259e-03 -1.649e-03
3.100e+01 9.225e-03 -7.417e-04
3.110e+01 5.643e-03 -9.930e-03
3.120e+01 -1.976e-03 -1.575e-02
3.130e+01 5.514e-03 -2.757e-03
3.140e+01 9.101e-03 -3.858e-03
3.150e+01 7.480e-03 -2.480e-03
3.160e+01 6.456e-03 -9.563e-04
3.170e+01 5.874e-03 3.336e-03
3.180e+01 6.640e-03 -3.099e-04
3.190e+01 6.116e-03 -2.545e-03
3.200e+01 8.642e-03 -3.147e-03
3.210e+01 7.472e-03 -2.701e-03
3.220e+01 8.301e-03 -5.910e-03
3.230e+01 8.025e-03 -6.970e-03
3.240e+01 9.332e-03 -9.405e-04
3.250e+01 -1.682e-03 -2.201e-03
3.260e+01 -3.146e-04 -2.671e-03
3.270e+01 1.768e-03 4.960e-03
3.280e+01 1.004e-02 -3.947e-03
3.290e+01 9.284e-03 -3.886e-03
3.300e+01 1.060e-02 -7.525e-03
3.310e+01 5.069e-03 -6.547e-03
3.320e+01 2.707e-03 -4.546e-03
3.330e+01 2.793e-03 -4.336e-03
3.340e+01 4.298e-03 -6.712e-03
3.350e+01 5.170e-03 -6.881e-03
3.360e+01 1.044e-03 -4.601e-03
3.370e+01 3.006e-03 -5.312e-03
3.380e+01 3.062e-03 -4.238e-03
3.390e+01 9.215e-04 -3.694e-03
3.400e+01 1.330e-03 -8.324e-03
3.410e+01 3.252e-03 -4.776e-03
3.420e+01 4.768e-03 -3.640e-03
3.430e+01 6.612e-03 -3.618e-03
3.440e+01 3.028e-03 -3.205e-04
3.450e+01 5.509e-03 2.001e-03
3.460e+01 6.869e-03 -4.110e-03
3.470e+01 6.424e-03 -1.426e-03
3.480e+01 1.066e-02 2.067e-04
3.490e+01 5.599e-03 2.609e-03
3.500e+01 9.223e-03 3.026e-03
3.510e+01 9.878e-03 -5.958e-03
3.520e+01 8.574e-03 -5.245e-03
3.530e+01 4.215e-03 -4.639e-04
3.540e+01 3.565e-03 -3.010e-03
3.550e+01 6.384e-03 -3.800e-03
3.560e+01 6.521e-03 -8.730e-04
3.570e+01 4.179e-03 -7.829e-03
3.580e+01 1.810e-03 -8.897e-03
3.590e+01 1.296e-04 -1.087e-02
3.600e+01 1.827e-03 -5.229e-03
3.610e+01 2.420e-03 -2.858e-03
3.620e+01 3.801e-03 -4.679e-03
3.630e+01 6.090e-03 -7.191e-03
3.640e+01 2.505e-03 -4.859e-03
3.650e+01 2.843e-03 -5.602e-03
3.660e+01 3.343e-03 -2.951e-03
3.670e+01 4.064e-03 -2.936e-03
3.680e+01 -7.308e-04 -4.952e-03
3.690e+01 -2.257e-03 -5.206e-03
3.700e+01 2.374e-04 -4.352e-03
3.710e+01 -2.131e-03 5.609e-04
3.720e+01 -2.225e-03 -1.914e-03
3.730e+01 -3.900e-03 -7.966e-04
3.740e+01 -3.429e-03 -7.416e-03
3.750e+01 1.689e-03 -5.316e-03
3.760e+01 1.880e-03 -4.507e-03
3.770e+01 1.340e-03 -9.577e-03
3.780e+01 5.487e-03 -8.195e-03
3.790e+01 1.351e-03 -9.103e-03
3.800e+01 8.542e-04 -7.778e-03
3.810e+01 2.021e-03 -5.679e-03
3.820e+01 1.042e-04 -4.406e-03
3.830e+01 1.351e-04 -9.118e-03
3.840e+01 3.670e-03 -1.096e-02
3.850e+01 1.474e-03 -9.145e-03
3.860e+01 -1.720e-03 -6.889e-03
3.870e+01 8.533e-04 -4.687e-03
3.880e+01 -6.624e-04 -2.663e-03
3.890e+01 -1.237e-03 -7.330e-03
3.900e+01 -2.514e-03 -3.162e-03
3.910e+01 -3.804e-03 -3.223e-04
3.920e+01 -1.819e-03 1.418e-03
3.930e+01 -2.691e-05 7.297e-05
3.940e+01 -2.187e-03 -2.743e-03
3.950e+01 -1.421e-03 -2.237e-03
3.960e+01 5.503e-03 -9.194e-03
3.970e+01 7.394e-03 -2.856e-03
3.980e+01 1.311e-02 -3.453e-03
3.990e+01 1.107e-02 2.154e-03
4.000e+01 6.265e-03 3.552e-03
4.010e+01 9.709e-03 9.577e-03
4.020e+01 1.066e-02 9.241e-03
4.030e+01 1.481e-02 7.416e-03
4.040e+01 1.169e-02 5.022e-03
4.050e+01 8.858e-03 2.353e-03
4.060e+01 6.455e-03 2.466e-03
4.070e+01 1.162e-02 -5.895e-03
4.080e+01 1.306e-02 -5.997e-03
4.090e+01 5.309e-03 -1.055e-02
4.100e+01 3.256e-03 -8.957e-03
4.110e+01 2.882e-03 -3.823e-03
4.120e+01 6.824e-03 -2.731e-03
4.130e+01 6.603e-03 -5.191e-04
4.140e+01 3.005e-03 -3.092e-04
4.150e+01 2.400e-03 3.907e-03
4.160e+01 9.680e-03 -2.162e-03
4.170e+01 1.319e-02 5.373e-03
4.180e+01 1.344e-02 1.715e-03
4.190e+01 1.591e-02 -7.997e-04
4.200e+01 1.410e-02 4.024e-03
4.210e+01 1.260e-02 9.835e-04
4.220e+01 4.702e-03 1.056e-02
4.230e+01 4.408e-03 7.813e-03
4.240e+01 3.871e-03 4.559e-03
4.250e+01 6.316e-03 4.593e-03
4.260e+01 6.361e-03 4.882e-03
4.270e+01 4.852e-03 1.128e-02
4.280e+01 -3.403e-03 1.035e-02
4.290e+01 -1.800e-03 5.945e-03
4.300e+01 3.360e-03 5.336e-03
4.310e+01 9.155e-03 1.770e-03
4.320e+01 9.326e-03 2.494e-04
4.330e+01 3.626e-03 3.187e-03
4.340e+01 2.279e-03 2.745e-03
4.350e+01 5.411e-04 4.370e-03
4.360e+01 3.496e-03 -2.457e-03
4.370e+01 1.019e-02 -2.606e-03
4.380e+01 1.139e-02 6.804e-03
4.390e+01 5.293e-03 -2.293e-03
4.400e+01 5.505e-03 1.192e-03
4.410e+01 8.691e-03 1.061e-03
4.420e+01 7.162e-03 -9.588e-04
4.430e+01 2.720e-03 -3.118e-03
4.440e+01 -1.477e-03 -5.384e-03
4.450e+01 3.221e-03 -6.211e-03
4.460e+01 5.413e-03 -9.078e-03
4.470e+01 8.920e-03 2.254e-03
4.480e+01 1.273e-02 5.423e-03
4.490e+01 3.300e-03 9.065e-03
4.500e+01 -1.392e-03 3.252e-03
4.510e+01 2.967e-03 1.030e-02
4.520e+01 9.666e-04 6.690e-03
4.530e+01 -4.332e-03 8.606e-04
4.540e+01 1.752e-03 4.455e-03
4.550e+01 1.568e-03 -3.375e-04
4.560e+01 -3.511e-03 -4.444e-03
4.570e+01 -9.588e-03 -9.242e-03
4.580e+01 -1.199e-02 -1.151e-03
4.590e+01 -4.279e-03 3.412e-03
4.600e+01 -1.405e-02 1.810e-03
4.610e+01 -1.297e-02 1.358e-03
4.620e+01 -1.461e-02 1.399e-03
4.630e+01 -7.251e-03 1.359e-03
4.640e+01 -1.099e-02 9.871e-03
4.650e+01 -1.008e-02 -4.690e-04
4.660e+01 2.035e-03 1.335e-03
4.670e+01 -4.090e-03 2.088e-03
4.680e+01 -2.904e-04 -3.870e-04
4.690e+01 -2.182e-04 -2.460e-03
4.700e+01 2.348e-03 -2.248e-03
4.710e+01 3.667e-06 -9.465e-04
4.720e+01 4.886e-03 -2.767e-03
4.730e+01 8.007e-03 -3.321e-03
4.740e+01 1.080e-02 -2.254e-03
4.750e+01 8.799e-03 1.131e-03
4.760e+01 6.993e-03 -2.637e-03
4.770e+01 1.204e-03 5.944e-05
4.780e+01 -3.557e-03 5.073e-04
4.790e+01 3.229e-03 -1.066e-03
4.800e+01 1.447e-03 2.732e-04
4.810e+01 -1.229e-03 -2.995e-04
4.820e+01 1.632e-03 -7.948e-05
4.830e+01 2.895e-03 -2.749e-03
4.840e+01 9.029e-03 1.211e-03
4.850e+01 9.515e-03 1.220e-03
4.860e+01 1.395e-02 -1.593e-03
4.870e+01 1.767e-02 -8.500e-03
4.880e+01 1.267e-02 -6.579e-03
4.890e+01 1.139e-02 -6.132e-03
4.900e+01 1.590e-02 -1.203e-02
4.910e+01 1.718e-02 -4.888e-03
4.920e+01 1.270e-02 -3.822e-03
4.930e+01 1.296e-02 -7.683e-03
4.940e+01 7.156e-03 -8.654e-03
4.950e+01 2.165e-03 -8.387e-03
4.960e+01 4.021e-03 -1.119e-02
4.970e+01 6.500e-03 -8.385e-03
4.980e+01 9.647e-03 -7.015e-03
4.990e+01 6.287e-03 -1.193e-02
5.000e+01 8.852e-03 -1.581e-02
5.010e+01 3.418e-03 -1.501e-02
5.020e+01 -1.029e-03 -8.523e-03
5.030e+01 4.677e-03 -1.908e-03
5.040e+01 5.947e-03 -8.101e-05
5.050e+01 2.121e-03 -5.083e-03
5.060e+01 2.080e-03 -7.237e-03
5.070e+01 1.731e-04 -1.838e-03
5.080e+01 3.058e-03 -2.524e-03
5.090e+01 5.770e-03 -1.651e-03
5.100e+01 8.057e-03 -2.112e-03
5.110e+01 1.430e-02 -1.206e-03
5.120e+01 1.179e-02 -1.038e-03
5.130e+01 1.420e-02 1.472e-03
5.140e+01 1.424e-02 1.752e-03
5.150e+01 8.280e-03 3.630e-03
5.160e+01 6.510e-03 2.348e-03
5.170e+01 3.976e-03 -1.868e-03
5.180e+01 2.421e-03 -2.973e-03
5.190e+01 -7.398e-04 -4.161e-04
5.200e+01 1.862e-03 4.210e-03
5.210e+01 1.012e-02 8.896e-03
5.220e+01 8.398e-03 7.498e-03
5.230e+01 4.279e-03 1.911e-03
5.240e+01 9.962e-03 2.610e-03
5.250e+01 4.482e-03 5.473e-03
5.260e+01 1.066e-02 1.143e-03
5.270e+01 1.118e-02 -3.549e-04
5.280e+01 1.106e-02 -2.419e-03
5.290e+01 9.001e-03 -1.610e-04
5.300e+01 8.887e-03 1.998e-03
5.310e+01 1.111e-02 5.761e-03
5.320e+01 1.117e-02 1.377e-03
5.330e+01 1.530e-02 2.792e-03
5.340e+01 1.248e-02 2.071e-03
5.350e+01 1.411e-02 5.515e-03
5.360e+01 1.957e-02 2.467e-04
5.370e+01 1.671e-02 -9.970e-04
5.380e+01 2.142e-02 -3.434e-03
5.390e+01 2.016e-02 -1.149e-02
5.400e+01 1.198e-02 -1.430e-02
5.410e+01 1.007e-02 -1.252e-02
5.420e+01 4.653e-03 -1.849e-02
5.430e+01 5.116e-03 -6.753e-03
5.440e+01 2.276e-03 -1.050e-02
5.450e+01 3.816e-03 -1.970e-03
5.460e+01 5.963e-04 -6.167e-03
5.470e+01 3.933e-03 -4.956e-03
5.480e+01 2.896e-03 -6.295e-03
5.490e+01 1.246e-03 -8.402e-03
5.500e+01 6.877e-04 -5.630e-03
5.510e+01 2.713e-03 -3.695e-03
5.520e+01 3.323e-03 -4.488e-03
5.530e+01 3.969e-03 -5.299e-03
5.540e+01 7.734e-03 -1.226e-03
5.550e+01 1.135e-02 1.679e-03
5.560e+01 9.657e-03 3.372e-03
5.570e+01 1.162e-02 6.207e-03
5.580e+01 5.101e-03 9.612e-03
5.590e+01 1.215e-02 7.382e-03
5.600e+01 8.755e-03 -9.998e-04
5.610e+01 5.291e-03 -4.713e-05
5.620e+01 1.227e-02 1.780e-03
5.630e+01 1.271e-02 1.869e-03
5.640e+01 9.068e-03 1.102e-03
5.650e+01 6.431e-03 -1.050e-03
5.660e+01 6.364e-03 3.611e-04
5.670e+01 6.498e-03 -2.899e-03
5.680e+01 7.299e-03 -4.440e-03
5.690e+01 4.427e-03 -3.132e-03
5.700e+01 2.010e-03 -4.170e-03
5.710e+01 1.751e-03 -4.011e-04
5.720e+01 2.408e-03 9.345e-03
5.730e+01 3.689e-03 6.957e-03
5.740e+01 1.390e-02 1.053e-02
5.750e+01 7.428e-03 1.080e-02
5.760e+01 5.092e-03 4.644e-05
5.770e+01 7.064e-03 2.247e-03
5.780e+01 5.311e-03 -7.945e-04
5.790e+01 1.270e-02 -1.433e-03
5.800e+01 7.828e-03 1.079e-02
5.810e+01 -6.168e-04 9.609e-03
5.820e+01 5.135e-04 1.478e-02
5.830e+01 5.020e-03 1.740e-02
5.840e+01 1.126e-03 9.548e-03
5.850e+01 1.140e-02 1.980e-03
5.860e+01 2.124e-02 5.681e-03
5.870e+01 2.410e-02 1.078e-02
5.880e+01 8.867e-03 1.109e-03
5.890e+01 1.877e-02 1.419e-02
5.900e+01 1.478e-02 7.704e-03
5.910e+01 2.141e-02 3.445e-03
5.920e+01 1.248e-02 5.905e-03
5.930e+01 1.557e-02 5.553e-03
5.940e+01 1.471e-02 1.388e-02
5.950e+01 8.710e-03 1.101e-02
5.960e+01 1.283e-02 1.352e-02
5.970e+01 1.145e-02 1.115e-02
5.980e+01 1.211e-02 1.060e-02
5.990e+01 1.703e-02 1.028e-04
6.000e+01 2.155e-02 -1.227e-03
6.010e+01 1.794e-02 -3.028e-03
6.020e+01 1.465e-02 -6.087e-03
6.030e+01 1.220e-02 -1.246e-02
6.040e+01 1.363e-02 -4.324e-03
6.050e+01 9.209e-03 -4.463e-03
6.060e+01 1.106e-02 -3.377e-03
6.070e+01 1.183e-02 1.166e-03
6.080e+01 1.353e-02 -1.693e-03
6.090e+01 1.088e-02 3.457e-04
6.100e+01 1.508e-02 -5.370e-03
6.110e+01 1.165e-02 -3.040e-03
6.120e+01 1.464e-02 -2.961e-03
6.130e+01 1.185e-02 -5.155e-03
6.140e+01 1.267e-02 -4.923e-04
6.150e+01 1.003e-02 -1.576e-03
6.160e+01 1.312e-02 -1.815e-03
6.170e+01 1.214e-02 -1.336e-03
6.180e+01 1.615e-02 3.475e-03
6.190e+01 1.798e-02 3.903e-04
6.200e+01 1.302e-02 6.078e-03
6.210e+01 7.525e-03 -2.564e-03
6.220e+01 6.787e-03 1.880e-03
6.230e+01 8.262e-03 -7.120e-04
6.240e+01 8.382e-03 -1.324e-03
6.250e+01 6.222e-03 4.442e-03
6.260e+01 7.117e-03 3.288e-03
6.270e+01 8.969e-03 5.798e-04
6.280e+01 8.746e-03 -3.295e-03
6.290e+01 1.516e-02 -6.202e-03
6.300e+01 8.909e-03 -3.314e-03
6.310e+01 1.136e-02 -2.442e-04
6.320e+01 1.249e-02 1.273e-03
6.330e+01 1.270e-02 -5.417e-03
6.340e+01 1.026e-02 -9.000e-03
6.350e+01 8.809e-03 -4.903e-03
6.360e+01 1.257e-02 -3.310e-03
6.370e+01 1.332e-02 -8.078e-03
6.380e+01 1.262e-02 -7.989e-03
6.390e+01 1.487e-02 1.282e-03
6.400e+01 9.579e-03 1.502e-03
6.410e+01 9.975e-03 6.284e-03
6.420e+01 8.822e-03 -1.722e-03
6.430e+01 7.426e-03 -4.969e-03
6.440e+01 8.980e-03 -6.521e-04
6.450e+01 9.547e-03 -2.428e-03
6.460e+01 4.430e-03 -1.044e-03
6.470e+01 2.698e-03 -3.711e-04
6.480e+01 5.572e-03 -3.045e-03
6.490e+01 4.822e-03 -6.253e-03
6.500e+01 1.793e-03 -4.261e-03
6.510e+01 2.119e-03 -7.551e-04
6.520e+01 1.667e-03 -3.889e-05
6.530e+01 4.287e-04 -4.549e-03
6.540e+01 3.165e-03 -6.284e-03
6.550e+01 -2.504e-04 -5.634e-03
6.560e+01 -3.013e-03 -1.079e-02
6.570e+01 -8.069e-03 -1.045e-02
6.580e+01 -5.046e-03 -2.882e-03
6.590e+01 -9.018e-03 -4.744e-03
6.600e+01 -1.030e-02 -4.504e-03
6.610e+01 -1.240e-02 -5.762e-03
6.620e+01 -8.663e-03 -9.036e-04
6.630e+01 -1.081e-02 -2.690e-03
6.640e+01 -2.385e-02 -8.774e-03
6.650e+01 -3.216e-02 1.388e-02
6.660e+01 -2.266e-02 1.253e-02
6.670e+01 -3.293e-02 4.828e-03
6.680e+01 -9.393e-03 1.307e-02
6.690e+01 -9.537e-03 1.450e-02
6.700e+01 -1.644e-02 2.733e-05
6.710e+01 -8.661e-03 9.760e-03
6.720e+01 -2.158e-02 1.450e-02
6.730e+01 -2.002e-02 1.912e-02
6.740e+01 -2.909e-02 8.240e-03
6.750e+01 -1.586e-02 8.323e-03
6.760e+01 -2.037e-02 9.588e-03
6.770e+01 -1.257e-02 -3.041e-03
6.780e+01 -5.351e-03 -2.592e-03
6.790e+01 -1.052e-02 7.972e-03
6.800e+01 -3.312e-03 2.218e-03
6.810e+01 -5.484e-03 -9.208e-03
6.820e+01 -7.651e-03 1.646e-02
6.830e+01 -1.964e-04 1.053e-02
6.840e+01 4.716e-03 -1.201e-03
6.850e+01 1.702e-03 1.716e-02
6.860e+01 5.822e-03 -2.481e-04
6.870e+01 3.363e-03 7.847e-03
6.880e+01 2.649e-03 1.344e-02
6.890e+01 -4.247e-04 1.344e-02
6.900e+01 -2.399e-04 9.102e-03
6.910e+01 4.399e-03 6.383e-03
6.920e+01 9.241e-03 1.012e-02
6.930e+01 8.486e-03 1.172e-02
6.940e+01 -9.608e-03 1.579e-02
6.950e+01 -1.247e-02 1.038e-02
6.960e+01 -7.470e-03 -1.439e-03
6.970e+01 -1.475e-02 -1.660e-03
6.980e+01 -9.546e-03 1.572e-03
6.990e+01 -1.182e-02 2.848e-03
7.000e+01 -1.441e-02 1.491e-02
7.010e+01 -1.739e-02 8.557e-03
7.020e+01 -1.968e-02 -3.231e-03
7.030e+01 -2.011e-02 -1.068e-02
7.040e+01 -1.683e-02 -1.026e-02
7.050e+01 -2.353e-02 4.550e-03
7.060e+01 -1.672e-02 1.199e-02
7.070e+01 -1.853e-02 5.459e-03
7.080e+01 -2.423e-02 -5.565e-04
7.090e+01 -1.968e-02 -9.799e-03
7.100e+01 -1.361e-02 -9.291e-04
7.110e+01 -2.945e-02 -1.885e-03
7.120e+01 -2.411e-02 -4.388e-03
7.130e+01 -2.814e-02 -8.189e-03
7.140e+01 -2.180e-02 5.863e-04
7.150e+01 -5.007e-03 -2.648e-03
7.160e+01 -1.749e-03 -2.108e-03
7.170e+01 -1.557e-03 -1.420e-03
7.180e+01 -6.996e-03 -9.408e-05
7.190e+01 -9.854e-03 -1.085e-02
7.200e+01 -1.190e-02 -6.540e-03
7.210e+01 -1.091e-02 -2.767e-03
7.220e+01 -5.730e-03 -7.148e-04
7.230e+01 -5.465e-03 -5.691e-04
7.240e+01 -3.255e-03 -3.055e-03
7.250e+01 -2.449e-03 -2.177e-03
7.260e+01 -2.827e-03 -8.647e-04
7.270e+01 -1.789e-03 5.332e-04
7.280e+01 -2.543e-03 1.169e-03
7.290e+01 -3.916e-03 2.391e-04
7.300e+01 -3.411e-03 -1.827e-03
7.310e+01 -1.322e-04 -1.227e-03
7.320e+01 -1.869e-03 -1.159e-03
7.330e+01 -1.873e-03 -1.027e-03
7.340e+01 -3.030e-03 -9.161e-04
7.350e+01 -4.507e-03 -7.148e-04
7.360e+01 -4.898e-03 -3.568e-03
7.370e+01 -4.361e-03 -6.116e-03
7.380e+01 -2.128e-03 -4.840e-03
7.390e+01 -2.484e-03 -7.412e-03
7.400e+01 -3.319e-03 -1.035e-02
7.410e+01 -4.208e-03 -8.860e-03
7.420e+01 -9.601e-04 -9.887e-03
7.430e+01 -3.731e-04 -7.617e-03
7.440e+01 1.383e-04 -5.656e-03
7.450e+01 7.864e-04 -5.317e-03
7.460e+01 8.856e-04 -5.513e-03
7.470e+01 -1.445e-03 -9.564e-03
7.480e+01 4.686e-04 -8.121e-03
7.490e+01 -8.938e-04 -6.029e-03
7.500e+01 -1.255e-03 -4.525e-03
7.510e+01 9.044e-04 -5.315e-03
7.520e+01 3.825e-04 -5.926e-03
7.530e+01 4.527e-04 -6.507e-03
7.540e+01 4.025e-03 -7.249e-03
7.550e+01 2.897e-03 -8.082e-03
7.560e+01 1.338e-03 -7.320e-03
7.570e+01 3.169e-03 -4.788e-03
7.580e+01 5.224e-03 -5.939e-03
7.590e+01 6.478e-03 -5.005e-03
7.600e+01 3.422e-03 -6.561e-03
7.610e+01 1.649e-03 -4.155e-03
7.620e+01 1.169e-04 -4.189e-03
7.630e+01 1.623e-03 -2.370e-03
7.640e+01 1.799e-03 -3.828e-03
7.650e+01 2.863e-03 -4.110e-03
7.660e+01 2.275e-05 -5.552e-03
7.670e+01 1.118e-03 -4.678e-03
7.680e+01 -1.664e-03 -5.656e-03
7.690e+01 -1.028e-03 -5.831e-03
7.700e+01 1.557e-03 -4.074e-03
7.710e+01 2.592e-03 -1.031e-03
7.720e+01 4.826e-03 -3.543e-03
7.730e+01 7.630e-03 -7.269e-03
7.740e+01 1.849e-02 -6.715e-03
7.750e+01 8.957e-03 -7.030e-03
7.760e+01 7.814e-03 -4.941e-03
7.770e+01 3.072e-03 2.986e-03
7.780e+01 4.274e-03 4.090e-03
7.790e+01 2.862e-03 -1.117e-03
7.800e+01 -5.983e-04 -2.958e-03
7.810e+01 -1.517e-03 -6.791e-03
7.820e+01 2.215e-04 -6.773e-03
7.830e+01 6.137e-04 -6.886e-03
7.840e+01 1.513e-03 -5.793e-03
7.850e+01 -5.201e-04 -5.129e-03
7.860e+01 1.108e-03 -2.816e-03
7.870e+01 -2.339e-04 -1.909e-03
7.880e+01 8.031e-04 -1.770e-03
7.890e+01 -8.185e-04 1.658e-03
7.900e+01 1.792e-03 5.008e-03
7.910e+01 2.586e-04 4.663e-03
7.920e+01 -2.440e-03 3.811e-04
7.930e+01 -8.629e-05 1.600e-03
7.940e+01 -3.310e-03 -1.538e-03
7.950e+01 -3.640e-03 1.155e-03
7.960e+01 -1.811e-03 4.110e-03
7.970e+01 -1.700e-03 3.907e-03
7.980e+01 -2.517e-03 3.158e-03
7.990e+01 -4.686e-03 1.385e-03
8.000e+01 -3.170e-03 3.860e-03
8.010e+01 -3.489e-03 3.158e-03
8.020e+01 -6.817e-03 6.883e-03
8.030e+01 -5.082e-03 4.474e-03
8.040e+01 -3.577e-03 3.819e-03
8.050e+01 -2.242e-03 2.431e-03
8.060e+01 -4.999e-04 6.915e-04
8.070e+01 -3.967e-03 6.937e-04
8.080e+01 -1.552e-03 7.277e-04
8.090e+01 1.202e-03 9.139e-04
8.100e+01 7.573e-04 1.009e-03
8.110e+01 1.289e-03 1.768e-03
8.120e+01 1.701e-03 9.047e-04
8.130e+01 1.355e-03 2.011e-03
8.140e+01 1.281e-03 5.724e-04
8.150e+01 1.331e-03 1.787e-03
8.160e+01 1.084e-03 2.379e-04
8.170e+01 8.374e-04 -4.604e-04
8.180e+01 -2.636e-04 -3.960e-04
8.190e+01 -9.061e-04 9.479e-04
8.200e+01 -7.359e-04 -1.714e-04
8.210e+01 1.563e-03 -6.946e-04
8.220e+01 1.120e-03 7.676e-04
8.230e+01 -3.528e-04 1.233e-03
8.240e+01 5.058e-04 7.421e-04
8.250e+01 -1.841e-03 5.109e-04
8.260e+01 -2.026e-03 -1.166e-03
8.270e+01 -2.621e-03 -1.123e-03
8.280e+01 -1.978e-03 -1.429e-03
8.290e+01 -1.179e-03 -3.464e-04
8.300e+01 -6.908e-04 -7.060e-04
8.310e+01 3.555e-05 -1.078e-03
8.320e+01 1.243e-05 -1.159e-03
8.330e+01 1.127e-03 -7.065e-04
8.340e+01 1.600e-03 -1.369e-04
8.350e+01 4.569e-04 -8.468e-04
8.360e+01 -1.130e-03 1.424e-05
8.370e+01 -1.270e-03 6.512e-04
8.380e+01 -9.099e-04 -7.383e-04
8.390e+01 -1.245e-03 -1.180e-03
8.400e+01 -2.330e-03 -1.035e-03
8.410e+01 -2.303e-03 -7.491e-04
8.420e+01 -3.464e-03 3.415e-04
8.430e+01 -2.399e-03 3.879e-04
8.440e+01 -1.388e-03 6.276e-04
8.450e+01 -2.114e-03 9.688e-04
8.460e+01 -1.967e-03 2.591e-03
8.470e+01 -1.590e-03 1.820e-03
8.480e+01 -1.949e-03 1.015e-03
8.490e+01 -1.626e-03 9.608e-04
8.500e+01 -2.032e-03 1.503e-03
8.510e+01 -2.358e-03 1.361e-03
8.520e+01 -2.920e-03 1.172e-03
8.530e+01 -4.072e-03 1.882e-03
8.540e+01 -2.886e-03 1.484e-03
8.550e+01 -1.276e-03 2.015e-03
8.560e+01 -1.017e-03 2.593e-03
8.570e+01 -3.856e-04 2.849e-03
8.580e+01 -2.954e-04 4.487e-03
8.590e+01 -8.687e-04 2.249e-03
8.600e+01 -1.203e-03 3.146e-03
8.610e+01 -5.674e-04 4.210e-03
8.620e+01 7.340e-05 3.203e-03
8.630e+01 -5.721e-04 2.872e-03
8.640e+01 -1.986e-03 2.115e-03
8.650e+01 -3.314e-03 2.791e-03
8.660e+01 -2.383e-03 2.520e-03
8.670e+01 -1.368e-03 1.993e-03
8.680e+01 -2.159e-03 6.747e-04
8.690e+01 -2.445e-03 2.465e-04
8.700e+01 -1.143e-03 1.038e-03
8.710e+01 -1.373e-03 2.792e-03
8.720e+01 -1.573e-04 1.576e-03
8.730e+01 -1.832e-03 1.417e-03
8.740e+01 -2.411e-03 2.237e-03
8.750e+01 -6.610e-04 3.697e-03
8.760e+01 -1.405e-04 5.196e-03
8.770e+01 -1.955e-03 5.702e-03
8.780e+01 -1.317e-03 3.686e-03
8.790e+01 1.341e-03 1.344e-03
8.800e+01 1.824e-03 3.423e-03
8.810e+01 2.145e-03 2.838e-03
8.820e+01 2.705e-03 3.750e-03
8.830e+01 9.010e-04 2.213e-03
8.840e+01 3.498e-04 2.508e-03
8.850e+01 5.462e-04 9.538e-04
8.860e+01 7.404e-04 3.768e-03
8.870e+01 2.186e-03 4.762e-03
8.880e+01 4.497e-03 4.881e-03
8.890e+01 4.298e-03 5.422e-03
8.900e+01 3.503e-03 4.253e-03
8.910e+01 2.620e-03 6.427e-03
8.920e+01 2.026e-04 9.361e-03
8.930e+01 1.691e-03 9.732e-03
8.940e+01 9.723e-04 7.516e-03
8.950e+01 1.807e-03 5.949e-03
8.960e+01 2.478e-03 5.869e-03
8.970e+01 2.317e-03 8.723e-03
8.980e+01 3.551e-03 1.089e-02
8.990e+01 2.351e-03 1.205e-02
9.000e+01 2.906e-03 9.449e-03
9.010e+01 6.280e-03 8.451e-03
9.020e+01 1.897e-03 6.483e-03
9.030e+01 -1.726e-04 4.799e-03
9.040e+01 2.430e-03 4.842e-03
9.050e+01 1.120e-03 4.793e-03
9.060e+01 1.207e-04 6.085e-03
9.070e+01 1.915e-03 4.511e-03
9.080e+01 2.828e-03 4.816e-03
9.090e+01 4.864e-03 5.564e-03
9.100e+01 4.826e-03 3.918e-03
9.110e+01 5.021e-03 4.291e-03
9.120e+01 5.716e-03 5.829e-03
9.130e+01 4.959e-03 3.843e-03
9.140e+01 3.695e-03 3.358e-03
9.150e+01 3.799e-03 3.016e-03
9.160e+01 3.800e-03 3.418e-03
9.170e+01 4.448e-03 2.917e-03
9.180e+01 5.340e-03 3.665e-03
9.190e+01 4.406e-03 2.726e-03
9.200e+01 3.896e-03 1.972e-03
9.210e+01 5.004e-03 1.948e-03
9.220e+01 4.523e-03 2.422e-03
9.230e+01 4.669e-03 2.769e-03
9.240e+01 3.986e-03 2.581e-03
9.250e+01 3.834e-03 3.020e-03
9.260e+01 4.073e-03 1.430e-03
9.270e+01 3.435e-03 1.512e-03
9.280e+01 3.772e-03 1.006e-03
9.290e+01 4.279e-03 1.372e-03
9.300e+01 3.327e-03 1.500e-03
9.310e+01 4.342e-03 1.792e-03
9.320e+01 5.976e-03 1.231e-03
9.330e+01 6.070e-03 7.757e-05
9.340e+01 5.046e-03 -1.308e-03
9.350e+01 4.652e-03 -9.194e-04
9.360e+01 5.223e-03 -6.569e-04
9.370e+01 5.618e-03 -9.449e-04
9.380e+01 5.327e-03 -3.002e-05
9.390e+01 5.828e-03 7.158e-04
9.400e+01 4.594e-03 6.015e-04
9.410e+01 4.952e-03 2.522e-03
9.420e+01 2.409e-03 1.909e-03
9.430e+01 7.899e-04 3.330e-03
9.440e+01 2.202e-03 5.405e-03
9.450e+01 3.137e-03 3.011e-03
9.460e+01 2.175e-03 3.112e-03
9.470e+01 3.573e-03 3.577e-03
9.480e+01 4.152e-03 3.250e-03
9.490e+01 3.542e-03 4.391e-03
9.500e+01 2.693e-03 4.514e-03
9.510e+01 2.113e-03 3.816e-03
9.520e+01 4.106e-03 3.867e-03
9.530e+01 2.846e-03 5.157e-03
9.540e+01 2.363e-03 3.707e-03
9.550e+01 2.923e-03 2.698e-03
9.560e+01 2.788e-03 3.391e-03
9.570e+01 2.921e-03 2.715e-03
9.580e+01 4.730e-03 2.201e-03
9.590e+01 4.178e-03 2.458e-03
9.600e+01 2.955e-03 4.910e-03
9.610e+01 1.789e-03 2.912e-03
9.620e+01 4.095e-03 5.927e-04
9.630e+01 2.311e-03 2.636e-03
9.640e+01 -5.075e-04 1.523e-03
9.650e+01 2.007e-03 2.985e-03
9.660e+01 5.395e-04 3.456e-03
9.670e+01 -1.133e-03 3.349e-03
9.680e+01 -1.335e-03 2.668e-03
9.690e+01 -6.281e-04 1.286e-03
9.700e+01 -1.750e-03 2.292e-03
9.710e+01 -1.191e-03 2.023e-03
9.720e+01 -9.326e-04 2.335e-03
9.730e+01 -2.992e-04 1.737e-03
9.740e+01 -4.213e-03 3.411e-03
9.750e+01 -2.819e-03 3.966e-03
9.760e+01 -7.804e-04 2.956e-03
9.770e+01 -1.716e-03 8.689e-03
9.780e+01 -4.979e-04 4.622e-03
9.790e+01 -6.709e-04 4.272e-03
9.800e+01 -3.010e-03 6.624e-03
9.810e+01 -2.280e-03 4.264e-03
9.820e+01 -2.755e-03 8.122e-03
9.830e+01 1.087e-03 5.882e-03
9.840e+01 1.612e-04 4.835e-03
9.850e+01 -6.147e-03 1.884e-03
9.860e+01 9.173e-04 -4.465e-04
9.870e+01 2.133e-03 9.753e-04
9.880e+01 3.583e-03 2.258e-03
9.890e+01 2.096e-03 1.196e-03
9.900e+01 9.331e-04 3.999e-04
9.910e+01 1.511e-03 -2.957e-03
9.920e+01 3.152e-03 5.499e-05
9.930e+01 1.041e-03 -3.011e-04
9.940e+01 1.184e-03 -4.336e-05
9.950e+01 2.516e-03 -2.814e-04
9.960e+01 2.188e-03 -7.273e-04
9.970e+01 5.697e-03 5.130e-04
9.980e+01 5.313e-03 4.847e-04
9.990e+01 5.521e-03 1.488e-03
