# Frequency (1.0/ps)      real(fft(F_0))
0.000e+00 3.244e+01
1.000e-02 1.923e+01
2.000e-02 1.417e+01
3.000e-02 1.562e+01
4.000e-02 1.373e+01
5.000e-02 8.871e+00
6.000e-02 8.774e+00
7.000e-02 1.194e+01
8.000e-02 9.766e+00
9.000e-02 8.040e+00
1.000e-01 7.488e+00
1.100e-01 6.093e+00
1.200e-01 4.283e+00
1.300e-01 4.873e+00
1.400e-01 2.937e+00
1.500e-01 4.070e+00
1.600e-01 4.350e+00
1.700e-01 4.521e+00
1.800e-01 3.693e+00
1.900e-01 3.444e+00
2.000e-01 3.022e+00
2.100e-01 6.195e-01
2.200e-01 1.041e+00
2.300e-01 2.256e+00
2.400e-01 2.764e+00
2.500e-01 2.980e+00
2.600e-01 2.809e+00
2.700e-01 3.014e+00
2.800e-01 2.079e+00
2.900e-01 1.528e+00
3.000e-01 1.377e+00
3.100e-01 1.656e+00
3.200e-01 9.358e-01
3.300e-01 4.575e-01
3.400e-01 2.387e-01
3.500e-01 2.600e-01
3.600e-01 3.522e-01
3.700e-01 8.680e-01
3.800e-01 9.090e-01
3.900e-01 1.278e+00
4.000e-01 1.612e+00
4.100e-01 1.501e+00
4.200e-01 7.487e-01
4.300e-01 1.710e+00
4.400e-01 1.996e+00
4.500e-01 9.973e-01
4.600e-01 4.436e-01
4.700e-01 1.334e+00
4.800e-01 1.826e+00
4.900e-01 1.362e+00
5.000e-01 1.529e+00
5.100e-01 1.163e+00
5.200e-01 9.223e-01
5.300e-01 3.511e-01
5.400e-01 1.040e+00
5.500e-01 1.923e+00
5.600e-01 1.794e+00
5.700e-01 1.072e+00
5.800e-01 9.484e-01
5.900e-01 1.022e+00
6.000e-01 1.099e+00
6.100e-01 1.541e+00
6.200e-01 1.641e+00
6.300e-01 1.695e+00
6.400e-01 2.016e+00
6.500e-01 1.925e+00
6.600e-01 1.339e+00
6.700e-01 1.316e+00
6.800e-01 1.424e+00
6.900e-01 1.247e+00
7.000e-01 1.272e+00
7.100e-01 1.669e+00
7.200e-01 1.828e+00
7.300e-01 1.127e+00
7.400e-01 1.093e+00
7.500e-01 9.940e-01
7.600e-01 7.093e-01
7.700e-01 9.432e-01
7.800e-01 1.327e+00
7.900e-01 1.291e+00
8.000e-01 1.142e+00
8.100e-01 1.183e+00
8.200e-01 1.012e+00
8.300e-01 1.252e+00
8.400e-01 1.226e+00
8.500e-01 7.391e-01
8.600e-01 1.137e+00
8.700e-01 1.036e+00
8.800e-01 9.820e-01
8.900e-01 6.500e-01
9.000e-01 1.532e+00
9.100e-01 1.310e+00
9.200e-01 1.107e+00
9.300e-01 9.540e-01
9.400e-01 1.123e+00
9.500e-01 1.077e+00
9.600e-01 5.865e-01
9.700e-01 4.957e-01
9.800e-01 9.240e-01
9.900e-01 7.819e-01
1.000e+00 8.673e-01
1.010e+00 8.876e-01
1.020e+00 9.100e-01
1.030e+00 7.263e-01
1.040e+00 5.326e-01
1.050e+00 6.221e-01
1.060e+00 7.213e-01
1.070e+00 7.988e-01
1.080e+00 8.119e-01
1.090e+00 7.397e-01
1.100e+00 7.712e-01
1.110e+00 8.261e-01
1.120e+00 5.034e-01
1.130e+00 6.850e-01
1.140e+00 5.220e-01
1.150e+00 3.846e-01
1.160e+00 6.095e-01
1.170e+00 5.809e-01
1.180e+00 8.498e-01
1.190e+00 6.590e-01
1.200e+00 3.495e-01
1.210e+00 6.022e-01
1.220e+00 6.096e-01
1.230e+00 5.642e-01
1.240e+00 3.237e-01
1.250e+00 4.445e-01
1.260e+00 2.706e-01
1.270e+00 1.206e-01
1.280e+00 7.519e-01
1.290e+00 1.024e+00
1.300e+00 7.371e-01
1.310e+00 6.228e-01
1.320e+00 8.283e-01
1.330e+00 8.449e-01
1.340e+00 7.102e-01
1.350e+00 7.367e-01
1.360e+00 5.963e-01
1.370e+00 6.605e-01
1.380e+00 3.718e-01
1.390e+00 5.328e-01
1.400e+00 8.028e-01
1.410e+00 7.474e-01
1.420e+00 5.170e-01
1.430e+00 5.289e-01
1.440e+00 1.006e+00
1.450e+00 7.852e-01
1.460e+00 7.522e-01
1.470e+00 9.410e-01
1.480e+00 1.009e+00
1.490e+00 1.009e+00
1.500e+00 8.354e-01
1.510e+00 8.369e-01
1.520e+00 6.901e-01
1.530e+00 6.597e-01
1.540e+00 8.163e-01
1.550e+00 1.096e+00
1.560e+00 1.203e+00
1.570e+00 8.401e-01
1.580e+00 2.862e-01
1.590e+00 4.388e-01
1.600e+00 7.357e-01
1.610e+00 7.566e-01
1.620e+00 7.975e-01
1.630e+00 8.811e-01
1.640e+00 7.819e-01
1.650e+00 5.219e-01
1.660e+00 4.920e-01
1.670e+00 9.649e-01
1.680e+00 8.192e-01
1.690e+00 7.453e-01
1.700e+00 9.100e-01
1.710e+00 1.217e+00
1.720e+00 1.138e+00
1.730e+00 9.173e-01
1.740e+00 7.196e-01
1.750e+00 6.746e-01
1.760e+00 5.153e-01
1.770e+00 6.435e-01
1.780e+00 6.926e-01
1.790e+00 9.672e-01
1.800e+00 1.003e+00
1.810e+00 5.538e-01
1.820e+00 2.882e-01
1.830e+00 4.426e-01
1.840e+00 4.200e-01
1.850e+00 6.768e-01
1.860e+00 5.358e-01
1.870e+00 8.592e-01
1.880e+00 6.130e-01
1.890e+00 4.738e-01
1.900e+00 3.083e-01
1.910e+00 4.807e-01
1.920e+00 3.467e-01
1.930e+00 7.475e-01
1.940e+00 1.068e+00
1.950e+00 1.078e+00
1.960e+00 7.751e-01
1.970e+00 6.714e-01
1.980e+00 6.427e-01
1.990e+00 5.981e-01
2.000e+00 3.189e-01
2.010e+00 3.951e-01
2.020e+00 5.414e-01
2.030e+00 7.234e-01
2.040e+00 7.417e-01
2.050e+00 9.313e-01
2.060e+00 9.929e-01
2.070e+00 8.735e-01
2.080e+00 8.906e-01
2.090e+00 7.930e-01
2.100e+00 7.576e-01
2.110e+00 5.094e-01
2.120e+00 5.633e-01
2.130e+00 4.580e-01
2.140e+00 5.955e-01
2.150e+00 5.915e-01
2.160e+00 5.904e-01
2.170e+00 4.600e-01
2.180e+00 5.188e-01
2.190e+00 5.116e-01
2.200e+00 2.936e-01
2.210e+00 2.896e-01
2.220e+00 2.995e-01
2.230e+00 1.553e-01
2.240e+00 2.366e-01
2.250e+00 4.262e-01
2.260e+00 5.312e-01
2.270e+00 5.419e-01
2.280e+00 3.908e-01
2.290e+00 4.893e-01
2.300e+00 3.017e-01
2.310e+00 4.779e-01
2.320e+00 4.700e-01
2.330e+00 3.106e-01
2.340e+00 3.968e-01
2.350e+00 3.386e-01
2.360e+00 5.227e-01
2.370e+00 5.043e-01
2.380e+00 6.265e-01
2.390e+00 6.519e-01
2.400e+00 5.873e-01
2.410e+00 5.372e-01
2.420e+00 5.777e-01
2.430e+00 5.060e-01
2.440e+00 3.890e-01
2.450e+00 4.729e-01
2.460e+00 4.452e-01
2.470e+00 6.460e-01
2.480e+00 7.423e-01
2.490e+00 7.619e-01
2.500e+00 6.573e-01
2.510e+00 5.073e-01
2.520e+00 4.705e-01
2.530e+00 5.048e-01
2.540e+00 4.178e-01
2.550e+00 4.380e-01
2.560e+00 4.720e-01
2.570e+00 5.097e-01
2.580e+00 5.478e-01
2.590e+00 4.461e-01
2.600e+00 4.997e-01
2.610e+00 5.894e-01
2.620e+00 5.351e-01
2.630e+00 5.298e-01
2.640e+00 6.829e-01
2.650e+00 7.164e-01
2.660e+00 6.612e-01
2.670e+00 6.044e-01
2.680e+00 5.329e-01
2.690e+00 4.790e-01
2.700e+00 5.104e-01
2.710e+00 5.172e-01
2.720e+00 6.293e-01
2.730e+00 5.559e-01
2.740e+00 5.863e-01
2.750e+00 6.005e-01
2.760e+00 7.316e-01
2.770e+00 6.458e-01
2.780e+00 5.663e-01
2.790e+00 4.663e-01
2.800e+00 5.446e-01
2.810e+00 5.062e-01
2.820e+00 4.899e-01
2.830e+00 5.359e-01
2.840e+00 4.106e-01
2.850e+00 5.477e-01
2.860e+00 6.127e-01
2.870e+00 6.064e-01
2.880e+00 6.612e-01
2.890e+00 7.025e-01
2.900e+00 6.493e-01
2.910e+00 5.541e-01
2.920e+00 6.182e-01
2.930e+00 5.589e-01
2.940e+00 6.524e-01
2.950e+00 4.110e-01
2.960e+00 4.322e-01
2.970e+00 4.947e-01
2.980e+00 4.840e-01
2.990e+00 3.134e-01
3.000e+00 3.414e-01
3.010e+00 4.339e-01
3.020e+00 4.906e-01
3.030e+00 5.126e-01
3.040e+00 4.765e-01
3.050e+00 4.806e-01
3.060e+00 3.698e-01
3.070e+00 3.563e-01
3.080e+00 3.001e-01
3.090e+00 2.362e-01
3.100e+00 1.990e-01
3.110e+00 3.729e-01
3.120e+00 4.478e-01
3.130e+00 4.190e-01
3.140e+00 5.034e-01
3.150e+00 3.508e-01
3.160e+00 4.147e-01
3.170e+00 3.642e-01
3.180e+00 4.485e-01
3.190e+00 4.592e-01
3.200e+00 6.909e-01
3.210e+00 5.735e-01
3.220e+00 5.828e-01
3.230e+00 4.138e-01
3.240e+00 3.572e-01
3.250e+00 4.531e-01
3.260e+00 5.383e-01
3.270e+00 7.114e-01
3.280e+00 6.280e-01
3.290e+00 5.713e-01
3.300e+00 4.630e-01
3.310e+00 4.337e-01
3.320e+00 3.869e-01
3.330e+00 5.697e-01
3.340e+00 7.068e-01
3.350e+00 5.806e-01
3.360e+00 6.012e-01
3.370e+00 6.794e-01
3.380e+00 6.460e-01
3.390e+00 6.019e-01
3.400e+00 4.970e-01
3.410e+00 5.665e-01
3.420e+00 5.952e-01
3.430e+00 3.844e-01
3.440e+00 5.391e-01
3.450e+00 6.680e-01
3.460e+00 6.881e-01
3.470e+00 6.293e-01
3.480e+00 4.936e-01
3.490e+00 6.076e-01
3.500e+00 6.567e-01
3.510e+00 4.666e-01
3.520e+00 4.124e-01
3.530e+00 6.291e-01
3.540e+00 4.441e-01
3.550e+00 4.552e-01
3.560e+00 4.756e-01
3.570e+00 7.410e-01
3.580e+00 5.540e-01
3.590e+00 6.104e-01
3.600e+00 5.958e-01
3.610e+00 6.022e-01
3.620e+00 4.474e-01
3.630e+00 2.620e-01
3.640e+00 3.800e-01
3.650e+00 4.492e-01
3.660e+00 4.827e-01
3.670e+00 6.205e-01
3.680e+00 6.433e-01
3.690e+00 6.479e-01
3.700e+00 5.168e-01
3.710e+00 3.520e-01
3.720e+00 3.454e-01
3.730e+00 4.496e-01
3.740e+00 5.308e-01
3.750e+00 4.502e-01
3.760e+00 4.869e-01
3.770e+00 6.440e-01
3.780e+00 4.902e-01
3.790e+00 5.128e-01
3.800e+00 5.241e-01
3.810e+00 7.378e-01
3.820e+00 5.414e-01
3.830e+00 5.540e-01
3.840e+00 5.126e-01
3.850e+00 5.703e-01
3.860e+00 4.455e-01
3.870e+00 4.314e-01
3.880e+00 3.467e-01
3.890e+00 3.062e-01
3.900e+00 4.092e-01
3.910e+00 3.723e-01
3.920e+00 4.842e-01
3.930e+00 4.751e-01
3.940e+00 4.864e-01
3.950e+00 2.453e-01
3.960e+00 4.637e-01
3.970e+00 2.775e-01
3.980e+00 1.617e-01
3.990e+00 2.694e-01
4.000e+00 5.786e-01
4.010e+00 6.238e-01
4.020e+00 5.521e-01
4.030e+00 5.700e-01
4.040e+00 7.094e-01
4.050e+00 5.116e-01
4.060e+00 3.770e-01
4.070e+00 4.328e-01
4.080e+00 6.639e-01
4.090e+00 4.793e-01
4.100e+00 4.858e-01
4.110e+00 4.577e-01
4.120e+00 6.813e-01
4.130e+00 5.884e-01
4.140e+00 6.093e-01
4.150e+00 6.563e-01
4.160e+00 6.344e-01
4.170e+00 4.114e-01
4.180e+00 3.471e-01
4.190e+00 3.907e-01
4.200e+00 7.109e-01
4.210e+00 6.574e-01
4.220e+00 6.062e-01
4.230e+00 6.528e-01
4.240e+00 8.504e-01
4.250e+00 7.616e-01
4.260e+00 7.987e-01
4.270e+00 8.102e-01
4.280e+00 7.797e-01
4.290e+00 4.747e-01
4.300e+00 2.399e-01
4.310e+00 3.328e-01
4.320e+00 2.455e-01
4.330e+00 2.295e-01
4.340e+00 2.503e-01
4.350e+00 3.534e-01
4.360e+00 3.264e-01
4.370e+00 2.579e-01
4.380e+00 2.617e-01
4.390e+00 4.621e-01
4.400e+00 4.621e-01
4.410e+00 4.474e-01
4.420e+00 6.319e-01
4.430e+00 7.165e-01
4.440e+00 6.853e-01
4.450e+00 7.369e-01
4.460e+00 6.573e-01
4.470e+00 4.743e-01
4.480e+00 5.958e-01
4.490e+00 3.475e-01
4.500e+00 4.937e-01
4.510e+00 5.490e-01
4.520e+00 5.698e-01
4.530e+00 3.690e-01
4.540e+00 5.958e-01
4.550e+00 5.476e-01
4.560e+00 4.872e-01
4.570e+00 5.266e-01
4.580e+00 5.043e-01
4.590e+00 6.138e-01
4.600e+00 4.937e-01
4.610e+00 3.853e-01
4.620e+00 4.184e-01
4.630e+00 5.898e-01
4.640e+00 4.357e-01
4.650e+00 5.317e-01
4.660e+00 6.842e-01
4.670e+00 8.621e-01
4.680e+00 7.153e-01
4.690e+00 6.089e-01
4.700e+00 6.616e-01
4.710e+00 5.084e-01
4.720e+00 4.593e-01
4.730e+00 3.784e-01
4.740e+00 7.535e-01
4.750e+00 7.159e-01
4.760e+00 6.522e-01
4.770e+00 5.183e-01
4.780e+00 6.244e-01
4.790e+00 6.116e-01
4.800e+00 3.640e-01
4.810e+00 4.391e-01
4.820e+00 5.376e-01
4.830e+00 5.011e-01
4.840e+00 4.152e-01
4.850e+00 5.866e-01
4.860e+00 5.883e-01
4.870e+00 6.651e-01
4.880e+00 5.071e-01
4.890e+00 5.099e-01
4.900e+00 5.351e-01
4.910e+00 5.936e-01
4.920e+00 4.014e-01
4.930e+00 2.324e-01
4.940e+00 1.968e-01
4.950e+00 1.105e-01
4.960e+00 -8.598e-02
4.970e+00 -9.283e-03
4.980e+00 4.752e-01
4.990e+00 4.647e-01
-5.000e+00 1.319e-01
-4.990e+00 4.647e-01
-4.980e+00 4.752e-01
-4.970e+00 -9.283e-03
-4.960e+00 -8.598e-02
-4.950e+00 1.105e-01
-4.940e+00 1.968e-01
-4.930e+00 2.324e-01
-4.920e+00 4.014e-01
-4.910e+00 5.936e-01
-4.900e+00 5.351e-01
-4.890e+00 5.099e-01
-4.880e+00 5.071e-01
-4.870e+00 6.651e-01
-4.860e+00 5.883e-01
-4.850e+00 5.866e-01
-4.840e+00 4.152e-01
-4.830e+00 5.011e-01
-4.820e+00 5.376e-01
-4.810e+00 4.391e-01
-4.800e+00 3.640e-01
-4.790e+00 6.116e-01
-4.780e+00 6.244e-01
-4.770e+00 5.183e-01
-4.760e+00 6.522e-01
-4.750e+00 7.159e-01
-4.740e+00 7.535e-01
-4.730e+00 3.784e-01
-4.720e+00 4.593e-01
-4.710e+00 5.084e-01
-4.700e+00 6.616e-01
-4.690e+00 6.089e-01
-4.680e+00 7.153e-01
-4.670e+00 8.621e-01
-4.660e+00 6.842e-01
-4.650e+00 5.317e-01
-4.640e+00 4.357e-01
-4.630e+00 5.898e-01
-4.620e+00 4.184e-01
-4.610e+00 3.853e-01
-4.600e+00 4.937e-01
-4.590e+00 6.138e-01
-4.580e+00 5.043e-01
-4.570e+00 5.266e-01
-4.560e+00 4.872e-01
-4.550e+00 5.476e-01
-4.540e+00 5.958e-01
-4.530e+00 3.690e-01
-4.520e+00 5.698e-01
-4.510e+00 5.490e-01
-4.500e+00 4.937e-01
-4.490e+00 3.475e-01
-4.480e+00 5.958e-01
-4.470e+00 4.743e-01
-4.460e+00 6.573e-01
-4.450e+00 7.369e-01
-4.440e+00 6.853e-01
-4.430e+00 7.165e-01
-4.420e+00 6.319e-01
-4.410e+00 4.474e-01
-4.400e+00 4.621e-01
-4.390e+00 4.621e-01
-4.380e+00 2.617e-01
-4.370e+00 2.579e-01
-4.360e+00 3.264e-01
-4.350e+00 3.534e-01
-4.340e+00 2.503e-01
-4.330e+00 2.295e-01
-4.320e+00 2.455e-01
-4.310e+00 3.328e-01
-4.300e+00 2.399e-01
-4.290e+00 4.747e-01
-4.280e+00 7.797e-01
-4.270e+00 8.102e-01
-4.260e+00 7.987e-01
-4.250e+00 7.616e-01
-4.240e+00 8.504e-01
-4.230e+00 6.528e-01
-4.220e+00 6.062e-01
-4.210e+00 6.574e-01
-4.200e+00 7.109e-01
-4.190e+00 3.907e-01
-4.180e+00 3.471e-01
-4.170e+00 4.114e-01
-4.160e+00 6.344e-01
-4.150e+00 6.563e-01
-4.140e+00 6.093e-01
-4.130e+00 5.884e-01
-4.120e+00 6.813e-01
-4.110e+00 4.577e-01
-4.100e+00 4.858e-01
-4.090e+00 4.793e-01
-4.080e+00 6.639e-01
-4.070e+00 4.328e-01
-4.060e+00 3.770e-01
-4.050e+00 5.116e-01
-4.040e+00 7.094e-01
-4.030e+00 5.700e-01
-4.020e+00 5.521e-01
-4.010e+00 6.238e-01
-4.000e+00 5.786e-01
-3.990e+00 2.694e-01
-3.980e+00 1.617e-01
-3.970e+00 2.775e-01
-3.960e+00 4.637e-01
-3.950e+00 2.453e-01
-3.940e+00 4.864e-01
-3.930e+00 4.751e-01
-3.920e+00 4.842e-01
-3.910e+00 3.723e-01
-3.900e+00 4.092e-01
-3.890e+00 3.062e-01
-3.880e+00 3.467e-01
-3.870e+00 4.314e-01
-3.860e+00 4.455e-01
-3.850e+00 5.703e-01
-3.840e+00 5.126e-01
-3.830e+00 5.540e-01
-3.820e+00 5.414e-01
-3.810e+00 7.378e-01
-3.800e+00 5.241e-01
-3.790e+00 5.128e-01
-3.780e+00 4.902e-01
-3.770e+00 6.440e-01
-3.760e+00 4.869e-01
-3.750e+00 4.502e-01
-3.740e+00 5.308e-01
-3.730e+00 4.496e-01
-3.720e+00 3.454e-01
-3.710e+00 3.520e-01
-3.700e+00 5.168e-01
-3.690e+00 6.479e-01
-3.680e+00 6.433e-01
-3.670e+00 6.205e-01
-3.660e+00 4.827e-01
-3.650e+00 4.492e-01
-3.640e+00 3.800e-01
-3.630e+00 2.620e-01
-3.620e+00 4.474e-01
-3.610e+00 6.022e-01
-3.600e+00 5.958e-01
-3.590e+00 6.104e-01
-3.580e+00 5.540e-01
-3.570e+00 7.410e-01
-3.560e+00 4.756e-01
-3.550e+00 4.552e-01
-3.540e+00 4.441e-01
-3.530e+00 6.291e-01
-3.520e+00 4.124e-01
-3.510e+00 4.666e-01
-3.500e+00 6.567e-01
-3.490e+00 6.076e-01
-3.480e+00 4.936e-01
-3.470e+00 6.293e-01
-3.460e+00 6.881e-01
-3.450e+00 6.680e-01
-3.440e+00 5.391e-01
-3.430e+00 3.844e-01
-3.420e+00 5.952e-01
-3.410e+00 5.665e-01
-3.400e+00 4.970e-01
-3.390e+00 6.019e-01
-3.380e+00 6.460e-01
-3.370e+00 6.794e-01
-3.360e+00 6.012e-01
-3.350e+00 5.806e-01
-3.340e+00 7.068e-01
-3.330e+00 5.697e-01
-3.320e+00 3.869e-01
-3.310e+00 4.337e-01
-3.300e+00 4.630e-01
-3.290e+00 5.713e-01
-3.280e+00 6.280e-01
-3.270e+00 7.114e-01
-3.260e+00 5.383e-01
-3.250e+00 4.531e-01
-3.240e+00 3.572e-01
-3.230e+00 4.138e-01
-3.220e+00 5.828e-01
-3.210e+00 5.735e-01
-3.200e+00 6.909e-01
-3.190e+00 4.592e-01
-3.180e+00 4.485e-01
-3.170e+00 3.642e-01
-3.160e+00 4.147e-01
-3.150e+00 3.508e-01
-3.140e+00 5.034e-01
-3.130e+00 4.190e-01
-3.120e+00 4.478e-01
-3.110e+00 3.729e-01
-3.100e+00 1.990e-01
-3.090e+00 2.362e-01
-3.080e+00 3.001e-01
-3.070e+00 3.563e-01
-3.060e+00 3.698e-01
-3.050e+00 4.806e-01
-3.040e+00 4.765e-01
-3.030e+00 5.126e-01
-3.020e+00 4.906e-01
-3.010e+00 4.339e-01
-3.000e+00 3.414e-01
-2.990e+00 3.134e-01
-2.980e+00 4.840e-01
-2.970e+00 4.947e-01
-2.960e+00 4.322e-01
-2.950e+00 4.110e-01
-2.940e+00 6.524e-01
-2.930e+00 5.589e-01
-2.920e+00 6.182e-01
-2.910e+00 5.541e-01
-2.900e+00 6.493e-01
-2.890e+00 7.025e-01
-2.880e+00 6.612e-01
-2.870e+00 6.064e-01
-2.860e+00 6.127e-01
-2.850e+00 5.477e-01
-2.840e+00 4.106e-01
-2.830e+00 5.359e-01
-2.820e+00 4.899e-01
-2.810e+00 5.062e-01
-2.800e+00 5.446e-01
-2.790e+00 4.663e-01
-2.780e+00 5.663e-01
-2.770e+00 6.458e-01
-2.760e+00 7.316e-01
-2.750e+00 6.005e-01
-2.740e+00 5.863e-01
-2.730e+00 5.559e-01
-2.720e+00 6.293e-01
-2.710e+00 5.172e-01
-2.700e+00 5.104e-01
-2.690e+00 4.790e-01
-2.680e+00 5.329e-01
-2.670e+00 6.044e-01
-2.660e+00 6.612e-01
-2.650e+00 7.164e-01
-2.640e+00 6.829e-01
-2.630e+00 5.298e-01
-2.620e+00 5.351e-01
-2.610e+00 5.894e-01
-2.600e+00 4.997e-01
-2.590e+00 4.461e-01
-2.580e+00 5.478e-01
-2.570e+00 5.097e-01
-2.560e+00 4.720e-01
-2.550e+00 4.380e-01
-2.540e+00 4.178e-01
-2.530e+00 5.048e-01
-2.520e+00 4.705e-01
-2.510e+00 5.073e-01
-2.500e+00 6.573e-01
-2.490e+00 7.619e-01
-2.480e+00 7.423e-01
-2.470e+00 6.460e-01
-2.460e+00 4.452e-01
-2.450e+00 4.729e-01
-2.440e+00 3.890e-01
-2.430e+00 5.060e-01
-2.420e+00 5.777e-01
-2.410e+00 5.372e-01
-2.400e+00 5.873e-01
-2.390e+00 6.519e-01
-2.380e+00 6.265e-01
-2.370e+00 5.043e-01
-2.360e+00 5.227e-01
-2.350e+00 3.386e-01
-2.340e+00 3.968e-01
-2.330e+00 3.106e-01
-2.320e+00 4.700e-01
-2.310e+00 4.779e-01
-2.300e+00 3.017e-01
-2.290e+00 4.893e-01
-2.280e+00 3.908e-01
-2.270e+00 5.419e-01
-2.260e+00 5.312e-01
-2.250e+00 4.262e-01
-2.240e+00 2.366e-01
-2.230e+00 1.553e-01
-2.220e+00 2.995e-01
-2.210e+00 2.896e-01
-2.200e+00 2.936e-01
-2.190e+00 5.116e-01
-2.180e+00 5.188e-01
-2.170e+00 4.600e-01
-2.160e+00 5.904e-01
-2.150e+00 5.915e-01
-2.140e+00 5.955e-01
-2.130e+00 4.580e-01
-2.120e+00 5.633e-01
-2.110e+00 5.094e-01
-2.100e+00 7.576e-01
-2.090e+00 7.930e-01
-2.080e+00 8.906e-01
-2.070e+00 8.735e-01
-2.060e+00 9.929e-01
-2.050e+00 9.313e-01
-2.040e+00 7.417e-01
-2.030e+00 7.234e-01
-2.020e+00 5.414e-01
-2.010e+00 3.951e-01
-2.000e+00 3.189e-01
-1.990e+00 5.981e-01
-1.980e+00 6.427e-01
-1.970e+00 6.714e-01
-1.960e+00 7.751e-01
-1.950e+00 1.078e+00
-1.940e+00 1.068e+00
-1.930e+00 7.475e-01
-1.920e+00 3.467e-01
-1.910e+00 4.807e-01
-1.900e+00 3.083e-01
-1.890e+00 4.738e-01
-1.880e+00 6.130e-01
-1.870e+00 8.592e-01
-1.860e+00 5.358e-01
-1.850e+00 6.768e-01
-1.840e+00 4.200e-01
-1.830e+00 4.426e-01
-1.820e+00 2.882e-01
-1.810e+00 5.538e-01
-1.800e+00 1.003e+00
-1.790e+00 9.672e-01
-1.780e+00 6.926e-01
-1.770e+00 6.435e-01
-1.760e+00 5.153e-01
-1.750e+00 6.746e-01
-1.740e+00 7.196e-01
-1.730e+00 9.173e-01
-1.720e+00 1.138e+00
-1.710e+00 1.217e+00
-1.700e+00 9.100e-01
-1.690e+00 7.453e-01
-1.680e+00 8.192e-01
-1.670e+00 9.649e-01
-1.660e+00 4.920e-01
-1.650e+00 5.219e-01
-1.640e+00 7.819e-01
-1.630e+00 8.811e-01
-1.620e+00 7.975e-01
-1.610e+00 7.566e-01
-1.600e+00 7.357e-01
-1.590e+00 4.388e-01
-1.580e+00 2.862e-01
-1.570e+00 8.401e-01
-1.560e+00 1.203e+00
-1.550e+00 1.096e+00
-1.540e+00 8.163e-01
-1.530e+00 6.597e-01
-1.520e+00 6.901e-01
-1.510e+00 8.369e-01
-1.500e+00 8.354e-01
-1.490e+00 1.009e+00
-1.480e+00 1.009e+00
-1.470e+00 9.410e-01
-1.460e+00 7.522e-01
-1.450e+00 7.852e-01
-1.440e+00 1.006e+00
-1.430e+00 5.289e-01
-1.420e+00 5.170e-01
-1.410e+00 7.474e-01
-1.400e+00 8.028e-01
-1.390e+00 5.328e-01
-1.380e+00 3.718e-01
-1.370e+00 6.605e-01
-1.360e+00 5.963e-01
-1.350e+00 7.367e-01
-1.340e+00 7.102e-01
-1.330e+00 8.449e-01
-1.320e+00 8.283e-01
-1.310e+00 6.228e-01
-1.300e+00 7.371e-01
-1.290e+00 1.024e+00
-1.280e+00 7.519e-01
-1.270e+00 1.206e-01
-1.260e+00 2.706e-01
-1.250e+00 4.445e-01
-1.240e+00 3.237e-01
-1.230e+00 5.642e-01
-1.220e+00 6.096e-01
-1.210e+00 6.022e-01
-1.200e+00 3.495e-01
-1.190e+00 6.590e-01
-1.180e+00 8.498e-01
-1.170e+00 5.809e-01
-1.160e+00 6.095e-01
-1.150e+00 3.846e-01
-1.140e+00 5.220e-01
-1.130e+00 6.850e-01
-1.120e+00 5.034e-01
-1.110e+00 8.261e-01
-1.100e+00 7.712e-01
-1.090e+00 7.397e-01
-1.080e+00 8.119e-01
-1.070e+00 7.988e-01
-1.060e+00 7.213e-01
-1.050e+00 6.221e-01
-1.040e+00 5.326e-01
-1.030e+00 7.263e-01
-1.020e+00 9.100e-01
-1.010e+00 8.876e-01
-1.000e+00 8.673e-01
-9.900e-01 7.819e-01
-9.800e-01 9.240e-01
-9.700e-01 4.957e-01
-9.600e-01 5.865e-01
-9.500e-01 1.077e+00
-9.400e-01 1.123e+00
-9.300e-01 9.540e-01
-9.200e-01 1.107e+00
-9.100e-01 1.310e+00
-9.000e-01 1.532e+00
-8.900e-01 6.500e-01
-8.800e-01 9.820e-01
-8.700e-01 1.036e+00
-8.600e-01 1.137e+00
-8.500e-01 7.391e-01
-8.400e-01 1.226e+00
-8.300e-01 1.252e+00
-8.200e-01 1.012e+00
-8.100e-01 1.183e+00
-8.000e-01 1.142e+00
-7.900e-01 1.291e+00
-7.800e-01 1.327e+00
-7.700e-01 9.432e-01
-7.600e-01 7.093e-01
-7.500e-01 9.940e-01
-7.400e-01 1.093e+00
-7.300e-01 1.127e+00
-7.200e-01 1.828e+00
-7.100e-01 1.669e+00
-7.000e-01 1.272e+00
-6.900e-01 1.247e+00
-6.800e-01 1.424e+00
-6.700e-01 1.316e+00
-6.600e-01 1.339e+00
-6.500e-01 1.925e+00
-6.400e-01 2.016e+00
-6.300e-01 1.695e+00
-6.200e-01 1.641e+00
-6.100e-01 1.541e+00
-6.000e-01 1.099e+00
-5.900e-01 1.022e+00
-5.800e-01 9.484e-01
-5.700e-01 1.072e+00
-5.600e-01 1.794e+00
-5.500e-01 1.923e+00
-5.400e-01 1.040e+00
-5.300e-01 3.511e-01
-5.200e-01 9.223e-01
-5.100e-01 1.163e+00
-5.000e-01 1.529e+00
-4.900e-01 1.362e+00
-4.800e-01 1.826e+00
-4.700e-01 1.334e+00
-4.600e-01 4.436e-01
-4.500e-01 9.973e-01
-4.400e-01 1.996e+00
-4.300e-01 1.710e+00
-4.200e-01 7.487e-01
-4.100e-01 1.501e+00
-4.000e-01 1.612e+00
-3.900e-01 1.278e+00
-3.800e-01 9.090e-01
-3.700e-01 8.680e-01
-3.600e-01 3.522e-01
-3.500e-01 2.600e-01
-3.400e-01 2.387e-01
-3.300e-01 4.575e-01
-3.200e-01 9.358e-01
-3.100e-01 1.656e+00
-3.000e-01 1.377e+00
-2.900e-01 1.528e+00
-2.800e-01 2.079e+00
-2.700e-01 3.014e+00
-2.600e-01 2.809e+00
-2.500e-01 2.980e+00
-2.400e-01 2.764e+00
-2.300e-01 2.256e+00
-2.200e-01 1.041e+00
-2.100e-01 6.195e-01
-2.000e-01 3.022e+00
-1.900e-01 3.444e+00
-1.800e-01 3.693e+00
-1.700e-01 4.521e+00
-1.600e-01 4.350e+00
-1.500e-01 4.070e+00
-1.400e-01 2.937e+00
-1.300e-01 4.873e+00
-1.200e-01 4.283e+00
-1.100e-01 6.093e+00
-1.000e-01 7.488e+00
-9.000e-02 8.040e+00
-8.000e-02 9.766e+00
-7.000e-02 1.194e+01
-6.000e-02 8.774e+00
-5.000e-02 8.871e+00
-4.000e-02 1.373e+01
-3.000e-02 1.562e+01
-2.000e-02 1.417e+01
-1.000e-02 1.923e+01
