# Frequency (1.0/ps)      real(fft(F_1))
0.000e+00 9.940e+01
1.000e-02 3.809e+01
2.000e-02 2.796e+01
3.000e-02 2.649e+01
4.000e-02 1.500e+01
5.000e-02 1.239e+01
6.000e-02 9.421e+00
7.000e-02 5.126e+00
8.000e-02 5.955e+00
9.000e-02 4.165e+00
1.000e-01 1.867e+00
1.100e-01 2.689e+00
1.200e-01 1.044e+00
1.300e-01 1.269e+00
1.400e-01 3.767e+00
1.500e-01 3.199e+00
1.600e-01 3.628e+00
1.700e-01 4.298e+00
1.800e-01 4.187e+00
1.900e-01 3.950e+00
2.000e-01 2.372e+00
2.100e-01 2.393e+00
2.200e-01 2.967e+00
2.300e-01 1.317e+00
2.400e-01 2.505e+00
2.500e-01 2.293e+00
2.600e-01 1.635e+00
2.700e-01 1.713e+00
2.800e-01 2.193e+00
2.900e-01 1.635e+00
3.000e-01 1.045e+00
3.100e-01 7.945e-01
3.200e-01 3.201e-01
3.300e-01 1.580e+00
3.400e-01 6.552e-01
3.500e-01 1.097e+00
3.600e-01 5.875e-01
3.700e-01 2.562e-01
3.800e-01 1.520e+00
3.900e-01 3.899e-01
4.000e-01 1.009e+00
4.100e-01 8.911e-01
4.200e-01 6.666e-01
4.300e-01 1.628e+00
4.400e-01 1.354e+00
4.500e-01 5.321e-01
4.600e-01 5.317e-01
4.700e-01 6.534e-01
4.800e-01 6.546e-01
4.900e-01 1.628e-01
5.000e-01 1.130e+00
5.100e-01 5.061e-01
5.200e-01 1.008e+00
5.300e-01 7.809e-01
5.400e-01 8.719e-01
5.500e-01 6.675e-01
5.600e-01 1.385e+00
5.700e-01 1.006e+00
5.800e-01 1.089e+00
5.900e-01 6.586e-01
6.000e-01 9.503e-01
6.100e-01 1.312e+00
6.200e-01 1.391e+00
6.300e-01 1.325e+00
6.400e-01 1.390e+00
6.500e-01 8.591e-01
6.600e-01 1.222e+00
6.700e-01 1.081e+00
6.800e-01 7.461e-01
6.900e-01 2.484e-01
7.000e-01 1.136e+00
7.100e-01 4.854e-01
7.200e-01 9.682e-01
7.300e-01 5.335e-01
7.400e-01 6.846e-01
7.500e-01 1.182e+00
7.600e-01 9.092e-01
7.700e-01 1.107e+00
7.800e-01 1.031e+00
7.900e-01 9.978e-01
8.000e-01 1.131e+00
8.100e-01 9.983e-01
8.200e-01 1.841e+00
8.300e-01 1.322e+00
8.400e-01 7.546e-01
8.500e-01 8.830e-01
8.600e-01 4.054e-02
8.700e-01 2.235e-01
8.800e-01 4.528e-01
8.900e-01 4.487e-02
9.000e-01 1.482e-01
9.100e-01 1.549e-01
9.200e-01 2.275e-01
9.300e-01 7.740e-02
9.400e-01 4.064e-01
9.500e-01 5.741e-01
9.600e-01 7.462e-02
9.700e-01 2.454e-01
9.800e-01 -4.416e-01
9.900e-01 3.602e-01
1.000e+00 7.670e-02
1.010e+00 -1.061e-01
1.020e+00 -6.747e-02
1.030e+00 1.618e-02
1.040e+00 5.528e-01
1.050e+00 7.182e-01
1.060e+00 5.182e-01
1.070e+00 7.534e-01
1.080e+00 4.665e-01
1.090e+00 7.058e-01
1.100e+00 5.422e-01
1.110e+00 4.721e-01
1.120e+00 6.708e-01
1.130e+00 9.154e-01
1.140e+00 1.042e+00
1.150e+00 8.903e-01
1.160e+00 6.351e-01
1.170e+00 9.134e-01
1.180e+00 3.783e-01
1.190e+00 8.037e-01
1.200e+00 1.390e+00
1.210e+00 7.118e-01
1.220e+00 1.081e+00
1.230e+00 1.308e+00
1.240e+00 9.954e-01
1.250e+00 7.544e-01
1.260e+00 3.875e-01
1.270e+00 6.881e-01
1.280e+00 7.116e-01
1.290e+00 6.184e-01
1.300e+00 3.887e-01
1.310e+00 4.327e-01
1.320e+00 3.854e-01
1.330e+00 2.946e-01
1.340e+00 4.032e-01
1.350e+00 6.509e-01
1.360e+00 3.711e-01
1.370e+00 2.696e-01
1.380e+00 2.341e-01
1.390e+00 5.581e-01
1.400e+00 1.778e-01
1.410e+00 3.278e-01
1.420e+00 3.851e-01
1.430e+00 2.495e-01
1.440e+00 4.777e-01
1.450e+00 -9.684e-03
1.460e+00 5.865e-01
1.470e+00 8.495e-01
1.480e+00 7.224e-01
1.490e+00 9.590e-01
1.500e+00 5.045e-01
1.510e+00 4.126e-01
1.520e+00 3.606e-01
1.530e+00 1.532e-01
1.540e+00 7.488e-01
1.550e+00 1.065e+00
1.560e+00 9.081e-01
1.570e+00 8.475e-01
1.580e+00 5.964e-01
1.590e+00 8.246e-01
1.600e+00 4.736e-01
1.610e+00 2.436e-01
1.620e+00 1.230e-01
1.630e+00 5.148e-01
1.640e+00 2.813e-01
1.650e+00 3.906e-01
1.660e+00 3.318e-01
1.670e+00 6.753e-01
1.680e+00 5.021e-01
1.690e+00 2.068e-01
1.700e+00 5.269e-02
1.710e+00 1.565e-01
1.720e+00 4.455e-01
1.730e+00 4.890e-01
1.740e+00 5.599e-01
1.750e+00 3.266e-01
1.760e+00 -6.363e-02
1.770e+00 3.589e-01
1.780e+00 6.062e-01
1.790e+00 5.061e-01
1.800e+00 4.972e-01
1.810e+00 8.444e-01
1.820e+00 5.927e-01
1.830e+00 4.327e-01
1.840e+00 3.776e-01
1.850e+00 2.849e-01
1.860e+00 6.106e-01
1.870e+00 8.013e-01
1.880e+00 7.377e-01
1.890e+00 4.410e-01
1.900e+00 3.828e-01
1.910e+00 4.992e-01
1.920e+00 3.191e-01
1.930e+00 8.197e-01
1.940e+00 7.152e-01
1.950e+00 3.724e-01
1.960e+00 1.930e-01
1.970e+00 6.192e-01
1.980e+00 5.769e-01
1.990e+00 3.967e-01
2.000e+00 4.159e-01
2.010e+00 1.539e-01
2.020e+00 5.056e-01
2.030e+00 2.735e-01
2.040e+00 3.194e-01
2.050e+00 1.157e-01
2.060e+00 -3.389e-02
2.070e+00 1.887e-01
2.080e+00 8.173e-01
2.090e+00 5.757e-01
2.100e+00 9.004e-01
2.110e+00 6.112e-01
2.120e+00 5.645e-01
2.130e+00 1.492e-01
2.140e+00 4.557e-01
2.150e+00 5.104e-01
2.160e+00 7.193e-01
2.170e+00 8.257e-01
2.180e+00 4.650e-01
2.190e+00 3.244e-01
2.200e+00 3.139e-01
2.210e+00 4.026e-01
2.220e+00 4.766e-01
2.230e+00 7.556e-01
2.240e+00 9.754e-01
2.250e+00 6.215e-01
2.260e+00 6.606e-01
2.270e+00 7.498e-01
2.280e+00 6.478e-01
2.290e+00 5.271e-01
2.300e+00 7.188e-01
2.310e+00 8.511e-01
2.320e+00 6.960e-01
2.330e+00 9.670e-01
2.340e+00 7.424e-01
2.350e+00 8.417e-01
2.360e+00 5.199e-01
2.370e+00 6.050e-01
2.380e+00 5.318e-01
2.390e+00 5.888e-01
2.400e+00 3.404e-01
2.410e+00 4.400e-01
2.420e+00 2.798e-01
2.430e+00 4.704e-01
2.440e+00 4.020e-01
2.450e+00 2.443e-01
2.460e+00 -2.455e-03
2.470e+00 2.077e-01
2.480e+00 3.762e-01
2.490e+00 7.019e-01
2.500e+00 6.786e-01
2.510e+00 5.093e-01
2.520e+00 3.963e-01
2.530e+00 5.542e-01
2.540e+00 6.137e-01
2.550e+00 8.093e-01
2.560e+00 6.255e-01
2.570e+00 6.320e-01
2.580e+00 7.944e-01
2.590e+00 5.795e-01
2.600e+00 4.299e-01
2.610e+00 5.306e-01
2.620e+00 5.889e-01
2.630e+00 5.196e-01
2.640e+00 5.726e-01
2.650e+00 5.528e-01
2.660e+00 5.014e-01
2.670e+00 7.461e-01
2.680e+00 8.454e-01
2.690e+00 4.738e-01
2.700e+00 7.978e-01
2.710e+00 8.864e-01
2.720e+00 9.340e-01
2.730e+00 6.173e-01
2.740e+00 5.714e-01
2.750e+00 5.198e-01
2.760e+00 6.698e-01
2.770e+00 5.749e-01
2.780e+00 5.384e-01
2.790e+00 3.920e-01
2.800e+00 6.694e-01
2.810e+00 5.586e-01
2.820e+00 4.546e-01
2.830e+00 5.889e-01
2.840e+00 5.782e-01
2.850e+00 4.252e-01
2.860e+00 6.695e-01
2.870e+00 3.181e-01
2.880e+00 4.779e-01
2.890e+00 8.162e-01
2.900e+00 4.344e-01
2.910e+00 2.694e-01
2.920e+00 4.235e-01
2.930e+00 5.950e-01
2.940e+00 8.590e-01
2.950e+00 6.562e-01
2.960e+00 6.193e-01
2.970e+00 5.975e-01
2.980e+00 5.549e-01
2.990e+00 5.136e-01
3.000e+00 6.114e-01
3.010e+00 6.588e-01
3.020e+00 7.075e-01
3.030e+00 5.166e-01
3.040e+00 1.793e-01
3.050e+00 5.705e-01
3.060e+00 7.153e-01
3.070e+00 4.900e-01
3.080e+00 5.694e-01
3.090e+00 6.805e-01
3.100e+00 7.139e-01
3.110e+00 5.771e-01
3.120e+00 5.029e-01
3.130e+00 3.889e-01
3.140e+00 6.534e-01
3.150e+00 6.407e-01
3.160e+00 9.061e-01
3.170e+00 4.424e-01
3.180e+00 4.035e-01
3.190e+00 5.559e-01
3.200e+00 5.250e-01
3.210e+00 5.557e-01
3.220e+00 6.171e-01
3.230e+00 4.241e-01
3.240e+00 5.312e-01
3.250e+00 5.161e-01
3.260e+00 5.064e-01
3.270e+00 8.021e-01
3.280e+00 7.514e-01
3.290e+00 6.484e-01
3.300e+00 6.143e-01
3.310e+00 6.433e-01
3.320e+00 9.887e-01
3.330e+00 9.553e-01
3.340e+00 9.191e-01
3.350e+00 7.208e-01
3.360e+00 6.272e-01
3.370e+00 6.659e-01
3.380e+00 7.285e-01
3.390e+00 5.984e-01
3.400e+00 3.199e-01
3.410e+00 4.449e-01
3.420e+00 5.528e-01
3.430e+00 6.124e-01
3.440e+00 5.161e-01
3.450e+00 8.361e-01
3.460e+00 7.342e-01
3.470e+00 8.604e-01
3.480e+00 4.713e-01
3.490e+00 1.238e-01
3.500e+00 3.756e-01
3.510e+00 3.842e-01
3.520e+00 4.167e-01
3.530e+00 2.779e-01
3.540e+00 2.665e-01
3.550e+00 1.470e-01
3.560e+00 -2.052e-02
3.570e+00 5.370e-02
3.580e+00 3.303e-01
3.590e+00 3.665e-01
3.600e+00 2.792e-01
3.610e+00 4.228e-01
3.620e+00 5.500e-01
3.630e+00 3.526e-01
3.640e+00 2.527e-01
3.650e+00 4.396e-01
3.660e+00 4.579e-01
3.670e+00 5.054e-01
3.680e+00 6.736e-01
3.690e+00 3.472e-01
3.700e+00 6.598e-01
3.710e+00 5.637e-01
3.720e+00 5.376e-01
3.730e+00 3.390e-01
3.740e+00 3.814e-01
3.750e+00 5.940e-01
3.760e+00 2.415e-01
3.770e+00 2.734e-01
3.780e+00 4.042e-01
3.790e+00 4.446e-01
3.800e+00 4.590e-01
3.810e+00 -9.725e-02
3.820e+00 8.334e-02
3.830e+00 3.372e-01
3.840e+00 5.424e-01
3.850e+00 7.570e-01
3.860e+00 3.876e-01
3.870e+00 5.468e-01
3.880e+00 4.197e-01
3.890e+00 6.239e-01
3.900e+00 4.725e-01
3.910e+00 6.956e-01
3.920e+00 6.261e-01
3.930e+00 5.280e-01
3.940e+00 2.282e-01
3.950e+00 1.881e-01
3.960e+00 4.365e-01
3.970e+00 5.515e-01
3.980e+00 3.170e-01
3.990e+00 1.777e-01
4.000e+00 4.150e-01
4.010e+00 3.512e-01
4.020e+00 3.360e-01
4.030e+00 5.863e-01
4.040e+00 4.193e-01
4.050e+00 5.365e-01
4.060e+00 5.808e-01
4.070e+00 2.984e-01
4.080e+00 4.973e-01
4.090e+00 4.641e-01
4.100e+00 6.248e-01
4.110e+00 5.793e-01
4.120e+00 5.166e-01
4.130e+00 2.468e-01
4.140e+00 6.603e-01
4.150e+00 4.753e-01
4.160e+00 6.633e-01
4.170e+00 3.252e-01
4.180e+00 3.929e-01
4.190e+00 3.352e-01
4.200e+00 2.225e-01
4.210e+00 4.295e-01
4.220e+00 3.829e-01
4.230e+00 4.394e-01
4.240e+00 6.409e-01
4.250e+00 7.114e-01
4.260e+00 4.000e-01
4.270e+00 5.842e-01
4.280e+00 6.217e-01
4.290e+00 6.479e-01
4.300e+00 5.124e-01
4.310e+00 4.855e-01
4.320e+00 4.831e-01
4.330e+00 4.691e-01
4.340e+00 5.046e-01
4.350e+00 3.945e-01
4.360e+00 5.995e-01
4.370e+00 6.592e-01
4.380e+00 3.637e-01
4.390e+00 4.364e-01
4.400e+00 3.656e-01
4.410e+00 6.208e-01
4.420e+00 7.618e-01
4.430e+00 4.843e-01
4.440e+00 4.262e-01
4.450e+00 4.311e-01
4.460e+00 5.117e-01
4.470e+00 6.579e-01
4.480e+00 6.930e-01
4.490e+00 6.671e-01
4.500e+00 5.343e-01
4.510e+00 5.198e-01
4.520e+00 5.138e-01
4.530e+00 5.542e-01
4.540e+00 4.692e-01
4.550e+00 5.237e-01
4.560e+00 6.700e-01
4.570e+00 7.208e-01
4.580e+00 6.093e-01
4.590e+00 7.182e-01
4.600e+00 5.909e-01
4.610e+00 4.955e-01
4.620e+00 5.223e-01
4.630e+00 3.709e-01
4.640e+00 6.670e-01
4.650e+00 4.681e-01
4.660e+00 2.347e-01
4.670e+00 5.281e-01
4.680e+00 5.086e-01
4.690e+00 6.896e-01
4.700e+00 3.643e-01
4.710e+00 2.984e-01
4.720e+00 5.210e-01
4.730e+00 3.580e-01
4.740e+00 6.813e-01
4.750e+00 6.537e-01
4.760e+00 5.698e-01
4.770e+00 8.521e-01
4.780e+00 8.737e-01
4.790e+00 6.663e-01
4.800e+00 8.342e-01
4.810e+00 7.295e-01
4.820e+00 7.954e-01
4.830e+00 9.571e-01
4.840e+00 5.544e-01
4.850e+00 4.185e-01
4.860e+00 6.514e-01
4.870e+00 5.779e-01
4.880e+00 4.964e-01
4.890e+00 3.048e-01
4.900e+00 6.440e-01
4.910e+00 5.095e-01
4.920e+00 6.669e-01
4.930e+00 1.942e-01
4.940e+00 3.872e-01
4.950e+00 5.595e-01
4.960e+00 1.033e-01
4.970e+00 2.978e-01
4.980e+00 4.343e-01
4.990e+00 5.213e-01
-5.000e+00 6.552e-01
-4.990e+00 5.365e-01
-4.980e+00 5.922e-01
-4.970e+00 7.504e-01
-4.960e+00 2.619e-01
-4.950e+00 4.302e-01
-4.940e+00 4.651e-01
-4.930e+00 3.488e-01
-4.920e+00 4.060e-01
-4.910e+00 7.066e-01
-4.900e+00 6.383e-01
-4.890e+00 6.293e-01
-4.880e+00 4.059e-01
-4.870e+00 4.474e-01
-4.860e+00 4.020e-01
-4.850e+00 5.166e-01
-4.840e+00 5.024e-01
-4.830e+00 5.623e-01
-4.820e+00 6.116e-01
-4.810e+00 4.480e-01
-4.800e+00 6.183e-01
-4.790e+00 9.165e-01
-4.780e+00 4.861e-01
-4.770e+00 6.413e-01
-4.760e+00 6.537e-01
-4.750e+00 4.968e-01
-4.740e+00 6.153e-01
-4.730e+00 5.236e-01
-4.720e+00 4.968e-01
-4.710e+00 7.632e-01
-4.700e+00 6.559e-01
-4.690e+00 7.738e-01
-4.680e+00 6.764e-01
-4.670e+00 6.046e-01
-4.660e+00 7.049e-01
-4.650e+00 7.228e-01
-4.640e+00 7.963e-01
-4.630e+00 4.753e-01
-4.620e+00 6.752e-01
-4.610e+00 7.762e-01
-4.600e+00 5.383e-01
-4.590e+00 5.356e-01
-4.580e+00 7.453e-01
-4.570e+00 7.535e-01
-4.560e+00 6.900e-01
-4.550e+00 6.534e-01
-4.540e+00 5.153e-01
-4.530e+00 7.491e-01
-4.520e+00 5.269e-01
-4.510e+00 6.432e-01
-4.500e+00 5.509e-01
-4.490e+00 6.036e-01
-4.480e+00 5.228e-01
-4.470e+00 7.176e-01
-4.460e+00 6.458e-01
-4.450e+00 5.431e-01
-4.440e+00 3.416e-01
-4.430e+00 4.779e-01
-4.420e+00 4.493e-01
-4.410e+00 4.505e-01
-4.400e+00 4.044e-01
-4.390e+00 5.687e-01
-4.380e+00 6.286e-01
-4.370e+00 7.087e-01
-4.360e+00 6.338e-01
-4.350e+00 6.416e-01
-4.340e+00 5.736e-01
-4.330e+00 4.891e-01
-4.320e+00 6.278e-01
-4.310e+00 5.086e-01
-4.300e+00 5.175e-01
-4.290e+00 1.126e-01
-4.280e+00 5.145e-01
-4.270e+00 5.465e-01
-4.260e+00 7.466e-01
-4.250e+00 4.671e-01
-4.240e+00 5.721e-01
-4.230e+00 3.419e-01
-4.220e+00 3.975e-01
-4.210e+00 3.788e-01
-4.200e+00 3.320e-01
-4.190e+00 3.047e-01
-4.180e+00 2.396e-01
-4.170e+00 1.845e-01
-4.160e+00 4.998e-01
-4.150e+00 5.076e-01
-4.140e+00 5.332e-01
-4.130e+00 5.432e-01
-4.120e+00 5.772e-01
-4.110e+00 7.331e-01
-4.100e+00 4.656e-01
-4.090e+00 5.540e-01
-4.080e+00 6.214e-01
-4.070e+00 7.461e-01
-4.060e+00 3.506e-01
-4.050e+00 4.800e-01
-4.040e+00 4.569e-01
-4.030e+00 4.731e-01
-4.020e+00 5.090e-01
-4.010e+00 3.156e-01
-4.000e+00 5.073e-01
-3.990e+00 6.442e-01
-3.980e+00 5.198e-01
-3.970e+00 5.122e-01
-3.960e+00 4.339e-01
-3.950e+00 6.374e-01
-3.940e+00 2.205e-01
-3.930e+00 4.911e-01
-3.920e+00 3.732e-01
-3.910e+00 4.736e-01
-3.900e+00 4.455e-01
-3.890e+00 3.884e-01
-3.880e+00 7.374e-01
-3.870e+00 3.859e-01
-3.860e+00 5.100e-01
-3.850e+00 1.358e-01
-3.840e+00 4.424e-01
-3.830e+00 4.739e-01
-3.820e+00 5.197e-01
-3.810e+00 4.147e-01
-3.800e+00 6.741e-01
-3.790e+00 4.009e-01
-3.780e+00 6.738e-01
-3.770e+00 8.184e-01
-3.760e+00 7.074e-01
-3.750e+00 5.195e-01
-3.740e+00 6.340e-01
-3.730e+00 4.568e-01
-3.720e+00 5.641e-01
-3.710e+00 6.241e-01
-3.700e+00 9.378e-01
-3.690e+00 7.913e-01
-3.680e+00 3.299e-01
-3.670e+00 8.451e-01
-3.660e+00 4.977e-01
-3.650e+00 4.676e-01
-3.640e+00 3.803e-01
-3.630e+00 3.709e-01
-3.620e+00 5.284e-01
-3.610e+00 3.866e-01
-3.600e+00 1.925e-01
-3.590e+00 4.652e-01
-3.580e+00 5.788e-01
-3.570e+00 6.713e-01
-3.560e+00 4.263e-01
-3.550e+00 4.275e-01
-3.540e+00 3.052e-01
-3.530e+00 5.230e-01
-3.520e+00 5.731e-01
-3.510e+00 3.978e-01
-3.500e+00 5.427e-01
-3.490e+00 4.207e-01
-3.480e+00 6.298e-01
-3.470e+00 5.262e-01
-3.460e+00 4.349e-01
-3.450e+00 4.885e-01
-3.440e+00 3.857e-01
-3.430e+00 3.481e-01
-3.420e+00 2.417e-01
-3.410e+00 2.904e-01
-3.400e+00 4.376e-01
-3.390e+00 6.302e-01
-3.380e+00 6.532e-01
-3.370e+00 6.456e-01
-3.360e+00 6.517e-01
-3.350e+00 6.542e-01
-3.340e+00 8.828e-01
-3.330e+00 8.878e-01
-3.320e+00 7.873e-01
-3.310e+00 8.034e-01
-3.300e+00 6.253e-01
-3.290e+00 6.837e-01
-3.280e+00 6.010e-01
-3.270e+00 6.764e-01
-3.260e+00 8.087e-01
-3.250e+00 4.295e-01
-3.240e+00 4.348e-01
-3.230e+00 5.210e-01
-3.220e+00 4.092e-01
-3.210e+00 3.928e-01
-3.200e+00 4.354e-01
-3.190e+00 7.096e-01
-3.180e+00 6.773e-01
-3.170e+00 8.281e-01
-3.160e+00 4.170e-01
-3.150e+00 3.434e-01
-3.140e+00 3.336e-01
-3.130e+00 7.173e-01
-3.120e+00 5.577e-01
-3.110e+00 5.758e-01
-3.100e+00 3.356e-01
-3.090e+00 5.195e-01
-3.080e+00 6.843e-01
-3.070e+00 8.080e-01
-3.060e+00 2.600e-01
-3.050e+00 5.575e-01
-3.040e+00 3.247e-01
-3.030e+00 5.962e-01
-3.020e+00 7.726e-01
-3.010e+00 3.838e-01
-3.000e+00 5.652e-01
-2.990e+00 5.885e-01
-2.980e+00 4.063e-01
-2.970e+00 2.627e-01
-2.960e+00 3.862e-01
-2.950e+00 4.005e-01
-2.940e+00 3.319e-01
-2.930e+00 3.764e-01
-2.920e+00 6.209e-01
-2.910e+00 6.949e-01
-2.900e+00 4.839e-01
-2.890e+00 1.642e-01
-2.880e+00 5.559e-01
-2.870e+00 4.850e-01
-2.860e+00 3.831e-01
-2.850e+00 3.178e-01
-2.840e+00 -8.762e-02
-2.830e+00 3.250e-01
-2.820e+00 4.750e-01
-2.810e+00 3.361e-01
-2.800e+00 3.481e-01
-2.790e+00 6.484e-01
-2.780e+00 3.339e-01
-2.770e+00 8.204e-01
-2.760e+00 5.053e-01
-2.750e+00 6.221e-01
-2.740e+00 7.784e-01
-2.730e+00 6.613e-01
-2.720e+00 4.486e-01
-2.710e+00 5.404e-01
-2.700e+00 5.529e-01
-2.690e+00 5.765e-01
-2.680e+00 5.880e-01
-2.670e+00 7.555e-01
-2.660e+00 8.288e-01
-2.650e+00 8.286e-01
-2.640e+00 6.199e-01
-2.630e+00 8.809e-01
-2.620e+00 6.741e-01
-2.610e+00 9.859e-01
-2.600e+00 9.574e-01
-2.590e+00 6.715e-01
-2.580e+00 4.875e-01
-2.570e+00 5.031e-01
-2.560e+00 7.113e-01
-2.550e+00 6.264e-01
-2.540e+00 5.424e-02
-2.530e+00 2.838e-01
-2.520e+00 5.283e-01
-2.510e+00 7.689e-01
-2.500e+00 5.854e-01
-2.490e+00 2.708e-01
-2.480e+00 7.076e-02
-2.470e+00 1.667e-01
-2.460e+00 7.648e-01
-2.450e+00 6.727e-01
-2.440e+00 6.053e-01
-2.430e+00 2.411e-01
-2.420e+00 4.317e-01
-2.410e+00 6.907e-01
-2.400e+00 8.969e-01
-2.390e+00 4.581e-01
-2.380e+00 4.591e-01
-2.370e+00 2.902e-01
-2.360e+00 5.864e-01
-2.350e+00 4.147e-01
-2.340e+00 6.200e-01
-2.330e+00 4.633e-01
-2.320e+00 6.518e-01
-2.310e+00 6.855e-01
-2.300e+00 2.032e-01
-2.290e+00 5.171e-01
-2.280e+00 6.575e-01
-2.270e+00 6.036e-01
-2.260e+00 5.309e-01
-2.250e+00 6.124e-01
-2.240e+00 8.837e-01
-2.230e+00 4.622e-01
-2.220e+00 6.436e-01
-2.210e+00 6.706e-01
-2.200e+00 6.213e-01
-2.190e+00 7.694e-01
-2.180e+00 9.391e-01
-2.170e+00 1.260e+00
-2.160e+00 9.352e-01
-2.150e+00 7.661e-01
-2.140e+00 6.121e-01
-2.130e+00 5.671e-01
-2.120e+00 5.004e-01
-2.110e+00 5.922e-01
-2.100e+00 4.152e-01
-2.090e+00 4.369e-02
-2.080e+00 -5.778e-02
-2.070e+00 7.490e-01
-2.060e+00 7.801e-01
-2.050e+00 7.259e-01
-2.040e+00 6.867e-01
-2.030e+00 4.148e-01
-2.020e+00 1.007e+00
-2.010e+00 1.286e+00
-2.000e+00 5.442e-01
-1.990e+00 9.365e-01
-1.980e+00 7.979e-01
-1.970e+00 2.937e-01
-1.960e+00 8.354e-01
-1.950e+00 7.094e-01
-1.940e+00 3.655e-01
-1.930e+00 4.572e-01
-1.920e+00 6.325e-01
-1.910e+00 6.573e-01
-1.900e+00 8.181e-01
-1.890e+00 5.814e-01
-1.880e+00 6.212e-01
-1.870e+00 7.299e-01
-1.860e+00 5.944e-01
-1.850e+00 6.690e-01
-1.840e+00 8.004e-01
-1.830e+00 4.176e-01
-1.820e+00 4.757e-01
-1.810e+00 5.525e-01
-1.800e+00 5.893e-01
-1.790e+00 7.476e-01
-1.780e+00 3.537e-01
-1.770e+00 1.232e-02
-1.760e+00 2.219e-01
-1.750e+00 5.062e-01
-1.740e+00 2.413e-01
-1.730e+00 6.231e-01
-1.720e+00 5.144e-01
-1.710e+00 4.603e-01
-1.700e+00 5.465e-01
-1.690e+00 7.014e-02
-1.680e+00 -1.401e-01
-1.670e+00 3.085e-01
-1.660e+00 2.131e-01
-1.650e+00 1.576e-01
-1.640e+00 6.513e-01
-1.630e+00 7.443e-02
-1.620e+00 5.498e-01
-1.610e+00 2.424e-01
-1.600e+00 7.925e-01
-1.590e+00 6.955e-01
-1.580e+00 7.945e-01
-1.570e+00 3.991e-01
-1.560e+00 8.983e-01
-1.550e+00 9.864e-01
-1.540e+00 7.869e-01
-1.530e+00 7.381e-01
-1.520e+00 8.171e-01
-1.510e+00 7.278e-01
-1.500e+00 6.486e-01
-1.490e+00 6.762e-01
-1.480e+00 4.750e-01
-1.470e+00 4.040e-01
-1.460e+00 8.121e-01
-1.450e+00 8.033e-01
-1.440e+00 1.291e+00
-1.430e+00 4.540e-01
-1.420e+00 6.435e-01
-1.410e+00 7.367e-01
-1.400e+00 4.816e-01
-1.390e+00 4.033e-01
-1.380e+00 8.027e-01
-1.370e+00 1.396e+00
-1.360e+00 8.287e-01
-1.350e+00 7.404e-01
-1.340e+00 8.119e-01
-1.330e+00 3.688e-01
-1.320e+00 8.648e-01
-1.310e+00 4.878e-01
-1.300e+00 7.341e-01
-1.290e+00 8.238e-01
-1.280e+00 6.872e-01
-1.270e+00 7.956e-01
-1.260e+00 1.239e+00
-1.250e+00 1.055e+00
-1.240e+00 7.961e-01
-1.230e+00 6.666e-01
-1.220e+00 -1.951e-02
-1.210e+00 1.529e-01
-1.200e+00 1.044e-01
-1.190e+00 3.557e-01
-1.180e+00 3.525e-01
-1.170e+00 5.578e-01
-1.160e+00 2.522e-02
-1.150e+00 3.207e-01
-1.140e+00 6.427e-01
-1.130e+00 2.845e-02
-1.120e+00 3.980e-01
-1.110e+00 2.208e-01
-1.100e+00 8.301e-01
-1.090e+00 4.645e-01
-1.080e+00 5.581e-01
-1.070e+00 1.707e-01
-1.060e+00 5.787e-01
-1.050e+00 -8.353e-02
-1.040e+00 5.098e-01
-1.030e+00 5.159e-02
-1.020e+00 3.781e-01
-1.010e+00 2.674e-01
-1.000e+00 9.956e-01
-9.900e-01 6.827e-01
-9.800e-01 4.036e-01
-9.700e-01 2.867e-01
-9.600e-01 1.661e-01
-9.500e-01 -1.513e-02
-9.400e-01 2.563e-01
-9.300e-01 4.921e-01
-9.200e-01 6.232e-01
-9.100e-01 7.123e-01
-9.000e-01 8.886e-01
-8.900e-01 8.324e-01
-8.800e-01 1.137e+00
-8.700e-01 5.104e-01
-8.600e-01 8.144e-01
-8.500e-01 6.212e-01
-8.400e-01 7.493e-01
-8.300e-01 8.187e-01
-8.200e-01 9.523e-01
-8.100e-01 1.645e+00
-8.000e-01 3.848e-01
-7.900e-01 7.278e-01
-7.800e-01 8.270e-01
-7.700e-01 5.197e-01
-7.600e-01 5.461e-01
-7.500e-01 7.494e-01
-7.400e-01 3.063e-01
-7.300e-01 8.413e-01
-7.200e-01 1.149e+00
-7.100e-01 8.307e-01
-7.000e-01 3.494e-03
-6.900e-01 6.009e-01
-6.800e-01 9.463e-01
-6.700e-01 7.100e-01
-6.600e-01 -1.152e-01
-6.500e-01 2.514e-01
-6.400e-01 4.027e-01
-6.300e-01 3.355e-01
-6.200e-01 6.182e-01
-6.100e-01 -2.885e-01
-6.000e-01 -2.898e-01
-5.900e-01 1.314e-01
-5.800e-01 7.141e-02
-5.700e-01 1.692e+00
-5.600e-01 8.242e-01
-5.500e-01 1.039e+00
-5.400e-01 9.778e-01
-5.300e-01 1.171e+00
-5.200e-01 1.548e+00
-5.100e-01 1.412e+00
-5.000e-01 9.730e-01
-4.900e-01 9.673e-01
-4.800e-01 3.549e-01
-4.700e-01 9.776e-01
-4.600e-01 7.246e-01
-4.500e-01 4.979e-01
-4.400e-01 6.624e-01
-4.300e-01 7.830e-01
-4.200e-01 5.517e-01
-4.100e-01 8.071e-01
-4.000e-01 1.359e+00
-3.900e-01 8.196e-01
-3.800e-01 5.709e-02
-3.700e-01 6.510e-01
-3.600e-01 2.558e-01
-3.500e-01 -1.009e-01
-3.400e-01 6.737e-01
-3.300e-01 2.997e-01
-3.200e-01 1.413e+00
-3.100e-01 8.007e-01
-3.000e-01 6.497e-01
-2.900e-01 -2.579e-01
-2.800e-01 6.521e-01
-2.700e-01 1.659e-01
-2.600e-01 1.890e+00
-2.500e-01 9.326e-01
-2.400e-01 1.037e+00
-2.300e-01 2.241e+00
-2.200e-01 2.516e+00
-2.100e-01 2.230e+00
-2.000e-01 2.658e+00
-1.900e-01 3.115e+00
-1.800e-01 3.418e+00
-1.700e-01 1.676e+00
-1.600e-01 -3.551e-02
-1.500e-01 9.910e-01
-1.400e-01 5.850e-01
-1.300e-01 6.019e-01
-1.200e-01 1.548e+00
-1.100e-01 4.011e+00
-1.000e-01 4.508e+00
-9.000e-02 4.305e+00
-8.000e-02 5.324e+00
-7.000e-02 6.622e+00
-6.000e-02 6.163e+00
-5.000e-02 9.743e+00
-4.000e-02 1.455e+01
-3.000e-02 1.618e+01
-2.000e-02 3.224e+01
-1.000e-02 4.567e+01
