# Time (ps)      real(F_0)      im(F_0)
0.000e+00 1.000e+00 0.000e+00
1.000e-01 9.430e-01 0.000e+00
2.000e-01 8.699e-01 0.000e+00
3.000e-01 8.368e-01 0.000e+00
4.000e-01 8.635e-01 0.000e+00
5.000e-01 8.650e-01 0.000e+00
6.000e-01 9.109e-01 0.000e+00
7.000e-01 7.638e-01 0.000e+00
8.000e-01 8.913e-01 0.000e+00
9.000e-01 7.279e-01 0.000e+00
1.000e+00 7.492e-01 0.000e+00
1.100e+00 7.665e-01 0.000e+00
1.200e+00 7.936e-01 0.000e+00
1.300e+00 7.877e-01 0.000e+00
1.400e+00 7.109e-01 0.000e+00
1.500e+00 7.333e-01 0.000e+00
1.600e+00 7.553e-01 0.000e+00
1.700e+00 7.570e-01 0.000e+00
1.800e+00 7.668e-01 0.000e+00
1.900e+00 7.307e-01 0.000e+00
2.000e+00 7.294e-01 0.000e+00
2.100e+00 6.425e-01 0.000e+00
2.200e+00 6.276e-01 0.000e+00
2.300e+00 6.069e-01 0.000e+00
2.400e+00 6.475e-01 0.000e+00
2.500e+00 6.424e-01 0.000e+00
2.600e+00 6.015e-01 0.000e+00
2.700e+00 7.225e-01 0.000e+00
2.800e+00 7.553e-01 0.000e+00
2.900e+00 6.854e-01 0.000e+00
3.000e+00 6.207e-01 0.000e+00
3.100e+00 5.769e-01 0.000e+00
3.200e+00 6.458e-01 0.000e+00
3.300e+00 6.775e-01 0.000e+00
3.400e+00 6.843e-01 0.000e+00
3.500e+00 6.502e-01 0.000e+00
3.600e+00 6.791e-01 0.000e+00
3.700e+00 6.065e-01 0.000e+00
3.800e+00 6.110e-01 0.000e+00
3.900e+00 6.728e-01 0.000e+00
4.000e+00 6.258e-01 0.000e+00
4.100e+00 5.978e-01 0.000e+00
4.200e+00 5.992e-01 0.000e+00
4.300e+00 6.802e-01 0.000e+00
4.400e+00 5.414e-01 0.000e+00
4.500e+00 6.364e-01 0.000e+00
4.600e+00 6.114e-01 0.000e+00
4.700e+00 5.956e-01 0.000e+00
4.800e+00 5.895e-01 0.000e+00
4.900e+00 6.091e-01 0.000e+00
5.000e+00 5.722e-01 0.000e+00
5.100e+00 5.492e-01 0.000e+00
5.200e+00 5.761e-01 0.000e+00
5.300e+00 6.406e-01 0.000e+00
5.400e+00 6.418e-01 0.000e+00
5.500e+00 5.933e-01 0.000e+00
5.600e+00 6.324e-01 0.000e+00
5.700e+00 5.918e-01 0.000e+00
5.800e+00 5.288e-01 0.000e+00
5.900e+00 5.821e-01 0.000e+00
6.000e+00 5.765e-01 0.000e+00
6.100e+00 5.309e-01 0.000e+00
6.200e+00 5.860e-01 0.000e+00
6.300e+00 5.643e-01 0.000e+00
6.400e+00 5.355e-01 0.000e+00
6.500e+00 5.890e-01 0.000e+00
6.600e+00 5.471e-01 0.000e+00
6.700e+00 4.982e-01 0.000e+00
6.800e+00 4.258e-01 0.000e+00
6.900e+00 4.825e-01 0.000e+00
7.000e+00 5.247e-01 0.000e+00
7.100e+00 5.288e-01 0.000e+00
7.200e+00 4.998e-01 0.000e+00
7.300e+00 4.641e-01 0.000e+00
7.400e+00 4.310e-01 0.000e+00
7.500e+00 4.083e-01 0.000e+00
7.600e+00 4.984e-01 0.000e+00
7.700e+00 4.919e-01 0.000e+00
7.800e+00 5.350e-01 0.000e+00
7.900e+00 4.981e-01 0.000e+00
8.000e+00 5.111e-01 0.000e+00
8.100e+00 5.315e-01 0.000e+00
8.200e+00 5.542e-01 0.000e+00
8.300e+00 5.285e-01 0.000e+00
8.400e+00 4.872e-01 0.000e+00
8.500e+00 4.434e-01 0.000e+00
8.600e+00 4.630e-01 0.000e+00
8.700e+00 4.775e-01 0.000e+00
8.800e+00 4.038e-01 0.000e+00
8.900e+00 4.229e-01 0.000e+00
9.000e+00 3.909e-01 0.000e+00
9.100e+00 4.260e-01 0.000e+00
9.200e+00 3.697e-01 0.000e+00
9.300e+00 3.830e-01 0.000e+00
9.400e+00 3.792e-01 0.000e+00
9.500e+00 3.851e-01 0.000e+00
9.600e+00 3.733e-01 0.000e+00
9.700e+00 4.229e-01 0.000e+00
9.800e+00 3.503e-01 0.000e+00
9.900e+00 3.680e-01 0.000e+00
1.000e+01 3.806e-01 0.000e+00
1.010e+01 3.772e-01 0.000e+00
1.020e+01 4.066e-01 0.000e+00
1.030e+01 4.407e-01 0.000e+00
1.040e+01 4.266e-01 0.000e+00
1.050e+01 3.894e-01 0.000e+00
1.060e+01 4.107e-01 0.000e+00
1.070e+01 3.504e-01 0.000e+00
1.080e+01 3.809e-01 0.000e+00
1.090e+01 3.794e-01 0.000e+00
1.100e+01 3.811e-01 0.000e+00
1.110e+01 4.066e-01 0.000e+00
1.120e+01 4.156e-01 0.000e+00
1.130e+01 3.939e-01 0.000e+00
1.140e+01 3.639e-01 0.000e+00
1.150e+01 3.359e-01 0.000e+00
1.160e+01 2.991e-01 0.000e+00
1.170e+01 3.409e-01 0.000e+00
1.180e+01 3.445e-01 0.000e+00
1.190e+01 2.928e-01 0.000e+00
1.200e+01 3.534e-01 0.000e+00
1.210e+01 3.687e-01 0.000e+00
1.220e+01 3.756e-01 0.000e+00
1.230e+01 3.293e-01 0.000e+00
1.240e+01 3.944e-01 0.000e+00
1.250e+01 3.535e-01 0.000e+00
1.260e+01 3.959e-01 0.000e+00
1.270e+01 3.471e-01 0.000e+00
1.280e+01 3.635e-01 0.000e+00
1.290e+01 4.208e-01 0.000e+00
1.300e+01 3.266e-01 0.000e+00
1.310e+01 3.496e-01 0.000e+00
1.320e+01 3.406e-01 0.000e+00
1.330e+01 3.718e-01 0.000e+00
1.340e+01 4.158e-01 0.000e+00
1.350e+01 3.787e-01 0.000e+00
1.360e+01 3.671e-01 0.000e+00
1.370e+01 3.805e-01 0.000e+00
1.380e+01 2.994e-01 0.000e+00
1.390e+01 3.665e-01 0.000e+00
1.400e+01 3.018e-01 0.000e+00
1.410e+01 2.690e-01 0.000e+00
1.420e+01 2.887e-01 0.000e+00
1.430e+01 2.989e-01 0.000e+00
1.440e+01 3.002e-01 0.000e+00
1.450e+01 2.763e-01 0.000e+00
1.460e+01 2.549e-01 0.000e+00
1.470e+01 2.956e-01 0.000e+00
1.480e+01 3.737e-01 0.000e+00
1.490e+01 3.267e-01 0.000e+00
1.500e+01 3.735e-01 0.000e+00
1.510e+01 3.407e-01 0.000e+00
1.520e+01 3.190e-01 0.000e+00
1.530e+01 2.905e-01 0.000e+00
1.540e+01 2.253e-01 0.000e+00
1.550e+01 2.847e-01 0.000e+00
1.560e+01 3.243e-01 0.000e+00
1.570e+01 3.591e-01 0.000e+00
1.580e+01 3.726e-01 0.000e+00
1.590e+01 2.995e-01 0.000e+00
1.600e+01 2.773e-01 0.000e+00
1.610e+01 3.149e-01 0.000e+00
1.620e+01 3.483e-01 0.000e+00
1.630e+01 3.399e-01 0.000e+00
1.640e+01 3.466e-01 0.000e+00
1.650e+01 3.578e-01 0.000e+00
1.660e+01 3.143e-01 0.000e+00
1.670e+01 3.410e-01 0.000e+00
1.680e+01 3.355e-01 0.000e+00
1.690e+01 3.829e-01 0.000e+00
1.700e+01 3.564e-01 0.000e+00
1.710e+01 3.496e-01 0.000e+00
1.720e+01 2.894e-01 0.000e+00
1.730e+01 2.865e-01 0.000e+00
1.740e+01 2.873e-01 0.000e+00
1.750e+01 2.845e-01 0.000e+00
1.760e+01 2.574e-01 0.000e+00
1.770e+01 2.659e-01 0.000e+00
1.780e+01 2.652e-01 0.000e+00
1.790e+01 2.976e-01 0.000e+00
1.800e+01 2.880e-01 0.000e+00
1.810e+01 2.812e-01 0.000e+00
1.820e+01 3.022e-01 0.000e+00
1.830e+01 2.598e-01 0.000e+00
1.840e+01 2.090e-01 0.000e+00
1.850e+01 2.023e-01 0.000e+00
1.860e+01 2.313e-01 0.000e+00
1.870e+01 2.291e-01 0.000e+00
1.880e+01 2.069e-01 0.000e+00
1.890e+01 2.253e-01 0.000e+00
1.900e+01 2.342e-01 0.000e+00
1.910e+01 2.044e-01 0.000e+00
1.920e+01 2.455e-01 0.000e+00
1.930e+01 2.402e-01 0.000e+00
1.940e+01 2.525e-01 0.000e+00
1.950e+01 2.858e-01 0.000e+00
1.960e+01 2.930e-01 0.000e+00
1.970e+01 2.859e-01 0.000e+00
1.980e+01 2.611e-01 0.000e+00
1.990e+01 2.890e-01 0.000e+00
2.000e+01 2.807e-01 0.000e+00
2.010e+01 2.561e-01 0.000e+00
2.020e+01 2.580e-01 0.000e+00
2.030e+01 2.694e-01 0.000e+00
2.040e+01 3.198e-01 0.000e+00
2.050e+01 2.494e-01 0.000e+00
2.060e+01 2.876e-01 0.000e+00
2.070e+01 3.101e-01 0.000e+00
2.080e+01 2.824e-01 0.000e+00
2.090e+01 2.666e-01 0.000e+00
2.100e+01 2.923e-01 0.000e+00
2.110e+01 2.712e-01 0.000e+00
2.120e+01 2.171e-01 0.000e+00
2.130e+01 2.400e-01 0.000e+00
2.140e+01 2.284e-01 0.000e+00
2.150e+01 1.944e-01 0.000e+00
2.160e+01 2.007e-01 0.000e+00
2.170e+01 2.157e-01 0.000e+00
2.180e+01 2.142e-01 0.000e+00
2.190e+01 2.156e-01 0.000e+00
2.200e+01 2.030e-01 0.000e+00
2.210e+01 1.853e-01 0.000e+00
2.220e+01 1.858e-01 0.000e+00
2.230e+01 1.788e-01 0.000e+00
2.240e+01 1.593e-01 0.000e+00
2.250e+01 1.736e-01 0.000e+00
2.260e+01 1.589e-01 0.000e+00
2.270e+01 1.830e-01 0.000e+00
2.280e+01 1.791e-01 0.000e+00
2.290e+01 1.609e-01 0.000e+00
2.300e+01 1.594e-01 0.000e+00
2.310e+01 1.539e-01 0.000e+00
2.320e+01 1.778e-01 0.000e+00
2.330e+01 1.617e-01 0.000e+00
2.340e+01 1.542e-01 0.000e+00
2.350e+01 1.737e-01 0.000e+00
2.360e+01 1.737e-01 0.000e+00
2.370e+01 1.473e-01 0.000e+00
2.380e+01 1.861e-01 0.000e+00
2.390e+01 1.895e-01 0.000e+00
2.400e+01 1.619e-01 0.000e+00
2.410e+01 1.551e-01 0.000e+00
2.420e+01 1.685e-01 0.000e+00
2.430e+01 1.443e-01 0.000e+00
2.440e+01 1.579e-01 0.000e+00
2.450e+01 1.853e-01 0.000e+00
2.460e+01 1.845e-01 0.000e+00
2.470e+01 1.772e-01 0.000e+00
2.480e+01 1.820e-01 0.000e+00
2.490e+01 1.886e-01 0.000e+00
2.500e+01 1.757e-01 0.000e+00
2.510e+01 1.670e-01 0.000e+00
2.520e+01 1.603e-01 0.000e+00
2.530e+01 1.551e-01 0.000e+00
2.540e+01 1.272e-01 0.000e+00
2.550e+01 1.367e-01 0.000e+00
2.560e+01 1.496e-01 0.000e+00
2.570e+01 1.474e-01 0.000e+00
2.580e+01 1.507e-01 0.000e+00
2.590e+01 1.557e-01 0.000e+00
2.600e+01 1.367e-01 0.000e+00
2.610e+01 1.648e-01 0.000e+00
2.620e+01 1.580e-01 0.000e+00
2.630e+01 1.731e-01 0.000e+00
2.640e+01 1.461e-01 0.000e+00
2.650e+01 1.379e-01 0.000e+00
2.660e+01 1.371e-01 0.000e+00
2.670e+01 1.461e-01 0.000e+00
2.680e+01 1.591e-01 0.000e+00
2.690e+01 1.420e-01 0.000e+00
2.700e+01 1.203e-01 0.000e+00
2.710e+01 1.325e-01 0.000e+00
2.720e+01 1.346e-01 0.000e+00
2.730e+01 1.454e-01 0.000e+00
2.740e+01 1.484e-01 0.000e+00
2.750e+01 1.375e-01 0.000e+00
2.760e+01 1.291e-01 0.000e+00
2.770e+01 1.393e-01 0.000e+00
2.780e+01 1.176e-01 0.000e+00
2.790e+01 1.242e-01 0.000e+00
2.800e+01 1.132e-01 0.000e+00
2.810e+01 1.378e-01 0.000e+00
2.820e+01 1.397e-01 0.000e+00
2.830e+01 1.612e-01 0.000e+00
2.840e+01 1.628e-01 0.000e+00
2.850e+01 1.305e-01 0.000e+00
2.860e+01 1.095e-01 0.000e+00
2.870e+01 1.141e-01 0.000e+00
2.880e+01 1.122e-01 0.000e+00
2.890e+01 1.130e-01 0.000e+00
2.900e+01 1.245e-01 0.000e+00
2.910e+01 1.120e-01 0.000e+00
2.920e+01 1.157e-01 0.000e+00
2.930e+01 1.318e-01 0.000e+00
2.940e+01 1.158e-01 0.000e+00
2.950e+01 1.294e-01 0.000e+00
2.960e+01 1.261e-01 0.000e+00
2.970e+01 1.433e-01 0.000e+00
2.980e+01 1.443e-01 0.000e+00
2.990e+01 1.562e-01 0.000e+00
3.000e+01 1.595e-01 0.000e+00
3.010e+01 1.324e-01 0.000e+00
3.020e+01 1.503e-01 0.000e+00
3.030e+01 1.606e-01 0.000e+00
3.040e+01 1.369e-01 0.000e+00
3.050e+01 1.281e-01 0.000e+00
3.060e+01 1.336e-01 0.000e+00
3.070e+01 1.181e-01 0.000e+00
3.080e+01 1.363e-01 0.000e+00
3.090e+01 1.320e-01 0.000e+00
3.100e+01 1.397e-01 0.000e+00
3.110e+01 1.823e-01 0.000e+00
3.120e+01 1.467e-01 0.000e+00
3.130e+01 1.663e-01 0.000e+00
3.140e+01 1.885e-01 0.000e+00
3.150e+01 1.623e-01 0.000e+00
3.160e+01 1.685e-01 0.000e+00
3.170e+01 1.684e-01 0.000e+00
3.180e+01 1.709e-01 0.000e+00
3.190e+01 2.083e-01 0.000e+00
3.200e+01 1.914e-01 0.000e+00
3.210e+01 1.889e-01 0.000e+00
3.220e+01 1.883e-01 0.000e+00
3.230e+01 1.684e-01 0.000e+00
3.240e+01 1.602e-01 0.000e+00
3.250e+01 1.902e-01 0.000e+00
3.260e+01 1.931e-01 0.000e+00
3.270e+01 1.960e-01 0.000e+00
3.280e+01 2.065e-01 0.000e+00
3.290e+01 2.036e-01 0.000e+00
3.300e+01 1.903e-01 0.000e+00
3.310e+01 1.758e-01 0.000e+00
3.320e+01 2.033e-01 0.000e+00
3.330e+01 1.874e-01 0.000e+00
3.340e+01 1.933e-01 0.000e+00
3.350e+01 2.025e-01 0.000e+00
3.360e+01 1.980e-01 0.000e+00
3.370e+01 1.812e-01 0.000e+00
3.380e+01 1.747e-01 0.000e+00
3.390e+01 1.871e-01 0.000e+00
3.400e+01 1.870e-01 0.000e+00
3.410e+01 2.054e-01 0.000e+00
3.420e+01 1.978e-01 0.000e+00
3.430e+01 1.975e-01 0.000e+00
3.440e+01 1.697e-01 0.000e+00
3.450e+01 1.846e-01 0.000e+00
3.460e+01 1.766e-01 0.000e+00
3.470e+01 1.948e-01 0.000e+00
3.480e+01 1.805e-01 0.000e+00
3.490e+01 1.876e-01 0.000e+00
3.500e+01 1.849e-01 0.000e+00
3.510e+01 1.845e-01 0.000e+00
3.520e+01 1.745e-01 0.000e+00
3.530e+01 1.657e-01 0.000e+00
3.540e+01 1.761e-01 0.000e+00
3.550e+01 1.535e-01 0.000e+00
3.560e+01 1.552e-01 0.000e+00
3.570e+01 1.715e-01 0.000e+00
3.580e+01 1.456e-01 0.000e+00
3.590e+01 1.639e-01 0.000e+00
3.600e+01 1.761e-01 0.000e+00
3.610e+01 1.543e-01 0.000e+00
3.620e+01 1.743e-01 0.000e+00
3.630e+01 1.604e-01 0.000e+00
3.640e+01 1.541e-01 0.000e+00
3.650e+01 1.573e-01 0.000e+00
3.660e+01 1.452e-01 0.000e+00
3.670e+01 1.491e-01 0.000e+00
3.680e+01 1.397e-01 0.000e+00
3.690e+01 1.560e-01 0.000e+00
3.700e+01 1.806e-01 0.000e+00
3.710e+01 1.733e-01 0.000e+00
3.720e+01 1.592e-01 0.000e+00
3.730e+01 1.641e-01 0.000e+00
3.740e+01 1.626e-01 0.000e+00
3.750e+01 1.382e-01 0.000e+00
3.760e+01 1.448e-01 0.000e+00
3.770e+01 1.286e-01 0.000e+00
3.780e+01 1.500e-01 0.000e+00
3.790e+01 1.512e-01 0.000e+00
3.800e+01 1.691e-01 0.000e+00
3.810e+01 1.479e-01 0.000e+00
3.820e+01 1.691e-01 0.000e+00
3.830e+01 1.548e-01 0.000e+00
3.840e+01 1.666e-01 0.000e+00
3.850e+01 1.473e-01 0.000e+00
3.860e+01 1.452e-01 0.000e+00
3.870e+01 1.612e-01 0.000e+00
3.880e+01 1.635e-01 0.000e+00
3.890e+01 1.778e-01 0.000e+00
3.900e+01 1.665e-01 0.000e+00
3.910e+01 1.758e-01 0.000e+00
3.920e+01 1.691e-01 0.000e+00
3.930e+01 1.586e-01 0.000e+00
3.940e+01 1.725e-01 0.000e+00
3.950e+01 1.524e-01 0.000e+00
3.960e+01 1.429e-01 0.000e+00
3.970e+01 1.604e-01 0.000e+00
3.980e+01 1.471e-01 0.000e+00
3.990e+01 1.279e-01 0.000e+00
4.000e+01 1.412e-01 0.000e+00
4.010e+01 1.579e-01 0.000e+00
4.020e+01 1.521e-01 0.000e+00
4.030e+01 1.559e-01 0.000e+00
4.040e+01 1.546e-01 0.000e+00
4.050e+01 1.503e-01 0.000e+00
4.060e+01 1.736e-01 0.000e+00
4.070e+01 1.577e-01 0.000e+00
4.080e+01 1.577e-01 0.000e+00
4.090e+01 1.513e-01 0.000e+00
4.100e+01 1.477e-01 0.000e+00
4.110e+01 1.623e-01 0.000e+00
4.120e+01 1.671e-01 0.000e+00
4.130e+01 1.668e-01 0.000e+00
4.140e+01 1.655e-01 0.000e+00
4.150e+01 1.564e-01 0.000e+00
4.160e+01 1.751e-01 0.000e+00
4.170e+01 1.698e-01 0.000e+00
4.180e+01 1.687e-01 0.000e+00
4.190e+01 1.667e-01 0.000e+00
4.200e+01 1.879e-01 0.000e+00
4.210e+01 1.645e-01 0.000e+00
4.220e+01 1.507e-01 0.000e+00
4.230e+01 1.493e-01 0.000e+00
4.240e+01 1.469e-01 0.000e+00
4.250e+01 1.501e-01 0.000e+00
4.260e+01 1.685e-01 0.000e+00
4.270e+01 1.551e-01 0.000e+00
4.280e+01 1.582e-01 0.000e+00
4.290e+01 1.984e-01 0.000e+00
4.300e+01 1.931e-01 0.000e+00
4.310e+01 1.861e-01 0.000e+00
4.320e+01 2.006e-01 0.000e+00
4.330e+01 1.699e-01 0.000e+00
4.340e+01 1.794e-01 0.000e+00
4.350e+01 1.796e-01 0.000e+00
4.360e+01 1.702e-01 0.000e+00
4.370e+01 1.848e-01 0.000e+00
4.380e+01 1.714e-01 0.000e+00
4.390e+01 1.772e-01 0.000e+00
4.400e+01 1.519e-01 0.000e+00
4.410e+01 1.432e-01 0.000e+00
4.420e+01 1.564e-01 0.000e+00
4.430e+01 1.705e-01 0.000e+00
4.440e+01 1.633e-01 0.000e+00
4.450e+01 1.404e-01 0.000e+00
4.460e+01 1.209e-01 0.000e+00
4.470e+01 1.337e-01 0.000e+00
4.480e+01 1.452e-01 0.000e+00
4.490e+01 1.396e-01 0.000e+00
4.500e+01 1.481e-01 0.000e+00
4.510e+01 1.251e-01 0.000e+00
4.520e+01 1.281e-01 0.000e+00
4.530e+01 1.108e-01 0.000e+00
4.540e+01 1.005e-01 0.000e+00
4.550e+01 1.160e-01 0.000e+00
4.560e+01 1.005e-01 0.000e+00
4.570e+01 1.044e-01 0.000e+00
4.580e+01 1.134e-01 0.000e+00
4.590e+01 1.218e-01 0.000e+00
4.600e+01 1.272e-01 0.000e+00
4.610e+01 1.383e-01 0.000e+00
4.620e+01 1.174e-01 0.000e+00
4.630e+01 1.369e-01 0.000e+00
4.640e+01 1.340e-01 0.000e+00
4.650e+01 1.253e-01 0.000e+00
4.660e+01 1.251e-01 0.000e+00
4.670e+01 1.453e-01 0.000e+00
4.680e+01 1.308e-01 0.000e+00
4.690e+01 1.500e-01 0.000e+00
4.700e+01 1.448e-01 0.000e+00
4.710e+01 1.334e-01 0.000e+00
4.720e+01 1.259e-01 0.000e+00
4.730e+01 1.404e-01 0.000e+00
4.740e+01 1.323e-01 0.000e+00
4.750e+01 1.241e-01 0.000e+00
4.760e+01 1.376e-01 0.000e+00
4.770e+01 1.504e-01 0.000e+00
4.780e+01 1.269e-01 0.000e+00
4.790e+01 1.182e-01 0.000e+00
4.800e+01 1.151e-01 0.000e+00
4.810e+01 1.205e-01 0.000e+00
4.820e+01 1.192e-01 0.000e+00
4.830e+01 1.272e-01 0.000e+00
4.840e+01 1.117e-01 0.000e+00
4.850e+01 1.093e-01 0.000e+00
4.860e+01 9.271e-02 0.000e+00
4.870e+01 8.834e-02 0.000e+00
4.880e+01 9.151e-02 0.000e+00
4.890e+01 8.588e-02 0.000e+00
4.900e+01 8.689e-02 0.000e+00
4.910e+01 7.950e-02 0.000e+00
4.920e+01 7.895e-02 0.000e+00
4.930e+01 6.994e-02 0.000e+00
4.940e+01 7.828e-02 0.000e+00
4.950e+01 8.912e-02 0.000e+00
4.960e+01 8.676e-02 0.000e+00
4.970e+01 8.497e-02 0.000e+00
4.980e+01 8.486e-02 0.000e+00
4.990e+01 8.391e-02 0.000e+00
5.000e+01 8.502e-02 0.000e+00
5.010e+01 8.118e-02 0.000e+00
5.020e+01 7.331e-02 0.000e+00
5.030e+01 7.508e-02 0.000e+00
5.040e+01 7.230e-02 0.000e+00
5.050e+01 7.946e-02 0.000e+00
5.060e+01 9.043e-02 0.000e+00
5.070e+01 8.545e-02 0.000e+00
5.080e+01 8.350e-02 0.000e+00
5.090e+01 8.515e-02 0.000e+00
5.100e+01 7.989e-02 0.000e+00
5.110e+01 7.092e-02 0.000e+00
5.120e+01 6.630e-02 0.000e+00
5.130e+01 6.289e-02 0.000e+00
5.140e+01 7.563e-02 0.000e+00
5.150e+01 7.581e-02 0.000e+00
5.160e+01 6.783e-02 0.000e+00
5.170e+01 8.375e-02 0.000e+00
5.180e+01 8.457e-02 0.000e+00
5.190e+01 8.459e-02 0.000e+00
5.200e+01 8.922e-02 0.000e+00
5.210e+01 9.971e-02 0.000e+00
5.220e+01 8.153e-02 0.000e+00
5.230e+01 7.871e-02 0.000e+00
5.240e+01 8.901e-02 0.000e+00
5.250e+01 8.821e-02 0.000e+00
5.260e+01 9.776e-02 0.000e+00
5.270e+01 1.037e-01 0.000e+00
5.280e+01 9.456e-02 0.000e+00
5.290e+01 9.567e-02 0.000e+00
5.300e+01 1.007e-01 0.000e+00
5.310e+01 9.332e-02 0.000e+00
5.320e+01 9.267e-02 0.000e+00
5.330e+01 9.259e-02 0.000e+00
5.340e+01 9.069e-02 0.000e+00
5.350e+01 9.934e-02 0.000e+00
5.360e+01 8.782e-02 0.000e+00
5.370e+01 8.792e-02 0.000e+00
5.380e+01 8.586e-02 0.000e+00
5.390e+01 1.096e-01 0.000e+00
5.400e+01 9.726e-02 0.000e+00
5.410e+01 8.090e-02 0.000e+00
5.420e+01 8.072e-02 0.000e+00
5.430e+01 8.730e-02 0.000e+00
5.440e+01 9.584e-02 0.000e+00
5.450e+01 8.632e-02 0.000e+00
5.460e+01 1.002e-01 0.000e+00
5.470e+01 1.030e-01 0.000e+00
5.480e+01 1.165e-01 0.000e+00
5.490e+01 1.039e-01 0.000e+00
5.500e+01 1.110e-01 0.000e+00
5.510e+01 8.409e-02 0.000e+00
5.520e+01 8.820e-02 0.000e+00
5.530e+01 9.777e-02 0.000e+00
5.540e+01 9.366e-02 0.000e+00
5.550e+01 1.168e-01 0.000e+00
5.560e+01 1.077e-01 0.000e+00
5.570e+01 8.508e-02 0.000e+00
5.580e+01 1.007e-01 0.000e+00
5.590e+01 1.077e-01 0.000e+00
5.600e+01 1.056e-01 0.000e+00
5.610e+01 9.628e-02 0.000e+00
5.620e+01 1.018e-01 0.000e+00
5.630e+01 8.407e-02 0.000e+00
5.640e+01 9.400e-02 0.000e+00
5.650e+01 9.191e-02 0.000e+00
5.660e+01 9.378e-02 0.000e+00
5.670e+01 9.955e-02 0.000e+00
5.680e+01 1.147e-01 0.000e+00
5.690e+01 9.717e-02 0.000e+00
5.700e+01 9.224e-02 0.000e+00
5.710e+01 8.881e-02 0.000e+00
5.720e+01 9.544e-02 0.000e+00
5.730e+01 1.085e-01 0.000e+00
5.740e+01 1.211e-01 0.000e+00
5.750e+01 1.346e-01 0.000e+00
5.760e+01 1.170e-01 0.000e+00
5.770e+01 1.076e-01 0.000e+00
5.780e+01 1.211e-01 0.000e+00
5.790e+01 1.077e-01 0.000e+00
5.800e+01 1.184e-01 0.000e+00
5.810e+01 1.078e-01 0.000e+00
5.820e+01 1.154e-01 0.000e+00
5.830e+01 1.278e-01 0.000e+00
5.840e+01 1.756e-01 0.000e+00
5.850e+01 1.479e-01 0.000e+00
5.860e+01 1.539e-01 0.000e+00
5.870e+01 1.251e-01 0.000e+00
5.880e+01 1.365e-01 0.000e+00
5.890e+01 1.467e-01 0.000e+00
5.900e+01 1.578e-01 0.000e+00
5.910e+01 1.583e-01 0.000e+00
5.920e+01 1.708e-01 0.000e+00
5.930e+01 1.936e-01 0.000e+00
5.940e+01 1.783e-01 0.000e+00
5.950e+01 1.855e-01 0.000e+00
5.960e+01 1.916e-01 0.000e+00
5.970e+01 2.351e-01 0.000e+00
5.980e+01 1.840e-01 0.000e+00
5.990e+01 1.990e-01 0.000e+00
6.000e+01 2.127e-01 0.000e+00
6.010e+01 1.802e-01 0.000e+00
6.020e+01 1.890e-01 0.000e+00
6.030e+01 2.454e-01 0.000e+00
6.040e+01 2.224e-01 0.000e+00
6.050e+01 2.346e-01 0.000e+00
6.060e+01 2.067e-01 0.000e+00
6.070e+01 1.803e-01 0.000e+00
6.080e+01 2.086e-01 0.000e+00
6.090e+01 1.571e-01 0.000e+00
6.100e+01 1.660e-01 0.000e+00
6.110e+01 2.010e-01 0.000e+00
6.120e+01 1.630e-01 0.000e+00
6.130e+01 1.979e-01 0.000e+00
6.140e+01 2.176e-01 0.000e+00
6.150e+01 1.884e-01 0.000e+00
6.160e+01 2.416e-01 0.000e+00
6.170e+01 2.127e-01 0.000e+00
6.180e+01 1.910e-01 0.000e+00
6.190e+01 1.766e-01 0.000e+00
6.200e+01 1.914e-01 0.000e+00
6.210e+01 2.065e-01 0.000e+00
6.220e+01 2.036e-01 0.000e+00
6.230e+01 1.693e-01 0.000e+00
6.240e+01 1.627e-01 0.000e+00
6.250e+01 1.999e-01 0.000e+00
6.260e+01 2.063e-01 0.000e+00
6.270e+01 1.949e-01 0.000e+00
6.280e+01 1.857e-01 0.000e+00
6.290e+01 2.390e-01 0.000e+00
6.300e+01 2.467e-01 0.000e+00
6.310e+01 2.072e-01 0.000e+00
6.320e+01 2.042e-01 0.000e+00
6.330e+01 1.803e-01 0.000e+00
6.340e+01 1.858e-01 0.000e+00
6.350e+01 2.097e-01 0.000e+00
6.360e+01 2.263e-01 0.000e+00
6.370e+01 1.974e-01 0.000e+00
6.380e+01 2.138e-01 0.000e+00
6.390e+01 1.628e-01 0.000e+00
6.400e+01 1.847e-01 0.000e+00
6.410e+01 1.935e-01 0.000e+00
6.420e+01 2.392e-01 0.000e+00
6.430e+01 2.174e-01 0.000e+00
6.440e+01 1.989e-01 0.000e+00
6.450e+01 2.040e-01 0.000e+00
6.460e+01 2.040e-01 0.000e+00
6.470e+01 1.848e-01 0.000e+00
6.480e+01 1.705e-01 0.000e+00
6.490e+01 2.127e-01 0.000e+00
6.500e+01 1.569e-01 0.000e+00
6.510e+01 1.863e-01 0.000e+00
6.520e+01 1.630e-01 0.000e+00
6.530e+01 1.770e-01 0.000e+00
6.540e+01 1.493e-01 0.000e+00
6.550e+01 1.454e-01 0.000e+00
6.560e+01 1.568e-01 0.000e+00
6.570e+01 1.921e-01 0.000e+00
6.580e+01 1.585e-01 0.000e+00
6.590e+01 1.471e-01 0.000e+00
6.600e+01 1.672e-01 0.000e+00
6.610e+01 1.103e-01 0.000e+00
6.620e+01 1.340e-01 0.000e+00
6.630e+01 1.115e-01 0.000e+00
6.640e+01 1.177e-01 0.000e+00
6.650e+01 1.177e-01 0.000e+00
6.660e+01 1.167e-01 0.000e+00
6.670e+01 1.084e-01 0.000e+00
6.680e+01 1.230e-01 0.000e+00
6.690e+01 1.213e-01 0.000e+00
6.700e+01 1.446e-01 0.000e+00
6.710e+01 1.466e-01 0.000e+00
6.720e+01 1.155e-01 0.000e+00
6.730e+01 1.234e-01 0.000e+00
6.740e+01 1.584e-01 0.000e+00
6.750e+01 1.212e-01 0.000e+00
6.760e+01 1.238e-01 0.000e+00
6.770e+01 1.438e-01 0.000e+00
6.780e+01 1.311e-01 0.000e+00
6.790e+01 1.179e-01 0.000e+00
6.800e+01 1.189e-01 0.000e+00
6.810e+01 1.200e-01 0.000e+00
6.820e+01 1.061e-01 0.000e+00
6.830e+01 1.071e-01 0.000e+00
6.840e+01 1.129e-01 0.000e+00
6.850e+01 1.337e-01 0.000e+00
6.860e+01 1.315e-01 0.000e+00
6.870e+01 1.073e-01 0.000e+00
6.880e+01 1.229e-01 0.000e+00
6.890e+01 1.469e-01 0.000e+00
6.900e+01 1.384e-01 0.000e+00
6.910e+01 1.278e-01 0.000e+00
6.920e+01 1.268e-01 0.000e+00
6.930e+01 1.317e-01 0.000e+00
6.940e+01 1.209e-01 0.000e+00
6.950e+01 1.349e-01 0.000e+00
6.960e+01 1.232e-01 0.000e+00
6.970e+01 1.428e-01 0.000e+00
6.980e+01 1.263e-01 0.000e+00
6.990e+01 1.188e-01 0.000e+00
7.000e+01 1.212e-01 0.000e+00
7.010e+01 1.329e-01 0.000e+00
7.020e+01 1.023e-01 0.000e+00
7.030e+01 1.160e-01 0.000e+00
7.040e+01 1.380e-01 0.000e+00
7.050e+01 1.499e-01 0.000e+00
7.060e+01 1.531e-01 0.000e+00
7.070e+01 1.282e-01 0.000e+00
7.080e+01 1.088e-01 0.000e+00
7.090e+01 1.062e-01 0.000e+00
7.100e+01 1.026e-01 0.000e+00
7.110e+01 8.108e-02 0.000e+00
7.120e+01 8.686e-02 0.000e+00
7.130e+01 1.057e-01 0.000e+00
7.140e+01 9.183e-02 0.000e+00
7.150e+01 7.921e-02 0.000e+00
7.160e+01 8.826e-02 0.000e+00
7.170e+01 8.579e-02 0.000e+00
7.180e+01 7.808e-02 0.000e+00
7.190e+01 8.624e-02 0.000e+00
7.200e+01 8.376e-02 0.000e+00
7.210e+01 6.934e-02 0.000e+00
7.220e+01 8.699e-02 0.000e+00
7.230e+01 9.539e-02 0.000e+00
7.240e+01 1.041e-01 0.000e+00
7.250e+01 1.008e-01 0.000e+00
7.260e+01 7.911e-02 0.000e+00
7.270e+01 8.284e-02 0.000e+00
7.280e+01 9.377e-02 0.000e+00
7.290e+01 9.928e-02 0.000e+00
7.300e+01 1.044e-01 0.000e+00
7.310e+01 7.938e-02 0.000e+00
7.320e+01 1.001e-01 0.000e+00
7.330e+01 1.034e-01 0.000e+00
7.340e+01 9.564e-02 0.000e+00
7.350e+01 9.604e-02 0.000e+00
7.360e+01 1.009e-01 0.000e+00
7.370e+01 1.135e-01 0.000e+00
7.380e+01 1.175e-01 0.000e+00
7.390e+01 1.014e-01 0.000e+00
7.400e+01 7.140e-02 0.000e+00
7.410e+01 6.685e-02 0.000e+00
7.420e+01 8.132e-02 0.000e+00
7.430e+01 8.999e-02 0.000e+00
7.440e+01 1.042e-01 0.000e+00
7.450e+01 1.058e-01 0.000e+00
7.460e+01 1.083e-01 0.000e+00
7.470e+01 9.858e-02 0.000e+00
7.480e+01 1.044e-01 0.000e+00
7.490e+01 1.127e-01 0.000e+00
7.500e+01 1.066e-01 0.000e+00
7.510e+01 1.031e-01 0.000e+00
7.520e+01 8.449e-02 0.000e+00
7.530e+01 8.748e-02 0.000e+00
7.540e+01 7.114e-02 0.000e+00
7.550e+01 9.323e-02 0.000e+00
7.560e+01 9.285e-02 0.000e+00
7.570e+01 8.257e-02 0.000e+00
7.580e+01 8.705e-02 0.000e+00
7.590e+01 6.274e-02 0.000e+00
7.600e+01 5.778e-02 0.000e+00
7.610e+01 4.359e-02 0.000e+00
7.620e+01 4.644e-02 0.000e+00
7.630e+01 5.169e-02 0.000e+00
7.640e+01 5.634e-02 0.000e+00
7.650e+01 6.406e-02 0.000e+00
7.660e+01 5.952e-02 0.000e+00
7.670e+01 7.120e-02 0.000e+00
7.680e+01 5.951e-02 0.000e+00
7.690e+01 6.033e-02 0.000e+00
7.700e+01 6.058e-02 0.000e+00
7.710e+01 6.397e-02 0.000e+00
7.720e+01 5.480e-02 0.000e+00
7.730e+01 4.428e-02 0.000e+00
7.740e+01 4.540e-02 0.000e+00
7.750e+01 4.118e-02 0.000e+00
7.760e+01 4.297e-02 0.000e+00
7.770e+01 5.137e-02 0.000e+00
7.780e+01 3.322e-02 0.000e+00
7.790e+01 3.661e-02 0.000e+00
7.800e+01 3.294e-02 0.000e+00
7.810e+01 4.389e-02 0.000e+00
7.820e+01 4.569e-02 0.000e+00
7.830e+01 4.502e-02 0.000e+00
7.840e+01 4.197e-02 0.000e+00
7.850e+01 4.542e-02 0.000e+00
7.860e+01 4.744e-02 0.000e+00
7.870e+01 4.634e-02 0.000e+00
7.880e+01 3.441e-02 0.000e+00
7.890e+01 2.853e-02 0.000e+00
7.900e+01 2.436e-02 0.000e+00
7.910e+01 3.558e-02 0.000e+00
7.920e+01 4.218e-02 0.000e+00
7.930e+01 2.950e-02 0.000e+00
7.940e+01 2.103e-02 0.000e+00
7.950e+01 3.853e-02 0.000e+00
7.960e+01 3.293e-02 0.000e+00
7.970e+01 3.741e-02 0.000e+00
7.980e+01 3.737e-02 0.000e+00
7.990e+01 3.854e-02 0.000e+00
8.000e+01 4.226e-02 0.000e+00
8.010e+01 3.554e-02 0.000e+00
8.020e+01 2.936e-02 0.000e+00
8.030e+01 3.783e-02 0.000e+00
8.040e+01 4.412e-02 0.000e+00
8.050e+01 5.673e-02 0.000e+00
8.060e+01 6.252e-02 0.000e+00
8.070e+01 5.109e-02 0.000e+00
8.080e+01 4.301e-02 0.000e+00
8.090e+01 4.722e-02 0.000e+00
8.100e+01 4.624e-02 0.000e+00
8.110e+01 4.886e-02 0.000e+00
8.120e+01 5.024e-02 0.000e+00
8.130e+01 4.958e-02 0.000e+00
8.140e+01 5.269e-02 0.000e+00
8.150e+01 5.425e-02 0.000e+00
8.160e+01 5.555e-02 0.000e+00
8.170e+01 6.135e-02 0.000e+00
8.180e+01 6.896e-02 0.000e+00
8.190e+01 6.642e-02 0.000e+00
8.200e+01 7.642e-02 0.000e+00
8.210e+01 9.510e-02 0.000e+00
8.220e+01 6.938e-02 0.000e+00
8.230e+01 6.801e-02 0.000e+00
8.240e+01 6.922e-02 0.000e+00
8.250e+01 7.432e-02 0.000e+00
8.260e+01 9.447e-02 0.000e+00
8.270e+01 8.957e-02 0.000e+00
8.280e+01 7.750e-02 0.000e+00
8.290e+01 6.084e-02 0.000e+00
8.300e+01 4.409e-02 0.000e+00
8.310e+01 4.648e-02 0.000e+00
8.320e+01 4.573e-02 0.000e+00
8.330e+01 5.217e-02 0.000e+00
8.340e+01 4.954e-02 0.000e+00
8.350e+01 5.969e-02 0.000e+00
8.360e+01 5.035e-02 0.000e+00
8.370e+01 6.071e-02 0.000e+00
8.380e+01 6.754e-02 0.000e+00
8.390e+01 8.697e-02 0.000e+00
8.400e+01 6.503e-02 0.000e+00
8.410e+01 5.528e-02 0.000e+00
8.420e+01 6.427e-02 0.000e+00
8.430e+01 8.146e-02 0.000e+00
8.440e+01 1.022e-01 0.000e+00
8.450e+01 8.087e-02 0.000e+00
8.460e+01 9.078e-02 0.000e+00
8.470e+01 1.043e-01 0.000e+00
8.480e+01 1.196e-01 0.000e+00
8.490e+01 8.594e-02 0.000e+00
8.500e+01 1.329e-01 0.000e+00
8.510e+01 1.059e-01 0.000e+00
8.520e+01 1.131e-01 0.000e+00
8.530e+01 1.195e-01 0.000e+00
8.540e+01 1.158e-01 0.000e+00
8.550e+01 1.558e-01 0.000e+00
8.560e+01 1.458e-01 0.000e+00
8.570e+01 1.079e-01 0.000e+00
8.580e+01 1.193e-01 0.000e+00
8.590e+01 1.020e-01 0.000e+00
8.600e+01 1.084e-01 0.000e+00
8.610e+01 1.030e-01 0.000e+00
8.620e+01 1.184e-01 0.000e+00
8.630e+01 9.529e-02 0.000e+00
8.640e+01 1.050e-01 0.000e+00
8.650e+01 8.803e-02 0.000e+00
8.660e+01 9.601e-02 0.000e+00
8.670e+01 8.567e-02 0.000e+00
8.680e+01 7.835e-02 0.000e+00
8.690e+01 6.940e-02 0.000e+00
8.700e+01 8.668e-02 0.000e+00
8.710e+01 1.016e-01 0.000e+00
8.720e+01 9.298e-02 0.000e+00
8.730e+01 7.641e-02 0.000e+00
8.740e+01 7.828e-02 0.000e+00
8.750e+01 7.172e-02 0.000e+00
8.760e+01 4.791e-02 0.000e+00
8.770e+01 4.507e-02 0.000e+00
8.780e+01 5.756e-02 0.000e+00
8.790e+01 5.058e-02 0.000e+00
8.800e+01 6.089e-02 0.000e+00
8.810e+01 5.158e-02 0.000e+00
8.820e+01 6.933e-02 0.000e+00
8.830e+01 1.290e-01 0.000e+00
8.840e+01 2.042e-01 0.000e+00
8.850e+01 1.303e-01 0.000e+00
8.860e+01 1.759e-01 0.000e+00
8.870e+01 1.129e-01 0.000e+00
8.880e+01 1.325e-01 0.000e+00
8.890e+01 1.506e-01 0.000e+00
8.900e+01 1.353e-01 0.000e+00
8.910e+01 1.511e-01 0.000e+00
8.920e+01 1.322e-01 0.000e+00
8.930e+01 1.762e-01 0.000e+00
8.940e+01 1.507e-01 0.000e+00
8.950e+01 1.479e-01 0.000e+00
8.960e+01 1.103e-01 0.000e+00
8.970e+01 1.413e-01 0.000e+00
8.980e+01 1.274e-01 0.000e+00
8.990e+01 1.341e-01 0.000e+00
9.000e+01 1.533e-01 0.000e+00
9.010e+01 1.141e-01 0.000e+00
9.020e+01 1.070e-01 0.000e+00
9.030e+01 1.106e-01 0.000e+00
9.040e+01 1.593e-01 0.000e+00
9.050e+01 1.826e-01 0.000e+00
9.060e+01 1.390e-01 0.000e+00
9.070e+01 8.852e-02 0.000e+00
9.080e+01 8.416e-02 0.000e+00
9.090e+01 7.788e-02 0.000e+00
9.100e+01 8.243e-02 0.000e+00
9.110e+01 9.391e-02 0.000e+00
9.120e+01 7.047e-02 0.000e+00
9.130e+01 1.031e-01 0.000e+00
9.140e+01 1.043e-01 0.000e+00
9.150e+01 9.643e-02 0.000e+00
9.160e+01 1.095e-01 0.000e+00
9.170e+01 8.694e-02 0.000e+00
9.180e+01 7.849e-02 0.000e+00
9.190e+01 7.309e-02 0.000e+00
9.200e+01 8.692e-02 0.000e+00
9.210e+01 8.271e-02 0.000e+00
9.220e+01 8.333e-02 0.000e+00
9.230e+01 7.638e-02 0.000e+00
9.240e+01 8.193e-02 0.000e+00
9.250e+01 1.016e-01 0.000e+00
9.260e+01 1.200e-01 0.000e+00
9.270e+01 1.216e-01 0.000e+00
9.280e+01 1.022e-01 0.000e+00
9.290e+01 1.306e-01 0.000e+00
9.300e+01 1.478e-01 0.000e+00
9.310e+01 1.214e-01 0.000e+00
9.320e+01 1.223e-01 0.000e+00
9.330e+01 1.018e-01 0.000e+00
9.340e+01 1.183e-01 0.000e+00
9.350e+01 1.815e-01 0.000e+00
9.360e+01 1.637e-01 0.000e+00
9.370e+01 1.303e-01 0.000e+00
9.380e+01 1.239e-01 0.000e+00
9.390e+01 1.181e-01 0.000e+00
9.400e+01 1.214e-01 0.000e+00
9.410e+01 1.267e-01 0.000e+00
9.420e+01 1.394e-01 0.000e+00
9.430e+01 1.317e-01 0.000e+00
9.440e+01 1.386e-01 0.000e+00
9.450e+01 1.365e-01 0.000e+00
9.460e+01 1.442e-01 0.000e+00
9.470e+01 1.347e-01 0.000e+00
9.480e+01 1.190e-01 0.000e+00
9.490e+01 1.294e-01 0.000e+00
9.500e+01 1.094e-01 0.000e+00
9.510e+01 1.053e-01 0.000e+00
9.520e+01 1.155e-01 0.000e+00
9.530e+01 1.295e-01 0.000e+00
9.540e+01 1.113e-01 0.000e+00
9.550e+01 1.030e-01 0.000e+00
9.560e+01 1.202e-01 0.000e+00
9.570e+01 1.205e-01 0.000e+00
9.580e+01 1.093e-01 0.000e+00
9.590e+01 1.029e-01 0.000e+00
9.600e+01 1.155e-01 0.000e+00
9.610e+01 9.384e-02 0.000e+00
9.620e+01 1.020e-01 0.000e+00
9.630e+01 7.815e-02 0.000e+00
9.640e+01 1.074e-01 0.000e+00
9.650e+01 1.085e-01 0.000e+00
9.660e+01 1.175e-01 0.000e+00
9.670e+01 8.811e-02 0.000e+00
9.680e+01 8.222e-02 0.000e+00
9.690e+01 8.334e-02 0.000e+00
9.700e+01 1.074e-01 0.000e+00
9.710e+01 9.109e-02 0.000e+00
9.720e+01 9.925e-02 0.000e+00
9.730e+01 1.060e-01 0.000e+00
9.740e+01 1.096e-01 0.000e+00
9.750e+01 8.825e-02 0.000e+00
9.760e+01 1.307e-01 0.000e+00
9.770e+01 1.313e-01 0.000e+00
9.780e+01 1.168e-01 0.000e+00
9.790e+01 1.030e-01 0.000e+00
9.800e+01 1.308e-01 0.000e+00
9.810e+01 1.425e-01 0.000e+00
9.820e+01 1.349e-01 0.000e+00
9.830e+01 1.167e-01 0.000e+00
9.840e+01 1.125e-01 0.000e+00
9.850e+01 1.044e-01 0.000e+00
9.860e+01 1.227e-01 0.000e+00
9.870e+01 8.833e-02 0.000e+00
9.880e+01 8.425e-02 0.000e+00
9.890e+01 1.121e-01 0.000e+00
9.900e+01 9.843e-02 0.000e+00
9.910e+01 1.187e-01 0.000e+00
9.920e+01 9.879e-02 0.000e+00
9.930e+01 1.092e-01 0.000e+00
9.940e+01 1.079e-01 0.000e+00
9.950e+01 1.230e-01 0.000e+00
9.960e+01 1.108e-01 0.000e+00
9.970e+01 1.307e-01 0.000e+00
9.980e+01 1.450e-01 0.000e+00
9.990e+01 9.971e-02 0.000e+00
