# Frequency (1.0/ps)      real(fft(F_2))
0.000e+00 1.313e+02
1.000e-02 5.211e+01
2.000e-02 2.462e+01
3.000e-02 2.674e+01
4.000e-02 7.557e+00
5.000e-02 5.653e+00
6.000e-02 6.400e+00
7.000e-02 1.210e+01
8.000e-02 3.436e+00
9.000e-02 3.227e+00
1.000e-01 2.826e+00
1.100e-01 2.661e+00
1.200e-01 4.927e+00
1.300e-01 2.874e+00
1.400e-01 1.231e+00
1.500e-01 1.646e+00
1.600e-01 1.933e+00
1.700e-01 -1.571e+00
1.800e-01 -7.318e-01
1.900e-01 -5.153e-01
2.000e-01 1.467e+00
2.100e-01 1.890e-01
2.200e-01 -7.567e-01
2.300e-01 1.302e+00
2.400e-01 1.152e+00
2.500e-01 1.029e+00
2.600e-01 -4.428e-01
2.700e-01 4.698e-01
2.800e-01 8.221e-01
2.900e-01 9.527e-01
3.000e-01 1.171e+00
3.100e-01 7.400e-01
3.200e-01 6.732e-01
3.300e-01 1.410e+00
3.400e-01 7.415e-01
3.500e-01 9.314e-01
3.600e-01 6.761e-01
3.700e-01 1.223e-01
3.800e-01 -2.879e-01
3.900e-01 2.654e-01
4.000e-01 -4.282e-01
4.100e-01 4.807e-01
4.200e-01 8.438e-01
4.300e-01 3.090e-01
4.400e-01 -7.380e-02
4.500e-01 1.239e+00
4.600e-01 1.033e+00
4.700e-01 4.458e-02
4.800e-01 2.387e-01
4.900e-01 1.021e-01
5.000e-01 -3.857e-01
5.100e-01 -1.372e-01
5.200e-01 -3.728e-01
5.300e-01 -7.441e-01
5.400e-01 6.565e-01
5.500e-01 1.192e-01
5.600e-01 3.846e-01
5.700e-01 1.592e-01
5.800e-01 1.482e-01
5.900e-01 -3.389e-01
6.000e-01 3.180e-01
6.100e-01 4.470e-01
6.200e-01 5.307e-01
6.300e-01 1.085e+00
6.400e-01 3.978e-01
6.500e-01 9.153e-01
6.600e-01 1.176e+00
6.700e-01 2.122e+00
6.800e-01 1.497e+00
6.900e-01 1.411e+00
7.000e-01 1.596e+00
7.100e-01 7.248e-01
7.200e-01 8.599e-01
7.300e-01 6.553e-01
7.400e-01 9.595e-01
7.500e-01 7.727e-01
7.600e-01 4.735e-01
7.700e-01 1.162e+00
7.800e-01 1.477e+00
7.900e-01 1.321e+00
8.000e-01 8.892e-01
8.100e-01 3.414e-01
8.200e-01 5.536e-01
8.300e-01 5.816e-01
8.400e-01 1.744e+00
8.500e-01 1.077e+00
8.600e-01 8.560e-01
8.700e-01 1.254e-01
8.800e-01 7.413e-01
8.900e-01 1.368e+00
9.000e-01 1.050e+00
9.100e-01 8.639e-01
9.200e-01 1.105e+00
9.300e-01 1.196e+00
9.400e-01 3.524e-01
9.500e-01 1.194e+00
9.600e-01 8.626e-01
9.700e-01 1.993e+00
9.800e-01 1.364e+00
9.900e-01 1.758e+00
1.000e+00 1.543e+00
1.010e+00 1.536e+00
1.020e+00 1.101e+00
1.030e+00 1.467e-01
1.040e+00 9.039e-01
1.050e+00 1.180e+00
1.060e+00 7.902e-01
1.070e+00 2.912e-01
1.080e+00 5.779e-01
1.090e+00 5.168e-01
1.100e+00 1.036e+00
1.110e+00 2.504e-01
1.120e+00 8.634e-02
1.130e+00 9.095e-01
1.140e+00 5.244e-01
1.150e+00 2.109e-01
1.160e+00 6.921e-01
1.170e+00 3.430e-01
1.180e+00 4.408e-01
1.190e+00 7.552e-01
1.200e+00 2.329e-01
1.210e+00 6.967e-01
1.220e+00 6.393e-01
1.230e+00 3.313e-01
1.240e+00 6.049e-01
1.250e+00 3.272e-01
1.260e+00 8.403e-01
1.270e+00 8.513e-01
1.280e+00 4.094e-01
1.290e+00 4.756e-01
1.300e+00 6.476e-01
1.310e+00 5.460e-01
1.320e+00 9.899e-02
1.330e+00 -1.652e-02
1.340e+00 2.107e-01
1.350e+00 2.319e-01
1.360e+00 6.414e-01
1.370e+00 1.418e-01
1.380e+00 6.858e-02
1.390e+00 6.855e-01
1.400e+00 7.317e-01
1.410e+00 4.271e-02
1.420e+00 2.530e-01
1.430e+00 -2.384e-01
1.440e+00 -9.625e-02
1.450e+00 1.424e-01
1.460e+00 -2.984e-01
1.470e+00 1.111e-01
1.480e+00 3.098e-01
1.490e+00 4.692e-01
1.500e+00 1.066e+00
1.510e+00 5.750e-01
1.520e+00 6.514e-01
1.530e+00 -2.396e-01
1.540e+00 9.443e-01
1.550e+00 7.155e-01
1.560e+00 4.466e-01
1.570e+00 6.501e-01
1.580e+00 5.909e-01
1.590e+00 6.045e-01
1.600e+00 4.596e-01
1.610e+00 2.008e-01
1.620e+00 8.601e-03
1.630e+00 2.631e-01
1.640e+00 -9.780e-02
1.650e+00 6.884e-01
1.660e+00 9.461e-01
1.670e+00 8.174e-01
1.680e+00 2.639e-01
1.690e+00 1.009e+00
1.700e+00 6.034e-01
1.710e+00 5.391e-01
1.720e+00 4.505e-01
1.730e+00 7.736e-01
1.740e+00 6.899e-01
1.750e+00 4.998e-01
1.760e+00 6.043e-01
1.770e+00 -2.917e-03
1.780e+00 -4.999e-02
1.790e+00 4.357e-01
1.800e+00 1.134e+00
1.810e+00 3.069e-01
1.820e+00 3.580e-01
1.830e+00 2.580e-01
1.840e+00 1.345e-02
1.850e+00 4.657e-01
1.860e+00 2.135e-01
1.870e+00 7.836e-01
1.880e+00 6.775e-01
1.890e+00 6.627e-01
1.900e+00 5.320e-01
1.910e+00 8.116e-01
1.920e+00 7.454e-01
1.930e+00 1.257e+00
1.940e+00 4.279e-01
1.950e+00 1.320e-01
1.960e+00 6.266e-02
1.970e+00 3.152e-01
1.980e+00 4.244e-01
1.990e+00 8.649e-01
2.000e+00 1.222e+00
2.010e+00 6.308e-01
2.020e+00 4.560e-01
2.030e+00 2.009e-01
2.040e+00 7.708e-01
2.050e+00 5.874e-01
2.060e+00 4.302e-01
2.070e+00 8.017e-01
2.080e+00 8.596e-01
2.090e+00 5.834e-01
2.100e+00 6.469e-01
2.110e+00 1.008e+00
2.120e+00 1.085e+00
2.130e+00 5.505e-01
2.140e+00 7.637e-01
2.150e+00 9.358e-01
2.160e+00 8.938e-01
2.170e+00 2.103e-01
2.180e+00 3.553e-01
2.190e+00 2.127e-01
2.200e+00 7.680e-01
2.210e+00 1.203e+00
2.220e+00 1.205e+00
2.230e+00 8.829e-01
2.240e+00 6.455e-01
2.250e+00 9.089e-01
2.260e+00 9.446e-01
2.270e+00 6.562e-01
2.280e+00 3.145e-01
2.290e+00 1.344e-01
2.300e+00 2.695e-01
2.310e+00 6.475e-01
2.320e+00 8.650e-01
2.330e+00 6.551e-01
2.340e+00 6.227e-01
2.350e+00 7.283e-01
2.360e+00 8.411e-01
2.370e+00 8.305e-01
2.380e+00 5.313e-01
2.390e+00 7.521e-01
2.400e+00 8.781e-02
2.410e+00 5.230e-01
2.420e+00 7.445e-01
2.430e+00 5.773e-01
2.440e+00 7.112e-01
2.450e+00 4.114e-01
2.460e+00 2.419e-01
2.470e+00 3.860e-01
2.480e+00 5.857e-01
2.490e+00 -1.809e-01
2.500e+00 7.037e-03
2.510e+00 3.225e-01
2.520e+00 3.617e-01
2.530e+00 3.892e-01
2.540e+00 2.494e-01
2.550e+00 3.385e-01
2.560e+00 3.616e-01
2.570e+00 6.989e-01
2.580e+00 1.750e-01
2.590e+00 3.403e-01
2.600e+00 3.764e-01
2.610e+00 3.667e-01
2.620e+00 3.387e-02
2.630e+00 1.776e-01
2.640e+00 2.713e-01
2.650e+00 8.734e-01
2.660e+00 8.013e-01
2.670e+00 5.651e-01
2.680e+00 7.098e-01
2.690e+00 3.304e-01
2.700e+00 -2.816e-02
2.710e+00 6.388e-01
2.720e+00 6.368e-01
2.730e+00 7.963e-01
2.740e+00 3.155e-02
2.750e+00 3.734e-01
2.760e+00 4.002e-01
2.770e+00 3.386e-01
2.780e+00 5.055e-01
2.790e+00 3.633e-01
2.800e+00 6.990e-01
2.810e+00 5.303e-01
2.820e+00 7.525e-01
2.830e+00 6.087e-01
2.840e+00 2.515e-01
2.850e+00 2.212e-02
2.860e+00 6.085e-01
2.870e+00 4.969e-01
2.880e+00 2.253e-01
2.890e+00 5.879e-01
2.900e+00 3.610e-01
2.910e+00 1.005e+00
2.920e+00 8.001e-01
2.930e+00 9.451e-01
2.940e+00 1.464e-01
2.950e+00 5.127e-01
2.960e+00 6.879e-01
2.970e+00 8.262e-01
2.980e+00 3.211e-01
2.990e+00 4.267e-01
3.000e+00 1.014e+00
3.010e+00 7.119e-01
3.020e+00 6.912e-01
3.030e+00 5.547e-01
3.040e+00 8.625e-01
3.050e+00 7.459e-01
3.060e+00 5.305e-01
3.070e+00 2.929e-01
3.080e+00 6.549e-01
3.090e+00 5.294e-01
3.100e+00 1.808e-01
3.110e+00 1.832e-01
3.120e+00 4.545e-01
3.130e+00 1.443e-01
3.140e+00 5.867e-01
3.150e+00 4.057e-01
3.160e+00 5.160e-01
3.170e+00 2.634e-01
3.180e+00 2.596e-01
3.190e+00 6.203e-01
3.200e+00 9.586e-01
3.210e+00 6.818e-01
3.220e+00 3.790e-01
3.230e+00 6.516e-01
3.240e+00 6.778e-01
3.250e+00 2.121e-01
3.260e+00 5.982e-01
3.270e+00 6.833e-01
3.280e+00 2.134e-01
3.290e+00 4.725e-01
3.300e+00 1.771e-01
3.310e+00 6.833e-01
3.320e+00 4.948e-01
3.330e+00 7.396e-01
3.340e+00 4.358e-01
3.350e+00 6.186e-01
3.360e+00 8.507e-01
3.370e+00 2.838e-01
3.380e+00 3.980e-01
3.390e+00 3.644e-01
3.400e+00 2.176e-01
3.410e+00 5.259e-01
3.420e+00 6.666e-01
3.430e+00 7.560e-01
3.440e+00 3.586e-01
3.450e+00 5.268e-01
3.460e+00 3.018e-01
3.470e+00 3.731e-01
3.480e+00 7.053e-01
3.490e+00 7.690e-01
3.500e+00 6.700e-01
3.510e+00 7.109e-01
3.520e+00 6.364e-01
3.530e+00 2.288e-01
3.540e+00 5.464e-01
3.550e+00 7.107e-01
3.560e+00 7.425e-01
3.570e+00 7.001e-01
3.580e+00 5.513e-01
3.590e+00 8.086e-01
3.600e+00 3.984e-01
3.610e+00 4.375e-01
3.620e+00 5.724e-01
3.630e+00 5.688e-01
3.640e+00 7.086e-01
3.650e+00 6.647e-01
3.660e+00 3.259e-01
3.670e+00 5.473e-01
3.680e+00 5.272e-01
3.690e+00 6.371e-01
3.700e+00 5.500e-01
3.710e+00 5.433e-01
3.720e+00 8.734e-01
3.730e+00 8.168e-01
3.740e+00 6.900e-01
3.750e+00 3.562e-01
3.760e+00 5.605e-01
3.770e+00 1.954e-01
3.780e+00 7.550e-01
3.790e+00 6.994e-01
3.800e+00 8.367e-01
3.810e+00 6.482e-01
3.820e+00 5.464e-01
3.830e+00 4.028e-01
3.840e+00 3.705e-01
3.850e+00 3.666e-01
3.860e+00 2.998e-01
3.870e+00 5.680e-01
3.880e+00 6.458e-01
3.890e+00 5.718e-01
3.900e+00 4.179e-01
3.910e+00 7.245e-01
3.920e+00 4.904e-01
3.930e+00 5.670e-01
3.940e+00 6.740e-01
3.950e+00 5.495e-01
3.960e+00 5.186e-01
3.970e+00 1.248e-01
3.980e+00 -2.800e-02
3.990e+00 -3.799e-02
4.000e+00 3.819e-01
4.010e+00 3.432e-01
4.020e+00 6.857e-01
4.030e+00 8.045e-01
4.040e+00 6.982e-01
4.050e+00 4.572e-01
4.060e+00 8.651e-01
4.070e+00 7.935e-01
4.080e+00 6.187e-01
4.090e+00 5.787e-01
4.100e+00 3.147e-01
4.110e+00 5.336e-01
4.120e+00 3.193e-01
4.130e+00 4.927e-01
4.140e+00 4.761e-01
4.150e+00 5.338e-01
4.160e+00 2.694e-01
4.170e+00 2.017e-01
4.180e+00 3.989e-01
4.190e+00 -1.898e-02
4.200e+00 2.139e-01
4.210e+00 6.292e-01
4.220e+00 6.336e-01
4.230e+00 6.510e-01
4.240e+00 7.875e-01
4.250e+00 6.818e-01
4.260e+00 6.299e-01
4.270e+00 6.262e-01
4.280e+00 6.671e-01
4.290e+00 8.543e-01
4.300e+00 5.528e-01
4.310e+00 4.778e-01
4.320e+00 4.451e-01
4.330e+00 5.803e-01
4.340e+00 6.528e-01
4.350e+00 5.841e-01
4.360e+00 7.627e-01
4.370e+00 8.772e-01
4.380e+00 1.118e+00
4.390e+00 7.173e-01
4.400e+00 7.128e-01
4.410e+00 6.462e-01
4.420e+00 7.086e-01
4.430e+00 7.947e-01
4.440e+00 9.463e-01
4.450e+00 6.376e-01
4.460e+00 4.442e-01
4.470e+00 7.161e-01
4.480e+00 6.670e-01
4.490e+00 5.834e-01
4.500e+00 5.188e-01
4.510e+00 4.035e-01
4.520e+00 6.171e-01
4.530e+00 9.465e-01
4.540e+00 7.081e-01
4.550e+00 6.958e-01
4.560e+00 4.537e-01
4.570e+00 7.017e-01
4.580e+00 5.618e-01
4.590e+00 5.233e-01
4.600e+00 4.802e-01
4.610e+00 4.502e-01
4.620e+00 6.560e-01
4.630e+00 3.969e-01
4.640e+00 2.682e-01
4.650e+00 6.446e-01
4.660e+00 8.739e-01
4.670e+00 1.189e-01
4.680e+00 1.911e-01
4.690e+00 1.717e-01
4.700e+00 7.360e-01
4.710e+00 6.678e-01
4.720e+00 5.806e-01
4.730e+00 4.862e-01
4.740e+00 6.788e-01
4.750e+00 4.368e-01
4.760e+00 2.423e-01
4.770e+00 5.517e-01
4.780e+00 3.972e-01
4.790e+00 6.070e-01
4.800e+00 6.462e-01
4.810e+00 6.786e-01
4.820e+00 2.497e-01
4.830e+00 5.258e-01
4.840e+00 7.500e-01
4.850e+00 6.255e-01
4.860e+00 9.469e-01
4.870e+00 5.567e-01
4.880e+00 5.726e-01
4.890e+00 5.631e-01
4.900e+00 1.037e+00
4.910e+00 6.415e-01
4.920e+00 6.043e-01
4.930e+00 1.168e+00
4.940e+00 3.178e-01
4.950e+00 6.497e-01
4.960e+00 5.920e-01
4.970e+00 3.296e-01
4.980e+00 2.698e-01
4.990e+00 4.721e-01
-5.000e+00 4.800e-01
-4.990e+00 8.788e-01
-4.980e+00 9.567e-01
-4.970e+00 5.058e-01
-4.960e+00 1.916e-02
-4.950e+00 6.789e-01
-4.940e+00 7.477e-01
-4.930e+00 4.985e-01
-4.920e+00 7.535e-01
-4.910e+00 6.926e-01
-4.900e+00 6.071e-01
-4.890e+00 7.045e-01
-4.880e+00 5.033e-01
-4.870e+00 6.551e-01
-4.860e+00 1.019e+00
-4.850e+00 9.255e-01
-4.840e+00 5.163e-01
-4.830e+00 6.819e-01
-4.820e+00 6.193e-01
-4.810e+00 6.773e-01
-4.800e+00 6.109e-01
-4.790e+00 6.202e-01
-4.780e+00 3.588e-01
-4.770e+00 5.386e-01
-4.760e+00 5.549e-01
-4.750e+00 8.298e-01
-4.740e+00 7.754e-01
-4.730e+00 4.372e-01
-4.720e+00 4.661e-01
-4.710e+00 3.593e-01
-4.700e+00 3.321e-01
-4.690e+00 1.859e-01
-4.680e+00 4.064e-01
-4.670e+00 1.393e-01
-4.660e+00 5.016e-01
-4.650e+00 2.500e-01
-4.640e+00 3.020e-01
-4.630e+00 4.212e-01
-4.620e+00 4.366e-01
-4.610e+00 3.676e-01
-4.600e+00 7.051e-01
-4.590e+00 9.475e-01
-4.580e+00 2.867e-01
-4.570e+00 4.954e-01
-4.560e+00 2.266e-01
-4.550e+00 5.043e-01
-4.540e+00 4.747e-01
-4.530e+00 7.327e-01
-4.520e+00 4.511e-01
-4.510e+00 4.736e-01
-4.500e+00 9.383e-01
-4.490e+00 7.543e-01
-4.480e+00 7.690e-01
-4.470e+00 8.698e-01
-4.460e+00 9.433e-01
-4.450e+00 9.121e-01
-4.440e+00 1.028e+00
-4.430e+00 9.317e-01
-4.420e+00 9.729e-01
-4.410e+00 8.853e-01
-4.400e+00 7.143e-01
-4.390e+00 5.307e-01
-4.380e+00 4.246e-01
-4.370e+00 6.712e-01
-4.360e+00 7.489e-01
-4.350e+00 4.077e-01
-4.340e+00 2.572e-01
-4.330e+00 4.345e-01
-4.320e+00 6.639e-01
-4.310e+00 5.000e-01
-4.300e+00 5.079e-01
-4.290e+00 6.533e-01
-4.280e+00 8.292e-01
-4.270e+00 5.412e-01
-4.260e+00 3.285e-01
-4.250e+00 4.592e-01
-4.240e+00 2.978e-01
-4.230e+00 4.375e-01
-4.220e+00 6.630e-01
-4.210e+00 6.834e-01
-4.200e+00 6.372e-01
-4.190e+00 6.180e-01
-4.180e+00 6.324e-01
-4.170e+00 2.404e-01
-4.160e+00 7.421e-02
-4.150e+00 2.894e-01
-4.140e+00 7.668e-02
-4.130e+00 -1.486e-02
-4.120e+00 2.914e-01
-4.110e+00 3.652e-01
-4.100e+00 4.185e-01
-4.090e+00 7.111e-01
-4.080e+00 7.124e-01
-4.070e+00 3.428e-01
-4.060e+00 5.859e-01
-4.050e+00 5.448e-01
-4.040e+00 2.729e-01
-4.030e+00 1.581e-01
-4.020e+00 6.148e-01
-4.010e+00 4.869e-01
-4.000e+00 3.044e-01
-3.990e+00 1.622e-01
-3.980e+00 3.140e-01
-3.970e+00 1.446e-01
-3.960e+00 4.304e-02
-3.950e+00 2.102e-01
-3.940e+00 4.330e-02
-3.930e+00 4.515e-01
-3.920e+00 3.070e-01
-3.910e+00 1.440e-01
-3.900e+00 6.126e-01
-3.890e+00 7.423e-01
-3.880e+00 8.305e-01
-3.870e+00 5.674e-01
-3.860e+00 8.513e-01
-3.850e+00 7.974e-01
-3.840e+00 6.447e-01
-3.830e+00 6.943e-01
-3.820e+00 3.941e-01
-3.810e+00 6.788e-01
-3.800e+00 4.629e-01
-3.790e+00 4.177e-01
-3.780e+00 4.448e-01
-3.770e+00 4.527e-01
-3.760e+00 2.645e-01
-3.750e+00 3.893e-01
-3.740e+00 3.623e-01
-3.730e+00 -1.502e-01
-3.720e+00 1.473e-02
-3.710e+00 5.444e-01
-3.700e+00 2.839e-01
-3.690e+00 5.351e-01
-3.680e+00 6.912e-01
-3.670e+00 3.874e-01
-3.660e+00 1.997e-01
-3.650e+00 6.165e-01
-3.640e+00 3.618e-01
-3.630e+00 4.452e-01
-3.620e+00 4.735e-01
-3.610e+00 5.092e-01
-3.600e+00 5.124e-01
-3.590e+00 5.365e-01
-3.580e+00 9.171e-01
-3.570e+00 5.247e-01
-3.560e+00 7.278e-01
-3.550e+00 7.703e-01
-3.540e+00 7.046e-01
-3.530e+00 3.341e-01
-3.520e+00 8.865e-02
-3.510e+00 4.643e-02
-3.500e+00 4.579e-01
-3.490e+00 8.120e-02
-3.480e+00 3.083e-02
-3.470e+00 2.463e-01
-3.460e+00 8.481e-01
-3.450e+00 9.056e-01
-3.440e+00 9.484e-01
-3.430e+00 7.645e-01
-3.420e+00 4.834e-01
-3.410e+00 5.112e-02
-3.400e+00 -2.008e-01
-3.390e+00 -1.614e-01
-3.380e+00 3.614e-02
-3.370e+00 8.004e-02
-3.360e+00 1.064e-01
-3.350e+00 9.229e-02
-3.340e+00 -4.198e-02
-3.330e+00 4.087e-01
-3.320e+00 6.799e-01
-3.310e+00 6.490e-01
-3.300e+00 -1.015e-01
-3.290e+00 5.327e-01
-3.280e+00 7.419e-01
-3.270e+00 5.645e-01
-3.260e+00 1.178e-01
-3.250e+00 5.328e-01
-3.240e+00 3.616e-01
-3.230e+00 3.373e-01
-3.220e+00 3.940e-01
-3.210e+00 3.435e-01
-3.200e+00 7.047e-01
-3.190e+00 3.029e-01
-3.180e+00 4.622e-01
-3.170e+00 2.302e-01
-3.160e+00 5.510e-01
-3.150e+00 3.338e-01
-3.140e+00 4.651e-01
-3.130e+00 1.630e-01
-3.120e+00 6.836e-01
-3.110e+00 8.150e-01
-3.100e+00 6.552e-01
-3.090e+00 4.694e-01
-3.080e+00 2.933e-01
-3.070e+00 3.718e-01
-3.060e+00 3.716e-01
-3.050e+00 4.925e-01
-3.040e+00 3.104e-01
-3.030e+00 2.711e-01
-3.020e+00 5.892e-01
-3.010e+00 5.778e-01
-3.000e+00 3.284e-01
-2.990e+00 7.732e-01
-2.980e+00 5.830e-01
-2.970e+00 5.817e-01
-2.960e+00 3.761e-01
-2.950e+00 3.612e-01
-2.940e+00 8.303e-01
-2.930e+00 8.692e-01
-2.920e+00 7.167e-01
-2.910e+00 5.325e-01
-2.900e+00 7.696e-01
-2.890e+00 3.822e-01
-2.880e+00 5.405e-01
-2.870e+00 5.067e-01
-2.860e+00 3.921e-02
-2.850e+00 2.564e-01
-2.840e+00 4.147e-01
-2.830e+00 3.060e-01
-2.820e+00 5.882e-01
-2.810e+00 6.671e-01
-2.800e+00 9.814e-01
-2.790e+00 1.003e+00
-2.780e+00 5.830e-01
-2.770e+00 2.743e-01
-2.760e+00 4.590e-01
-2.750e+00 4.088e-01
-2.740e+00 2.592e-01
-2.730e+00 2.272e-01
-2.720e+00 5.454e-01
-2.710e+00 7.377e-01
-2.700e+00 6.105e-01
-2.690e+00 8.365e-01
-2.680e+00 9.777e-01
-2.670e+00 9.818e-01
-2.660e+00 7.345e-01
-2.650e+00 6.055e-01
-2.640e+00 8.084e-01
-2.630e+00 7.401e-01
-2.620e+00 7.589e-01
-2.610e+00 6.028e-01
-2.600e+00 5.358e-01
-2.590e+00 2.434e-01
-2.580e+00 3.694e-01
-2.570e+00 4.593e-01
-2.560e+00 8.586e-01
-2.550e+00 3.081e-01
-2.540e+00 2.133e-01
-2.530e+00 3.678e-01
-2.520e+00 5.514e-01
-2.510e+00 1.101e+00
-2.500e+00 1.003e+00
-2.490e+00 9.440e-01
-2.480e+00 7.768e-01
-2.470e+00 4.365e-01
-2.460e+00 8.298e-02
-2.450e+00 2.432e-01
-2.440e+00 4.887e-01
-2.430e+00 6.722e-01
-2.420e+00 5.029e-01
-2.410e+00 5.926e-01
-2.400e+00 4.202e-01
-2.390e+00 2.937e-01
-2.380e+00 7.296e-01
-2.370e+00 6.669e-01
-2.360e+00 1.059e+00
-2.350e+00 6.037e-01
-2.340e+00 3.591e-01
-2.330e+00 2.584e-01
-2.320e+00 4.270e-01
-2.310e+00 7.773e-01
-2.300e+00 5.965e-01
-2.290e+00 6.518e-01
-2.280e+00 4.960e-01
-2.270e+00 6.187e-01
-2.260e+00 9.304e-01
-2.250e+00 7.758e-01
-2.240e+00 4.569e-01
-2.230e+00 7.769e-01
-2.220e+00 4.789e-01
-2.210e+00 8.638e-01
-2.200e+00 2.440e-01
-2.190e+00 4.069e-01
-2.180e+00 4.033e-01
-2.170e+00 3.460e-01
-2.160e+00 6.040e-01
-2.150e+00 3.808e-01
-2.140e+00 4.545e-01
-2.130e+00 8.833e-01
-2.120e+00 9.141e-01
-2.110e+00 1.032e+00
-2.100e+00 1.224e+00
-2.090e+00 1.282e+00
-2.080e+00 1.245e+00
-2.070e+00 1.244e+00
-2.060e+00 1.052e+00
-2.050e+00 1.079e+00
-2.040e+00 1.139e+00
-2.030e+00 7.964e-01
-2.020e+00 6.156e-01
-2.010e+00 6.625e-01
-2.000e+00 4.062e-01
-1.990e+00 4.819e-01
-1.980e+00 8.596e-01
-1.970e+00 6.729e-01
-1.960e+00 3.219e-01
-1.950e+00 5.694e-01
-1.940e+00 1.012e+00
-1.930e+00 5.205e-01
-1.920e+00 8.932e-01
-1.910e+00 7.091e-01
-1.900e+00 5.664e-01
-1.890e+00 3.468e-03
-1.880e+00 5.872e-01
-1.870e+00 6.992e-01
-1.860e+00 9.292e-01
-1.850e+00 7.899e-01
-1.840e+00 3.637e-01
-1.830e+00 8.148e-01
-1.820e+00 2.994e-01
-1.810e+00 6.179e-01
-1.800e+00 1.149e-01
-1.790e+00 2.447e-01
-1.780e+00 4.761e-01
-1.770e+00 1.167e-01
-1.760e+00 6.311e-01
-1.750e+00 4.725e-01
-1.740e+00 2.552e-01
-1.730e+00 3.765e-01
-1.720e+00 4.891e-01
-1.710e+00 3.973e-01
-1.700e+00 6.721e-01
-1.690e+00 8.522e-01
-1.680e+00 3.954e-01
-1.670e+00 1.897e-01
-1.660e+00 2.108e-01
-1.650e+00 6.834e-01
-1.640e+00 1.660e-01
-1.630e+00 2.310e-01
-1.620e+00 2.104e-01
-1.610e+00 5.871e-01
-1.600e+00 3.735e-01
-1.590e+00 8.717e-01
-1.580e+00 7.685e-01
-1.570e+00 7.247e-01
-1.560e+00 1.293e+00
-1.550e+00 6.774e-01
-1.540e+00 4.082e-01
-1.530e+00 4.409e-01
-1.520e+00 8.588e-01
-1.510e+00 6.302e-01
-1.500e+00 9.926e-01
-1.490e+00 5.946e-01
-1.480e+00 9.342e-02
-1.470e+00 5.651e-01
-1.460e+00 1.054e+00
-1.450e+00 6.272e-01
-1.440e+00 7.697e-01
-1.430e+00 9.535e-01
-1.420e+00 9.659e-01
-1.410e+00 1.718e+00
-1.400e+00 1.709e+00
-1.390e+00 4.727e-01
-1.380e+00 8.851e-01
-1.370e+00 4.543e-01
-1.360e+00 9.724e-01
-1.350e+00 6.994e-01
-1.340e+00 6.915e-01
-1.330e+00 4.920e-01
-1.320e+00 4.143e-01
-1.310e+00 6.395e-01
-1.300e+00 8.452e-01
-1.290e+00 6.572e-01
-1.280e+00 3.396e-01
-1.270e+00 6.630e-01
-1.260e+00 5.604e-01
-1.250e+00 8.597e-01
-1.240e+00 5.896e-01
-1.230e+00 3.514e-01
-1.220e+00 -1.482e-01
-1.210e+00 -2.501e-02
-1.200e+00 1.642e+00
-1.190e+00 2.984e-01
-1.180e+00 9.301e-01
-1.170e+00 8.505e-01
-1.160e+00 -2.062e-01
-1.150e+00 1.347e-01
-1.140e+00 5.174e-01
-1.130e+00 1.080e+00
-1.120e+00 7.685e-01
-1.110e+00 2.876e-01
-1.100e+00 5.231e-01
-1.090e+00 6.477e-01
-1.080e+00 5.040e-02
-1.070e+00 2.873e-01
-1.060e+00 8.226e-01
-1.050e+00 1.401e+00
-1.040e+00 9.786e-01
-1.030e+00 8.765e-01
-1.020e+00 8.963e-01
-1.010e+00 1.593e-01
-1.000e+00 2.094e-01
-9.900e-01 2.858e-01
-9.800e-01 3.323e-02
-9.700e-01 -1.544e-01
-9.600e-01 6.500e-01
-9.500e-01 6.237e-01
-9.400e-01 8.235e-01
-9.300e-01 1.199e+00
-9.200e-01 1.589e+00
-9.100e-01 9.007e-01
-9.000e-01 1.902e-01
-8.900e-01 1.433e-01
-8.800e-01 3.277e-01
-8.700e-01 -1.366e-01
-8.600e-01 2.834e-01
-8.500e-01 2.750e-02
-8.400e-01 4.811e-02
-8.300e-01 4.499e-01
-8.200e-01 -1.012e-02
-8.100e-01 9.491e-01
-8.000e-01 6.357e-01
-7.900e-01 1.437e+00
-7.800e-01 5.375e-01
-7.700e-01 4.270e-01
-7.600e-01 -8.533e-02
-7.500e-01 3.006e-01
-7.400e-01 2.060e-01
-7.300e-01 1.969e-01
-7.200e-01 4.405e-01
-7.100e-01 8.054e-01
-7.000e-01 1.441e+00
-6.900e-01 1.186e+00
-6.800e-01 8.331e-01
-6.700e-01 -4.885e-01
-6.600e-01 1.341e-01
-6.500e-01 6.852e-01
-6.400e-01 9.024e-01
-6.300e-01 1.591e+00
-6.200e-01 -9.313e-02
-6.100e-01 3.898e-01
-6.000e-01 1.381e+00
-5.900e-01 1.063e+00
-5.800e-01 1.074e-01
-5.700e-01 5.934e-01
-5.600e-01 1.549e+00
-5.500e-01 8.709e-01
-5.400e-01 4.981e-01
-5.300e-01 2.027e-01
-5.200e-01 1.332e+00
-5.100e-01 9.342e-01
-5.000e-01 1.147e+00
-4.900e-01 1.401e+00
-4.800e-01 1.544e+00
-4.700e-01 1.636e+00
-4.600e-01 4.992e-01
-4.500e-01 5.370e-01
-4.400e-01 -4.005e-02
-4.300e-01 6.895e-01
-4.200e-01 3.663e-01
-4.100e-01 -2.891e-01
-4.000e-01 1.532e+00
-3.900e-01 1.716e+00
-3.800e-01 1.919e+00
-3.700e-01 6.936e-01
-3.600e-01 7.779e-01
-3.500e-01 1.765e+00
-3.400e-01 1.468e+00
-3.300e-01 1.714e+00
-3.200e-01 -1.861e-01
-3.100e-01 -1.153e-01
-3.000e-01 -7.099e-01
-2.900e-01 1.149e+00
-2.800e-01 6.902e-01
-2.700e-01 1.153e+00
-2.600e-01 1.215e+00
-2.500e-01 1.035e+00
-2.400e-01 2.327e+00
-2.300e-01 1.685e+00
-2.200e-01 2.657e+00
-2.100e-01 6.925e-01
-2.000e-01 1.083e+00
-1.900e-01 1.207e-01
-1.800e-01 -3.135e-01
-1.700e-01 1.766e+00
-1.600e-01 6.220e-01
-1.500e-01 3.349e+00
-1.400e-01 2.801e+00
-1.300e-01 1.595e+00
-1.200e-01 5.456e+00
-1.100e-01 5.657e+00
-1.000e-01 3.312e+00
-9.000e-02 1.795e+00
-8.000e-02 5.490e+00
-7.000e-02 6.384e+00
-6.000e-02 1.843e+00
-5.000e-02 6.324e+00
-4.000e-02 1.123e+01
-3.000e-02 1.966e+01
-2.000e-02 3.042e+01
-1.000e-02 5.428e+01
