# Time (ps)      real(F_0)      im(F_0)
0.000e+00 1.000e+00 0.000e+00
1.000e-01 9.095e-01 0.000e+00
2.000e-01 8.113e-01 0.000e+00
3.000e-01 8.435e-01 0.000e+00
4.000e-01 7.724e-01 0.000e+00
5.000e-01 7.571e-01 0.000e+00
6.000e-01 7.048e-01 0.000e+00
7.000e-01 6.934e-01 0.000e+00
8.000e-01 6.575e-01 0.000e+00
9.000e-01 7.012e-01 0.000e+00
1.000e+00 6.370e-01 0.000e+00
1.100e+00 6.084e-01 0.000e+00
1.200e+00 6.634e-01 0.000e+00
1.300e+00 6.381e-01 0.000e+00
1.400e+00 6.045e-01 0.000e+00
1.500e+00 5.857e-01 0.000e+00
1.600e+00 5.728e-01 0.000e+00
1.700e+00 5.800e-01 0.000e+00
1.800e+00 5.116e-01 0.000e+00
1.900e+00 5.018e-01 0.000e+00
2.000e+00 5.552e-01 0.000e+00
2.100e+00 5.075e-01 0.000e+00
2.200e+00 4.554e-01 0.000e+00
2.300e+00 4.648e-01 0.000e+00
2.400e+00 5.068e-01 0.000e+00
2.500e+00 4.827e-01 0.000e+00
2.600e+00 4.207e-01 0.000e+00
2.700e+00 4.417e-01 0.000e+00
2.800e+00 4.445e-01 0.000e+00
2.900e+00 4.529e-01 0.000e+00
3.000e+00 4.107e-01 0.000e+00
3.100e+00 4.322e-01 0.000e+00
3.200e+00 4.340e-01 0.000e+00
3.300e+00 4.550e-01 0.000e+00
3.400e+00 4.362e-01 0.000e+00
3.500e+00 4.364e-01 0.000e+00
3.600e+00 4.678e-01 0.000e+00
3.700e+00 4.469e-01 0.000e+00
3.800e+00 4.124e-01 0.000e+00
3.900e+00 3.835e-01 0.000e+00
4.000e+00 4.339e-01 0.000e+00
4.100e+00 4.559e-01 0.000e+00
4.200e+00 4.116e-01 0.000e+00
4.300e+00 3.812e-01 0.000e+00
4.400e+00 3.977e-01 0.000e+00
4.500e+00 4.343e-01 0.000e+00
4.600e+00 3.701e-01 0.000e+00
4.700e+00 3.590e-01 0.000e+00
4.800e+00 3.474e-01 0.000e+00
4.900e+00 3.540e-01 0.000e+00
5.000e+00 3.527e-01 0.000e+00
5.100e+00 3.327e-01 0.000e+00
5.200e+00 3.278e-01 0.000e+00
5.300e+00 3.301e-01 0.000e+00
5.400e+00 3.453e-01 0.000e+00
5.500e+00 3.364e-01 0.000e+00
5.600e+00 3.159e-01 0.000e+00
5.700e+00 2.916e-01 0.000e+00
5.800e+00 2.851e-01 0.000e+00
5.900e+00 2.662e-01 0.000e+00
6.000e+00 2.368e-01 0.000e+00
6.100e+00 2.604e-01 0.000e+00
6.200e+00 2.421e-01 0.000e+00
6.300e+00 2.428e-01 0.000e+00
6.400e+00 2.063e-01 0.000e+00
6.500e+00 2.007e-01 0.000e+00
6.600e+00 1.946e-01 0.000e+00
6.700e+00 1.993e-01 0.000e+00
6.800e+00 2.014e-01 0.000e+00
6.900e+00 1.996e-01 0.000e+00
7.000e+00 2.141e-01 0.000e+00
7.100e+00 1.898e-01 0.000e+00
7.200e+00 1.921e-01 0.000e+00
7.300e+00 1.575e-01 0.000e+00
7.400e+00 1.511e-01 0.000e+00
7.500e+00 1.746e-01 0.000e+00
7.600e+00 1.594e-01 0.000e+00
7.700e+00 1.771e-01 0.000e+00
7.800e+00 2.009e-01 0.000e+00
7.900e+00 1.778e-01 0.000e+00
8.000e+00 1.927e-01 0.000e+00
8.100e+00 1.705e-01 0.000e+00
8.200e+00 1.784e-01 0.000e+00
8.300e+00 1.826e-01 0.000e+00
8.400e+00 1.436e-01 0.000e+00
8.500e+00 1.735e-01 0.000e+00
8.600e+00 1.571e-01 0.000e+00
8.700e+00 1.764e-01 0.000e+00
8.800e+00 1.786e-01 0.000e+00
8.900e+00 1.816e-01 0.000e+00
9.000e+00 1.638e-01 0.000e+00
9.100e+00 1.351e-01 0.000e+00
9.200e+00 1.484e-01 0.000e+00
9.300e+00 1.272e-01 0.000e+00
9.400e+00 1.115e-01 0.000e+00
9.500e+00 1.274e-01 0.000e+00
9.600e+00 1.299e-01 0.000e+00
9.700e+00 1.106e-01 0.000e+00
9.800e+00 1.284e-01 0.000e+00
9.900e+00 1.407e-01 0.000e+00
1.000e+01 1.602e-01 0.000e+00
1.010e+01 1.627e-01 0.000e+00
1.020e+01 1.409e-01 0.000e+00
1.030e+01 1.388e-01 0.000e+00
1.040e+01 1.268e-01 0.000e+00
1.050e+01 1.834e-01 0.000e+00
1.060e+01 1.650e-01 0.000e+00
1.070e+01 1.578e-01 0.000e+00
1.080e+01 1.173e-01 0.000e+00
1.090e+01 1.174e-01 0.000e+00
1.100e+01 1.066e-01 0.000e+00
1.110e+01 1.016e-01 0.000e+00
1.120e+01 1.325e-01 0.000e+00
1.130e+01 1.476e-01 0.000e+00
1.140e+01 1.375e-01 0.000e+00
1.150e+01 1.342e-01 0.000e+00
1.160e+01 1.901e-01 0.000e+00
1.170e+01 1.822e-01 0.000e+00
1.180e+01 1.963e-01 0.000e+00
1.190e+01 2.341e-01 0.000e+00
1.200e+01 2.180e-01 0.000e+00
1.210e+01 2.486e-01 0.000e+00
1.220e+01 1.954e-01 0.000e+00
1.230e+01 2.144e-01 0.000e+00
1.240e+01 2.479e-01 0.000e+00
1.250e+01 1.835e-01 0.000e+00
1.260e+01 1.752e-01 0.000e+00
1.270e+01 1.771e-01 0.000e+00
1.280e+01 1.716e-01 0.000e+00
1.290e+01 1.640e-01 0.000e+00
1.300e+01 1.754e-01 0.000e+00
1.310e+01 1.612e-01 0.000e+00
1.320e+01 1.715e-01 0.000e+00
1.330e+01 1.600e-01 0.000e+00
1.340e+01 1.689e-01 0.000e+00
1.350e+01 1.664e-01 0.000e+00
1.360e+01 1.702e-01 0.000e+00
1.370e+01 1.620e-01 0.000e+00
1.380e+01 1.417e-01 0.000e+00
1.390e+01 1.408e-01 0.000e+00
1.400e+01 1.423e-01 0.000e+00
1.410e+01 1.482e-01 0.000e+00
1.420e+01 1.802e-01 0.000e+00
1.430e+01 1.671e-01 0.000e+00
1.440e+01 1.579e-01 0.000e+00
1.450e+01 1.641e-01 0.000e+00
1.460e+01 1.433e-01 0.000e+00
1.470e+01 1.137e-01 0.000e+00
1.480e+01 1.218e-01 0.000e+00
1.490e+01 1.205e-01 0.000e+00
1.500e+01 1.341e-01 0.000e+00
1.510e+01 1.379e-01 0.000e+00
1.520e+01 1.486e-01 0.000e+00
1.530e+01 1.796e-01 0.000e+00
1.540e+01 1.387e-01 0.000e+00
1.550e+01 1.086e-01 0.000e+00
1.560e+01 1.104e-01 0.000e+00
1.570e+01 8.831e-02 0.000e+00
1.580e+01 9.004e-02 0.000e+00
1.590e+01 1.112e-01 0.000e+00
1.600e+01 1.172e-01 0.000e+00
1.610e+01 1.295e-01 0.000e+00
1.620e+01 1.355e-01 0.000e+00
1.630e+01 1.099e-01 0.000e+00
1.640e+01 1.123e-01 0.000e+00
1.650e+01 1.149e-01 0.000e+00
1.660e+01 1.096e-01 0.000e+00
1.670e+01 1.026e-01 0.000e+00
1.680e+01 9.649e-02 0.000e+00
1.690e+01 6.769e-02 0.000e+00
1.700e+01 8.365e-02 0.000e+00
1.710e+01 8.685e-02 0.000e+00
1.720e+01 7.888e-02 0.000e+00
1.730e+01 6.989e-02 0.000e+00
1.740e+01 7.345e-02 0.000e+00
1.750e+01 7.721e-02 0.000e+00
1.760e+01 7.534e-02 0.000e+00
1.770e+01 6.438e-02 0.000e+00
1.780e+01 6.564e-02 0.000e+00
1.790e+01 6.807e-02 0.000e+00
1.800e+01 6.836e-02 0.000e+00
1.810e+01 6.952e-02 0.000e+00
1.820e+01 7.621e-02 0.000e+00
1.830e+01 6.318e-02 0.000e+00
1.840e+01 5.800e-02 0.000e+00
1.850e+01 4.590e-02 0.000e+00
1.860e+01 4.759e-02 0.000e+00
1.870e+01 4.960e-02 0.000e+00
1.880e+01 5.197e-02 0.000e+00
1.890e+01 5.201e-02 0.000e+00
1.900e+01 5.173e-02 0.000e+00
1.910e+01 5.979e-02 0.000e+00
1.920e+01 6.244e-02 0.000e+00
1.930e+01 7.003e-02 0.000e+00
1.940e+01 7.153e-02 0.000e+00
1.950e+01 8.232e-02 0.000e+00
1.960e+01 8.519e-02 0.000e+00
1.970e+01 6.957e-02 0.000e+00
1.980e+01 6.701e-02 0.000e+00
1.990e+01 7.270e-02 0.000e+00
2.000e+01 7.491e-02 0.000e+00
2.010e+01 7.038e-02 0.000e+00
2.020e+01 6.897e-02 0.000e+00
2.030e+01 6.075e-02 0.000e+00
2.040e+01 6.182e-02 0.000e+00
2.050e+01 5.858e-02 0.000e+00
2.060e+01 5.864e-02 0.000e+00
2.070e+01 5.283e-02 0.000e+00
2.080e+01 5.540e-02 0.000e+00
2.090e+01 4.998e-02 0.000e+00
2.100e+01 5.810e-02 0.000e+00
2.110e+01 5.368e-02 0.000e+00
2.120e+01 6.226e-02 0.000e+00
2.130e+01 5.586e-02 0.000e+00
2.140e+01 5.450e-02 0.000e+00
2.150e+01 4.633e-02 0.000e+00
2.160e+01 4.343e-02 0.000e+00
2.170e+01 5.323e-02 0.000e+00
2.180e+01 5.405e-02 0.000e+00
2.190e+01 4.650e-02 0.000e+00
2.200e+01 4.965e-02 0.000e+00
2.210e+01 5.323e-02 0.000e+00
2.220e+01 4.890e-02 0.000e+00
2.230e+01 5.399e-02 0.000e+00
2.240e+01 5.376e-02 0.000e+00
2.250e+01 4.485e-02 0.000e+00
2.260e+01 5.051e-02 0.000e+00
2.270e+01 5.555e-02 0.000e+00
2.280e+01 6.948e-02 0.000e+00
2.290e+01 6.584e-02 0.000e+00
2.300e+01 6.324e-02 0.000e+00
2.310e+01 5.919e-02 0.000e+00
2.320e+01 5.594e-02 0.000e+00
2.330e+01 5.017e-02 0.000e+00
2.340e+01 4.580e-02 0.000e+00
2.350e+01 5.403e-02 0.000e+00
2.360e+01 5.350e-02 0.000e+00
2.370e+01 6.192e-02 0.000e+00
2.380e+01 6.984e-02 0.000e+00
2.390e+01 6.736e-02 0.000e+00
2.400e+01 6.001e-02 0.000e+00
2.410e+01 5.525e-02 0.000e+00
2.420e+01 5.334e-02 0.000e+00
2.430e+01 5.345e-02 0.000e+00
2.440e+01 5.644e-02 0.000e+00
2.450e+01 5.022e-02 0.000e+00
2.460e+01 6.023e-02 0.000e+00
2.470e+01 6.034e-02 0.000e+00
2.480e+01 5.608e-02 0.000e+00
2.490e+01 6.193e-02 0.000e+00
2.500e+01 6.035e-02 0.000e+00
2.510e+01 6.145e-02 0.000e+00
2.520e+01 5.588e-02 0.000e+00
2.530e+01 6.403e-02 0.000e+00
2.540e+01 6.115e-02 0.000e+00
2.550e+01 5.585e-02 0.000e+00
2.560e+01 5.748e-02 0.000e+00
2.570e+01 5.386e-02 0.000e+00
2.580e+01 6.086e-02 0.000e+00
2.590e+01 6.569e-02 0.000e+00
2.600e+01 5.966e-02 0.000e+00
2.610e+01 5.534e-02 0.000e+00
2.620e+01 6.103e-02 0.000e+00
2.630e+01 5.584e-02 0.000e+00
2.640e+01 5.177e-02 0.000e+00
2.650e+01 5.079e-02 0.000e+00
2.660e+01 5.576e-02 0.000e+00
2.670e+01 5.205e-02 0.000e+00
2.680e+01 4.608e-02 0.000e+00
2.690e+01 5.768e-02 0.000e+00
2.700e+01 5.228e-02 0.000e+00
2.710e+01 5.174e-02 0.000e+00
2.720e+01 5.358e-02 0.000e+00
2.730e+01 4.904e-02 0.000e+00
2.740e+01 4.618e-02 0.000e+00
2.750e+01 4.800e-02 0.000e+00
2.760e+01 4.755e-02 0.000e+00
2.770e+01 4.610e-02 0.000e+00
2.780e+01 4.658e-02 0.000e+00
2.790e+01 4.656e-02 0.000e+00
2.800e+01 4.018e-02 0.000e+00
2.810e+01 4.456e-02 0.000e+00
2.820e+01 4.539e-02 0.000e+00
2.830e+01 4.793e-02 0.000e+00
2.840e+01 5.276e-02 0.000e+00
2.850e+01 5.368e-02 0.000e+00
2.860e+01 4.480e-02 0.000e+00
2.870e+01 4.735e-02 0.000e+00
2.880e+01 5.210e-02 0.000e+00
2.890e+01 5.107e-02 0.000e+00
2.900e+01 4.971e-02 0.000e+00
2.910e+01 5.245e-02 0.000e+00
2.920e+01 4.726e-02 0.000e+00
2.930e+01 5.571e-02 0.000e+00
2.940e+01 6.152e-02 0.000e+00
2.950e+01 6.616e-02 0.000e+00
2.960e+01 5.746e-02 0.000e+00
2.970e+01 6.365e-02 0.000e+00
2.980e+01 5.439e-02 0.000e+00
2.990e+01 5.078e-02 0.000e+00
3.000e+01 5.909e-02 0.000e+00
3.010e+01 5.298e-02 0.000e+00
3.020e+01 7.405e-02 0.000e+00
3.030e+01 7.742e-02 0.000e+00
3.040e+01 6.108e-02 0.000e+00
3.050e+01 7.598e-02 0.000e+00
3.060e+01 5.804e-02 0.000e+00
3.070e+01 3.580e-02 0.000e+00
3.080e+01 3.769e-02 0.000e+00
3.090e+01 2.640e-02 0.000e+00
3.100e+01 2.928e-02 0.000e+00
3.110e+01 3.427e-02 0.000e+00
3.120e+01 3.611e-02 0.000e+00
3.130e+01 3.462e-02 0.000e+00
3.140e+01 3.351e-02 0.000e+00
3.150e+01 2.943e-02 0.000e+00
3.160e+01 2.776e-02 0.000e+00
3.170e+01 3.088e-02 0.000e+00
3.180e+01 2.843e-02 0.000e+00
3.190e+01 3.612e-02 0.000e+00
3.200e+01 3.527e-02 0.000e+00
3.210e+01 4.327e-02 0.000e+00
3.220e+01 3.833e-02 0.000e+00
3.230e+01 3.687e-02 0.000e+00
3.240e+01 3.464e-02 0.000e+00
3.250e+01 3.279e-02 0.000e+00
3.260e+01 3.730e-02 0.000e+00
3.270e+01 3.886e-02 0.000e+00
3.280e+01 3.677e-02 0.000e+00
3.290e+01 3.448e-02 0.000e+00
3.300e+01 3.969e-02 0.000e+00
3.310e+01 3.093e-02 0.000e+00
3.320e+01 2.943e-02 0.000e+00
3.330e+01 3.373e-02 0.000e+00
3.340e+01 3.519e-02 0.000e+00
3.350e+01 3.068e-02 0.000e+00
3.360e+01 2.772e-02 0.000e+00
3.370e+01 2.906e-02 0.000e+00
3.380e+01 2.852e-02 0.000e+00
3.390e+01 2.641e-02 0.000e+00
3.400e+01 3.054e-02 0.000e+00
3.410e+01 2.838e-02 0.000e+00
3.420e+01 2.551e-02 0.000e+00
3.430e+01 2.555e-02 0.000e+00
3.440e+01 2.740e-02 0.000e+00
3.450e+01 1.816e-02 0.000e+00
3.460e+01 2.556e-02 0.000e+00
3.470e+01 3.746e-02 0.000e+00
3.480e+01 3.338e-02 0.000e+00
3.490e+01 3.853e-02 0.000e+00
3.500e+01 3.412e-02 0.000e+00
3.510e+01 3.703e-02 0.000e+00
3.520e+01 3.690e-02 0.000e+00
3.530e+01 3.135e-02 0.000e+00
3.540e+01 3.690e-02 0.000e+00
3.550e+01 3.406e-02 0.000e+00
3.560e+01 2.674e-02 0.000e+00
3.570e+01 2.537e-02 0.000e+00
3.580e+01 2.063e-02 0.000e+00
3.590e+01 1.704e-02 0.000e+00
3.600e+01 2.058e-02 0.000e+00
3.610e+01 2.112e-02 0.000e+00
3.620e+01 1.847e-02 0.000e+00
3.630e+01 1.901e-02 0.000e+00
3.640e+01 2.035e-02 0.000e+00
3.650e+01 2.163e-02 0.000e+00
3.660e+01 2.644e-02 0.000e+00
3.670e+01 2.343e-02 0.000e+00
3.680e+01 2.676e-02 0.000e+00
3.690e+01 2.742e-02 0.000e+00
3.700e+01 2.568e-02 0.000e+00
3.710e+01 2.148e-02 0.000e+00
3.720e+01 2.097e-02 0.000e+00
3.730e+01 2.384e-02 0.000e+00
3.740e+01 1.747e-02 0.000e+00
3.750e+01 1.555e-02 0.000e+00
3.760e+01 1.690e-02 0.000e+00
3.770e+01 1.801e-02 0.000e+00
3.780e+01 1.810e-02 0.000e+00
3.790e+01 2.151e-02 0.000e+00
3.800e+01 2.192e-02 0.000e+00
3.810e+01 2.322e-02 0.000e+00
3.820e+01 2.039e-02 0.000e+00
3.830e+01 2.258e-02 0.000e+00
3.840e+01 2.151e-02 0.000e+00
3.850e+01 2.147e-02 0.000e+00
3.860e+01 1.570e-02 0.000e+00
3.870e+01 1.078e-02 0.000e+00
3.880e+01 9.420e-03 0.000e+00
3.890e+01 1.055e-02 0.000e+00
3.900e+01 1.652e-02 0.000e+00
3.910e+01 1.924e-02 0.000e+00
3.920e+01 1.575e-02 0.000e+00
3.930e+01 1.424e-02 0.000e+00
3.940e+01 1.439e-02 0.000e+00
3.950e+01 1.837e-02 0.000e+00
3.960e+01 1.765e-02 0.000e+00
3.970e+01 1.400e-02 0.000e+00
3.980e+01 1.463e-02 0.000e+00
3.990e+01 1.460e-02 0.000e+00
4.000e+01 1.456e-02 0.000e+00
4.010e+01 1.638e-02 0.000e+00
4.020e+01 1.554e-02 0.000e+00
4.030e+01 1.726e-02 0.000e+00
4.040e+01 1.837e-02 0.000e+00
4.050e+01 1.813e-02 0.000e+00
4.060e+01 1.461e-02 0.000e+00
4.070e+01 1.458e-02 0.000e+00
4.080e+01 1.268e-02 0.000e+00
4.090e+01 1.439e-02 0.000e+00
4.100e+01 1.393e-02 0.000e+00
4.110e+01 1.539e-02 0.000e+00
4.120e+01 1.551e-02 0.000e+00
4.130e+01 1.606e-02 0.000e+00
4.140e+01 1.273e-02 0.000e+00
4.150e+01 1.574e-02 0.000e+00
4.160e+01 1.785e-02 0.000e+00
4.170e+01 1.614e-02 0.000e+00
4.180e+01 1.625e-02 0.000e+00
4.190e+01 1.693e-02 0.000e+00
4.200e+01 1.565e-02 0.000e+00
4.210e+01 1.807e-02 0.000e+00
4.220e+01 1.638e-02 0.000e+00
4.230e+01 1.581e-02 0.000e+00
4.240e+01 1.453e-02 0.000e+00
4.250e+01 1.473e-02 0.000e+00
4.260e+01 1.341e-02 0.000e+00
4.270e+01 1.519e-02 0.000e+00
4.280e+01 1.582e-02 0.000e+00
4.290e+01 1.553e-02 0.000e+00
4.300e+01 1.596e-02 0.000e+00
4.310e+01 1.523e-02 0.000e+00
4.320e+01 1.448e-02 0.000e+00
4.330e+01 1.461e-02 0.000e+00
4.340e+01 1.764e-02 0.000e+00
4.350e+01 1.542e-02 0.000e+00
4.360e+01 1.511e-02 0.000e+00
4.370e+01 1.779e-02 0.000e+00
4.380e+01 1.451e-02 0.000e+00
4.390e+01 1.383e-02 0.000e+00
4.400e+01 1.234e-02 0.000e+00
4.410e+01 1.207e-02 0.000e+00
4.420e+01 1.202e-02 0.000e+00
4.430e+01 1.338e-02 0.000e+00
4.440e+01 1.159e-02 0.000e+00
4.450e+01 1.258e-02 0.000e+00
4.460e+01 1.481e-02 0.000e+00
4.470e+01 1.660e-02 0.000e+00
4.480e+01 1.573e-02 0.000e+00
4.490e+01 1.173e-02 0.000e+00
4.500e+01 8.493e-03 0.000e+00
4.510e+01 7.043e-03 0.000e+00
4.520e+01 6.164e-03 0.000e+00
4.530e+01 9.880e-03 0.000e+00
4.540e+01 8.657e-03 0.000e+00
4.550e+01 9.747e-03 0.000e+00
4.560e+01 6.005e-03 0.000e+00
4.570e+01 9.288e-03 0.000e+00
4.580e+01 1.035e-02 0.000e+00
4.590e+01 1.232e-02 0.000e+00
4.600e+01 1.041e-02 0.000e+00
4.610e+01 1.278e-02 0.000e+00
4.620e+01 1.377e-02 0.000e+00
4.630e+01 1.327e-02 0.000e+00
4.640e+01 1.007e-02 0.000e+00
4.650e+01 9.570e-03 0.000e+00
4.660e+01 9.385e-03 0.000e+00
4.670e+01 7.592e-03 0.000e+00
4.680e+01 1.150e-02 0.000e+00
4.690e+01 9.972e-03 0.000e+00
4.700e+01 9.408e-03 0.000e+00
4.710e+01 4.259e-03 0.000e+00
4.720e+01 5.921e-03 0.000e+00
4.730e+01 6.396e-03 0.000e+00
4.740e+01 8.416e-03 0.000e+00
4.750e+01 1.278e-02 0.000e+00
4.760e+01 1.069e-02 0.000e+00
4.770e+01 1.478e-02 0.000e+00
4.780e+01 8.436e-03 0.000e+00
4.790e+01 8.001e-03 0.000e+00
4.800e+01 6.312e-03 0.000e+00
4.810e+01 2.039e-04 0.000e+00
4.820e+01 1.863e-03 0.000e+00
4.830e+01 3.098e-03 0.000e+00
4.840e+01 5.335e-03 0.000e+00
4.850e+01 6.942e-03 0.000e+00
4.860e+01 1.984e-03 0.000e+00
4.870e+01 2.118e-03 0.000e+00
4.880e+01 3.005e-03 0.000e+00
4.890e+01 5.036e-03 0.000e+00
4.900e+01 3.948e-03 0.000e+00
4.910e+01 3.916e-03 0.000e+00
4.920e+01 1.152e-03 0.000e+00
4.930e+01 2.354e-04 0.000e+00
4.940e+01 1.794e-04 0.000e+00
4.950e+01 2.457e-03 0.000e+00
4.960e+01 -1.671e-03 0.000e+00
4.970e+01 -2.938e-03 0.000e+00
4.980e+01 -1.702e-03 0.000e+00
4.990e+01 6.438e-03 0.000e+00
5.000e+01 7.600e-03 0.000e+00
5.010e+01 -6.934e-04 0.000e+00
5.020e+01 6.831e-03 0.000e+00
5.030e+01 9.943e-03 0.000e+00
5.040e+01 1.260e-02 0.000e+00
5.050e+01 1.781e-02 0.000e+00
5.060e+01 5.568e-03 0.000e+00
5.070e+01 1.571e-02 0.000e+00
5.080e+01 1.369e-02 0.000e+00
5.090e+01 9.088e-03 0.000e+00
5.100e+01 5.130e-04 0.000e+00
5.110e+01 1.558e-02 0.000e+00
5.120e+01 8.293e-03 0.000e+00
5.130e+01 5.988e-03 0.000e+00
5.140e+01 1.373e-02 0.000e+00
5.150e+01 1.499e-02 0.000e+00
5.160e+01 1.092e-02 0.000e+00
5.170e+01 1.271e-02 0.000e+00
5.180e+01 1.301e-02 0.000e+00
5.190e+01 1.769e-02 0.000e+00
5.200e+01 1.311e-02 0.000e+00
5.210e+01 2.469e-03 0.000e+00
5.220e+01 8.361e-03 0.000e+00
5.230e+01 1.195e-02 0.000e+00
5.240e+01 1.126e-02 0.000e+00
5.250e+01 1.301e-02 0.000e+00
5.260e+01 1.904e-02 0.000e+00
5.270e+01 1.611e-02 0.000e+00
5.280e+01 1.241e-02 0.000e+00
5.290e+01 3.144e-02 0.000e+00
5.300e+01 1.427e-02 0.000e+00
5.310e+01 1.101e-02 0.000e+00
5.320e+01 4.646e-03 0.000e+00
5.330e+01 -3.245e-03 0.000e+00
5.340e+01 6.394e-04 0.000e+00
5.350e+01 3.397e-03 0.000e+00
5.360e+01 9.099e-04 0.000e+00
5.370e+01 -9.541e-04 0.000e+00
5.380e+01 -1.824e-03 0.000e+00
5.390e+01 4.677e-03 0.000e+00
5.400e+01 8.436e-03 0.000e+00
5.410e+01 6.731e-03 0.000e+00
5.420e+01 3.523e-02 0.000e+00
5.430e+01 2.943e-02 0.000e+00
5.440e+01 2.734e-02 0.000e+00
5.450e+01 3.138e-02 0.000e+00
5.460e+01 1.818e-02 0.000e+00
5.470e+01 1.015e-02 0.000e+00
5.480e+01 6.334e-03 0.000e+00
5.490e+01 6.343e-03 0.000e+00
5.500e+01 1.690e-03 0.000e+00
5.510e+01 8.045e-03 0.000e+00
5.520e+01 1.373e-02 0.000e+00
5.530e+01 9.886e-03 0.000e+00
5.540e+01 1.674e-02 0.000e+00
5.550e+01 9.442e-03 0.000e+00
5.560e+01 1.255e-02 0.000e+00
5.570e+01 2.089e-02 0.000e+00
5.580e+01 2.059e-02 0.000e+00
5.590e+01 1.497e-02 0.000e+00
5.600e+01 1.684e-02 0.000e+00
5.610e+01 2.095e-02 0.000e+00
5.620e+01 2.505e-02 0.000e+00
5.630e+01 1.798e-02 0.000e+00
5.640e+01 1.472e-02 0.000e+00
5.650e+01 1.344e-02 0.000e+00
5.660e+01 1.171e-02 0.000e+00
5.670e+01 1.366e-02 0.000e+00
5.680e+01 1.544e-02 0.000e+00
5.690e+01 7.233e-03 0.000e+00
5.700e+01 4.520e-03 0.000e+00
5.710e+01 1.014e-02 0.000e+00
5.720e+01 1.475e-02 0.000e+00
5.730e+01 1.851e-02 0.000e+00
5.740e+01 1.201e-02 0.000e+00
5.750e+01 1.283e-02 0.000e+00
5.760e+01 9.143e-03 0.000e+00
5.770e+01 1.100e-02 0.000e+00
5.780e+01 1.200e-02 0.000e+00
5.790e+01 1.099e-02 0.000e+00
5.800e+01 1.145e-02 0.000e+00
5.810e+01 1.363e-02 0.000e+00
5.820e+01 1.490e-02 0.000e+00
5.830e+01 1.597e-02 0.000e+00
5.840e+01 1.745e-02 0.000e+00
5.850e+01 1.634e-02 0.000e+00
5.860e+01 1.743e-02 0.000e+00
5.870e+01 1.601e-02 0.000e+00
5.880e+01 1.463e-02 0.000e+00
5.890e+01 1.774e-02 0.000e+00
5.900e+01 1.832e-02 0.000e+00
5.910e+01 2.136e-02 0.000e+00
5.920e+01 3.228e-02 0.000e+00
5.930e+01 2.382e-02 0.000e+00
5.940e+01 3.530e-02 0.000e+00
5.950e+01 3.328e-02 0.000e+00
5.960e+01 1.458e-02 0.000e+00
5.970e+01 1.253e-02 0.000e+00
5.980e+01 2.765e-02 0.000e+00
5.990e+01 2.773e-02 0.000e+00
6.000e+01 3.595e-02 0.000e+00
6.010e+01 4.017e-02 0.000e+00
6.020e+01 2.688e-02 0.000e+00
6.030e+01 4.010e-02 0.000e+00
6.040e+01 3.208e-02 0.000e+00
6.050e+01 3.647e-02 0.000e+00
6.060e+01 3.702e-02 0.000e+00
6.070e+01 3.622e-02 0.000e+00
6.080e+01 2.789e-02 0.000e+00
6.090e+01 2.898e-02 0.000e+00
6.100e+01 3.648e-02 0.000e+00
6.110e+01 2.528e-02 0.000e+00
6.120e+01 3.247e-02 0.000e+00
6.130e+01 3.302e-02 0.000e+00
6.140e+01 2.713e-02 0.000e+00
6.150e+01 2.261e-02 0.000e+00
6.160e+01 2.692e-02 0.000e+00
6.170e+01 2.262e-02 0.000e+00
6.180e+01 2.821e-02 0.000e+00
6.190e+01 2.311e-02 0.000e+00
6.200e+01 2.192e-02 0.000e+00
6.210e+01 1.633e-02 0.000e+00
6.220e+01 1.287e-02 0.000e+00
6.230e+01 1.653e-02 0.000e+00
6.240e+01 1.860e-02 0.000e+00
6.250e+01 1.781e-02 0.000e+00
6.260e+01 1.144e-02 0.000e+00
6.270e+01 1.292e-02 0.000e+00
6.280e+01 1.329e-02 0.000e+00
6.290e+01 1.213e-02 0.000e+00
6.300e+01 1.195e-02 0.000e+00
6.310e+01 7.956e-03 0.000e+00
6.320e+01 9.469e-03 0.000e+00
6.330e+01 1.112e-02 0.000e+00
6.340e+01 1.093e-02 0.000e+00
6.350e+01 8.062e-03 0.000e+00
6.360e+01 6.245e-03 0.000e+00
6.370e+01 7.123e-03 0.000e+00
6.380e+01 1.036e-02 0.000e+00
6.390e+01 1.172e-02 0.000e+00
6.400e+01 1.412e-02 0.000e+00
6.410e+01 1.315e-02 0.000e+00
6.420e+01 1.679e-02 0.000e+00
6.430e+01 1.485e-02 0.000e+00
6.440e+01 1.774e-02 0.000e+00
6.450e+01 1.845e-02 0.000e+00
6.460e+01 1.925e-02 0.000e+00
6.470e+01 2.841e-02 0.000e+00
6.480e+01 2.889e-02 0.000e+00
6.490e+01 3.340e-02 0.000e+00
6.500e+01 2.846e-02 0.000e+00
6.510e+01 3.098e-02 0.000e+00
6.520e+01 2.334e-02 0.000e+00
6.530e+01 2.027e-02 0.000e+00
6.540e+01 2.360e-02 0.000e+00
6.550e+01 2.973e-02 0.000e+00
6.560e+01 2.073e-02 0.000e+00
6.570e+01 2.763e-02 0.000e+00
6.580e+01 2.729e-02 0.000e+00
6.590e+01 1.455e-02 0.000e+00
6.600e+01 2.099e-02 0.000e+00
6.610e+01 1.684e-02 0.000e+00
6.620e+01 2.348e-02 0.000e+00
6.630e+01 2.862e-02 0.000e+00
6.640e+01 3.149e-02 0.000e+00
6.650e+01 2.522e-02 0.000e+00
6.660e+01 1.984e-02 0.000e+00
6.670e+01 1.385e-02 0.000e+00
6.680e+01 1.502e-02 0.000e+00
6.690e+01 1.782e-02 0.000e+00
6.700e+01 1.361e-02 0.000e+00
6.710e+01 1.588e-02 0.000e+00
6.720e+01 1.838e-02 0.000e+00
6.730e+01 1.563e-02 0.000e+00
6.740e+01 1.238e-02 0.000e+00
6.750e+01 1.293e-02 0.000e+00
6.760e+01 8.551e-03 0.000e+00
6.770e+01 8.194e-03 0.000e+00
6.780e+01 1.092e-02 0.000e+00
6.790e+01 1.022e-02 0.000e+00
6.800e+01 1.141e-02 0.000e+00
6.810e+01 1.220e-02 0.000e+00
6.820e+01 1.186e-02 0.000e+00
6.830e+01 9.280e-03 0.000e+00
6.840e+01 8.648e-03 0.000e+00
6.850e+01 8.792e-03 0.000e+00
6.860e+01 8.603e-03 0.000e+00
6.870e+01 9.640e-03 0.000e+00
6.880e+01 1.434e-02 0.000e+00
6.890e+01 1.742e-02 0.000e+00
6.900e+01 1.169e-02 0.000e+00
6.910e+01 8.617e-03 0.000e+00
6.920e+01 9.266e-03 0.000e+00
6.930e+01 9.355e-03 0.000e+00
6.940e+01 8.158e-03 0.000e+00
6.950e+01 8.065e-03 0.000e+00
6.960e+01 7.620e-03 0.000e+00
6.970e+01 6.436e-03 0.000e+00
6.980e+01 6.518e-03 0.000e+00
6.990e+01 5.974e-03 0.000e+00
7.000e+01 8.692e-03 0.000e+00
7.010e+01 8.337e-03 0.000e+00
7.020e+01 5.922e-03 0.000e+00
7.030e+01 5.732e-03 0.000e+00
7.040e+01 2.795e-03 0.000e+00
7.050e+01 4.151e-03 0.000e+00
7.060e+01 2.245e-03 0.000e+00
7.070e+01 2.620e-03 0.000e+00
7.080e+01 5.230e-03 0.000e+00
7.090e+01 3.961e-03 0.000e+00
7.100e+01 4.703e-03 0.000e+00
7.110e+01 4.597e-03 0.000e+00
7.120e+01 4.284e-03 0.000e+00
7.130e+01 3.039e-03 0.000e+00
7.140e+01 4.578e-03 0.000e+00
7.150e+01 4.715e-03 0.000e+00
7.160e+01 3.649e-03 0.000e+00
7.170e+01 5.217e-03 0.000e+00
7.180e+01 3.481e-03 0.000e+00
7.190e+01 1.563e-03 0.000e+00
7.200e+01 1.041e-03 0.000e+00
7.210e+01 3.300e-03 0.000e+00
7.220e+01 3.658e-03 0.000e+00
7.230e+01 3.579e-03 0.000e+00
7.240e+01 3.996e-03 0.000e+00
7.250e+01 4.372e-03 0.000e+00
7.260e+01 2.747e-03 0.000e+00
7.270e+01 1.427e-03 0.000e+00
7.280e+01 1.794e-03 0.000e+00
7.290e+01 3.999e-03 0.000e+00
7.300e+01 4.842e-03 0.000e+00
7.310e+01 5.727e-03 0.000e+00
7.320e+01 5.471e-03 0.000e+00
7.330e+01 5.989e-03 0.000e+00
7.340e+01 4.427e-03 0.000e+00
7.350e+01 4.906e-03 0.000e+00
7.360e+01 5.841e-03 0.000e+00
7.370e+01 4.940e-03 0.000e+00
7.380e+01 4.134e-03 0.000e+00
7.390e+01 6.032e-03 0.000e+00
7.400e+01 4.784e-03 0.000e+00
7.410e+01 1.373e-03 0.000e+00
7.420e+01 5.914e-04 0.000e+00
7.430e+01 2.546e-03 0.000e+00
7.440e+01 5.308e-03 0.000e+00
7.450e+01 4.624e-03 0.000e+00
7.460e+01 6.261e-03 0.000e+00
7.470e+01 5.727e-03 0.000e+00
7.480e+01 6.891e-03 0.000e+00
7.490e+01 7.802e-03 0.000e+00
7.500e+01 8.570e-03 0.000e+00
7.510e+01 1.109e-02 0.000e+00
7.520e+01 1.071e-02 0.000e+00
7.530e+01 1.217e-02 0.000e+00
7.540e+01 1.065e-02 0.000e+00
7.550e+01 1.006e-02 0.000e+00
7.560e+01 1.045e-02 0.000e+00
7.570e+01 9.245e-03 0.000e+00
7.580e+01 1.004e-02 0.000e+00
7.590e+01 1.163e-02 0.000e+00
7.600e+01 8.903e-03 0.000e+00
7.610e+01 1.048e-02 0.000e+00
7.620e+01 8.150e-03 0.000e+00
7.630e+01 1.096e-02 0.000e+00
7.640e+01 1.159e-02 0.000e+00
7.650e+01 1.070e-02 0.000e+00
7.660e+01 8.422e-03 0.000e+00
7.670e+01 9.600e-03 0.000e+00
7.680e+01 9.392e-03 0.000e+00
7.690e+01 9.517e-03 0.000e+00
7.700e+01 7.587e-03 0.000e+00
7.710e+01 5.390e-03 0.000e+00
7.720e+01 4.471e-03 0.000e+00
7.730e+01 3.933e-03 0.000e+00
7.740e+01 4.401e-03 0.000e+00
7.750e+01 3.075e-03 0.000e+00
7.760e+01 2.296e-03 0.000e+00
7.770e+01 3.468e-03 0.000e+00
7.780e+01 3.033e-03 0.000e+00
7.790e+01 5.403e-03 0.000e+00
7.800e+01 6.933e-03 0.000e+00
7.810e+01 7.907e-03 0.000e+00
7.820e+01 6.538e-03 0.000e+00
7.830e+01 5.232e-03 0.000e+00
7.840e+01 4.457e-03 0.000e+00
7.850e+01 4.986e-03 0.000e+00
7.860e+01 4.185e-03 0.000e+00
7.870e+01 4.518e-03 0.000e+00
7.880e+01 4.333e-03 0.000e+00
7.890e+01 2.735e-03 0.000e+00
7.900e+01 3.249e-03 0.000e+00
7.910e+01 1.682e-03 0.000e+00
7.920e+01 1.634e-04 0.000e+00
7.930e+01 2.803e-03 0.000e+00
7.940e+01 3.427e-03 0.000e+00
7.950e+01 4.081e-03 0.000e+00
7.960e+01 2.519e-03 0.000e+00
7.970e+01 3.927e-03 0.000e+00
7.980e+01 2.588e-03 0.000e+00
7.990e+01 2.062e-03 0.000e+00
8.000e+01 1.424e-03 0.000e+00
8.010e+01 1.605e-03 0.000e+00
8.020e+01 2.323e-03 0.000e+00
8.030e+01 2.105e-03 0.000e+00
8.040e+01 2.808e-03 0.000e+00
8.050e+01 1.689e-03 0.000e+00
8.060e+01 4.102e-03 0.000e+00
8.070e+01 3.461e-03 0.000e+00
8.080e+01 4.604e-03 0.000e+00
8.090e+01 4.174e-03 0.000e+00
8.100e+01 3.555e-03 0.000e+00
8.110e+01 2.959e-03 0.000e+00
8.120e+01 3.197e-03 0.000e+00
8.130e+01 2.358e-03 0.000e+00
8.140e+01 2.503e-03 0.000e+00
8.150e+01 2.533e-03 0.000e+00
8.160e+01 3.217e-03 0.000e+00
8.170e+01 5.936e-03 0.000e+00
8.180e+01 7.517e-03 0.000e+00
8.190e+01 4.478e-03 0.000e+00
8.200e+01 4.939e-03 0.000e+00
8.210e+01 5.328e-03 0.000e+00
8.220e+01 5.371e-03 0.000e+00
8.230e+01 8.831e-03 0.000e+00
8.240e+01 8.864e-03 0.000e+00
8.250e+01 7.630e-03 0.000e+00
8.260e+01 5.512e-03 0.000e+00
8.270e+01 6.138e-03 0.000e+00
8.280e+01 4.982e-03 0.000e+00
8.290e+01 1.018e-04 0.000e+00
8.300e+01 8.435e-03 0.000e+00
8.310e+01 7.245e-03 0.000e+00
8.320e+01 5.759e-03 0.000e+00
8.330e+01 8.940e-03 0.000e+00
8.340e+01 5.043e-03 0.000e+00
8.350e+01 2.646e-03 0.000e+00
8.360e+01 -3.350e-03 0.000e+00
8.370e+01 -4.048e-03 0.000e+00
8.380e+01 -3.458e-03 0.000e+00
8.390e+01 -8.800e-03 0.000e+00
8.400e+01 -2.009e-03 0.000e+00
8.410e+01 -3.598e-03 0.000e+00
8.420e+01 -9.016e-03 0.000e+00
8.430e+01 -6.955e-03 0.000e+00
8.440e+01 -5.053e-03 0.000e+00
8.450e+01 -9.633e-03 0.000e+00
8.460e+01 -1.013e-02 0.000e+00
8.470e+01 -5.101e-03 0.000e+00
8.480e+01 -1.066e-03 0.000e+00
8.490e+01 1.072e-03 0.000e+00
8.500e+01 1.935e-03 0.000e+00
8.510e+01 3.697e-03 0.000e+00
8.520e+01 4.736e-03 0.000e+00
8.530e+01 6.244e-03 0.000e+00
8.540e+01 3.871e-03 0.000e+00
8.550e+01 1.519e-03 0.000e+00
8.560e+01 3.450e-03 0.000e+00
8.570e+01 1.310e-04 0.000e+00
8.580e+01 9.174e-04 0.000e+00
8.590e+01 1.546e-03 0.000e+00
8.600e+01 3.875e-03 0.000e+00
8.610e+01 4.326e-03 0.000e+00
8.620e+01 2.582e-03 0.000e+00
8.630e+01 3.019e-03 0.000e+00
8.640e+01 2.415e-03 0.000e+00
8.650e+01 2.664e-03 0.000e+00
8.660e+01 1.928e-03 0.000e+00
8.670e+01 3.398e-03 0.000e+00
8.680e+01 5.351e-03 0.000e+00
8.690e+01 4.100e-03 0.000e+00
8.700e+01 5.687e-03 0.000e+00
8.710e+01 6.197e-03 0.000e+00
8.720e+01 5.128e-03 0.000e+00
8.730e+01 3.595e-03 0.000e+00
8.740e+01 5.807e-03 0.000e+00
8.750e+01 6.029e-03 0.000e+00
8.760e+01 6.849e-03 0.000e+00
8.770e+01 7.901e-03 0.000e+00
8.780e+01 2.603e-03 0.000e+00
8.790e+01 -9.286e-04 0.000e+00
8.800e+01 5.936e-03 0.000e+00
8.810e+01 8.440e-03 0.000e+00
8.820e+01 1.572e-02 0.000e+00
8.830e+01 9.449e-03 0.000e+00
8.840e+01 6.261e-03 0.000e+00
8.850e+01 4.524e-03 0.000e+00
8.860e+01 8.076e-03 0.000e+00
8.870e+01 3.130e-03 0.000e+00
8.880e+01 6.083e-03 0.000e+00
8.890e+01 6.315e-03 0.000e+00
8.900e+01 6.141e-03 0.000e+00
8.910e+01 5.164e-03 0.000e+00
8.920e+01 6.518e-03 0.000e+00
8.930e+01 1.062e-02 0.000e+00
8.940e+01 6.764e-03 0.000e+00
8.950e+01 9.958e-03 0.000e+00
8.960e+01 6.819e-03 0.000e+00
8.970e+01 9.329e-03 0.000e+00
8.980e+01 1.095e-02 0.000e+00
8.990e+01 9.521e-03 0.000e+00
9.000e+01 5.593e-03 0.000e+00
9.010e+01 5.052e-04 0.000e+00
9.020e+01 1.738e-03 0.000e+00
9.030e+01 3.164e-03 0.000e+00
9.040e+01 5.428e-03 0.000e+00
9.050e+01 4.524e-03 0.000e+00
9.060e+01 6.848e-03 0.000e+00
9.070e+01 1.248e-02 0.000e+00
9.080e+01 1.943e-02 0.000e+00
9.090e+01 1.540e-02 0.000e+00
9.100e+01 1.539e-02 0.000e+00
9.110e+01 1.636e-02 0.000e+00
9.120e+01 4.623e-03 0.000e+00
9.130e+01 6.195e-03 0.000e+00
9.140e+01 1.109e-02 0.000e+00
9.150e+01 2.030e-02 0.000e+00
9.160e+01 1.566e-02 0.000e+00
9.170e+01 1.559e-02 0.000e+00
9.180e+01 1.309e-02 0.000e+00
9.190e+01 8.592e-03 0.000e+00
9.200e+01 8.842e-03 0.000e+00
9.210e+01 6.982e-03 0.000e+00
9.220e+01 8.269e-03 0.000e+00
9.230e+01 8.704e-03 0.000e+00
9.240e+01 8.858e-03 0.000e+00
9.250e+01 4.626e-03 0.000e+00
9.260e+01 1.554e-03 0.000e+00
9.270e+01 2.589e-03 0.000e+00
9.280e+01 4.018e-03 0.000e+00
9.290e+01 9.668e-03 0.000e+00
9.300e+01 1.033e-02 0.000e+00
9.310e+01 -5.376e-03 0.000e+00
9.320e+01 -5.725e-03 0.000e+00
9.330e+01 -1.388e-03 0.000e+00
9.340e+01 4.395e-04 0.000e+00
9.350e+01 1.619e-03 0.000e+00
9.360e+01 1.852e-03 0.000e+00
9.370e+01 -9.647e-05 0.000e+00
9.380e+01 1.429e-04 0.000e+00
9.390e+01 -2.707e-03 0.000e+00
9.400e+01 -1.679e-03 0.000e+00
9.410e+01 -6.554e-04 0.000e+00
9.420e+01 -2.395e-03 0.000e+00
9.430e+01 -1.599e-03 0.000e+00
9.440e+01 -2.170e-03 0.000e+00
9.450e+01 -4.763e-03 0.000e+00
9.460e+01 -1.516e-03 0.000e+00
9.470e+01 -3.782e-03 0.000e+00
9.480e+01 -5.658e-03 0.000e+00
9.490e+01 -5.079e-03 0.000e+00
9.500e+01 -2.869e-03 0.000e+00
9.510e+01 -2.668e-03 0.000e+00
9.520e+01 4.467e-04 0.000e+00
9.530e+01 9.832e-04 0.000e+00
9.540e+01 1.063e-03 0.000e+00
9.550e+01 5.757e-05 0.000e+00
9.560e+01 -5.133e-03 0.000e+00
9.570e+01 -5.683e-03 0.000e+00
9.580e+01 -1.777e-03 0.000e+00
9.590e+01 -6.153e-03 0.000e+00
9.600e+01 -6.260e-03 0.000e+00
9.610e+01 -2.121e-03 0.000e+00
9.620e+01 -2.607e-03 0.000e+00
9.630e+01 -5.665e-04 0.000e+00
9.640e+01 -3.115e-03 0.000e+00
9.650e+01 -2.721e-03 0.000e+00
9.660e+01 -3.049e-03 0.000e+00
9.670e+01 -4.820e-03 0.000e+00
9.680e+01 -3.827e-03 0.000e+00
9.690e+01 -1.838e-03 0.000e+00
9.700e+01 3.228e-03 0.000e+00
9.710e+01 1.768e-03 0.000e+00
9.720e+01 8.783e-04 0.000e+00
9.730e+01 6.725e-04 0.000e+00
9.740e+01 8.526e-04 0.000e+00
9.750e+01 -1.718e-03 0.000e+00
9.760e+01 -2.227e-03 0.000e+00
9.770e+01 -1.101e-03 0.000e+00
9.780e+01 -2.944e-03 0.000e+00
9.790e+01 -1.087e-03 0.000e+00
9.800e+01 1.206e-03 0.000e+00
9.810e+01 6.821e-04 0.000e+00
9.820e+01 6.628e-04 0.000e+00
9.830e+01 7.618e-04 0.000e+00
9.840e+01 3.379e-03 0.000e+00
9.850e+01 1.144e-03 0.000e+00
9.860e+01 -3.819e-04 0.000e+00
9.870e+01 1.265e-03 0.000e+00
9.880e+01 5.397e-03 0.000e+00
9.890e+01 6.443e-03 0.000e+00
9.900e+01 3.084e-03 0.000e+00
9.910e+01 -3.496e-03 0.000e+00
9.920e+01 -4.828e-03 0.000e+00
9.930e+01 -1.417e-03 0.000e+00
9.940e+01 -1.361e-03 0.000e+00
9.950e+01 2.547e-03 0.000e+00
9.960e+01 2.008e-04 0.000e+00
9.970e+01 -1.686e-03 0.000e+00
9.980e+01 -1.728e-03 0.000e+00
9.990e+01 -1.224e-03 0.000e+00
