# Frequency (1.0/ps)      real(fft(F_2))
0.000e+00 2.398e+01
1.000e-02 1.980e+01
2.000e-02 1.584e+01
3.000e-02 1.296e+01
4.000e-02 1.172e+01
5.000e-02 9.500e+00
6.000e-02 9.052e+00
7.000e-02 8.521e+00
8.000e-02 7.969e+00
9.000e-02 7.815e+00
1.000e-01 6.402e+00
1.100e-01 5.531e+00
1.200e-01 5.772e+00
1.300e-01 4.544e+00
1.400e-01 3.069e+00
1.500e-01 3.945e+00
1.600e-01 4.349e+00
1.700e-01 4.141e+00
1.800e-01 4.613e+00
1.900e-01 4.040e+00
2.000e-01 2.913e+00
2.100e-01 1.931e+00
2.200e-01 1.992e+00
2.300e-01 1.892e+00
2.400e-01 1.612e+00
2.500e-01 2.411e+00
2.600e-01 2.167e+00
2.700e-01 2.198e+00
2.800e-01 1.799e+00
2.900e-01 2.221e+00
3.000e-01 2.362e+00
3.100e-01 1.993e+00
3.200e-01 1.816e+00
3.300e-01 1.640e+00
3.400e-01 1.244e+00
3.500e-01 1.236e+00
3.600e-01 9.724e-01
3.700e-01 7.821e-01
3.800e-01 1.700e+00
3.900e-01 1.643e+00
4.000e-01 1.575e+00
4.100e-01 1.874e+00
4.200e-01 1.832e+00
4.300e-01 1.890e+00
4.400e-01 1.399e+00
4.500e-01 1.531e+00
4.600e-01 1.299e+00
4.700e-01 1.085e+00
4.800e-01 1.302e+00
4.900e-01 1.087e+00
5.000e-01 1.787e+00
5.100e-01 1.473e+00
5.200e-01 1.277e+00
5.300e-01 1.260e+00
5.400e-01 1.236e+00
5.500e-01 1.111e+00
5.600e-01 1.503e+00
5.700e-01 1.499e+00
5.800e-01 1.214e+00
5.900e-01 1.091e+00
6.000e-01 1.290e+00
6.100e-01 1.395e+00
6.200e-01 1.020e+00
6.300e-01 5.858e-01
6.400e-01 8.568e-01
6.500e-01 9.750e-01
6.600e-01 1.168e+00
6.700e-01 1.184e+00
6.800e-01 1.111e+00
6.900e-01 7.894e-01
7.000e-01 5.885e-01
7.100e-01 8.266e-01
7.200e-01 9.039e-01
7.300e-01 1.170e+00
7.400e-01 1.346e+00
7.500e-01 1.127e+00
7.600e-01 9.232e-01
7.700e-01 9.244e-01
7.800e-01 9.122e-01
7.900e-01 1.073e+00
8.000e-01 1.165e+00
8.100e-01 1.037e+00
8.200e-01 7.955e-01
8.300e-01 1.129e+00
8.400e-01 1.170e+00
8.500e-01 8.704e-01
8.600e-01 9.665e-01
8.700e-01 1.004e+00
8.800e-01 7.214e-01
8.900e-01 6.662e-01
9.000e-01 5.173e-01
9.100e-01 8.281e-01
9.200e-01 8.396e-01
9.300e-01 8.990e-01
9.400e-01 7.493e-01
9.500e-01 8.069e-01
9.600e-01 6.955e-01
9.700e-01 5.295e-01
9.800e-01 5.126e-01
9.900e-01 7.383e-01
1.000e+00 5.443e-01
1.010e+00 2.690e-01
1.020e+00 5.502e-01
1.030e+00 5.939e-01
1.040e+00 9.724e-01
1.050e+00 9.840e-01
1.060e+00 9.993e-01
1.070e+00 9.262e-01
1.080e+00 9.563e-01
1.090e+00 9.273e-01
1.100e+00 1.057e+00
1.110e+00 1.195e+00
1.120e+00 1.011e+00
1.130e+00 1.094e+00
1.140e+00 9.475e-01
1.150e+00 9.215e-01
1.160e+00 9.670e-01
1.170e+00 7.355e-01
1.180e+00 6.678e-01
1.190e+00 6.184e-01
1.200e+00 7.197e-01
1.210e+00 7.727e-01
1.220e+00 7.719e-01
1.230e+00 7.137e-01
1.240e+00 6.028e-01
1.250e+00 6.053e-01
1.260e+00 6.240e-01
1.270e+00 5.812e-01
1.280e+00 4.994e-01
1.290e+00 5.158e-01
1.300e+00 5.475e-01
1.310e+00 7.347e-01
1.320e+00 6.285e-01
1.330e+00 5.205e-01
1.340e+00 3.813e-01
1.350e+00 4.437e-01
1.360e+00 5.892e-01
1.370e+00 5.550e-01
1.380e+00 3.239e-01
1.390e+00 4.691e-01
1.400e+00 5.718e-01
1.410e+00 4.663e-01
1.420e+00 3.867e-01
1.430e+00 5.298e-01
1.440e+00 6.190e-01
1.450e+00 6.004e-01
1.460e+00 5.526e-01
1.470e+00 5.056e-01
1.480e+00 4.683e-01
1.490e+00 4.266e-01
1.500e+00 3.392e-01
1.510e+00 3.446e-01
1.520e+00 5.103e-01
1.530e+00 5.832e-01
1.540e+00 5.198e-01
1.550e+00 3.153e-01
1.560e+00 3.485e-01
1.570e+00 4.178e-01
1.580e+00 3.542e-01
1.590e+00 2.920e-01
1.600e+00 3.718e-01
1.610e+00 4.553e-01
1.620e+00 4.346e-01
1.630e+00 4.385e-01
1.640e+00 3.353e-01
1.650e+00 3.730e-01
1.660e+00 5.148e-01
1.670e+00 6.705e-01
1.680e+00 6.016e-01
1.690e+00 4.562e-01
1.700e+00 4.092e-01
1.710e+00 4.224e-01
1.720e+00 4.050e-01
1.730e+00 3.911e-01
1.740e+00 5.628e-01
1.750e+00 7.389e-01
1.760e+00 8.253e-01
1.770e+00 7.369e-01
1.780e+00 6.799e-01
1.790e+00 6.340e-01
1.800e+00 5.715e-01
1.810e+00 5.118e-01
1.820e+00 5.131e-01
1.830e+00 4.890e-01
1.840e+00 5.354e-01
1.850e+00 5.504e-01
1.860e+00 7.839e-01
1.870e+00 7.889e-01
1.880e+00 7.567e-01
1.890e+00 8.332e-01
1.900e+00 8.083e-01
1.910e+00 8.493e-01
1.920e+00 8.955e-01
1.930e+00 7.629e-01
1.940e+00 7.793e-01
1.950e+00 8.690e-01
1.960e+00 6.420e-01
1.970e+00 6.919e-01
1.980e+00 8.211e-01
1.990e+00 7.409e-01
2.000e+00 6.172e-01
2.010e+00 5.992e-01
2.020e+00 4.511e-01
2.030e+00 4.017e-01
2.040e+00 3.114e-01
2.050e+00 4.834e-01
2.060e+00 5.451e-01
2.070e+00 5.797e-01
2.080e+00 6.366e-01
2.090e+00 7.038e-01
2.100e+00 7.568e-01
2.110e+00 6.667e-01
2.120e+00 7.758e-01
2.130e+00 8.254e-01
2.140e+00 8.195e-01
2.150e+00 7.056e-01
2.160e+00 6.446e-01
2.170e+00 7.038e-01
2.180e+00 7.003e-01
2.190e+00 6.287e-01
2.200e+00 5.301e-01
2.210e+00 6.029e-01
2.220e+00 7.006e-01
2.230e+00 5.967e-01
2.240e+00 5.580e-01
2.250e+00 5.816e-01
2.260e+00 5.026e-01
2.270e+00 4.127e-01
2.280e+00 4.170e-01
2.290e+00 3.437e-01
2.300e+00 4.121e-01
2.310e+00 4.351e-01
2.320e+00 5.135e-01
2.330e+00 5.820e-01
2.340e+00 6.562e-01
2.350e+00 6.064e-01
2.360e+00 6.500e-01
2.370e+00 5.721e-01
2.380e+00 6.965e-01
2.390e+00 6.842e-01
2.400e+00 5.849e-01
2.410e+00 5.208e-01
2.420e+00 4.318e-01
2.430e+00 5.182e-01
2.440e+00 5.976e-01
2.450e+00 5.313e-01
2.460e+00 3.827e-01
2.470e+00 5.076e-01
2.480e+00 5.437e-01
2.490e+00 4.738e-01
2.500e+00 4.021e-01
2.510e+00 3.727e-01
2.520e+00 4.101e-01
2.530e+00 4.167e-01
2.540e+00 3.811e-01
2.550e+00 2.957e-01
2.560e+00 2.335e-01
2.570e+00 3.387e-01
2.580e+00 3.583e-01
2.590e+00 4.215e-01
2.600e+00 5.225e-01
2.610e+00 5.273e-01
2.620e+00 4.465e-01
2.630e+00 3.757e-01
2.640e+00 5.270e-01
2.650e+00 6.311e-01
2.660e+00 5.571e-01
2.670e+00 5.297e-01
2.680e+00 5.163e-01
2.690e+00 5.104e-01
2.700e+00 5.185e-01
2.710e+00 5.448e-01
2.720e+00 4.810e-01
2.730e+00 4.088e-01
2.740e+00 4.029e-01
2.750e+00 3.746e-01
2.760e+00 2.699e-01
2.770e+00 2.982e-01
2.780e+00 3.357e-01
2.790e+00 3.746e-01
2.800e+00 4.181e-01
2.810e+00 4.853e-01
2.820e+00 5.681e-01
2.830e+00 6.066e-01
2.840e+00 5.197e-01
2.850e+00 5.495e-01
2.860e+00 5.420e-01
2.870e+00 4.577e-01
2.880e+00 4.760e-01
2.890e+00 4.782e-01
2.900e+00 4.440e-01
2.910e+00 5.424e-01
2.920e+00 5.379e-01
2.930e+00 5.027e-01
2.940e+00 5.776e-01
2.950e+00 6.767e-01
2.960e+00 6.145e-01
2.970e+00 5.638e-01
2.980e+00 5.859e-01
2.990e+00 6.225e-01
3.000e+00 6.328e-01
3.010e+00 5.287e-01
3.020e+00 6.150e-01
3.030e+00 6.432e-01
3.040e+00 6.142e-01
3.050e+00 6.772e-01
3.060e+00 6.248e-01
3.070e+00 5.759e-01
3.080e+00 4.210e-01
3.090e+00 2.999e-01
3.100e+00 4.387e-01
3.110e+00 4.026e-01
3.120e+00 4.864e-01
3.130e+00 5.457e-01
3.140e+00 4.831e-01
3.150e+00 4.740e-01
3.160e+00 4.592e-01
3.170e+00 4.565e-01
3.180e+00 5.725e-01
3.190e+00 5.427e-01
3.200e+00 7.137e-01
3.210e+00 6.893e-01
3.220e+00 5.943e-01
3.230e+00 6.115e-01
3.240e+00 5.251e-01
3.250e+00 5.110e-01
3.260e+00 5.381e-01
3.270e+00 5.493e-01
3.280e+00 4.528e-01
3.290e+00 5.618e-01
3.300e+00 5.290e-01
3.310e+00 4.211e-01
3.320e+00 3.899e-01
3.330e+00 4.850e-01
3.340e+00 5.254e-01
3.350e+00 5.262e-01
3.360e+00 5.186e-01
3.370e+00 4.701e-01
3.380e+00 5.946e-01
3.390e+00 6.392e-01
3.400e+00 6.010e-01
3.410e+00 4.792e-01
3.420e+00 4.405e-01
3.430e+00 5.186e-01
3.440e+00 5.695e-01
3.450e+00 4.862e-01
3.460e+00 4.321e-01
3.470e+00 4.515e-01
3.480e+00 5.113e-01
3.490e+00 4.814e-01
3.500e+00 4.419e-01
3.510e+00 4.993e-01
3.520e+00 6.008e-01
3.530e+00 7.427e-01
3.540e+00 6.620e-01
3.550e+00 7.291e-01
3.560e+00 7.692e-01
3.570e+00 7.079e-01
3.580e+00 6.427e-01
3.590e+00 7.268e-01
3.600e+00 6.440e-01
3.610e+00 6.896e-01
3.620e+00 6.670e-01
3.630e+00 7.364e-01
3.640e+00 8.295e-01
3.650e+00 8.035e-01
3.660e+00 9.055e-01
3.670e+00 8.558e-01
3.680e+00 8.713e-01
3.690e+00 7.983e-01
3.700e+00 7.299e-01
3.710e+00 6.535e-01
3.720e+00 7.326e-01
3.730e+00 8.474e-01
3.740e+00 7.439e-01
3.750e+00 6.938e-01
3.760e+00 6.888e-01
3.770e+00 5.970e-01
3.780e+00 6.555e-01
3.790e+00 7.002e-01
3.800e+00 6.940e-01
3.810e+00 6.053e-01
3.820e+00 5.498e-01
3.830e+00 6.420e-01
3.840e+00 7.307e-01
3.850e+00 7.654e-01
3.860e+00 7.425e-01
3.870e+00 7.793e-01
3.880e+00 8.475e-01
3.890e+00 6.697e-01
3.900e+00 5.762e-01
3.910e+00 5.510e-01
3.920e+00 6.911e-01
3.930e+00 7.270e-01
3.940e+00 7.737e-01
3.950e+00 6.108e-01
3.960e+00 6.146e-01
3.970e+00 6.962e-01
3.980e+00 6.444e-01
3.990e+00 6.099e-01
4.000e+00 5.922e-01
4.010e+00 6.812e-01
4.020e+00 8.077e-01
4.030e+00 7.016e-01
4.040e+00 6.275e-01
4.050e+00 6.241e-01
4.060e+00 5.907e-01
4.070e+00 5.388e-01
4.080e+00 5.873e-01
4.090e+00 7.361e-01
4.100e+00 6.752e-01
4.110e+00 6.579e-01
4.120e+00 5.223e-01
4.130e+00 4.762e-01
4.140e+00 4.066e-01
4.150e+00 3.663e-01
4.160e+00 4.965e-01
4.170e+00 5.474e-01
4.180e+00 5.030e-01
4.190e+00 4.883e-01
4.200e+00 3.855e-01
4.210e+00 3.487e-01
4.220e+00 4.430e-01
4.230e+00 4.917e-01
4.240e+00 5.853e-01
4.250e+00 5.076e-01
4.260e+00 5.093e-01
4.270e+00 5.235e-01
4.280e+00 4.282e-01
4.290e+00 4.353e-01
4.300e+00 5.463e-01
4.310e+00 6.844e-01
4.320e+00 6.221e-01
4.330e+00 5.964e-01
4.340e+00 5.939e-01
4.350e+00 6.897e-01
4.360e+00 6.304e-01
4.370e+00 6.799e-01
4.380e+00 6.751e-01
4.390e+00 6.156e-01
4.400e+00 6.011e-01
4.410e+00 6.570e-01
4.420e+00 8.357e-01
4.430e+00 7.093e-01
4.440e+00 6.931e-01
4.450e+00 6.935e-01
4.460e+00 7.133e-01
4.470e+00 7.007e-01
4.480e+00 6.637e-01
4.490e+00 6.534e-01
4.500e+00 7.588e-01
4.510e+00 6.773e-01
4.520e+00 5.978e-01
4.530e+00 5.000e-01
4.540e+00 5.161e-01
4.550e+00 5.051e-01
4.560e+00 5.631e-01
4.570e+00 7.143e-01
4.580e+00 6.364e-01
4.590e+00 6.384e-01
4.600e+00 6.288e-01
4.610e+00 6.677e-01
4.620e+00 6.866e-01
4.630e+00 5.941e-01
4.640e+00 6.245e-01
4.650e+00 6.954e-01
4.660e+00 7.721e-01
4.670e+00 7.136e-01
4.680e+00 7.339e-01
4.690e+00 6.837e-01
4.700e+00 7.462e-01
4.710e+00 6.557e-01
4.720e+00 5.536e-01
4.730e+00 5.148e-01
4.740e+00 6.254e-01
4.750e+00 6.491e-01
4.760e+00 6.035e-01
4.770e+00 4.435e-01
4.780e+00 5.049e-01
4.790e+00 5.361e-01
4.800e+00 6.238e-01
4.810e+00 5.793e-01
4.820e+00 6.900e-01
4.830e+00 8.127e-01
4.840e+00 8.335e-01
4.850e+00 7.823e-01
4.860e+00 7.237e-01
4.870e+00 8.103e-01
4.880e+00 8.169e-01
4.890e+00 7.799e-01
4.900e+00 7.371e-01
4.910e+00 7.618e-01
4.920e+00 7.690e-01
4.930e+00 7.360e-01
4.940e+00 5.798e-01
4.950e+00 4.861e-01
4.960e+00 5.295e-01
4.970e+00 4.758e-01
4.980e+00 4.737e-01
4.990e+00 3.641e-01
-5.000e+00 3.866e-01
-4.990e+00 3.862e-01
-4.980e+00 3.699e-01
-4.970e+00 3.227e-01
-4.960e+00 3.118e-01
-4.950e+00 2.996e-01
-4.940e+00 3.773e-01
-4.930e+00 4.766e-01
-4.920e+00 4.671e-01
-4.910e+00 5.001e-01
-4.900e+00 5.660e-01
-4.890e+00 5.425e-01
-4.880e+00 5.025e-01
-4.870e+00 5.148e-01
-4.860e+00 5.799e-01
-4.850e+00 6.069e-01
-4.840e+00 5.127e-01
-4.830e+00 5.896e-01
-4.820e+00 6.241e-01
-4.810e+00 7.257e-01
-4.800e+00 7.064e-01
-4.790e+00 7.409e-01
-4.780e+00 6.675e-01
-4.770e+00 6.987e-01
-4.760e+00 7.103e-01
-4.750e+00 6.327e-01
-4.740e+00 6.059e-01
-4.730e+00 5.980e-01
-4.720e+00 5.953e-01
-4.710e+00 5.507e-01
-4.700e+00 5.135e-01
-4.690e+00 4.869e-01
-4.680e+00 5.441e-01
-4.670e+00 6.331e-01
-4.660e+00 6.451e-01
-4.650e+00 6.040e-01
-4.640e+00 6.742e-01
-4.630e+00 7.188e-01
-4.620e+00 5.867e-01
-4.610e+00 6.308e-01
-4.600e+00 6.077e-01
-4.590e+00 6.641e-01
-4.580e+00 5.369e-01
-4.570e+00 4.967e-01
-4.560e+00 5.685e-01
-4.550e+00 5.418e-01
-4.540e+00 4.867e-01
-4.530e+00 3.866e-01
-4.520e+00 4.108e-01
-4.510e+00 5.333e-01
-4.500e+00 5.711e-01
-4.490e+00 4.524e-01
-4.480e+00 5.530e-01
-4.470e+00 5.420e-01
-4.460e+00 5.576e-01
-4.450e+00 4.743e-01
-4.440e+00 4.316e-01
-4.430e+00 4.648e-01
-4.420e+00 4.309e-01
-4.410e+00 4.559e-01
-4.400e+00 4.729e-01
-4.390e+00 5.072e-01
-4.380e+00 5.679e-01
-4.370e+00 5.727e-01
-4.360e+00 6.029e-01
-4.350e+00 6.157e-01
-4.340e+00 6.195e-01
-4.330e+00 4.992e-01
-4.320e+00 4.878e-01
-4.310e+00 6.272e-01
-4.300e+00 5.546e-01
-4.290e+00 4.996e-01
-4.280e+00 3.555e-01
-4.270e+00 3.045e-01
-4.260e+00 3.412e-01
-4.250e+00 3.919e-01
-4.240e+00 3.742e-01
-4.230e+00 3.910e-01
-4.220e+00 4.751e-01
-4.210e+00 4.268e-01
-4.200e+00 4.551e-01
-4.190e+00 4.145e-01
-4.180e+00 4.427e-01
-4.170e+00 5.083e-01
-4.160e+00 4.984e-01
-4.150e+00 4.751e-01
-4.140e+00 3.798e-01
-4.130e+00 4.907e-01
-4.120e+00 5.995e-01
-4.110e+00 6.104e-01
-4.100e+00 6.417e-01
-4.090e+00 6.938e-01
-4.080e+00 6.848e-01
-4.070e+00 6.904e-01
-4.060e+00 5.237e-01
-4.050e+00 5.227e-01
-4.040e+00 6.003e-01
-4.030e+00 7.601e-01
-4.020e+00 6.935e-01
-4.010e+00 5.923e-01
-4.000e+00 5.383e-01
-3.990e+00 5.376e-01
-3.980e+00 5.806e-01
-3.970e+00 5.354e-01
-3.960e+00 4.230e-01
-3.950e+00 4.552e-01
-3.940e+00 4.151e-01
-3.930e+00 4.563e-01
-3.920e+00 4.484e-01
-3.910e+00 4.395e-01
-3.900e+00 4.935e-01
-3.890e+00 5.003e-01
-3.880e+00 4.193e-01
-3.870e+00 4.537e-01
-3.860e+00 5.083e-01
-3.850e+00 5.794e-01
-3.840e+00 5.493e-01
-3.830e+00 5.020e-01
-3.820e+00 5.849e-01
-3.810e+00 6.049e-01
-3.800e+00 7.160e-01
-3.790e+00 6.850e-01
-3.780e+00 7.055e-01
-3.770e+00 7.010e-01
-3.760e+00 6.586e-01
-3.750e+00 5.220e-01
-3.740e+00 4.381e-01
-3.730e+00 3.350e-01
-3.720e+00 5.040e-01
-3.710e+00 4.423e-01
-3.700e+00 4.191e-01
-3.690e+00 4.162e-01
-3.680e+00 4.940e-01
-3.670e+00 5.394e-01
-3.660e+00 4.451e-01
-3.650e+00 4.096e-01
-3.640e+00 4.053e-01
-3.630e+00 4.430e-01
-3.620e+00 4.277e-01
-3.610e+00 3.588e-01
-3.600e+00 3.826e-01
-3.590e+00 3.648e-01
-3.580e+00 4.770e-01
-3.570e+00 5.226e-01
-3.560e+00 5.098e-01
-3.550e+00 5.818e-01
-3.540e+00 6.253e-01
-3.530e+00 5.594e-01
-3.520e+00 4.785e-01
-3.510e+00 5.623e-01
-3.500e+00 5.612e-01
-3.490e+00 6.212e-01
-3.480e+00 4.787e-01
-3.470e+00 3.796e-01
-3.460e+00 3.931e-01
-3.450e+00 3.114e-01
-3.440e+00 3.337e-01
-3.430e+00 4.392e-01
-3.420e+00 4.612e-01
-3.410e+00 4.465e-01
-3.400e+00 3.790e-01
-3.390e+00 4.644e-01
-3.380e+00 5.527e-01
-3.370e+00 5.377e-01
-3.360e+00 7.006e-01
-3.350e+00 7.413e-01
-3.340e+00 7.294e-01
-3.330e+00 6.627e-01
-3.320e+00 6.752e-01
-3.310e+00 6.310e-01
-3.300e+00 5.808e-01
-3.290e+00 6.332e-01
-3.280e+00 6.635e-01
-3.270e+00 5.522e-01
-3.260e+00 5.429e-01
-3.250e+00 4.983e-01
-3.240e+00 5.363e-01
-3.230e+00 7.291e-01
-3.220e+00 6.858e-01
-3.210e+00 6.101e-01
-3.200e+00 6.531e-01
-3.190e+00 7.207e-01
-3.180e+00 7.113e-01
-3.170e+00 5.891e-01
-3.160e+00 6.007e-01
-3.150e+00 5.212e-01
-3.140e+00 6.532e-01
-3.130e+00 6.492e-01
-3.120e+00 6.347e-01
-3.110e+00 6.362e-01
-3.100e+00 5.624e-01
-3.090e+00 5.753e-01
-3.080e+00 6.033e-01
-3.070e+00 7.433e-01
-3.060e+00 6.650e-01
-3.050e+00 7.142e-01
-3.040e+00 4.784e-01
-3.030e+00 5.456e-01
-3.020e+00 5.469e-01
-3.010e+00 5.204e-01
-3.000e+00 5.816e-01
-2.990e+00 5.624e-01
-2.980e+00 5.734e-01
-2.970e+00 3.889e-01
-2.960e+00 3.063e-01
-2.950e+00 4.609e-01
-2.940e+00 4.406e-01
-2.930e+00 5.512e-01
-2.920e+00 5.537e-01
-2.910e+00 4.995e-01
-2.900e+00 4.764e-01
-2.890e+00 4.416e-01
-2.880e+00 5.359e-01
-2.870e+00 5.295e-01
-2.860e+00 6.736e-01
-2.850e+00 6.853e-01
-2.840e+00 6.229e-01
-2.830e+00 5.357e-01
-2.820e+00 4.679e-01
-2.810e+00 5.205e-01
-2.800e+00 5.145e-01
-2.790e+00 5.319e-01
-2.780e+00 5.530e-01
-2.770e+00 6.470e-01
-2.760e+00 5.991e-01
-2.750e+00 5.823e-01
-2.740e+00 4.585e-01
-2.730e+00 4.296e-01
-2.720e+00 5.388e-01
-2.710e+00 5.433e-01
-2.700e+00 4.874e-01
-2.690e+00 5.696e-01
-2.680e+00 5.342e-01
-2.670e+00 5.966e-01
-2.660e+00 5.588e-01
-2.650e+00 5.447e-01
-2.640e+00 7.185e-01
-2.630e+00 7.884e-01
-2.620e+00 8.840e-01
-2.610e+00 7.498e-01
-2.600e+00 6.740e-01
-2.590e+00 6.976e-01
-2.580e+00 7.880e-01
-2.570e+00 8.300e-01
-2.560e+00 7.962e-01
-2.550e+00 7.280e-01
-2.540e+00 8.873e-01
-2.530e+00 7.906e-01
-2.520e+00 6.605e-01
-2.510e+00 8.050e-01
-2.500e+00 9.244e-01
-2.490e+00 8.195e-01
-2.480e+00 7.375e-01
-2.470e+00 5.263e-01
-2.460e+00 6.450e-01
-2.450e+00 6.102e-01
-2.440e+00 6.640e-01
-2.430e+00 5.989e-01
-2.420e+00 6.524e-01
-2.410e+00 7.155e-01
-2.400e+00 6.014e-01
-2.390e+00 5.237e-01
-2.380e+00 4.404e-01
-2.370e+00 5.945e-01
-2.360e+00 6.587e-01
-2.350e+00 7.269e-01
-2.340e+00 7.839e-01
-2.330e+00 7.323e-01
-2.320e+00 8.905e-01
-2.310e+00 9.254e-01
-2.300e+00 7.309e-01
-2.290e+00 5.861e-01
-2.280e+00 5.346e-01
-2.270e+00 5.295e-01
-2.260e+00 4.331e-01
-2.250e+00 2.813e-01
-2.240e+00 3.572e-01
-2.230e+00 4.509e-01
-2.220e+00 4.782e-01
-2.210e+00 3.231e-01
-2.200e+00 2.895e-01
-2.190e+00 4.182e-01
-2.180e+00 5.620e-01
-2.170e+00 4.504e-01
-2.160e+00 3.548e-01
-2.150e+00 4.210e-01
-2.140e+00 6.309e-01
-2.130e+00 6.010e-01
-2.120e+00 7.186e-01
-2.110e+00 8.230e-01
-2.100e+00 8.427e-01
-2.090e+00 6.893e-01
-2.080e+00 5.729e-01
-2.070e+00 6.590e-01
-2.060e+00 6.926e-01
-2.050e+00 5.887e-01
-2.040e+00 6.585e-01
-2.030e+00 5.977e-01
-2.020e+00 7.357e-01
-2.010e+00 6.723e-01
-2.000e+00 6.385e-01
-1.990e+00 6.647e-01
-1.980e+00 7.260e-01
-1.970e+00 8.096e-01
-1.960e+00 6.947e-01
-1.950e+00 4.541e-01
-1.940e+00 5.779e-01
-1.930e+00 4.781e-01
-1.920e+00 3.198e-01
-1.910e+00 5.042e-01
-1.900e+00 4.710e-01
-1.890e+00 3.218e-01
-1.880e+00 2.522e-01
-1.870e+00 2.892e-01
-1.860e+00 3.031e-01
-1.850e+00 2.896e-01
-1.840e+00 1.530e-01
-1.830e+00 2.518e-01
-1.820e+00 2.729e-01
-1.810e+00 4.013e-01
-1.800e+00 4.025e-01
-1.790e+00 2.103e-01
-1.780e+00 2.417e-01
-1.770e+00 3.592e-01
-1.760e+00 4.623e-01
-1.750e+00 4.832e-01
-1.740e+00 6.102e-01
-1.730e+00 7.193e-01
-1.720e+00 7.736e-01
-1.710e+00 5.949e-01
-1.700e+00 7.987e-01
-1.690e+00 8.787e-01
-1.680e+00 9.743e-01
-1.670e+00 1.013e+00
-1.660e+00 1.099e+00
-1.650e+00 1.122e+00
-1.640e+00 1.047e+00
-1.630e+00 8.397e-01
-1.620e+00 9.471e-01
-1.610e+00 9.130e-01
-1.600e+00 1.126e+00
-1.590e+00 1.047e+00
-1.580e+00 1.028e+00
-1.570e+00 7.252e-01
-1.560e+00 5.151e-01
-1.550e+00 5.730e-01
-1.540e+00 8.153e-01
-1.530e+00 6.754e-01
-1.520e+00 5.990e-01
-1.510e+00 3.417e-01
-1.500e+00 6.723e-01
-1.490e+00 8.256e-01
-1.480e+00 6.891e-01
-1.470e+00 7.330e-01
-1.460e+00 9.261e-01
-1.450e+00 9.717e-01
-1.440e+00 9.379e-01
-1.430e+00 7.497e-01
-1.420e+00 9.077e-01
-1.410e+00 9.353e-01
-1.400e+00 1.021e+00
-1.390e+00 8.119e-01
-1.380e+00 6.695e-01
-1.370e+00 7.394e-01
-1.360e+00 7.774e-01
-1.350e+00 6.018e-01
-1.340e+00 6.470e-01
-1.330e+00 7.495e-01
-1.320e+00 8.417e-01
-1.310e+00 9.553e-01
-1.300e+00 7.935e-01
-1.290e+00 4.551e-01
-1.280e+00 3.421e-01
-1.270e+00 3.694e-01
-1.260e+00 3.683e-01
-1.250e+00 4.675e-01
-1.240e+00 4.733e-01
-1.230e+00 4.204e-01
-1.220e+00 3.760e-01
-1.210e+00 3.584e-01
-1.200e+00 4.018e-01
-1.190e+00 7.265e-01
-1.180e+00 1.157e+00
-1.170e+00 1.117e+00
-1.160e+00 9.250e-01
-1.150e+00 7.473e-01
-1.140e+00 8.691e-01
-1.130e+00 1.010e+00
-1.120e+00 9.031e-01
-1.110e+00 8.180e-01
-1.100e+00 9.623e-01
-1.090e+00 9.920e-01
-1.080e+00 8.515e-01
-1.070e+00 5.925e-01
-1.060e+00 3.746e-01
-1.050e+00 7.388e-01
-1.040e+00 7.890e-01
-1.030e+00 8.109e-01
-1.020e+00 7.387e-01
-1.010e+00 7.413e-01
-1.000e+00 6.646e-01
-9.900e-01 6.991e-01
-9.800e-01 8.680e-01
-9.700e-01 7.847e-01
-9.600e-01 8.691e-01
-9.500e-01 1.278e+00
-9.400e-01 1.179e+00
-9.300e-01 1.122e+00
-9.200e-01 1.050e+00
-9.100e-01 8.562e-01
-9.000e-01 1.136e+00
-8.900e-01 8.782e-01
-8.800e-01 6.741e-01
-8.700e-01 8.872e-01
-8.600e-01 9.897e-01
-8.500e-01 1.014e+00
-8.400e-01 8.190e-01
-8.300e-01 6.652e-01
-8.200e-01 8.396e-01
-8.100e-01 6.439e-01
-8.000e-01 7.420e-01
-7.900e-01 8.225e-01
-7.800e-01 9.780e-01
-7.700e-01 7.104e-01
-7.600e-01 7.229e-01
-7.500e-01 5.075e-01
-7.400e-01 5.613e-01
-7.300e-01 6.031e-01
-7.200e-01 7.866e-01
-7.100e-01 9.418e-01
-7.000e-01 9.775e-01
-6.900e-01 1.080e+00
-6.800e-01 1.114e+00
-6.700e-01 1.198e+00
-6.600e-01 1.101e+00
-6.500e-01 8.853e-01
-6.400e-01 9.718e-01
-6.300e-01 9.787e-01
-6.200e-01 9.692e-01
-6.100e-01 3.780e-01
-6.000e-01 3.625e-01
-5.900e-01 5.671e-01
-5.800e-01 4.029e-01
-5.700e-01 5.523e-01
-5.600e-01 7.224e-01
-5.500e-01 5.246e-01
-5.400e-01 5.818e-01
-5.300e-01 3.359e-01
-5.200e-01 3.727e-01
-5.100e-01 6.244e-01
-5.000e-01 6.425e-01
-4.900e-01 4.932e-01
-4.800e-01 3.080e-01
-4.700e-01 2.379e-01
-4.600e-01 2.409e-01
-4.500e-01 2.965e-01
-4.400e-01 1.735e-01
-4.300e-01 3.674e-01
-4.200e-01 5.208e-01
-4.100e-01 5.436e-01
-4.000e-01 3.055e-01
-3.900e-01 6.585e-01
-3.800e-01 1.527e+00
-3.700e-01 1.850e+00
-3.600e-01 1.253e+00
-3.500e-01 7.478e-01
-3.400e-01 1.345e+00
-3.300e-01 1.653e+00
-3.200e-01 2.115e+00
-3.100e-01 1.818e+00
-3.000e-01 1.638e+00
-2.900e-01 1.925e+00
-2.800e-01 2.326e+00
-2.700e-01 2.162e+00
-2.600e-01 2.105e+00
-2.500e-01 2.835e+00
-2.400e-01 3.467e+00
-2.300e-01 3.114e+00
-2.200e-01 2.016e+00
-2.100e-01 2.228e+00
-2.000e-01 2.695e+00
-1.900e-01 2.862e+00
-1.800e-01 1.967e+00
-1.700e-01 2.032e+00
-1.600e-01 3.658e+00
-1.500e-01 5.316e+00
-1.400e-01 6.368e+00
-1.300e-01 6.942e+00
-1.200e-01 6.546e+00
-1.100e-01 7.127e+00
-1.000e-01 7.217e+00
-9.000e-02 8.596e+00
-8.000e-02 9.100e+00
-7.000e-02 1.013e+01
-6.000e-02 1.202e+01
-5.000e-02 1.336e+01
-4.000e-02 1.429e+01
-3.000e-02 1.501e+01
-2.000e-02 1.587e+01
-1.000e-02 1.997e+01
