# Frequency (1.0/ps)      real(fft(F_1))
0.000e+00 1.646e+02
1.000e-02 4.127e+01
2.000e-02 3.380e+01
3.000e-02 2.634e+00
4.000e-02 8.775e+00
5.000e-02 1.183e+01
6.000e-02 6.252e+00
7.000e-02 6.849e+00
8.000e-02 1.877e+00
9.000e-02 2.110e+00
1.000e-01 -2.400e+00
1.100e-01 1.960e+00
1.200e-01 1.382e+00
1.300e-01 1.354e+00
1.400e-01 3.644e+00
1.500e-01 1.724e+00
1.600e-01 4.519e+00
1.700e-01 -6.762e-01
1.800e-01 3.220e-01
1.900e-01 -9.210e-01
2.000e-01 2.688e+00
2.100e-01 1.628e+00
2.200e-01 9.957e-01
2.300e-01 4.359e-01
2.400e-01 5.285e-01
2.500e-01 9.137e-01
2.600e-01 -5.399e-01
2.700e-01 4.335e-01
2.800e-01 1.295e+00
2.900e-01 -1.565e-01
3.000e-01 1.398e+00
3.100e-01 9.252e-01
3.200e-01 9.823e-01
3.300e-01 1.922e-01
3.400e-01 3.622e-01
3.500e-01 9.549e-01
3.600e-01 1.290e+00
3.700e-01 2.478e-01
3.800e-01 1.629e+00
3.900e-01 1.597e+00
4.000e-01 8.320e-02
4.100e-01 1.714e+00
4.200e-01 4.480e-01
4.300e-01 1.627e-01
4.400e-01 -5.298e-01
4.500e-01 3.077e-01
4.600e-01 -2.088e-01
4.700e-01 1.675e+00
4.800e-01 -3.505e-01
4.900e-01 -5.008e-01
5.000e-01 2.129e+00
5.100e-01 1.857e+00
5.200e-01 1.621e+00
5.300e-01 1.054e+00
5.400e-01 -1.323e+00
5.500e-01 5.512e-01
5.600e-01 -1.494e-01
5.700e-01 -1.027e-01
5.800e-01 2.681e-01
5.900e-01 3.886e-01
6.000e-01 -4.544e-01
6.100e-01 8.059e-01
6.200e-01 1.574e+00
6.300e-01 5.048e-01
6.400e-01 3.222e-01
6.500e-01 -2.224e-01
6.600e-01 2.121e+00
6.700e-01 7.259e-01
6.800e-01 1.428e+00
6.900e-01 1.151e+00
7.000e-01 1.515e+00
7.100e-01 1.320e+00
7.200e-01 4.968e-01
7.300e-01 2.156e+00
7.400e-01 3.767e-01
7.500e-01 7.829e-01
7.600e-01 4.959e-01
7.700e-01 -3.977e-01
7.800e-01 6.872e-01
7.900e-01 1.640e+00
8.000e-01 -7.594e-01
8.100e-01 1.086e+00
8.200e-01 1.796e+00
8.300e-01 -5.996e-02
8.400e-01 1.432e+00
8.500e-01 6.605e-01
8.600e-01 9.989e-01
8.700e-01 1.648e+00
8.800e-01 1.725e+00
8.900e-01 6.906e-01
9.000e-01 1.237e+00
9.100e-01 2.046e+00
9.200e-01 1.866e+00
9.300e-01 1.246e+00
9.400e-01 1.667e+00
9.500e-01 2.567e+00
9.600e-01 1.980e+00
9.700e-01 8.120e-01
9.800e-01 1.023e+00
9.900e-01 1.288e+00
1.000e+00 2.318e+00
1.010e+00 -1.633e-01
1.020e+00 8.819e-02
1.030e+00 -5.395e-01
1.040e+00 1.536e+00
1.050e+00 5.793e-01
1.060e+00 -7.723e-02
1.070e+00 1.058e+00
1.080e+00 1.620e+00
1.090e+00 1.693e+00
1.100e+00 4.939e-01
1.110e+00 5.806e-01
1.120e+00 1.469e+00
1.130e+00 1.034e+00
1.140e+00 1.040e+00
1.150e+00 1.185e+00
1.160e+00 2.156e-01
1.170e+00 1.691e+00
1.180e+00 5.102e-01
1.190e+00 -9.317e-02
1.200e+00 1.425e+00
1.210e+00 4.395e-01
1.220e+00 2.526e-01
1.230e+00 8.601e-01
1.240e+00 -3.151e-01
1.250e+00 -5.414e-03
1.260e+00 -3.322e-01
1.270e+00 -2.932e-01
1.280e+00 4.732e-01
1.290e+00 3.679e-01
1.300e+00 4.885e-01
1.310e+00 4.166e-01
1.320e+00 1.401e-01
1.330e+00 2.663e-01
1.340e+00 5.436e-01
1.350e+00 3.351e-01
1.360e+00 4.385e-01
1.370e+00 1.518e+00
1.380e+00 7.720e-01
1.390e+00 9.850e-02
1.400e+00 8.447e-01
1.410e+00 8.567e-01
1.420e+00 6.980e-01
1.430e+00 7.768e-01
1.440e+00 -2.038e-02
1.450e+00 -1.552e-01
1.460e+00 5.792e-01
1.470e+00 7.628e-01
1.480e+00 9.473e-01
1.490e+00 1.091e+00
1.500e+00 6.531e-02
1.510e+00 9.889e-01
1.520e+00 8.517e-01
1.530e+00 9.390e-01
1.540e+00 6.666e-01
1.550e+00 2.998e-01
1.560e+00 6.760e-01
1.570e+00 2.758e-02
1.580e+00 9.378e-01
1.590e+00 7.723e-01
1.600e+00 7.645e-01
1.610e+00 -3.116e-01
1.620e+00 2.847e-01
1.630e+00 2.328e-01
1.640e+00 -4.375e-01
1.650e+00 -2.622e-01
1.660e+00 -4.286e-01
1.670e+00 -7.362e-01
1.680e+00 5.235e-01
1.690e+00 -1.911e-01
1.700e+00 9.133e-01
1.710e+00 9.846e-01
1.720e+00 6.161e-01
1.730e+00 1.266e+00
1.740e+00 3.921e-01
1.750e+00 4.090e-02
1.760e+00 8.884e-01
1.770e+00 1.240e+00
1.780e+00 2.512e-01
1.790e+00 1.116e+00
1.800e+00 -6.721e-01
1.810e+00 -6.431e-02
1.820e+00 2.814e-01
1.830e+00 -2.305e-01
1.840e+00 3.250e-01
1.850e+00 4.877e-01
1.860e+00 1.205e-01
1.870e+00 3.578e-01
1.880e+00 5.371e-02
1.890e+00 -4.063e-01
1.900e+00 7.557e-01
1.910e+00 2.337e-02
1.920e+00 2.377e-01
1.930e+00 1.278e-01
1.940e+00 6.422e-01
1.950e+00 1.068e+00
1.960e+00 8.110e-01
1.970e+00 9.117e-01
1.980e+00 5.229e-01
1.990e+00 1.064e+00
2.000e+00 4.364e-01
2.010e+00 8.726e-01
2.020e+00 6.724e-01
2.030e+00 7.662e-01
2.040e+00 7.895e-01
2.050e+00 5.886e-01
2.060e+00 1.038e+00
2.070e+00 7.127e-01
2.080e+00 1.567e+00
2.090e+00 3.518e-01
2.100e+00 9.353e-01
2.110e+00 1.352e+00
2.120e+00 1.294e+00
2.130e+00 1.365e+00
2.140e+00 3.920e-01
2.150e+00 7.557e-01
2.160e+00 4.676e-01
2.170e+00 2.364e-01
2.180e+00 6.029e-01
2.190e+00 9.137e-01
2.200e+00 1.066e+00
2.210e+00 2.112e-01
2.220e+00 8.568e-02
2.230e+00 1.689e-01
2.240e+00 2.808e-01
2.250e+00 9.495e-01
2.260e+00 8.392e-01
2.270e+00 3.448e-01
2.280e+00 8.008e-01
2.290e+00 1.027e+00
2.300e+00 6.346e-01
2.310e+00 1.963e-01
2.320e+00 -3.732e-02
2.330e+00 4.190e-02
2.340e+00 3.164e-01
2.350e+00 2.044e-01
2.360e+00 4.747e-01
2.370e+00 6.946e-01
2.380e+00 3.885e-01
2.390e+00 2.234e-01
2.400e+00 8.717e-02
2.410e+00 1.501e-01
2.420e+00 4.063e-02
2.430e+00 5.062e-01
2.440e+00 7.759e-03
2.450e+00 8.824e-01
2.460e+00 4.734e-01
2.470e+00 1.916e-01
2.480e+00 3.663e-01
2.490e+00 2.949e-01
2.500e+00 6.413e-01
2.510e+00 1.161e+00
2.520e+00 7.409e-01
2.530e+00 4.566e-01
2.540e+00 7.693e-01
2.550e+00 5.671e-01
2.560e+00 9.274e-02
2.570e+00 7.177e-01
2.580e+00 2.988e-01
2.590e+00 1.323e-01
2.600e+00 3.788e-01
2.610e+00 -4.747e-02
2.620e+00 2.722e-01
2.630e+00 5.878e-01
2.640e+00 7.208e-01
2.650e+00 6.559e-01
2.660e+00 4.674e-01
2.670e+00 7.879e-01
2.680e+00 2.337e-01
2.690e+00 6.275e-01
2.700e+00 1.126e-01
2.710e+00 -1.257e-01
2.720e+00 -3.322e-02
2.730e+00 2.535e-01
2.740e+00 -3.968e-02
2.750e+00 2.867e-01
2.760e+00 4.557e-01
2.770e+00 2.699e-01
2.780e+00 8.336e-01
2.790e+00 5.748e-01
2.800e+00 1.266e+00
2.810e+00 7.316e-01
2.820e+00 3.356e-01
2.830e+00 6.975e-01
2.840e+00 2.612e-01
2.850e+00 8.669e-01
2.860e+00 6.244e-01
2.870e+00 2.751e-01
2.880e+00 4.044e-01
2.890e+00 5.347e-01
2.900e+00 -8.035e-02
2.910e+00 1.780e-01
2.920e+00 3.781e-01
2.930e+00 2.443e-02
2.940e+00 5.332e-01
2.950e+00 2.818e-01
2.960e+00 6.634e-01
2.970e+00 5.105e-01
2.980e+00 4.438e-01
2.990e+00 7.399e-01
3.000e+00 8.894e-01
3.010e+00 8.901e-01
3.020e+00 8.319e-01
3.030e+00 6.734e-01
3.040e+00 7.105e-01
3.050e+00 3.391e-01
3.060e+00 3.944e-01
3.070e+00 9.158e-01
3.080e+00 4.191e-01
3.090e+00 9.643e-01
3.100e+00 6.732e-01
3.110e+00 7.444e-01
3.120e+00 7.102e-01
3.130e+00 8.418e-01
3.140e+00 8.045e-01
3.150e+00 7.940e-01
3.160e+00 1.166e+00
3.170e+00 7.339e-01
3.180e+00 5.832e-01
3.190e+00 3.482e-01
3.200e+00 1.155e+00
3.210e+00 5.434e-01
3.220e+00 7.649e-01
3.230e+00 8.272e-01
3.240e+00 6.689e-01
3.250e+00 7.161e-01
3.260e+00 2.559e-01
3.270e+00 7.572e-01
3.280e+00 6.486e-01
3.290e+00 8.157e-01
3.300e+00 1.202e+00
3.310e+00 2.139e-01
3.320e+00 3.900e-02
3.330e+00 4.076e-01
3.340e+00 -2.035e-01
3.350e+00 2.384e-01
3.360e+00 2.180e-01
3.370e+00 -8.538e-02
3.380e+00 4.853e-01
3.390e+00 -4.693e-02
3.400e+00 4.546e-02
3.410e+00 -3.868e-01
3.420e+00 -2.119e-01
3.430e+00 2.976e-01
3.440e+00 3.250e-01
3.450e+00 6.218e-01
3.460e+00 7.019e-01
3.470e+00 9.855e-01
3.480e+00 7.203e-01
3.490e+00 6.910e-01
3.500e+00 6.040e-01
3.510e+00 2.620e-01
3.520e+00 7.920e-02
3.530e+00 8.105e-01
3.540e+00 5.350e-01
3.550e+00 9.407e-01
3.560e+00 1.136e+00
3.570e+00 2.214e-01
3.580e+00 6.935e-01
3.590e+00 -2.334e-02
3.600e+00 -8.449e-02
3.610e+00 1.184e-01
3.620e+00 4.610e-01
3.630e+00 2.819e-01
3.640e+00 2.828e-01
3.650e+00 1.393e-01
3.660e+00 5.631e-01
3.670e+00 5.127e-01
3.680e+00 -6.912e-03
3.690e+00 -3.209e-02
3.700e+00 -1.736e-01
3.710e+00 4.229e-01
3.720e+00 1.595e-01
3.730e+00 4.644e-01
3.740e+00 -2.595e-03
3.750e+00 5.487e-01
3.760e+00 4.454e-01
3.770e+00 6.899e-01
3.780e+00 6.092e-01
3.790e+00 2.109e-01
3.800e+00 3.810e-01
3.810e+00 5.152e-01
3.820e+00 7.048e-01
3.830e+00 5.184e-01
3.840e+00 1.561e+00
3.850e+00 7.992e-01
3.860e+00 1.014e+00
3.870e+00 9.668e-01
3.880e+00 5.196e-01
3.890e+00 1.024e+00
3.900e+00 2.687e-01
3.910e+00 -1.865e-02
3.920e+00 5.075e-01
3.930e+00 4.215e-01
3.940e+00 6.879e-01
3.950e+00 7.700e-01
3.960e+00 9.053e-01
3.970e+00 7.596e-01
3.980e+00 5.874e-01
3.990e+00 8.175e-01
4.000e+00 5.277e-01
4.010e+00 7.024e-01
4.020e+00 5.410e-01
4.030e+00 1.535e-01
4.040e+00 3.096e-01
4.050e+00 -2.376e-01
4.060e+00 9.260e-02
4.070e+00 3.458e-01
4.080e+00 1.187e-01
4.090e+00 4.515e-01
4.100e+00 8.132e-02
4.110e+00 1.977e-01
4.120e+00 3.877e-01
4.130e+00 3.059e-01
4.140e+00 7.886e-01
4.150e+00 8.354e-01
4.160e+00 9.471e-01
4.170e+00 7.788e-01
4.180e+00 2.223e-01
4.190e+00 4.084e-01
4.200e+00 1.742e-01
4.210e+00 2.573e-01
4.220e+00 5.808e-01
4.230e+00 4.674e-01
4.240e+00 4.179e-01
4.250e+00 4.252e-01
4.260e+00 8.827e-01
4.270e+00 5.880e-01
4.280e+00 1.104e+00
4.290e+00 5.757e-01
4.300e+00 8.283e-01
4.310e+00 1.868e-01
4.320e+00 6.300e-01
4.330e+00 5.350e-01
4.340e+00 7.282e-01
4.350e+00 1.008e+00
4.360e+00 2.053e-01
4.370e+00 1.198e+00
4.380e+00 9.884e-01
4.390e+00 3.905e-01
4.400e+00 6.091e-01
4.410e+00 2.412e-02
4.420e+00 2.692e-01
4.430e+00 6.229e-01
4.440e+00 4.051e-01
4.450e+00 2.025e-01
4.460e+00 5.874e-01
4.470e+00 4.448e-01
4.480e+00 5.468e-01
4.490e+00 3.434e-01
4.500e+00 8.251e-01
4.510e+00 4.197e-01
4.520e+00 1.266e-01
4.530e+00 1.037e+00
4.540e+00 4.560e-01
4.550e+00 6.209e-01
4.560e+00 1.417e+00
4.570e+00 8.632e-01
4.580e+00 1.067e+00
4.590e+00 4.769e-01
4.600e+00 7.567e-01
4.610e+00 6.936e-01
4.620e+00 2.234e-01
4.630e+00 1.122e+00
4.640e+00 8.069e-01
4.650e+00 5.993e-01
4.660e+00 4.595e-01
4.670e+00 7.521e-01
4.680e+00 3.355e-01
4.690e+00 7.629e-01
4.700e+00 8.589e-01
4.710e+00 7.702e-01
4.720e+00 1.145e+00
4.730e+00 9.624e-01
4.740e+00 1.082e+00
4.750e+00 1.132e+00
4.760e+00 9.084e-01
4.770e+00 8.492e-01
4.780e+00 7.436e-01
4.790e+00 1.068e+00
4.800e+00 5.299e-01
4.810e+00 8.166e-01
4.820e+00 9.374e-01
4.830e+00 6.885e-01
4.840e+00 1.005e+00
4.850e+00 6.578e-01
4.860e+00 7.055e-01
4.870e+00 9.915e-01
4.880e+00 7.364e-01
4.890e+00 4.554e-01
4.900e+00 1.220e-01
4.910e+00 7.706e-01
4.920e+00 6.087e-01
4.930e+00 4.820e-01
4.940e+00 6.187e-01
4.950e+00 5.249e-01
4.960e+00 2.949e-01
4.970e+00 5.087e-02
4.980e+00 1.262e-01
4.990e+00 1.263e-01
-5.000e+00 -9.594e-02
-4.990e+00 3.009e-02
-4.980e+00 1.074e-01
-4.970e+00 2.241e-01
-4.960e+00 8.972e-02
-4.950e+00 2.989e-01
-4.940e+00 2.461e-01
-4.930e+00 4.722e-01
-4.920e+00 4.363e-01
-4.910e+00 3.724e-01
-4.900e+00 2.168e-01
-4.890e+00 3.621e-01
-4.880e+00 5.559e-01
-4.870e+00 6.844e-01
-4.860e+00 1.054e+00
-4.850e+00 6.446e-01
-4.840e+00 3.176e-01
-4.830e+00 9.065e-01
-4.820e+00 6.887e-01
-4.810e+00 3.952e-01
-4.800e+00 6.374e-01
-4.790e+00 7.071e-01
-4.780e+00 9.383e-01
-4.770e+00 1.044e+00
-4.760e+00 8.308e-01
-4.750e+00 8.105e-01
-4.740e+00 9.432e-01
-4.730e+00 9.264e-01
-4.720e+00 1.050e+00
-4.710e+00 9.760e-01
-4.700e+00 6.121e-01
-4.690e+00 6.469e-01
-4.680e+00 6.337e-01
-4.670e+00 5.729e-01
-4.660e+00 1.909e-01
-4.650e+00 7.940e-01
-4.640e+00 1.785e-01
-4.630e+00 2.331e-01
-4.620e+00 2.727e-01
-4.610e+00 2.306e-01
-4.600e+00 8.042e-01
-4.590e+00 9.205e-01
-4.580e+00 1.119e+00
-4.570e+00 1.132e+00
-4.560e+00 1.026e+00
-4.550e+00 1.056e+00
-4.540e+00 9.417e-01
-4.530e+00 1.501e-01
-4.520e+00 6.140e-01
-4.510e+00 6.500e-01
-4.500e+00 6.176e-01
-4.490e+00 9.813e-01
-4.480e+00 4.760e-01
-4.470e+00 4.639e-01
-4.460e+00 1.488e-01
-4.450e+00 3.614e-01
-4.440e+00 6.707e-01
-4.430e+00 4.283e-01
-4.420e+00 1.045e+00
-4.410e+00 7.545e-01
-4.400e+00 4.210e-01
-4.390e+00 9.309e-01
-4.380e+00 8.292e-01
-4.370e+00 7.515e-01
-4.360e+00 4.418e-01
-4.350e+00 4.308e-01
-4.340e+00 9.025e-01
-4.330e+00 5.340e-01
-4.320e+00 2.725e-02
-4.310e+00 3.135e-01
-4.300e+00 4.541e-01
-4.290e+00 6.875e-01
-4.280e+00 8.112e-01
-4.270e+00 6.952e-01
-4.260e+00 8.647e-01
-4.250e+00 4.611e-01
-4.240e+00 6.966e-01
-4.230e+00 5.743e-01
-4.220e+00 5.181e-01
-4.210e+00 5.207e-01
-4.200e+00 3.701e-01
-4.190e+00 9.732e-02
-4.180e+00 3.591e-01
-4.170e+00 5.601e-01
-4.160e+00 7.420e-01
-4.150e+00 6.203e-01
-4.140e+00 4.608e-01
-4.130e+00 6.731e-01
-4.120e+00 3.573e-01
-4.110e+00 4.656e-01
-4.100e+00 5.626e-01
-4.090e+00 4.284e-01
-4.080e+00 7.730e-01
-4.070e+00 -2.504e-01
-4.060e+00 2.566e-01
-4.050e+00 2.282e-01
-4.040e+00 -1.742e-02
-4.030e+00 1.784e-02
-4.020e+00 -1.127e-01
-4.010e+00 1.230e-01
-4.000e+00 5.833e-01
-3.990e+00 2.401e-01
-3.980e+00 7.941e-01
-3.970e+00 1.082e+00
-3.960e+00 3.728e-01
-3.950e+00 7.082e-01
-3.940e+00 1.707e-01
-3.930e+00 3.929e-01
-3.920e+00 6.181e-01
-3.910e+00 7.451e-01
-3.900e+00 5.238e-01
-3.890e+00 3.531e-01
-3.880e+00 7.390e-01
-3.870e+00 4.841e-01
-3.860e+00 9.768e-01
-3.850e+00 4.331e-01
-3.840e+00 8.547e-01
-3.830e+00 6.484e-01
-3.820e+00 6.450e-01
-3.810e+00 9.137e-01
-3.800e+00 4.474e-01
-3.790e+00 4.540e-01
-3.780e+00 3.407e-01
-3.770e+00 5.206e-01
-3.760e+00 6.904e-01
-3.750e+00 7.796e-01
-3.740e+00 5.396e-01
-3.730e+00 7.945e-01
-3.720e+00 6.311e-01
-3.710e+00 4.174e-01
-3.700e+00 6.218e-01
-3.690e+00 4.304e-01
-3.680e+00 -5.646e-04
-3.670e+00 4.557e-02
-3.660e+00 2.099e-01
-3.650e+00 2.747e-01
-3.640e+00 4.694e-01
-3.630e+00 -4.979e-02
-3.620e+00 4.753e-01
-3.610e+00 2.899e-01
-3.600e+00 7.798e-01
-3.590e+00 4.358e-01
-3.580e+00 4.714e-01
-3.570e+00 7.729e-01
-3.560e+00 4.191e-01
-3.550e+00 5.721e-01
-3.540e+00 2.077e-01
-3.530e+00 -3.421e-02
-3.520e+00 2.591e-01
-3.510e+00 5.126e-01
-3.500e+00 3.205e-01
-3.490e+00 7.284e-01
-3.480e+00 1.210e+00
-3.470e+00 9.963e-01
-3.460e+00 7.036e-01
-3.450e+00 4.852e-01
-3.440e+00 1.761e-01
-3.430e+00 -1.203e-01
-3.420e+00 2.840e-01
-3.410e+00 5.776e-02
-3.400e+00 1.846e-01
-3.390e+00 1.027e-02
-3.380e+00 3.690e-02
-3.370e+00 1.611e-01
-3.360e+00 3.424e-01
-3.350e+00 6.920e-02
-3.340e+00 9.315e-01
-3.330e+00 1.797e-01
-3.320e+00 2.523e-01
-3.310e+00 3.663e-01
-3.300e+00 5.138e-01
-3.290e+00 1.289e+00
-3.280e+00 3.556e-01
-3.270e+00 4.627e-01
-3.260e+00 3.261e-01
-3.250e+00 1.219e-01
-3.240e+00 3.575e-01
-3.230e+00 5.559e-01
-3.220e+00 1.212e+00
-3.210e+00 6.970e-01
-3.200e+00 1.320e+00
-3.190e+00 4.912e-01
-3.180e+00 7.104e-01
-3.170e+00 7.878e-01
-3.160e+00 1.217e+00
-3.150e+00 1.038e+00
-3.140e+00 6.330e-01
-3.130e+00 8.605e-01
-3.120e+00 3.366e-01
-3.110e+00 9.342e-01
-3.100e+00 4.861e-01
-3.090e+00 2.359e-01
-3.080e+00 5.528e-01
-3.070e+00 3.406e-01
-3.060e+00 6.757e-01
-3.050e+00 3.773e-01
-3.040e+00 9.000e-01
-3.030e+00 1.063e+00
-3.020e+00 9.282e-01
-3.010e+00 7.548e-01
-3.000e+00 1.489e+00
-2.990e+00 7.461e-01
-2.980e+00 3.093e-01
-2.970e+00 3.596e-01
-2.960e+00 4.289e-01
-2.950e+00 4.290e-01
-2.940e+00 2.563e-01
-2.930e+00 8.479e-02
-2.920e+00 5.320e-01
-2.910e+00 5.245e-01
-2.900e+00 2.447e-01
-2.890e+00 3.978e-01
-2.880e+00 1.472e-01
-2.870e+00 4.349e-01
-2.860e+00 7.661e-01
-2.850e+00 1.034e-01
-2.840e+00 4.492e-01
-2.830e+00 2.947e-01
-2.820e+00 3.076e-01
-2.810e+00 6.838e-01
-2.800e+00 1.126e+00
-2.790e+00 7.133e-01
-2.780e+00 8.852e-01
-2.770e+00 5.151e-01
-2.760e+00 -1.036e-01
-2.750e+00 -6.719e-02
-2.740e+00 -1.997e-02
-2.730e+00 4.419e-01
-2.720e+00 3.092e-01
-2.710e+00 8.079e-01
-2.700e+00 3.238e-01
-2.690e+00 9.634e-01
-2.680e+00 9.115e-01
-2.670e+00 5.744e-01
-2.660e+00 7.536e-01
-2.650e+00 2.788e-01
-2.640e+00 3.743e-01
-2.630e+00 1.077e+00
-2.620e+00 7.298e-01
-2.610e+00 7.892e-01
-2.600e+00 7.643e-01
-2.590e+00 -8.823e-02
-2.580e+00 4.743e-01
-2.570e+00 8.067e-01
-2.560e+00 1.160e+00
-2.550e+00 7.077e-01
-2.540e+00 1.127e+00
-2.530e+00 6.655e-01
-2.520e+00 8.032e-01
-2.510e+00 6.998e-01
-2.500e+00 5.573e-01
-2.490e+00 7.684e-01
-2.480e+00 5.132e-01
-2.470e+00 5.303e-01
-2.460e+00 -2.018e-01
-2.450e+00 1.714e-01
-2.440e+00 1.619e-01
-2.430e+00 3.673e-01
-2.420e+00 4.137e-01
-2.410e+00 2.958e-01
-2.400e+00 1.478e-01
-2.390e+00 1.759e-01
-2.380e+00 1.536e-01
-2.370e+00 1.056e-01
-2.360e+00 5.840e-01
-2.350e+00 5.638e-01
-2.340e+00 -2.688e-02
-2.330e+00 -2.106e-01
-2.320e+00 5.446e-01
-2.310e+00 1.364e-01
-2.300e+00 1.580e-01
-2.290e+00 4.953e-01
-2.280e+00 -4.455e-02
-2.270e+00 9.602e-01
-2.260e+00 7.441e-01
-2.250e+00 8.522e-01
-2.240e+00 1.005e+00
-2.230e+00 6.549e-01
-2.220e+00 1.821e-01
-2.210e+00 5.322e-02
-2.200e+00 7.446e-01
-2.190e+00 1.252e+00
-2.180e+00 7.282e-01
-2.170e+00 4.930e-01
-2.160e+00 4.781e-04
-2.150e+00 3.894e-01
-2.140e+00 5.550e-01
-2.130e+00 6.947e-01
-2.120e+00 1.402e+00
-2.110e+00 1.239e+00
-2.100e+00 9.540e-01
-2.090e+00 7.058e-01
-2.080e+00 9.212e-01
-2.070e+00 9.815e-01
-2.060e+00 9.597e-01
-2.050e+00 6.507e-01
-2.040e+00 7.280e-01
-2.030e+00 3.159e-01
-2.020e+00 -1.101e-01
-2.010e+00 3.573e-01
-2.000e+00 4.802e-01
-1.990e+00 7.847e-01
-1.980e+00 1.157e+00
-1.970e+00 4.309e-01
-1.960e+00 9.668e-01
-1.950e+00 1.042e+00
-1.940e+00 -1.241e-01
-1.930e+00 8.682e-01
-1.920e+00 3.944e-01
-1.910e+00 7.038e-01
-1.900e+00 1.121e+00
-1.890e+00 5.553e-01
-1.880e+00 6.473e-01
-1.870e+00 2.634e-01
-1.860e+00 1.948e-01
-1.850e+00 2.024e-01
-1.840e+00 1.828e-02
-1.830e+00 -1.149e-01
-1.820e+00 -4.573e-01
-1.810e+00 6.743e-01
-1.800e+00 1.722e-01
-1.790e+00 8.414e-01
-1.780e+00 4.380e-01
-1.770e+00 3.356e-01
-1.760e+00 7.553e-01
-1.750e+00 7.858e-01
-1.740e+00 1.713e+00
-1.730e+00 1.604e+00
-1.720e+00 1.332e+00
-1.710e+00 6.601e-01
-1.700e+00 8.659e-01
-1.690e+00 -2.070e-01
-1.680e+00 -5.615e-01
-1.670e+00 -1.306e+00
-1.660e+00 -7.783e-01
-1.650e+00 -6.623e-01
-1.640e+00 6.594e-01
-1.630e+00 7.894e-01
-1.620e+00 1.394e+00
-1.610e+00 8.434e-01
-1.600e+00 -1.007e-01
-1.590e+00 -9.732e-02
-1.580e+00 8.775e-01
-1.570e+00 3.519e-01
-1.560e+00 1.866e+00
-1.550e+00 1.491e+00
-1.540e+00 8.048e-01
-1.530e+00 1.805e+00
-1.520e+00 1.136e+00
-1.510e+00 5.463e-01
-1.500e+00 7.411e-01
-1.490e+00 1.391e+00
-1.480e+00 8.162e-01
-1.470e+00 7.472e-01
-1.460e+00 1.444e+00
-1.450e+00 1.127e+00
-1.440e+00 1.221e+00
-1.430e+00 3.811e-01
-1.420e+00 1.165e+00
-1.410e+00 1.365e+00
-1.400e+00 1.225e+00
-1.390e+00 6.281e-01
-1.380e+00 1.861e-01
-1.370e+00 7.305e-01
-1.360e+00 1.146e+00
-1.350e+00 1.086e+00
-1.340e+00 1.024e+00
-1.330e+00 1.161e+00
-1.320e+00 7.777e-01
-1.310e+00 2.937e-01
-1.300e+00 1.101e+00
-1.290e+00 2.728e-02
-1.280e+00 5.655e-01
-1.270e+00 9.866e-01
-1.260e+00 6.970e-01
-1.250e+00 4.031e-01
-1.240e+00 5.942e-01
-1.230e+00 -7.922e-02
-1.220e+00 4.752e-01
-1.210e+00 1.423e+00
-1.200e+00 -9.026e-03
-1.190e+00 2.221e-01
-1.180e+00 7.367e-01
-1.170e+00 7.800e-01
-1.160e+00 1.067e+00
-1.150e+00 3.644e-01
-1.140e+00 3.775e-01
-1.130e+00 1.876e+00
-1.120e+00 1.497e+00
-1.110e+00 3.431e-01
-1.100e+00 8.107e-01
-1.090e+00 3.301e-01
-1.080e+00 2.488e-02
-1.070e+00 1.335e+00
-1.060e+00 8.501e-01
-1.050e+00 8.789e-01
-1.040e+00 8.273e-01
-1.030e+00 -3.655e-01
-1.020e+00 1.402e+00
-1.010e+00 1.553e+00
-1.000e+00 5.168e-01
-9.900e-01 7.413e-01
-9.800e-01 1.438e+00
-9.700e-01 5.366e-01
-9.600e-01 2.205e+00
-9.500e-01 1.907e+00
-9.400e-01 1.726e+00
-9.300e-01 6.746e-02
-9.200e-01 7.168e-01
-9.100e-01 8.592e-01
-9.000e-01 2.892e-01
-8.900e-01 -2.055e-01
-8.800e-01 3.426e-01
-8.700e-01 -1.691e-02
-8.600e-01 1.911e+00
-8.500e-01 5.708e-01
-8.400e-01 2.989e-01
-8.300e-01 1.152e+00
-8.200e-01 6.591e-01
-8.100e-01 2.132e+00
-8.000e-01 8.224e-01
-7.900e-01 9.363e-01
-7.800e-01 7.014e-01
-7.700e-01 -3.038e-01
-7.600e-01 9.186e-01
-7.500e-01 1.180e+00
-7.400e-01 3.200e-01
-7.300e-01 -1.523e-01
-7.200e-01 1.129e+00
-7.100e-01 1.249e+00
-7.000e-01 3.246e+00
-6.900e-01 1.039e+00
-6.800e-01 1.313e+00
-6.700e-01 1.293e+00
-6.600e-01 1.524e+00
-6.500e-01 1.401e+00
-6.400e-01 2.549e+00
-6.300e-01 8.137e-01
-6.200e-01 4.960e-01
-6.100e-01 1.392e+00
-6.000e-01 8.460e-02
-5.900e-01 8.179e-01
-5.800e-01 1.038e+00
-5.700e-01 1.211e+00
-5.600e-01 2.599e+00
-5.500e-01 2.958e+00
-5.400e-01 1.216e+00
-5.300e-01 -5.618e-02
-5.200e-01 -4.020e-01
-5.100e-01 3.931e-01
-5.000e-01 1.692e+00
-4.900e-01 1.451e+00
-4.800e-01 1.165e+00
-4.700e-01 4.715e-01
-4.600e-01 9.192e-02
-4.500e-01 -2.944e-01
-4.400e-01 6.961e-01
-4.300e-01 -1.363e-01
-4.200e-01 1.482e-01
-4.100e-01 1.006e-02
-4.000e-01 1.170e+00
-3.900e-01 2.474e-01
-3.800e-01 -1.045e+00
-3.700e-01 1.948e+00
-3.600e-01 1.746e+00
-3.500e-01 1.025e+00
-3.400e-01 3.221e-01
-3.300e-01 -2.773e+00
-3.200e-01 -3.951e-01
-3.100e-01 2.569e-01
-3.000e-01 1.234e+00
-2.900e-01 1.344e+00
-2.800e-01 1.637e-01
-2.700e-01 -4.279e-01
-2.600e-01 2.008e+00
-2.500e-01 6.073e-01
-2.400e-01 -5.478e-01
-2.300e-01 1.183e+00
-2.200e-01 5.408e-01
-2.100e-01 1.407e-01
-2.000e-01 2.659e+00
-1.900e-01 3.331e+00
-1.800e-01 1.575e+00
-1.700e-01 3.138e+00
-1.600e-01 2.501e+00
-1.500e-01 -1.475e+00
-1.400e-01 5.852e-01
-1.300e-01 -1.263e+00
-1.200e-01 1.019e+00
-1.100e-01 5.420e+00
-1.000e-01 6.147e-01
-9.000e-02 1.832e+00
-8.000e-02 1.786e-01
-7.000e-02 -7.383e-01
-6.000e-02 6.204e+00
-5.000e-02 9.392e-01
-4.000e-02 1.202e+01
-3.000e-02 1.767e+01
-2.000e-02 2.304e+01
-1.000e-02 5.798e+01
