1.146572334268241899e+00
1.050350600757822495e+00
1.312599707497422719e+00
1.046369084033997865e+00
7.311978530793152853e-01
7.832487384320486745e-01
1.179971453401371884e+00
1.317576966656231807e+00
1.580502816439164349e+00
1.261252020387487072e+00
5.642693547163187828e-01
7.089098144395141743e-01
5.869192818689064062e-01
6.647927106194113644e-01
5.619532069436136146e-01
5.598711631348864959e-01
7.760360321307360199e-01
9.087822221969029668e-01
1.179034273940935185e+00
8.745541490264885365e-01
1.096549474224058240e+00
1.079642798066450693e+00
1.415530004253110041e+00
7.977934344528979649e-01
1.137347035882950053e+00
1.317348071338000803e+00
1.155395927792838950e+00
1.204869923083308869e+00
6.914650801290102011e-01
7.940150385181392600e-01
9.913429877512808241e-01
7.769973796571989499e-01
1.068379982673888895e+00
1.085630093502670146e+00
9.515297412407783817e-01
1.045931224209177390e+00
1.327534816635401516e+00
1.104569441309862565e+00
8.976027285368184394e-01
9.236250884530009531e-01
1.342869458803181759e+00
1.553019685363638658e+00
1.143870475977638801e+00
7.224195302843718913e-01
1.210522770668534420e+00
8.297033019059453229e-01
8.572429796658720402e-01
1.063902756574333308e+00
1.077928490985784471e+00
1.019861194199817023e+00
1.316182338877168956e+00
1.083863401215644728e+00
1.248256999286126323e+00
1.249463366467548298e+00
1.109235763404969877e+00
9.891761055577482642e-01
1.270081079604013841e+00
1.378431513566076738e+00
1.357590251921341640e+00
1.624352824038954868e+00
1.428683280679198475e+00
1.587955952316081554e+00
1.481054634088612598e+00
1.535211550170808570e+00
8.621062924507364444e-01
9.041328579553148392e-01
8.060929310835209805e-01
7.398687015744008777e-01
1.194802191359022103e+00
1.454376012861502865e+00
1.360478981879311267e+00
1.324149190160075040e+00
1.213827638369766149e+00
1.296787370104377279e+00
1.035974932201054743e+00
5.973828334424572395e-01
4.515502092407415180e-01
7.240095805790898176e-01
9.367533919564767775e-01
7.936296307861796517e-01
1.179929663158110875e+00
1.189000526324028861e+00
1.149918525835810890e+00
1.228329754641057647e+00
1.227495983917322953e+00
1.116276076755394975e+00
9.142257287541375455e-01
9.041678916782052156e-01
8.828449214089066910e-01
1.000662269550402828e+00
1.505256306371173691e+00
1.321760513424502959e+00
1.215029640349036821e+00
1.063721287441716346e+00
1.011306490787501566e+00
8.358227840060179492e-01
9.425703622626617761e-01
8.214282764240116164e-01
1.196425429974850907e+00
1.106017752105970420e+00
1.202338291868646936e+00
1.243362942993261555e+00
1.126874070020636776e+00
8.436933341081003235e-01
1.166083375109388420e+00
1.353597738003259554e+00
1.145844541031177277e+00
1.033854612447342003e+00
1.312707851270561665e+00
1.283435219306148234e+00
1.403271130415322698e+00
1.225018887529723877e+00
1.282906546844776674e+00
1.335768165153513820e+00
1.614538588571145183e+00
1.396188156050382378e+00
1.276614511490320236e+00
1.063030726971526896e+00
8.381872322672203612e-01
1.295816403138502881e+00
1.155048840958545764e+00
1.153210144077053245e+00
7.768787953375462241e-01
7.928056151720486167e-01
7.731462115753773290e-01
9.200723557946224318e-01
1.278526454575920512e+00
1.235129035038308398e+00
9.926212293005942655e-01
9.827702431982363596e-01
1.089586815834911127e+00
8.121099154520947661e-01
9.024229068235123385e-01
9.278093018409947490e-01
8.300069365538864652e-01
5.706257829057962416e-01
8.309808334125998730e-01
9.567857964362539436e-01
8.288509818989584499e-01
1.315449917786899459e+00
1.184363926311023940e+00
1.675758226212878066e+00
1.136640468803845394e+00
1.583121713898835825e+00
1.499609324487921613e+00
1.478691509177885832e+00
1.234166348167122340e+00
1.185814237742421007e+00
9.985845707589470210e-01
9.114991443815141370e-01
7.024292683015898042e-01
1.009551867095812128e+00
1.409882966670855442e+00
1.291831360081757918e+00
1.222200583919282213e+00
1.495070229949777119e+00
1.502050735460067621e+00
1.187015565032544462e+00
1.088330243310269507e+00
1.098463267535498389e+00
1.154096269940966479e+00
1.560517464478688776e+00
1.016072547548768634e+00
8.458941066405625264e-01
1.175081320595463108e+00
7.504291577797486124e-01
7.620509568906808084e-01
9.461255298057197338e-01
9.205803116504196471e-01
8.301881835765638762e-01
9.342844784258541591e-01
9.771446618519157301e-01
6.979605231555477962e-01
1.153061834154858634e+00
1.078457622964940743e+00
1.044961702107728652e+00
1.271035153231584225e+00
1.179239603682929571e+00
8.897902683658800438e-01
7.303916339913860689e-01
1.365483003406054330e+00
1.060158401090274927e+00
1.551583956057712044e+00
1.428177173664523458e+00
1.093441687469435486e+00
9.875670961936869885e-01
9.639312653486260540e-01
8.114143941872503651e-01
6.940660616128906391e-01
1.154554852574106505e+00
1.436482685222130407e+00
1.320371995365581475e+00
1.107349068676077852e+00
1.355021186130331845e+00
1.014423966874731908e+00
1.550620675005593974e+00
1.334316243041861805e+00
1.218792816503652343e+00
1.416694702423180630e+00
1.167741241746305558e+00
1.468279361665089100e+00
1.290412642819882993e+00
1.160851675724868581e+00
1.254539141716703554e+00
1.362146111744488408e+00
1.303845251744165434e+00
1.502357116189082076e+00
1.099186148105465888e+00
1.367493216027223957e+00
1.223044567920968717e+00
1.227717741595904855e+00
1.304022582696381605e+00
1.361462258679742021e+00
9.758308486691295025e-01
9.720709286404409788e-01
1.049851445176522180e+00
9.810829685008203294e-01
1.369814003661826707e+00
1.553092900253099096e+00
1.072685826913107876e+00
8.433390093528105869e-01
1.077496283015843215e+00
1.135299788702027968e+00
6.142348899350680291e-01
5.949367233335421945e-01
9.806386445899568649e-01
1.341466967647177100e+00
1.160709703187018604e+00
7.464408884507494069e-01
9.315041255133708065e-01
1.019517042826520781e+00
8.383136781299755924e-01
8.981106436861034936e-01
8.865019795652415713e-01
1.050587394257653795e+00
1.146422173178649029e+00
8.682037186598949852e-01
1.012948436211059455e+00
1.011433066249016077e+00
1.006262238095518402e+00
1.039743798041003808e+00
9.263934228236199164e-01
4.888592934643029020e-01
4.967353408401085080e-01
1.137931961859650620e+00
8.462371728319009190e-01
4.626121937670718554e-01
1.024697480319474607e+00
1.274936754837066033e+00
1.070865328959032414e+00
1.003563434547905864e+00
1.292038362454285272e+00
1.407679499554967073e+00
1.327624057769596577e+00
1.474651363741192212e+00
1.289034677804937967e+00
1.613772074138417612e+00
1.521122805628319252e+00
1.632416988142290970e+00
1.396971000273505847e+00
1.374184586926558982e+00
1.138910791683927393e+00
1.014699802511957349e+00
1.262971474740118172e+00
9.446388736637314487e-01
1.282420146956933849e+00
1.252384241274475674e+00
6.776907984766358251e-01
7.692721146217346151e-01
1.050496196459136611e+00
8.481359477992673757e-01
5.696918388695235702e-01
6.839754113368413657e-01
8.386845175735186952e-01
9.093775652331645976e-01
1.168901100413915373e+00
9.915940930878506254e-01
9.671091766808697088e-01
9.263695273805265806e-01
1.034619577134620716e+00
1.255561762512877877e+00
1.438694287503661240e+00
1.338316601160611796e+00
1.215162217859713234e+00
7.489182241816878527e-01
7.095589063483367376e-01
9.048150166349023804e-01
1.008034159739398028e+00
1.557373510493882840e+00
1.264604466688231010e+00
1.389411369612210789e+00
1.369266506965026053e+00
1.367303689748804896e+00
1.107438730879359401e+00
1.408243262137031548e+00
9.841749538380065720e-01
7.072393636548237605e-01
9.344149972303508189e-01
1.286758143867483106e+00
1.036831132536760069e+00
1.279346326883612051e+00
1.310239128284785171e+00
1.506428121363826200e+00
1.076057327932730789e+00
1.173033555163601527e+00
1.152352821804368599e+00
1.035315370670589985e+00
9.466914658190036524e-01
7.860478416153985348e-01
8.576844130287455403e-01
1.036112184120267843e+00
9.720757375890569651e-01
9.707118806366552555e-01
1.058793671473670095e+00
1.359953918649795757e+00
1.131314690916588539e+00
1.133678045151444103e+00
9.292721244901838151e-01
1.107216743792816427e+00
1.150279588615140458e+00
9.627499070074554410e-01
1.113498637810973912e+00
1.056035553655029435e+00
7.334741725015675451e-01
7.142031346537438541e-01
9.606197711882720203e-01
8.407857986441213960e-01
1.324381347383824181e+00
1.084982755207065441e+00
1.437828448752623167e+00
1.460748348089218496e+00
1.426254736003151224e+00
1.390585830234331244e+00
1.307780632400673770e+00
1.612294103921613875e+00
1.313082504088796565e+00
1.559736452522502148e+00
1.533067674409063219e+00
1.491209446100564051e+00
1.081825210129344406e+00
1.196849302713850483e+00
1.002751075918134172e+00
5.266527698931511292e-01
4.786268432675646611e-01
3.868525761131039742e-01
8.615248132101973599e-01
8.155446069830230016e-01
8.597208256266721804e-01
7.462659367212961525e-01
1.675347657209841579e+00
1.456448299926441869e+00
1.439814855758695833e+00
1.404950988334389361e+00
1.113628734393136366e+00
1.355444290974124666e+00
1.319870265809041765e+00
1.410945004415997905e+00
1.255041355529001645e+00
7.859056885869535325e-01
1.056151771540001727e+00
8.918204161288376675e-01
8.202380934303437066e-01
6.541134605604732588e-01
7.454554726467714776e-01
1.110685551598864285e+00
4.436757820947009323e-01
9.477504532049134678e-01
9.913816191494011498e-01
1.199740116108214849e+00
1.135188407299558389e+00
9.586827523571905818e-01
6.493618276047399274e-01
9.057476088200124842e-01
9.712772491628200999e-01
1.103619767077857139e+00
1.132621913160110738e+00
8.093243934285127006e-01
1.006211868696962108e+00
1.228217351866585094e+00
1.001258807278501139e+00
1.267041186080517523e+00
1.048279655532919685e+00
7.682764462438921305e-01
1.304333051686836775e+00
1.131746572303381715e+00
1.001167831128278118e+00
9.952019306345512017e-01
1.100172692374275618e+00
1.099167659565096322e+00
1.333739010748626885e+00
1.373857883353887921e+00
1.487752072465947428e+00
1.196994319225560766e+00
1.390105189214480230e+00
1.191655442983738933e+00
9.118808834313868461e-01
9.333437378617133184e-01
8.640836125905695386e-01
6.290276874464775236e-01
1.125998764813609387e+00
1.268705656016003047e+00
1.032475184065653195e+00
7.054703115396476765e-01
1.142668948770371173e+00
8.605985049692789213e-01
7.223382675587775026e-01
5.370390537099491990e-01
6.792447402704309134e-01
8.543861575220627058e-01
1.108723056823087472e+00
1.069850105998768175e+00
1.360395644186688235e+00
1.588839581957837144e+00
1.194590326232726429e+00
1.238720249028828047e+00
1.170634987086419443e+00
1.119091256146913294e+00
1.313871662689699127e+00
1.539524038866574962e+00
1.302060288120734821e+00
1.457283593576777392e+00
1.114038466607252698e+00
1.144777966031878202e+00
1.093511666508132585e+00
9.645231948253440990e-01
8.696323210704115514e-01
1.004595146107653436e+00
5.795669639018776742e-01
1.034703569799086731e+00
5.105523912643725737e-01
6.253091669972354882e-01
8.120499993472748423e-01
8.180095498500268292e-01
8.125628610655066808e-01
1.059576728944255919e+00
1.403924883383486755e+00
1.112544672118424227e+00
1.493588764708214001e+00
1.466752161629502726e+00
1.012868917538918723e+00
9.568143306988056151e-01
1.282364704456558258e+00
1.244278180413071588e+00
1.376631303400068784e+00
1.196500795198211620e+00
1.112806460141273268e+00
6.979886240935830877e-01
5.388463003811140295e-01
1.385820633988974482e+00
1.339669645128153119e+00
1.127826727791102934e+00
1.127764393732591852e+00
1.216391765050219842e+00
1.267873236036738405e+00
1.230661618540976221e+00
1.110360272803577963e+00
1.253427179670544955e+00
1.167324344282205217e+00
1.142433732150012871e+00
1.338294690671484766e+00
1.363503468961973830e+00
1.573299150394805501e+00
1.014310659142025894e+00
1.301095986203878230e+00
1.283574771129307956e+00
1.352815521433659018e+00
1.503330759886981838e+00
1.144886557439939834e+00
1.006474177407469472e+00
7.345812483767661938e-01
1.075962945429332906e+00
1.267436300045333697e+00
1.180972780612877138e+00
1.015625219168540427e+00
9.620214334170549275e-01
6.858941981889443706e-01
6.376486019107860947e-01
7.701106514137227022e-01
7.271421639133466286e-01
8.624161015002231867e-01
1.083794814472313961e+00
1.256244929024179502e+00
1.414158764060242657e+00
1.362812197411036763e+00
1.421037952180798980e+00
1.156014685889126703e+00
1.256749789774079362e+00
9.066155314634105622e-01
9.354241802978844333e-01
1.363330676931186147e+00
7.951498413719843006e-01
1.097216446353977082e+00
1.052365720560633822e+00
9.627865598831876204e-01
8.414197921963488813e-01
7.712184119483230793e-01
7.949175723435679686e-01
8.644792970248716957e-01
8.566331237299218415e-01
1.041441220993619243e+00
1.375021190545567595e+00
1.165841567644330112e+00
1.079411529001474968e+00
1.372060273949540665e+00
1.128120235211656608e+00
1.166997042035171184e+00
1.101904918240148579e+00
1.026643414053937775e+00
8.428823947565259322e-01
1.049606225330754317e+00
1.261880802736975671e+00
1.145833130209391371e+00
1.059553303712485128e+00
1.342390111734349745e+00
1.101373754671487681e+00
1.066003996749074201e+00
8.599455059801088819e-01
8.046206503475460403e-01
9.648917000465861982e-01
1.107197904093894181e+00
1.125872200792643385e+00
1.190131000920428228e+00
9.511444245828865052e-01
9.098329799901359038e-01
7.910306895624461543e-01
1.508670216132328878e+00
1.465973899087866794e+00
1.443039670790177365e+00
1.538523865698731008e+00
1.050923588921663265e+00
1.158118107182374068e+00
1.514078846587947336e+00
1.247238535284699745e+00
1.462309798253686788e+00
1.455061616732883145e+00
1.073484606870906966e+00
1.064096969074807664e+00
9.388565525141365775e-01
1.431952060943819438e+00
1.538891225554661624e+00
7.287471969882874934e-01
5.605041046337569943e-01
1.338933520660879672e+00
9.823433844453097752e-01
9.603784360473970327e-01
6.083803110376577727e-01
8.301440480992838822e-01
8.636468596408743981e-01
8.337934943468012783e-01
1.210701047238630590e+00
1.360266088543859109e+00
1.419564920794729623e+00
1.193915464688250161e+00
1.161881459827124541e+00
1.020213562966738152e+00
1.157808315492772522e+00
1.168860946121439426e+00
1.235673395026747112e+00
1.345896416043375954e+00
1.055026790963665917e+00
1.321863215437906414e+00
1.467795382427896644e+00
1.459420509929634902e+00
1.470142979250450344e+00
1.475535829252821118e+00
1.428154015789291353e+00
1.477339397809881216e+00
1.650510260568475607e+00
1.293101386432450983e+00
1.467894440769859088e+00
1.284577507731328172e+00
1.547209783832154795e+00
7.891275147489713593e-01
1.453384403731515118e+00
1.399206270281749376e+00
1.369985410264656700e+00
1.587048745528074623e+00
1.312620979136488231e+00
1.234793688022925107e+00
1.468425957955655559e+00
9.233487367234084475e-01
1.326368633712257772e+00
1.405102872187692142e+00
1.239732602378617043e+00
1.360337659882337791e+00
1.314225465243222368e+00
1.434599960471247826e+00
8.025895233784940963e-01
6.746375955175913930e-01
1.106409842128211363e+00
1.199012337668513339e+00
1.301751837141984502e+00
1.587179982474871132e+00
1.385649740785507511e+00
1.517415727214086907e+00
1.020202166414982292e+00
9.170586637810203001e-01
1.101156748538882679e+00
1.142777719406620207e+00
1.417143708378293177e+00
1.088179149831750347e+00
1.143691876673526231e+00
1.483976433542368412e+00
1.195575087041436557e+00
9.322147710703154733e-01
8.879484401547550476e-01
1.310312123478264645e+00
1.084500057971319764e+00
1.191949213312240907e+00
1.103304107208499030e+00
1.425068453215595721e+00
1.052962272614445638e+00
1.056257123290162525e+00
1.293818251084075444e+00
1.051277245717704201e+00
1.208010702406965731e+00
1.656628942582481390e+00
1.160052508238378799e+00
1.185530119402975924e+00
1.536189699662522168e+00
1.305947190418349724e+00
1.189062894221797784e+00
1.223888176532852867e+00
1.630280590138836860e+00
9.258015130337302612e-01
7.323711692144589946e-01
9.028647523121688945e-01
1.324924274730956419e+00
1.185025302995442287e+00
1.085700044553994825e+00
1.156741471307973113e+00
1.181344572765335776e+00
1.235667051636005986e+00
1.301460583818781380e+00
1.336767682465802132e+00
6.978632071081674049e-01
6.160043409943708470e-01
6.948656886859463366e-01
1.081501931656724480e+00
1.018436965919147452e+00
7.518563525170707251e-01
1.267768630382048123e+00
1.063749046105754381e+00
1.394840573636601633e+00
1.020064233119035713e+00
1.170290556096665657e+00
9.426466651262763730e-01
1.155184736186047445e+00
1.116907060397885232e+00
1.031761720662212500e+00
1.225499094258974075e+00
8.596065864251849487e-01
8.009222300730121091e-01
1.094435928061694430e+00
1.224592005994682431e+00
1.307186279926229933e+00
1.367786175571998442e+00
1.481650596345327475e+00
1.349612154600774883e+00
1.259139302338984301e+00
1.167673232420178175e+00
1.413901752324044025e+00
8.696435279004018915e-01
1.191171044159741399e+00
1.099028326994086813e+00
1.307407444130613383e+00
1.326233866543471862e+00
1.585952172353510603e+00
1.248196742160873285e+00
9.504162730835843398e-01
8.288998608638952215e-01
1.186333065816223886e+00
8.846780977297701298e-01
9.419706000267027424e-01
9.108558337453278586e-01
9.369380359630941069e-01
1.282623827593828425e+00
1.284014574421849408e+00
1.156750197939959701e+00
1.146443051565769977e+00
1.131781850443028814e+00
1.360496293092078535e+00
9.535615343281209633e-01
1.251201732436681979e+00
1.418912710710381386e+00
1.508319342681118336e+00
1.346391481267409596e+00
1.285986364472416321e+00
1.469073955052504044e+00
1.577790026433229187e+00
9.337508629709427854e-01
1.145754176239922151e+00
1.236585072900135973e+00
1.064724340892888366e+00
1.201373419857388214e+00
1.332250647625182527e+00
7.386727866889435390e-01
6.402232003734531496e-01
1.167557249931238328e+00
1.047458484023106040e+00
7.157985040611181127e-01
7.502156430373851936e-01
1.067933627540074815e+00
1.565876948989512352e+00
1.282763954833067377e+00
1.389175574366216637e+00
1.442323108881097493e+00
1.512560612732735343e+00
1.498383868739185054e+00
1.378994810997674403e+00
1.315991916047724253e+00
1.117177799097893276e+00
1.352494147352391263e+00
1.207373915754111682e+00
8.891349976901279373e-01
1.078639568609376376e+00
1.410774427674527320e+00
1.311855363018660903e+00
1.413253218182513482e+00
1.326911414444584825e+00
1.063599128906763447e+00
1.045782454635391767e+00
1.227460539183571564e+00
1.006489761567488372e+00
1.058404640491645843e+00
1.382278157263696627e+00
1.406242787954352425e+00
1.128957316863332672e+00
5.399683705721518567e-01
1.142641894676017067e+00
9.491380249426437654e-01
1.109071129036391934e+00
1.568739730582421110e+00
1.521025739448713887e+00
1.364854537597297579e+00
1.127097317160828727e+00
1.280149881179485138e+00
1.284115925299558203e+00
1.054979865713826293e+00
1.358524582185935525e+00
1.381490135417595466e+00
1.052466329381704924e+00
1.532356345881274118e+00
1.408560929435511699e+00
1.501057090220703660e+00
1.341535753986099699e+00
1.288536323231547875e+00
1.232569215540477714e+00
1.126171323257534329e+00
1.190682245011260854e+00
1.120405933078507665e+00
1.230998238799013045e+00
1.125208599447683033e+00
1.105735373130916965e+00
1.058115502034895794e+00
1.206241999710449209e+00
1.046271587572824568e+00
1.390644021229023641e+00
1.485152468118927205e+00
1.240919441603484330e+00
8.659529711851150502e-01
9.110937694186830305e-01
1.042982528797611552e+00
1.012861183029298839e+00
9.210790581277463751e-01
1.357938782814475775e+00
1.303640597112232236e+00
1.080196306010917429e+00
1.160648439566989154e+00
8.300927556044725986e-01
1.028498559179951588e+00
9.610367166485840329e-01
1.040332791781571231e+00
1.194253910841912347e+00
1.259292967124344687e+00
1.183773778579342739e+00
1.300761742158279999e+00
1.174089282840490300e+00
1.016130580818221496e+00
1.140996049391470368e+00
9.104070936759294241e-01
1.108489400015004955e+00
1.274453127972586586e+00
1.286468809205844055e+00
1.331620386096183051e+00
1.290577216701367824e+00
1.637693635616895405e+00
1.412294504473282863e+00
1.117975004883241752e+00
1.083195981834505162e+00
1.106940606198050459e+00
1.515479404562445342e+00
1.247689907983221547e+00
1.496951536057007370e+00
1.463370075816997629e+00
1.477683123285717048e+00
1.157333396930522396e+00
1.403406344730810051e+00
1.367271734977780984e+00
6.940408511916136280e-01
1.045801900930135142e+00
1.380395039335388541e+00
1.179816270523567301e+00
1.382701568344805398e+00
1.545927379541257141e+00
1.336582688156290555e+00
1.258482406253593977e+00
1.374110956735171030e+00
1.383877596217273132e+00
1.315174454611055310e+00
9.258567995622544178e-01
1.398192755091257400e+00
9.850247856302756233e-01
1.131015480281501340e+00
1.051412294566758998e+00
9.048840184431806710e-01
8.225834851731230746e-01
6.557085323453750725e-01
4.380519249702862772e-01
5.835971972190000523e-01
6.037361090449047119e-01
6.888337172283147680e-01
5.167950539867328663e-01
6.428546225905944489e-01
3.256162566253445467e-01
5.627761247688282120e-01
6.962178529724767362e-01
7.734771804134488171e-01
4.874677478340979087e-01
7.978328436460850881e-01
4.410782921256934941e-01
4.766254485715648581e-01
1.169019695348740839e+00
1.361684761074335448e+00
1.575653977988229260e+00
1.481134809893283499e+00
1.319211402923181620e+00
1.085127471410802791e+00
1.059398228049102997e+00
1.141787460616535688e+00
1.209264459174687056e+00
1.617504959767656736e+00
1.374991555602485871e+00
1.388580573798999129e+00
1.491897130260419591e+00
1.192033511337817320e+00
1.503955682487207124e+00
1.250114159981275952e+00
1.369835239246774528e+00
1.367356911355449345e+00
7.084174836737768821e-01
6.660069289142851456e-01
9.089370756841970156e-01
5.492747503014092647e-01
3.721477068386330744e-01
5.738577548732659572e-01
1.117627241603430299e+00
8.434970976544329258e-01
1.182441014204796748e+00
1.099247099395124661e+00
7.863050971784799614e-01
6.731224140490394969e-01
1.175620142615748875e+00
1.500630661697784918e+00
1.346636300643864192e+00
9.486946999058593066e-01
1.212822029332399687e+00
1.050818109737503336e+00
1.154613695474261625e+00
1.463719432063998127e+00
1.451469059116608173e+00
8.411156088762857808e-01
1.127404367598774382e+00
1.362988228966473425e+00
1.576728740287997033e+00
1.546007029968525348e+00
1.704412497334487853e+00
1.492832739689478050e+00
1.431628371820425905e+00
1.249690256001178223e+00
1.026035424251187766e+00
1.523806329362540346e+00
1.175072713146255943e+00
9.584725300734352471e-01
6.978980342612000065e-01
9.837192265691794280e-01
1.028675791124068706e+00
1.178063691777047506e+00
1.210891672302323752e+00
1.618933552654147956e+00
1.324659991353036359e+00
1.310993265787238293e+00
1.145740746449886771e+00
1.164743422933081307e+00
1.043888358088636448e+00
1.001166050678362174e+00
1.198503945713484509e+00
1.271124151073356190e+00
1.356955497957980761e+00
1.398259934585923681e+00
1.411555416593596846e+00
1.090242145862147183e+00
1.275184351050151932e+00
9.680598500628332381e-01
1.007105838101499229e+00
1.171103843041508163e+00
1.090894997990894177e+00
8.870417625346205259e-01
8.706409226587572547e-01
9.045739057101118696e-01
4.173245093373436632e-01
7.581697521920023330e-01
1.492062806853542423e+00
1.437686030541561966e+00
1.525841789470651078e+00
1.522028668611730584e+00
9.522848939542131186e-01
1.042700105907981012e+00
1.297291441982528326e+00
1.068562618234320638e+00
1.326201294249346851e+00
1.386134834453244924e+00
1.343992317323626340e+00
1.361621307380655121e+00
1.164396467645987254e+00
1.177524653141731825e+00
1.122943931943954254e+00
1.173051262439934961e+00
8.985140501565169746e-01
1.230900909488680028e+00
1.132587132172722999e+00
7.416458714387933471e-01
8.031373683954539100e-01
6.273248326005815834e-01
7.507945925670609366e-01
1.190387104488214387e+00
1.159580011718938763e+00
1.373040920600683279e+00
1.502390428221170637e+00
1.517676786199498862e+00
1.488174747339500392e+00
1.161680748387154072e+00
1.269536096005678960e+00
1.431698971525336095e+00
1.494777076093789958e+00
1.104153127208469698e+00
1.234775498350944245e+00
1.461617190058504878e+00
9.587206655438693659e-01
1.045326210038193482e+00
1.091740637631911648e+00
1.469198406981231164e+00
1.137762804072626643e+00
1.269657400711053707e+00
1.214454794182512121e+00
1.170730383648557194e+00
1.204639161677141024e+00
1.027713985629299387e+00
1.167675093260376329e+00
1.297231009999270768e+00
1.582958406914520832e+00
1.592669278857120396e+00
1.195955979535002989e+00
9.839027954117319785e-01
9.696722551596093087e-01
9.090495461254519682e-01
8.567704234946788011e-01
9.443309195820301927e-01
6.836857054912104381e-01
5.589725669297447297e-01
4.611063971924722615e-01
9.101826977682402342e-01
6.382702658066463641e-01
9.753443514551058957e-01
9.585016188972292905e-01
1.213382812980692060e+00
1.046571793625701963e+00
1.061617005536565461e+00
1.113573559569546401e+00
1.261217309523427588e+00
1.101510379205127732e+00
1.115573785304192933e+00
8.938552944105888631e-01
1.125984730921226085e+00
1.276758400005072236e+00
1.073734031186404536e+00
8.412220010559173788e-01
8.425829250896708089e-01
1.148886710707496928e+00
1.095246599761829920e+00
1.311302505289821951e+00
1.241028994181877509e+00
1.397802204482999855e+00
1.590661253945989895e+00
1.440351437818708114e+00
1.165398049656182211e+00
1.358205234767567049e+00
1.210199747485341870e+00
1.447061860115918641e+00
1.223137893014128563e+00
7.513073147193285450e-01
9.982446497670653951e-01
1.080846009909080419e+00
1.214142096178675079e+00
1.039246904308988917e+00
8.597375064189802796e-01
1.033723746057015447e+00
8.728872496024637773e-01
7.211966180138539295e-01
9.088928396642594887e-01
8.341372322473954437e-01
9.421116157903086652e-01
1.122817485323853948e+00
8.144260502371927224e-01
1.017517145892112840e+00
1.175462816834458302e+00
1.586181500678358836e+00
1.218556555158483157e+00
1.133877676952335101e+00
1.312155709375800061e+00
1.283075927257121052e+00
1.159053342491167982e+00
1.320558073591096448e+00
1.167291324981459155e+00
1.085296214082365207e+00
1.169972320501694751e+00
1.149821474114174347e+00
1.278064921933152576e+00
1.059165670242218971e+00
4.523122229478325762e-01
3.730963453960844944e-01
9.672707213925051395e-01
9.160755997225691338e-01
9.319626828081399861e-01
1.194276771766764389e+00
9.994405649099277200e-01
1.043336866679652530e+00
1.154172874138443383e+00
8.106132616977759220e-01
1.364761527135500252e+00
1.101532823459964838e+00
1.463170497280645854e+00
1.538180029679457217e+00
1.138550783344977946e+00
1.154092961770480930e+00
1.386884457006447802e+00
1.212702738728714147e+00
1.615365187946238290e+00
1.151375596614760299e+00
1.001688743768702539e+00
1.302954033249793975e+00
1.391349345334512044e+00
1.227685092497688313e+00
1.048382485450413570e+00
9.154868286328479154e-01
1.011798863425934947e+00
6.480918375641031570e-01
7.892592871751316075e-01
8.294256718647112780e-01
8.980301372020735862e-01
1.305809902413707313e+00
1.160051981484863326e+00
1.554115800851310958e+00
1.497423914987628502e+00
1.332048954288775455e+00
1.389634643267264380e+00
1.462275397035019076e+00
1.137515908756137062e+00
7.430822561111176672e-01
9.462804043706014578e-01
1.023996373038910779e+00
1.470694262575843680e+00
1.223465675804794373e+00
1.463344435638942675e+00
1.609759456377078735e+00
1.557491998521512766e+00
1.484166517707952382e+00
1.337873758731422669e+00
1.443403734720653642e+00
1.333999259268546567e+00
1.123714506873027208e+00
9.823660709709338690e-01
1.030447303150852978e+00
1.129298397115691799e+00
1.216959838539985128e+00
1.126760969929439415e+00
1.151759279176440831e+00
1.301897223331832221e+00
1.050674339857907036e+00
6.054339319370238837e-01
5.472375435365677276e-01
9.829404564060546523e-01
8.677234400570954520e-01
9.925748573791486340e-01
9.802392272596932576e-01
9.017982136655369185e-01
1.312236514848238222e+00
1.102992323650999307e+00
8.131909478262270285e-01
7.691823203582135449e-01
7.723401393014696081e-01
9.742435573252653525e-01
1.019718314900594169e+00
1.036042993798780509e+00
1.444049153623270243e+00
1.338927206453422780e+00
1.455738170279330168e+00
1.494490699067855033e+00
1.390767209928318593e+00
1.224288606418338254e+00
1.445147952161217386e+00
1.313002150233589793e+00
1.106244734609270086e+00
8.280616051867303318e-01
1.082419742383758710e+00
8.182909471031724058e-01
9.083034897727229051e-01
1.169625591620431226e+00
9.236180418478256993e-01
9.165685579595137522e-01
1.046618779860675197e+00
1.131672296286400758e+00
1.043635144565119521e+00
1.003463578785291244e+00
1.177109524770005855e+00
8.558840803390745933e-01
5.476327313473778879e-01
7.568149347401997851e-01
7.972897133947000059e-01
9.514241785211090541e-01
1.091506168622966122e+00
1.209260111427870488e+00
1.261043451656412184e+00
1.511552395938370319e+00
1.376871391915578613e+00
1.193341192317270094e+00
1.236412773633912110e+00
9.113967740712097809e-01
1.172301193063965741e+00
1.232617680016091954e+00
1.141375451006992670e+00
1.043063850732974585e+00
1.309013458959153997e+00
1.269426561246216778e+00
1.237809658686442660e+00
1.023248828435276980e+00
1.282736537188955861e+00
1.189587213517939279e+00
1.393525699445302024e+00
1.370290130733728295e+00
1.409255755168179913e+00
1.032382594269909415e+00
1.297156390851579522e+00
1.103881754661506731e+00
1.427162217408412204e+00
1.132701580950267628e+00
8.849545180084732454e-01
8.735115663904662320e-01
9.198521159972082861e-01
8.097826273793744534e-01
1.067497871148696209e+00
1.023420558671944480e+00
8.239171461178670386e-01
9.784817384994202172e-01
1.216001334835817627e+00
1.137308523776948466e+00
1.151529207093386020e+00
1.457988895571747268e+00
1.057352091720158205e+00
1.097793446985890542e+00
7.359145735243917130e-01
9.665201923805530893e-01
8.299059142152381829e-01
5.149540808996520003e-01
5.419862239116648439e-01
7.844977718816497081e-01
1.304676269881656303e+00
1.472339082977081048e+00
1.459492860284905991e+00
1.115499650143902066e+00
1.348316084159187689e+00
1.287652363037353531e+00
1.308811588673932658e+00
1.272836003423815754e+00
9.326593863935639384e-01
1.325060646738848824e+00
1.493373145722847406e+00
9.911728671302064697e-01
1.052843676565167641e+00
1.043257461315099999e+00
9.440681352931910020e-01
1.002660560821553304e+00
1.151607876848360412e+00
1.378258921583910945e+00
8.063993924822243642e-01
1.184252347174323150e+00
1.578277961029113774e+00
1.518810572706397188e+00
1.520849394169694335e+00
1.208709948800197775e+00
1.299521838230988102e+00
1.224441514895916461e+00
1.358063990185092829e+00
1.392373808764480803e+00
1.133256724370931945e+00
1.320453907379654401e+00
1.488857438466573591e+00
1.219193033057422548e+00
1.143471916122123400e+00
1.191150002264692143e+00
8.804663398388199447e-01
1.017858687965929931e+00
8.892893275073321391e-01
1.006333654486554430e+00
1.241697572937712213e+00
1.313744245863826876e+00
9.725857052508877221e-01
9.016123146151020507e-01
9.801510801134649675e-01
1.191855037465414657e+00
1.459716441442795887e+00
1.069158370981874606e+00
1.280612343473926273e+00
1.262942032490809829e+00
1.271576319754830653e+00
1.175698536700356733e+00
9.947475575264602687e-01
8.851239099513490416e-01
1.210908177037081535e+00
1.155125336222591059e+00
8.153877039619845668e-01
1.013805100375528845e+00
1.314472006563614848e+00
1.051702027486292046e+00
1.077873471952433437e+00
8.867957712012957128e-01
1.201449107091116852e+00
1.308063870514915017e+00
1.410746095733123706e+00
1.076863127132300813e+00
8.831345716985972150e-01
8.350504987910122301e-01
8.236909027613463774e-01
9.148993590363123651e-01
1.365319759092758378e+00
8.789317054026630771e-01
7.788479839176534192e-01
7.707527261258092510e-01
5.753635258742146874e-01
1.038098439303411613e+00
1.433707448999222311e+00
1.183764514420112324e+00
1.048549657899179088e+00
1.142543976705307163e+00
1.189448676216450229e+00
1.459457472495824248e+00
1.452102119944474579e+00
1.382524830414303185e+00
9.621112376199540961e-01
9.950705802192258975e-01
1.068371194059978713e+00
7.278554256799496525e-01
8.563749178570607690e-01
7.185754235004042645e-01
8.617944650481709212e-01
1.094927430454356143e+00
1.096337755947159209e+00
1.194345015481170336e+00
1.089034653258972085e+00
1.355502084142613306e+00
1.149533693396994405e+00
9.665896792757204814e-01
1.038117236546455269e+00
8.479095596427266290e-01
8.658641501789642314e-01
1.072922679390719392e+00
1.027490376210842937e+00
9.889057287239575444e-01
9.351928165820529992e-01
7.998286567749237630e-01
1.009063122525156508e+00
1.104708386725268721e+00
1.282356104819355247e+00
1.395318030781068197e+00
1.338236703641166869e+00
1.378803840015725424e+00
1.133679767789513182e+00
1.253438940795988721e+00
1.215214678054412634e+00
1.152176413481782458e+00
1.114548483598861051e+00
1.311357412961665414e+00
1.162692011439118378e+00
1.121353008062377032e+00
9.208761980918422907e-01
1.176195376652694691e+00
1.322238838743405420e+00
1.477630459312204048e+00
1.451313938002657622e+00
1.434237264530311196e+00
1.526207944654403459e+00
1.360132553725646787e+00
1.353886690428821593e+00
1.432902081409593631e+00
1.280067103757599245e+00
1.638364036727966155e+00
1.306647774580927068e+00
1.480875524478852068e+00
1.498374617598849490e+00
1.453591504392239164e+00
1.312090360890835861e+00
1.427481205544376852e+00
1.239160585725490815e+00
1.356660227259470997e+00
1.203397832907556531e+00
1.147043976151965516e+00
9.449341997309236296e-01
6.983588770605719809e-01
1.366868234941672089e+00
1.260738135590401265e+00
1.375080167109838047e+00
1.537700657089500211e+00
1.238694275749255613e+00
1.518102660076114940e+00
1.330192892964867202e+00
9.424182309283308800e-01
9.539205264530443706e-01
1.011433936773345366e+00
1.457119274839012268e+00
1.470231784483746029e+00
1.290588696639311639e+00
1.138543734639212435e+00
1.125432819155347985e+00
1.200152002520342709e+00
1.027930419420060693e+00
9.820664958243996434e-01
1.193186730037889109e+00
1.151358684627247442e+00
1.058912488083967762e+00
1.172719354464286656e+00
1.655586640515422481e+00
1.282780540481068154e+00
1.339614218249522093e+00
1.061040855156726082e+00
1.045933205750941397e+00
8.237314560513953055e-01
7.748000417367026937e-01
1.106667334699762861e+00
8.618004243005308318e-01
1.096075884625326236e+00
1.222789064716677032e+00
1.063065000343049071e+00
1.044666566229478066e+00
8.538675149089793859e-01
9.571702046663973507e-01
7.267560513788142718e-01
7.786094148392137537e-01
8.864042381250915037e-01
