# Time (ps)      real(F_2)      im(F_2)
0.000e+00 1.000e+00 0.000e+00
1.000e-01 9.538e-01 -3.446e-02
2.000e-01 9.329e-01 -1.254e-02
3.000e-01 8.564e-01 -8.514e-03
4.000e-01 8.279e-01 2.142e-02
5.000e-01 8.315e-01 1.638e-03
6.000e-01 8.382e-01 -1.314e-02
7.000e-01 8.269e-01 2.199e-02
8.000e-01 8.142e-01 2.339e-02
9.000e-01 7.573e-01 3.146e-02
1.000e+00 7.718e-01 4.952e-02
1.100e+00 7.620e-01 6.014e-02
1.200e+00 7.552e-01 4.646e-02
1.300e+00 7.564e-01 4.892e-02
1.400e+00 7.248e-01 3.574e-02
1.500e+00 7.628e-01 4.950e-02
1.600e+00 7.497e-01 1.859e-02
1.700e+00 7.422e-01 6.629e-02
1.800e+00 6.907e-01 3.751e-02
1.900e+00 6.483e-01 5.207e-02
2.000e+00 6.677e-01 3.798e-02
2.100e+00 6.505e-01 3.577e-02
2.200e+00 6.650e-01 1.224e-02
2.300e+00 6.599e-01 4.020e-02
2.400e+00 6.599e-01 5.456e-02
2.500e+00 6.252e-01 7.828e-02
2.600e+00 6.249e-01 7.294e-02
2.700e+00 5.942e-01 4.342e-02
2.800e+00 5.946e-01 2.566e-02
2.900e+00 5.749e-01 4.437e-02
3.000e+00 5.994e-01 2.309e-02
3.100e+00 5.941e-01 1.858e-02
3.200e+00 6.196e-01 5.069e-02
3.300e+00 5.874e-01 7.022e-02
3.400e+00 5.765e-01 9.506e-02
3.500e+00 6.212e-01 1.094e-01
3.600e+00 6.049e-01 9.877e-02
3.700e+00 5.727e-01 9.302e-02
3.800e+00 5.894e-01 1.172e-01
3.900e+00 5.405e-01 1.080e-01
4.000e+00 5.575e-01 1.068e-01
4.100e+00 5.775e-01 1.215e-01
4.200e+00 5.706e-01 9.513e-02
4.300e+00 5.712e-01 9.373e-02
4.400e+00 5.777e-01 7.871e-02
4.500e+00 5.618e-01 5.428e-02
4.600e+00 5.689e-01 7.230e-02
4.700e+00 5.618e-01 8.153e-02
4.800e+00 5.577e-01 7.998e-02
4.900e+00 5.701e-01 8.183e-02
5.000e+00 5.300e-01 5.445e-02
5.100e+00 5.320e-01 5.793e-02
5.200e+00 5.015e-01 7.604e-02
5.300e+00 5.065e-01 6.069e-02
5.400e+00 5.231e-01 6.849e-02
5.500e+00 5.004e-01 4.606e-02
5.600e+00 5.252e-01 3.277e-02
5.700e+00 5.056e-01 4.474e-02
5.800e+00 4.704e-01 3.392e-02
5.900e+00 4.738e-01 3.186e-02
6.000e+00 4.888e-01 5.570e-02
6.100e+00 4.966e-01 4.466e-02
6.200e+00 4.700e-01 2.656e-02
6.300e+00 4.645e-01 9.272e-04
6.400e+00 4.666e-01 1.842e-02
6.500e+00 4.703e-01 -1.041e-02
6.600e+00 4.573e-01 -1.384e-02
6.700e+00 4.662e-01 -8.220e-03
6.800e+00 4.373e-01 -1.267e-04
6.900e+00 4.184e-01 -5.064e-03
7.000e+00 4.334e-01 -3.498e-02
7.100e+00 4.287e-01 -1.798e-02
7.200e+00 4.207e-01 -4.313e-03
7.300e+00 4.272e-01 -4.624e-03
7.400e+00 4.453e-01 -5.801e-03
7.500e+00 4.501e-01 1.345e-02
7.600e+00 4.407e-01 8.358e-04
7.700e+00 4.716e-01 9.772e-03
7.800e+00 4.351e-01 -2.621e-02
7.900e+00 4.202e-01 -1.063e-02
8.000e+00 4.290e-01 2.490e-03
8.100e+00 4.545e-01 -1.395e-02
8.200e+00 4.149e-01 -1.715e-02
8.300e+00 4.345e-01 1.973e-02
8.400e+00 4.332e-01 2.520e-02
8.500e+00 3.919e-01 2.162e-02
8.600e+00 3.908e-01 1.475e-02
8.700e+00 3.954e-01 3.510e-02
8.800e+00 4.106e-01 4.569e-02
8.900e+00 4.285e-01 -1.802e-02
9.000e+00 4.182e-01 -3.566e-02
9.100e+00 3.964e-01 -3.234e-02
9.200e+00 3.909e-01 -7.827e-03
9.300e+00 3.680e-01 1.112e-02
9.400e+00 3.656e-01 4.786e-03
9.500e+00 3.700e-01 2.052e-02
9.600e+00 3.758e-01 1.914e-02
9.700e+00 3.857e-01 5.281e-03
9.800e+00 3.771e-01 -2.197e-02
9.900e+00 3.723e-01 -3.487e-02
1.000e+01 3.559e-01 6.703e-03
1.010e+01 3.736e-01 2.255e-02
1.020e+01 3.672e-01 -2.362e-03
1.030e+01 3.517e-01 1.227e-02
1.040e+01 3.734e-01 7.080e-03
1.050e+01 4.007e-01 2.350e-02
1.060e+01 4.071e-01 1.245e-02
1.070e+01 4.055e-01 9.118e-03
1.080e+01 3.811e-01 1.729e-02
1.090e+01 3.830e-01 3.518e-03
1.100e+01 3.956e-01 -2.611e-03
1.110e+01 3.651e-01 -5.006e-03
1.120e+01 3.392e-01 -4.141e-03
1.130e+01 3.455e-01 7.111e-03
1.140e+01 3.433e-01 1.876e-02
1.150e+01 3.582e-01 -8.734e-03
1.160e+01 3.398e-01 5.166e-03
1.170e+01 3.517e-01 -5.190e-03
1.180e+01 3.377e-01 -4.159e-02
1.190e+01 3.361e-01 -3.472e-02
1.200e+01 3.398e-01 -1.667e-02
1.210e+01 3.291e-01 -1.893e-02
1.220e+01 3.379e-01 -1.879e-02
1.230e+01 3.351e-01 -1.701e-02
1.240e+01 3.465e-01 -3.131e-02
1.250e+01 3.157e-01 -3.491e-02
1.260e+01 3.013e-01 -2.419e-02
1.270e+01 3.080e-01 -9.302e-03
1.280e+01 3.326e-01 7.809e-03
1.290e+01 3.384e-01 1.173e-02
1.300e+01 3.299e-01 7.580e-03
1.310e+01 3.154e-01 6.879e-03
1.320e+01 3.129e-01 6.293e-03
1.330e+01 3.301e-01 8.488e-04
1.340e+01 3.129e-01 6.340e-03
1.350e+01 3.050e-01 2.282e-02
1.360e+01 2.961e-01 2.079e-02
1.370e+01 3.125e-01 4.905e-02
1.380e+01 3.142e-01 3.053e-02
1.390e+01 3.037e-01 3.511e-02
1.400e+01 2.793e-01 1.795e-02
1.410e+01 2.942e-01 3.595e-02
1.420e+01 2.806e-01 1.876e-02
1.430e+01 2.881e-01 3.964e-03
1.440e+01 2.989e-01 -1.078e-02
1.450e+01 3.068e-01 7.872e-03
1.460e+01 3.125e-01 -1.754e-02
1.470e+01 3.011e-01 -1.571e-02
1.480e+01 3.222e-01 -2.151e-02
1.490e+01 3.085e-01 -1.913e-02
1.500e+01 3.065e-01 -3.668e-03
1.510e+01 2.910e-01 -4.494e-03
1.520e+01 3.009e-01 -7.062e-03
1.530e+01 3.108e-01 7.404e-03
1.540e+01 3.012e-01 6.092e-03
1.550e+01 2.765e-01 4.657e-03
1.560e+01 2.820e-01 5.031e-03
1.570e+01 2.883e-01 1.617e-02
1.580e+01 2.712e-01 9.181e-03
1.590e+01 2.961e-01 7.018e-03
1.600e+01 3.033e-01 7.161e-03
1.610e+01 3.134e-01 -9.321e-04
1.620e+01 2.921e-01 -1.414e-02
1.630e+01 2.800e-01 3.960e-03
1.640e+01 2.683e-01 2.030e-02
1.650e+01 2.764e-01 1.456e-02
1.660e+01 2.815e-01 2.127e-02
1.670e+01 2.658e-01 7.161e-03
1.680e+01 2.650e-01 -8.861e-03
1.690e+01 2.667e-01 -2.666e-04
1.700e+01 2.733e-01 7.630e-04
1.710e+01 2.762e-01 7.143e-03
1.720e+01 2.687e-01 5.485e-03
1.730e+01 2.588e-01 7.687e-03
1.740e+01 2.434e-01 3.152e-03
1.750e+01 2.391e-01 1.243e-03
1.760e+01 2.364e-01 1.353e-02
1.770e+01 2.405e-01 1.219e-02
1.780e+01 2.471e-01 1.414e-02
1.790e+01 2.503e-01 1.491e-02
1.800e+01 2.434e-01 -6.501e-03
1.810e+01 2.425e-01 3.739e-03
1.820e+01 2.317e-01 -1.270e-02
1.830e+01 2.414e-01 -1.026e-02
1.840e+01 2.428e-01 -1.305e-02
1.850e+01 2.276e-01 -3.712e-02
1.860e+01 2.180e-01 -2.818e-02
1.870e+01 2.429e-01 -1.301e-02
1.880e+01 2.434e-01 -2.791e-02
1.890e+01 2.511e-01 -2.997e-02
1.900e+01 2.560e-01 -1.586e-02
1.910e+01 2.292e-01 -1.294e-03
1.920e+01 2.035e-01 8.335e-03
1.930e+01 2.261e-01 -3.696e-03
1.940e+01 2.284e-01 -8.489e-04
1.950e+01 2.580e-01 -1.193e-03
1.960e+01 2.399e-01 -5.813e-04
1.970e+01 2.507e-01 -1.253e-02
1.980e+01 2.448e-01 5.158e-04
1.990e+01 2.335e-01 5.114e-03
2.000e+01 2.152e-01 -4.491e-03
2.010e+01 2.195e-01 -1.025e-02
2.020e+01 2.116e-01 -1.775e-02
2.030e+01 2.119e-01 -5.397e-03
2.040e+01 2.114e-01 -3.872e-03
2.050e+01 2.308e-01 2.091e-03
2.060e+01 2.163e-01 4.316e-04
2.070e+01 2.186e-01 3.434e-04
2.080e+01 2.134e-01 -4.077e-03
2.090e+01 2.031e-01 -3.725e-03
2.100e+01 1.989e-01 -4.483e-03
2.110e+01 2.038e-01 3.482e-04
2.120e+01 1.968e-01 1.732e-02
2.130e+01 1.873e-01 2.068e-02
2.140e+01 2.052e-01 1.560e-02
2.150e+01 2.013e-01 2.225e-03
2.160e+01 2.072e-01 -1.308e-02
2.170e+01 1.951e-01 -2.803e-02
2.180e+01 2.004e-01 -2.530e-02
2.190e+01 1.865e-01 -2.036e-02
2.200e+01 1.804e-01 -2.737e-02
2.210e+01 1.783e-01 -4.567e-02
2.220e+01 1.744e-01 -6.336e-02
2.230e+01 1.737e-01 -5.082e-02
2.240e+01 1.840e-01 -4.357e-02
2.250e+01 1.840e-01 -4.739e-02
2.260e+01 1.996e-01 -3.647e-02
2.270e+01 2.077e-01 -2.864e-02
2.280e+01 2.187e-01 -1.676e-02
2.290e+01 2.055e-01 -2.845e-02
2.300e+01 1.983e-01 -3.467e-02
2.310e+01 1.947e-01 -3.233e-02
2.320e+01 1.884e-01 -4.685e-02
2.330e+01 1.861e-01 -1.376e-02
2.340e+01 1.843e-01 -2.788e-02
2.350e+01 2.026e-01 -3.004e-02
2.360e+01 2.005e-01 -3.106e-02
2.370e+01 1.915e-01 -3.263e-02
2.380e+01 2.110e-01 -2.661e-02
2.390e+01 2.213e-01 -3.158e-02
2.400e+01 2.072e-01 -1.755e-02
2.410e+01 2.157e-01 -4.138e-02
2.420e+01 2.179e-01 -4.043e-02
2.430e+01 2.008e-01 -2.499e-02
2.440e+01 1.984e-01 -3.566e-02
2.450e+01 2.038e-01 -4.367e-02
2.460e+01 2.011e-01 -3.915e-02
2.470e+01 2.067e-01 -2.323e-02
2.480e+01 2.149e-01 -1.441e-02
2.490e+01 2.161e-01 -2.370e-02
2.500e+01 1.879e-01 -8.865e-03
2.510e+01 1.819e-01 -2.239e-02
2.520e+01 1.783e-01 2.239e-03
2.530e+01 1.932e-01 -7.900e-03
2.540e+01 1.868e-01 -2.442e-02
2.550e+01 1.996e-01 -5.206e-02
2.560e+01 1.959e-01 -3.077e-02
2.570e+01 1.945e-01 -4.403e-02
2.580e+01 2.026e-01 -4.525e-02
2.590e+01 1.802e-01 -4.393e-02
2.600e+01 1.807e-01 -2.587e-02
2.610e+01 1.831e-01 -2.744e-02
2.620e+01 1.839e-01 -9.548e-03
2.630e+01 1.919e-01 -1.089e-02
2.640e+01 1.930e-01 -7.566e-03
2.650e+01 1.840e-01 -1.015e-02
2.660e+01 1.783e-01 -2.298e-03
2.670e+01 1.756e-01 -2.193e-03
2.680e+01 1.602e-01 -6.315e-03
2.690e+01 1.625e-01 -5.661e-03
2.700e+01 1.694e-01 -1.534e-02
2.710e+01 1.614e-01 -1.611e-02
2.720e+01 1.651e-01 -1.505e-02
2.730e+01 1.749e-01 -1.499e-02
2.740e+01 1.693e-01 -1.242e-02
2.750e+01 1.630e-01 -6.018e-03
2.760e+01 1.735e-01 -4.919e-03
2.770e+01 1.620e-01 1.654e-03
2.780e+01 1.524e-01 -1.056e-02
2.790e+01 1.467e-01 2.089e-03
2.800e+01 1.498e-01 5.140e-03
2.810e+01 1.526e-01 -1.072e-03
2.820e+01 1.433e-01 -9.681e-03
2.830e+01 1.477e-01 -9.035e-03
2.840e+01 1.452e-01 -3.518e-03
2.850e+01 1.497e-01 7.111e-04
2.860e+01 1.520e-01 1.078e-03
2.870e+01 1.571e-01 -1.553e-03
2.880e+01 1.562e-01 3.024e-03
2.890e+01 1.726e-01 -1.576e-02
2.900e+01 1.688e-01 -1.056e-02
2.910e+01 1.592e-01 -1.383e-02
2.920e+01 1.491e-01 -8.381e-03
2.930e+01 1.558e-01 -8.754e-03
2.940e+01 1.478e-01 -4.516e-03
2.950e+01 1.461e-01 -2.897e-03
2.960e+01 1.405e-01 -2.332e-03
2.970e+01 1.376e-01 -5.391e-03
2.980e+01 1.391e-01 -7.430e-03
2.990e+01 1.420e-01 -8.096e-03
3.000e+01 1.368e-01 -7.148e-03
3.010e+01 1.451e-01 -4.484e-03
3.020e+01 1.483e-01 -4.897e-03
3.030e+01 1.444e-01 -8.517e-03
3.040e+01 1.402e-01 -1.151e-02
3.050e+01 1.462e-01 -1.010e-02
3.060e+01 1.489e-01 -1.518e-02
3.070e+01 1.484e-01 -1.452e-02
3.080e+01 1.494e-01 -1.409e-02
3.090e+01 1.511e-01 -1.603e-02
3.100e+01 1.524e-01 -2.171e-02
3.110e+01 1.493e-01 -1.658e-02
3.120e+01 1.517e-01 -1.531e-02
3.130e+01 1.544e-01 -1.147e-02
3.140e+01 1.505e-01 -4.813e-03
3.150e+01 1.502e-01 -6.502e-03
3.160e+01 1.435e-01 -6.624e-03
3.170e+01 1.475e-01 -1.445e-02
3.180e+01 1.390e-01 -2.344e-02
3.190e+01 1.363e-01 -2.070e-02
3.200e+01 1.266e-01 -1.964e-02
3.210e+01 1.281e-01 -1.197e-02
3.220e+01 1.263e-01 -1.450e-02
3.230e+01 1.222e-01 -1.463e-02
3.240e+01 1.301e-01 -1.115e-02
3.250e+01 1.259e-01 -1.280e-02
3.260e+01 1.236e-01 -1.510e-02
3.270e+01 1.252e-01 -8.085e-03
3.280e+01 1.282e-01 -1.062e-02
3.290e+01 1.298e-01 -1.214e-02
3.300e+01 1.279e-01 -6.055e-04
3.310e+01 1.322e-01 1.304e-04
3.320e+01 1.334e-01 -5.286e-03
3.330e+01 1.336e-01 -5.486e-03
3.340e+01 1.258e-01 -3.637e-03
3.350e+01 1.265e-01 -5.638e-04
3.360e+01 1.230e-01 1.036e-04
3.370e+01 1.229e-01 -2.187e-03
3.380e+01 1.263e-01 -8.911e-06
3.390e+01 1.223e-01 2.771e-03
3.400e+01 1.226e-01 2.432e-03
3.410e+01 1.186e-01 5.539e-03
3.420e+01 1.203e-01 3.284e-03
3.430e+01 1.185e-01 1.245e-03
3.440e+01 1.192e-01 1.591e-03
3.450e+01 1.144e-01 6.629e-03
3.460e+01 1.157e-01 9.111e-03
3.470e+01 1.108e-01 7.466e-03
3.480e+01 1.093e-01 8.500e-03
3.490e+01 1.099e-01 1.100e-02
3.500e+01 1.106e-01 6.809e-03
3.510e+01 1.149e-01 3.532e-03
3.520e+01 1.182e-01 2.423e-03
3.530e+01 1.171e-01 5.590e-03
3.540e+01 1.114e-01 1.106e-02
3.550e+01 9.909e-02 7.316e-03
3.560e+01 9.915e-02 7.231e-03
3.570e+01 1.035e-01 1.248e-02
3.580e+01 1.040e-01 1.336e-02
3.590e+01 1.023e-01 1.471e-02
3.600e+01 9.711e-02 2.137e-02
3.610e+01 1.023e-01 1.515e-02
3.620e+01 9.685e-02 9.371e-03
3.630e+01 9.721e-02 5.468e-03
3.640e+01 8.815e-02 1.058e-02
3.650e+01 9.758e-02 1.512e-02
3.660e+01 1.029e-01 1.603e-02
3.670e+01 9.937e-02 1.441e-02
3.680e+01 9.864e-02 1.394e-02
3.690e+01 1.026e-01 8.700e-03
3.700e+01 1.031e-01 1.745e-02
3.710e+01 1.050e-01 1.720e-02
3.720e+01 9.825e-02 1.488e-02
3.730e+01 9.716e-02 1.191e-02
3.740e+01 9.420e-02 1.126e-02
3.750e+01 9.822e-02 1.194e-02
3.760e+01 1.038e-01 1.413e-02
3.770e+01 1.065e-01 1.625e-02
3.780e+01 1.052e-01 1.893e-02
3.790e+01 1.009e-01 2.362e-02
3.800e+01 1.002e-01 2.609e-02
3.810e+01 1.010e-01 2.320e-02
3.820e+01 1.024e-01 2.170e-02
3.830e+01 1.033e-01 2.088e-02
3.840e+01 1.064e-01 2.140e-02
3.850e+01 1.066e-01 2.081e-02
3.860e+01 1.013e-01 1.431e-02
3.870e+01 1.018e-01 1.596e-02
3.880e+01 1.058e-01 7.974e-03
3.890e+01 1.008e-01 9.071e-03
3.900e+01 1.044e-01 1.738e-02
3.910e+01 9.771e-02 2.235e-02
3.920e+01 9.864e-02 2.096e-02
3.930e+01 1.022e-01 1.840e-02
3.940e+01 9.555e-02 1.581e-02
3.950e+01 9.812e-02 1.773e-02
3.960e+01 9.101e-02 2.079e-02
3.970e+01 9.602e-02 9.553e-03
3.980e+01 9.506e-02 1.088e-02
3.990e+01 9.808e-02 1.214e-02
4.000e+01 9.288e-02 1.051e-02
4.010e+01 9.331e-02 9.909e-03
4.020e+01 9.227e-02 1.016e-02
4.030e+01 8.742e-02 1.453e-02
4.040e+01 8.339e-02 1.711e-02
4.050e+01 9.308e-02 2.256e-02
4.060e+01 9.514e-02 1.802e-02
4.070e+01 9.600e-02 1.852e-02
4.080e+01 9.172e-02 1.495e-02
4.090e+01 7.088e-02 2.002e-03
4.100e+01 7.313e-02 2.365e-02
4.110e+01 8.635e-02 1.570e-02
4.120e+01 8.721e-02 2.044e-02
4.130e+01 8.756e-02 2.254e-02
4.140e+01 9.328e-02 4.502e-03
4.150e+01 7.961e-02 1.322e-02
4.160e+01 7.576e-02 2.784e-02
4.170e+01 8.218e-02 6.520e-03
4.180e+01 8.256e-02 8.392e-03
4.190e+01 7.838e-02 5.620e-03
4.200e+01 7.252e-02 6.369e-03
4.210e+01 7.083e-02 4.102e-04
4.220e+01 6.262e-02 3.752e-03
4.230e+01 6.183e-02 6.619e-03
4.240e+01 6.701e-02 1.084e-02
4.250e+01 6.523e-02 1.082e-02
4.260e+01 6.955e-02 1.449e-02
4.270e+01 6.887e-02 1.529e-02
4.280e+01 7.354e-02 7.391e-04
4.290e+01 7.930e-02 5.194e-04
4.300e+01 8.293e-02 9.075e-03
4.310e+01 7.228e-02 4.900e-03
4.320e+01 7.896e-02 -4.565e-03
4.330e+01 8.422e-02 2.212e-03
4.340e+01 7.641e-02 -4.129e-03
4.350e+01 6.933e-02 -2.967e-03
4.360e+01 7.412e-02 1.837e-02
4.370e+01 7.752e-02 6.002e-03
4.380e+01 7.709e-02 6.136e-03
4.390e+01 8.444e-02 6.321e-03
4.400e+01 8.612e-02 8.358e-03
4.410e+01 8.684e-02 1.283e-02
4.420e+01 9.183e-02 6.787e-03
4.430e+01 9.191e-02 9.542e-03
4.440e+01 9.610e-02 1.044e-02
4.450e+01 9.146e-02 8.343e-03
4.460e+01 9.026e-02 1.019e-02
4.470e+01 9.040e-02 1.201e-02
4.480e+01 9.262e-02 1.255e-02
4.490e+01 9.359e-02 1.202e-02
4.500e+01 9.176e-02 1.344e-02
4.510e+01 8.847e-02 1.379e-02
4.520e+01 9.196e-02 2.112e-02
4.530e+01 9.003e-02 1.903e-02
4.540e+01 9.434e-02 1.118e-02
4.550e+01 1.034e-01 -5.820e-03
4.560e+01 1.003e-01 6.299e-03
4.570e+01 9.673e-02 5.499e-03
4.580e+01 9.651e-02 -3.505e-03
4.590e+01 9.085e-02 7.542e-03
4.600e+01 8.473e-02 9.866e-03
4.610e+01 8.642e-02 9.136e-03
4.620e+01 8.458e-02 1.139e-02
4.630e+01 8.650e-02 9.228e-03
4.640e+01 8.176e-02 1.157e-02
4.650e+01 8.885e-02 6.701e-03
4.660e+01 9.394e-02 9.038e-03
4.670e+01 9.239e-02 8.167e-03
4.680e+01 9.354e-02 9.753e-03
4.690e+01 1.002e-01 1.292e-02
4.700e+01 1.003e-01 7.615e-03
4.710e+01 9.619e-02 5.820e-03
4.720e+01 1.018e-01 7.385e-03
4.730e+01 1.000e-01 5.235e-03
4.740e+01 9.407e-02 3.745e-03
4.750e+01 8.770e-02 6.776e-04
4.760e+01 9.000e-02 1.418e-03
4.770e+01 8.881e-02 -1.541e-03
4.780e+01 8.683e-02 -6.943e-04
4.790e+01 8.437e-02 -3.103e-04
4.800e+01 8.541e-02 6.413e-03
4.810e+01 8.905e-02 9.170e-03
4.820e+01 8.448e-02 2.900e-03
4.830e+01 8.110e-02 1.993e-03
4.840e+01 7.687e-02 -4.063e-04
4.850e+01 8.009e-02 3.379e-03
4.860e+01 8.043e-02 3.226e-03
4.870e+01 7.893e-02 1.058e-02
4.880e+01 8.239e-02 5.965e-03
4.890e+01 9.036e-02 -1.621e-03
4.900e+01 8.953e-02 -1.141e-03
4.910e+01 8.622e-02 1.178e-03
4.920e+01 8.433e-02 -9.743e-04
4.930e+01 8.066e-02 -4.145e-03
4.940e+01 7.927e-02 3.109e-03
4.950e+01 7.858e-02 6.810e-03
4.960e+01 7.598e-02 6.680e-03
4.970e+01 8.368e-02 4.862e-03
4.980e+01 7.823e-02 3.578e-03
4.990e+01 8.131e-02 2.887e-03
5.000e+01 8.067e-02 2.029e-03
5.010e+01 7.980e-02 3.860e-03
5.020e+01 8.240e-02 3.998e-03
5.030e+01 8.307e-02 5.731e-03
5.040e+01 8.496e-02 4.014e-03
5.050e+01 8.133e-02 -3.021e-03
5.060e+01 8.147e-02 -4.091e-03
5.070e+01 8.196e-02 -4.419e-03
5.080e+01 8.209e-02 -5.071e-03
5.090e+01 7.696e-02 -1.034e-03
5.100e+01 7.351e-02 -1.163e-03
5.110e+01 7.608e-02 -7.214e-03
5.120e+01 7.773e-02 -9.390e-04
5.130e+01 7.939e-02 -9.687e-04
5.140e+01 8.072e-02 3.537e-03
5.150e+01 7.541e-02 5.540e-04
5.160e+01 7.577e-02 2.068e-03
5.170e+01 7.437e-02 -6.107e-04
5.180e+01 7.018e-02 1.867e-03
5.190e+01 7.753e-02 1.192e-03
5.200e+01 7.454e-02 -1.556e-03
5.210e+01 7.935e-02 6.452e-03
5.220e+01 7.811e-02 3.658e-03
5.230e+01 7.442e-02 7.816e-04
5.240e+01 7.317e-02 -1.557e-03
5.250e+01 7.092e-02 -2.297e-03
5.260e+01 6.250e-02 3.853e-03
5.270e+01 6.763e-02 5.334e-03
5.280e+01 7.160e-02 1.158e-02
5.290e+01 7.895e-02 4.463e-03
5.300e+01 7.889e-02 4.726e-03
5.310e+01 7.796e-02 6.606e-03
5.320e+01 8.128e-02 8.745e-03
5.330e+01 8.177e-02 4.204e-03
5.340e+01 8.499e-02 5.943e-03
5.350e+01 8.100e-02 1.903e-03
5.360e+01 7.800e-02 2.914e-03
5.370e+01 7.646e-02 -4.752e-04
5.380e+01 7.886e-02 -7.491e-03
5.390e+01 8.317e-02 -9.557e-03
5.400e+01 8.520e-02 -8.636e-03
5.410e+01 8.644e-02 -4.152e-03
5.420e+01 8.903e-02 -3.908e-03
5.430e+01 8.173e-02 -1.188e-02
5.440e+01 8.525e-02 -5.528e-03
5.450e+01 8.197e-02 -6.363e-03
5.460e+01 7.967e-02 -8.808e-03
5.470e+01 8.356e-02 -1.159e-02
5.480e+01 8.137e-02 -6.999e-03
5.490e+01 8.164e-02 -6.513e-03
5.500e+01 8.261e-02 -5.353e-03
5.510e+01 8.048e-02 -2.913e-03
5.520e+01 8.395e-02 -2.741e-03
5.530e+01 8.369e-02 -2.191e-03
5.540e+01 8.665e-02 -2.480e-03
5.550e+01 8.469e-02 -4.644e-03
5.560e+01 8.285e-02 -6.777e-03
5.570e+01 8.699e-02 -4.562e-03
5.580e+01 8.722e-02 -1.499e-03
5.590e+01 9.365e-02 -3.051e-03
5.600e+01 8.854e-02 -1.452e-03
5.610e+01 8.406e-02 -4.292e-03
5.620e+01 7.379e-02 -7.343e-03
5.630e+01 7.276e-02 -9.213e-03
5.640e+01 7.015e-02 -7.838e-03
5.650e+01 7.195e-02 -1.199e-02
5.660e+01 7.273e-02 -1.050e-03
5.670e+01 8.063e-02 -2.955e-03
5.680e+01 8.782e-02 -7.800e-03
5.690e+01 8.819e-02 -1.175e-02
5.700e+01 8.776e-02 -1.015e-02
5.710e+01 7.711e-02 -8.048e-03
5.720e+01 8.018e-02 -1.821e-02
5.730e+01 7.207e-02 -1.904e-02
5.740e+01 7.762e-02 -1.271e-02
5.750e+01 7.938e-02 -1.105e-02
5.760e+01 7.797e-02 -1.577e-02
5.770e+01 6.747e-02 -1.250e-02
5.780e+01 7.328e-02 -1.329e-02
5.790e+01 7.312e-02 -1.241e-02
5.800e+01 6.747e-02 -1.808e-02
5.810e+01 6.507e-02 -5.812e-03
5.820e+01 6.761e-02 -8.809e-03
5.830e+01 6.444e-02 -1.704e-03
5.840e+01 6.845e-02 -3.611e-03
5.850e+01 7.090e-02 -8.709e-03
5.860e+01 7.135e-02 -9.930e-03
5.870e+01 7.769e-02 -5.632e-03
5.880e+01 6.938e-02 -4.464e-03
5.890e+01 7.324e-02 -7.759e-03
5.900e+01 6.801e-02 -5.081e-03
5.910e+01 6.809e-02 -5.116e-03
5.920e+01 6.814e-02 2.616e-03
5.930e+01 7.397e-02 1.317e-03
5.940e+01 7.218e-02 -6.423e-03
5.950e+01 7.597e-02 4.289e-03
5.960e+01 7.637e-02 1.130e-03
5.970e+01 7.297e-02 2.364e-03
5.980e+01 6.889e-02 4.935e-03
5.990e+01 7.060e-02 8.115e-03
6.000e+01 6.946e-02 6.634e-03
6.010e+01 7.397e-02 4.269e-03
6.020e+01 6.281e-02 1.609e-04
6.030e+01 5.735e-02 5.036e-03
6.040e+01 6.403e-02 -2.510e-03
6.050e+01 6.712e-02 7.603e-04
6.060e+01 7.178e-02 -4.777e-04
6.070e+01 6.635e-02 1.712e-03
6.080e+01 7.314e-02 -4.062e-03
6.090e+01 6.366e-02 -2.056e-02
6.100e+01 6.320e-02 -1.433e-02
6.110e+01 6.517e-02 -1.496e-02
6.120e+01 6.422e-02 -1.567e-02
6.130e+01 6.159e-02 -1.130e-02
6.140e+01 7.023e-02 -1.280e-02
6.150e+01 6.720e-02 -1.692e-02
6.160e+01 5.866e-02 -1.270e-02
6.170e+01 6.714e-02 -1.522e-02
6.180e+01 7.119e-02 -1.574e-02
6.190e+01 7.540e-02 -1.989e-02
6.200e+01 6.083e-02 -1.139e-02
6.210e+01 5.955e-02 -1.171e-02
6.220e+01 5.648e-02 -1.247e-02
6.230e+01 5.544e-02 -9.842e-03
6.240e+01 6.929e-02 6.176e-03
6.250e+01 6.969e-02 3.872e-03
6.260e+01 7.832e-02 1.829e-03
6.270e+01 7.218e-02 -2.449e-03
6.280e+01 7.224e-02 -1.662e-02
6.290e+01 7.389e-02 -1.652e-02
6.300e+01 7.148e-02 -1.368e-02
6.310e+01 6.604e-02 -1.729e-02
6.320e+01 6.866e-02 -1.544e-02
6.330e+01 6.606e-02 -1.245e-02
6.340e+01 6.676e-02 -1.832e-02
6.350e+01 5.162e-02 -2.507e-02
6.360e+01 4.998e-02 -1.248e-02
6.370e+01 6.394e-02 -3.040e-02
6.380e+01 6.144e-02 -2.303e-02
6.390e+01 5.603e-02 -2.461e-02
6.400e+01 5.292e-02 -2.010e-02
6.410e+01 5.614e-02 -1.800e-02
6.420e+01 6.222e-02 -1.847e-02
6.430e+01 6.225e-02 -1.128e-02
6.440e+01 5.352e-02 -5.653e-03
6.450e+01 4.921e-02 -4.902e-03
6.460e+01 5.242e-02 -2.449e-03
6.470e+01 4.699e-02 1.953e-03
6.480e+01 4.923e-02 -5.445e-03
6.490e+01 4.990e-02 -1.970e-03
6.500e+01 5.738e-02 -7.139e-04
6.510e+01 5.451e-02 -1.728e-03
6.520e+01 5.539e-02 -6.209e-03
6.530e+01 5.741e-02 -9.461e-03
6.540e+01 5.803e-02 -1.314e-02
6.550e+01 5.413e-02 -1.331e-02
6.560e+01 5.404e-02 -8.720e-03
6.570e+01 5.836e-02 -9.093e-03
6.580e+01 5.179e-02 -6.964e-03
6.590e+01 4.735e-02 -5.737e-04
6.600e+01 4.547e-02 4.156e-03
6.610e+01 4.644e-02 2.221e-03
6.620e+01 4.414e-02 -6.860e-04
6.630e+01 4.552e-02 -1.855e-03
6.640e+01 4.592e-02 -8.683e-04
6.650e+01 4.682e-02 -1.103e-03
6.660e+01 4.611e-02 4.014e-03
6.670e+01 4.512e-02 6.537e-03
6.680e+01 4.463e-02 5.122e-03
6.690e+01 4.842e-02 5.677e-03
6.700e+01 4.687e-02 -8.865e-04
6.710e+01 4.897e-02 -3.039e-03
6.720e+01 4.536e-02 -3.200e-03
6.730e+01 4.801e-02 -2.119e-03
6.740e+01 4.660e-02 -9.626e-05
6.750e+01 4.900e-02 -1.456e-03
6.760e+01 4.714e-02 -1.065e-04
6.770e+01 4.755e-02 4.830e-04
6.780e+01 4.678e-02 -5.377e-04
6.790e+01 4.185e-02 6.468e-04
6.800e+01 4.241e-02 2.653e-03
6.810e+01 4.746e-02 2.684e-03
6.820e+01 4.918e-02 2.209e-03
6.830e+01 4.414e-02 8.130e-04
6.840e+01 3.961e-02 -1.687e-03
6.850e+01 4.633e-02 3.845e-03
6.860e+01 4.434e-02 5.800e-03
6.870e+01 3.723e-02 4.628e-03
6.880e+01 3.513e-02 1.126e-03
6.890e+01 4.028e-02 1.347e-03
6.900e+01 4.287e-02 6.275e-05
6.910e+01 4.819e-02 6.290e-03
6.920e+01 4.547e-02 8.013e-03
6.930e+01 4.505e-02 7.058e-03
6.940e+01 4.481e-02 6.001e-03
6.950e+01 4.399e-02 7.891e-03
6.960e+01 4.458e-02 1.013e-02
6.970e+01 4.691e-02 9.733e-03
6.980e+01 4.859e-02 9.070e-03
6.990e+01 4.848e-02 7.773e-03
7.000e+01 5.175e-02 4.442e-03
7.010e+01 4.566e-02 7.635e-03
7.020e+01 4.592e-02 4.715e-03
7.030e+01 4.615e-02 5.258e-03
7.040e+01 4.898e-02 7.178e-03
7.050e+01 4.833e-02 6.470e-03
7.060e+01 5.151e-02 9.682e-03
7.070e+01 4.415e-02 9.091e-03
7.080e+01 4.627e-02 7.772e-03
7.090e+01 4.508e-02 5.686e-03
7.100e+01 4.704e-02 5.016e-03
7.110e+01 4.009e-02 8.185e-03
7.120e+01 4.450e-02 1.298e-02
7.130e+01 4.463e-02 7.330e-03
7.140e+01 4.426e-02 5.689e-03
7.150e+01 4.510e-02 6.217e-03
7.160e+01 4.845e-02 5.289e-03
7.170e+01 5.024e-02 2.388e-03
7.180e+01 4.758e-02 4.823e-03
7.190e+01 4.761e-02 5.005e-03
7.200e+01 4.848e-02 5.215e-03
7.210e+01 4.547e-02 4.826e-03
7.220e+01 4.521e-02 1.424e-03
7.230e+01 4.351e-02 -2.519e-04
7.240e+01 4.289e-02 -2.888e-03
7.250e+01 4.489e-02 -1.980e-03
7.260e+01 4.680e-02 1.412e-03
7.270e+01 5.010e-02 4.592e-03
7.280e+01 4.603e-02 9.636e-03
7.290e+01 4.886e-02 8.517e-03
7.300e+01 4.968e-02 7.584e-03
7.310e+01 4.632e-02 4.238e-03
7.320e+01 4.567e-02 1.654e-03
7.330e+01 4.979e-02 -1.299e-03
7.340e+01 5.072e-02 5.507e-04
7.350e+01 5.021e-02 -1.103e-03
7.360e+01 5.168e-02 -1.914e-03
7.370e+01 5.240e-02 -3.659e-03
7.380e+01 5.092e-02 -7.360e-03
7.390e+01 5.387e-02 -5.684e-03
7.400e+01 4.910e-02 -6.086e-03
7.410e+01 4.471e-02 -3.430e-03
7.420e+01 4.724e-02 -6.307e-04
7.430e+01 4.760e-02 1.033e-03
7.440e+01 4.734e-02 2.608e-04
7.450e+01 4.564e-02 -2.155e-03
7.460e+01 4.422e-02 1.338e-03
7.470e+01 4.598e-02 -1.364e-03
7.480e+01 4.434e-02 -4.320e-03
7.490e+01 4.101e-02 -2.755e-03
7.500e+01 4.072e-02 -7.780e-03
7.510e+01 4.297e-02 -7.207e-03
7.520e+01 4.308e-02 -3.213e-03
7.530e+01 5.037e-02 3.613e-03
7.540e+01 4.628e-02 2.326e-03
7.550e+01 4.512e-02 2.618e-03
7.560e+01 4.709e-02 4.635e-03
7.570e+01 4.428e-02 2.092e-03
7.580e+01 4.522e-02 2.605e-03
7.590e+01 4.583e-02 1.227e-02
7.600e+01 5.070e-02 4.302e-03
7.610e+01 4.980e-02 3.696e-03
7.620e+01 4.664e-02 5.004e-03
7.630e+01 4.553e-02 1.050e-02
7.640e+01 4.664e-02 1.143e-02
7.650e+01 4.434e-02 4.460e-03
7.660e+01 4.360e-02 1.151e-02
7.670e+01 5.140e-02 7.958e-03
7.680e+01 5.445e-02 1.435e-02
7.690e+01 5.108e-02 5.848e-03
7.700e+01 5.431e-02 4.989e-03
7.710e+01 5.145e-02 6.718e-03
7.720e+01 5.329e-02 9.832e-03
7.730e+01 5.284e-02 1.185e-02
7.740e+01 4.818e-02 9.512e-03
7.750e+01 4.616e-02 1.604e-02
7.760e+01 4.738e-02 1.276e-02
7.770e+01 4.595e-02 1.415e-02
7.780e+01 4.562e-02 1.917e-02
7.790e+01 4.627e-02 7.802e-03
7.800e+01 5.271e-02 1.012e-02
7.810e+01 5.269e-02 1.722e-02
7.820e+01 5.223e-02 2.001e-02
7.830e+01 5.375e-02 1.024e-02
7.840e+01 5.508e-02 9.979e-03
7.850e+01 5.578e-02 5.556e-03
7.860e+01 5.322e-02 7.427e-03
7.870e+01 4.748e-02 1.016e-02
7.880e+01 4.632e-02 1.075e-02
7.890e+01 4.953e-02 8.479e-03
7.900e+01 4.229e-02 7.826e-03
7.910e+01 3.729e-02 8.796e-03
7.920e+01 3.944e-02 9.350e-03
7.930e+01 4.318e-02 1.167e-02
7.940e+01 4.160e-02 8.009e-03
7.950e+01 3.730e-02 7.300e-03
7.960e+01 3.755e-02 8.814e-03
7.970e+01 4.124e-02 6.416e-03
7.980e+01 3.995e-02 2.121e-03
7.990e+01 4.124e-02 3.165e-03
8.000e+01 3.927e-02 1.051e-02
8.010e+01 4.084e-02 8.573e-03
8.020e+01 4.069e-02 1.044e-02
8.030e+01 4.299e-02 6.581e-03
8.040e+01 3.867e-02 1.534e-02
8.050e+01 3.429e-02 3.858e-03
8.060e+01 3.409e-02 1.580e-02
8.070e+01 3.672e-02 9.132e-03
8.080e+01 3.615e-02 8.352e-03
8.090e+01 3.548e-02 5.880e-03
8.100e+01 3.151e-02 1.035e-02
8.110e+01 3.617e-02 4.097e-03
8.120e+01 3.309e-02 3.859e-03
8.130e+01 3.259e-02 9.680e-03
8.140e+01 3.634e-02 1.566e-02
8.150e+01 3.314e-02 1.464e-02
8.160e+01 3.221e-02 1.113e-02
8.170e+01 2.852e-02 5.107e-03
8.180e+01 2.090e-02 2.891e-03
8.190e+01 2.434e-02 2.626e-03
8.200e+01 1.995e-02 2.185e-04
8.210e+01 3.024e-02 2.162e-03
8.220e+01 3.029e-02 -2.565e-03
8.230e+01 3.217e-02 -3.908e-03
8.240e+01 3.527e-02 -9.261e-03
8.250e+01 3.273e-02 -4.977e-03
8.260e+01 3.451e-02 -1.845e-03
8.270e+01 3.473e-02 -1.741e-03
8.280e+01 3.295e-02 -3.202e-03
8.290e+01 2.829e-02 -6.102e-04
8.300e+01 3.178e-02 2.442e-03
8.310e+01 2.996e-02 6.771e-05
8.320e+01 2.933e-02 -4.332e-03
8.330e+01 2.861e-02 -2.500e-03
8.340e+01 3.063e-02 -4.234e-03
8.350e+01 2.663e-02 -8.147e-03
8.360e+01 2.956e-02 -6.907e-03
8.370e+01 2.495e-02 -3.753e-03
8.380e+01 2.147e-02 -1.221e-02
8.390e+01 1.985e-02 -1.126e-02
8.400e+01 2.681e-02 -1.717e-02
8.410e+01 2.416e-02 -2.010e-02
8.420e+01 2.813e-02 -1.206e-02
8.430e+01 2.864e-02 -6.881e-03
8.440e+01 2.968e-02 -7.164e-03
8.450e+01 2.208e-02 -1.490e-02
8.460e+01 2.352e-02 -7.793e-03
8.470e+01 2.028e-02 -3.524e-03
8.480e+01 2.460e-02 -4.032e-03
8.490e+01 2.657e-02 -8.691e-03
8.500e+01 1.988e-02 -4.521e-03
8.510e+01 2.169e-02 -1.142e-02
8.520e+01 2.544e-02 -6.921e-03
8.530e+01 2.645e-02 -1.084e-02
8.540e+01 2.901e-02 -9.276e-03
8.550e+01 1.954e-02 -1.224e-02
8.560e+01 2.348e-02 -8.745e-03
8.570e+01 1.950e-02 -3.896e-03
8.580e+01 1.802e-02 -1.811e-03
8.590e+01 1.210e-02 -3.441e-03
8.600e+01 1.432e-02 -4.924e-03
8.610e+01 1.795e-02 -9.947e-03
8.620e+01 1.028e-02 -9.940e-03
8.630e+01 1.957e-02 -6.169e-03
8.640e+01 1.781e-02 -5.060e-03
8.650e+01 1.837e-02 -2.314e-04
8.660e+01 1.274e-02 -6.697e-04
8.670e+01 1.298e-03 -6.824e-03
8.680e+01 5.588e-03 -1.398e-02
8.690e+01 1.580e-02 -8.256e-03
8.700e+01 1.225e-02 -1.081e-02
8.710e+01 1.407e-02 -1.187e-02
8.720e+01 9.006e-03 -2.169e-02
8.730e+01 1.028e-02 -1.632e-02
8.740e+01 5.259e-03 -6.896e-03
8.750e+01 2.856e-03 1.446e-03
8.760e+01 1.347e-02 1.232e-03
8.770e+01 3.251e-03 -1.412e-02
8.780e+01 1.195e-02 -1.664e-02
8.790e+01 1.038e-02 -2.156e-02
8.800e+01 1.938e-02 -5.099e-03
8.810e+01 2.340e-02 -6.273e-03
8.820e+01 2.144e-02 -4.944e-03
8.830e+01 2.128e-02 -8.112e-03
8.840e+01 1.970e-02 -1.151e-02
8.850e+01 2.464e-02 -4.363e-03
8.860e+01 1.135e-02 -4.784e-03
8.870e+01 7.561e-04 -2.180e-03
8.880e+01 -6.888e-03 -1.464e-02
8.890e+01 9.889e-03 -1.216e-02
8.900e+01 4.439e-03 -2.261e-02
8.910e+01 1.959e-02 -3.890e-03
8.920e+01 1.509e-02 -6.623e-03
8.930e+01 9.555e-03 -4.861e-03
8.940e+01 1.743e-02 -4.628e-03
8.950e+01 1.737e-02 -1.942e-03
8.960e+01 7.856e-03 -2.992e-03
8.970e+01 2.134e-02 -1.151e-02
8.980e+01 2.016e-02 -8.890e-03
8.990e+01 1.751e-02 -9.729e-03
9.000e+01 2.621e-02 -1.201e-02
9.010e+01 2.509e-02 -1.560e-02
9.020e+01 2.773e-02 -1.442e-02
9.030e+01 2.302e-02 -1.574e-02
9.040e+01 2.177e-02 -1.635e-02
9.050e+01 1.778e-02 -1.631e-02
9.060e+01 2.562e-02 -1.050e-02
9.070e+01 2.207e-02 -9.273e-03
9.080e+01 2.248e-02 -1.316e-02
9.090e+01 1.453e-02 -1.273e-02
9.100e+01 2.074e-02 -1.065e-02
9.110e+01 1.467e-02 -1.721e-02
9.120e+01 2.121e-02 -1.518e-02
9.130e+01 2.597e-02 -1.546e-02
9.140e+01 2.384e-02 -1.859e-02
9.150e+01 1.998e-02 -2.366e-02
9.160e+01 2.365e-02 -1.856e-02
9.170e+01 2.153e-02 -2.246e-02
9.180e+01 2.705e-02 -2.321e-02
9.190e+01 2.481e-02 -1.865e-02
9.200e+01 2.470e-02 -1.503e-02
9.210e+01 1.651e-02 -1.901e-02
9.220e+01 1.613e-02 -1.122e-02
9.230e+01 1.648e-02 -1.969e-02
9.240e+01 1.606e-02 -1.801e-02
9.250e+01 1.719e-02 -1.918e-02
9.260e+01 1.613e-02 -2.245e-02
9.270e+01 2.357e-02 -1.749e-02
9.280e+01 1.725e-02 -1.337e-02
9.290e+01 2.105e-02 -8.439e-03
9.300e+01 1.475e-02 -1.447e-02
9.310e+01 2.396e-02 -1.200e-02
9.320e+01 2.585e-02 -1.079e-02
9.330e+01 2.412e-02 -1.629e-02
9.340e+01 2.462e-02 -1.572e-02
9.350e+01 2.536e-02 -1.704e-02
9.360e+01 1.626e-02 -2.280e-02
9.370e+01 2.292e-02 -2.042e-02
9.380e+01 2.978e-02 -2.259e-02
9.390e+01 2.649e-02 -1.407e-02
9.400e+01 2.517e-02 -1.749e-02
9.410e+01 2.142e-02 -1.872e-02
9.420e+01 2.637e-02 -1.631e-02
9.430e+01 2.954e-02 -2.437e-02
9.440e+01 2.901e-02 -1.589e-02
9.450e+01 2.761e-02 -2.119e-02
9.460e+01 2.131e-02 -1.168e-02
9.470e+01 1.760e-02 -2.584e-02
9.480e+01 2.145e-02 -2.228e-02
9.490e+01 2.165e-02 -1.743e-02
9.500e+01 2.347e-02 -1.674e-02
9.510e+01 2.438e-02 -1.673e-02
9.520e+01 2.387e-02 -1.170e-02
9.530e+01 2.431e-02 -8.950e-03
9.540e+01 2.418e-02 -1.631e-02
9.550e+01 2.021e-02 -1.392e-02
9.560e+01 2.158e-02 -1.465e-02
9.570e+01 2.087e-02 -1.248e-02
9.580e+01 2.233e-02 -1.178e-02
9.590e+01 2.095e-02 -1.051e-02
9.600e+01 2.538e-02 -8.656e-03
9.610e+01 2.172e-02 -1.136e-02
9.620e+01 2.194e-02 -7.575e-03
9.630e+01 2.568e-02 -1.005e-02
9.640e+01 2.615e-02 -7.750e-03
9.650e+01 2.415e-02 -9.639e-03
9.660e+01 1.663e-02 -1.179e-02
9.670e+01 2.596e-02 -8.463e-03
9.680e+01 2.758e-02 -4.776e-03
9.690e+01 2.628e-02 -6.373e-03
9.700e+01 2.958e-02 -8.422e-03
9.710e+01 2.346e-02 -5.965e-03
9.720e+01 2.107e-02 -8.654e-03
9.730e+01 2.368e-02 -5.425e-03
9.740e+01 2.159e-02 -9.481e-03
9.750e+01 2.098e-02 -1.089e-02
9.760e+01 2.480e-02 -6.096e-03
9.770e+01 2.622e-02 -1.160e-02
9.780e+01 3.100e-02 -1.476e-02
9.790e+01 2.691e-02 -1.671e-02
9.800e+01 2.787e-02 -9.359e-03
9.810e+01 2.694e-02 -2.843e-03
9.820e+01 2.699e-02 -1.169e-03
9.830e+01 3.048e-02 -5.281e-03
9.840e+01 3.576e-02 -7.795e-03
9.850e+01 4.190e-02 -7.875e-03
9.860e+01 3.628e-02 -8.996e-03
9.870e+01 3.285e-02 -6.035e-03
9.880e+01 3.385e-02 -2.831e-03
9.890e+01 3.196e-02 -2.925e-03
9.900e+01 3.040e-02 -2.508e-03
9.910e+01 2.803e-02 -8.617e-03
9.920e+01 2.711e-02 -9.342e-03
9.930e+01 2.205e-02 -7.463e-03
9.940e+01 2.494e-02 -4.472e-03
9.950e+01 2.412e-02 -6.378e-03
9.960e+01 2.315e-02 -6.595e-03
9.970e+01 2.862e-02 -8.187e-03
9.980e+01 2.045e-02 -8.343e-03
9.990e+01 1.791e-02 -7.465e-03
