# Frequency (1.0/ps)      real(fft(F_1))
0.000e+00 9.282e+01
1.000e-02 4.940e+01
2.000e-02 3.150e+01
3.000e-02 1.807e+01
4.000e-02 1.451e+01
5.000e-02 9.760e+00
6.000e-02 9.221e+00
7.000e-02 7.231e+00
8.000e-02 6.277e+00
9.000e-02 3.257e+00
1.000e-01 3.562e+00
1.100e-01 3.203e-01
1.200e-01 2.473e+00
1.300e-01 1.376e+00
1.400e-01 2.876e+00
1.500e-01 2.211e-01
1.600e-01 1.296e+00
1.700e-01 -6.927e-01
1.800e-01 1.474e+00
1.900e-01 1.406e+00
2.000e-01 2.432e+00
2.100e-01 7.569e-01
2.200e-01 8.698e-01
2.300e-01 3.595e-01
2.400e-01 1.531e+00
2.500e-01 1.168e+00
2.600e-01 6.260e-01
2.700e-01 4.446e-01
2.800e-01 1.149e+00
2.900e-01 1.389e+00
3.000e-01 1.233e+00
3.100e-01 1.014e-01
3.200e-01 8.844e-01
3.300e-01 3.700e-01
3.400e-01 6.209e-01
3.500e-01 1.152e+00
3.600e-01 1.340e+00
3.700e-01 1.664e+00
3.800e-01 1.675e+00
3.900e-01 1.963e+00
4.000e-01 1.485e+00
4.100e-01 1.289e+00
4.200e-01 7.745e-01
4.300e-01 1.281e+00
4.400e-01 1.926e+00
4.500e-01 1.546e+00
4.600e-01 1.319e+00
4.700e-01 1.309e+00
4.800e-01 5.505e-01
4.900e-01 6.977e-01
5.000e-01 -1.900e-01
5.100e-01 7.319e-01
5.200e-01 3.247e-01
5.300e-01 7.815e-01
5.400e-01 4.064e-01
5.500e-01 7.979e-01
5.600e-01 -1.157e-03
5.700e-01 7.761e-01
5.800e-01 2.146e-01
5.900e-01 6.747e-01
6.000e-01 6.282e-01
6.100e-01 7.952e-01
6.200e-01 4.844e-01
6.300e-01 1.012e+00
6.400e-01 1.052e+00
6.500e-01 1.592e+00
6.600e-01 8.582e-01
6.700e-01 8.031e-01
6.800e-01 1.168e+00
6.900e-01 1.430e+00
7.000e-01 8.370e-01
7.100e-01 2.788e-01
7.200e-01 4.913e-01
7.300e-01 7.500e-01
7.400e-01 7.059e-01
7.500e-01 7.421e-01
7.600e-01 1.121e+00
7.700e-01 5.681e-01
7.800e-01 1.137e+00
7.900e-01 6.378e-01
8.000e-01 3.534e-01
8.100e-01 2.125e-01
8.200e-01 1.014e+00
8.300e-01 8.811e-01
8.400e-01 6.761e-01
8.500e-01 3.739e-01
8.600e-01 1.086e+00
8.700e-01 1.107e+00
8.800e-01 1.464e+00
8.900e-01 1.270e+00
9.000e-01 1.192e+00
9.100e-01 1.088e+00
9.200e-01 9.693e-01
9.300e-01 7.533e-01
9.400e-01 9.386e-01
9.500e-01 9.295e-01
9.600e-01 6.776e-01
9.700e-01 8.255e-01
9.800e-01 4.951e-01
9.900e-01 1.416e+00
1.000e+00 9.502e-01
1.010e+00 6.467e-01
1.020e+00 6.879e-01
1.030e+00 5.680e-01
1.040e+00 7.334e-01
1.050e+00 6.603e-01
1.060e+00 7.650e-01
1.070e+00 1.140e+00
1.080e+00 1.174e+00
1.090e+00 1.166e+00
1.100e+00 6.440e-01
1.110e+00 7.564e-01
1.120e+00 9.845e-01
1.130e+00 9.016e-01
1.140e+00 9.350e-01
1.150e+00 1.103e+00
1.160e+00 7.685e-01
1.170e+00 6.307e-01
1.180e+00 5.158e-01
1.190e+00 7.799e-01
1.200e+00 7.175e-01
1.210e+00 4.558e-01
1.220e+00 2.878e-01
1.230e+00 3.953e-01
1.240e+00 6.002e-01
1.250e+00 5.514e-01
1.260e+00 4.184e-01
1.270e+00 9.520e-01
1.280e+00 8.215e-01
1.290e+00 1.075e+00
1.300e+00 8.359e-01
1.310e+00 1.131e+00
1.320e+00 9.832e-01
1.330e+00 9.119e-01
1.340e+00 6.009e-01
1.350e+00 8.493e-01
1.360e+00 5.311e-01
1.370e+00 1.095e+00
1.380e+00 7.176e-01
1.390e+00 8.493e-01
1.400e+00 5.102e-01
1.410e+00 6.735e-01
1.420e+00 8.491e-01
1.430e+00 8.236e-01
1.440e+00 9.494e-01
1.450e+00 7.052e-01
1.460e+00 6.443e-01
1.470e+00 7.145e-01
1.480e+00 7.343e-01
1.490e+00 7.126e-01
1.500e+00 1.009e+00
1.510e+00 1.052e+00
1.520e+00 9.605e-01
1.530e+00 5.045e-01
1.540e+00 2.655e-01
1.550e+00 3.273e-01
1.560e+00 6.170e-01
1.570e+00 3.348e-01
1.580e+00 1.186e-01
1.590e+00 2.094e-01
1.600e+00 2.882e-01
1.610e+00 3.733e-01
1.620e+00 3.097e-01
1.630e+00 4.169e-01
1.640e+00 5.082e-01
1.650e+00 5.008e-01
1.660e+00 3.106e-01
1.670e+00 9.045e-02
1.680e+00 3.941e-01
1.690e+00 4.939e-01
1.700e+00 4.619e-01
1.710e+00 4.344e-01
1.720e+00 2.007e-01
1.730e+00 6.069e-01
1.740e+00 3.340e-01
1.750e+00 6.305e-01
1.760e+00 4.584e-01
1.770e+00 7.965e-01
1.780e+00 5.372e-01
1.790e+00 6.856e-01
1.800e+00 3.572e-01
1.810e+00 4.491e-01
1.820e+00 4.808e-01
1.830e+00 5.592e-01
1.840e+00 3.579e-01
1.850e+00 4.412e-01
1.860e+00 6.019e-01
1.870e+00 7.034e-01
1.880e+00 5.867e-01
1.890e+00 3.522e-01
1.900e+00 1.320e-01
1.910e+00 4.502e-01
1.920e+00 2.974e-01
1.930e+00 3.421e-02
1.940e+00 -2.216e-02
1.950e+00 1.266e-01
1.960e+00 5.135e-01
1.970e+00 3.613e-01
1.980e+00 3.062e-01
1.990e+00 4.204e-01
2.000e+00 6.319e-01
2.010e+00 7.470e-01
2.020e+00 6.982e-01
2.030e+00 7.241e-01
2.040e+00 4.204e-01
2.050e+00 4.393e-01
2.060e+00 4.112e-01
2.070e+00 9.010e-01
2.080e+00 8.244e-01
2.090e+00 1.035e+00
2.100e+00 6.816e-01
2.110e+00 8.621e-01
2.120e+00 7.305e-01
2.130e+00 8.690e-01
2.140e+00 5.385e-01
2.150e+00 7.718e-01
2.160e+00 5.516e-01
2.170e+00 5.109e-01
2.180e+00 -2.324e-02
2.190e+00 5.026e-02
2.200e+00 2.270e-02
2.210e+00 1.477e-02
2.220e+00 8.479e-02
2.230e+00 2.631e-01
2.240e+00 4.486e-01
2.250e+00 3.737e-01
2.260e+00 4.677e-01
2.270e+00 5.279e-01
2.280e+00 5.437e-01
2.290e+00 3.867e-01
2.300e+00 3.423e-01
2.310e+00 5.964e-01
2.320e+00 5.421e-01
2.330e+00 3.515e-01
2.340e+00 4.155e-01
2.350e+00 5.161e-01
2.360e+00 5.796e-01
2.370e+00 6.493e-01
2.380e+00 8.475e-01
2.390e+00 9.333e-01
2.400e+00 7.489e-01
2.410e+00 6.044e-01
2.420e+00 7.552e-01
2.430e+00 6.951e-01
2.440e+00 6.584e-01
2.450e+00 5.513e-01
2.460e+00 5.164e-01
2.470e+00 4.421e-01
2.480e+00 4.528e-01
2.490e+00 3.736e-01
2.500e+00 2.489e-01
2.510e+00 3.421e-01
2.520e+00 2.023e-01
2.530e+00 4.425e-01
2.540e+00 3.541e-01
2.550e+00 4.489e-01
2.560e+00 1.269e-01
2.570e+00 2.870e-01
2.580e+00 4.426e-01
2.590e+00 3.981e-01
2.600e+00 5.174e-01
2.610e+00 3.419e-01
2.620e+00 5.352e-01
2.630e+00 4.063e-01
2.640e+00 5.129e-01
2.650e+00 4.807e-01
2.660e+00 3.754e-01
2.670e+00 2.634e-01
2.680e+00 4.410e-01
2.690e+00 5.681e-01
2.700e+00 5.760e-01
2.710e+00 6.670e-01
2.720e+00 7.136e-01
2.730e+00 6.567e-01
2.740e+00 6.201e-01
2.750e+00 5.322e-01
2.760e+00 7.584e-01
2.770e+00 5.659e-01
2.780e+00 6.131e-01
2.790e+00 4.284e-01
2.800e+00 5.010e-01
2.810e+00 2.885e-01
2.820e+00 2.918e-01
2.830e+00 2.858e-01
2.840e+00 3.674e-01
2.850e+00 3.990e-01
2.860e+00 2.191e-01
2.870e+00 3.534e-01
2.880e+00 2.956e-01
2.890e+00 5.211e-01
2.900e+00 1.362e-01
2.910e+00 4.158e-01
2.920e+00 4.778e-01
2.930e+00 4.699e-01
2.940e+00 4.749e-01
2.950e+00 4.656e-01
2.960e+00 3.150e-01
2.970e+00 1.519e-01
2.980e+00 3.281e-02
2.990e+00 2.880e-01
3.000e+00 3.169e-01
3.010e+00 2.797e-01
3.020e+00 1.850e-01
3.030e+00 1.685e-01
3.040e+00 3.957e-01
3.050e+00 4.446e-01
3.060e+00 6.166e-01
3.070e+00 5.311e-01
3.080e+00 4.078e-01
3.090e+00 5.202e-01
3.100e+00 4.859e-01
3.110e+00 3.278e-01
3.120e+00 4.737e-01
3.130e+00 2.086e-01
3.140e+00 7.431e-01
3.150e+00 5.327e-01
3.160e+00 7.804e-01
3.170e+00 4.062e-01
3.180e+00 6.005e-01
3.190e+00 4.176e-01
3.200e+00 6.258e-01
3.210e+00 3.836e-01
3.220e+00 4.393e-01
3.230e+00 2.838e-01
3.240e+00 3.732e-01
3.250e+00 3.446e-01
3.260e+00 4.361e-01
3.270e+00 2.793e-01
3.280e+00 2.195e-01
3.290e+00 5.109e-01
3.300e+00 4.060e-01
3.310e+00 3.196e-01
3.320e+00 3.176e-01
3.330e+00 5.700e-01
3.340e+00 5.376e-01
3.350e+00 4.471e-01
3.360e+00 4.692e-01
3.370e+00 4.231e-01
3.380e+00 3.935e-01
3.390e+00 2.726e-01
3.400e+00 6.490e-01
3.410e+00 3.940e-01
3.420e+00 3.847e-01
3.430e+00 5.165e-01
3.440e+00 6.636e-01
3.450e+00 7.314e-01
3.460e+00 7.692e-01
3.470e+00 7.683e-01
3.480e+00 8.093e-01
3.490e+00 7.863e-01
3.500e+00 7.399e-01
3.510e+00 7.350e-01
3.520e+00 7.202e-01
3.530e+00 9.091e-01
3.540e+00 6.778e-01
3.550e+00 5.889e-01
3.560e+00 6.589e-01
3.570e+00 6.702e-01
3.580e+00 4.947e-01
3.590e+00 4.747e-01
3.600e+00 4.075e-01
3.610e+00 4.031e-01
3.620e+00 4.805e-01
3.630e+00 4.753e-01
3.640e+00 1.584e-01
3.650e+00 3.540e-01
3.660e+00 4.140e-01
3.670e+00 5.609e-01
3.680e+00 2.731e-01
3.690e+00 4.666e-01
3.700e+00 2.700e-01
3.710e+00 4.584e-01
3.720e+00 3.607e-01
3.730e+00 5.681e-01
3.740e+00 4.003e-01
3.750e+00 3.677e-01
3.760e+00 3.533e-01
3.770e+00 3.849e-01
3.780e+00 3.238e-01
3.790e+00 5.981e-01
3.800e+00 5.497e-01
3.810e+00 6.831e-01
3.820e+00 6.180e-01
3.830e+00 6.081e-01
3.840e+00 6.416e-01
3.850e+00 8.190e-01
3.860e+00 7.374e-01
3.870e+00 5.962e-01
3.880e+00 6.220e-01
3.890e+00 7.448e-01
3.900e+00 5.014e-01
3.910e+00 5.738e-01
3.920e+00 7.732e-01
3.930e+00 8.351e-01
3.940e+00 9.194e-01
3.950e+00 7.061e-01
3.960e+00 9.640e-01
3.970e+00 8.403e-01
3.980e+00 7.256e-01
3.990e+00 5.072e-01
4.000e+00 6.327e-01
4.010e+00 5.083e-01
4.020e+00 6.792e-01
4.030e+00 6.629e-01
4.040e+00 6.463e-01
4.050e+00 4.413e-01
4.060e+00 6.509e-01
4.070e+00 8.113e-01
4.080e+00 8.583e-01
4.090e+00 7.065e-01
4.100e+00 8.799e-01
4.110e+00 7.738e-01
4.120e+00 7.541e-01
4.130e+00 6.369e-01
4.140e+00 4.488e-01
4.150e+00 3.039e-01
4.160e+00 4.976e-01
4.170e+00 4.677e-01
4.180e+00 6.023e-01
4.190e+00 4.083e-01
4.200e+00 5.769e-01
4.210e+00 4.780e-01
4.220e+00 4.112e-01
4.230e+00 5.095e-01
4.240e+00 4.109e-01
4.250e+00 6.100e-01
4.260e+00 5.740e-01
4.270e+00 3.998e-01
4.280e+00 3.537e-01
4.290e+00 5.203e-01
4.300e+00 6.186e-01
4.310e+00 7.157e-01
4.320e+00 5.726e-01
4.330e+00 6.374e-01
4.340e+00 6.196e-01
4.350e+00 5.194e-01
4.360e+00 4.537e-01
4.370e+00 3.880e-01
4.380e+00 4.302e-01
4.390e+00 3.807e-01
4.400e+00 4.887e-01
4.410e+00 6.123e-01
4.420e+00 3.827e-01
4.430e+00 5.514e-01
4.440e+00 7.238e-01
4.450e+00 8.032e-01
4.460e+00 7.211e-01
4.470e+00 6.477e-01
4.480e+00 7.250e-01
4.490e+00 6.212e-01
4.500e+00 5.906e-01
4.510e+00 5.314e-01
4.520e+00 5.954e-01
4.530e+00 5.320e-01
4.540e+00 6.024e-01
4.550e+00 5.839e-01
4.560e+00 6.258e-01
4.570e+00 4.881e-01
4.580e+00 5.308e-01
4.590e+00 4.575e-01
4.600e+00 4.349e-01
4.610e+00 1.859e-01
4.620e+00 3.426e-01
4.630e+00 2.582e-01
4.640e+00 3.035e-01
4.650e+00 3.281e-01
4.660e+00 6.482e-01
4.670e+00 5.167e-01
4.680e+00 7.176e-01
4.690e+00 5.932e-01
4.700e+00 8.227e-01
4.710e+00 6.765e-01
4.720e+00 8.111e-01
4.730e+00 6.802e-01
4.740e+00 7.289e-01
4.750e+00 7.785e-01
4.760e+00 8.543e-01
4.770e+00 7.035e-01
4.780e+00 7.510e-01
4.790e+00 6.601e-01
4.800e+00 7.468e-01
4.810e+00 7.506e-01
4.820e+00 6.633e-01
4.830e+00 5.745e-01
4.840e+00 4.832e-01
4.850e+00 6.078e-01
4.860e+00 5.774e-01
4.870e+00 5.590e-01
4.880e+00 6.366e-01
4.890e+00 3.883e-01
4.900e+00 3.329e-01
4.910e+00 3.725e-01
4.920e+00 5.168e-01
4.930e+00 4.551e-01
4.940e+00 3.986e-01
4.950e+00 5.822e-01
4.960e+00 5.814e-01
4.970e+00 6.275e-01
4.980e+00 5.027e-01
4.990e+00 4.027e-01
-5.000e+00 4.923e-01
-4.990e+00 4.870e-01
-4.980e+00 5.361e-01
-4.970e+00 4.702e-01
-4.960e+00 5.999e-01
-4.950e+00 4.915e-01
-4.940e+00 5.353e-01
-4.930e+00 5.087e-01
-4.920e+00 6.886e-01
-4.910e+00 4.149e-01
-4.900e+00 3.451e-01
-4.890e+00 4.319e-01
-4.880e+00 6.228e-01
-4.870e+00 6.617e-01
-4.860e+00 4.105e-01
-4.850e+00 4.662e-01
-4.840e+00 6.313e-01
-4.830e+00 7.304e-01
-4.820e+00 7.781e-01
-4.810e+00 7.252e-01
-4.800e+00 6.326e-01
-4.790e+00 5.406e-01
-4.780e+00 6.755e-01
-4.770e+00 5.900e-01
-4.760e+00 4.433e-01
-4.750e+00 4.474e-01
-4.740e+00 6.027e-01
-4.730e+00 6.231e-01
-4.720e+00 6.426e-01
-4.710e+00 6.874e-01
-4.700e+00 6.974e-01
-4.690e+00 6.599e-01
-4.680e+00 7.127e-01
-4.670e+00 7.418e-01
-4.660e+00 5.910e-01
-4.650e+00 4.286e-01
-4.640e+00 4.515e-01
-4.630e+00 4.983e-01
-4.620e+00 5.240e-01
-4.610e+00 3.258e-01
-4.600e+00 4.068e-01
-4.590e+00 5.071e-01
-4.580e+00 4.212e-01
-4.570e+00 3.469e-01
-4.560e+00 3.865e-01
-4.550e+00 4.412e-01
-4.540e+00 5.427e-01
-4.530e+00 5.585e-01
-4.520e+00 6.243e-01
-4.510e+00 5.838e-01
-4.500e+00 5.922e-01
-4.490e+00 3.803e-01
-4.480e+00 5.770e-01
-4.470e+00 7.636e-01
-4.460e+00 7.336e-01
-4.450e+00 7.683e-01
-4.440e+00 6.454e-01
-4.430e+00 5.671e-01
-4.420e+00 7.268e-01
-4.410e+00 8.321e-01
-4.400e+00 8.598e-01
-4.390e+00 5.095e-01
-4.380e+00 4.380e-01
-4.370e+00 4.713e-01
-4.360e+00 6.602e-01
-4.350e+00 7.305e-01
-4.340e+00 5.253e-01
-4.330e+00 4.781e-01
-4.320e+00 6.000e-01
-4.310e+00 6.919e-01
-4.300e+00 6.298e-01
-4.290e+00 3.900e-01
-4.280e+00 4.635e-01
-4.270e+00 6.593e-01
-4.260e+00 7.450e-01
-4.250e+00 7.195e-01
-4.240e+00 6.163e-01
-4.230e+00 5.978e-01
-4.220e+00 7.630e-01
-4.210e+00 7.296e-01
-4.200e+00 5.603e-01
-4.190e+00 5.280e-01
-4.180e+00 7.746e-01
-4.170e+00 6.802e-01
-4.160e+00 5.210e-01
-4.150e+00 5.048e-01
-4.140e+00 5.986e-01
-4.130e+00 4.706e-01
-4.120e+00 5.767e-01
-4.110e+00 5.968e-01
-4.100e+00 7.486e-01
-4.090e+00 6.705e-01
-4.080e+00 6.046e-01
-4.070e+00 4.517e-01
-4.060e+00 7.250e-01
-4.050e+00 7.423e-01
-4.040e+00 7.664e-01
-4.030e+00 6.105e-01
-4.020e+00 5.498e-01
-4.010e+00 4.904e-01
-4.000e+00 4.562e-01
-3.990e+00 5.946e-01
-3.980e+00 5.512e-01
-3.970e+00 5.361e-01
-3.960e+00 6.542e-01
-3.950e+00 6.683e-01
-3.940e+00 5.359e-01
-3.930e+00 6.310e-01
-3.920e+00 5.614e-01
-3.910e+00 6.703e-01
-3.900e+00 5.669e-01
-3.890e+00 4.445e-01
-3.880e+00 5.378e-01
-3.870e+00 6.005e-01
-3.860e+00 6.154e-01
-3.850e+00 6.452e-01
-3.840e+00 4.790e-01
-3.830e+00 5.727e-01
-3.820e+00 4.218e-01
-3.810e+00 7.053e-01
-3.800e+00 5.142e-01
-3.790e+00 6.948e-01
-3.780e+00 4.915e-01
-3.770e+00 6.998e-01
-3.760e+00 6.142e-01
-3.750e+00 6.544e-01
-3.740e+00 5.644e-01
-3.730e+00 5.732e-01
-3.720e+00 5.364e-01
-3.710e+00 5.438e-01
-3.700e+00 5.780e-01
-3.690e+00 4.481e-01
-3.680e+00 2.901e-01
-3.670e+00 3.705e-01
-3.660e+00 2.580e-01
-3.650e+00 4.522e-01
-3.640e+00 5.078e-01
-3.630e+00 4.533e-01
-3.620e+00 4.333e-01
-3.610e+00 4.571e-01
-3.600e+00 6.432e-01
-3.590e+00 6.977e-01
-3.580e+00 5.648e-01
-3.570e+00 6.621e-01
-3.560e+00 4.424e-01
-3.550e+00 8.911e-01
-3.540e+00 7.737e-01
-3.530e+00 7.758e-01
-3.520e+00 6.191e-01
-3.510e+00 8.586e-01
-3.500e+00 6.930e-01
-3.490e+00 1.108e+00
-3.480e+00 6.922e-01
-3.470e+00 8.947e-01
-3.460e+00 7.628e-01
-3.450e+00 1.026e+00
-3.440e+00 8.855e-01
-3.430e+00 5.751e-01
-3.420e+00 4.800e-01
-3.410e+00 7.269e-01
-3.400e+00 7.109e-01
-3.390e+00 6.528e-01
-3.380e+00 3.328e-01
-3.370e+00 6.865e-01
-3.360e+00 4.860e-01
-3.350e+00 6.488e-01
-3.340e+00 3.736e-01
-3.330e+00 4.423e-01
-3.320e+00 5.423e-01
-3.310e+00 4.665e-01
-3.300e+00 4.603e-01
-3.290e+00 3.867e-01
-3.280e+00 2.905e-01
-3.270e+00 1.902e-01
-3.260e+00 1.494e-01
-3.250e+00 2.143e-01
-3.240e+00 7.860e-02
-3.230e+00 1.379e-01
-3.220e+00 3.664e-01
-3.210e+00 3.657e-01
-3.200e+00 3.335e-01
-3.190e+00 2.855e-01
-3.180e+00 6.551e-01
-3.170e+00 3.941e-01
-3.160e+00 7.411e-01
-3.150e+00 6.013e-01
-3.140e+00 6.957e-01
-3.130e+00 3.512e-01
-3.120e+00 4.786e-01
-3.110e+00 3.690e-01
-3.100e+00 5.323e-01
-3.090e+00 5.184e-01
-3.080e+00 6.409e-01
-3.070e+00 3.857e-01
-3.060e+00 2.900e-01
-3.050e+00 3.422e-01
-3.040e+00 3.815e-01
-3.030e+00 5.028e-01
-3.020e+00 1.536e-01
-3.010e+00 8.696e-02
-3.000e+00 1.456e-02
-2.990e+00 2.592e-02
-2.980e+00 1.373e-01
-2.970e+00 -4.159e-02
-2.960e+00 2.533e-01
-2.950e+00 3.254e-01
-2.940e+00 2.539e-01
-2.930e+00 4.266e-01
-2.920e+00 3.802e-01
-2.910e+00 2.526e-01
-2.900e+00 6.073e-02
-2.890e+00 2.838e-01
-2.880e+00 2.304e-01
-2.870e+00 2.774e-01
-2.860e+00 3.659e-01
-2.850e+00 4.149e-01
-2.840e+00 2.845e-01
-2.830e+00 2.823e-01
-2.820e+00 3.030e-01
-2.810e+00 4.585e-01
-2.800e+00 7.074e-01
-2.790e+00 5.297e-01
-2.780e+00 4.205e-01
-2.770e+00 5.549e-01
-2.760e+00 7.007e-01
-2.750e+00 5.441e-01
-2.740e+00 6.490e-01
-2.730e+00 5.172e-01
-2.720e+00 4.694e-01
-2.710e+00 4.947e-01
-2.700e+00 4.673e-01
-2.690e+00 4.042e-01
-2.680e+00 6.964e-02
-2.670e+00 1.925e-01
-2.660e+00 2.290e-01
-2.650e+00 3.720e-01
-2.640e+00 2.993e-01
-2.630e+00 3.651e-01
-2.620e+00 3.140e-01
-2.610e+00 3.831e-01
-2.600e+00 3.573e-01
-2.590e+00 5.914e-01
-2.580e+00 4.526e-01
-2.570e+00 3.406e-01
-2.560e+00 3.580e-01
-2.550e+00 5.020e-01
-2.540e+00 6.165e-01
-2.530e+00 7.273e-01
-2.520e+00 4.242e-01
-2.510e+00 3.384e-01
-2.500e+00 4.443e-01
-2.490e+00 4.696e-01
-2.480e+00 5.320e-01
-2.470e+00 6.432e-01
-2.460e+00 7.468e-01
-2.450e+00 5.822e-01
-2.440e+00 7.174e-01
-2.430e+00 7.106e-01
-2.420e+00 6.802e-01
-2.410e+00 7.066e-01
-2.400e+00 8.043e-01
-2.390e+00 5.413e-01
-2.380e+00 5.302e-01
-2.370e+00 3.987e-01
-2.360e+00 4.993e-01
-2.350e+00 2.763e-01
-2.340e+00 4.750e-01
-2.330e+00 4.448e-01
-2.320e+00 5.499e-01
-2.310e+00 2.382e-01
-2.300e+00 3.993e-01
-2.290e+00 2.302e-01
-2.280e+00 1.864e-01
-2.270e+00 3.094e-01
-2.260e+00 3.685e-01
-2.250e+00 2.664e-01
-2.240e+00 2.645e-01
-2.230e+00 2.275e-01
-2.220e+00 4.192e-01
-2.210e+00 3.706e-01
-2.200e+00 3.947e-01
-2.190e+00 2.774e-01
-2.180e+00 6.896e-01
-2.170e+00 4.980e-01
-2.160e+00 7.023e-01
-2.150e+00 6.474e-01
-2.140e+00 5.980e-01
-2.130e+00 5.362e-01
-2.120e+00 6.300e-01
-2.110e+00 4.052e-01
-2.100e+00 6.081e-01
-2.090e+00 6.212e-01
-2.080e+00 8.883e-01
-2.070e+00 5.492e-01
-2.060e+00 5.512e-01
-2.050e+00 3.863e-01
-2.040e+00 7.209e-01
-2.030e+00 6.627e-01
-2.020e+00 7.708e-01
-2.010e+00 3.018e-01
-2.000e+00 4.191e-01
-1.990e+00 2.948e-01
-1.980e+00 3.469e-01
-1.970e+00 2.792e-01
-1.960e+00 5.664e-01
-1.950e+00 2.765e-01
-1.940e+00 4.807e-02
-1.930e+00 1.760e-01
-1.920e+00 5.265e-01
-1.910e+00 4.769e-01
-1.900e+00 3.576e-01
-1.890e+00 3.499e-01
-1.880e+00 4.653e-01
-1.870e+00 1.002e+00
-1.860e+00 6.881e-01
-1.850e+00 7.526e-01
-1.840e+00 5.512e-01
-1.830e+00 7.814e-01
-1.820e+00 7.631e-01
-1.810e+00 9.289e-01
-1.800e+00 7.793e-01
-1.790e+00 6.581e-01
-1.780e+00 8.833e-01
-1.770e+00 1.010e+00
-1.760e+00 6.543e-01
-1.750e+00 7.189e-01
-1.740e+00 6.847e-01
-1.730e+00 6.162e-01
-1.720e+00 6.054e-01
-1.710e+00 7.982e-01
-1.700e+00 8.649e-01
-1.690e+00 4.253e-01
-1.680e+00 2.239e-01
-1.670e+00 4.758e-01
-1.660e+00 4.025e-01
-1.650e+00 4.566e-01
-1.640e+00 4.099e-01
-1.630e+00 2.720e-01
-1.620e+00 3.294e-01
-1.610e+00 5.718e-01
-1.600e+00 9.810e-02
-1.590e+00 7.603e-02
-1.580e+00 3.647e-01
-1.570e+00 1.054e+00
-1.560e+00 7.590e-01
-1.550e+00 5.809e-01
-1.540e+00 4.751e-01
-1.530e+00 7.703e-01
-1.520e+00 5.076e-01
-1.510e+00 5.075e-01
-1.500e+00 3.178e-01
-1.490e+00 6.704e-02
-1.480e+00 5.630e-01
-1.470e+00 4.268e-01
-1.460e+00 4.126e-01
-1.450e+00 1.861e-01
-1.440e+00 4.711e-01
-1.430e+00 3.381e-01
-1.420e+00 5.786e-01
-1.410e+00 6.044e-01
-1.400e+00 7.330e-01
-1.390e+00 7.201e-01
-1.380e+00 8.161e-01
-1.370e+00 1.037e+00
-1.360e+00 8.830e-01
-1.350e+00 9.201e-01
-1.340e+00 1.144e+00
-1.330e+00 9.392e-01
-1.320e+00 1.030e+00
-1.310e+00 4.343e-01
-1.300e+00 9.311e-01
-1.290e+00 2.118e-01
-1.280e+00 4.919e-01
-1.270e+00 -4.300e-03
-1.260e+00 5.689e-01
-1.250e+00 4.666e-01
-1.240e+00 8.879e-01
-1.230e+00 2.544e-01
-1.220e+00 5.564e-01
-1.210e+00 5.335e-01
-1.200e+00 8.692e-01
-1.190e+00 3.233e-01
-1.180e+00 4.926e-01
-1.170e+00 -9.119e-02
-1.160e+00 2.871e-01
-1.150e+00 6.948e-01
-1.140e+00 8.749e-01
-1.130e+00 1.061e+00
-1.120e+00 7.884e-01
-1.110e+00 9.962e-01
-1.100e+00 9.348e-01
-1.090e+00 8.272e-01
-1.080e+00 7.636e-01
-1.070e+00 8.196e-01
-1.060e+00 5.517e-01
-1.050e+00 5.507e-01
-1.040e+00 3.991e-01
-1.030e+00 1.055e+00
-1.020e+00 4.193e-01
-1.010e+00 7.063e-01
-1.000e+00 6.592e-01
-9.900e-01 1.079e+00
-9.800e-01 7.459e-01
-9.700e-01 9.170e-01
-9.600e-01 1.216e+00
-9.500e-01 1.111e+00
-9.400e-01 1.655e+00
-9.300e-01 9.153e-01
-9.200e-01 1.617e+00
-9.100e-01 1.484e+00
-9.000e-01 1.536e+00
-8.900e-01 1.122e+00
-8.800e-01 1.163e+00
-8.700e-01 1.122e+00
-8.600e-01 1.209e+00
-8.500e-01 1.114e+00
-8.400e-01 1.361e+00
-8.300e-01 1.202e+00
-8.200e-01 6.064e-01
-8.100e-01 4.378e-01
-8.000e-01 7.404e-01
-7.900e-01 7.668e-01
-7.800e-01 6.494e-01
-7.700e-01 1.906e-01
-7.600e-01 3.353e-01
-7.500e-01 6.510e-01
-7.400e-01 8.164e-01
-7.300e-01 1.116e+00
-7.200e-01 6.153e-01
-7.100e-01 7.848e-01
-7.000e-01 9.998e-01
-6.900e-01 9.451e-01
-6.800e-01 7.765e-01
-6.700e-01 6.942e-01
-6.600e-01 6.729e-01
-6.500e-01 9.337e-01
-6.400e-01 4.203e-01
-6.300e-01 5.857e-01
-6.200e-01 7.172e-01
-6.100e-01 7.947e-01
-6.000e-01 6.102e-01
-5.900e-01 -3.495e-02
-5.800e-01 1.037e-01
-5.700e-01 -1.517e-02
-5.600e-01 -6.297e-02
-5.500e-01 1.210e-01
-5.400e-01 -3.283e-01
-5.300e-01 1.993e-02
-5.200e-01 2.250e-01
-5.100e-01 1.057e-01
-5.000e-01 -8.703e-02
-4.900e-01 2.217e-01
-4.800e-01 5.488e-01
-4.700e-01 3.242e-01
-4.600e-01 3.044e-01
-4.500e-01 3.734e-01
-4.400e-01 8.434e-01
-4.300e-01 1.263e+00
-4.200e-01 8.621e-01
-4.100e-01 1.858e+00
-4.000e-01 1.049e+00
-3.900e-01 1.759e+00
-3.800e-01 1.188e+00
-3.700e-01 1.836e+00
-3.600e-01 9.771e-01
-3.500e-01 1.365e+00
-3.400e-01 9.715e-01
-3.300e-01 2.270e+00
-3.200e-01 8.693e-01
-3.100e-01 1.209e+00
-3.000e-01 6.792e-01
-2.900e-01 2.689e+00
-2.800e-01 1.372e+00
-2.700e-01 2.654e+00
-2.600e-01 1.065e+00
-2.500e-01 2.912e+00
-2.400e-01 1.866e+00
-2.300e-01 2.731e+00
-2.200e-01 5.195e-01
-2.100e-01 1.373e+00
-2.000e-01 7.827e-01
-1.900e-01 1.656e+00
-1.800e-01 1.050e+00
-1.700e-01 1.590e+00
-1.600e-01 2.712e+00
-1.500e-01 2.148e+00
-1.400e-01 2.912e+00
-1.300e-01 3.109e+00
-1.200e-01 5.259e+00
-1.100e-01 4.374e+00
-1.000e-01 7.283e+00
-9.000e-02 4.340e+00
-8.000e-02 6.555e+00
-7.000e-02 2.118e+00
-6.000e-02 5.346e+00
-5.000e-02 8.313e+00
-4.000e-02 1.614e+01
-3.000e-02 1.682e+01
-2.000e-02 2.823e+01
-1.000e-02 4.428e+01
