# Time (ps)      real(F_0)      im(F_0)
0.000e+00 1.000e+00 0.000e+00
1.000e-01 8.994e-01 0.000e+00
2.000e-01 8.343e-01 0.000e+00
3.000e-01 8.245e-01 0.000e+00
4.000e-01 7.607e-01 0.000e+00
5.000e-01 7.177e-01 0.000e+00
6.000e-01 7.672e-01 0.000e+00
7.000e-01 7.231e-01 0.000e+00
8.000e-01 7.241e-01 0.000e+00
9.000e-01 7.076e-01 0.000e+00
1.000e+00 6.640e-01 0.000e+00
1.100e+00 6.631e-01 0.000e+00
1.200e+00 6.719e-01 0.000e+00
1.300e+00 6.300e-01 0.000e+00
1.400e+00 6.064e-01 0.000e+00
1.500e+00 5.810e-01 0.000e+00
1.600e+00 6.175e-01 0.000e+00
1.700e+00 6.087e-01 0.000e+00
1.800e+00 6.550e-01 0.000e+00
1.900e+00 6.172e-01 0.000e+00
2.000e+00 6.145e-01 0.000e+00
2.100e+00 6.360e-01 0.000e+00
2.200e+00 6.035e-01 0.000e+00
2.300e+00 5.586e-01 0.000e+00
2.400e+00 5.342e-01 0.000e+00
2.500e+00 5.290e-01 0.000e+00
2.600e+00 5.505e-01 0.000e+00
2.700e+00 5.553e-01 0.000e+00
2.800e+00 5.806e-01 0.000e+00
2.900e+00 5.631e-01 0.000e+00
3.000e+00 5.581e-01 0.000e+00
3.100e+00 5.624e-01 0.000e+00
3.200e+00 5.563e-01 0.000e+00
3.300e+00 5.151e-01 0.000e+00
3.400e+00 4.980e-01 0.000e+00
3.500e+00 5.133e-01 0.000e+00
3.600e+00 5.289e-01 0.000e+00
3.700e+00 4.942e-01 0.000e+00
3.800e+00 4.940e-01 0.000e+00
3.900e+00 5.211e-01 0.000e+00
4.000e+00 5.232e-01 0.000e+00
4.100e+00 5.109e-01 0.000e+00
4.200e+00 4.744e-01 0.000e+00
4.300e+00 5.044e-01 0.000e+00
4.400e+00 5.004e-01 0.000e+00
4.500e+00 5.030e-01 0.000e+00
4.600e+00 4.803e-01 0.000e+00
4.700e+00 4.675e-01 0.000e+00
4.800e+00 4.307e-01 0.000e+00
4.900e+00 4.096e-01 0.000e+00
5.000e+00 4.313e-01 0.000e+00
5.100e+00 4.528e-01 0.000e+00
5.200e+00 4.204e-01 0.000e+00
5.300e+00 4.212e-01 0.000e+00
5.400e+00 4.058e-01 0.000e+00
5.500e+00 4.049e-01 0.000e+00
5.600e+00 4.124e-01 0.000e+00
5.700e+00 4.138e-01 0.000e+00
5.800e+00 3.928e-01 0.000e+00
5.900e+00 4.290e-01 0.000e+00
6.000e+00 3.907e-01 0.000e+00
6.100e+00 3.881e-01 0.000e+00
6.200e+00 4.081e-01 0.000e+00
6.300e+00 4.035e-01 0.000e+00
6.400e+00 4.036e-01 0.000e+00
6.500e+00 3.933e-01 0.000e+00
6.600e+00 3.815e-01 0.000e+00
6.700e+00 3.770e-01 0.000e+00
6.800e+00 3.872e-01 0.000e+00
6.900e+00 4.016e-01 0.000e+00
7.000e+00 3.967e-01 0.000e+00
7.100e+00 3.778e-01 0.000e+00
7.200e+00 3.580e-01 0.000e+00
7.300e+00 3.452e-01 0.000e+00
7.400e+00 3.345e-01 0.000e+00
7.500e+00 3.366e-01 0.000e+00
7.600e+00 3.073e-01 0.000e+00
7.700e+00 3.199e-01 0.000e+00
7.800e+00 3.118e-01 0.000e+00
7.900e+00 3.000e-01 0.000e+00
8.000e+00 3.083e-01 0.000e+00
8.100e+00 3.160e-01 0.000e+00
8.200e+00 3.047e-01 0.000e+00
8.300e+00 3.063e-01 0.000e+00
8.400e+00 3.131e-01 0.000e+00
8.500e+00 3.204e-01 0.000e+00
8.600e+00 3.107e-01 0.000e+00
8.700e+00 3.268e-01 0.000e+00
8.800e+00 3.376e-01 0.000e+00
8.900e+00 3.322e-01 0.000e+00
9.000e+00 3.386e-01 0.000e+00
9.100e+00 3.261e-01 0.000e+00
9.200e+00 3.236e-01 0.000e+00
9.300e+00 3.329e-01 0.000e+00
9.400e+00 3.625e-01 0.000e+00
9.500e+00 3.549e-01 0.000e+00
9.600e+00 3.551e-01 0.000e+00
9.700e+00 3.530e-01 0.000e+00
9.800e+00 3.169e-01 0.000e+00
9.900e+00 3.526e-01 0.000e+00
1.000e+01 3.198e-01 0.000e+00
1.010e+01 3.038e-01 0.000e+00
1.020e+01 3.187e-01 0.000e+00
1.030e+01 3.232e-01 0.000e+00
1.040e+01 3.141e-01 0.000e+00
1.050e+01 3.538e-01 0.000e+00
1.060e+01 3.157e-01 0.000e+00
1.070e+01 3.189e-01 0.000e+00
1.080e+01 3.124e-01 0.000e+00
1.090e+01 3.140e-01 0.000e+00
1.100e+01 3.220e-01 0.000e+00
1.110e+01 3.209e-01 0.000e+00
1.120e+01 3.296e-01 0.000e+00
1.130e+01 3.187e-01 0.000e+00
1.140e+01 3.262e-01 0.000e+00
1.150e+01 2.959e-01 0.000e+00
1.160e+01 3.211e-01 0.000e+00
1.170e+01 3.029e-01 0.000e+00
1.180e+01 2.981e-01 0.000e+00
1.190e+01 2.709e-01 0.000e+00
1.200e+01 2.832e-01 0.000e+00
1.210e+01 2.675e-01 0.000e+00
1.220e+01 2.648e-01 0.000e+00
1.230e+01 2.574e-01 0.000e+00
1.240e+01 2.824e-01 0.000e+00
1.250e+01 2.702e-01 0.000e+00
1.260e+01 2.675e-01 0.000e+00
1.270e+01 2.852e-01 0.000e+00
1.280e+01 2.775e-01 0.000e+00
1.290e+01 2.869e-01 0.000e+00
1.300e+01 2.841e-01 0.000e+00
1.310e+01 2.780e-01 0.000e+00
1.320e+01 2.882e-01 0.000e+00
1.330e+01 3.020e-01 0.000e+00
1.340e+01 2.928e-01 0.000e+00
1.350e+01 2.903e-01 0.000e+00
1.360e+01 2.883e-01 0.000e+00
1.370e+01 3.043e-01 0.000e+00
1.380e+01 3.271e-01 0.000e+00
1.390e+01 3.063e-01 0.000e+00
1.400e+01 2.924e-01 0.000e+00
1.410e+01 3.138e-01 0.000e+00
1.420e+01 2.936e-01 0.000e+00
1.430e+01 2.660e-01 0.000e+00
1.440e+01 2.684e-01 0.000e+00
1.450e+01 2.942e-01 0.000e+00
1.460e+01 2.776e-01 0.000e+00
1.470e+01 2.802e-01 0.000e+00
1.480e+01 2.624e-01 0.000e+00
1.490e+01 2.672e-01 0.000e+00
1.500e+01 2.586e-01 0.000e+00
1.510e+01 2.845e-01 0.000e+00
1.520e+01 2.832e-01 0.000e+00
1.530e+01 2.752e-01 0.000e+00
1.540e+01 2.896e-01 0.000e+00
1.550e+01 2.785e-01 0.000e+00
1.560e+01 2.718e-01 0.000e+00
1.570e+01 2.668e-01 0.000e+00
1.580e+01 2.716e-01 0.000e+00
1.590e+01 2.674e-01 0.000e+00
1.600e+01 2.771e-01 0.000e+00
1.610e+01 2.860e-01 0.000e+00
1.620e+01 2.683e-01 0.000e+00
1.630e+01 2.747e-01 0.000e+00
1.640e+01 2.567e-01 0.000e+00
1.650e+01 2.597e-01 0.000e+00
1.660e+01 2.531e-01 0.000e+00
1.670e+01 2.767e-01 0.000e+00
1.680e+01 2.632e-01 0.000e+00
1.690e+01 2.777e-01 0.000e+00
1.700e+01 2.992e-01 0.000e+00
1.710e+01 3.006e-01 0.000e+00
1.720e+01 2.764e-01 0.000e+00
1.730e+01 2.857e-01 0.000e+00
1.740e+01 2.825e-01 0.000e+00
1.750e+01 2.814e-01 0.000e+00
1.760e+01 2.619e-01 0.000e+00
1.770e+01 2.632e-01 0.000e+00
1.780e+01 2.657e-01 0.000e+00
1.790e+01 2.819e-01 0.000e+00
1.800e+01 2.710e-01 0.000e+00
1.810e+01 2.699e-01 0.000e+00
1.820e+01 2.659e-01 0.000e+00
1.830e+01 2.749e-01 0.000e+00
1.840e+01 2.510e-01 0.000e+00
1.850e+01 2.352e-01 0.000e+00
1.860e+01 2.398e-01 0.000e+00
1.870e+01 2.424e-01 0.000e+00
1.880e+01 2.346e-01 0.000e+00
1.890e+01 2.371e-01 0.000e+00
1.900e+01 2.381e-01 0.000e+00
1.910e+01 2.494e-01 0.000e+00
1.920e+01 2.421e-01 0.000e+00
1.930e+01 2.271e-01 0.000e+00
1.940e+01 2.439e-01 0.000e+00
1.950e+01 2.519e-01 0.000e+00
1.960e+01 2.287e-01 0.000e+00
1.970e+01 2.419e-01 0.000e+00
1.980e+01 2.349e-01 0.000e+00
1.990e+01 1.990e-01 0.000e+00
2.000e+01 1.998e-01 0.000e+00
2.010e+01 2.159e-01 0.000e+00
2.020e+01 2.001e-01 0.000e+00
2.030e+01 2.055e-01 0.000e+00
2.040e+01 2.153e-01 0.000e+00
2.050e+01 2.125e-01 0.000e+00
2.060e+01 2.039e-01 0.000e+00
2.070e+01 2.152e-01 0.000e+00
2.080e+01 2.097e-01 0.000e+00
2.090e+01 2.033e-01 0.000e+00
2.100e+01 2.122e-01 0.000e+00
2.110e+01 2.114e-01 0.000e+00
2.120e+01 2.154e-01 0.000e+00
2.130e+01 2.050e-01 0.000e+00
2.140e+01 1.938e-01 0.000e+00
2.150e+01 1.944e-01 0.000e+00
2.160e+01 1.988e-01 0.000e+00
2.170e+01 2.025e-01 0.000e+00
2.180e+01 2.077e-01 0.000e+00
2.190e+01 1.916e-01 0.000e+00
2.200e+01 2.068e-01 0.000e+00
2.210e+01 1.911e-01 0.000e+00
2.220e+01 1.961e-01 0.000e+00
2.230e+01 1.924e-01 0.000e+00
2.240e+01 2.111e-01 0.000e+00
2.250e+01 2.115e-01 0.000e+00
2.260e+01 1.997e-01 0.000e+00
2.270e+01 1.970e-01 0.000e+00
2.280e+01 2.007e-01 0.000e+00
2.290e+01 2.069e-01 0.000e+00
2.300e+01 2.010e-01 0.000e+00
2.310e+01 1.844e-01 0.000e+00
2.320e+01 1.811e-01 0.000e+00
2.330e+01 1.958e-01 0.000e+00
2.340e+01 1.993e-01 0.000e+00
2.350e+01 1.942e-01 0.000e+00
2.360e+01 1.771e-01 0.000e+00
2.370e+01 1.811e-01 0.000e+00
2.380e+01 1.667e-01 0.000e+00
2.390e+01 1.953e-01 0.000e+00
2.400e+01 1.841e-01 0.000e+00
2.410e+01 1.912e-01 0.000e+00
2.420e+01 1.892e-01 0.000e+00
2.430e+01 1.970e-01 0.000e+00
2.440e+01 2.042e-01 0.000e+00
2.450e+01 1.984e-01 0.000e+00
2.460e+01 1.653e-01 0.000e+00
2.470e+01 1.701e-01 0.000e+00
2.480e+01 1.644e-01 0.000e+00
2.490e+01 1.889e-01 0.000e+00
2.500e+01 1.793e-01 0.000e+00
2.510e+01 1.622e-01 0.000e+00
2.520e+01 1.556e-01 0.000e+00
2.530e+01 1.721e-01 0.000e+00
2.540e+01 1.670e-01 0.000e+00
2.550e+01 1.821e-01 0.000e+00
2.560e+01 1.745e-01 0.000e+00
2.570e+01 1.792e-01 0.000e+00
2.580e+01 1.760e-01 0.000e+00
2.590e+01 1.826e-01 0.000e+00
2.600e+01 1.684e-01 0.000e+00
2.610e+01 1.739e-01 0.000e+00
2.620e+01 1.871e-01 0.000e+00
2.630e+01 1.746e-01 0.000e+00
2.640e+01 1.788e-01 0.000e+00
2.650e+01 1.784e-01 0.000e+00
2.660e+01 1.731e-01 0.000e+00
2.670e+01 1.737e-01 0.000e+00
2.680e+01 1.750e-01 0.000e+00
2.690e+01 1.844e-01 0.000e+00
2.700e+01 1.798e-01 0.000e+00
2.710e+01 1.870e-01 0.000e+00
2.720e+01 1.669e-01 0.000e+00
2.730e+01 1.650e-01 0.000e+00
2.740e+01 1.743e-01 0.000e+00
2.750e+01 1.808e-01 0.000e+00
2.760e+01 1.726e-01 0.000e+00
2.770e+01 1.693e-01 0.000e+00
2.780e+01 1.694e-01 0.000e+00
2.790e+01 1.694e-01 0.000e+00
2.800e+01 1.606e-01 0.000e+00
2.810e+01 1.700e-01 0.000e+00
2.820e+01 1.635e-01 0.000e+00
2.830e+01 1.595e-01 0.000e+00
2.840e+01 1.646e-01 0.000e+00
2.850e+01 1.664e-01 0.000e+00
2.860e+01 1.617e-01 0.000e+00
2.870e+01 1.605e-01 0.000e+00
2.880e+01 1.434e-01 0.000e+00
2.890e+01 1.445e-01 0.000e+00
2.900e+01 1.527e-01 0.000e+00
2.910e+01 1.661e-01 0.000e+00
2.920e+01 1.720e-01 0.000e+00
2.930e+01 1.583e-01 0.000e+00
2.940e+01 1.651e-01 0.000e+00
2.950e+01 1.659e-01 0.000e+00
2.960e+01 1.636e-01 0.000e+00
2.970e+01 1.592e-01 0.000e+00
2.980e+01 1.638e-01 0.000e+00
2.990e+01 1.747e-01 0.000e+00
3.000e+01 1.798e-01 0.000e+00
3.010e+01 1.669e-01 0.000e+00
3.020e+01 1.674e-01 0.000e+00
3.030e+01 1.639e-01 0.000e+00
3.040e+01 1.566e-01 0.000e+00
3.050e+01 1.587e-01 0.000e+00
3.060e+01 1.543e-01 0.000e+00
3.070e+01 1.647e-01 0.000e+00
3.080e+01 1.545e-01 0.000e+00
3.090e+01 1.498e-01 0.000e+00
3.100e+01 1.654e-01 0.000e+00
3.110e+01 1.565e-01 0.000e+00
3.120e+01 1.564e-01 0.000e+00
3.130e+01 1.584e-01 0.000e+00
3.140e+01 1.748e-01 0.000e+00
3.150e+01 1.720e-01 0.000e+00
3.160e+01 1.667e-01 0.000e+00
3.170e+01 1.568e-01 0.000e+00
3.180e+01 1.504e-01 0.000e+00
3.190e+01 1.544e-01 0.000e+00
3.200e+01 1.518e-01 0.000e+00
3.210e+01 1.490e-01 0.000e+00
3.220e+01 1.490e-01 0.000e+00
3.230e+01 1.446e-01 0.000e+00
3.240e+01 1.528e-01 0.000e+00
3.250e+01 1.581e-01 0.000e+00
3.260e+01 1.749e-01 0.000e+00
3.270e+01 1.553e-01 0.000e+00
3.280e+01 1.710e-01 0.000e+00
3.290e+01 1.725e-01 0.000e+00
3.300e+01 1.719e-01 0.000e+00
3.310e+01 1.632e-01 0.000e+00
3.320e+01 1.737e-01 0.000e+00
3.330e+01 1.768e-01 0.000e+00
3.340e+01 1.811e-01 0.000e+00
3.350e+01 1.724e-01 0.000e+00
3.360e+01 1.707e-01 0.000e+00
3.370e+01 1.712e-01 0.000e+00
3.380e+01 1.682e-01 0.000e+00
3.390e+01 1.599e-01 0.000e+00
3.400e+01 1.536e-01 0.000e+00
3.410e+01 1.484e-01 0.000e+00
3.420e+01 1.427e-01 0.000e+00
3.430e+01 1.357e-01 0.000e+00
3.440e+01 1.264e-01 0.000e+00
3.450e+01 1.326e-01 0.000e+00
3.460e+01 1.391e-01 0.000e+00
3.470e+01 1.453e-01 0.000e+00
3.480e+01 1.545e-01 0.000e+00
3.490e+01 1.373e-01 0.000e+00
3.500e+01 1.342e-01 0.000e+00
3.510e+01 1.486e-01 0.000e+00
3.520e+01 1.481e-01 0.000e+00
3.530e+01 1.469e-01 0.000e+00
3.540e+01 1.590e-01 0.000e+00
3.550e+01 1.535e-01 0.000e+00
3.560e+01 1.392e-01 0.000e+00
3.570e+01 1.510e-01 0.000e+00
3.580e+01 1.520e-01 0.000e+00
3.590e+01 1.511e-01 0.000e+00
3.600e+01 1.556e-01 0.000e+00
3.610e+01 1.525e-01 0.000e+00
3.620e+01 1.326e-01 0.000e+00
3.630e+01 1.456e-01 0.000e+00
3.640e+01 1.423e-01 0.000e+00
3.650e+01 1.547e-01 0.000e+00
3.660e+01 1.560e-01 0.000e+00
3.670e+01 1.515e-01 0.000e+00
3.680e+01 1.556e-01 0.000e+00
3.690e+01 1.508e-01 0.000e+00
3.700e+01 1.488e-01 0.000e+00
3.710e+01 1.466e-01 0.000e+00
3.720e+01 1.592e-01 0.000e+00
3.730e+01 1.550e-01 0.000e+00
3.740e+01 1.692e-01 0.000e+00
3.750e+01 1.798e-01 0.000e+00
3.760e+01 1.657e-01 0.000e+00
3.770e+01 1.692e-01 0.000e+00
3.780e+01 1.538e-01 0.000e+00
3.790e+01 1.650e-01 0.000e+00
3.800e+01 1.564e-01 0.000e+00
3.810e+01 1.673e-01 0.000e+00
3.820e+01 1.563e-01 0.000e+00
3.830e+01 1.669e-01 0.000e+00
3.840e+01 1.399e-01 0.000e+00
3.850e+01 1.375e-01 0.000e+00
3.860e+01 1.319e-01 0.000e+00
3.870e+01 1.471e-01 0.000e+00
3.880e+01 1.519e-01 0.000e+00
3.890e+01 1.488e-01 0.000e+00
3.900e+01 1.531e-01 0.000e+00
3.910e+01 1.511e-01 0.000e+00
3.920e+01 1.407e-01 0.000e+00
3.930e+01 1.299e-01 0.000e+00
3.940e+01 1.422e-01 0.000e+00
3.950e+01 1.577e-01 0.000e+00
3.960e+01 1.389e-01 0.000e+00
3.970e+01 1.489e-01 0.000e+00
3.980e+01 1.385e-01 0.000e+00
3.990e+01 1.435e-01 0.000e+00
4.000e+01 1.407e-01 0.000e+00
4.010e+01 1.425e-01 0.000e+00
4.020e+01 1.520e-01 0.000e+00
4.030e+01 1.324e-01 0.000e+00
4.040e+01 1.396e-01 0.000e+00
4.050e+01 1.317e-01 0.000e+00
4.060e+01 1.371e-01 0.000e+00
4.070e+01 1.434e-01 0.000e+00
4.080e+01 1.275e-01 0.000e+00
4.090e+01 1.410e-01 0.000e+00
4.100e+01 1.307e-01 0.000e+00
4.110e+01 1.316e-01 0.000e+00
4.120e+01 1.453e-01 0.000e+00
4.130e+01 1.289e-01 0.000e+00
4.140e+01 1.300e-01 0.000e+00
4.150e+01 1.371e-01 0.000e+00
4.160e+01 1.281e-01 0.000e+00
4.170e+01 1.202e-01 0.000e+00
4.180e+01 1.365e-01 0.000e+00
4.190e+01 1.244e-01 0.000e+00
4.200e+01 1.259e-01 0.000e+00
4.210e+01 1.271e-01 0.000e+00
4.220e+01 1.369e-01 0.000e+00
4.230e+01 1.278e-01 0.000e+00
4.240e+01 1.243e-01 0.000e+00
4.250e+01 1.408e-01 0.000e+00
4.260e+01 1.184e-01 0.000e+00
4.270e+01 1.443e-01 0.000e+00
4.280e+01 1.490e-01 0.000e+00
4.290e+01 1.403e-01 0.000e+00
4.300e+01 1.248e-01 0.000e+00
4.310e+01 1.289e-01 0.000e+00
4.320e+01 1.226e-01 0.000e+00
4.330e+01 1.113e-01 0.000e+00
4.340e+01 1.073e-01 0.000e+00
4.350e+01 1.174e-01 0.000e+00
4.360e+01 1.185e-01 0.000e+00
4.370e+01 1.171e-01 0.000e+00
4.380e+01 1.138e-01 0.000e+00
4.390e+01 1.113e-01 0.000e+00
4.400e+01 1.253e-01 0.000e+00
4.410e+01 1.310e-01 0.000e+00
4.420e+01 1.103e-01 0.000e+00
4.430e+01 1.301e-01 0.000e+00
4.440e+01 1.256e-01 0.000e+00
4.450e+01 1.341e-01 0.000e+00
4.460e+01 1.218e-01 0.000e+00
4.470e+01 1.327e-01 0.000e+00
4.480e+01 1.233e-01 0.000e+00
4.490e+01 1.218e-01 0.000e+00
4.500e+01 1.165e-01 0.000e+00
4.510e+01 9.696e-02 0.000e+00
4.520e+01 8.697e-02 0.000e+00
4.530e+01 9.836e-02 0.000e+00
4.540e+01 9.895e-02 0.000e+00
4.550e+01 9.967e-02 0.000e+00
4.560e+01 1.022e-01 0.000e+00
4.570e+01 9.562e-02 0.000e+00
4.580e+01 1.081e-01 0.000e+00
4.590e+01 1.159e-01 0.000e+00
4.600e+01 1.065e-01 0.000e+00
4.610e+01 1.047e-01 0.000e+00
4.620e+01 9.962e-02 0.000e+00
4.630e+01 9.873e-02 0.000e+00
4.640e+01 1.066e-01 0.000e+00
4.650e+01 1.095e-01 0.000e+00
4.660e+01 9.140e-02 0.000e+00
4.670e+01 8.557e-02 0.000e+00
4.680e+01 7.283e-02 0.000e+00
4.690e+01 9.398e-02 0.000e+00
4.700e+01 9.099e-02 0.000e+00
4.710e+01 9.429e-02 0.000e+00
4.720e+01 9.605e-02 0.000e+00
4.730e+01 9.532e-02 0.000e+00
4.740e+01 1.014e-01 0.000e+00
4.750e+01 1.010e-01 0.000e+00
4.760e+01 9.977e-02 0.000e+00
4.770e+01 1.022e-01 0.000e+00
4.780e+01 1.012e-01 0.000e+00
4.790e+01 1.038e-01 0.000e+00
4.800e+01 9.873e-02 0.000e+00
4.810e+01 9.881e-02 0.000e+00
4.820e+01 9.288e-02 0.000e+00
4.830e+01 8.530e-02 0.000e+00
4.840e+01 8.580e-02 0.000e+00
4.850e+01 9.035e-02 0.000e+00
4.860e+01 9.289e-02 0.000e+00
4.870e+01 9.035e-02 0.000e+00
4.880e+01 8.900e-02 0.000e+00
4.890e+01 9.637e-02 0.000e+00
4.900e+01 9.377e-02 0.000e+00
4.910e+01 9.757e-02 0.000e+00
4.920e+01 9.891e-02 0.000e+00
4.930e+01 1.024e-01 0.000e+00
4.940e+01 1.021e-01 0.000e+00
4.950e+01 1.035e-01 0.000e+00
4.960e+01 9.829e-02 0.000e+00
4.970e+01 1.044e-01 0.000e+00
4.980e+01 9.083e-02 0.000e+00
4.990e+01 8.833e-02 0.000e+00
5.000e+01 8.977e-02 0.000e+00
5.010e+01 9.852e-02 0.000e+00
5.020e+01 9.768e-02 0.000e+00
5.030e+01 9.532e-02 0.000e+00
5.040e+01 9.360e-02 0.000e+00
5.050e+01 9.505e-02 0.000e+00
5.060e+01 9.346e-02 0.000e+00
5.070e+01 1.017e-01 0.000e+00
5.080e+01 1.042e-01 0.000e+00
5.090e+01 9.437e-02 0.000e+00
5.100e+01 1.011e-01 0.000e+00
5.110e+01 1.008e-01 0.000e+00
5.120e+01 1.001e-01 0.000e+00
5.130e+01 9.737e-02 0.000e+00
5.140e+01 1.036e-01 0.000e+00
5.150e+01 1.097e-01 0.000e+00
5.160e+01 1.130e-01 0.000e+00
5.170e+01 1.102e-01 0.000e+00
5.180e+01 1.101e-01 0.000e+00
5.190e+01 1.076e-01 0.000e+00
5.200e+01 1.034e-01 0.000e+00
5.210e+01 9.690e-02 0.000e+00
5.220e+01 1.027e-01 0.000e+00
5.230e+01 9.081e-02 0.000e+00
5.240e+01 1.006e-01 0.000e+00
5.250e+01 1.041e-01 0.000e+00
5.260e+01 1.059e-01 0.000e+00
5.270e+01 9.979e-02 0.000e+00
5.280e+01 9.440e-02 0.000e+00
5.290e+01 9.119e-02 0.000e+00
5.300e+01 8.818e-02 0.000e+00
5.310e+01 8.337e-02 0.000e+00
5.320e+01 8.528e-02 0.000e+00
5.330e+01 8.130e-02 0.000e+00
5.340e+01 8.052e-02 0.000e+00
5.350e+01 7.967e-02 0.000e+00
5.360e+01 8.208e-02 0.000e+00
5.370e+01 8.549e-02 0.000e+00
5.380e+01 8.554e-02 0.000e+00
5.390e+01 8.149e-02 0.000e+00
5.400e+01 8.336e-02 0.000e+00
5.410e+01 7.930e-02 0.000e+00
5.420e+01 7.186e-02 0.000e+00
5.430e+01 6.848e-02 0.000e+00
5.440e+01 5.965e-02 0.000e+00
5.450e+01 6.464e-02 0.000e+00
5.460e+01 5.959e-02 0.000e+00
5.470e+01 6.477e-02 0.000e+00
5.480e+01 6.669e-02 0.000e+00
5.490e+01 6.459e-02 0.000e+00
5.500e+01 6.941e-02 0.000e+00
5.510e+01 7.507e-02 0.000e+00
5.520e+01 5.857e-02 0.000e+00
5.530e+01 5.633e-02 0.000e+00
5.540e+01 6.247e-02 0.000e+00
5.550e+01 6.401e-02 0.000e+00
5.560e+01 5.797e-02 0.000e+00
5.570e+01 5.290e-02 0.000e+00
5.580e+01 5.986e-02 0.000e+00
5.590e+01 6.131e-02 0.000e+00
5.600e+01 6.106e-02 0.000e+00
5.610e+01 6.567e-02 0.000e+00
5.620e+01 5.771e-02 0.000e+00
5.630e+01 6.256e-02 0.000e+00
5.640e+01 6.067e-02 0.000e+00
5.650e+01 6.182e-02 0.000e+00
5.660e+01 5.545e-02 0.000e+00
5.670e+01 6.498e-02 0.000e+00
5.680e+01 6.443e-02 0.000e+00
5.690e+01 5.810e-02 0.000e+00
5.700e+01 5.995e-02 0.000e+00
5.710e+01 6.333e-02 0.000e+00
5.720e+01 5.963e-02 0.000e+00
5.730e+01 5.600e-02 0.000e+00
5.740e+01 5.788e-02 0.000e+00
5.750e+01 5.577e-02 0.000e+00
5.760e+01 5.939e-02 0.000e+00
5.770e+01 6.034e-02 0.000e+00
5.780e+01 6.349e-02 0.000e+00
5.790e+01 6.383e-02 0.000e+00
5.800e+01 6.796e-02 0.000e+00
5.810e+01 6.157e-02 0.000e+00
5.820e+01 6.308e-02 0.000e+00
5.830e+01 6.871e-02 0.000e+00
5.840e+01 5.351e-02 0.000e+00
5.850e+01 5.288e-02 0.000e+00
5.860e+01 5.799e-02 0.000e+00
5.870e+01 6.117e-02 0.000e+00
5.880e+01 6.283e-02 0.000e+00
5.890e+01 6.399e-02 0.000e+00
5.900e+01 6.268e-02 0.000e+00
5.910e+01 6.217e-02 0.000e+00
5.920e+01 5.745e-02 0.000e+00
5.930e+01 5.839e-02 0.000e+00
5.940e+01 6.321e-02 0.000e+00
5.950e+01 6.214e-02 0.000e+00
5.960e+01 5.298e-02 0.000e+00
5.970e+01 5.346e-02 0.000e+00
5.980e+01 6.188e-02 0.000e+00
5.990e+01 6.050e-02 0.000e+00
6.000e+01 6.374e-02 0.000e+00
6.010e+01 6.200e-02 0.000e+00
6.020e+01 5.207e-02 0.000e+00
6.030e+01 4.676e-02 0.000e+00
6.040e+01 4.512e-02 0.000e+00
6.050e+01 5.091e-02 0.000e+00
6.060e+01 5.612e-02 0.000e+00
6.070e+01 5.783e-02 0.000e+00
6.080e+01 5.824e-02 0.000e+00
6.090e+01 6.021e-02 0.000e+00
6.100e+01 5.984e-02 0.000e+00
6.110e+01 5.535e-02 0.000e+00
6.120e+01 5.574e-02 0.000e+00
6.130e+01 5.286e-02 0.000e+00
6.140e+01 4.698e-02 0.000e+00
6.150e+01 4.888e-02 0.000e+00
6.160e+01 5.385e-02 0.000e+00
6.170e+01 5.283e-02 0.000e+00
6.180e+01 5.819e-02 0.000e+00
6.190e+01 5.906e-02 0.000e+00
6.200e+01 6.113e-02 0.000e+00
6.210e+01 5.796e-02 0.000e+00
6.220e+01 6.342e-02 0.000e+00
6.230e+01 6.436e-02 0.000e+00
6.240e+01 5.297e-02 0.000e+00
6.250e+01 5.574e-02 0.000e+00
6.260e+01 6.150e-02 0.000e+00
6.270e+01 6.344e-02 0.000e+00
6.280e+01 6.774e-02 0.000e+00
6.290e+01 6.688e-02 0.000e+00
6.300e+01 5.702e-02 0.000e+00
6.310e+01 5.730e-02 0.000e+00
6.320e+01 5.885e-02 0.000e+00
6.330e+01 5.570e-02 0.000e+00
6.340e+01 5.841e-02 0.000e+00
6.350e+01 6.477e-02 0.000e+00
6.360e+01 7.120e-02 0.000e+00
6.370e+01 7.061e-02 0.000e+00
6.380e+01 6.809e-02 0.000e+00
6.390e+01 6.484e-02 0.000e+00
6.400e+01 6.522e-02 0.000e+00
6.410e+01 6.105e-02 0.000e+00
6.420e+01 5.804e-02 0.000e+00
6.430e+01 6.184e-02 0.000e+00
6.440e+01 6.337e-02 0.000e+00
6.450e+01 7.116e-02 0.000e+00
6.460e+01 6.705e-02 0.000e+00
6.470e+01 8.718e-02 0.000e+00
6.480e+01 7.990e-02 0.000e+00
6.490e+01 7.170e-02 0.000e+00
6.500e+01 7.610e-02 0.000e+00
6.510e+01 6.128e-02 0.000e+00
6.520e+01 6.791e-02 0.000e+00
6.530e+01 7.603e-02 0.000e+00
6.540e+01 8.302e-02 0.000e+00
6.550e+01 7.913e-02 0.000e+00
6.560e+01 8.428e-02 0.000e+00
6.570e+01 7.916e-02 0.000e+00
6.580e+01 8.228e-02 0.000e+00
6.590e+01 8.199e-02 0.000e+00
6.600e+01 5.656e-02 0.000e+00
6.610e+01 5.991e-02 0.000e+00
6.620e+01 6.346e-02 0.000e+00
6.630e+01 6.013e-02 0.000e+00
6.640e+01 6.162e-02 0.000e+00
6.650e+01 6.026e-02 0.000e+00
6.660e+01 5.812e-02 0.000e+00
6.670e+01 5.331e-02 0.000e+00
6.680e+01 5.154e-02 0.000e+00
6.690e+01 5.901e-02 0.000e+00
6.700e+01 5.593e-02 0.000e+00
6.710e+01 6.521e-02 0.000e+00
6.720e+01 6.536e-02 0.000e+00
6.730e+01 6.209e-02 0.000e+00
6.740e+01 6.901e-02 0.000e+00
6.750e+01 6.559e-02 0.000e+00
6.760e+01 6.026e-02 0.000e+00
6.770e+01 6.837e-02 0.000e+00
6.780e+01 6.985e-02 0.000e+00
6.790e+01 6.043e-02 0.000e+00
6.800e+01 5.819e-02 0.000e+00
6.810e+01 5.574e-02 0.000e+00
6.820e+01 5.158e-02 0.000e+00
6.830e+01 5.980e-02 0.000e+00
6.840e+01 4.806e-02 0.000e+00
6.850e+01 4.787e-02 0.000e+00
6.860e+01 4.936e-02 0.000e+00
6.870e+01 4.840e-02 0.000e+00
6.880e+01 5.015e-02 0.000e+00
6.890e+01 5.057e-02 0.000e+00
6.900e+01 5.205e-02 0.000e+00
6.910e+01 5.826e-02 0.000e+00
6.920e+01 5.758e-02 0.000e+00
6.930e+01 5.792e-02 0.000e+00
6.940e+01 4.910e-02 0.000e+00
6.950e+01 5.546e-02 0.000e+00
6.960e+01 5.417e-02 0.000e+00
6.970e+01 5.512e-02 0.000e+00
6.980e+01 5.820e-02 0.000e+00
6.990e+01 5.122e-02 0.000e+00
7.000e+01 5.094e-02 0.000e+00
7.010e+01 5.653e-02 0.000e+00
7.020e+01 5.377e-02 0.000e+00
7.030e+01 5.078e-02 0.000e+00
7.040e+01 5.322e-02 0.000e+00
7.050e+01 5.271e-02 0.000e+00
7.060e+01 4.954e-02 0.000e+00
7.070e+01 5.212e-02 0.000e+00
7.080e+01 5.760e-02 0.000e+00
7.090e+01 6.163e-02 0.000e+00
7.100e+01 5.707e-02 0.000e+00
7.110e+01 6.391e-02 0.000e+00
7.120e+01 5.476e-02 0.000e+00
7.130e+01 6.113e-02 0.000e+00
7.140e+01 5.848e-02 0.000e+00
7.150e+01 5.709e-02 0.000e+00
7.160e+01 5.603e-02 0.000e+00
7.170e+01 5.193e-02 0.000e+00
7.180e+01 5.714e-02 0.000e+00
7.190e+01 6.319e-02 0.000e+00
7.200e+01 6.039e-02 0.000e+00
7.210e+01 5.323e-02 0.000e+00
7.220e+01 5.336e-02 0.000e+00
7.230e+01 5.694e-02 0.000e+00
7.240e+01 6.572e-02 0.000e+00
7.250e+01 6.277e-02 0.000e+00
7.260e+01 5.616e-02 0.000e+00
7.270e+01 5.331e-02 0.000e+00
7.280e+01 5.166e-02 0.000e+00
7.290e+01 5.574e-02 0.000e+00
7.300e+01 5.922e-02 0.000e+00
7.310e+01 5.488e-02 0.000e+00
7.320e+01 5.125e-02 0.000e+00
7.330e+01 4.786e-02 0.000e+00
7.340e+01 4.200e-02 0.000e+00
7.350e+01 4.816e-02 0.000e+00
7.360e+01 4.891e-02 0.000e+00
7.370e+01 4.760e-02 0.000e+00
7.380e+01 5.145e-02 0.000e+00
7.390e+01 5.327e-02 0.000e+00
7.400e+01 4.976e-02 0.000e+00
7.410e+01 4.683e-02 0.000e+00
7.420e+01 4.749e-02 0.000e+00
7.430e+01 5.013e-02 0.000e+00
7.440e+01 4.851e-02 0.000e+00
7.450e+01 4.918e-02 0.000e+00
7.460e+01 4.986e-02 0.000e+00
7.470e+01 4.704e-02 0.000e+00
7.480e+01 4.324e-02 0.000e+00
7.490e+01 4.443e-02 0.000e+00
7.500e+01 4.404e-02 0.000e+00
7.510e+01 5.203e-02 0.000e+00
7.520e+01 4.960e-02 0.000e+00
7.530e+01 4.467e-02 0.000e+00
7.540e+01 4.491e-02 0.000e+00
7.550e+01 4.552e-02 0.000e+00
7.560e+01 4.497e-02 0.000e+00
7.570e+01 4.471e-02 0.000e+00
7.580e+01 4.127e-02 0.000e+00
7.590e+01 4.238e-02 0.000e+00
7.600e+01 4.197e-02 0.000e+00
7.610e+01 3.962e-02 0.000e+00
7.620e+01 3.783e-02 0.000e+00
7.630e+01 4.115e-02 0.000e+00
7.640e+01 3.776e-02 0.000e+00
7.650e+01 3.650e-02 0.000e+00
7.660e+01 3.992e-02 0.000e+00
7.670e+01 4.521e-02 0.000e+00
7.680e+01 4.035e-02 0.000e+00
7.690e+01 3.858e-02 0.000e+00
7.700e+01 3.427e-02 0.000e+00
7.710e+01 3.145e-02 0.000e+00
7.720e+01 3.188e-02 0.000e+00
7.730e+01 3.129e-02 0.000e+00
7.740e+01 3.265e-02 0.000e+00
7.750e+01 2.981e-02 0.000e+00
7.760e+01 3.251e-02 0.000e+00
7.770e+01 3.376e-02 0.000e+00
7.780e+01 3.225e-02 0.000e+00
7.790e+01 3.254e-02 0.000e+00
7.800e+01 3.763e-02 0.000e+00
7.810e+01 3.570e-02 0.000e+00
7.820e+01 3.886e-02 0.000e+00
7.830e+01 3.561e-02 0.000e+00
7.840e+01 3.049e-02 0.000e+00
7.850e+01 2.933e-02 0.000e+00
7.860e+01 3.324e-02 0.000e+00
7.870e+01 3.464e-02 0.000e+00
7.880e+01 3.398e-02 0.000e+00
7.890e+01 3.922e-02 0.000e+00
7.900e+01 3.404e-02 0.000e+00
7.910e+01 3.337e-02 0.000e+00
7.920e+01 2.908e-02 0.000e+00
7.930e+01 2.507e-02 0.000e+00
7.940e+01 3.174e-02 0.000e+00
7.950e+01 3.606e-02 0.000e+00
7.960e+01 3.682e-02 0.000e+00
7.970e+01 3.321e-02 0.000e+00
7.980e+01 3.198e-02 0.000e+00
7.990e+01 3.596e-02 0.000e+00
8.000e+01 3.885e-02 0.000e+00
8.010e+01 3.989e-02 0.000e+00
8.020e+01 3.728e-02 0.000e+00
8.030e+01 3.669e-02 0.000e+00
8.040e+01 3.697e-02 0.000e+00
8.050e+01 3.487e-02 0.000e+00
8.060e+01 3.865e-02 0.000e+00
8.070e+01 3.922e-02 0.000e+00
8.080e+01 3.805e-02 0.000e+00
8.090e+01 4.021e-02 0.000e+00
8.100e+01 3.885e-02 0.000e+00
8.110e+01 3.575e-02 0.000e+00
8.120e+01 3.256e-02 0.000e+00
8.130e+01 3.079e-02 0.000e+00
8.140e+01 2.600e-02 0.000e+00
8.150e+01 2.463e-02 0.000e+00
8.160e+01 3.381e-02 0.000e+00
8.170e+01 2.865e-02 0.000e+00
8.180e+01 2.507e-02 0.000e+00
8.190e+01 2.781e-02 0.000e+00
8.200e+01 2.755e-02 0.000e+00
8.210e+01 3.082e-02 0.000e+00
8.220e+01 2.798e-02 0.000e+00
8.230e+01 2.845e-02 0.000e+00
8.240e+01 2.593e-02 0.000e+00
8.250e+01 2.932e-02 0.000e+00
8.260e+01 2.904e-02 0.000e+00
8.270e+01 3.137e-02 0.000e+00
8.280e+01 2.746e-02 0.000e+00
8.290e+01 2.895e-02 0.000e+00
8.300e+01 2.810e-02 0.000e+00
8.310e+01 3.157e-02 0.000e+00
8.320e+01 3.054e-02 0.000e+00
8.330e+01 2.968e-02 0.000e+00
8.340e+01 3.525e-02 0.000e+00
8.350e+01 3.057e-02 0.000e+00
8.360e+01 3.515e-02 0.000e+00
8.370e+01 3.231e-02 0.000e+00
8.380e+01 3.189e-02 0.000e+00
8.390e+01 3.503e-02 0.000e+00
8.400e+01 4.067e-02 0.000e+00
8.410e+01 4.233e-02 0.000e+00
8.420e+01 4.074e-02 0.000e+00
8.430e+01 3.428e-02 0.000e+00
8.440e+01 3.168e-02 0.000e+00
8.450e+01 3.228e-02 0.000e+00
8.460e+01 3.000e-02 0.000e+00
8.470e+01 3.478e-02 0.000e+00
8.480e+01 3.300e-02 0.000e+00
8.490e+01 3.349e-02 0.000e+00
8.500e+01 4.205e-02 0.000e+00
8.510e+01 3.977e-02 0.000e+00
8.520e+01 3.848e-02 0.000e+00
8.530e+01 3.787e-02 0.000e+00
8.540e+01 3.686e-02 0.000e+00
8.550e+01 3.125e-02 0.000e+00
8.560e+01 3.537e-02 0.000e+00
8.570e+01 3.457e-02 0.000e+00
8.580e+01 3.211e-02 0.000e+00
8.590e+01 2.879e-02 0.000e+00
8.600e+01 2.816e-02 0.000e+00
8.610e+01 2.586e-02 0.000e+00
8.620e+01 3.131e-02 0.000e+00
8.630e+01 2.949e-02 0.000e+00
8.640e+01 2.806e-02 0.000e+00
8.650e+01 2.909e-02 0.000e+00
8.660e+01 3.120e-02 0.000e+00
8.670e+01 2.758e-02 0.000e+00
8.680e+01 3.440e-02 0.000e+00
8.690e+01 3.159e-02 0.000e+00
8.700e+01 2.941e-02 0.000e+00
8.710e+01 2.728e-02 0.000e+00
8.720e+01 2.961e-02 0.000e+00
8.730e+01 2.988e-02 0.000e+00
8.740e+01 2.722e-02 0.000e+00
8.750e+01 2.814e-02 0.000e+00
8.760e+01 3.226e-02 0.000e+00
8.770e+01 3.198e-02 0.000e+00
8.780e+01 3.053e-02 0.000e+00
8.790e+01 2.466e-02 0.000e+00
8.800e+01 2.661e-02 0.000e+00
8.810e+01 2.444e-02 0.000e+00
8.820e+01 2.587e-02 0.000e+00
8.830e+01 3.257e-02 0.000e+00
8.840e+01 2.672e-02 0.000e+00
8.850e+01 2.171e-02 0.000e+00
8.860e+01 2.442e-02 0.000e+00
8.870e+01 2.722e-02 0.000e+00
8.880e+01 3.140e-02 0.000e+00
8.890e+01 3.033e-02 0.000e+00
8.900e+01 2.758e-02 0.000e+00
8.910e+01 3.016e-02 0.000e+00
8.920e+01 2.682e-02 0.000e+00
8.930e+01 3.174e-02 0.000e+00
8.940e+01 2.961e-02 0.000e+00
8.950e+01 2.827e-02 0.000e+00
8.960e+01 3.255e-02 0.000e+00
8.970e+01 2.881e-02 0.000e+00
8.980e+01 3.274e-02 0.000e+00
8.990e+01 2.781e-02 0.000e+00
9.000e+01 2.843e-02 0.000e+00
9.010e+01 2.826e-02 0.000e+00
9.020e+01 3.264e-02 0.000e+00
9.030e+01 3.610e-02 0.000e+00
9.040e+01 3.147e-02 0.000e+00
9.050e+01 3.413e-02 0.000e+00
9.060e+01 3.695e-02 0.000e+00
9.070e+01 3.748e-02 0.000e+00
9.080e+01 3.163e-02 0.000e+00
9.090e+01 3.255e-02 0.000e+00
9.100e+01 3.074e-02 0.000e+00
9.110e+01 3.385e-02 0.000e+00
9.120e+01 3.204e-02 0.000e+00
9.130e+01 3.359e-02 0.000e+00
9.140e+01 3.245e-02 0.000e+00
9.150e+01 3.102e-02 0.000e+00
9.160e+01 2.982e-02 0.000e+00
9.170e+01 2.927e-02 0.000e+00
9.180e+01 3.210e-02 0.000e+00
9.190e+01 3.352e-02 0.000e+00
9.200e+01 2.840e-02 0.000e+00
9.210e+01 2.832e-02 0.000e+00
9.220e+01 2.842e-02 0.000e+00
9.230e+01 2.964e-02 0.000e+00
9.240e+01 3.114e-02 0.000e+00
9.250e+01 2.817e-02 0.000e+00
9.260e+01 2.882e-02 0.000e+00
9.270e+01 1.914e-02 0.000e+00
9.280e+01 1.838e-02 0.000e+00
9.290e+01 2.318e-02 0.000e+00
9.300e+01 2.440e-02 0.000e+00
9.310e+01 2.339e-02 0.000e+00
9.320e+01 2.129e-02 0.000e+00
9.330e+01 2.287e-02 0.000e+00
9.340e+01 1.862e-02 0.000e+00
9.350e+01 2.129e-02 0.000e+00
9.360e+01 2.051e-02 0.000e+00
9.370e+01 1.884e-02 0.000e+00
9.380e+01 2.180e-02 0.000e+00
9.390e+01 2.285e-02 0.000e+00
9.400e+01 2.060e-02 0.000e+00
9.410e+01 1.791e-02 0.000e+00
9.420e+01 1.699e-02 0.000e+00
9.430e+01 1.938e-02 0.000e+00
9.440e+01 1.811e-02 0.000e+00
9.450e+01 1.986e-02 0.000e+00
9.460e+01 1.748e-02 0.000e+00
9.470e+01 1.907e-02 0.000e+00
9.480e+01 2.224e-02 0.000e+00
9.490e+01 2.696e-02 0.000e+00
9.500e+01 2.787e-02 0.000e+00
9.510e+01 3.087e-02 0.000e+00
9.520e+01 2.884e-02 0.000e+00
9.530e+01 2.392e-02 0.000e+00
9.540e+01 2.141e-02 0.000e+00
9.550e+01 2.051e-02 0.000e+00
9.560e+01 1.859e-02 0.000e+00
9.570e+01 1.964e-02 0.000e+00
9.580e+01 1.929e-02 0.000e+00
9.590e+01 1.533e-02 0.000e+00
9.600e+01 1.558e-02 0.000e+00
9.610e+01 1.280e-02 0.000e+00
9.620e+01 1.438e-02 0.000e+00
9.630e+01 1.834e-02 0.000e+00
9.640e+01 1.672e-02 0.000e+00
9.650e+01 1.751e-02 0.000e+00
9.660e+01 1.652e-02 0.000e+00
9.670e+01 1.723e-02 0.000e+00
9.680e+01 1.668e-02 0.000e+00
9.690e+01 1.364e-02 0.000e+00
9.700e+01 1.608e-02 0.000e+00
9.710e+01 1.522e-02 0.000e+00
9.720e+01 1.794e-02 0.000e+00
9.730e+01 1.880e-02 0.000e+00
9.740e+01 1.885e-02 0.000e+00
9.750e+01 1.912e-02 0.000e+00
9.760e+01 1.745e-02 0.000e+00
9.770e+01 1.766e-02 0.000e+00
9.780e+01 1.421e-02 0.000e+00
9.790e+01 1.857e-02 0.000e+00
9.800e+01 2.415e-02 0.000e+00
9.810e+01 1.966e-02 0.000e+00
9.820e+01 1.905e-02 0.000e+00
9.830e+01 1.823e-02 0.000e+00
9.840e+01 1.263e-02 0.000e+00
9.850e+01 1.309e-02 0.000e+00
9.860e+01 1.812e-02 0.000e+00
9.870e+01 1.734e-02 0.000e+00
9.880e+01 2.150e-02 0.000e+00
9.890e+01 2.047e-02 0.000e+00
9.900e+01 1.713e-02 0.000e+00
9.910e+01 1.963e-02 0.000e+00
9.920e+01 1.920e-02 0.000e+00
9.930e+01 1.717e-02 0.000e+00
9.940e+01 1.671e-02 0.000e+00
9.950e+01 1.779e-02 0.000e+00
9.960e+01 2.077e-02 0.000e+00
9.970e+01 2.135e-02 0.000e+00
9.980e+01 1.904e-02 0.000e+00
9.990e+01 2.151e-02 0.000e+00
