# Time (ps)      real(F_2)      im(F_2)
0.000e+00 1.000e+00 0.000e+00
1.000e-01 9.164e-01 1.242e-03
2.000e-01 8.754e-01 6.789e-03
3.000e-01 8.382e-01 1.474e-02
4.000e-01 8.213e-01 2.063e-02
5.000e-01 8.032e-01 2.594e-02
6.000e-01 7.675e-01 1.814e-02
7.000e-01 7.921e-01 2.175e-03
8.000e-01 7.762e-01 -4.031e-02
9.000e-01 7.889e-01 -1.141e-02
1.000e+00 7.812e-01 -3.193e-02
1.100e+00 7.671e-01 -1.036e-02
1.200e+00 7.211e-01 -2.911e-02
1.300e+00 7.333e-01 -3.317e-02
1.400e+00 6.951e-01 -6.004e-02
1.500e+00 7.100e-01 -4.102e-03
1.600e+00 6.905e-01 -3.002e-02
1.700e+00 6.791e-01 -1.823e-02
1.800e+00 6.761e-01 2.426e-02
1.900e+00 7.030e-01 1.157e-02
2.000e+00 7.020e-01 1.219e-02
2.100e+00 6.877e-01 1.876e-02
2.200e+00 6.670e-01 1.200e-02
2.300e+00 6.922e-01 7.130e-03
2.400e+00 6.627e-01 6.276e-03
2.500e+00 6.491e-01 -1.865e-04
2.600e+00 6.635e-01 -1.743e-02
2.700e+00 6.602e-01 -1.594e-02
2.800e+00 6.488e-01 -6.134e-03
2.900e+00 6.421e-01 -2.115e-03
3.000e+00 6.317e-01 4.586e-03
3.100e+00 6.180e-01 -3.047e-03
3.200e+00 6.149e-01 2.246e-02
3.300e+00 6.257e-01 1.955e-03
3.400e+00 6.030e-01 3.739e-02
3.500e+00 6.102e-01 3.458e-02
3.600e+00 6.016e-01 4.180e-02
3.700e+00 5.999e-01 3.912e-02
3.800e+00 5.903e-01 4.441e-02
3.900e+00 5.756e-01 7.968e-02
4.000e+00 5.891e-01 6.331e-02
4.100e+00 5.772e-01 7.265e-02
4.200e+00 5.645e-01 5.476e-02
4.300e+00 5.815e-01 6.782e-02
4.400e+00 5.844e-01 5.905e-02
4.500e+00 5.603e-01 4.886e-02
4.600e+00 5.609e-01 4.486e-02
4.700e+00 5.438e-01 5.134e-02
4.800e+00 5.358e-01 3.250e-02
4.900e+00 5.622e-01 6.488e-02
5.000e+00 5.463e-01 7.389e-02
5.100e+00 5.367e-01 7.543e-02
5.200e+00 5.274e-01 7.873e-02
5.300e+00 4.807e-01 7.384e-02
5.400e+00 4.950e-01 7.219e-02
5.500e+00 4.927e-01 7.917e-02
5.600e+00 4.982e-01 4.057e-02
5.700e+00 5.037e-01 4.655e-02
5.800e+00 5.026e-01 5.077e-02
5.900e+00 5.051e-01 5.974e-02
6.000e+00 4.782e-01 6.629e-02
6.100e+00 4.679e-01 4.760e-02
6.200e+00 4.666e-01 6.129e-02
6.300e+00 4.756e-01 3.868e-02
6.400e+00 4.915e-01 3.127e-02
6.500e+00 4.878e-01 5.585e-02
6.600e+00 4.781e-01 5.323e-02
6.700e+00 4.896e-01 5.889e-02
6.800e+00 4.718e-01 7.533e-02
6.900e+00 4.704e-01 4.194e-02
7.000e+00 4.549e-01 4.598e-02
7.100e+00 4.422e-01 3.885e-02
7.200e+00 4.557e-01 3.690e-02
7.300e+00 4.543e-01 3.365e-02
7.400e+00 4.437e-01 4.691e-02
7.500e+00 4.544e-01 4.596e-02
7.600e+00 4.506e-01 6.337e-02
7.700e+00 4.557e-01 5.979e-02
7.800e+00 4.528e-01 4.400e-02
7.900e+00 4.485e-01 3.517e-02
8.000e+00 4.485e-01 3.904e-02
8.100e+00 4.463e-01 4.463e-02
8.200e+00 4.441e-01 3.585e-02
8.300e+00 4.555e-01 5.059e-02
8.400e+00 4.332e-01 3.229e-02
8.500e+00 4.235e-01 4.893e-02
8.600e+00 4.434e-01 4.171e-02
8.700e+00 4.321e-01 5.361e-02
8.800e+00 4.498e-01 7.237e-02
8.900e+00 4.512e-01 6.668e-02
9.000e+00 4.471e-01 6.587e-02
9.100e+00 4.455e-01 7.329e-02
9.200e+00 4.356e-01 6.090e-02
9.300e+00 4.535e-01 6.152e-02
9.400e+00 4.235e-01 6.781e-02
9.500e+00 4.394e-01 6.127e-02
9.600e+00 4.251e-01 5.509e-02
9.700e+00 4.166e-01 2.016e-02
9.800e+00 4.166e-01 3.628e-02
9.900e+00 4.233e-01 3.308e-02
1.000e+01 4.115e-01 1.235e-02
1.010e+01 4.008e-01 3.680e-02
1.020e+01 4.054e-01 1.171e-02
1.030e+01 4.162e-01 1.587e-02
1.040e+01 4.145e-01 -1.944e-03
1.050e+01 4.078e-01 1.984e-02
1.060e+01 4.035e-01 1.824e-02
1.070e+01 3.884e-01 2.887e-03
1.080e+01 3.814e-01 -1.361e-03
1.090e+01 3.822e-01 8.377e-03
1.100e+01 3.700e-01 8.820e-03
1.110e+01 3.965e-01 1.763e-02
1.120e+01 3.878e-01 2.447e-02
1.130e+01 3.825e-01 3.086e-03
1.140e+01 3.748e-01 9.209e-03
1.150e+01 3.761e-01 1.987e-02
1.160e+01 3.643e-01 1.971e-02
1.170e+01 3.737e-01 2.281e-02
1.180e+01 3.426e-01 2.758e-02
1.190e+01 3.530e-01 2.665e-02
1.200e+01 3.526e-01 2.093e-02
1.210e+01 3.481e-01 2.022e-02
1.220e+01 3.494e-01 3.772e-02
1.230e+01 3.811e-01 1.757e-02
1.240e+01 3.511e-01 2.736e-02
1.250e+01 3.345e-01 4.279e-02
1.260e+01 3.444e-01 4.862e-02
1.270e+01 3.355e-01 3.578e-02
1.280e+01 3.271e-01 2.603e-02
1.290e+01 3.128e-01 2.807e-02
1.300e+01 3.019e-01 2.542e-02
1.310e+01 2.914e-01 2.699e-02
1.320e+01 3.009e-01 2.474e-02
1.330e+01 3.218e-01 1.027e-02
1.340e+01 3.121e-01 1.166e-02
1.350e+01 3.159e-01 1.723e-02
1.360e+01 2.996e-01 1.465e-02
1.370e+01 3.087e-01 1.305e-03
1.380e+01 3.015e-01 4.216e-03
1.390e+01 3.062e-01 8.112e-03
1.400e+01 2.964e-01 -3.993e-03
1.410e+01 2.998e-01 -1.035e-02
1.420e+01 2.954e-01 4.388e-03
1.430e+01 3.028e-01 3.591e-03
1.440e+01 2.803e-01 -1.059e-02
1.450e+01 2.751e-01 -1.649e-02
1.460e+01 2.820e-01 -1.839e-03
1.470e+01 2.910e-01 -5.843e-03
1.480e+01 2.918e-01 -1.089e-02
1.490e+01 2.993e-01 -1.373e-02
1.500e+01 3.055e-01 -1.707e-02
1.510e+01 2.945e-01 -4.620e-03
1.520e+01 2.992e-01 -1.025e-02
1.530e+01 2.863e-01 -1.176e-02
1.540e+01 2.854e-01 -1.501e-02
1.550e+01 2.727e-01 -9.544e-03
1.560e+01 2.613e-01 -2.696e-02
1.570e+01 2.654e-01 -2.771e-02
1.580e+01 2.775e-01 -3.264e-02
1.590e+01 2.698e-01 -2.877e-03
1.600e+01 2.962e-01 -8.315e-03
1.610e+01 3.000e-01 1.975e-02
1.620e+01 3.000e-01 1.565e-02
1.630e+01 2.983e-01 2.175e-02
1.640e+01 2.997e-01 4.182e-03
1.650e+01 2.885e-01 -3.617e-03
1.660e+01 2.898e-01 7.813e-04
1.670e+01 2.749e-01 3.533e-02
1.680e+01 2.819e-01 2.230e-02
1.690e+01 3.068e-01 8.968e-03
1.700e+01 3.002e-01 3.362e-03
1.710e+01 3.077e-01 2.121e-03
1.720e+01 2.641e-01 -1.313e-02
1.730e+01 2.572e-01 2.518e-03
1.740e+01 2.674e-01 -1.415e-02
1.750e+01 2.547e-01 -2.101e-02
1.760e+01 2.749e-01 1.306e-02
1.770e+01 2.671e-01 1.424e-02
1.780e+01 2.698e-01 2.870e-02
1.790e+01 2.552e-01 2.201e-02
1.800e+01 2.551e-01 1.264e-02
1.810e+01 2.605e-01 -1.427e-02
1.820e+01 2.827e-01 -2.258e-02
1.830e+01 2.663e-01 -2.176e-02
1.840e+01 2.853e-01 8.933e-04
1.850e+01 2.701e-01 -3.115e-03
1.860e+01 2.780e-01 2.914e-03
1.870e+01 2.617e-01 -1.860e-03
1.880e+01 2.748e-01 9.154e-03
1.890e+01 2.655e-01 9.960e-03
1.900e+01 2.784e-01 1.635e-02
1.910e+01 2.697e-01 -7.767e-03
1.920e+01 2.632e-01 2.573e-02
1.930e+01 2.640e-01 2.108e-04
1.940e+01 2.265e-01 2.690e-03
1.950e+01 2.399e-01 1.834e-02
1.960e+01 2.346e-01 -8.874e-04
1.970e+01 2.435e-01 -5.260e-03
1.980e+01 2.417e-01 9.458e-03
1.990e+01 2.606e-01 4.093e-03
2.000e+01 2.470e-01 1.117e-02
2.010e+01 2.649e-01 -3.224e-03
2.020e+01 2.718e-01 3.197e-03
2.030e+01 2.624e-01 6.718e-03
2.040e+01 2.498e-01 -8.579e-03
2.050e+01 2.641e-01 -1.654e-02
2.060e+01 2.515e-01 -1.944e-02
2.070e+01 2.555e-01 -2.394e-02
2.080e+01 2.654e-01 -2.059e-02
2.090e+01 2.672e-01 -1.997e-02
2.100e+01 2.553e-01 -2.276e-02
2.110e+01 2.631e-01 -2.893e-02
2.120e+01 2.536e-01 -3.578e-02
2.130e+01 2.602e-01 -2.988e-02
2.140e+01 2.597e-01 -2.379e-02
2.150e+01 2.596e-01 -2.589e-02
2.160e+01 2.551e-01 -2.839e-02
2.170e+01 2.584e-01 -1.701e-02
2.180e+01 2.712e-01 -2.093e-03
2.190e+01 2.778e-01 2.473e-03
2.200e+01 2.687e-01 1.232e-03
2.210e+01 2.671e-01 -1.015e-02
2.220e+01 2.627e-01 -6.634e-03
2.230e+01 2.512e-01 1.103e-03
2.240e+01 2.558e-01 1.425e-02
2.250e+01 2.704e-01 2.710e-03
2.260e+01 2.610e-01 1.363e-02
2.270e+01 2.442e-01 -7.229e-04
2.280e+01 2.321e-01 4.328e-03
2.290e+01 2.416e-01 1.525e-02
2.300e+01 2.444e-01 1.056e-02
2.310e+01 2.340e-01 -6.451e-03
2.320e+01 2.464e-01 9.325e-03
2.330e+01 2.391e-01 1.068e-02
2.340e+01 2.387e-01 2.134e-02
2.350e+01 2.171e-01 1.608e-02
2.360e+01 1.924e-01 3.184e-02
2.370e+01 1.852e-01 1.285e-02
2.380e+01 1.855e-01 3.091e-02
2.390e+01 1.910e-01 2.569e-02
2.400e+01 2.157e-01 2.659e-02
2.410e+01 1.960e-01 2.903e-02
2.420e+01 2.083e-01 2.019e-02
2.430e+01 2.000e-01 3.556e-02
2.440e+01 2.002e-01 2.937e-02
2.450e+01 2.146e-01 2.821e-02
2.460e+01 2.003e-01 3.897e-02
2.470e+01 1.826e-01 1.875e-02
2.480e+01 1.996e-01 3.474e-03
2.490e+01 2.006e-01 8.273e-03
2.500e+01 2.010e-01 8.576e-03
2.510e+01 2.099e-01 -7.673e-03
2.520e+01 2.029e-01 -1.237e-02
2.530e+01 1.926e-01 7.301e-03
2.540e+01 2.034e-01 6.719e-03
2.550e+01 2.065e-01 -4.414e-04
2.560e+01 2.038e-01 1.146e-02
2.570e+01 2.144e-01 1.013e-02
2.580e+01 2.153e-01 2.642e-02
2.590e+01 2.100e-01 1.555e-02
2.600e+01 2.065e-01 1.206e-02
2.610e+01 2.067e-01 1.045e-02
2.620e+01 2.058e-01 5.771e-03
2.630e+01 2.155e-01 -5.084e-03
2.640e+01 2.122e-01 -5.914e-03
2.650e+01 2.065e-01 6.678e-03
2.660e+01 2.080e-01 4.880e-04
2.670e+01 2.080e-01 1.082e-02
2.680e+01 1.962e-01 1.101e-02
2.690e+01 1.844e-01 -1.181e-02
2.700e+01 1.888e-01 -1.444e-02
2.710e+01 1.897e-01 1.066e-02
2.720e+01 1.754e-01 1.617e-02
2.730e+01 1.938e-01 1.928e-02
2.740e+01 1.863e-01 1.152e-02
2.750e+01 1.943e-01 3.512e-03
2.760e+01 1.931e-01 1.652e-02
2.770e+01 1.877e-01 1.160e-03
2.780e+01 2.000e-01 -2.393e-03
2.790e+01 1.786e-01 -1.691e-02
2.800e+01 1.807e-01 -7.254e-03
2.810e+01 1.669e-01 6.307e-03
2.820e+01 1.793e-01 9.116e-03
2.830e+01 1.986e-01 5.836e-03
2.840e+01 1.851e-01 -4.267e-03
2.850e+01 1.856e-01 -2.273e-03
2.860e+01 1.886e-01 -1.656e-03
2.870e+01 1.846e-01 -7.804e-03
2.880e+01 1.900e-01 -6.591e-03
2.890e+01 1.918e-01 6.462e-03
2.900e+01 1.903e-01 1.308e-03
2.910e+01 1.842e-01 -1.187e-03
2.920e+01 1.806e-01 1.769e-02
2.930e+01 1.766e-01 1.475e-02
2.940e+01 1.821e-01 1.173e-02
2.950e+01 1.926e-01 7.413e-03
2.960e+01 1.979e-01 1.761e-02
2.970e+01 1.847e-01 9.004e-03
2.980e+01 1.896e-01 -5.485e-03
2.990e+01 2.048e-01 -9.697e-03
3.000e+01 1.893e-01 -4.367e-03
3.010e+01 1.807e-01 1.173e-02
3.020e+01 1.793e-01 2.248e-02
3.030e+01 1.922e-01 2.913e-02
3.040e+01 1.957e-01 4.314e-02
3.050e+01 2.028e-01 4.099e-02
3.060e+01 1.895e-01 1.525e-02
3.070e+01 1.747e-01 3.851e-03
3.080e+01 1.838e-01 2.519e-03
3.090e+01 1.985e-01 8.166e-04
3.100e+01 1.928e-01 6.905e-03
3.110e+01 1.873e-01 1.435e-02
3.120e+01 1.844e-01 1.465e-02
3.130e+01 1.640e-01 1.881e-02
3.140e+01 1.753e-01 2.284e-03
3.150e+01 1.611e-01 4.215e-03
3.160e+01 1.587e-01 -6.138e-03
3.170e+01 1.613e-01 -7.238e-03
3.180e+01 1.625e-01 6.007e-04
3.190e+01 1.528e-01 -6.639e-03
3.200e+01 1.550e-01 1.331e-02
3.210e+01 1.628e-01 1.361e-02
3.220e+01 1.708e-01 2.189e-02
3.230e+01 1.751e-01 1.450e-02
3.240e+01 1.755e-01 1.197e-02
3.250e+01 1.667e-01 1.568e-02
3.260e+01 1.737e-01 2.552e-02
3.270e+01 1.499e-01 2.106e-02
3.280e+01 1.461e-01 2.247e-02
3.290e+01 1.344e-01 1.664e-02
3.300e+01 1.235e-01 1.704e-02
3.310e+01 1.274e-01 5.679e-03
3.320e+01 1.438e-01 9.651e-03
3.330e+01 1.540e-01 1.727e-02
3.340e+01 1.489e-01 3.317e-03
3.350e+01 1.601e-01 1.221e-03
3.360e+01 1.528e-01 4.754e-03
3.370e+01 1.554e-01 9.511e-05
3.380e+01 1.519e-01 3.736e-03
3.390e+01 1.550e-01 1.346e-02
3.400e+01 1.455e-01 4.204e-03
3.410e+01 1.657e-01 5.516e-03
3.420e+01 1.603e-01 5.854e-03
3.430e+01 1.536e-01 6.978e-03
3.440e+01 1.517e-01 4.398e-03
3.450e+01 1.324e-01 6.672e-03
3.460e+01 1.480e-01 4.369e-03
3.470e+01 1.502e-01 5.479e-03
3.480e+01 1.367e-01 9.862e-03
3.490e+01 1.481e-01 8.050e-03
3.500e+01 1.480e-01 5.862e-03
3.510e+01 1.722e-01 1.010e-02
3.520e+01 1.650e-01 7.905e-03
3.530e+01 1.585e-01 2.084e-02
3.540e+01 1.793e-01 2.422e-02
3.550e+01 1.592e-01 2.456e-02
3.560e+01 1.569e-01 4.705e-03
3.570e+01 1.601e-01 6.002e-03
3.580e+01 1.714e-01 7.876e-03
3.590e+01 1.660e-01 2.087e-02
3.600e+01 1.558e-01 2.163e-02
3.610e+01 1.642e-01 1.686e-02
3.620e+01 1.652e-01 1.997e-02
3.630e+01 1.578e-01 1.679e-02
3.640e+01 1.551e-01 1.685e-02
3.650e+01 1.515e-01 1.808e-02
3.660e+01 1.545e-01 7.682e-03
3.670e+01 1.506e-01 9.181e-03
3.680e+01 1.426e-01 2.392e-02
3.690e+01 1.421e-01 1.620e-02
3.700e+01 1.504e-01 2.509e-02
3.710e+01 1.445e-01 1.924e-02
3.720e+01 1.393e-01 1.422e-02
3.730e+01 1.349e-01 2.090e-02
3.740e+01 1.351e-01 5.126e-03
3.750e+01 1.405e-01 -1.250e-03
3.760e+01 1.446e-01 1.980e-03
3.770e+01 1.365e-01 4.708e-03
3.780e+01 1.536e-01 1.290e-02
3.790e+01 1.529e-01 6.186e-03
3.800e+01 1.472e-01 1.539e-02
3.810e+01 1.348e-01 1.835e-03
3.820e+01 1.422e-01 5.998e-03
3.830e+01 1.389e-01 -6.184e-03
3.840e+01 1.461e-01 4.072e-03
3.850e+01 1.362e-01 2.181e-03
3.860e+01 1.446e-01 6.164e-03
3.870e+01 1.364e-01 -3.534e-05
3.880e+01 1.408e-01 2.399e-03
3.890e+01 1.364e-01 -4.153e-03
3.900e+01 1.375e-01 -1.873e-03
3.910e+01 1.384e-01 4.786e-04
3.920e+01 1.306e-01 6.154e-03
3.930e+01 1.281e-01 3.756e-03
3.940e+01 1.082e-01 -8.014e-04
3.950e+01 1.138e-01 2.000e-03
3.960e+01 1.213e-01 -2.867e-03
3.970e+01 1.246e-01 -6.680e-03
3.980e+01 1.190e-01 3.553e-03
3.990e+01 1.283e-01 -8.262e-03
4.000e+01 1.203e-01 -6.319e-03
4.010e+01 1.121e-01 6.510e-03
4.020e+01 1.134e-01 -4.890e-03
4.030e+01 1.161e-01 4.743e-03
4.040e+01 1.146e-01 -5.641e-03
4.050e+01 1.179e-01 -5.036e-03
4.060e+01 1.078e-01 2.311e-03
4.070e+01 1.009e-01 -5.236e-03
4.080e+01 1.090e-01 -1.213e-02
4.090e+01 1.135e-01 -1.549e-02
4.100e+01 1.280e-01 -9.012e-03
4.110e+01 1.279e-01 -1.824e-02
4.120e+01 1.055e-01 -2.154e-02
4.130e+01 1.052e-01 -1.722e-02
4.140e+01 1.019e-01 -2.818e-02
4.150e+01 1.091e-01 -2.717e-02
4.160e+01 1.036e-01 -1.700e-02
4.170e+01 1.090e-01 -6.778e-03
4.180e+01 1.114e-01 -1.941e-03
4.190e+01 1.162e-01 -8.445e-03
4.200e+01 1.127e-01 -1.307e-03
4.210e+01 1.083e-01 -1.385e-03
4.220e+01 1.087e-01 -1.965e-03
4.230e+01 9.937e-02 -5.393e-03
4.240e+01 9.372e-02 -7.442e-04
4.250e+01 9.389e-02 -1.004e-02
4.260e+01 1.041e-01 -5.469e-03
4.270e+01 9.789e-02 -6.646e-03
4.280e+01 9.179e-02 -8.883e-03
4.290e+01 9.572e-02 -9.806e-03
4.300e+01 9.673e-02 -4.030e-03
4.310e+01 9.858e-02 -1.466e-02
4.320e+01 9.489e-02 -6.863e-03
4.330e+01 9.287e-02 5.183e-03
4.340e+01 9.409e-02 1.348e-02
4.350e+01 8.735e-02 9.570e-03
4.360e+01 8.773e-02 4.865e-03
4.370e+01 9.892e-02 1.280e-03
4.380e+01 9.820e-02 9.828e-03
4.390e+01 1.082e-01 6.587e-03
4.400e+01 1.014e-01 2.461e-03
4.410e+01 8.610e-02 8.331e-03
4.420e+01 9.029e-02 1.525e-03
4.430e+01 9.619e-02 1.499e-02
4.440e+01 9.746e-02 4.527e-03
4.450e+01 9.805e-02 -1.851e-03
4.460e+01 9.880e-02 2.551e-03
4.470e+01 1.008e-01 4.891e-03
4.480e+01 9.342e-02 1.392e-03
4.490e+01 8.567e-02 1.223e-02
4.500e+01 8.629e-02 -1.882e-03
4.510e+01 9.615e-02 1.237e-03
4.520e+01 9.057e-02 9.756e-04
4.530e+01 8.954e-02 1.908e-02
4.540e+01 9.078e-02 8.372e-03
4.550e+01 1.029e-01 1.656e-02
4.560e+01 1.087e-01 9.804e-03
4.570e+01 1.067e-01 1.563e-03
4.580e+01 1.054e-01 -1.441e-03
4.590e+01 1.242e-01 3.520e-04
4.600e+01 1.105e-01 -7.949e-03
4.610e+01 1.052e-01 -4.618e-03
4.620e+01 1.110e-01 -7.926e-03
4.630e+01 1.141e-01 -1.128e-02
4.640e+01 1.116e-01 -9.472e-03
4.650e+01 1.082e-01 3.071e-04
4.660e+01 1.017e-01 2.141e-03
4.670e+01 1.071e-01 1.156e-02
4.680e+01 1.046e-01 4.656e-03
4.690e+01 1.011e-01 2.168e-03
4.700e+01 1.122e-01 1.362e-02
4.710e+01 1.009e-01 9.242e-03
4.720e+01 9.970e-02 -4.753e-04
4.730e+01 9.491e-02 5.096e-03
4.740e+01 1.015e-01 -1.567e-04
4.750e+01 1.009e-01 -1.158e-02
4.760e+01 1.003e-01 -2.602e-03
4.770e+01 1.009e-01 -8.622e-03
4.780e+01 1.030e-01 -1.760e-02
4.790e+01 9.399e-02 -4.219e-03
4.800e+01 9.782e-02 -1.200e-02
4.810e+01 1.032e-01 -8.799e-03
4.820e+01 1.045e-01 -1.419e-02
4.830e+01 1.115e-01 -7.724e-03
4.840e+01 9.401e-02 -1.245e-02
4.850e+01 9.419e-02 9.128e-03
4.860e+01 9.728e-02 7.855e-03
4.870e+01 8.858e-02 3.520e-03
4.880e+01 9.709e-02 6.825e-04
4.890e+01 9.495e-02 -1.290e-02
4.900e+01 8.346e-02 1.455e-03
4.910e+01 9.095e-02 1.798e-03
4.920e+01 9.736e-02 2.657e-03
4.930e+01 8.590e-02 4.712e-03
4.940e+01 9.129e-02 -6.232e-03
4.950e+01 1.017e-01 -4.704e-03
4.960e+01 1.051e-01 1.312e-02
4.970e+01 1.080e-01 -6.771e-04
4.980e+01 9.671e-02 7.818e-03
4.990e+01 9.060e-02 -6.390e-03
5.000e+01 9.047e-02 2.716e-03
5.010e+01 8.265e-02 1.097e-02
5.020e+01 9.389e-02 1.273e-02
5.030e+01 9.793e-02 -3.188e-03
5.040e+01 9.023e-02 4.166e-03
5.050e+01 8.077e-02 9.528e-03
5.060e+01 8.454e-02 7.334e-03
5.070e+01 8.139e-02 4.198e-03
5.080e+01 8.299e-02 -5.108e-03
5.090e+01 9.146e-02 -1.978e-03
5.100e+01 8.401e-02 6.537e-03
5.110e+01 8.708e-02 1.132e-02
5.120e+01 9.627e-02 1.443e-02
5.130e+01 8.793e-02 1.332e-02
5.140e+01 8.033e-02 3.288e-03
5.150e+01 9.268e-02 6.973e-03
5.160e+01 1.017e-01 -7.901e-04
5.170e+01 8.947e-02 9.496e-03
5.180e+01 9.550e-02 8.225e-03
5.190e+01 1.077e-01 3.826e-03
5.200e+01 1.007e-01 1.252e-02
5.210e+01 8.169e-02 3.642e-03
5.220e+01 9.294e-02 -7.452e-04
5.230e+01 8.739e-02 -3.428e-03
5.240e+01 9.738e-02 4.638e-03
5.250e+01 9.764e-02 1.376e-02
5.260e+01 1.085e-01 8.504e-03
5.270e+01 1.020e-01 6.149e-03
5.280e+01 9.776e-02 -3.356e-03
5.290e+01 9.946e-02 -5.358e-03
5.300e+01 9.853e-02 1.957e-03
5.310e+01 1.004e-01 6.716e-03
5.320e+01 1.043e-01 -1.210e-03
5.330e+01 1.014e-01 -8.922e-03
5.340e+01 9.527e-02 -3.121e-03
5.350e+01 9.592e-02 -1.251e-02
5.360e+01 9.231e-02 -1.386e-03
5.370e+01 1.057e-01 -1.166e-02
5.380e+01 9.479e-02 6.047e-03
5.390e+01 9.586e-02 -4.187e-03
5.400e+01 9.275e-02 -2.326e-04
5.410e+01 9.040e-02 6.924e-04
5.420e+01 8.998e-02 6.105e-03
5.430e+01 8.722e-02 4.104e-03
5.440e+01 8.768e-02 -8.265e-04
5.450e+01 8.238e-02 -2.114e-03
5.460e+01 9.306e-02 -6.989e-03
5.470e+01 9.504e-02 -1.705e-02
5.480e+01 9.454e-02 -1.246e-02
5.490e+01 1.039e-01 -1.307e-02
5.500e+01 9.392e-02 -7.881e-03
5.510e+01 9.819e-02 -9.393e-03
5.520e+01 9.791e-02 -4.654e-04
5.530e+01 9.467e-02 -2.811e-03
5.540e+01 1.080e-01 -4.068e-04
5.550e+01 1.001e-01 3.368e-03
5.560e+01 9.326e-02 -3.857e-03
5.570e+01 8.455e-02 -1.061e-02
5.580e+01 9.709e-02 -1.707e-02
5.590e+01 1.043e-01 -8.639e-03
5.600e+01 1.033e-01 -7.689e-04
5.610e+01 1.095e-01 -2.100e-03
5.620e+01 1.023e-01 -8.097e-03
5.630e+01 1.117e-01 -5.259e-03
5.640e+01 1.019e-01 -2.002e-02
5.650e+01 1.012e-01 -1.604e-02
5.660e+01 1.053e-01 -2.183e-02
5.670e+01 1.093e-01 -1.561e-02
5.680e+01 1.127e-01 -1.614e-02
5.690e+01 1.056e-01 -1.571e-02
5.700e+01 1.064e-01 -7.702e-03
5.710e+01 1.136e-01 -5.836e-03
5.720e+01 9.826e-02 -1.023e-02
5.730e+01 1.061e-01 -7.028e-03
5.740e+01 9.754e-02 -1.651e-02
5.750e+01 9.650e-02 -4.674e-03
5.760e+01 1.067e-01 -1.043e-02
5.770e+01 9.613e-02 -1.379e-02
5.780e+01 1.095e-01 1.218e-03
5.790e+01 1.012e-01 -7.846e-03
5.800e+01 1.058e-01 -6.144e-03
5.810e+01 1.041e-01 -1.054e-02
5.820e+01 1.169e-01 -8.842e-03
5.830e+01 1.112e-01 -1.076e-02
5.840e+01 1.175e-01 -1.544e-02
5.850e+01 9.684e-02 -7.666e-03
5.860e+01 1.058e-01 -5.339e-03
5.870e+01 1.009e-01 -7.351e-03
5.880e+01 1.024e-01 -2.565e-03
5.890e+01 9.413e-02 -1.876e-03
5.900e+01 9.882e-02 -1.013e-03
5.910e+01 9.807e-02 1.948e-03
5.920e+01 9.723e-02 7.106e-03
5.930e+01 9.317e-02 3.763e-03
5.940e+01 8.873e-02 5.118e-03
5.950e+01 9.564e-02 4.914e-03
5.960e+01 9.861e-02 1.603e-03
5.970e+01 8.685e-02 -7.247e-03
5.980e+01 8.829e-02 4.115e-04
5.990e+01 8.713e-02 1.970e-03
6.000e+01 9.406e-02 1.306e-03
6.010e+01 9.528e-02 4.128e-03
6.020e+01 9.750e-02 8.965e-03
6.030e+01 9.385e-02 8.881e-03
6.040e+01 8.805e-02 8.037e-03
6.050e+01 9.257e-02 3.337e-03
6.060e+01 8.383e-02 5.760e-03
6.070e+01 7.580e-02 8.939e-03
6.080e+01 8.167e-02 4.423e-03
6.090e+01 7.750e-02 2.597e-03
6.100e+01 7.802e-02 5.789e-03
6.110e+01 8.305e-02 2.263e-03
6.120e+01 7.821e-02 -4.783e-03
6.130e+01 8.172e-02 -3.466e-03
6.140e+01 8.593e-02 -4.421e-03
6.150e+01 8.546e-02 -4.888e-03
6.160e+01 8.230e-02 -2.186e-03
6.170e+01 8.829e-02 -1.014e-03
6.180e+01 9.346e-02 -2.773e-03
6.190e+01 9.903e-02 -2.698e-04
6.200e+01 9.083e-02 1.128e-03
6.210e+01 8.524e-02 1.776e-03
6.220e+01 8.813e-02 7.650e-03
6.230e+01 7.593e-02 5.423e-03
6.240e+01 7.230e-02 8.363e-03
6.250e+01 7.526e-02 4.415e-04
6.260e+01 8.196e-02 6.124e-03
6.270e+01 6.751e-02 2.933e-03
6.280e+01 7.240e-02 1.788e-03
6.290e+01 7.254e-02 1.459e-03
6.300e+01 7.443e-02 1.124e-03
6.310e+01 7.041e-02 -4.449e-03
6.320e+01 7.071e-02 -8.110e-04
6.330e+01 7.171e-02 2.214e-03
6.340e+01 7.051e-02 5.591e-03
6.350e+01 7.242e-02 7.846e-03
6.360e+01 6.798e-02 8.687e-03
6.370e+01 7.417e-02 4.375e-03
6.380e+01 8.195e-02 1.221e-02
6.390e+01 9.182e-02 2.054e-02
6.400e+01 8.260e-02 1.068e-02
6.410e+01 7.713e-02 1.752e-02
6.420e+01 6.855e-02 1.145e-02
6.430e+01 7.259e-02 1.322e-02
6.440e+01 6.761e-02 1.427e-02
6.450e+01 7.147e-02 2.598e-03
6.460e+01 7.073e-02 1.089e-02
6.470e+01 6.108e-02 1.129e-02
6.480e+01 6.764e-02 9.200e-04
6.490e+01 7.252e-02 1.164e-02
6.500e+01 6.917e-02 9.457e-03
6.510e+01 8.215e-02 8.408e-03
6.520e+01 7.857e-02 5.594e-03
6.530e+01 8.744e-02 1.640e-02
6.540e+01 7.927e-02 2.938e-03
6.550e+01 7.686e-02 -3.167e-04
6.560e+01 7.629e-02 -1.699e-03
6.570e+01 7.267e-02 -4.071e-03
6.580e+01 7.436e-02 -4.672e-03
6.590e+01 7.968e-02 7.412e-04
6.600e+01 7.049e-02 -7.755e-03
6.610e+01 6.734e-02 -1.408e-02
6.620e+01 6.241e-02 -1.273e-02
6.630e+01 7.167e-02 8.112e-04
6.640e+01 7.062e-02 -1.929e-03
6.650e+01 6.783e-02 1.088e-02
6.660e+01 6.366e-02 2.951e-03
6.670e+01 5.769e-02 1.187e-03
6.680e+01 6.032e-02 -2.264e-03
6.690e+01 5.833e-02 -2.382e-03
6.700e+01 6.394e-02 -4.942e-03
6.710e+01 6.504e-02 -7.822e-03
6.720e+01 6.196e-02 -6.449e-03
6.730e+01 6.423e-02 -1.516e-02
6.740e+01 6.422e-02 -1.757e-02
6.750e+01 6.443e-02 -1.886e-02
6.760e+01 6.622e-02 -1.350e-02
6.770e+01 6.542e-02 -1.022e-02
6.780e+01 6.321e-02 -2.084e-02
6.790e+01 5.538e-02 -1.795e-02
6.800e+01 5.684e-02 -2.518e-02
6.810e+01 5.847e-02 -2.600e-02
6.820e+01 5.954e-02 -2.526e-02
6.830e+01 6.158e-02 -2.392e-02
6.840e+01 5.234e-02 -2.605e-02
6.850e+01 5.011e-02 -1.583e-02
6.860e+01 5.613e-02 -1.428e-02
6.870e+01 5.768e-02 -1.456e-02
6.880e+01 5.987e-02 -1.220e-02
6.890e+01 6.217e-02 -1.062e-02
6.900e+01 6.092e-02 -9.656e-03
6.910e+01 5.894e-02 -1.557e-02
6.920e+01 6.279e-02 -1.122e-02
6.930e+01 5.856e-02 -9.950e-03
6.940e+01 5.755e-02 -9.766e-03
6.950e+01 6.235e-02 -1.537e-02
6.960e+01 6.065e-02 -7.177e-03
6.970e+01 6.322e-02 -7.088e-03
6.980e+01 6.400e-02 -9.398e-03
6.990e+01 7.445e-02 -7.600e-03
7.000e+01 6.766e-02 -8.905e-03
7.010e+01 6.729e-02 -4.509e-03
7.020e+01 6.538e-02 -5.867e-03
7.030e+01 6.178e-02 -1.520e-02
7.040e+01 6.026e-02 -8.712e-03
7.050e+01 8.122e-02 -5.983e-03
7.060e+01 7.941e-02 -7.995e-03
7.070e+01 7.071e-02 -6.377e-03
7.080e+01 7.195e-02 -5.464e-03
7.090e+01 7.299e-02 -1.049e-02
7.100e+01 7.613e-02 -5.636e-03
7.110e+01 7.806e-02 -3.114e-03
7.120e+01 7.209e-02 -8.262e-03
7.130e+01 6.773e-02 -9.909e-03
7.140e+01 6.946e-02 -1.578e-03
7.150e+01 7.697e-02 -4.407e-03
7.160e+01 7.807e-02 -5.303e-03
7.170e+01 8.120e-02 -1.201e-02
7.180e+01 7.801e-02 -1.816e-02
7.190e+01 7.277e-02 -8.492e-03
7.200e+01 7.612e-02 -7.989e-03
7.210e+01 6.848e-02 -2.130e-03
7.220e+01 6.072e-02 -7.576e-03
7.230e+01 6.728e-02 -4.865e-03
7.240e+01 6.614e-02 -7.612e-03
7.250e+01 6.976e-02 3.629e-03
7.260e+01 7.487e-02 5.389e-03
7.270e+01 6.980e-02 6.772e-03
7.280e+01 6.712e-02 -1.270e-04
7.290e+01 6.217e-02 4.814e-03
7.300e+01 5.696e-02 1.404e-02
7.310e+01 5.826e-02 1.145e-03
7.320e+01 6.830e-02 4.386e-03
7.330e+01 6.749e-02 2.015e-02
7.340e+01 6.458e-02 8.715e-03
7.350e+01 7.197e-02 1.624e-02
7.360e+01 6.224e-02 2.057e-02
7.370e+01 6.276e-02 1.551e-02
7.380e+01 6.448e-02 2.059e-02
7.390e+01 7.438e-02 1.734e-02
7.400e+01 6.746e-02 1.339e-02
7.410e+01 6.967e-02 1.370e-02
7.420e+01 5.717e-02 7.973e-03
7.430e+01 5.840e-02 1.563e-02
7.440e+01 5.828e-02 1.500e-02
7.450e+01 5.583e-02 1.586e-02
7.460e+01 6.462e-02 1.359e-02
7.470e+01 6.704e-02 1.886e-02
7.480e+01 5.814e-02 1.400e-02
7.490e+01 6.106e-02 1.064e-02
7.500e+01 6.378e-02 1.470e-02
7.510e+01 6.019e-02 1.386e-02
7.520e+01 6.403e-02 1.779e-02
7.530e+01 6.594e-02 1.324e-02
7.540e+01 7.143e-02 8.656e-03
7.550e+01 6.337e-02 1.954e-02
7.560e+01 6.733e-02 1.392e-02
7.570e+01 7.476e-02 8.969e-03
7.580e+01 7.326e-02 3.668e-03
7.590e+01 7.404e-02 1.126e-02
7.600e+01 6.881e-02 2.114e-02
7.610e+01 7.598e-02 2.389e-02
7.620e+01 6.836e-02 1.752e-02
7.630e+01 6.677e-02 1.860e-02
7.640e+01 6.374e-02 1.161e-02
7.650e+01 6.701e-02 1.898e-02
7.660e+01 6.974e-02 1.537e-02
7.670e+01 6.020e-02 1.182e-02
7.680e+01 5.976e-02 1.715e-02
7.690e+01 5.817e-02 1.909e-02
7.700e+01 6.136e-02 1.734e-02
7.710e+01 5.653e-02 1.787e-02
7.720e+01 5.363e-02 1.496e-02
7.730e+01 5.429e-02 1.524e-02
7.740e+01 4.635e-02 1.137e-02
7.750e+01 4.817e-02 1.272e-02
7.760e+01 5.358e-02 1.275e-02
7.770e+01 5.952e-02 1.835e-02
7.780e+01 7.336e-02 1.868e-02
7.790e+01 6.869e-02 1.906e-02
7.800e+01 7.129e-02 1.769e-02
7.810e+01 6.898e-02 1.015e-02
7.820e+01 7.144e-02 1.504e-02
7.830e+01 7.468e-02 9.330e-03
7.840e+01 7.208e-02 1.199e-02
7.850e+01 6.484e-02 8.781e-03
7.860e+01 6.216e-02 1.143e-02
7.870e+01 5.633e-02 1.341e-02
7.880e+01 5.694e-02 1.034e-02
7.890e+01 6.057e-02 1.300e-02
7.900e+01 5.716e-02 1.028e-02
7.910e+01 5.817e-02 5.277e-03
7.920e+01 5.601e-02 1.099e-02
7.930e+01 5.881e-02 9.893e-03
7.940e+01 5.778e-02 1.232e-02
7.950e+01 5.454e-02 5.400e-03
7.960e+01 5.153e-02 9.950e-03
7.970e+01 4.764e-02 1.023e-02
7.980e+01 5.442e-02 1.868e-02
7.990e+01 5.290e-02 1.475e-02
8.000e+01 5.694e-02 1.664e-02
8.010e+01 5.511e-02 1.114e-02
8.020e+01 5.427e-02 9.402e-03
8.030e+01 6.096e-02 1.691e-02
8.040e+01 4.894e-02 1.602e-02
8.050e+01 4.214e-02 1.665e-02
8.060e+01 4.759e-02 1.523e-02
8.070e+01 5.318e-02 1.990e-02
8.080e+01 5.481e-02 1.374e-02
8.090e+01 4.783e-02 1.634e-02
8.100e+01 4.381e-02 1.765e-02
8.110e+01 4.136e-02 1.022e-02
8.120e+01 4.280e-02 1.120e-02
8.130e+01 4.384e-02 7.229e-03
8.140e+01 4.983e-02 1.454e-02
8.150e+01 4.375e-02 1.237e-02
8.160e+01 4.575e-02 7.720e-03
8.170e+01 4.960e-02 6.927e-03
8.180e+01 5.170e-02 6.892e-03
8.190e+01 5.569e-02 8.422e-03
8.200e+01 5.562e-02 1.675e-02
8.210e+01 5.267e-02 1.334e-02
8.220e+01 5.292e-02 1.454e-02
8.230e+01 4.654e-02 1.064e-02
8.240e+01 5.331e-02 1.177e-02
8.250e+01 4.932e-02 1.072e-02
8.260e+01 4.993e-02 1.329e-02
8.270e+01 4.279e-02 8.462e-03
8.280e+01 4.632e-02 8.905e-03
8.290e+01 4.218e-02 1.056e-02
8.300e+01 4.115e-02 8.889e-03
8.310e+01 3.594e-02 7.009e-03
8.320e+01 3.670e-02 9.677e-03
8.330e+01 3.549e-02 8.555e-03
8.340e+01 3.090e-02 6.887e-03
8.350e+01 3.264e-02 9.397e-03
8.360e+01 3.105e-02 3.394e-03
8.370e+01 3.291e-02 6.697e-03
8.380e+01 3.492e-02 9.255e-03
8.390e+01 3.586e-02 1.408e-02
8.400e+01 4.603e-02 1.114e-02
8.410e+01 4.477e-02 5.879e-03
8.420e+01 4.428e-02 4.083e-03
8.430e+01 4.967e-02 5.710e-03
8.440e+01 4.913e-02 5.835e-03
8.450e+01 5.526e-02 3.067e-03
8.460e+01 5.203e-02 7.526e-04
8.470e+01 4.966e-02 -2.969e-03
8.480e+01 4.903e-02 -5.831e-03
8.490e+01 5.291e-02 -2.338e-03
8.500e+01 4.463e-02 -1.991e-03
8.510e+01 5.157e-02 -5.163e-03
8.520e+01 5.255e-02 5.186e-03
8.530e+01 5.177e-02 6.345e-03
8.540e+01 5.617e-02 -8.044e-03
8.550e+01 5.773e-02 -9.898e-03
8.560e+01 5.283e-02 -1.129e-02
8.570e+01 5.311e-02 -9.922e-03
8.580e+01 4.848e-02 -3.493e-03
8.590e+01 5.371e-02 -4.220e-03
8.600e+01 4.454e-02 -4.945e-03
8.610e+01 5.468e-02 -1.269e-03
8.620e+01 5.265e-02 -5.940e-03
8.630e+01 5.947e-02 -2.975e-03
8.640e+01 4.674e-02 -2.281e-03
8.650e+01 4.603e-02 6.620e-03
8.660e+01 4.284e-02 1.164e-02
8.670e+01 4.063e-02 1.066e-02
8.680e+01 4.049e-02 5.128e-03
8.690e+01 3.598e-02 1.170e-03
8.700e+01 3.422e-02 7.896e-03
8.710e+01 3.658e-02 2.750e-03
8.720e+01 3.446e-02 -2.086e-04
8.730e+01 3.899e-02 -6.252e-04
8.740e+01 4.284e-02 -4.708e-03
8.750e+01 4.645e-02 2.371e-03
8.760e+01 4.203e-02 1.378e-03
8.770e+01 4.364e-02 1.524e-03
8.780e+01 4.266e-02 -4.724e-03
8.790e+01 3.655e-02 -8.085e-03
8.800e+01 3.325e-02 -1.513e-02
8.810e+01 3.997e-02 -1.088e-02
8.820e+01 4.279e-02 -9.725e-03
8.830e+01 4.850e-02 -1.095e-02
8.840e+01 4.074e-02 -1.405e-02
8.850e+01 4.174e-02 -6.349e-03
8.860e+01 3.751e-02 -6.572e-03
8.870e+01 3.391e-02 -9.856e-03
8.880e+01 3.376e-02 -1.092e-02
8.890e+01 4.269e-02 -7.492e-03
8.900e+01 3.679e-02 -1.511e-03
8.910e+01 3.183e-02 -1.390e-03
8.920e+01 3.319e-02 3.550e-03
8.930e+01 3.304e-02 6.182e-03
8.940e+01 3.006e-02 2.601e-03
8.950e+01 3.523e-02 -7.884e-03
8.960e+01 3.280e-02 -3.080e-03
8.970e+01 3.472e-02 -1.384e-02
8.980e+01 3.243e-02 -1.156e-02
8.990e+01 3.831e-02 -1.573e-02
9.000e+01 3.393e-02 -1.556e-02
9.010e+01 2.516e-02 -1.100e-02
9.020e+01 3.023e-02 -5.534e-03
9.030e+01 3.106e-02 -1.271e-02
9.040e+01 2.302e-02 -1.633e-02
9.050e+01 1.331e-02 -1.344e-02
9.060e+01 2.005e-02 -1.280e-02
9.070e+01 1.853e-02 -1.301e-02
9.080e+01 2.643e-02 -9.280e-03
9.090e+01 2.481e-02 -1.290e-02
9.100e+01 2.390e-02 -8.186e-03
9.110e+01 2.917e-02 -6.446e-03
9.120e+01 2.482e-02 -8.722e-03
9.130e+01 2.035e-02 3.032e-04
9.140e+01 1.247e-02 -7.706e-03
9.150e+01 1.296e-02 -1.462e-02
9.160e+01 1.997e-02 -1.521e-02
9.170e+01 1.678e-02 -9.261e-03
9.180e+01 2.005e-02 -1.564e-02
9.190e+01 1.822e-02 -9.237e-03
9.200e+01 2.145e-02 -1.219e-02
9.210e+01 9.722e-03 -1.589e-02
9.220e+01 6.141e-03 -1.034e-02
9.230e+01 1.552e-02 -6.800e-03
9.240e+01 2.170e-02 -1.011e-02
9.250e+01 2.325e-02 -6.134e-04
9.260e+01 3.357e-02 3.745e-03
9.270e+01 2.419e-02 7.043e-03
9.280e+01 2.352e-02 9.246e-03
9.290e+01 2.810e-02 4.642e-03
9.300e+01 2.980e-02 2.279e-03
9.310e+01 2.653e-02 5.890e-03
9.320e+01 2.321e-02 1.615e-03
9.330e+01 2.731e-02 6.607e-03
9.340e+01 2.757e-02 8.023e-03
9.350e+01 2.808e-02 9.595e-03
9.360e+01 2.699e-02 2.584e-03
9.370e+01 2.866e-02 -5.519e-03
9.380e+01 3.236e-02 -1.829e-03
9.390e+01 3.188e-02 1.864e-03
9.400e+01 2.940e-02 -8.115e-04
9.410e+01 3.137e-02 -4.768e-04
9.420e+01 2.628e-02 8.703e-03
9.430e+01 2.954e-02 6.252e-03
9.440e+01 2.900e-02 2.275e-03
9.450e+01 2.810e-02 1.240e-03
9.460e+01 2.898e-02 6.001e-04
9.470e+01 3.128e-02 -3.001e-06
9.480e+01 2.617e-02 1.919e-03
9.490e+01 2.732e-02 3.143e-03
9.500e+01 3.040e-02 2.704e-03
9.510e+01 3.879e-02 -1.439e-03
9.520e+01 3.440e-02 2.812e-03
9.530e+01 2.831e-02 -8.479e-03
9.540e+01 2.122e-02 -8.183e-03
9.550e+01 3.024e-02 -9.444e-03
9.560e+01 3.107e-02 -7.427e-03
9.570e+01 3.008e-02 1.343e-03
9.580e+01 3.114e-02 -8.173e-03
9.590e+01 1.952e-02 -2.194e-02
9.600e+01 2.266e-02 -1.031e-02
9.610e+01 2.903e-02 -1.106e-02
9.620e+01 2.677e-02 -1.068e-02
9.630e+01 2.229e-02 -1.804e-02
9.640e+01 2.362e-02 -1.371e-02
9.650e+01 3.027e-02 -2.324e-02
9.660e+01 3.417e-02 -2.726e-02
9.670e+01 3.565e-02 -1.598e-02
9.680e+01 3.125e-02 -1.313e-02
9.690e+01 2.748e-02 -1.717e-02
9.700e+01 4.136e-02 -6.370e-03
9.710e+01 3.077e-02 -6.723e-03
9.720e+01 1.808e-02 -9.094e-03
9.730e+01 1.538e-02 -1.265e-02
9.740e+01 2.281e-02 -1.156e-02
9.750e+01 3.205e-02 -8.566e-03
9.760e+01 1.738e-02 -7.142e-03
9.770e+01 2.330e-02 -1.239e-02
9.780e+01 3.277e-02 -1.704e-02
9.790e+01 2.843e-02 -1.806e-02
9.800e+01 3.355e-02 -2.167e-02
9.810e+01 3.745e-02 -2.731e-02
9.820e+01 3.268e-02 -2.126e-02
9.830e+01 2.477e-02 -3.337e-02
9.840e+01 2.282e-02 -1.876e-02
9.850e+01 2.543e-02 -1.807e-02
9.860e+01 2.334e-02 -1.653e-02
9.870e+01 2.537e-02 -8.804e-03
9.880e+01 2.325e-02 1.289e-03
9.890e+01 2.463e-02 2.873e-03
9.900e+01 2.453e-02 -1.001e-02
9.910e+01 3.831e-02 -4.637e-03
9.920e+01 3.365e-02 2.845e-03
9.930e+01 4.333e-02 6.324e-05
9.940e+01 2.870e-02 -4.411e-03
9.950e+01 3.140e-02 -7.813e-03
9.960e+01 2.836e-02 -1.215e-02
9.970e+01 2.767e-02 -1.692e-02
9.980e+01 3.368e-02 -1.877e-02
9.990e+01 3.858e-02 -6.373e-03
