# Time (ps)      real(F_1)      im(F_1)
0.000e+00 1.000e+00 0.000e+00
1.000e-01 9.189e-01 -1.227e-02
2.000e-01 8.886e-01 -2.422e-02
3.000e-01 8.256e-01 -2.208e-02
4.000e-01 8.023e-01 -2.151e-02
5.000e-01 8.350e-01 -9.442e-03
6.000e-01 8.160e-01 -1.827e-02
7.000e-01 8.041e-01 -2.636e-02
8.000e-01 8.098e-01 -3.626e-02
9.000e-01 8.179e-01 -2.905e-02
1.000e+00 8.160e-01 -4.457e-02
1.100e+00 8.479e-01 -3.659e-02
1.200e+00 7.900e-01 -4.512e-02
1.300e+00 7.894e-01 -2.787e-02
1.400e+00 7.888e-01 -1.561e-02
1.500e+00 7.439e-01 -1.304e-02
1.600e+00 7.338e-01 -7.674e-03
1.700e+00 7.623e-01 -2.273e-02
1.800e+00 7.309e-01 -1.987e-02
1.900e+00 7.484e-01 -2.008e-02
2.000e+00 7.525e-01 -3.230e-02
2.100e+00 7.283e-01 -2.016e-02
2.200e+00 7.338e-01 -2.378e-03
2.300e+00 7.305e-01 4.710e-03
2.400e+00 7.060e-01 -1.431e-03
2.500e+00 6.975e-01 -4.425e-03
2.600e+00 6.592e-01 -1.348e-02
2.700e+00 6.914e-01 -2.111e-03
2.800e+00 6.708e-01 -1.245e-02
2.900e+00 7.004e-01 -1.537e-02
3.000e+00 6.916e-01 -3.247e-02
3.100e+00 6.403e-01 -2.125e-02
3.200e+00 6.662e-01 -5.361e-03
3.300e+00 6.700e-01 1.318e-02
3.400e+00 6.142e-01 1.069e-02
3.500e+00 6.221e-01 8.695e-03
3.600e+00 6.274e-01 -2.439e-02
3.700e+00 6.043e-01 -1.359e-02
3.800e+00 5.786e-01 3.958e-03
3.900e+00 5.811e-01 1.070e-02
4.000e+00 5.897e-01 1.652e-02
4.100e+00 5.764e-01 1.748e-02
4.200e+00 5.748e-01 2.689e-02
4.300e+00 5.748e-01 1.337e-02
4.400e+00 5.873e-01 -1.826e-02
4.500e+00 6.066e-01 8.998e-05
4.600e+00 5.858e-01 5.287e-03
4.700e+00 5.540e-01 1.407e-02
4.800e+00 5.776e-01 -3.226e-04
4.900e+00 5.839e-01 8.970e-03
5.000e+00 5.525e-01 8.476e-03
5.100e+00 5.636e-01 1.888e-02
5.200e+00 5.622e-01 9.512e-03
5.300e+00 5.623e-01 -7.028e-03
5.400e+00 5.674e-01 5.409e-03
5.500e+00 5.674e-01 6.151e-03
5.600e+00 5.406e-01 3.690e-02
5.700e+00 5.876e-01 3.611e-02
5.800e+00 5.196e-01 2.173e-02
5.900e+00 5.643e-01 3.831e-02
6.000e+00 5.689e-01 2.935e-02
6.100e+00 5.386e-01 2.244e-02
6.200e+00 5.224e-01 1.612e-02
6.300e+00 5.226e-01 5.358e-03
6.400e+00 5.195e-01 -8.032e-03
6.500e+00 5.657e-01 -1.082e-02
6.600e+00 5.564e-01 1.697e-02
6.700e+00 5.611e-01 2.384e-02
6.800e+00 5.609e-01 4.041e-02
6.900e+00 5.629e-01 2.272e-02
7.000e+00 5.490e-01 1.449e-02
7.100e+00 5.460e-01 3.089e-04
7.200e+00 5.385e-01 1.916e-03
7.300e+00 5.481e-01 -1.018e-02
7.400e+00 5.572e-01 -1.091e-04
7.500e+00 5.766e-01 -2.583e-03
7.600e+00 5.760e-01 4.742e-04
7.700e+00 5.352e-01 1.437e-03
7.800e+00 5.268e-01 8.839e-03
7.900e+00 5.435e-01 4.353e-03
8.000e+00 5.451e-01 1.609e-02
8.100e+00 5.168e-01 9.329e-03
8.200e+00 5.040e-01 1.843e-02
8.300e+00 4.667e-01 3.648e-02
8.400e+00 4.867e-01 2.452e-02
8.500e+00 4.658e-01 2.172e-02
8.600e+00 4.689e-01 1.132e-02
8.700e+00 4.913e-01 1.408e-02
8.800e+00 5.007e-01 2.440e-02
8.900e+00 4.951e-01 1.733e-03
9.000e+00 5.196e-01 3.173e-03
9.100e+00 5.036e-01 3.124e-02
9.200e+00 4.993e-01 2.881e-02
9.300e+00 4.943e-01 2.203e-02
9.400e+00 4.824e-01 1.215e-02
9.500e+00 4.676e-01 1.132e-02
9.600e+00 4.659e-01 1.042e-03
9.700e+00 4.539e-01 2.219e-03
9.800e+00 4.597e-01 -1.346e-02
9.900e+00 4.273e-01 -1.125e-02
1.000e+01 4.171e-01 -1.526e-02
1.010e+01 4.071e-01 -1.369e-02
1.020e+01 4.385e-01 -1.510e-02
1.030e+01 4.153e-01 -2.019e-02
1.040e+01 4.039e-01 -1.519e-02
1.050e+01 3.789e-01 -6.776e-03
1.060e+01 3.847e-01 -7.106e-03
1.070e+01 3.945e-01 -2.048e-03
1.080e+01 3.995e-01 4.406e-03
1.090e+01 3.705e-01 8.607e-03
1.100e+01 3.901e-01 -5.895e-04
1.110e+01 3.853e-01 -1.587e-02
1.120e+01 3.647e-01 -1.452e-02
1.130e+01 3.599e-01 -1.421e-02
1.140e+01 3.794e-01 4.083e-03
1.150e+01 3.765e-01 1.045e-02
1.160e+01 3.858e-01 -3.603e-03
1.170e+01 3.706e-01 -6.814e-03
1.180e+01 3.744e-01 -6.987e-03
1.190e+01 3.595e-01 -6.154e-03
1.200e+01 3.478e-01 4.598e-03
1.210e+01 3.419e-01 -5.326e-03
1.220e+01 3.636e-01 3.204e-03
1.230e+01 3.777e-01 -8.923e-03
1.240e+01 3.588e-01 -3.777e-03
1.250e+01 3.859e-01 -9.113e-03
1.260e+01 3.724e-01 -9.301e-05
1.270e+01 3.719e-01 -7.158e-03
1.280e+01 3.609e-01 4.994e-03
1.290e+01 3.499e-01 -2.804e-03
1.300e+01 3.500e-01 -2.038e-02
1.310e+01 3.407e-01 -3.540e-03
1.320e+01 3.524e-01 1.389e-03
1.330e+01 3.252e-01 -6.533e-03
1.340e+01 3.218e-01 1.648e-03
1.350e+01 3.300e-01 9.411e-03
1.360e+01 3.206e-01 1.222e-03
1.370e+01 3.204e-01 -6.761e-03
1.380e+01 3.232e-01 -9.816e-03
1.390e+01 3.472e-01 1.534e-02
1.400e+01 3.310e-01 1.461e-02
1.410e+01 3.266e-01 1.514e-02
1.420e+01 3.082e-01 1.278e-03
1.430e+01 3.285e-01 -2.975e-03
1.440e+01 3.319e-01 -8.204e-03
1.450e+01 3.278e-01 -1.884e-02
1.460e+01 3.295e-01 -1.905e-02
1.470e+01 2.960e-01 -2.758e-02
1.480e+01 2.798e-01 -1.713e-02
1.490e+01 2.924e-01 -4.255e-03
1.500e+01 2.837e-01 -8.573e-03
1.510e+01 3.045e-01 7.804e-03
1.520e+01 3.003e-01 -2.250e-03
1.530e+01 2.955e-01 4.813e-03
1.540e+01 2.962e-01 -1.661e-03
1.550e+01 3.125e-01 1.355e-03
1.560e+01 2.853e-01 -2.632e-03
1.570e+01 2.965e-01 -1.841e-02
1.580e+01 2.913e-01 -2.960e-02
1.590e+01 3.014e-01 -2.303e-02
1.600e+01 2.935e-01 4.063e-03
1.610e+01 2.829e-01 9.548e-03
1.620e+01 2.825e-01 -7.625e-03
1.630e+01 2.681e-01 5.362e-03
1.640e+01 2.642e-01 1.131e-04
1.650e+01 2.589e-01 4.316e-03
1.660e+01 2.706e-01 1.815e-02
1.670e+01 2.688e-01 1.281e-02
1.680e+01 2.720e-01 1.350e-02
1.690e+01 2.793e-01 1.059e-02
1.700e+01 2.687e-01 5.627e-03
1.710e+01 2.548e-01 2.391e-03
1.720e+01 2.595e-01 3.048e-04
1.730e+01 2.488e-01 5.054e-03
1.740e+01 2.635e-01 7.522e-03
1.750e+01 2.695e-01 3.761e-03
1.760e+01 2.518e-01 7.671e-03
1.770e+01 2.480e-01 6.101e-03
1.780e+01 2.468e-01 2.071e-03
1.790e+01 2.337e-01 -4.326e-03
1.800e+01 2.376e-01 1.628e-02
1.810e+01 2.370e-01 6.365e-03
1.820e+01 2.285e-01 9.975e-03
1.830e+01 2.378e-01 1.670e-03
1.840e+01 2.403e-01 -5.461e-04
1.850e+01 2.208e-01 4.980e-04
1.860e+01 2.247e-01 -1.322e-03
1.870e+01 2.236e-01 6.161e-03
1.880e+01 2.356e-01 -4.395e-03
1.890e+01 2.369e-01 -6.864e-03
1.900e+01 2.463e-01 1.042e-03
1.910e+01 2.330e-01 -1.254e-02
1.920e+01 2.411e-01 -6.780e-03
1.930e+01 2.346e-01 -5.047e-03
1.940e+01 2.219e-01 6.830e-03
1.950e+01 2.256e-01 1.155e-03
1.960e+01 2.293e-01 8.605e-03
1.970e+01 2.172e-01 -5.481e-04
1.980e+01 2.136e-01 -1.275e-02
1.990e+01 2.310e-01 -1.307e-02
2.000e+01 2.341e-01 2.798e-04
2.010e+01 2.557e-01 5.467e-03
2.020e+01 2.497e-01 2.929e-03
2.030e+01 2.558e-01 1.408e-03
2.040e+01 2.560e-01 -1.393e-03
2.050e+01 2.494e-01 -1.741e-02
2.060e+01 2.443e-01 -9.431e-03
2.070e+01 2.336e-01 8.255e-04
2.080e+01 2.468e-01 9.419e-03
2.090e+01 2.457e-01 -3.298e-03
2.100e+01 2.488e-01 2.210e-02
2.110e+01 2.744e-01 1.807e-02
2.120e+01 2.486e-01 2.064e-02
2.130e+01 2.626e-01 3.413e-03
2.140e+01 2.400e-01 -6.541e-03
2.150e+01 2.263e-01 -4.786e-03
2.160e+01 2.218e-01 3.943e-03
2.170e+01 2.344e-01 1.093e-02
2.180e+01 2.293e-01 1.594e-03
2.190e+01 2.334e-01 -9.315e-04
2.200e+01 2.211e-01 -1.172e-02
2.210e+01 2.125e-01 -9.696e-03
2.220e+01 2.027e-01 -3.868e-03
2.230e+01 1.999e-01 -1.261e-02
2.240e+01 2.058e-01 -1.053e-02
2.250e+01 2.076e-01 -2.385e-02
2.260e+01 2.106e-01 -2.246e-02
2.270e+01 2.018e-01 -2.957e-02
2.280e+01 2.053e-01 -3.064e-02
2.290e+01 2.062e-01 -2.529e-02
2.300e+01 1.843e-01 -3.219e-02
2.310e+01 1.887e-01 -3.367e-02
2.320e+01 1.944e-01 -3.016e-02
2.330e+01 1.862e-01 -2.213e-02
2.340e+01 1.827e-01 -2.448e-02
2.350e+01 1.747e-01 -1.897e-02
2.360e+01 1.756e-01 -1.900e-02
2.370e+01 1.769e-01 -2.196e-02
2.380e+01 1.692e-01 -2.745e-02
2.390e+01 1.597e-01 -1.964e-02
2.400e+01 1.589e-01 -2.445e-02
2.410e+01 1.680e-01 -2.868e-02
2.420e+01 1.690e-01 -1.623e-02
2.430e+01 1.705e-01 -1.919e-02
2.440e+01 1.774e-01 -1.879e-02
2.450e+01 1.734e-01 -8.083e-03
2.460e+01 1.662e-01 5.004e-03
2.470e+01 1.577e-01 4.298e-03
2.480e+01 1.545e-01 1.518e-03
2.490e+01 1.644e-01 -4.197e-03
2.500e+01 1.513e-01 -5.662e-03
2.510e+01 1.439e-01 -1.183e-02
2.520e+01 1.418e-01 -1.356e-02
2.530e+01 1.526e-01 -8.614e-03
2.540e+01 1.618e-01 8.114e-03
2.550e+01 1.573e-01 7.388e-03
2.560e+01 1.626e-01 7.671e-03
2.570e+01 1.653e-01 8.804e-03
2.580e+01 1.562e-01 -4.939e-03
2.590e+01 1.458e-01 -3.573e-03
2.600e+01 1.534e-01 7.142e-03
2.610e+01 1.576e-01 2.804e-02
2.620e+01 1.536e-01 1.640e-02
2.630e+01 1.591e-01 3.440e-03
2.640e+01 1.496e-01 2.633e-03
2.650e+01 1.568e-01 3.663e-03
2.660e+01 1.586e-01 7.734e-03
2.670e+01 1.641e-01 2.171e-02
2.680e+01 1.666e-01 1.590e-02
2.690e+01 1.664e-01 3.397e-03
2.700e+01 1.697e-01 -4.070e-04
2.710e+01 1.688e-01 -3.981e-03
2.720e+01 1.657e-01 -2.055e-03
2.730e+01 1.756e-01 -3.867e-03
2.740e+01 1.765e-01 7.539e-04
2.750e+01 1.714e-01 7.049e-03
2.760e+01 1.748e-01 -2.039e-03
2.770e+01 1.819e-01 -3.451e-03
2.780e+01 1.927e-01 5.291e-03
2.790e+01 1.793e-01 5.809e-03
2.800e+01 1.827e-01 -2.570e-03
2.810e+01 1.811e-01 -6.125e-03
2.820e+01 1.762e-01 -2.890e-03
2.830e+01 1.751e-01 -3.124e-03
2.840e+01 1.784e-01 -1.835e-03
2.850e+01 1.717e-01 1.406e-03
2.860e+01 1.668e-01 -6.168e-03
2.870e+01 1.534e-01 -6.612e-03
2.880e+01 1.570e-01 -2.285e-03
2.890e+01 1.651e-01 2.523e-03
2.900e+01 1.631e-01 8.257e-05
2.910e+01 1.736e-01 3.913e-03
2.920e+01 1.793e-01 -9.305e-03
2.930e+01 1.684e-01 -1.250e-02
2.940e+01 1.624e-01 -6.110e-03
2.950e+01 1.591e-01 -6.806e-03
2.960e+01 1.579e-01 -2.855e-04
2.970e+01 1.735e-01 -9.323e-03
2.980e+01 1.687e-01 -8.078e-03
2.990e+01 1.602e-01 -5.545e-03
3.000e+01 1.569e-01 -3.503e-03
3.010e+01 1.564e-01 -8.120e-03
3.020e+01 1.549e-01 -6.690e-03
3.030e+01 1.462e-01 -7.834e-03
3.040e+01 1.480e-01 1.275e-03
3.050e+01 1.522e-01 3.572e-03
3.060e+01 1.558e-01 5.929e-03
3.070e+01 1.615e-01 -2.940e-03
3.080e+01 1.427e-01 3.788e-03
3.090e+01 1.435e-01 1.361e-03
3.100e+01 1.447e-01 4.891e-03
3.110e+01 1.557e-01 1.220e-02
3.120e+01 1.491e-01 1.449e-02
3.130e+01 1.463e-01 1.150e-02
3.140e+01 1.472e-01 9.808e-03
3.150e+01 1.425e-01 1.860e-03
3.160e+01 1.475e-01 7.606e-03
3.170e+01 1.522e-01 1.485e-02
3.180e+01 1.452e-01 1.957e-02
3.190e+01 1.459e-01 2.582e-02
3.200e+01 1.426e-01 1.792e-02
3.210e+01 1.544e-01 1.121e-02
3.220e+01 1.607e-01 6.773e-03
3.230e+01 1.454e-01 4.439e-03
3.240e+01 1.479e-01 1.348e-03
3.250e+01 1.511e-01 1.477e-03
3.260e+01 1.354e-01 2.718e-03
3.270e+01 1.401e-01 1.384e-02
3.280e+01 1.481e-01 1.389e-02
3.290e+01 1.494e-01 4.498e-03
3.300e+01 1.505e-01 3.375e-03
3.310e+01 1.588e-01 -3.631e-03
3.320e+01 1.575e-01 -1.114e-02
3.330e+01 1.599e-01 -2.253e-03
3.340e+01 1.510e-01 -7.760e-03
3.350e+01 1.583e-01 -8.976e-03
3.360e+01 1.394e-01 -8.983e-03
3.370e+01 1.531e-01 1.068e-03
3.380e+01 1.461e-01 4.066e-03
3.390e+01 1.486e-01 8.766e-03
3.400e+01 1.464e-01 1.247e-02
3.410e+01 1.360e-01 9.021e-03
3.420e+01 1.397e-01 1.520e-02
3.430e+01 1.359e-01 9.289e-03
3.440e+01 1.440e-01 2.842e-03
3.450e+01 1.386e-01 2.109e-03
3.460e+01 1.344e-01 -5.021e-03
3.470e+01 1.262e-01 7.790e-04
3.480e+01 1.273e-01 -9.813e-05
3.490e+01 1.235e-01 4.632e-03
3.500e+01 1.256e-01 4.133e-03
3.510e+01 1.285e-01 2.482e-03
3.520e+01 1.203e-01 -1.650e-03
3.530e+01 1.284e-01 5.829e-04
3.540e+01 1.200e-01 1.570e-03
3.550e+01 1.383e-01 -4.113e-04
3.560e+01 1.428e-01 -1.017e-03
3.570e+01 1.477e-01 4.719e-03
3.580e+01 1.431e-01 -5.583e-03
3.590e+01 1.442e-01 -5.017e-03
3.600e+01 1.365e-01 2.280e-03
3.610e+01 1.327e-01 1.131e-03
3.620e+01 1.422e-01 -1.039e-03
3.630e+01 1.442e-01 -2.580e-04
3.640e+01 1.550e-01 7.566e-03
3.650e+01 1.494e-01 4.796e-03
3.660e+01 1.477e-01 2.408e-03
3.670e+01 1.262e-01 -4.794e-03
3.680e+01 1.302e-01 -4.849e-03
3.690e+01 1.350e-01 -1.228e-03
3.700e+01 1.444e-01 -6.713e-03
3.710e+01 1.363e-01 -5.820e-03
3.720e+01 1.354e-01 4.313e-03
3.730e+01 1.348e-01 -8.237e-03
3.740e+01 1.466e-01 -6.093e-03
3.750e+01 1.377e-01 2.897e-03
3.760e+01 1.309e-01 4.824e-04
3.770e+01 1.339e-01 1.916e-03
3.780e+01 1.376e-01 4.801e-03
3.790e+01 1.302e-01 -1.090e-03
3.800e+01 1.296e-01 -7.568e-03
3.810e+01 1.398e-01 -6.065e-03
3.820e+01 1.345e-01 -7.466e-03
3.830e+01 1.290e-01 -5.710e-03
3.840e+01 1.293e-01 -6.245e-03
3.850e+01 1.273e-01 -7.488e-04
3.860e+01 1.260e-01 4.330e-03
3.870e+01 1.159e-01 9.763e-04
3.880e+01 1.283e-01 7.288e-03
3.890e+01 1.234e-01 1.371e-02
3.900e+01 1.343e-01 1.513e-02
3.910e+01 1.182e-01 9.498e-03
3.920e+01 1.282e-01 5.700e-03
3.930e+01 1.213e-01 1.141e-02
3.940e+01 1.226e-01 9.089e-03
3.950e+01 1.156e-01 6.449e-03
3.960e+01 1.248e-01 1.430e-03
3.970e+01 1.207e-01 2.164e-03
3.980e+01 1.241e-01 2.337e-03
3.990e+01 1.192e-01 8.852e-03
4.000e+01 1.180e-01 9.610e-03
4.010e+01 1.302e-01 8.281e-04
4.020e+01 1.190e-01 2.352e-03
4.030e+01 1.214e-01 3.568e-03
4.040e+01 1.290e-01 8.849e-03
4.050e+01 1.341e-01 6.409e-03
4.060e+01 1.357e-01 1.051e-02
4.070e+01 1.264e-01 6.399e-03
4.080e+01 1.358e-01 1.808e-02
4.090e+01 1.305e-01 1.151e-02
4.100e+01 1.375e-01 1.678e-02
4.110e+01 1.421e-01 1.183e-02
4.120e+01 1.190e-01 1.304e-03
4.130e+01 1.286e-01 -1.099e-02
4.140e+01 1.314e-01 2.325e-04
4.150e+01 1.410e-01 1.079e-03
4.160e+01 1.203e-01 6.022e-03
4.170e+01 1.164e-01 3.280e-03
4.180e+01 1.101e-01 -4.436e-03
4.190e+01 1.166e-01 -3.722e-03
4.200e+01 1.116e-01 -5.817e-03
4.210e+01 1.197e-01 -2.626e-03
4.220e+01 1.192e-01 -1.255e-04
4.230e+01 1.105e-01 -6.463e-04
4.240e+01 1.080e-01 -5.133e-03
4.250e+01 1.000e-01 -7.019e-03
4.260e+01 9.990e-02 -1.283e-02
4.270e+01 9.949e-02 -7.581e-03
4.280e+01 1.005e-01 -8.827e-03
4.290e+01 1.010e-01 -7.692e-03
4.300e+01 9.771e-02 -4.662e-03
4.310e+01 9.934e-02 -9.333e-03
4.320e+01 9.893e-02 -5.868e-03
4.330e+01 9.594e-02 -5.206e-03
4.340e+01 9.734e-02 -1.310e-02
4.350e+01 8.871e-02 -2.814e-03
4.360e+01 8.815e-02 -5.023e-03
4.370e+01 8.541e-02 -8.311e-03
4.380e+01 8.599e-02 -9.173e-03
4.390e+01 8.539e-02 -8.532e-03
4.400e+01 8.863e-02 -9.797e-03
4.410e+01 9.267e-02 -1.672e-02
4.420e+01 8.906e-02 -7.891e-03
4.430e+01 8.857e-02 -5.041e-03
4.440e+01 8.812e-02 -1.863e-03
4.450e+01 8.706e-02 1.247e-03
4.460e+01 8.307e-02 -3.321e-03
4.470e+01 8.689e-02 -5.022e-03
4.480e+01 8.440e-02 -9.578e-03
4.490e+01 9.301e-02 -1.962e-03
4.500e+01 8.537e-02 -1.187e-02
4.510e+01 8.457e-02 -1.073e-02
4.520e+01 7.858e-02 -1.288e-02
4.530e+01 8.652e-02 -1.102e-02
4.540e+01 8.468e-02 -8.168e-03
4.550e+01 7.883e-02 -1.220e-02
4.560e+01 8.138e-02 -9.121e-03
4.570e+01 8.560e-02 -2.799e-03
4.580e+01 8.376e-02 -6.915e-03
4.590e+01 8.232e-02 -1.324e-02
4.600e+01 8.490e-02 -1.184e-02
4.610e+01 8.352e-02 -7.416e-03
4.620e+01 7.836e-02 -6.147e-03
4.630e+01 8.006e-02 -6.237e-03
4.640e+01 8.320e-02 -1.341e-02
4.650e+01 7.982e-02 -9.573e-03
4.660e+01 8.248e-02 -7.991e-03
4.670e+01 8.921e-02 -9.570e-03
4.680e+01 8.929e-02 -1.266e-02
4.690e+01 8.812e-02 -9.077e-03
4.700e+01 9.133e-02 -5.202e-03
4.710e+01 8.701e-02 -6.767e-03
4.720e+01 8.540e-02 -6.210e-03
4.730e+01 8.430e-02 -1.436e-03
4.740e+01 8.581e-02 -8.247e-03
4.750e+01 7.959e-02 -6.196e-03
4.760e+01 7.307e-02 -5.819e-03
4.770e+01 7.805e-02 -5.989e-03
4.780e+01 8.454e-02 -3.001e-03
4.790e+01 8.100e-02 -1.327e-03
4.800e+01 8.245e-02 -1.718e-03
4.810e+01 7.522e-02 -2.859e-03
4.820e+01 8.294e-02 -4.553e-03
4.830e+01 8.206e-02 -8.566e-03
4.840e+01 7.752e-02 -9.402e-03
4.850e+01 7.810e-02 -3.846e-03
4.860e+01 7.489e-02 -4.895e-03
4.870e+01 7.555e-02 -5.293e-03
4.880e+01 7.885e-02 -5.299e-03
4.890e+01 8.339e-02 -5.501e-04
4.900e+01 7.574e-02 6.864e-04
4.910e+01 7.931e-02 -7.541e-04
4.920e+01 8.057e-02 7.583e-04
4.930e+01 7.332e-02 -1.009e-02
4.940e+01 7.802e-02 -7.608e-03
4.950e+01 8.354e-02 -3.069e-03
4.960e+01 8.141e-02 -2.267e-03
4.970e+01 8.905e-02 -7.313e-04
4.980e+01 8.489e-02 -7.538e-03
4.990e+01 8.404e-02 -4.270e-03
5.000e+01 8.062e-02 -9.129e-03
5.010e+01 8.198e-02 -3.944e-03
5.020e+01 8.146e-02 -6.167e-03
5.030e+01 7.721e-02 -6.611e-03
5.040e+01 7.500e-02 -8.031e-03
5.050e+01 7.763e-02 -1.469e-02
5.060e+01 8.199e-02 -1.338e-02
5.070e+01 7.800e-02 -9.164e-03
5.080e+01 8.259e-02 -7.712e-03
5.090e+01 7.765e-02 -3.126e-03
5.100e+01 6.885e-02 -7.582e-03
5.110e+01 7.792e-02 -5.747e-03
5.120e+01 7.344e-02 -8.407e-03
5.130e+01 7.216e-02 -1.217e-02
5.140e+01 7.400e-02 -8.171e-03
5.150e+01 7.599e-02 -8.248e-03
5.160e+01 7.763e-02 -1.503e-03
5.170e+01 6.982e-02 -3.326e-03
5.180e+01 6.737e-02 -4.497e-03
5.190e+01 6.126e-02 -5.766e-03
5.200e+01 6.349e-02 -6.607e-03
5.210e+01 6.261e-02 -9.308e-03
5.220e+01 5.675e-02 -8.010e-03
5.230e+01 6.196e-02 -8.772e-03
5.240e+01 6.706e-02 -7.145e-03
5.250e+01 6.496e-02 -2.779e-03
5.260e+01 5.927e-02 -3.495e-03
5.270e+01 5.599e-02 -8.991e-04
5.280e+01 6.976e-02 -6.192e-03
5.290e+01 6.877e-02 -8.139e-03
5.300e+01 6.627e-02 -5.229e-03
5.310e+01 6.805e-02 -8.219e-03
5.320e+01 6.317e-02 -1.241e-02
5.330e+01 6.557e-02 -1.009e-02
5.340e+01 6.344e-02 -5.878e-03
5.350e+01 5.854e-02 -8.625e-03
5.360e+01 5.860e-02 -1.702e-03
5.370e+01 6.611e-02 2.019e-03
5.380e+01 5.862e-02 -1.154e-03
5.390e+01 6.255e-02 3.517e-03
5.400e+01 6.076e-02 3.936e-03
5.410e+01 5.840e-02 4.010e-03
5.420e+01 5.663e-02 1.975e-03
5.430e+01 5.735e-02 -1.512e-03
5.440e+01 5.366e-02 -5.313e-03
5.450e+01 5.547e-02 2.056e-04
5.460e+01 5.112e-02 2.252e-03
5.470e+01 4.444e-02 -2.856e-03
5.480e+01 4.728e-02 -8.821e-03
5.490e+01 5.379e-02 -2.361e-03
5.500e+01 6.126e-02 -5.576e-03
5.510e+01 6.248e-02 -2.919e-04
5.520e+01 6.384e-02 5.802e-04
5.530e+01 5.921e-02 2.859e-03
5.540e+01 5.614e-02 -1.768e-03
5.550e+01 6.647e-02 2.072e-03
5.560e+01 6.449e-02 -1.242e-03
5.570e+01 7.046e-02 -5.995e-03
5.580e+01 7.384e-02 -3.727e-03
5.590e+01 6.735e-02 3.344e-03
5.600e+01 7.037e-02 -7.896e-04
5.610e+01 6.232e-02 4.571e-03
5.620e+01 6.363e-02 -2.170e-03
5.630e+01 6.473e-02 1.840e-03
5.640e+01 6.506e-02 -2.782e-03
5.650e+01 6.621e-02 1.648e-03
5.660e+01 6.128e-02 -1.865e-03
5.670e+01 6.078e-02 -3.982e-03
5.680e+01 5.870e-02 -6.562e-03
5.690e+01 6.359e-02 -1.059e-02
5.700e+01 5.535e-02 -7.277e-03
5.710e+01 5.863e-02 -7.792e-03
5.720e+01 5.211e-02 -1.245e-02
5.730e+01 5.488e-02 -1.385e-02
5.740e+01 6.046e-02 -5.945e-03
5.750e+01 6.670e-02 -5.750e-03
5.760e+01 5.496e-02 -4.080e-03
5.770e+01 5.686e-02 -3.968e-03
5.780e+01 6.375e-02 3.603e-03
5.790e+01 6.284e-02 -1.387e-03
5.800e+01 6.640e-02 2.855e-03
5.810e+01 5.986e-02 -6.273e-03
5.820e+01 6.133e-02 -2.338e-03
5.830e+01 5.530e-02 -7.193e-04
5.840e+01 6.297e-02 -8.352e-03
5.850e+01 6.185e-02 -7.510e-03
5.860e+01 6.296e-02 -7.192e-03
5.870e+01 5.272e-02 -1.039e-02
5.880e+01 5.957e-02 -7.596e-03
5.890e+01 6.459e-02 -4.763e-03
5.900e+01 6.272e-02 -1.086e-03
5.910e+01 5.759e-02 -4.522e-03
5.920e+01 5.744e-02 1.784e-03
5.930e+01 5.588e-02 2.621e-03
5.940e+01 5.695e-02 2.916e-03
5.950e+01 5.263e-02 4.989e-05
5.960e+01 5.473e-02 -3.197e-03
5.970e+01 5.030e-02 5.338e-03
5.980e+01 5.615e-02 4.358e-03
5.990e+01 5.224e-02 8.551e-03
6.000e+01 5.203e-02 8.325e-03
6.010e+01 5.530e-02 1.190e-02
6.020e+01 6.635e-02 1.147e-02
6.030e+01 6.515e-02 6.471e-03
6.040e+01 6.306e-02 1.209e-02
6.050e+01 5.585e-02 9.195e-03
6.060e+01 5.466e-02 1.208e-02
6.070e+01 5.924e-02 1.161e-02
6.080e+01 5.896e-02 1.158e-02
6.090e+01 5.314e-02 8.265e-03
6.100e+01 5.332e-02 3.553e-03
6.110e+01 5.222e-02 -1.180e-03
6.120e+01 5.107e-02 -1.857e-03
6.130e+01 5.501e-02 -6.107e-04
6.140e+01 5.889e-02 -2.760e-03
6.150e+01 5.727e-02 -3.430e-03
6.160e+01 5.690e-02 -4.553e-03
6.170e+01 6.251e-02 1.596e-04
6.180e+01 5.491e-02 -3.502e-03
6.190e+01 5.625e-02 -2.659e-03
6.200e+01 5.458e-02 -1.128e-02
6.210e+01 5.663e-02 -8.181e-03
6.220e+01 5.096e-02 -7.987e-03
6.230e+01 5.592e-02 -7.214e-03
6.240e+01 6.803e-02 -9.204e-03
6.250e+01 6.121e-02 -1.011e-02
6.260e+01 6.539e-02 -7.585e-03
6.270e+01 5.832e-02 -7.195e-03
6.280e+01 5.646e-02 -9.513e-03
6.290e+01 6.857e-02 -6.317e-03
6.300e+01 6.576e-02 -4.457e-03
6.310e+01 6.532e-02 -1.256e-02
6.320e+01 6.213e-02 -1.294e-02
6.330e+01 5.980e-02 -7.474e-03
6.340e+01 5.491e-02 -9.389e-03
6.350e+01 4.988e-02 -5.319e-03
6.360e+01 4.815e-02 -5.669e-03
6.370e+01 4.993e-02 -7.198e-03
6.380e+01 4.733e-02 -7.034e-03
6.390e+01 4.973e-02 -1.123e-02
6.400e+01 5.165e-02 -1.578e-02
6.410e+01 4.642e-02 -1.755e-02
6.420e+01 5.172e-02 -1.127e-02
6.430e+01 5.212e-02 -6.786e-03
6.440e+01 5.248e-02 -6.118e-03
6.450e+01 5.300e-02 -8.233e-03
6.460e+01 5.376e-02 -9.004e-03
6.470e+01 5.624e-02 -1.477e-02
6.480e+01 5.962e-02 -1.402e-02
6.490e+01 6.057e-02 -1.546e-02
6.500e+01 5.141e-02 -1.307e-02
6.510e+01 5.080e-02 -9.783e-03
6.520e+01 4.864e-02 -1.072e-02
6.530e+01 5.223e-02 -9.785e-03
6.540e+01 5.542e-02 -9.140e-03
6.550e+01 5.851e-02 -1.118e-02
6.560e+01 5.144e-02 -9.057e-03
6.570e+01 5.006e-02 -1.713e-03
6.580e+01 4.723e-02 -6.239e-03
6.590e+01 4.538e-02 -1.172e-02
6.600e+01 4.748e-02 -1.050e-02
6.610e+01 4.908e-02 -5.381e-03
6.620e+01 3.790e-02 -7.255e-03
6.630e+01 3.480e-02 -2.663e-03
6.640e+01 2.980e-02 -5.257e-03
6.650e+01 2.997e-02 -4.042e-03
6.660e+01 4.081e-02 -6.789e-03
6.670e+01 4.516e-02 -1.052e-02
6.680e+01 5.108e-02 -8.415e-03
6.690e+01 4.064e-02 -5.215e-03
6.700e+01 4.287e-02 -1.121e-03
6.710e+01 4.517e-02 -5.296e-03
6.720e+01 4.501e-02 -7.839e-03
6.730e+01 4.469e-02 -5.924e-03
6.740e+01 3.856e-02 -9.079e-03
6.750e+01 3.080e-02 -9.654e-03
6.760e+01 3.179e-02 -5.562e-03
6.770e+01 2.829e-02 -2.136e-04
6.780e+01 3.187e-02 -9.025e-04
6.790e+01 3.245e-02 -2.389e-04
6.800e+01 3.928e-02 4.410e-04
6.810e+01 3.041e-02 -3.498e-03
6.820e+01 3.104e-02 8.568e-05
6.830e+01 3.432e-02 -5.217e-04
6.840e+01 3.523e-02 -4.429e-03
6.850e+01 3.349e-02 3.951e-03
6.860e+01 3.168e-02 6.212e-03
6.870e+01 3.080e-02 -7.446e-04
6.880e+01 3.173e-02 -3.082e-03
6.890e+01 3.109e-02 -1.237e-03
6.900e+01 3.372e-02 -1.044e-04
6.910e+01 4.090e-02 -4.910e-03
6.920e+01 4.500e-02 -2.767e-03
6.930e+01 3.817e-02 -2.580e-03
6.940e+01 3.798e-02 -6.331e-03
6.950e+01 4.478e-02 -7.624e-03
6.960e+01 4.150e-02 -2.824e-03
6.970e+01 5.252e-02 -2.945e-03
6.980e+01 5.973e-02 1.489e-03
6.990e+01 5.381e-02 -3.696e-03
7.000e+01 4.582e-02 -8.170e-03
7.010e+01 4.714e-02 -2.750e-03
7.020e+01 4.274e-02 -1.569e-03
7.030e+01 4.541e-02 4.991e-04
7.040e+01 4.587e-02 -2.172e-03
7.050e+01 5.305e-02 -1.238e-03
7.060e+01 5.157e-02 -3.119e-04
7.070e+01 4.846e-02 1.441e-03
7.080e+01 4.974e-02 -1.052e-03
7.090e+01 4.289e-02 -5.812e-04
7.100e+01 3.704e-02 9.937e-04
7.110e+01 4.174e-02 1.054e-03
7.120e+01 4.420e-02 5.238e-03
7.130e+01 4.931e-02 1.726e-03
7.140e+01 4.224e-02 -1.817e-03
7.150e+01 4.225e-02 -4.499e-03
7.160e+01 3.019e-02 -9.179e-04
7.170e+01 3.399e-02 2.798e-03
7.180e+01 4.265e-02 -3.915e-04
7.190e+01 4.565e-02 2.936e-03
7.200e+01 4.506e-02 -2.261e-03
7.210e+01 4.827e-02 7.383e-04
7.220e+01 5.027e-02 1.950e-03
7.230e+01 4.892e-02 5.254e-03
7.240e+01 4.840e-02 1.878e-03
7.250e+01 4.634e-02 7.702e-03
7.260e+01 4.688e-02 -1.566e-04
7.270e+01 5.003e-02 5.941e-03
7.280e+01 5.773e-02 1.476e-02
7.290e+01 5.434e-02 1.024e-02
7.300e+01 5.539e-02 1.622e-02
7.310e+01 7.040e-02 1.226e-02
7.320e+01 5.826e-02 9.149e-03
7.330e+01 6.017e-02 1.610e-03
7.340e+01 6.012e-02 4.536e-03
7.350e+01 6.895e-02 6.377e-03
7.360e+01 6.367e-02 7.653e-03
7.370e+01 5.833e-02 -1.161e-03
7.380e+01 6.811e-02 3.273e-03
7.390e+01 6.824e-02 1.774e-03
7.400e+01 6.565e-02 5.380e-03
7.410e+01 6.933e-02 4.007e-04
7.420e+01 6.360e-02 5.091e-03
7.430e+01 7.142e-02 2.865e-03
7.440e+01 6.580e-02 1.313e-04
7.450e+01 6.348e-02 7.789e-03
7.460e+01 6.162e-02 5.755e-03
7.470e+01 6.511e-02 7.499e-03
7.480e+01 5.471e-02 8.156e-03
7.490e+01 6.289e-02 7.884e-03
7.500e+01 7.208e-02 1.967e-04
7.510e+01 6.183e-02 1.752e-03
7.520e+01 5.975e-02 3.263e-03
7.530e+01 5.045e-02 6.269e-03
7.540e+01 4.764e-02 3.942e-03
7.550e+01 5.255e-02 7.664e-03
7.560e+01 4.682e-02 3.735e-03
7.570e+01 4.179e-02 4.021e-03
7.580e+01 3.926e-02 6.002e-03
7.590e+01 3.918e-02 5.418e-03
7.600e+01 3.862e-02 7.783e-03
7.610e+01 4.036e-02 2.871e-03
7.620e+01 3.849e-02 4.450e-03
7.630e+01 4.273e-02 1.155e-03
7.640e+01 4.154e-02 3.581e-03
7.650e+01 5.262e-02 2.271e-03
7.660e+01 5.230e-02 2.772e-03
7.670e+01 5.259e-02 -7.577e-03
7.680e+01 5.357e-02 3.057e-03
7.690e+01 4.711e-02 4.122e-04
7.700e+01 4.514e-02 -1.073e-03
7.710e+01 4.151e-02 -1.581e-03
7.720e+01 4.163e-02 -3.396e-05
7.730e+01 4.072e-02 -6.782e-03
7.740e+01 4.228e-02 -7.470e-03
7.750e+01 4.447e-02 -1.604e-04
7.760e+01 4.584e-02 9.681e-04
7.770e+01 4.011e-02 8.676e-04
7.780e+01 4.226e-02 4.039e-03
7.790e+01 4.306e-02 1.854e-03
7.800e+01 4.732e-02 5.784e-03
7.810e+01 4.899e-02 4.282e-03
7.820e+01 4.516e-02 3.997e-03
7.830e+01 3.748e-02 1.525e-03
7.840e+01 3.187e-02 3.225e-03
7.850e+01 3.600e-02 -5.179e-04
7.860e+01 3.663e-02 4.853e-03
7.870e+01 3.972e-02 5.963e-03
7.880e+01 3.679e-02 8.337e-03
7.890e+01 3.447e-02 9.348e-03
7.900e+01 3.771e-02 5.445e-03
7.910e+01 3.538e-02 1.228e-03
7.920e+01 3.479e-02 8.086e-03
7.930e+01 2.925e-02 2.811e-03
7.940e+01 3.566e-02 6.275e-03
7.950e+01 3.247e-02 2.015e-03
7.960e+01 2.988e-02 2.501e-03
7.970e+01 3.219e-02 1.162e-03
7.980e+01 3.366e-02 1.360e-03
7.990e+01 3.624e-02 1.374e-04
8.000e+01 3.261e-02 1.314e-03
8.010e+01 3.287e-02 1.831e-03
8.020e+01 3.121e-02 3.328e-03
8.030e+01 3.170e-02 1.357e-03
8.040e+01 3.148e-02 6.305e-03
8.050e+01 3.177e-02 5.007e-03
8.060e+01 3.302e-02 -1.888e-03
8.070e+01 3.356e-02 3.270e-03
8.080e+01 3.387e-02 4.079e-03
8.090e+01 3.406e-02 6.719e-03
8.100e+01 3.173e-02 6.199e-03
8.110e+01 3.425e-02 2.087e-03
8.120e+01 2.908e-02 -1.548e-03
8.130e+01 2.845e-02 2.608e-03
8.140e+01 2.846e-02 2.534e-03
8.150e+01 3.277e-02 4.903e-04
8.160e+01 3.463e-02 2.602e-03
8.170e+01 3.481e-02 2.357e-03
8.180e+01 3.591e-02 2.797e-03
8.190e+01 3.806e-02 4.237e-03
8.200e+01 3.528e-02 2.261e-03
8.210e+01 3.583e-02 9.931e-04
8.220e+01 3.209e-02 1.315e-03
8.230e+01 3.153e-02 1.505e-03
8.240e+01 3.002e-02 1.069e-03
8.250e+01 2.952e-02 6.873e-04
8.260e+01 2.922e-02 1.308e-03
8.270e+01 2.831e-02 6.170e-04
8.280e+01 2.901e-02 -1.633e-03
8.290e+01 3.353e-02 3.012e-03
8.300e+01 3.173e-02 4.622e-03
8.310e+01 3.575e-02 3.061e-03
8.320e+01 3.817e-02 3.269e-03
8.330e+01 3.776e-02 3.254e-03
8.340e+01 3.556e-02 3.485e-03
8.350e+01 3.312e-02 6.449e-03
8.360e+01 2.897e-02 3.489e-03
8.370e+01 2.773e-02 -1.217e-03
8.380e+01 2.759e-02 -1.747e-03
8.390e+01 2.920e-02 -1.764e-03
8.400e+01 2.687e-02 -3.534e-03
8.410e+01 3.066e-02 -1.365e-03
8.420e+01 3.057e-02 2.488e-03
8.430e+01 3.673e-02 4.510e-03
8.440e+01 2.961e-02 1.586e-03
8.450e+01 2.877e-02 1.146e-03
8.460e+01 2.926e-02 3.030e-03
8.470e+01 3.416e-02 2.247e-04
8.480e+01 3.944e-02 -3.378e-03
8.490e+01 3.768e-02 -3.416e-03
8.500e+01 3.126e-02 -7.110e-03
8.510e+01 3.118e-02 -1.216e-03
8.520e+01 2.845e-02 -3.397e-03
8.530e+01 2.413e-02 -3.884e-03
8.540e+01 2.393e-02 3.592e-04
8.550e+01 2.385e-02 -5.493e-03
8.560e+01 2.267e-02 -5.072e-03
8.570e+01 2.587e-02 -2.785e-03
8.580e+01 2.704e-02 -2.354e-03
8.590e+01 2.218e-02 -2.828e-03
8.600e+01 2.714e-02 -3.889e-03
8.610e+01 2.824e-02 1.294e-04
8.620e+01 2.762e-02 -3.485e-03
8.630e+01 2.710e-02 -2.295e-03
8.640e+01 2.587e-02 -2.232e-03
8.650e+01 2.803e-02 -3.239e-03
8.660e+01 3.279e-02 -2.144e-03
8.670e+01 3.205e-02 -6.567e-03
8.680e+01 3.344e-02 -6.745e-03
8.690e+01 3.100e-02 -4.318e-03
8.700e+01 3.356e-02 -1.007e-03
8.710e+01 3.069e-02 -2.498e-03
8.720e+01 2.946e-02 -4.240e-04
8.730e+01 2.850e-02 -5.554e-04
8.740e+01 2.888e-02 -3.704e-03
8.750e+01 2.664e-02 -3.031e-03
8.760e+01 2.909e-02 -1.570e-03
8.770e+01 2.975e-02 1.289e-03
8.780e+01 2.892e-02 -3.313e-03
8.790e+01 2.788e-02 -5.110e-03
8.800e+01 3.121e-02 -4.142e-03
8.810e+01 2.733e-02 -2.024e-03
8.820e+01 2.620e-02 -2.292e-03
8.830e+01 2.828e-02 -1.664e-03
8.840e+01 2.869e-02 -1.753e-03
8.850e+01 2.381e-02 -1.076e-03
8.860e+01 2.474e-02 -6.956e-04
8.870e+01 2.465e-02 -1.500e-03
8.880e+01 2.694e-02 -5.364e-03
8.890e+01 2.316e-02 -3.726e-03
8.900e+01 2.642e-02 -2.068e-03
8.910e+01 2.577e-02 -3.611e-03
8.920e+01 3.107e-02 -5.183e-03
8.930e+01 3.377e-02 -7.246e-03
8.940e+01 3.202e-02 -4.035e-03
8.950e+01 2.939e-02 -3.051e-03
8.960e+01 2.617e-02 9.138e-04
8.970e+01 3.262e-02 -3.803e-03
8.980e+01 3.305e-02 -6.799e-03
8.990e+01 2.984e-02 -7.678e-03
9.000e+01 2.685e-02 -9.106e-03
9.010e+01 3.163e-02 -5.616e-03
9.020e+01 2.801e-02 -2.313e-03
9.030e+01 2.993e-02 -4.190e-04
9.040e+01 3.128e-02 -3.425e-03
9.050e+01 3.079e-02 -4.798e-03
9.060e+01 3.461e-02 -4.682e-03
9.070e+01 3.430e-02 -2.240e-03
9.080e+01 3.357e-02 1.679e-03
9.090e+01 3.249e-02 8.523e-04
9.100e+01 3.043e-02 -6.747e-04
9.110e+01 3.032e-02 -1.354e-03
9.120e+01 2.923e-02 -2.747e-03
9.130e+01 2.884e-02 -2.795e-03
9.140e+01 2.834e-02 1.713e-04
9.150e+01 3.107e-02 -1.395e-03
9.160e+01 2.801e-02 -2.257e-03
9.170e+01 3.358e-02 -4.419e-03
9.180e+01 3.284e-02 -6.802e-03
9.190e+01 3.489e-02 -5.121e-03
9.200e+01 3.371e-02 -1.571e-03
9.210e+01 3.194e-02 -5.620e-04
9.220e+01 2.557e-02 -4.168e-03
9.230e+01 2.618e-02 -4.940e-03
9.240e+01 2.613e-02 -6.113e-03
9.250e+01 2.665e-02 -7.387e-03
9.260e+01 2.794e-02 -8.564e-03
9.270e+01 3.108e-02 -9.298e-03
9.280e+01 3.314e-02 -2.711e-03
9.290e+01 3.254e-02 -4.184e-03
9.300e+01 3.004e-02 -4.708e-03
9.310e+01 3.011e-02 -6.549e-03
9.320e+01 3.151e-02 -3.346e-03
9.330e+01 2.990e-02 -6.458e-03
9.340e+01 2.988e-02 -2.265e-03
9.350e+01 2.985e-02 -4.328e-03
9.360e+01 3.115e-02 6.597e-04
9.370e+01 3.102e-02 -1.701e-03
9.380e+01 3.026e-02 -3.450e-03
9.390e+01 3.236e-02 -6.484e-04
9.400e+01 2.993e-02 -2.284e-03
9.410e+01 3.236e-02 -2.575e-03
9.420e+01 3.206e-02 4.157e-04
9.430e+01 3.087e-02 2.603e-03
9.440e+01 2.817e-02 1.207e-03
9.450e+01 2.877e-02 2.059e-03
9.460e+01 2.527e-02 -4.234e-05
9.470e+01 2.498e-02 -1.162e-03
9.480e+01 2.934e-02 -1.737e-03
9.490e+01 2.905e-02 -2.614e-03
9.500e+01 2.700e-02 5.345e-04
9.510e+01 2.560e-02 3.126e-03
9.520e+01 2.414e-02 7.294e-03
9.530e+01 2.636e-02 5.502e-03
9.540e+01 2.606e-02 2.267e-03
9.550e+01 2.844e-02 5.569e-03
9.560e+01 2.625e-02 3.690e-03
9.570e+01 2.841e-02 1.941e-03
9.580e+01 2.875e-02 1.781e-03
9.590e+01 2.980e-02 3.349e-03
9.600e+01 2.499e-02 3.730e-04
9.610e+01 2.655e-02 2.527e-04
9.620e+01 2.459e-02 -1.541e-03
9.630e+01 2.934e-02 2.018e-03
9.640e+01 2.657e-02 2.670e-03
9.650e+01 3.025e-02 5.406e-03
9.660e+01 2.716e-02 8.133e-03
9.670e+01 2.643e-02 7.901e-03
9.680e+01 2.337e-02 8.816e-03
9.690e+01 2.578e-02 8.947e-03
9.700e+01 2.732e-02 7.344e-03
9.710e+01 2.701e-02 9.091e-03
9.720e+01 3.030e-02 4.433e-03
9.730e+01 2.674e-02 7.343e-03
9.740e+01 2.538e-02 4.908e-03
9.750e+01 2.676e-02 7.301e-03
9.760e+01 2.736e-02 6.510e-03
9.770e+01 2.915e-02 7.585e-03
9.780e+01 2.837e-02 6.337e-03
9.790e+01 2.849e-02 5.800e-03
9.800e+01 2.941e-02 4.743e-03
9.810e+01 2.601e-02 7.309e-03
9.820e+01 2.728e-02 4.817e-03
9.830e+01 2.398e-02 4.456e-03
9.840e+01 2.679e-02 6.048e-03
9.850e+01 2.596e-02 7.011e-03
9.860e+01 2.768e-02 6.787e-03
9.870e+01 2.646e-02 6.505e-03
9.880e+01 2.622e-02 4.176e-03
9.890e+01 2.449e-02 1.021e-03
9.900e+01 2.567e-02 5.024e-04
9.910e+01 2.820e-02 -1.147e-04
9.920e+01 2.453e-02 5.607e-04
9.930e+01 2.610e-02 2.181e-03
9.940e+01 2.736e-02 2.522e-05
9.950e+01 2.769e-02 1.199e-03
9.960e+01 2.465e-02 5.354e-04
9.970e+01 2.501e-02 -1.032e-04
9.980e+01 2.447e-02 -5.660e-04
9.990e+01 2.485e-02 -4.026e-04
