# Frequency (1.0/ps)      real(fft(F_2))
0.000e+00 2.949e+02
1.000e-02 5.579e+01
2.000e-02 1.861e+01
3.000e-02 1.313e+01
4.000e-02 9.252e-01
5.000e-02 -6.315e-03
6.000e-02 3.453e+00
7.000e-02 4.300e+00
8.000e-02 3.801e+00
9.000e-02 4.176e+00
1.000e-01 -2.537e+00
1.100e-01 1.675e+00
1.200e-01 2.001e+00
1.300e-01 -3.748e-01
1.400e-01 3.299e+00
1.500e-01 3.230e+00
1.600e-01 2.597e+00
1.700e-01 1.429e+00
1.800e-01 1.425e+00
1.900e-01 3.065e+00
2.000e-01 5.705e+00
2.100e-01 1.172e+00
2.200e-01 1.256e+00
2.300e-01 2.328e+00
2.400e-01 -5.197e-01
2.500e-01 1.205e+00
2.600e-01 5.097e-01
2.700e-01 -5.167e-03
2.800e-01 -1.862e-01
2.900e-01 -2.231e+00
3.000e-01 -1.904e+00
3.100e-01 3.142e-01
3.200e-01 1.610e-01
3.300e-01 4.313e-01
3.400e-01 2.183e+00
3.500e-01 4.055e+00
3.600e-01 4.339e-01
3.700e-01 -1.695e-02
3.800e-01 3.808e-01
3.900e-01 -5.839e-01
4.000e-01 -3.230e+00
4.100e-01 3.307e-01
4.200e-01 -4.056e-02
4.300e-01 -2.642e-01
4.400e-01 2.422e-01
4.500e-01 6.287e-01
4.600e-01 1.073e+00
4.700e-01 2.409e-01
4.800e-01 8.717e-01
4.900e-01 9.355e-01
5.000e-01 1.998e+00
5.100e-01 8.016e-01
5.200e-01 3.073e-02
5.300e-01 4.562e-01
5.400e-01 5.597e-01
5.500e-01 5.680e-01
5.600e-01 2.099e+00
5.700e-01 1.414e+00
5.800e-01 1.193e+00
5.900e-01 1.982e+00
6.000e-01 1.652e+00
6.100e-01 8.017e-01
6.200e-01 9.145e-01
6.300e-01 6.970e-01
6.400e-01 8.338e-01
6.500e-01 1.817e+00
6.600e-01 1.237e+00
6.700e-01 1.086e+00
6.800e-01 1.367e+00
6.900e-01 6.188e-01
7.000e-01 5.938e-01
7.100e-01 8.692e-01
7.200e-01 3.281e-01
7.300e-01 9.700e-01
7.400e-01 1.065e+00
7.500e-01 2.342e+00
7.600e-01 1.984e+00
7.700e-01 1.345e+00
7.800e-01 7.653e-01
7.900e-01 1.169e+00
8.000e-01 -1.072e+00
8.100e-01 3.239e-01
8.200e-01 -4.063e-01
8.300e-01 4.032e-02
8.400e-01 -1.718e-02
8.500e-01 1.563e-01
8.600e-01 9.978e-01
8.700e-01 7.513e-01
8.800e-01 1.514e+00
8.900e-01 -1.209e-01
9.000e-01 -4.121e-01
9.100e-01 3.743e-01
9.200e-01 7.797e-01
9.300e-01 8.065e-01
9.400e-01 8.616e-01
9.500e-01 5.131e-01
9.600e-01 3.053e-01
9.700e-01 1.291e+00
9.800e-01 5.111e-01
9.900e-01 2.465e-02
1.000e+00 4.171e-01
1.010e+00 1.010e+00
1.020e+00 1.032e+00
1.030e+00 8.594e-01
1.040e+00 1.183e+00
1.050e+00 1.373e+00
1.060e+00 1.813e+00
1.070e+00 1.744e+00
1.080e+00 1.709e+00
1.090e+00 1.004e+00
1.100e+00 1.297e+00
1.110e+00 4.645e-01
1.120e+00 6.644e-01
1.130e+00 -1.320e-02
1.140e+00 4.869e-01
1.150e+00 6.506e-02
1.160e+00 8.346e-01
1.170e+00 6.442e-01
1.180e+00 5.943e-01
1.190e+00 5.543e-01
1.200e+00 -3.071e-01
1.210e+00 7.903e-01
1.220e+00 3.739e-01
1.230e+00 8.240e-01
1.240e+00 8.979e-01
1.250e+00 1.492e+00
1.260e+00 6.353e-01
1.270e+00 1.089e+00
1.280e+00 8.935e-01
1.290e+00 4.207e-01
1.300e+00 5.501e-01
1.310e+00 8.695e-02
1.320e+00 6.516e-01
1.330e+00 9.425e-01
1.340e+00 1.088e+00
1.350e+00 5.448e-02
1.360e+00 -1.668e-01
1.370e+00 3.684e-01
1.380e+00 4.396e-01
1.390e+00 -1.240e-01
1.400e+00 -5.459e-01
1.410e+00 4.927e-01
1.420e+00 4.434e-01
1.430e+00 8.111e-01
1.440e+00 1.007e+00
1.450e+00 1.146e+00
1.460e+00 -2.795e-01
1.470e+00 2.019e-01
1.480e+00 -2.145e-01
1.490e+00 -2.487e-01
1.500e+00 4.397e-01
1.510e+00 7.493e-01
1.520e+00 4.742e-01
1.530e+00 9.315e-01
1.540e+00 1.341e-01
1.550e+00 1.877e+00
1.560e+00 1.066e+00
1.570e+00 6.401e-01
1.580e+00 -2.488e-01
1.590e+00 -5.315e-02
1.600e+00 -2.269e-01
1.610e+00 7.345e-01
1.620e+00 6.499e-01
1.630e+00 1.156e+00
1.640e+00 5.694e-01
1.650e+00 4.087e-01
1.660e+00 2.205e-01
1.670e+00 7.182e-01
1.680e+00 9.609e-01
1.690e+00 4.327e-01
1.700e+00 1.092e+00
1.710e+00 7.593e-01
1.720e+00 4.989e-01
1.730e+00 2.647e-01
1.740e+00 7.094e-01
1.750e+00 3.315e-01
1.760e+00 -2.521e-02
1.770e+00 4.712e-01
1.780e+00 -2.334e-01
1.790e+00 -1.995e-01
1.800e+00 1.911e+00
1.810e+00 7.133e-01
1.820e+00 1.019e+00
1.830e+00 9.993e-01
1.840e+00 1.084e-01
1.850e+00 7.777e-01
1.860e+00 8.460e-01
1.870e+00 5.184e-01
1.880e+00 1.043e+00
1.890e+00 8.397e-01
1.900e+00 2.898e-01
1.910e+00 9.436e-01
1.920e+00 2.604e-01
1.930e+00 2.073e-01
1.940e+00 4.167e-01
1.950e+00 1.150e+00
1.960e+00 6.348e-01
1.970e+00 6.932e-01
1.980e+00 8.414e-01
1.990e+00 6.449e-01
2.000e+00 4.668e-01
2.010e+00 2.563e-01
2.020e+00 1.681e-01
2.030e+00 1.823e-01
2.040e+00 -2.086e-01
2.050e+00 -1.127e+00
2.060e+00 5.229e-01
2.070e+00 1.910e-02
2.080e+00 6.633e-01
2.090e+00 5.833e-01
2.100e+00 1.698e+00
2.110e+00 4.568e-01
2.120e+00 3.247e-01
2.130e+00 5.996e-01
2.140e+00 2.200e-01
2.150e+00 9.932e-01
2.160e+00 7.043e-01
2.170e+00 5.594e-01
2.180e+00 3.189e-02
2.190e+00 1.064e-01
2.200e+00 1.907e-01
2.210e+00 4.028e-01
2.220e+00 3.913e-01
2.230e+00 2.083e-01
2.240e+00 -4.470e-01
2.250e+00 -8.494e-01
2.260e+00 1.148e-01
2.270e+00 3.020e-01
2.280e+00 2.201e-01
2.290e+00 5.434e-01
2.300e+00 3.231e-01
2.310e+00 7.310e-01
2.320e+00 8.604e-01
2.330e+00 4.868e-01
2.340e+00 4.330e-01
2.350e+00 7.198e-01
2.360e+00 1.217e-01
2.370e+00 4.178e-01
2.380e+00 6.981e-01
2.390e+00 5.398e-01
2.400e+00 5.403e-01
2.410e+00 2.657e-01
2.420e+00 1.786e-01
2.430e+00 1.850e-01
2.440e+00 7.330e-02
2.450e+00 5.496e-01
2.460e+00 1.094e+00
2.470e+00 7.154e-01
2.480e+00 5.079e-01
2.490e+00 4.365e-01
2.500e+00 -3.147e-02
2.510e+00 -8.068e-02
2.520e+00 4.192e-01
2.530e+00 6.903e-01
2.540e+00 3.143e-01
2.550e+00 6.996e-02
2.560e+00 6.072e-01
2.570e+00 6.321e-01
2.580e+00 2.774e-01
2.590e+00 -2.587e-01
2.600e+00 3.123e-01
2.610e+00 6.738e-01
2.620e+00 5.679e-01
2.630e+00 8.420e-01
2.640e+00 6.020e-01
2.650e+00 1.278e+00
2.660e+00 8.475e-01
2.670e+00 5.792e-01
2.680e+00 8.653e-01
2.690e+00 5.250e-01
2.700e+00 4.603e-01
2.710e+00 7.570e-01
2.720e+00 7.832e-01
2.730e+00 6.848e-01
2.740e+00 1.280e+00
2.750e+00 6.838e-01
2.760e+00 3.659e-01
2.770e+00 4.394e-01
2.780e+00 5.951e-01
2.790e+00 -1.446e-01
2.800e+00 -1.967e-01
2.810e+00 6.048e-01
2.820e+00 6.244e-01
2.830e+00 5.939e-01
2.840e+00 4.517e-01
2.850e+00 5.526e-01
2.860e+00 2.422e-01
2.870e+00 1.976e-01
2.880e+00 1.908e-01
2.890e+00 5.852e-01
2.900e+00 3.875e-01
2.910e+00 3.611e-01
2.920e+00 2.277e-01
2.930e+00 3.773e-01
2.940e+00 1.969e-01
2.950e+00 4.726e-01
2.960e+00 2.526e-01
2.970e+00 3.746e-01
2.980e+00 4.892e-01
2.990e+00 7.509e-01
3.000e+00 1.132e+00
3.010e+00 5.005e-01
3.020e+00 4.554e-01
3.030e+00 6.197e-01
3.040e+00 3.429e-01
3.050e+00 7.607e-01
3.060e+00 5.980e-02
3.070e+00 8.648e-02
3.080e+00 4.162e-01
3.090e+00 4.328e-01
3.100e+00 4.298e-01
3.110e+00 2.043e-01
3.120e+00 4.874e-01
3.130e+00 5.824e-01
3.140e+00 4.471e-01
3.150e+00 4.658e-02
3.160e+00 6.696e-02
3.170e+00 3.514e-01
3.180e+00 5.823e-01
3.190e+00 5.267e-01
3.200e+00 6.678e-01
3.210e+00 4.715e-01
3.220e+00 2.183e-01
3.230e+00 4.732e-01
3.240e+00 3.663e-01
3.250e+00 -1.632e-02
3.260e+00 -1.161e-02
3.270e+00 5.157e-01
3.280e+00 2.875e-01
3.290e+00 4.662e-01
3.300e+00 -8.689e-01
3.310e+00 3.192e-02
3.320e+00 2.202e-01
3.330e+00 5.823e-01
3.340e+00 3.013e-01
3.350e+00 4.669e-01
3.360e+00 1.276e-01
3.370e+00 1.446e-01
3.380e+00 -4.854e-02
3.390e+00 6.223e-02
3.400e+00 8.756e-01
3.410e+00 4.128e-01
3.420e+00 3.226e-01
3.430e+00 2.072e-01
3.440e+00 4.091e-01
3.450e+00 -1.269e-01
3.460e+00 9.856e-01
3.470e+00 7.644e-01
3.480e+00 5.578e-01
3.490e+00 7.664e-01
3.500e+00 4.427e-01
3.510e+00 7.859e-02
3.520e+00 2.272e-01
3.530e+00 4.146e-01
3.540e+00 7.037e-01
3.550e+00 8.726e-01
3.560e+00 5.907e-01
3.570e+00 6.915e-01
3.580e+00 7.014e-01
3.590e+00 8.451e-01
3.600e+00 3.862e-02
3.610e+00 1.941e-01
3.620e+00 6.328e-01
3.630e+00 7.040e-01
3.640e+00 2.833e-01
3.650e+00 3.087e-01
3.660e+00 9.329e-01
3.670e+00 6.427e-01
3.680e+00 5.791e-01
3.690e+00 7.749e-01
3.700e+00 6.572e-01
3.710e+00 7.123e-01
3.720e+00 4.919e-01
3.730e+00 6.993e-01
3.740e+00 5.843e-01
3.750e+00 1.083e-01
3.760e+00 6.788e-01
3.770e+00 5.764e-01
3.780e+00 4.540e-01
3.790e+00 2.727e-01
3.800e+00 5.504e-01
3.810e+00 1.490e-01
3.820e+00 8.285e-03
3.830e+00 3.003e-01
3.840e+00 7.239e-02
3.850e+00 2.312e-01
3.860e+00 7.569e-01
3.870e+00 6.984e-01
3.880e+00 6.007e-01
3.890e+00 6.472e-01
3.900e+00 7.949e-01
3.910e+00 7.141e-01
3.920e+00 7.534e-01
3.930e+00 5.006e-01
3.940e+00 3.697e-01
3.950e+00 2.430e-01
3.960e+00 3.206e-01
3.970e+00 4.579e-01
3.980e+00 6.839e-01
3.990e+00 7.248e-01
4.000e+00 7.278e-01
4.010e+00 1.316e-01
4.020e+00 2.679e-01
4.030e+00 3.123e-01
4.040e+00 3.479e-01
4.050e+00 7.848e-01
4.060e+00 2.549e-01
4.070e+00 2.125e-01
4.080e+00 1.377e-01
4.090e+00 -1.447e-02
4.100e+00 -6.402e-02
4.110e+00 6.070e-01
4.120e+00 4.097e-01
4.130e+00 2.756e-01
4.140e+00 1.173e-01
4.150e+00 -2.125e-01
4.160e+00 1.285e-01
4.170e+00 2.740e-01
4.180e+00 4.144e-01
4.190e+00 8.061e-01
4.200e+00 6.218e-01
4.210e+00 2.780e-01
4.220e+00 4.870e-01
4.230e+00 8.440e-01
4.240e+00 6.692e-01
4.250e+00 6.774e-01
4.260e+00 3.095e-01
4.270e+00 2.259e-01
4.280e+00 1.995e-01
4.290e+00 -1.291e-02
4.300e+00 3.312e-02
4.310e+00 6.742e-01
4.320e+00 5.297e-01
4.330e+00 7.243e-02
4.340e+00 2.177e-01
4.350e+00 3.476e-01
4.360e+00 5.595e-01
4.370e+00 7.251e-01
4.380e+00 7.525e-01
4.390e+00 5.997e-01
4.400e+00 8.459e-01
4.410e+00 7.405e-02
4.420e+00 3.036e-01
4.430e+00 3.734e-01
4.440e+00 5.274e-01
4.450e+00 5.123e-01
4.460e+00 7.535e-01
4.470e+00 7.083e-01
4.480e+00 6.074e-01
4.490e+00 6.056e-01
4.500e+00 4.269e-01
4.510e+00 5.812e-01
4.520e+00 4.266e-01
4.530e+00 6.342e-01
4.540e+00 2.633e-01
4.550e+00 1.763e-01
4.560e+00 4.736e-01
4.570e+00 4.852e-01
4.580e+00 5.960e-01
4.590e+00 7.631e-01
4.600e+00 1.150e+00
4.610e+00 4.463e-01
4.620e+00 4.227e-01
4.630e+00 5.326e-01
4.640e+00 5.554e-01
4.650e+00 -2.357e-01
4.660e+00 4.467e-02
4.670e+00 6.267e-02
4.680e+00 -2.058e-02
4.690e+00 2.642e-01
4.700e+00 -5.183e-01
4.710e+00 5.883e-01
4.720e+00 5.583e-01
4.730e+00 6.549e-01
4.740e+00 4.702e-01
4.750e+00 3.863e-01
4.760e+00 4.300e-01
4.770e+00 3.420e-01
4.780e+00 2.009e-01
4.790e+00 5.669e-01
4.800e+00 4.184e-01
4.810e+00 7.077e-01
4.820e+00 4.528e-01
4.830e+00 5.350e-01
4.840e+00 9.166e-01
4.850e+00 4.876e-01
4.860e+00 4.439e-01
4.870e+00 4.231e-01
4.880e+00 3.491e-01
4.890e+00 7.970e-01
4.900e+00 2.506e-01
4.910e+00 2.271e-01
4.920e+00 4.308e-01
4.930e+00 3.014e-01
4.940e+00 1.147e-01
4.950e+00 -7.520e-02
4.960e+00 9.332e-02
4.970e+00 4.929e-01
4.980e+00 5.471e-01
4.990e+00 3.779e-01
-5.000e+00 4.273e-01
-4.990e+00 2.026e-01
-4.980e+00 4.566e-01
-4.970e+00 5.711e-01
-4.960e+00 7.057e-01
-4.950e+00 4.393e-01
-4.940e+00 4.351e-02
-4.930e+00 1.377e-01
-4.920e+00 4.452e-01
-4.910e+00 7.175e-01
-4.900e+00 7.634e-01
-4.890e+00 6.590e-01
-4.880e+00 4.681e-01
-4.870e+00 5.090e-01
-4.860e+00 5.372e-01
-4.850e+00 5.157e-01
-4.840e+00 4.726e-01
-4.830e+00 5.594e-01
-4.820e+00 7.427e-02
-4.810e+00 1.389e-01
-4.800e+00 4.084e-01
-4.790e+00 3.924e-01
-4.780e+00 7.097e-01
-4.770e+00 6.428e-01
-4.760e+00 8.288e-01
-4.750e+00 1.065e+00
-4.740e+00 2.683e-01
-4.730e+00 6.458e-02
-4.720e+00 -2.582e-02
-4.710e+00 3.101e-02
-4.700e+00 2.057e-01
-4.690e+00 4.997e-01
-4.680e+00 3.084e-01
-4.670e+00 6.250e-01
-4.660e+00 -7.677e-02
-4.650e+00 2.057e-01
-4.640e+00 2.784e-01
-4.630e+00 7.987e-01
-4.620e+00 9.673e-01
-4.610e+00 7.090e-01
-4.600e+00 -8.186e-01
-4.590e+00 2.914e-01
-4.580e+00 3.163e-01
-4.570e+00 4.449e-01
-4.560e+00 2.734e-01
-4.550e+00 1.310e-01
-4.540e+00 5.910e-01
-4.530e+00 6.556e-01
-4.520e+00 1.480e-01
-4.510e+00 8.981e-02
-4.500e+00 -2.325e-01
-4.490e+00 5.622e-01
-4.480e+00 4.643e-01
-4.470e+00 5.236e-01
-4.460e+00 5.733e-01
-4.450e+00 1.631e-01
-4.440e+00 -1.881e-01
-4.430e+00 2.902e-01
-4.420e+00 3.965e-01
-4.410e+00 7.725e-01
-4.400e+00 9.982e-01
-4.390e+00 6.703e-01
-4.380e+00 7.489e-01
-4.370e+00 8.754e-01
-4.360e+00 5.276e-01
-4.350e+00 2.724e-01
-4.340e+00 -7.873e-02
-4.330e+00 3.993e-01
-4.320e+00 3.360e-01
-4.310e+00 6.923e-01
-4.300e+00 9.807e-01
-4.290e+00 2.408e-01
-4.280e+00 5.771e-01
-4.270e+00 1.665e-01
-4.260e+00 4.163e-01
-4.250e+00 1.058e+00
-4.240e+00 4.894e-01
-4.230e+00 4.850e-01
-4.220e+00 9.598e-01
-4.210e+00 4.131e-01
-4.200e+00 4.795e-01
-4.190e+00 1.387e-01
-4.180e+00 1.433e-01
-4.170e+00 -8.806e-03
-4.160e+00 2.770e-02
-4.150e+00 -6.047e-02
-4.140e+00 2.671e-01
-4.130e+00 4.046e-01
-4.120e+00 6.625e-01
-4.110e+00 7.378e-01
-4.100e+00 6.900e-01
-4.090e+00 1.834e-01
-4.080e+00 4.802e-01
-4.070e+00 5.651e-01
-4.060e+00 6.831e-01
-4.050e+00 4.396e-01
-4.040e+00 4.944e-01
-4.030e+00 3.555e-01
-4.020e+00 3.323e-01
-4.010e+00 3.465e-01
-4.000e+00 2.861e-01
-3.990e+00 5.450e-01
-3.980e+00 7.254e-01
-3.970e+00 4.663e-01
-3.960e+00 3.104e-01
-3.950e+00 1.323e-01
-3.940e+00 7.884e-02
-3.930e+00 5.950e-01
-3.920e+00 9.364e-01
-3.910e+00 5.756e-01
-3.900e+00 1.417e-01
-3.890e+00 5.818e-01
-3.880e+00 6.359e-01
-3.870e+00 8.663e-01
-3.860e+00 4.095e-01
-3.850e+00 -1.030e+00
-3.840e+00 5.975e-01
-3.830e+00 6.561e-01
-3.820e+00 3.848e-01
-3.810e+00 6.085e-01
-3.800e+00 2.011e-01
-3.790e+00 3.113e-01
-3.780e+00 3.350e-01
-3.770e+00 3.026e-01
-3.760e+00 5.748e-02
-3.750e+00 4.162e-01
-3.740e+00 1.289e+00
-3.730e+00 8.920e-01
-3.720e+00 4.754e-01
-3.710e+00 3.880e-01
-3.700e+00 1.004e+00
-3.690e+00 6.735e-01
-3.680e+00 6.541e-01
-3.670e+00 6.617e-01
-3.660e+00 5.470e-01
-3.650e+00 6.446e-01
-3.640e+00 6.269e-01
-3.630e+00 4.518e-01
-3.620e+00 4.652e-01
-3.610e+00 3.804e-01
-3.600e+00 5.727e-02
-3.590e+00 2.408e-01
-3.580e+00 5.599e-01
-3.570e+00 3.703e-01
-3.560e+00 8.737e-01
-3.550e+00 1.038e+00
-3.540e+00 3.380e-01
-3.530e+00 5.995e-01
-3.520e+00 6.664e-01
-3.510e+00 4.363e-01
-3.500e+00 -6.957e-01
-3.490e+00 3.140e-01
-3.480e+00 2.642e-01
-3.470e+00 1.858e-01
-3.460e+00 2.725e-03
-3.450e+00 -1.219e-01
-3.440e+00 1.917e-01
-3.430e+00 2.933e-01
-3.420e+00 4.750e-01
-3.410e+00 7.467e-01
-3.400e+00 1.404e+00
-3.390e+00 2.443e-01
-3.380e+00 2.366e-01
-3.370e+00 6.930e-02
-3.360e+00 7.624e-01
-3.350e+00 -1.388e-01
-3.340e+00 1.673e-01
-3.330e+00 2.968e-01
-3.320e+00 -2.417e-02
-3.310e+00 4.135e-01
-3.300e+00 9.543e-01
-3.290e+00 7.964e-01
-3.280e+00 7.479e-01
-3.270e+00 7.223e-01
-3.260e+00 3.945e-01
-3.250e+00 1.058e+00
-3.240e+00 9.628e-01
-3.230e+00 1.024e+00
-3.220e+00 1.097e+00
-3.210e+00 1.245e+00
-3.200e+00 1.092e+00
-3.190e+00 2.574e-01
-3.180e+00 1.046e-01
-3.170e+00 1.326e-01
-3.160e+00 -8.015e-04
-3.150e+00 1.654e-01
-3.140e+00 3.728e-01
-3.130e+00 3.160e-01
-3.120e+00 2.711e-01
-3.110e+00 4.861e-01
-3.100e+00 -2.325e-01
-3.090e+00 7.793e-01
-3.080e+00 6.144e-01
-3.070e+00 3.123e-01
-3.060e+00 2.909e-01
-3.050e+00 2.757e-01
-3.040e+00 -3.315e-02
-3.030e+00 5.862e-02
-3.020e+00 -6.276e-02
-3.010e+00 3.275e-01
-3.000e+00 1.156e-01
-2.990e+00 1.257e-01
-2.980e+00 3.745e-01
-2.970e+00 2.873e-01
-2.960e+00 4.619e-01
-2.950e+00 6.606e-01
-2.940e+00 5.033e-01
-2.930e+00 2.067e-01
-2.920e+00 7.324e-02
-2.910e+00 3.235e-01
-2.900e+00 2.340e-01
-2.890e+00 5.522e-01
-2.880e+00 5.745e-01
-2.870e+00 6.676e-01
-2.860e+00 9.042e-02
-2.850e+00 6.437e-01
-2.840e+00 9.636e-01
-2.830e+00 6.266e-01
-2.820e+00 6.514e-01
-2.810e+00 7.442e-01
-2.800e+00 2.612e-01
-2.790e+00 -1.190e-01
-2.780e+00 -1.496e-01
-2.770e+00 -5.068e-02
-2.760e+00 1.526e-01
-2.750e+00 3.886e-01
-2.740e+00 5.936e-01
-2.730e+00 4.165e-01
-2.720e+00 6.361e-01
-2.710e+00 2.599e-01
-2.700e+00 4.087e-01
-2.690e+00 9.545e-01
-2.680e+00 9.536e-01
-2.670e+00 9.305e-01
-2.660e+00 3.259e-01
-2.650e+00 -6.115e-02
-2.640e+00 5.123e-01
-2.630e+00 6.885e-01
-2.620e+00 8.168e-01
-2.610e+00 1.354e+00
-2.600e+00 6.477e-01
-2.590e+00 5.693e-01
-2.580e+00 8.165e-01
-2.570e+00 9.544e-01
-2.560e+00 6.194e-01
-2.550e+00 9.933e-01
-2.540e+00 4.030e-01
-2.530e+00 7.272e-01
-2.520e+00 6.859e-01
-2.510e+00 2.756e-01
-2.500e+00 2.630e-01
-2.490e+00 1.349e-01
-2.480e+00 3.185e-01
-2.470e+00 4.215e-01
-2.460e+00 2.026e-01
-2.450e+00 5.434e-01
-2.440e+00 3.452e-01
-2.430e+00 4.137e-01
-2.420e+00 2.672e-01
-2.410e+00 8.536e-01
-2.400e+00 2.030e-01
-2.390e+00 5.501e-01
-2.380e+00 6.457e-01
-2.370e+00 4.293e-01
-2.360e+00 8.435e-01
-2.350e+00 1.181e+00
-2.340e+00 2.351e-01
-2.330e+00 3.849e-01
-2.320e+00 3.961e-01
-2.310e+00 -6.501e-02
-2.300e+00 3.638e-01
-2.290e+00 -3.930e-01
-2.280e+00 -1.539e-01
-2.270e+00 2.275e-01
-2.260e+00 -1.792e-01
-2.250e+00 8.260e-01
-2.240e+00 9.292e-02
-2.230e+00 2.512e-01
-2.220e+00 4.825e-01
-2.210e+00 7.582e-01
-2.200e+00 7.269e-01
-2.190e+00 9.183e-01
-2.180e+00 8.996e-01
-2.170e+00 6.363e-01
-2.160e+00 5.350e-01
-2.150e+00 1.685e-01
-2.140e+00 6.813e-02
-2.130e+00 3.300e-01
-2.120e+00 1.037e-01
-2.110e+00 -1.964e-01
-2.100e+00 3.847e-01
-2.090e+00 3.946e-01
-2.080e+00 5.081e-02
-2.070e+00 8.807e-02
-2.060e+00 -2.616e-01
-2.050e+00 1.246e-01
-2.040e+00 2.071e-01
-2.030e+00 1.231e-01
-2.020e+00 3.452e-01
-2.010e+00 6.747e-01
-2.000e+00 8.642e-01
-1.990e+00 4.685e-01
-1.980e+00 5.481e-01
-1.970e+00 8.639e-01
-1.960e+00 6.263e-01
-1.950e+00 4.788e-01
-1.940e+00 2.803e-02
-1.930e+00 4.727e-01
-1.920e+00 4.045e-01
-1.910e+00 1.535e+00
-1.900e+00 1.040e+00
-1.890e+00 6.277e-01
-1.880e+00 4.309e-01
-1.870e+00 8.095e-01
-1.860e+00 8.352e-01
-1.850e+00 1.046e+00
-1.840e+00 4.487e-01
-1.830e+00 8.709e-02
-1.820e+00 1.026e+00
-1.810e+00 2.718e-01
-1.800e+00 -7.538e-01
-1.790e+00 4.557e-01
-1.780e+00 1.899e-01
-1.770e+00 5.504e-01
-1.760e+00 9.146e-02
-1.750e+00 1.597e+00
-1.740e+00 -4.091e-02
-1.730e+00 5.414e-01
-1.720e+00 1.001e+00
-1.710e+00 1.184e+00
-1.700e+00 4.476e-01
-1.690e+00 4.181e-01
-1.680e+00 -1.712e-02
-1.670e+00 6.397e-01
-1.660e+00 4.017e-01
-1.650e+00 2.099e+00
-1.640e+00 1.431e-01
-1.630e+00 5.073e-01
-1.620e+00 1.171e+00
-1.610e+00 5.441e-01
-1.600e+00 2.616e-01
-1.590e+00 6.908e-01
-1.580e+00 6.658e-01
-1.570e+00 -3.196e-01
-1.560e+00 1.802e-02
-1.550e+00 -2.749e-01
-1.540e+00 1.424e-01
-1.530e+00 3.814e-02
-1.520e+00 4.612e-01
-1.510e+00 3.926e-01
-1.500e+00 -8.643e-01
-1.490e+00 6.449e-01
-1.480e+00 5.402e-01
-1.470e+00 5.319e-01
-1.460e+00 8.514e-01
-1.450e+00 -1.621e-01
-1.440e+00 -1.974e-01
-1.430e+00 1.081e-02
-1.420e+00 3.106e-01
-1.410e+00 5.219e-01
-1.400e+00 1.752e+00
-1.390e+00 5.764e-01
-1.380e+00 9.048e-01
-1.370e+00 1.751e-01
-1.360e+00 4.665e-01
-1.350e+00 9.469e-01
-1.340e+00 2.208e-01
-1.330e+00 -6.448e-03
-1.320e+00 4.667e-01
-1.310e+00 -2.504e-01
-1.300e+00 1.237e-01
-1.290e+00 -5.346e-02
-1.280e+00 3.897e-01
-1.270e+00 5.855e-01
-1.260e+00 -5.323e-02
-1.250e+00 -3.415e-01
-1.240e+00 -2.561e-01
-1.230e+00 3.469e-01
-1.220e+00 6.509e-01
-1.210e+00 3.545e-01
-1.200e+00 9.627e-01
-1.190e+00 3.521e-01
-1.180e+00 2.239e-01
-1.170e+00 1.153e-01
-1.160e+00 -3.097e-01
-1.150e+00 -1.783e+00
-1.140e+00 1.395e+00
-1.130e+00 3.775e-01
-1.120e+00 1.129e-01
-1.110e+00 -2.857e-02
-1.100e+00 8.026e-01
-1.090e+00 1.537e+00
-1.080e+00 1.375e+00
-1.070e+00 1.849e+00
-1.060e+00 2.063e+00
-1.050e+00 -1.305e-01
-1.040e+00 -1.285e-01
-1.030e+00 2.855e-01
-1.020e+00 -9.380e-02
-1.010e+00 -4.972e-01
-1.000e+00 6.019e-01
-9.900e-01 6.816e-01
-9.800e-01 5.337e-01
-9.700e-01 1.855e-01
-9.600e-01 1.232e+00
-9.500e-01 8.684e-01
-9.400e-01 1.389e+00
-9.300e-01 9.098e-01
-9.200e-01 3.085e-01
-9.100e-01 4.755e-01
-9.000e-01 6.694e-01
-8.900e-01 6.877e-01
-8.800e-01 6.790e-01
-8.700e-01 1.473e+00
-8.600e-01 1.901e-01
-8.500e-01 -1.852e-01
-8.400e-01 7.408e-01
-8.300e-01 1.263e+00
-8.200e-01 1.109e-01
-8.100e-01 6.885e-01
-8.000e-01 1.172e+00
-7.900e-01 -6.430e-01
-7.800e-01 8.637e-01
-7.700e-01 1.059e+00
-7.600e-01 7.887e-01
-7.500e-01 -1.515e-01
-7.400e-01 4.144e-01
-7.300e-01 9.712e-01
-7.200e-01 1.024e+00
-7.100e-01 1.672e+00
-7.000e-01 2.057e+00
-6.900e-01 1.269e-01
-6.800e-01 7.482e-02
-6.700e-01 -1.960e-01
-6.600e-01 -1.913e-01
-6.500e-01 1.082e-01
-6.400e-01 5.351e-01
-6.300e-01 5.119e-01
-6.200e-01 7.311e-01
-6.100e-01 -4.121e-01
-6.000e-01 1.630e+00
-5.900e-01 1.117e+00
-5.800e-01 1.763e-02
-5.700e-01 7.289e-01
-5.600e-01 3.903e-01
-5.500e-01 1.515e+00
-5.400e-01 1.163e+00
-5.300e-01 4.634e-01
-5.200e-01 7.297e-01
-5.100e-01 4.181e-01
-5.000e-01 -2.788e-01
-4.900e-01 1.552e+00
-4.800e-01 -4.665e-02
-4.700e-01 -3.416e-01
-4.600e-01 8.345e-01
-4.500e-01 -2.633e-02
-4.400e-01 2.989e-01
-4.300e-01 1.181e-01
-4.200e-01 1.170e+00
-4.100e-01 7.691e-01
-4.000e-01 1.519e+00
-3.900e-01 1.261e+00
-3.800e-01 4.578e-01
-3.700e-01 -3.934e-02
-3.600e-01 3.223e-01
-3.500e-01 2.054e+00
-3.400e-01 2.911e-01
-3.300e-01 4.088e-01
-3.200e-01 2.767e-01
-3.100e-01 6.522e-01
-3.000e-01 -1.417e-02
-2.900e-01 6.144e-01
-2.800e-01 9.424e-01
-2.700e-01 5.897e-01
-2.600e-01 1.339e+00
-2.500e-01 -9.645e-01
-2.400e-01 1.638e+00
-2.300e-01 8.272e-01
-2.200e-01 1.707e+00
-2.100e-01 8.800e-01
-2.000e-01 -3.652e-01
-1.900e-01 1.359e+00
-1.800e-01 -3.117e-01
-1.700e-01 1.043e+00
-1.600e-01 -1.142e+00
-1.500e-01 1.677e-01
-1.400e-01 2.247e+00
-1.300e-01 3.028e+00
-1.200e-01 2.744e+00
-1.100e-01 4.710e+00
-1.000e-01 2.721e+00
-9.000e-02 -4.657e-01
-8.000e-02 1.089e-01
-7.000e-02 1.103e+00
-6.000e-02 9.280e+00
-5.000e-02 1.148e+01
-4.000e-02 2.838e+00
-3.000e-02 7.450e+00
-2.000e-02 1.745e+01
-1.000e-02 5.378e+01
