# Time (ps)      real(F_1)      im(F_1)
0.000e+00 1.000e+00 0.000e+00
1.000e-01 8.533e-01 1.806e-02
2.000e-01 8.132e-01 -7.449e-03
3.000e-01 7.954e-01 -1.005e-02
4.000e-01 7.998e-01 -1.940e-02
5.000e-01 7.869e-01 -2.837e-02
6.000e-01 7.608e-01 -2.890e-02
7.000e-01 7.626e-01 -3.143e-02
8.000e-01 7.368e-01 -4.818e-02
9.000e-01 7.637e-01 -5.231e-02
1.000e+00 7.713e-01 -2.273e-02
1.100e+00 7.566e-01 -2.091e-02
1.200e+00 7.811e-01 -4.284e-02
1.300e+00 7.580e-01 -4.892e-02
1.400e+00 7.061e-01 -5.002e-02
1.500e+00 6.775e-01 -2.161e-02
1.600e+00 7.276e-01 -5.000e-02
1.700e+00 6.937e-01 -7.270e-02
1.800e+00 6.722e-01 -6.485e-02
1.900e+00 6.650e-01 -7.627e-02
2.000e+00 6.761e-01 -4.762e-02
2.100e+00 6.193e-01 -3.498e-02
2.200e+00 6.106e-01 -3.191e-02
2.300e+00 6.136e-01 -3.233e-02
2.400e+00 6.312e-01 -4.690e-02
2.500e+00 6.215e-01 -6.512e-02
2.600e+00 5.926e-01 -5.329e-02
2.700e+00 6.187e-01 -5.864e-02
2.800e+00 5.747e-01 -7.124e-02
2.900e+00 5.817e-01 -5.812e-02
3.000e+00 5.795e-01 -5.976e-02
3.100e+00 6.154e-01 -6.580e-02
3.200e+00 6.099e-01 -6.288e-02
3.300e+00 6.032e-01 -4.710e-02
3.400e+00 6.181e-01 -7.863e-02
3.500e+00 5.889e-01 -7.776e-02
3.600e+00 6.387e-01 -7.846e-02
3.700e+00 5.954e-01 -6.700e-02
3.800e+00 5.627e-01 -6.240e-02
3.900e+00 5.804e-01 -6.337e-02
4.000e+00 5.414e-01 -5.490e-02
4.100e+00 5.530e-01 -2.349e-02
4.200e+00 5.417e-01 -4.748e-02
4.300e+00 5.437e-01 -4.902e-02
4.400e+00 5.174e-01 -5.804e-02
4.500e+00 5.141e-01 -7.153e-02
4.600e+00 5.115e-01 -4.604e-02
4.700e+00 4.930e-01 -2.869e-02
4.800e+00 4.770e-01 -2.640e-02
4.900e+00 4.775e-01 -3.391e-02
5.000e+00 4.840e-01 -3.925e-02
5.100e+00 5.001e-01 -4.640e-02
5.200e+00 5.023e-01 -4.375e-02
5.300e+00 4.933e-01 -3.839e-02
5.400e+00 4.667e-01 -3.628e-02
5.500e+00 4.464e-01 -2.884e-02
5.600e+00 4.451e-01 -3.239e-02
5.700e+00 4.683e-01 -4.537e-02
5.800e+00 4.578e-01 -4.112e-02
5.900e+00 4.393e-01 -4.489e-02
6.000e+00 4.292e-01 -5.264e-02
6.100e+00 4.150e-01 -5.049e-02
6.200e+00 4.357e-01 -4.101e-02
6.300e+00 4.115e-01 -3.630e-02
6.400e+00 3.999e-01 -4.374e-02
6.500e+00 3.921e-01 -5.074e-02
6.600e+00 4.013e-01 -4.619e-02
6.700e+00 4.542e-01 -8.135e-02
6.800e+00 4.038e-01 -4.420e-02
6.900e+00 3.881e-01 -2.432e-02
7.000e+00 3.732e-01 -4.551e-02
7.100e+00 3.995e-01 -7.074e-02
7.200e+00 4.117e-01 -5.743e-02
7.300e+00 4.026e-01 -4.188e-02
7.400e+00 4.145e-01 -2.637e-02
7.500e+00 4.207e-01 -5.185e-02
7.600e+00 4.249e-01 -3.394e-02
7.700e+00 4.049e-01 -5.528e-02
7.800e+00 3.839e-01 -5.580e-02
7.900e+00 3.974e-01 -5.698e-02
8.000e+00 3.995e-01 -5.098e-02
8.100e+00 4.165e-01 -3.356e-02
8.200e+00 4.038e-01 -4.713e-02
8.300e+00 4.167e-01 -4.972e-02
8.400e+00 4.089e-01 -4.014e-02
8.500e+00 3.886e-01 -4.441e-02
8.600e+00 4.175e-01 -5.290e-02
8.700e+00 4.315e-01 -5.339e-02
8.800e+00 4.262e-01 -4.700e-02
8.900e+00 4.233e-01 -5.937e-02
9.000e+00 4.290e-01 -4.608e-02
9.100e+00 4.018e-01 -4.756e-02
9.200e+00 4.109e-01 -5.779e-02
9.300e+00 4.158e-01 -4.439e-02
9.400e+00 3.721e-01 -4.890e-02
9.500e+00 3.855e-01 -5.294e-02
9.600e+00 3.884e-01 -6.012e-02
9.700e+00 3.557e-01 -5.123e-02
9.800e+00 3.542e-01 -5.317e-02
9.900e+00 3.457e-01 -5.855e-02
1.000e+01 3.591e-01 -3.434e-02
1.010e+01 3.630e-01 -2.655e-02
1.020e+01 3.598e-01 -5.876e-02
1.030e+01 3.545e-01 -5.374e-02
1.040e+01 3.584e-01 -3.695e-02
1.050e+01 3.657e-01 -3.618e-02
1.060e+01 3.343e-01 -1.308e-02
1.070e+01 3.395e-01 -2.633e-02
1.080e+01 3.310e-01 -4.259e-02
1.090e+01 3.510e-01 -3.036e-02
1.100e+01 3.500e-01 -2.795e-02
1.110e+01 3.605e-01 -2.108e-02
1.120e+01 3.525e-01 -3.123e-02
1.130e+01 3.473e-01 -4.293e-02
1.140e+01 3.304e-01 -4.978e-02
1.150e+01 3.436e-01 -4.831e-02
1.160e+01 3.264e-01 -6.238e-02
1.170e+01 3.275e-01 -5.785e-02
1.180e+01 3.186e-01 -3.515e-02
1.190e+01 3.128e-01 -3.635e-02
1.200e+01 3.142e-01 -3.674e-02
1.210e+01 3.089e-01 -1.699e-02
1.220e+01 3.012e-01 1.005e-02
1.230e+01 2.838e-01 8.204e-04
1.240e+01 2.985e-01 -1.123e-02
1.250e+01 2.940e-01 -2.561e-02
1.260e+01 2.938e-01 -3.432e-02
1.270e+01 2.892e-01 -3.854e-02
1.280e+01 2.791e-01 -3.820e-02
1.290e+01 2.756e-01 -4.262e-02
1.300e+01 2.689e-01 -2.769e-02
1.310e+01 2.710e-01 -2.137e-02
1.320e+01 2.723e-01 -3.669e-02
1.330e+01 2.514e-01 -3.027e-02
1.340e+01 2.703e-01 -3.346e-02
1.350e+01 2.714e-01 -3.006e-02
1.360e+01 2.806e-01 -2.145e-02
1.370e+01 2.797e-01 -2.693e-02
1.380e+01 2.687e-01 5.243e-03
1.390e+01 2.754e-01 -8.779e-03
1.400e+01 2.713e-01 -1.330e-03
1.410e+01 2.630e-01 -1.348e-03
1.420e+01 2.466e-01 -3.421e-02
1.430e+01 2.356e-01 -2.194e-02
1.440e+01 2.246e-01 -2.927e-02
1.450e+01 2.365e-01 -2.074e-02
1.460e+01 2.292e-01 -3.037e-02
1.470e+01 2.184e-01 -1.634e-02
1.480e+01 2.227e-01 -1.309e-02
1.490e+01 2.316e-01 -1.349e-02
1.500e+01 2.144e-01 -1.247e-02
1.510e+01 2.382e-01 -2.044e-02
1.520e+01 2.463e-01 -3.080e-02
1.530e+01 2.094e-01 -1.314e-02
1.540e+01 2.243e-01 -2.704e-03
1.550e+01 2.488e-01 8.508e-04
1.560e+01 2.280e-01 5.854e-03
1.570e+01 2.310e-01 1.021e-02
1.580e+01 2.267e-01 1.043e-02
1.590e+01 2.260e-01 4.548e-03
1.600e+01 2.126e-01 1.375e-02
1.610e+01 2.129e-01 2.299e-02
1.620e+01 2.130e-01 1.372e-02
1.630e+01 2.097e-01 2.392e-02
1.640e+01 2.241e-01 2.379e-02
1.650e+01 2.156e-01 4.040e-03
1.660e+01 2.226e-01 7.911e-03
1.670e+01 2.330e-01 1.582e-02
1.680e+01 2.171e-01 1.828e-02
1.690e+01 2.053e-01 7.942e-03
1.700e+01 2.107e-01 1.677e-02
1.710e+01 2.028e-01 9.873e-03
1.720e+01 2.136e-01 1.314e-02
1.730e+01 2.160e-01 2.803e-03
1.740e+01 2.285e-01 9.913e-03
1.750e+01 2.140e-01 1.164e-02
1.760e+01 2.229e-01 9.319e-03
1.770e+01 2.310e-01 2.278e-03
1.780e+01 2.135e-01 7.183e-03
1.790e+01 2.281e-01 4.459e-03
1.800e+01 2.237e-01 5.304e-03
1.810e+01 2.301e-01 -3.432e-03
1.820e+01 2.343e-01 1.284e-02
1.830e+01 2.433e-01 1.419e-02
1.840e+01 2.288e-01 1.716e-02
1.850e+01 2.345e-01 -5.182e-03
1.860e+01 2.180e-01 1.128e-02
1.870e+01 2.315e-01 7.130e-03
1.880e+01 2.245e-01 5.167e-03
1.890e+01 2.387e-01 2.233e-03
1.900e+01 2.243e-01 6.117e-03
1.910e+01 2.332e-01 -2.706e-04
1.920e+01 2.278e-01 9.476e-03
1.930e+01 2.325e-01 2.697e-02
1.940e+01 2.221e-01 2.367e-02
1.950e+01 2.081e-01 2.146e-02
1.960e+01 2.152e-01 3.444e-02
1.970e+01 2.326e-01 3.639e-02
1.980e+01 2.175e-01 2.363e-02
1.990e+01 2.067e-01 1.727e-02
2.000e+01 2.115e-01 1.994e-02
2.010e+01 2.059e-01 1.748e-02
2.020e+01 2.036e-01 2.135e-02
2.030e+01 1.905e-01 2.038e-02
2.040e+01 2.171e-01 5.940e-03
2.050e+01 1.861e-01 -3.869e-03
2.060e+01 1.877e-01 -1.696e-02
2.070e+01 2.029e-01 -1.709e-02
2.080e+01 2.019e-01 -6.147e-03
2.090e+01 2.083e-01 -6.378e-03
2.100e+01 2.062e-01 -4.586e-03
2.110e+01 1.987e-01 -5.684e-03
2.120e+01 1.973e-01 -3.635e-03
2.130e+01 1.950e-01 8.007e-03
2.140e+01 2.034e-01 9.938e-04
2.150e+01 1.926e-01 3.124e-03
2.160e+01 2.137e-01 -1.505e-03
2.170e+01 1.986e-01 -1.967e-02
2.180e+01 1.811e-01 1.818e-03
2.190e+01 1.765e-01 7.866e-03
2.200e+01 1.828e-01 7.699e-03
2.210e+01 1.785e-01 2.986e-03
2.220e+01 1.790e-01 -5.783e-03
2.230e+01 1.793e-01 6.701e-03
2.240e+01 1.792e-01 1.411e-02
2.250e+01 1.852e-01 6.556e-03
2.260e+01 1.717e-01 -1.269e-03
2.270e+01 1.739e-01 1.603e-03
2.280e+01 1.722e-01 -9.625e-03
2.290e+01 1.724e-01 -5.537e-03
2.300e+01 1.712e-01 -1.053e-03
2.310e+01 1.749e-01 2.092e-03
2.320e+01 1.789e-01 -2.404e-02
2.330e+01 1.857e-01 -1.225e-02
2.340e+01 1.856e-01 -8.120e-03
2.350e+01 1.839e-01 -7.177e-03
2.360e+01 1.891e-01 -1.757e-02
2.370e+01 1.702e-01 -1.072e-02
2.380e+01 1.726e-01 -2.568e-02
2.390e+01 1.805e-01 -1.496e-02
2.400e+01 1.650e-01 4.219e-03
2.410e+01 1.577e-01 3.275e-03
2.420e+01 1.588e-01 -1.249e-02
2.430e+01 1.659e-01 4.180e-03
2.440e+01 1.672e-01 -2.506e-03
2.450e+01 1.713e-01 -2.573e-03
2.460e+01 1.735e-01 -5.303e-04
2.470e+01 1.744e-01 -7.904e-03
2.480e+01 1.626e-01 -1.439e-02
2.490e+01 1.677e-01 -8.823e-03
2.500e+01 1.675e-01 -1.757e-02
2.510e+01 1.675e-01 -1.705e-02
2.520e+01 1.676e-01 -1.930e-02
2.530e+01 1.749e-01 -1.067e-02
2.540e+01 1.727e-01 -1.485e-02
2.550e+01 1.745e-01 1.526e-04
2.560e+01 1.857e-01 3.349e-04
2.570e+01 1.785e-01 3.874e-04
2.580e+01 1.734e-01 -1.404e-03
2.590e+01 1.728e-01 -9.625e-03
2.600e+01 1.827e-01 -2.862e-03
2.610e+01 1.551e-01 -1.295e-03
2.620e+01 1.611e-01 -3.592e-03
2.630e+01 1.584e-01 9.078e-03
2.640e+01 1.577e-01 1.132e-02
2.650e+01 1.560e-01 3.062e-03
2.660e+01 1.449e-01 -1.127e-03
2.670e+01 1.636e-01 8.800e-03
2.680e+01 1.578e-01 -6.421e-03
2.690e+01 1.495e-01 -8.672e-03
2.700e+01 1.500e-01 4.835e-03
2.710e+01 1.615e-01 -1.354e-02
2.720e+01 1.571e-01 9.716e-03
2.730e+01 1.539e-01 -6.775e-03
2.740e+01 1.616e-01 -7.118e-03
2.750e+01 1.664e-01 -1.394e-02
2.760e+01 1.557e-01 -1.962e-02
2.770e+01 1.617e-01 -3.057e-02
2.780e+01 1.579e-01 -2.875e-02
2.790e+01 1.639e-01 -1.513e-02
2.800e+01 1.761e-01 -1.736e-02
2.810e+01 1.727e-01 -8.804e-03
2.820e+01 1.601e-01 -1.778e-02
2.830e+01 1.469e-01 -1.055e-02
2.840e+01 1.396e-01 -1.439e-02
2.850e+01 1.340e-01 -1.269e-02
2.860e+01 1.469e-01 -1.391e-02
2.870e+01 1.523e-01 -2.529e-02
2.880e+01 1.565e-01 -1.783e-02
2.890e+01 1.522e-01 -1.816e-02
2.900e+01 1.692e-01 -1.274e-02
2.910e+01 1.526e-01 -1.052e-02
2.920e+01 1.657e-01 -1.648e-02
2.930e+01 1.577e-01 -1.592e-02
2.940e+01 1.481e-01 -1.688e-02
2.950e+01 1.467e-01 -2.170e-02
2.960e+01 1.492e-01 -1.767e-02
2.970e+01 1.413e-01 -6.735e-03
2.980e+01 1.325e-01 3.559e-03
2.990e+01 1.285e-01 6.034e-03
3.000e+01 1.279e-01 -3.270e-03
3.010e+01 1.279e-01 2.464e-03
3.020e+01 1.287e-01 1.339e-03
3.030e+01 1.287e-01 9.847e-04
3.040e+01 1.318e-01 5.589e-03
3.050e+01 1.339e-01 2.230e-03
3.060e+01 1.422e-01 3.853e-03
3.070e+01 1.433e-01 -9.584e-03
3.080e+01 1.509e-01 -1.999e-03
3.090e+01 1.495e-01 -5.887e-03
3.100e+01 1.402e-01 1.130e-02
3.110e+01 1.261e-01 1.529e-02
3.120e+01 1.308e-01 2.311e-02
3.130e+01 1.313e-01 1.605e-02
3.140e+01 1.350e-01 1.206e-02
3.150e+01 1.366e-01 1.187e-02
3.160e+01 1.374e-01 9.349e-03
3.170e+01 1.404e-01 -1.990e-03
3.180e+01 1.417e-01 -1.952e-03
3.190e+01 1.284e-01 1.024e-02
3.200e+01 1.282e-01 9.591e-03
3.210e+01 1.222e-01 -5.304e-04
3.220e+01 1.259e-01 3.767e-03
3.230e+01 1.232e-01 2.304e-03
3.240e+01 1.265e-01 3.503e-04
3.250e+01 1.286e-01 -3.188e-03
3.260e+01 1.341e-01 -1.584e-02
3.270e+01 1.235e-01 -1.751e-03
3.280e+01 1.194e-01 -2.017e-03
3.290e+01 1.223e-01 -2.641e-06
3.300e+01 1.253e-01 4.475e-03
3.310e+01 1.310e-01 -1.121e-02
3.320e+01 1.285e-01 -1.068e-02
3.330e+01 1.346e-01 -2.155e-02
3.340e+01 1.340e-01 -2.127e-02
3.350e+01 1.268e-01 -1.850e-02
3.360e+01 1.235e-01 -5.023e-03
3.370e+01 1.313e-01 -9.908e-03
3.380e+01 1.289e-01 2.264e-03
3.390e+01 1.254e-01 4.133e-03
3.400e+01 1.193e-01 1.411e-02
3.410e+01 1.267e-01 1.680e-02
3.420e+01 1.115e-01 1.052e-02
3.430e+01 1.140e-01 1.523e-02
3.440e+01 1.124e-01 1.077e-02
3.450e+01 1.233e-01 1.140e-02
3.460e+01 1.205e-01 8.375e-03
3.470e+01 1.141e-01 1.520e-02
3.480e+01 1.124e-01 1.349e-02
3.490e+01 1.193e-01 1.309e-02
3.500e+01 1.093e-01 2.149e-02
3.510e+01 1.246e-01 1.430e-02
3.520e+01 1.315e-01 1.395e-02
3.530e+01 1.211e-01 1.952e-02
3.540e+01 1.530e-01 1.222e-03
3.550e+01 1.416e-01 6.511e-04
3.560e+01 1.384e-01 1.100e-02
3.570e+01 1.284e-01 9.890e-03
3.580e+01 1.365e-01 8.830e-03
3.590e+01 1.474e-01 1.139e-02
3.600e+01 1.322e-01 3.359e-03
3.610e+01 1.254e-01 9.362e-03
3.620e+01 1.233e-01 8.380e-03
3.630e+01 1.276e-01 2.071e-02
3.640e+01 1.226e-01 9.892e-03
3.650e+01 1.299e-01 1.932e-03
3.660e+01 1.361e-01 7.897e-04
3.670e+01 1.303e-01 1.039e-02
3.680e+01 1.427e-01 1.896e-02
3.690e+01 1.419e-01 9.773e-03
3.700e+01 1.562e-01 1.084e-02
3.710e+01 1.358e-01 1.954e-02
3.720e+01 1.285e-01 1.592e-02
3.730e+01 1.179e-01 1.688e-02
3.740e+01 1.251e-01 1.532e-02
3.750e+01 1.205e-01 1.966e-02
3.760e+01 1.312e-01 9.940e-03
3.770e+01 1.208e-01 4.405e-03
3.780e+01 1.160e-01 1.233e-02
3.790e+01 1.190e-01 1.552e-02
3.800e+01 1.267e-01 2.180e-02
3.810e+01 1.280e-01 1.784e-02
3.820e+01 1.366e-01 1.932e-02
3.830e+01 1.469e-01 1.358e-02
3.840e+01 1.478e-01 2.240e-02
3.850e+01 1.436e-01 1.776e-02
3.860e+01 1.422e-01 2.670e-02
3.870e+01 1.349e-01 3.166e-02
3.880e+01 1.325e-01 2.237e-02
3.890e+01 1.391e-01 2.301e-02
3.900e+01 1.453e-01 3.105e-02
3.910e+01 1.443e-01 2.069e-02
3.920e+01 1.397e-01 2.180e-02
3.930e+01 1.318e-01 2.938e-02
3.940e+01 1.334e-01 3.697e-02
3.950e+01 1.304e-01 2.659e-02
3.960e+01 1.252e-01 2.989e-02
3.970e+01 1.353e-01 2.147e-02
3.980e+01 1.269e-01 1.743e-02
3.990e+01 1.209e-01 1.970e-02
4.000e+01 1.259e-01 2.118e-02
4.010e+01 1.298e-01 2.149e-02
4.020e+01 1.170e-01 2.281e-02
4.030e+01 1.150e-01 3.616e-02
4.040e+01 1.195e-01 2.792e-02
4.050e+01 1.128e-01 2.453e-02
4.060e+01 1.135e-01 1.960e-02
4.070e+01 1.175e-01 2.313e-02
4.080e+01 1.233e-01 3.720e-02
4.090e+01 1.193e-01 3.438e-02
4.100e+01 1.214e-01 2.778e-02
4.110e+01 1.214e-01 1.403e-02
4.120e+01 1.272e-01 1.179e-02
4.130e+01 1.283e-01 1.540e-02
4.140e+01 1.311e-01 3.015e-02
4.150e+01 1.245e-01 1.536e-02
4.160e+01 1.167e-01 2.087e-02
4.170e+01 1.172e-01 1.015e-02
4.180e+01 1.217e-01 1.901e-02
4.190e+01 1.169e-01 1.195e-02
4.200e+01 1.164e-01 7.680e-03
4.210e+01 1.069e-01 4.038e-03
4.220e+01 1.031e-01 4.139e-03
4.230e+01 1.014e-01 8.388e-05
4.240e+01 1.077e-01 -3.062e-03
4.250e+01 1.054e-01 -1.468e-03
4.260e+01 1.132e-01 -1.916e-03
4.270e+01 1.088e-01 8.280e-03
4.280e+01 1.044e-01 3.707e-03
4.290e+01 1.033e-01 -3.848e-05
4.300e+01 1.074e-01 4.088e-03
4.310e+01 1.069e-01 -3.105e-03
4.320e+01 9.798e-02 -5.791e-03
4.330e+01 1.001e-01 -6.138e-03
4.340e+01 9.942e-02 -2.954e-03
4.350e+01 9.757e-02 -4.236e-03
4.360e+01 8.899e-02 -2.704e-03
4.370e+01 9.685e-02 -2.183e-03
4.380e+01 9.122e-02 -2.445e-03
4.390e+01 9.501e-02 -6.253e-03
4.400e+01 9.865e-02 -1.268e-03
4.410e+01 9.561e-02 -3.861e-04
4.420e+01 8.794e-02 -4.603e-03
4.430e+01 1.056e-01 4.751e-03
4.440e+01 1.080e-01 3.423e-03
4.450e+01 1.052e-01 -1.044e-03
4.460e+01 9.318e-02 -2.607e-03
4.470e+01 9.357e-02 5.061e-03
4.480e+01 1.041e-01 4.191e-03
4.490e+01 1.084e-01 1.438e-03
4.500e+01 1.004e-01 4.566e-03
4.510e+01 9.658e-02 8.034e-03
4.520e+01 9.417e-02 7.758e-03
4.530e+01 8.578e-02 1.103e-02
4.540e+01 9.424e-02 9.088e-03
4.550e+01 1.010e-01 8.850e-03
4.560e+01 1.117e-01 5.794e-03
4.570e+01 1.106e-01 3.165e-03
4.580e+01 1.106e-01 5.982e-03
4.590e+01 1.009e-01 2.140e-03
4.600e+01 1.040e-01 4.210e-03
4.610e+01 9.880e-02 4.697e-03
4.620e+01 9.881e-02 3.382e-03
4.630e+01 9.901e-02 1.256e-03
4.640e+01 9.716e-02 4.070e-04
4.650e+01 9.830e-02 -6.161e-04
4.660e+01 9.464e-02 4.519e-03
4.670e+01 9.974e-02 4.120e-03
4.680e+01 9.224e-02 9.439e-03
4.690e+01 9.091e-02 1.214e-02
4.700e+01 9.940e-02 6.625e-03
4.710e+01 1.014e-01 9.530e-04
4.720e+01 9.934e-02 6.153e-03
4.730e+01 9.340e-02 8.590e-03
4.740e+01 9.374e-02 1.064e-02
4.750e+01 8.301e-02 7.032e-03
4.760e+01 8.560e-02 5.521e-03
4.770e+01 8.466e-02 3.944e-03
4.780e+01 8.926e-02 5.187e-03
4.790e+01 9.412e-02 3.026e-03
4.800e+01 9.129e-02 2.897e-03
4.810e+01 9.076e-02 7.879e-03
4.820e+01 9.226e-02 9.252e-03
4.830e+01 9.703e-02 9.605e-03
4.840e+01 9.400e-02 7.940e-03
4.850e+01 8.674e-02 1.002e-02
4.860e+01 9.710e-02 1.032e-02
4.870e+01 9.121e-02 1.017e-02
4.880e+01 8.609e-02 6.037e-03
4.890e+01 8.323e-02 7.950e-03
4.900e+01 9.283e-02 1.165e-02
4.910e+01 8.702e-02 1.349e-02
4.920e+01 8.877e-02 1.735e-02
4.930e+01 8.859e-02 1.819e-02
4.940e+01 7.048e-02 2.097e-02
4.950e+01 6.647e-02 1.798e-02
4.960e+01 7.227e-02 1.907e-02
4.970e+01 7.426e-02 1.331e-02
4.980e+01 7.627e-02 1.130e-02
4.990e+01 8.758e-02 5.611e-03
5.000e+01 8.862e-02 1.051e-02
5.010e+01 8.684e-02 1.542e-02
5.020e+01 7.892e-02 2.168e-02
5.030e+01 7.610e-02 2.514e-02
5.040e+01 8.228e-02 3.102e-02
5.050e+01 8.146e-02 2.424e-02
5.060e+01 7.902e-02 2.099e-02
5.070e+01 8.176e-02 2.495e-02
5.080e+01 9.086e-02 3.275e-02
5.090e+01 8.341e-02 2.123e-02
5.100e+01 8.552e-02 1.768e-02
5.110e+01 8.924e-02 2.396e-02
5.120e+01 8.390e-02 2.864e-02
5.130e+01 8.026e-02 2.721e-02
5.140e+01 9.729e-02 3.213e-02
5.150e+01 8.391e-02 2.662e-02
5.160e+01 9.133e-02 2.877e-02
5.170e+01 8.097e-02 2.757e-02
5.180e+01 7.821e-02 2.347e-02
5.190e+01 7.808e-02 2.443e-02
5.200e+01 7.313e-02 1.764e-02
5.210e+01 7.821e-02 1.834e-02
5.220e+01 6.575e-02 1.975e-02
5.230e+01 6.124e-02 1.665e-02
5.240e+01 5.976e-02 1.480e-02
5.250e+01 5.566e-02 1.974e-02
5.260e+01 5.457e-02 1.769e-02
5.270e+01 6.596e-02 1.803e-02
5.280e+01 6.587e-02 1.937e-02
5.290e+01 5.040e-02 1.974e-02
5.300e+01 5.188e-02 1.734e-02
5.310e+01 5.767e-02 1.242e-02
5.320e+01 5.673e-02 1.625e-02
5.330e+01 5.477e-02 1.590e-02
5.340e+01 5.652e-02 1.898e-02
5.350e+01 6.340e-02 1.465e-02
5.360e+01 5.943e-02 1.484e-02
5.370e+01 5.749e-02 1.475e-02
5.380e+01 5.624e-02 2.040e-02
5.390e+01 6.012e-02 1.717e-02
5.400e+01 6.035e-02 1.935e-02
5.410e+01 6.130e-02 1.684e-02
5.420e+01 5.848e-02 1.428e-02
5.430e+01 6.032e-02 1.417e-02
5.440e+01 6.348e-02 1.150e-02
5.450e+01 5.583e-02 1.166e-02
5.460e+01 5.149e-02 1.149e-02
5.470e+01 5.240e-02 1.519e-02
5.480e+01 5.874e-02 1.195e-02
5.490e+01 6.149e-02 1.076e-02
5.500e+01 6.539e-02 1.162e-02
5.510e+01 6.754e-02 1.099e-02
5.520e+01 6.101e-02 1.028e-02
5.530e+01 6.330e-02 9.362e-03
5.540e+01 6.650e-02 3.115e-03
5.550e+01 6.084e-02 7.877e-03
5.560e+01 6.563e-02 1.078e-02
5.570e+01 6.545e-02 1.201e-02
5.580e+01 5.835e-02 1.578e-02
5.590e+01 6.862e-02 1.281e-02
5.600e+01 6.857e-02 4.274e-03
5.610e+01 6.324e-02 7.571e-03
5.620e+01 5.684e-02 1.377e-02
5.630e+01 6.330e-02 1.301e-02
5.640e+01 6.188e-02 9.189e-03
5.650e+01 5.383e-02 6.669e-03
5.660e+01 5.444e-02 1.223e-02
5.670e+01 5.737e-02 1.138e-02
5.680e+01 5.516e-02 1.472e-02
5.690e+01 5.781e-02 1.231e-02
5.700e+01 6.982e-02 1.134e-02
5.710e+01 6.055e-02 1.101e-02
5.720e+01 5.945e-02 1.097e-02
5.730e+01 5.917e-02 6.909e-03
5.740e+01 5.820e-02 1.152e-02
5.750e+01 6.715e-02 6.081e-03
5.760e+01 6.529e-02 9.641e-03
5.770e+01 6.578e-02 8.620e-03
5.780e+01 6.564e-02 1.295e-02
5.790e+01 6.345e-02 1.395e-02
5.800e+01 6.604e-02 1.184e-02
5.810e+01 6.117e-02 1.002e-02
5.820e+01 6.147e-02 1.101e-02
5.830e+01 6.315e-02 7.170e-03
5.840e+01 5.773e-02 1.346e-02
5.850e+01 5.269e-02 1.237e-02
5.860e+01 5.300e-02 1.293e-02
5.870e+01 5.033e-02 1.465e-02
5.880e+01 4.773e-02 1.198e-02
5.890e+01 5.777e-02 5.850e-03
5.900e+01 5.759e-02 6.554e-03
5.910e+01 5.609e-02 6.943e-03
5.920e+01 4.624e-02 1.093e-02
5.930e+01 4.620e-02 1.081e-02
5.940e+01 4.907e-02 1.220e-02
5.950e+01 4.616e-02 9.167e-03
5.960e+01 5.557e-02 8.990e-03
5.970e+01 5.328e-02 9.411e-03
5.980e+01 5.143e-02 8.268e-03
5.990e+01 4.269e-02 3.287e-03
6.000e+01 3.244e-02 1.571e-03
6.010e+01 4.173e-02 6.022e-03
6.020e+01 4.389e-02 5.240e-03
6.030e+01 3.009e-02 4.936e-03
6.040e+01 3.282e-02 5.639e-04
6.050e+01 3.162e-02 2.303e-03
6.060e+01 3.023e-02 1.919e-03
6.070e+01 2.582e-02 -2.519e-04
6.080e+01 3.253e-02 4.156e-03
6.090e+01 3.329e-02 8.662e-03
6.100e+01 3.008e-02 1.300e-02
6.110e+01 3.854e-02 4.038e-03
6.120e+01 3.861e-02 3.760e-03
6.130e+01 4.158e-02 4.768e-03
6.140e+01 4.922e-02 1.580e-03
6.150e+01 3.581e-02 5.646e-03
6.160e+01 2.695e-02 5.028e-03
6.170e+01 3.577e-02 8.102e-03
6.180e+01 3.324e-02 5.358e-03
6.190e+01 3.581e-02 5.363e-03
6.200e+01 3.586e-02 4.047e-03
6.210e+01 3.628e-02 9.774e-03
6.220e+01 3.269e-02 1.019e-02
6.230e+01 3.515e-02 1.097e-02
6.240e+01 3.742e-02 9.048e-03
6.250e+01 4.026e-02 8.991e-03
6.260e+01 4.464e-02 1.028e-02
6.270e+01 4.116e-02 9.692e-03
6.280e+01 4.351e-02 7.217e-03
6.290e+01 4.284e-02 5.384e-03
6.300e+01 4.371e-02 2.596e-03
6.310e+01 4.364e-02 9.547e-03
6.320e+01 4.062e-02 7.691e-03
6.330e+01 4.017e-02 9.269e-03
6.340e+01 4.258e-02 9.246e-03
6.350e+01 3.864e-02 6.670e-03
6.360e+01 3.488e-02 1.197e-02
6.370e+01 3.436e-02 9.980e-03
6.380e+01 3.452e-02 6.191e-03
6.390e+01 3.293e-02 7.327e-03
6.400e+01 3.784e-02 5.846e-03
6.410e+01 3.208e-02 6.849e-03
6.420e+01 4.263e-02 4.289e-03
6.430e+01 4.465e-02 6.795e-03
6.440e+01 4.297e-02 4.916e-03
6.450e+01 4.202e-02 8.197e-03
6.460e+01 3.810e-02 9.269e-03
6.470e+01 4.366e-02 6.253e-03
6.480e+01 4.573e-02 5.311e-03
6.490e+01 5.037e-02 4.676e-03
6.500e+01 4.828e-02 4.639e-03
6.510e+01 4.742e-02 2.667e-03
6.520e+01 4.525e-02 5.357e-03
6.530e+01 4.524e-02 5.545e-03
6.540e+01 4.600e-02 5.070e-03
6.550e+01 4.829e-02 9.046e-03
6.560e+01 5.075e-02 8.082e-03
6.570e+01 4.918e-02 8.684e-03
6.580e+01 4.440e-02 5.728e-03
6.590e+01 4.451e-02 6.228e-03
6.600e+01 4.567e-02 5.935e-03
6.610e+01 4.593e-02 1.162e-02
6.620e+01 4.450e-02 1.010e-02
6.630e+01 4.340e-02 1.137e-02
6.640e+01 4.224e-02 1.043e-02
6.650e+01 4.621e-02 1.110e-02
6.660e+01 4.977e-02 1.106e-02
6.670e+01 4.888e-02 9.884e-03
6.680e+01 4.682e-02 1.194e-02
6.690e+01 4.695e-02 1.184e-02
6.700e+01 4.856e-02 1.184e-02
6.710e+01 4.310e-02 9.806e-03
6.720e+01 4.477e-02 1.140e-02
6.730e+01 4.609e-02 1.189e-02
6.740e+01 4.709e-02 1.026e-02
6.750e+01 4.984e-02 1.089e-02
6.760e+01 4.428e-02 1.312e-02
6.770e+01 3.887e-02 1.275e-02
6.780e+01 3.977e-02 1.155e-02
6.790e+01 3.945e-02 1.807e-02
6.800e+01 4.027e-02 1.692e-02
6.810e+01 4.132e-02 1.482e-02
6.820e+01 4.492e-02 1.203e-02
6.830e+01 4.302e-02 8.332e-03
6.840e+01 4.283e-02 4.665e-03
6.850e+01 4.378e-02 5.799e-03
6.860e+01 4.371e-02 8.050e-03
6.870e+01 4.091e-02 1.101e-02
6.880e+01 4.250e-02 1.358e-02
6.890e+01 4.352e-02 1.067e-02
6.900e+01 4.108e-02 8.809e-03
6.910e+01 4.194e-02 1.025e-02
6.920e+01 4.190e-02 7.012e-03
6.930e+01 4.409e-02 7.939e-03
6.940e+01 4.457e-02 8.151e-03
6.950e+01 4.247e-02 1.140e-02
6.960e+01 4.287e-02 1.186e-02
6.970e+01 4.359e-02 1.072e-02
6.980e+01 4.169e-02 6.099e-03
6.990e+01 4.176e-02 1.611e-03
7.000e+01 4.326e-02 5.629e-03
7.010e+01 3.880e-02 1.062e-02
7.020e+01 3.737e-02 1.372e-02
7.030e+01 4.138e-02 1.440e-02
7.040e+01 4.292e-02 1.146e-02
7.050e+01 4.429e-02 1.416e-02
7.060e+01 4.537e-02 1.181e-02
7.070e+01 4.773e-02 9.780e-03
7.080e+01 4.872e-02 8.044e-03
7.090e+01 4.577e-02 1.273e-02
7.100e+01 4.596e-02 1.460e-02
7.110e+01 4.636e-02 1.447e-02
7.120e+01 4.862e-02 1.676e-02
7.130e+01 4.702e-02 1.393e-02
7.140e+01 4.886e-02 1.173e-02
7.150e+01 4.671e-02 1.230e-02
7.160e+01 4.653e-02 1.064e-02
7.170e+01 5.112e-02 1.002e-02
7.180e+01 4.656e-02 7.134e-03
7.190e+01 4.762e-02 9.878e-03
7.200e+01 4.121e-02 1.764e-02
7.210e+01 4.147e-02 1.758e-02
7.220e+01 4.582e-02 1.754e-02
7.230e+01 4.880e-02 1.003e-02
7.240e+01 4.731e-02 9.182e-03
7.250e+01 4.714e-02 5.143e-03
7.260e+01 4.591e-02 4.309e-03
7.270e+01 4.732e-02 3.400e-03
7.280e+01 4.360e-02 2.179e-03
7.290e+01 4.211e-02 2.742e-03
7.300e+01 4.535e-02 5.955e-03
7.310e+01 4.688e-02 5.791e-03
7.320e+01 4.298e-02 7.177e-03
7.330e+01 4.284e-02 4.348e-03
7.340e+01 4.461e-02 2.753e-03
7.350e+01 4.167e-02 5.248e-03
7.360e+01 4.286e-02 9.237e-03
7.370e+01 4.623e-02 6.218e-03
7.380e+01 4.459e-02 8.547e-03
7.390e+01 4.518e-02 7.547e-03
7.400e+01 4.352e-02 7.356e-03
7.410e+01 4.224e-02 3.464e-03
7.420e+01 4.348e-02 1.810e-03
7.430e+01 4.489e-02 2.304e-04
7.440e+01 4.437e-02 3.463e-03
7.450e+01 4.194e-02 7.302e-03
7.460e+01 4.048e-02 8.165e-03
7.470e+01 3.920e-02 1.073e-02
7.480e+01 4.131e-02 9.715e-03
7.490e+01 3.998e-02 7.295e-03
7.500e+01 4.242e-02 5.825e-03
7.510e+01 3.605e-02 6.195e-03
7.520e+01 3.600e-02 6.816e-03
7.530e+01 3.705e-02 5.608e-03
7.540e+01 4.005e-02 4.749e-03
7.550e+01 3.540e-02 7.636e-03
7.560e+01 3.609e-02 9.714e-03
7.570e+01 3.760e-02 9.862e-03
7.580e+01 3.803e-02 1.338e-02
7.590e+01 3.734e-02 1.422e-02
7.600e+01 3.516e-02 1.096e-02
7.610e+01 3.561e-02 8.098e-03
7.620e+01 3.778e-02 8.248e-03
7.630e+01 4.178e-02 8.846e-03
7.640e+01 4.108e-02 4.542e-03
7.650e+01 3.717e-02 6.453e-03
7.660e+01 3.762e-02 9.160e-03
7.670e+01 3.802e-02 7.200e-03
7.680e+01 3.850e-02 9.096e-03
7.690e+01 3.571e-02 7.465e-03
7.700e+01 4.100e-02 8.520e-03
7.710e+01 3.959e-02 8.772e-03
7.720e+01 4.034e-02 4.399e-03
7.730e+01 3.690e-02 4.803e-03
7.740e+01 3.755e-02 7.859e-03
7.750e+01 4.021e-02 7.362e-03
7.760e+01 4.047e-02 9.070e-03
7.770e+01 4.080e-02 8.608e-03
7.780e+01 3.896e-02 1.018e-02
7.790e+01 3.836e-02 1.054e-02
7.800e+01 3.669e-02 8.454e-03
7.810e+01 3.432e-02 6.777e-03
7.820e+01 3.575e-02 5.917e-03
7.830e+01 4.040e-02 5.516e-03
7.840e+01 3.521e-02 1.033e-02
7.850e+01 3.428e-02 9.279e-03
7.860e+01 3.420e-02 1.126e-02
7.870e+01 3.574e-02 1.208e-02
7.880e+01 3.752e-02 1.156e-02
7.890e+01 3.675e-02 9.664e-03
7.900e+01 3.434e-02 1.017e-02
7.910e+01 3.458e-02 8.782e-03
7.920e+01 3.368e-02 1.247e-02
7.930e+01 3.600e-02 1.353e-02
7.940e+01 3.433e-02 1.198e-02
7.950e+01 3.430e-02 1.497e-02
7.960e+01 3.490e-02 1.139e-02
7.970e+01 3.291e-02 1.369e-02
7.980e+01 3.538e-02 1.350e-02
7.990e+01 3.616e-02 1.056e-02
8.000e+01 3.545e-02 1.336e-02
8.010e+01 3.597e-02 1.425e-02
8.020e+01 3.464e-02 1.075e-02
8.030e+01 3.505e-02 1.042e-02
8.040e+01 3.669e-02 9.517e-03
8.050e+01 3.660e-02 1.151e-02
8.060e+01 3.632e-02 9.887e-03
8.070e+01 3.484e-02 1.179e-02
8.080e+01 3.502e-02 1.135e-02
8.090e+01 3.267e-02 1.258e-02
8.100e+01 3.500e-02 1.219e-02
8.110e+01 3.476e-02 8.892e-03
8.120e+01 3.521e-02 7.557e-03
8.130e+01 3.574e-02 9.831e-03
8.140e+01 3.480e-02 8.407e-03
8.150e+01 3.259e-02 1.062e-02
8.160e+01 3.155e-02 1.149e-02
8.170e+01 3.349e-02 1.275e-02
8.180e+01 3.079e-02 1.274e-02
8.190e+01 3.162e-02 1.066e-02
8.200e+01 3.226e-02 1.188e-02
8.210e+01 3.186e-02 1.621e-02
8.220e+01 3.160e-02 1.243e-02
8.230e+01 3.134e-02 1.430e-02
8.240e+01 3.360e-02 1.664e-02
8.250e+01 3.352e-02 1.527e-02
8.260e+01 3.372e-02 1.445e-02
8.270e+01 3.151e-02 1.398e-02
8.280e+01 3.139e-02 1.211e-02
8.290e+01 3.147e-02 1.229e-02
8.300e+01 3.291e-02 1.240e-02
8.310e+01 3.204e-02 1.548e-02
8.320e+01 3.154e-02 1.287e-02
8.330e+01 3.164e-02 1.081e-02
8.340e+01 3.277e-02 1.011e-02
8.350e+01 3.243e-02 1.056e-02
8.360e+01 3.111e-02 1.315e-02
8.370e+01 2.744e-02 1.341e-02
8.380e+01 2.830e-02 1.252e-02
8.390e+01 2.773e-02 1.123e-02
8.400e+01 3.296e-02 1.027e-02
8.410e+01 2.966e-02 1.330e-02
8.420e+01 3.158e-02 1.166e-02
8.430e+01 3.283e-02 1.352e-02
8.440e+01 3.395e-02 1.212e-02
8.450e+01 3.137e-02 1.582e-02
8.460e+01 2.987e-02 1.611e-02
8.470e+01 3.277e-02 8.141e-03
8.480e+01 3.362e-02 6.183e-03
8.490e+01 3.599e-02 4.699e-03
8.500e+01 3.847e-02 7.071e-03
8.510e+01 3.623e-02 5.065e-03
8.520e+01 3.341e-02 7.175e-03
8.530e+01 3.069e-02 5.663e-03
8.540e+01 3.108e-02 4.972e-03
8.550e+01 3.345e-02 8.444e-03
8.560e+01 3.370e-02 6.498e-03
8.570e+01 3.439e-02 9.635e-03
8.580e+01 3.185e-02 9.579e-03
8.590e+01 3.148e-02 1.017e-02
8.600e+01 2.992e-02 9.151e-03
8.610e+01 2.927e-02 1.110e-02
8.620e+01 3.018e-02 1.194e-02
8.630e+01 2.992e-02 1.091e-02
8.640e+01 3.110e-02 1.367e-02
8.650e+01 3.029e-02 1.258e-02
8.660e+01 3.452e-02 1.300e-02
8.670e+01 3.535e-02 1.446e-02
8.680e+01 3.222e-02 1.210e-02
8.690e+01 3.142e-02 1.158e-02
8.700e+01 3.328e-02 1.061e-02
8.710e+01 3.111e-02 1.216e-02
8.720e+01 2.914e-02 1.243e-02
8.730e+01 2.911e-02 1.272e-02
8.740e+01 2.974e-02 1.002e-02
8.750e+01 3.091e-02 1.055e-02
8.760e+01 2.916e-02 1.093e-02
8.770e+01 2.755e-02 9.516e-03
8.780e+01 2.800e-02 8.424e-03
8.790e+01 2.857e-02 1.102e-02
8.800e+01 2.632e-02 1.015e-02
8.810e+01 2.546e-02 1.122e-02
8.820e+01 2.675e-02 9.598e-03
8.830e+01 2.730e-02 1.109e-02
8.840e+01 2.748e-02 1.048e-02
8.850e+01 3.081e-02 1.167e-02
8.860e+01 3.182e-02 1.002e-02
8.870e+01 2.913e-02 9.882e-03
8.880e+01 2.683e-02 8.354e-03
8.890e+01 2.960e-02 6.483e-03
8.900e+01 3.002e-02 7.272e-03
8.910e+01 3.055e-02 8.585e-03
8.920e+01 2.805e-02 1.032e-02
8.930e+01 2.840e-02 9.936e-03
8.940e+01 3.009e-02 8.922e-03
8.950e+01 2.935e-02 9.242e-03
8.960e+01 2.843e-02 7.924e-03
8.970e+01 2.634e-02 9.177e-03
8.980e+01 2.345e-02 7.768e-03
8.990e+01 2.449e-02 6.545e-03
9.000e+01 2.325e-02 7.944e-03
9.010e+01 2.115e-02 1.078e-02
9.020e+01 2.246e-02 8.918e-03
9.030e+01 2.459e-02 8.898e-03
9.040e+01 2.741e-02 8.977e-03
9.050e+01 2.606e-02 7.464e-03
9.060e+01 2.522e-02 6.668e-03
9.070e+01 2.568e-02 6.883e-03
9.080e+01 2.639e-02 7.603e-03
9.090e+01 2.674e-02 6.716e-03
9.100e+01 2.761e-02 7.660e-03
9.110e+01 2.869e-02 6.031e-03
9.120e+01 2.947e-02 8.565e-03
9.130e+01 2.842e-02 8.223e-03
9.140e+01 2.838e-02 6.014e-03
9.150e+01 2.607e-02 7.579e-03
9.160e+01 2.603e-02 6.418e-03
9.170e+01 2.808e-02 5.850e-03
9.180e+01 2.823e-02 4.309e-03
9.190e+01 2.723e-02 3.967e-03
9.200e+01 2.986e-02 4.124e-03
9.210e+01 2.863e-02 4.193e-03
9.220e+01 2.913e-02 2.408e-03
9.230e+01 3.157e-02 5.532e-04
9.240e+01 2.937e-02 2.665e-03
9.250e+01 2.427e-02 2.758e-03
9.260e+01 2.603e-02 2.547e-03
9.270e+01 2.100e-02 4.326e-04
9.280e+01 2.349e-02 2.646e-03
9.290e+01 2.306e-02 2.838e-03
9.300e+01 2.482e-02 6.813e-03
9.310e+01 2.381e-02 5.517e-03
9.320e+01 2.543e-02 6.942e-03
9.330e+01 2.558e-02 4.719e-03
9.340e+01 2.484e-02 4.570e-03
9.350e+01 2.491e-02 4.373e-03
9.360e+01 2.508e-02 4.635e-03
9.370e+01 2.767e-02 1.782e-03
9.380e+01 2.691e-02 1.797e-03
9.390e+01 2.556e-02 -6.453e-05
9.400e+01 2.655e-02 6.461e-04
9.410e+01 2.631e-02 -2.029e-03
9.420e+01 2.483e-02 -8.452e-04
9.430e+01 2.339e-02 -2.417e-03
9.440e+01 2.349e-02 1.488e-04
9.450e+01 2.385e-02 1.012e-03
9.460e+01 2.554e-02 1.185e-03
9.470e+01 2.450e-02 1.819e-03
9.480e+01 2.472e-02 2.434e-03
9.490e+01 2.358e-02 3.231e-03
9.500e+01 2.461e-02 4.562e-03
9.510e+01 2.434e-02 5.522e-03
9.520e+01 2.350e-02 4.412e-03
9.530e+01 2.178e-02 2.244e-03
9.540e+01 2.161e-02 8.656e-04
9.550e+01 2.178e-02 3.064e-03
9.560e+01 2.314e-02 2.316e-03
9.570e+01 2.428e-02 1.843e-03
9.580e+01 2.544e-02 1.599e-03
9.590e+01 2.481e-02 1.803e-03
9.600e+01 2.346e-02 1.328e-03
9.610e+01 2.351e-02 1.373e-03
9.620e+01 2.596e-02 3.896e-03
9.630e+01 2.691e-02 3.219e-03
9.640e+01 2.668e-02 1.684e-03
9.650e+01 2.778e-02 9.416e-04
9.660e+01 2.708e-02 8.134e-04
9.670e+01 2.643e-02 1.639e-04
9.680e+01 2.580e-02 -6.278e-04
9.690e+01 2.655e-02 1.824e-03
9.700e+01 2.776e-02 7.901e-04
9.710e+01 2.722e-02 1.751e-03
9.720e+01 2.706e-02 7.727e-04
9.730e+01 2.834e-02 9.597e-04
9.740e+01 2.860e-02 1.606e-03
9.750e+01 2.797e-02 -1.971e-03
9.760e+01 2.784e-02 -9.159e-04
9.770e+01 2.998e-02 3.245e-04
9.780e+01 3.001e-02 1.022e-03
9.790e+01 2.756e-02 -5.983e-04
9.800e+01 2.818e-02 -8.879e-04
9.810e+01 2.712e-02 -2.268e-04
9.820e+01 2.743e-02 -5.742e-04
9.830e+01 2.839e-02 1.182e-03
9.840e+01 2.715e-02 1.997e-03
9.850e+01 2.572e-02 7.997e-04
9.860e+01 2.509e-02 9.636e-04
9.870e+01 2.667e-02 -5.846e-04
9.880e+01 2.671e-02 1.346e-03
9.890e+01 2.360e-02 1.753e-04
9.900e+01 2.253e-02 1.399e-03
9.910e+01 2.558e-02 3.523e-04
9.920e+01 2.594e-02 1.057e-03
9.930e+01 2.626e-02 4.995e-04
9.940e+01 2.505e-02 2.231e-03
9.950e+01 2.518e-02 2.362e-03
9.960e+01 2.632e-02 8.241e-04
9.970e+01 2.562e-02 1.446e-03
9.980e+01 2.628e-02 3.310e-03
9.990e+01 2.719e-02 6.663e-04
