# Frequency (1.0/ps)      real(fft(F_0))
0.000e+00 8.724e+01
1.000e-02 5.547e+01
2.000e-02 3.510e+01
3.000e-02 1.981e+01
4.000e-02 1.250e+01
5.000e-02 1.246e+01
6.000e-02 2.279e+00
7.000e-02 2.417e+00
8.000e-02 -1.311e+00
9.000e-02 -4.426e-01
1.000e-01 5.843e+00
1.100e-01 3.159e+00
1.200e-01 3.216e+00
1.300e-01 3.064e+00
1.400e-01 3.580e+00
1.500e-01 4.263e+00
1.600e-01 1.905e+00
1.700e-01 1.176e+00
1.800e-01 1.092e+00
1.900e-01 1.381e+00
2.000e-01 1.495e+00
2.100e-01 2.899e+00
2.200e-01 9.620e-01
2.300e-01 1.812e+00
2.400e-01 1.642e+00
2.500e-01 1.374e-01
2.600e-01 2.686e-01
2.700e-01 -9.484e-01
2.800e-01 1.187e+00
2.900e-01 1.297e+00
3.000e-01 1.704e+00
3.100e-01 2.072e-01
3.200e-01 2.107e+00
3.300e-01 1.432e+00
3.400e-01 1.999e+00
3.500e-01 8.730e-01
3.600e-01 1.156e+00
3.700e-01 3.750e-01
3.800e-01 1.392e+00
3.900e-01 1.269e+00
4.000e-01 1.090e+00
4.100e-01 9.974e-01
4.200e-01 1.289e+00
4.300e-01 1.425e+00
4.400e-01 6.736e-01
4.500e-01 9.335e-01
4.600e-01 7.900e-01
4.700e-01 1.058e+00
4.800e-01 5.856e-01
4.900e-01 9.931e-01
5.000e-01 -3.421e-01
5.100e-01 2.504e-01
5.200e-01 3.157e-01
5.300e-01 8.356e-01
5.400e-01 -3.174e-01
5.500e-01 9.976e-01
5.600e-01 7.755e-01
5.700e-01 1.667e+00
5.800e-01 6.036e-01
5.900e-01 1.729e+00
6.000e-01 9.983e-02
6.100e-01 1.493e+00
6.200e-01 6.808e-01
6.300e-01 1.346e+00
6.400e-01 2.838e-01
6.500e-01 1.405e+00
6.600e-01 1.743e-01
6.700e-01 1.114e+00
6.800e-01 2.154e-02
6.900e-01 4.759e-01
7.000e-01 8.316e-01
7.100e-01 7.450e-01
7.200e-01 9.385e-02
7.300e-01 -2.603e-01
7.400e-01 1.717e-02
7.500e-01 1.098e+00
7.600e-01 1.049e+00
7.700e-01 9.656e-02
7.800e-01 1.210e+00
7.900e-01 6.626e-01
8.000e-01 1.510e+00
8.100e-01 6.043e-01
8.200e-01 1.396e+00
8.300e-01 4.685e-01
8.400e-01 6.325e-01
8.500e-01 5.090e-01
8.600e-01 1.270e+00
8.700e-01 -1.421e-01
8.800e-01 7.265e-01
8.900e-01 1.231e+00
9.000e-01 3.656e-01
9.100e-01 6.790e-01
9.200e-01 -2.323e-01
9.300e-01 9.559e-01
9.400e-01 6.761e-01
9.500e-01 4.308e-01
9.600e-01 3.190e-01
9.700e-01 1.036e+00
9.800e-01 1.418e+00
9.900e-01 1.221e+00
1.000e+00 1.865e+00
1.010e+00 6.897e-01
1.020e+00 6.167e-01
1.030e+00 2.367e-01
1.040e+00 1.186e+00
1.050e+00 3.949e-01
1.060e+00 1.141e-01
1.070e+00 -1.200e-01
1.080e+00 -5.377e-01
1.090e+00 2.309e-01
1.100e+00 4.599e-01
1.110e+00 5.184e-01
1.120e+00 6.667e-01
1.130e+00 7.767e-01
1.140e+00 7.260e-01
1.150e+00 1.025e+00
1.160e+00 6.278e-01
1.170e+00 3.598e-01
1.180e+00 6.355e-01
1.190e+00 3.881e-01
1.200e+00 7.119e-01
1.210e+00 1.347e+00
1.220e+00 1.627e-01
1.230e+00 4.802e-01
1.240e+00 6.389e-01
1.250e+00 1.275e+00
1.260e+00 2.739e-01
1.270e+00 4.882e-01
1.280e+00 -1.169e-01
1.290e+00 6.792e-01
1.300e+00 6.297e-02
1.310e+00 8.518e-01
1.320e+00 2.314e-01
1.330e+00 4.642e-01
1.340e+00 -6.350e-02
1.350e+00 6.800e-01
1.360e+00 -5.078e-01
1.370e+00 5.648e-01
1.380e+00 2.391e-01
1.390e+00 5.577e-01
1.400e+00 3.892e-01
1.410e+00 9.890e-01
1.420e+00 4.065e-01
1.430e+00 6.124e-01
1.440e+00 7.364e-01
1.450e+00 3.164e-01
1.460e+00 4.139e-01
1.470e+00 3.832e-01
1.480e+00 5.465e-01
1.490e+00 1.126e-01
1.500e+00 9.010e-01
1.510e+00 1.070e+00
1.520e+00 5.374e-01
1.530e+00 2.322e-02
1.540e+00 2.611e-01
1.550e+00 2.581e-01
1.560e+00 1.415e+00
1.570e+00 1.851e+00
1.580e+00 1.830e+00
1.590e+00 1.200e+00
1.600e+00 1.150e+00
1.610e+00 1.180e+00
1.620e+00 9.066e-01
1.630e+00 1.207e+00
1.640e+00 6.561e-01
1.650e+00 1.244e-01
1.660e+00 4.650e-02
1.670e+00 1.062e+00
1.680e+00 1.393e+00
1.690e+00 6.469e-01
1.700e+00 4.214e-01
1.710e+00 3.596e-01
1.720e+00 1.498e-01
1.730e+00 2.970e-01
1.740e+00 3.488e-03
1.750e+00 -1.729e-01
1.760e+00 2.283e-01
1.770e+00 2.281e-01
1.780e+00 5.402e-01
1.790e+00 8.204e-01
1.800e+00 1.368e+00
1.810e+00 1.306e+00
1.820e+00 1.095e+00
1.830e+00 3.859e-01
1.840e+00 3.033e-01
1.850e+00 -1.899e-01
1.860e+00 6.113e-01
1.870e+00 -4.792e-02
1.880e+00 -1.682e-01
1.890e+00 2.688e-01
1.900e+00 6.874e-01
1.910e+00 5.305e-01
1.920e+00 3.769e-01
1.930e+00 8.506e-01
1.940e+00 5.762e-01
1.950e+00 9.861e-01
1.960e+00 3.136e-01
1.970e+00 6.915e-01
1.980e+00 3.231e-02
1.990e+00 4.832e-01
2.000e+00 5.634e-01
2.010e+00 4.774e-01
2.020e+00 -1.431e-01
2.030e+00 -2.741e-02
2.040e+00 9.791e-02
2.050e+00 2.517e-01
2.060e+00 4.147e-01
2.070e+00 4.737e-01
2.080e+00 6.057e-01
2.090e+00 3.080e-01
2.100e+00 5.377e-01
2.110e+00 1.404e-01
2.120e+00 4.545e-01
2.130e+00 9.039e-01
2.140e+00 8.278e-01
2.150e+00 2.503e-01
2.160e+00 1.774e-01
2.170e+00 2.682e-01
2.180e+00 3.403e-01
2.190e+00 7.593e-02
2.200e+00 4.644e-01
2.210e+00 9.290e-01
2.220e+00 8.293e-01
2.230e+00 1.051e+00
2.240e+00 7.416e-01
2.250e+00 7.887e-01
2.260e+00 5.588e-01
2.270e+00 8.597e-01
2.280e+00 8.136e-01
2.290e+00 7.901e-01
2.300e+00 8.551e-01
2.310e+00 4.106e-01
2.320e+00 3.050e-01
2.330e+00 4.274e-01
2.340e+00 3.845e-01
2.350e+00 4.988e-01
2.360e+00 4.571e-01
2.370e+00 5.199e-01
2.380e+00 7.266e-01
2.390e+00 3.914e-01
2.400e+00 5.883e-01
2.410e+00 4.174e-01
2.420e+00 2.372e-01
2.430e+00 4.877e-01
2.440e+00 8.406e-01
2.450e+00 5.091e-01
2.460e+00 8.787e-01
2.470e+00 8.844e-01
2.480e+00 8.111e-01
2.490e+00 5.209e-01
2.500e+00 1.644e-01
2.510e+00 6.368e-01
2.520e+00 1.044e+00
2.530e+00 6.175e-01
2.540e+00 3.917e-01
2.550e+00 3.603e-01
2.560e+00 6.105e-01
2.570e+00 2.307e-01
2.580e+00 1.351e-01
2.590e+00 6.882e-01
2.600e+00 4.260e-01
2.610e+00 4.881e-01
2.620e+00 2.723e-01
2.630e+00 1.721e-01
2.640e+00 4.040e-01
2.650e+00 6.184e-01
2.660e+00 1.817e-01
2.670e+00 -1.348e-01
2.680e+00 3.416e-02
2.690e+00 3.572e-01
2.700e+00 9.172e-01
2.710e+00 7.910e-01
2.720e+00 9.716e-01
2.730e+00 7.243e-01
2.740e+00 7.266e-01
2.750e+00 5.376e-01
2.760e+00 4.997e-01
2.770e+00 5.283e-01
2.780e+00 6.248e-01
2.790e+00 8.546e-01
2.800e+00 5.292e-01
2.810e+00 3.388e-01
2.820e+00 7.142e-01
2.830e+00 9.673e-01
2.840e+00 6.239e-01
2.850e+00 3.002e-01
2.860e+00 1.444e-01
2.870e+00 5.272e-01
2.880e+00 5.779e-01
2.890e+00 9.493e-01
2.900e+00 1.098e-01
2.910e+00 7.267e-02
2.920e+00 9.617e-02
2.930e+00 5.608e-01
2.940e+00 5.452e-01
2.950e+00 6.033e-01
2.960e+00 6.039e-01
2.970e+00 2.866e-01
2.980e+00 5.055e-01
2.990e+00 4.726e-01
3.000e+00 3.816e-01
3.010e+00 4.017e-01
3.020e+00 2.834e-01
3.030e+00 2.777e-01
3.040e+00 2.032e-01
3.050e+00 4.026e-01
3.060e+00 3.783e-01
3.070e+00 3.066e-01
3.080e+00 2.598e-02
3.090e+00 3.505e-01
3.100e+00 2.363e-01
3.110e+00 6.828e-01
3.120e+00 5.181e-01
3.130e+00 7.816e-01
3.140e+00 1.921e-01
3.150e+00 6.584e-01
3.160e+00 5.627e-01
3.170e+00 5.094e-01
3.180e+00 3.804e-02
3.190e+00 6.154e-01
3.200e+00 9.105e-01
3.210e+00 1.051e+00
3.220e+00 1.100e+00
3.230e+00 1.052e+00
3.240e+00 7.669e-01
3.250e+00 3.066e-01
3.260e+00 5.024e-01
3.270e+00 2.914e-01
3.280e+00 5.874e-01
3.290e+00 -1.546e-02
3.300e+00 6.012e-01
3.310e+00 5.472e-01
3.320e+00 6.485e-01
3.330e+00 3.082e-01
3.340e+00 6.501e-01
3.350e+00 4.476e-01
3.360e+00 4.381e-01
3.370e+00 4.586e-01
3.380e+00 8.160e-01
3.390e+00 1.154e+00
3.400e+00 1.123e+00
3.410e+00 7.785e-01
3.420e+00 6.196e-01
3.430e+00 7.262e-01
3.440e+00 5.182e-01
3.450e+00 5.412e-01
3.460e+00 4.992e-01
3.470e+00 5.269e-01
3.480e+00 2.918e-01
3.490e+00 2.911e-01
3.500e+00 8.484e-01
3.510e+00 8.936e-01
3.520e+00 2.134e-01
3.530e+00 6.064e-02
3.540e+00 3.589e-01
3.550e+00 2.538e-01
3.560e+00 8.901e-02
3.570e+00 5.969e-01
3.580e+00 5.943e-01
3.590e+00 1.022e+00
3.600e+00 5.133e-01
3.610e+00 6.906e-01
3.620e+00 6.376e-01
3.630e+00 7.494e-01
3.640e+00 8.630e-01
3.650e+00 7.520e-01
3.660e+00 5.269e-01
3.670e+00 6.706e-01
3.680e+00 6.335e-01
3.690e+00 7.875e-01
3.700e+00 6.319e-01
3.710e+00 6.983e-01
3.720e+00 5.874e-01
3.730e+00 5.465e-01
3.740e+00 5.041e-01
3.750e+00 -3.691e-02
3.760e+00 2.570e-01
3.770e+00 3.565e-01
3.780e+00 7.159e-01
3.790e+00 2.746e-01
3.800e+00 4.123e-01
3.810e+00 3.579e-01
3.820e+00 1.968e-01
3.830e+00 3.177e-01
3.840e+00 4.808e-01
3.850e+00 1.486e-01
3.860e+00 3.596e-01
3.870e+00 1.361e-01
3.880e+00 5.071e-01
3.890e+00 4.957e-01
3.900e+00 3.543e-01
3.910e+00 7.392e-01
3.920e+00 4.134e-01
3.930e+00 8.170e-01
3.940e+00 5.242e-01
3.950e+00 7.197e-01
3.960e+00 5.802e-01
3.970e+00 3.457e-01
3.980e+00 6.593e-01
3.990e+00 6.575e-01
4.000e+00 6.501e-01
4.010e+00 7.795e-01
4.020e+00 4.936e-01
4.030e+00 6.869e-01
4.040e+00 5.495e-01
4.050e+00 8.968e-01
4.060e+00 5.835e-01
4.070e+00 6.739e-01
4.080e+00 6.836e-01
4.090e+00 4.612e-01
4.100e+00 2.683e-01
4.110e+00 1.637e-01
4.120e+00 2.976e-01
4.130e+00 2.630e-01
4.140e+00 6.018e-01
4.150e+00 5.017e-01
4.160e+00 5.502e-01
4.170e+00 5.303e-01
4.180e+00 6.480e-01
4.190e+00 4.346e-01
4.200e+00 2.851e-01
4.210e+00 7.189e-01
4.220e+00 5.376e-01
4.230e+00 9.135e-01
4.240e+00 8.184e-01
4.250e+00 6.252e-01
4.260e+00 4.746e-01
4.270e+00 5.322e-01
4.280e+00 3.275e-01
4.290e+00 3.158e-01
4.300e+00 3.143e-01
4.310e+00 5.416e-01
4.320e+00 7.605e-01
4.330e+00 4.413e-01
4.340e+00 6.736e-01
4.350e+00 6.993e-01
4.360e+00 5.040e-01
4.370e+00 6.403e-01
4.380e+00 6.556e-01
4.390e+00 6.627e-01
4.400e+00 7.017e-01
4.410e+00 4.957e-01
4.420e+00 7.759e-01
4.430e+00 7.747e-01
4.440e+00 9.844e-01
4.450e+00 8.778e-01
4.460e+00 9.986e-01
4.470e+00 9.342e-01
4.480e+00 9.375e-01
4.490e+00 6.500e-01
4.500e+00 5.266e-01
4.510e+00 6.490e-01
4.520e+00 5.714e-01
4.530e+00 8.751e-01
4.540e+00 6.739e-01
4.550e+00 1.129e+00
4.560e+00 8.164e-01
4.570e+00 7.210e-01
4.580e+00 6.091e-01
4.590e+00 6.737e-01
4.600e+00 8.368e-01
4.610e+00 5.236e-01
4.620e+00 5.426e-01
4.630e+00 3.339e-01
4.640e+00 6.567e-01
4.650e+00 5.021e-01
4.660e+00 6.122e-01
4.670e+00 8.044e-01
4.680e+00 1.019e+00
4.690e+00 1.083e+00
4.700e+00 1.353e+00
4.710e+00 1.002e+00
4.720e+00 7.980e-01
4.730e+00 3.779e-01
4.740e+00 2.333e-01
4.750e+00 9.386e-03
4.760e+00 6.811e-02
4.770e+00 2.780e-01
4.780e+00 5.786e-01
4.790e+00 8.088e-01
4.800e+00 6.453e-01
4.810e+00 6.635e-01
4.820e+00 9.306e-01
4.830e+00 7.498e-01
4.840e+00 5.974e-01
4.850e+00 6.333e-01
4.860e+00 6.891e-01
4.870e+00 5.639e-01
4.880e+00 3.877e-01
4.890e+00 5.761e-01
4.900e+00 5.680e-01
4.910e+00 7.748e-01
4.920e+00 7.464e-01
4.930e+00 6.376e-01
4.940e+00 6.794e-01
4.950e+00 7.102e-01
4.960e+00 8.673e-01
4.970e+00 7.886e-01
4.980e+00 6.687e-01
4.990e+00 8.818e-01
-5.000e+00 6.133e-01
-4.990e+00 8.818e-01
-4.980e+00 6.687e-01
-4.970e+00 7.886e-01
-4.960e+00 8.673e-01
-4.950e+00 7.102e-01
-4.940e+00 6.794e-01
-4.930e+00 6.376e-01
-4.920e+00 7.464e-01
-4.910e+00 7.748e-01
-4.900e+00 5.680e-01
-4.890e+00 5.761e-01
-4.880e+00 3.877e-01
-4.870e+00 5.639e-01
-4.860e+00 6.891e-01
-4.850e+00 6.333e-01
-4.840e+00 5.974e-01
-4.830e+00 7.498e-01
-4.820e+00 9.306e-01
-4.810e+00 6.635e-01
-4.800e+00 6.453e-01
-4.790e+00 8.088e-01
-4.780e+00 5.786e-01
-4.770e+00 2.780e-01
-4.760e+00 6.811e-02
-4.750e+00 9.386e-03
-4.740e+00 2.333e-01
-4.730e+00 3.779e-01
-4.720e+00 7.980e-01
-4.710e+00 1.002e+00
-4.700e+00 1.353e+00
-4.690e+00 1.083e+00
-4.680e+00 1.019e+00
-4.670e+00 8.044e-01
-4.660e+00 6.122e-01
-4.650e+00 5.021e-01
-4.640e+00 6.567e-01
-4.630e+00 3.339e-01
-4.620e+00 5.426e-01
-4.610e+00 5.236e-01
-4.600e+00 8.368e-01
-4.590e+00 6.737e-01
-4.580e+00 6.091e-01
-4.570e+00 7.210e-01
-4.560e+00 8.164e-01
-4.550e+00 1.129e+00
-4.540e+00 6.739e-01
-4.530e+00 8.751e-01
-4.520e+00 5.714e-01
-4.510e+00 6.490e-01
-4.500e+00 5.266e-01
-4.490e+00 6.500e-01
-4.480e+00 9.375e-01
-4.470e+00 9.342e-01
-4.460e+00 9.986e-01
-4.450e+00 8.778e-01
-4.440e+00 9.844e-01
-4.430e+00 7.747e-01
-4.420e+00 7.759e-01
-4.410e+00 4.957e-01
-4.400e+00 7.017e-01
-4.390e+00 6.627e-01
-4.380e+00 6.556e-01
-4.370e+00 6.403e-01
-4.360e+00 5.040e-01
-4.350e+00 6.993e-01
-4.340e+00 6.736e-01
-4.330e+00 4.413e-01
-4.320e+00 7.605e-01
-4.310e+00 5.416e-01
-4.300e+00 3.143e-01
-4.290e+00 3.158e-01
-4.280e+00 3.275e-01
-4.270e+00 5.322e-01
-4.260e+00 4.746e-01
-4.250e+00 6.252e-01
-4.240e+00 8.184e-01
-4.230e+00 9.135e-01
-4.220e+00 5.376e-01
-4.210e+00 7.189e-01
-4.200e+00 2.851e-01
-4.190e+00 4.346e-01
-4.180e+00 6.480e-01
-4.170e+00 5.303e-01
-4.160e+00 5.502e-01
-4.150e+00 5.017e-01
-4.140e+00 6.018e-01
-4.130e+00 2.630e-01
-4.120e+00 2.976e-01
-4.110e+00 1.637e-01
-4.100e+00 2.683e-01
-4.090e+00 4.612e-01
-4.080e+00 6.836e-01
-4.070e+00 6.739e-01
-4.060e+00 5.835e-01
-4.050e+00 8.968e-01
-4.040e+00 5.495e-01
-4.030e+00 6.869e-01
-4.020e+00 4.936e-01
-4.010e+00 7.795e-01
-4.000e+00 6.501e-01
-3.990e+00 6.575e-01
-3.980e+00 6.593e-01
-3.970e+00 3.457e-01
-3.960e+00 5.802e-01
-3.950e+00 7.197e-01
-3.940e+00 5.242e-01
-3.930e+00 8.170e-01
-3.920e+00 4.134e-01
-3.910e+00 7.392e-01
-3.900e+00 3.543e-01
-3.890e+00 4.957e-01
-3.880e+00 5.071e-01
-3.870e+00 1.361e-01
-3.860e+00 3.596e-01
-3.850e+00 1.486e-01
-3.840e+00 4.808e-01
-3.830e+00 3.177e-01
-3.820e+00 1.968e-01
-3.810e+00 3.579e-01
-3.800e+00 4.123e-01
-3.790e+00 2.746e-01
-3.780e+00 7.159e-01
-3.770e+00 3.565e-01
-3.760e+00 2.570e-01
-3.750e+00 -3.691e-02
-3.740e+00 5.041e-01
-3.730e+00 5.465e-01
-3.720e+00 5.874e-01
-3.710e+00 6.983e-01
-3.700e+00 6.319e-01
-3.690e+00 7.875e-01
-3.680e+00 6.335e-01
-3.670e+00 6.706e-01
-3.660e+00 5.269e-01
-3.650e+00 7.520e-01
-3.640e+00 8.630e-01
-3.630e+00 7.494e-01
-3.620e+00 6.376e-01
-3.610e+00 6.906e-01
-3.600e+00 5.133e-01
-3.590e+00 1.022e+00
-3.580e+00 5.943e-01
-3.570e+00 5.969e-01
-3.560e+00 8.901e-02
-3.550e+00 2.538e-01
-3.540e+00 3.589e-01
-3.530e+00 6.064e-02
-3.520e+00 2.134e-01
-3.510e+00 8.936e-01
-3.500e+00 8.484e-01
-3.490e+00 2.911e-01
-3.480e+00 2.918e-01
-3.470e+00 5.269e-01
-3.460e+00 4.992e-01
-3.450e+00 5.412e-01
-3.440e+00 5.182e-01
-3.430e+00 7.262e-01
-3.420e+00 6.196e-01
-3.410e+00 7.785e-01
-3.400e+00 1.123e+00
-3.390e+00 1.154e+00
-3.380e+00 8.160e-01
-3.370e+00 4.586e-01
-3.360e+00 4.381e-01
-3.350e+00 4.476e-01
-3.340e+00 6.501e-01
-3.330e+00 3.082e-01
-3.320e+00 6.485e-01
-3.310e+00 5.472e-01
-3.300e+00 6.012e-01
-3.290e+00 -1.546e-02
-3.280e+00 5.874e-01
-3.270e+00 2.914e-01
-3.260e+00 5.024e-01
-3.250e+00 3.066e-01
-3.240e+00 7.669e-01
-3.230e+00 1.052e+00
-3.220e+00 1.100e+00
-3.210e+00 1.051e+00
-3.200e+00 9.105e-01
-3.190e+00 6.154e-01
-3.180e+00 3.804e-02
-3.170e+00 5.094e-01
-3.160e+00 5.627e-01
-3.150e+00 6.584e-01
-3.140e+00 1.921e-01
-3.130e+00 7.816e-01
-3.120e+00 5.181e-01
-3.110e+00 6.828e-01
-3.100e+00 2.363e-01
-3.090e+00 3.505e-01
-3.080e+00 2.598e-02
-3.070e+00 3.066e-01
-3.060e+00 3.783e-01
-3.050e+00 4.026e-01
-3.040e+00 2.032e-01
-3.030e+00 2.777e-01
-3.020e+00 2.834e-01
-3.010e+00 4.017e-01
-3.000e+00 3.816e-01
-2.990e+00 4.726e-01
-2.980e+00 5.055e-01
-2.970e+00 2.866e-01
-2.960e+00 6.039e-01
-2.950e+00 6.033e-01
-2.940e+00 5.452e-01
-2.930e+00 5.608e-01
-2.920e+00 9.617e-02
-2.910e+00 7.267e-02
-2.900e+00 1.098e-01
-2.890e+00 9.493e-01
-2.880e+00 5.779e-01
-2.870e+00 5.272e-01
-2.860e+00 1.444e-01
-2.850e+00 3.002e-01
-2.840e+00 6.239e-01
-2.830e+00 9.673e-01
-2.820e+00 7.142e-01
-2.810e+00 3.388e-01
-2.800e+00 5.292e-01
-2.790e+00 8.546e-01
-2.780e+00 6.248e-01
-2.770e+00 5.283e-01
-2.760e+00 4.997e-01
-2.750e+00 5.376e-01
-2.740e+00 7.266e-01
-2.730e+00 7.243e-01
-2.720e+00 9.716e-01
-2.710e+00 7.910e-01
-2.700e+00 9.172e-01
-2.690e+00 3.572e-01
-2.680e+00 3.416e-02
-2.670e+00 -1.348e-01
-2.660e+00 1.817e-01
-2.650e+00 6.184e-01
-2.640e+00 4.040e-01
-2.630e+00 1.721e-01
-2.620e+00 2.723e-01
-2.610e+00 4.881e-01
-2.600e+00 4.260e-01
-2.590e+00 6.882e-01
-2.580e+00 1.351e-01
-2.570e+00 2.307e-01
-2.560e+00 6.105e-01
-2.550e+00 3.603e-01
-2.540e+00 3.917e-01
-2.530e+00 6.175e-01
-2.520e+00 1.044e+00
-2.510e+00 6.368e-01
-2.500e+00 1.644e-01
-2.490e+00 5.209e-01
-2.480e+00 8.111e-01
-2.470e+00 8.844e-01
-2.460e+00 8.787e-01
-2.450e+00 5.091e-01
-2.440e+00 8.406e-01
-2.430e+00 4.877e-01
-2.420e+00 2.372e-01
-2.410e+00 4.174e-01
-2.400e+00 5.883e-01
-2.390e+00 3.914e-01
-2.380e+00 7.266e-01
-2.370e+00 5.199e-01
-2.360e+00 4.571e-01
-2.350e+00 4.988e-01
-2.340e+00 3.845e-01
-2.330e+00 4.274e-01
-2.320e+00 3.050e-01
-2.310e+00 4.106e-01
-2.300e+00 8.551e-01
-2.290e+00 7.901e-01
-2.280e+00 8.136e-01
-2.270e+00 8.597e-01
-2.260e+00 5.588e-01
-2.250e+00 7.887e-01
-2.240e+00 7.416e-01
-2.230e+00 1.051e+00
-2.220e+00 8.293e-01
-2.210e+00 9.290e-01
-2.200e+00 4.644e-01
-2.190e+00 7.593e-02
-2.180e+00 3.403e-01
-2.170e+00 2.682e-01
-2.160e+00 1.774e-01
-2.150e+00 2.503e-01
-2.140e+00 8.278e-01
-2.130e+00 9.039e-01
-2.120e+00 4.545e-01
-2.110e+00 1.404e-01
-2.100e+00 5.377e-01
-2.090e+00 3.080e-01
-2.080e+00 6.057e-01
-2.070e+00 4.737e-01
-2.060e+00 4.147e-01
-2.050e+00 2.517e-01
-2.040e+00 9.791e-02
-2.030e+00 -2.741e-02
-2.020e+00 -1.431e-01
-2.010e+00 4.774e-01
-2.000e+00 5.634e-01
-1.990e+00 4.832e-01
-1.980e+00 3.231e-02
-1.970e+00 6.915e-01
-1.960e+00 3.136e-01
-1.950e+00 9.861e-01
-1.940e+00 5.762e-01
-1.930e+00 8.506e-01
-1.920e+00 3.769e-01
-1.910e+00 5.305e-01
-1.900e+00 6.874e-01
-1.890e+00 2.688e-01
-1.880e+00 -1.682e-01
-1.870e+00 -4.792e-02
-1.860e+00 6.113e-01
-1.850e+00 -1.899e-01
-1.840e+00 3.033e-01
-1.830e+00 3.859e-01
-1.820e+00 1.095e+00
-1.810e+00 1.306e+00
-1.800e+00 1.368e+00
-1.790e+00 8.204e-01
-1.780e+00 5.402e-01
-1.770e+00 2.281e-01
-1.760e+00 2.283e-01
-1.750e+00 -1.729e-01
-1.740e+00 3.488e-03
-1.730e+00 2.970e-01
-1.720e+00 1.498e-01
-1.710e+00 3.596e-01
-1.700e+00 4.214e-01
-1.690e+00 6.469e-01
-1.680e+00 1.393e+00
-1.670e+00 1.062e+00
-1.660e+00 4.650e-02
-1.650e+00 1.244e-01
-1.640e+00 6.561e-01
-1.630e+00 1.207e+00
-1.620e+00 9.066e-01
-1.610e+00 1.180e+00
-1.600e+00 1.150e+00
-1.590e+00 1.200e+00
-1.580e+00 1.830e+00
-1.570e+00 1.851e+00
-1.560e+00 1.415e+00
-1.550e+00 2.581e-01
-1.540e+00 2.611e-01
-1.530e+00 2.322e-02
-1.520e+00 5.374e-01
-1.510e+00 1.070e+00
-1.500e+00 9.010e-01
-1.490e+00 1.126e-01
-1.480e+00 5.465e-01
-1.470e+00 3.832e-01
-1.460e+00 4.139e-01
-1.450e+00 3.164e-01
-1.440e+00 7.364e-01
-1.430e+00 6.124e-01
-1.420e+00 4.065e-01
-1.410e+00 9.890e-01
-1.400e+00 3.892e-01
-1.390e+00 5.577e-01
-1.380e+00 2.391e-01
-1.370e+00 5.648e-01
-1.360e+00 -5.078e-01
-1.350e+00 6.800e-01
-1.340e+00 -6.350e-02
-1.330e+00 4.642e-01
-1.320e+00 2.314e-01
-1.310e+00 8.518e-01
-1.300e+00 6.297e-02
-1.290e+00 6.792e-01
-1.280e+00 -1.169e-01
-1.270e+00 4.882e-01
-1.260e+00 2.739e-01
-1.250e+00 1.275e+00
-1.240e+00 6.389e-01
-1.230e+00 4.802e-01
-1.220e+00 1.627e-01
-1.210e+00 1.347e+00
-1.200e+00 7.119e-01
-1.190e+00 3.881e-01
-1.180e+00 6.355e-01
-1.170e+00 3.598e-01
-1.160e+00 6.278e-01
-1.150e+00 1.025e+00
-1.140e+00 7.260e-01
-1.130e+00 7.767e-01
-1.120e+00 6.667e-01
-1.110e+00 5.184e-01
-1.100e+00 4.599e-01
-1.090e+00 2.309e-01
-1.080e+00 -5.377e-01
-1.070e+00 -1.200e-01
-1.060e+00 1.141e-01
-1.050e+00 3.949e-01
-1.040e+00 1.186e+00
-1.030e+00 2.367e-01
-1.020e+00 6.167e-01
-1.010e+00 6.897e-01
-1.000e+00 1.865e+00
-9.900e-01 1.221e+00
-9.800e-01 1.418e+00
-9.700e-01 1.036e+00
-9.600e-01 3.190e-01
-9.500e-01 4.308e-01
-9.400e-01 6.761e-01
-9.300e-01 9.559e-01
-9.200e-01 -2.323e-01
-9.100e-01 6.790e-01
-9.000e-01 3.656e-01
-8.900e-01 1.231e+00
-8.800e-01 7.265e-01
-8.700e-01 -1.421e-01
-8.600e-01 1.270e+00
-8.500e-01 5.090e-01
-8.400e-01 6.325e-01
-8.300e-01 4.685e-01
-8.200e-01 1.396e+00
-8.100e-01 6.043e-01
-8.000e-01 1.510e+00
-7.900e-01 6.626e-01
-7.800e-01 1.210e+00
-7.700e-01 9.656e-02
-7.600e-01 1.049e+00
-7.500e-01 1.098e+00
-7.400e-01 1.717e-02
-7.300e-01 -2.603e-01
-7.200e-01 9.385e-02
-7.100e-01 7.450e-01
-7.000e-01 8.316e-01
-6.900e-01 4.759e-01
-6.800e-01 2.154e-02
-6.700e-01 1.114e+00
-6.600e-01 1.743e-01
-6.500e-01 1.405e+00
-6.400e-01 2.838e-01
-6.300e-01 1.346e+00
-6.200e-01 6.808e-01
-6.100e-01 1.493e+00
-6.000e-01 9.983e-02
-5.900e-01 1.729e+00
-5.800e-01 6.036e-01
-5.700e-01 1.667e+00
-5.600e-01 7.755e-01
-5.500e-01 9.976e-01
-5.400e-01 -3.174e-01
-5.300e-01 8.356e-01
-5.200e-01 3.157e-01
-5.100e-01 2.504e-01
-5.000e-01 -3.421e-01
-4.900e-01 9.931e-01
-4.800e-01 5.856e-01
-4.700e-01 1.058e+00
-4.600e-01 7.900e-01
-4.500e-01 9.335e-01
-4.400e-01 6.736e-01
-4.300e-01 1.425e+00
-4.200e-01 1.289e+00
-4.100e-01 9.974e-01
-4.000e-01 1.090e+00
-3.900e-01 1.269e+00
-3.800e-01 1.392e+00
-3.700e-01 3.750e-01
-3.600e-01 1.156e+00
-3.500e-01 8.730e-01
-3.400e-01 1.999e+00
-3.300e-01 1.432e+00
-3.200e-01 2.107e+00
-3.100e-01 2.072e-01
-3.000e-01 1.704e+00
-2.900e-01 1.297e+00
-2.800e-01 1.187e+00
-2.700e-01 -9.484e-01
-2.600e-01 2.686e-01
-2.500e-01 1.374e-01
-2.400e-01 1.642e+00
-2.300e-01 1.812e+00
-2.200e-01 9.620e-01
-2.100e-01 2.899e+00
-2.000e-01 1.495e+00
-1.900e-01 1.381e+00
-1.800e-01 1.092e+00
-1.700e-01 1.176e+00
-1.600e-01 1.905e+00
-1.500e-01 4.263e+00
-1.400e-01 3.580e+00
-1.300e-01 3.064e+00
-1.200e-01 3.216e+00
-1.100e-01 3.159e+00
-1.000e-01 5.843e+00
-9.000e-02 -4.426e-01
-8.000e-02 -1.311e+00
-7.000e-02 2.417e+00
-6.000e-02 2.279e+00
-5.000e-02 1.246e+01
-4.000e-02 1.250e+01
-3.000e-02 1.981e+01
-2.000e-02 3.510e+01
-1.000e-02 5.547e+01
