# Frequency (1.0/ps)      real(fft(F_0))
0.000e+00 1.908e+02
1.000e-02 3.913e+01
2.000e-02 2.099e+01
3.000e-02 1.506e+01
4.000e-02 7.471e+00
5.000e-02 4.432e+00
6.000e-02 8.448e+00
7.000e-02 5.096e+00
8.000e-02 4.892e+00
9.000e-02 4.801e+00
1.000e-01 2.111e+00
1.100e-01 3.442e+00
1.200e-01 4.126e+00
1.300e-01 2.809e+00
1.400e-01 6.474e+00
1.500e-01 4.648e+00
1.600e-01 3.478e+00
1.700e-01 -6.851e-01
1.800e-01 1.096e-01
1.900e-01 6.991e-01
2.000e-01 -2.798e-02
2.100e-01 1.261e+00
2.200e-01 2.927e+00
2.300e-01 2.668e+00
2.400e-01 9.070e-01
2.500e-01 1.151e+00
2.600e-01 -3.776e-01
2.700e-01 1.386e+00
2.800e-01 5.544e-01
2.900e-01 -5.586e-02
3.000e-01 1.067e+00
3.100e-01 1.303e-01
3.200e-01 -1.524e-01
3.300e-01 7.764e-01
3.400e-01 5.563e-01
3.500e-01 -2.667e-01
3.600e-01 4.056e-01
3.700e-01 5.817e-01
3.800e-01 4.236e-01
3.900e-01 1.696e+00
4.000e-01 1.586e+00
4.100e-01 5.396e-01
4.200e-01 1.536e-01
4.300e-01 -4.253e-02
4.400e-01 4.417e-01
4.500e-01 9.055e-01
4.600e-01 3.699e-01
4.700e-01 1.540e+00
4.800e-01 1.502e+00
4.900e-01 1.302e+00
5.000e-01 1.995e+00
5.100e-01 1.446e+00
5.200e-01 9.493e-01
5.300e-01 1.162e+00
5.400e-01 1.286e+00
5.500e-01 8.728e-01
5.600e-01 7.020e-01
5.700e-01 1.709e+00
5.800e-01 5.721e-01
5.900e-01 3.960e-01
6.000e-01 2.835e+00
6.100e-01 9.069e-01
6.200e-01 8.134e-01
6.300e-01 8.931e-01
6.400e-01 7.860e-01
6.500e-01 5.404e-01
6.600e-01 8.710e-01
6.700e-01 -3.695e-01
6.800e-01 4.639e-01
6.900e-01 1.437e+00
7.000e-01 -1.439e-01
7.100e-01 3.425e-01
7.200e-01 3.819e-01
7.300e-01 2.297e-01
7.400e-01 2.043e-01
7.500e-01 1.127e+00
7.600e-01 8.934e-01
7.700e-01 -6.389e-01
7.800e-01 5.954e-01
7.900e-01 3.566e-01
8.000e-01 6.499e-01
8.100e-01 7.059e-01
8.200e-01 4.137e-01
8.300e-01 2.784e-01
8.400e-01 1.934e-01
8.500e-01 1.101e+00
8.600e-01 2.339e-01
8.700e-01 -2.053e-01
8.800e-01 4.158e-02
8.900e-01 6.190e-01
9.000e-01 -3.752e-01
9.100e-01 6.518e-01
9.200e-01 1.378e+00
9.300e-01 1.204e-01
9.400e-01 1.351e+00
9.500e-01 1.001e+00
9.600e-01 4.127e-01
9.700e-01 1.896e+00
9.800e-01 6.369e-01
9.900e-01 2.747e-01
1.000e+00 7.760e-01
1.010e+00 7.308e-01
1.020e+00 1.289e+00
1.030e+00 2.461e-01
1.040e+00 1.100e+00
1.050e+00 1.331e+00
1.060e+00 5.887e-01
1.070e+00 4.549e-01
1.080e+00 1.192e+00
1.090e+00 1.408e+00
1.100e+00 1.650e+00
1.110e+00 8.752e-01
1.120e+00 8.694e-01
1.130e+00 1.773e+00
1.140e+00 -7.184e-02
1.150e+00 1.094e+00
1.160e+00 6.986e-01
1.170e+00 8.300e-01
1.180e+00 4.802e-01
1.190e+00 2.162e-01
1.200e+00 1.815e-01
1.210e+00 7.567e-01
1.220e+00 8.334e-01
1.230e+00 2.971e-01
1.240e+00 -1.278e-01
1.250e+00 2.280e-01
1.260e+00 5.413e-01
1.270e+00 8.152e-01
1.280e+00 4.966e-01
1.290e+00 3.033e-01
1.300e+00 9.707e-01
1.310e+00 9.026e-01
1.320e+00 9.117e-01
1.330e+00 5.968e-01
1.340e+00 2.577e-01
1.350e+00 1.329e-01
1.360e+00 -1.802e-01
1.370e+00 1.508e-02
1.380e+00 5.752e-01
1.390e+00 1.049e+00
1.400e+00 6.081e-01
1.410e+00 6.168e-01
1.420e+00 9.093e-01
1.430e+00 1.336e+00
1.440e+00 7.011e-01
1.450e+00 1.118e+00
1.460e+00 1.562e+00
1.470e+00 1.157e+00
1.480e+00 9.614e-01
1.490e+00 7.036e-01
1.500e+00 3.853e-01
1.510e+00 3.832e-01
1.520e+00 4.959e-01
1.530e+00 1.096e+00
1.540e+00 5.367e-01
1.550e+00 6.859e-01
1.560e+00 6.248e-01
1.570e+00 5.946e-01
1.580e+00 9.515e-01
1.590e+00 7.917e-01
1.600e+00 2.371e-01
1.610e+00 6.596e-01
1.620e+00 5.091e-01
1.630e+00 1.700e-01
1.640e+00 9.541e-01
1.650e+00 5.013e-01
1.660e+00 6.870e-01
1.670e+00 4.194e-01
1.680e+00 7.315e-01
1.690e+00 2.033e-01
1.700e+00 -3.632e-02
1.710e+00 7.442e-01
1.720e+00 4.651e-01
1.730e+00 1.142e+00
1.740e+00 1.085e-01
1.750e+00 -1.598e-01
1.760e+00 -2.199e-01
1.770e+00 1.667e-01
1.780e+00 1.233e-01
1.790e+00 -1.124e-01
1.800e+00 4.954e-01
1.810e+00 3.275e-01
1.820e+00 5.006e-01
1.830e+00 7.657e-01
1.840e+00 6.053e-01
1.850e+00 1.527e-01
1.860e+00 2.754e-01
1.870e+00 4.559e-02
1.880e+00 1.235e-01
1.890e+00 -9.324e-02
1.900e+00 1.665e-01
1.910e+00 5.386e-01
1.920e+00 9.846e-01
1.930e+00 3.893e-01
1.940e+00 5.851e-01
1.950e+00 8.280e-01
1.960e+00 8.867e-01
1.970e+00 1.048e+00
1.980e+00 1.021e+00
1.990e+00 4.983e-01
2.000e+00 8.464e-02
2.010e+00 5.519e-01
2.020e+00 7.939e-01
2.030e+00 9.997e-01
2.040e+00 1.573e-01
2.050e+00 4.986e-01
2.060e+00 7.636e-01
2.070e+00 1.956e-01
2.080e+00 4.461e-01
2.090e+00 5.220e-01
2.100e+00 1.181e+00
2.110e+00 5.277e-01
2.120e+00 9.183e-01
2.130e+00 1.193e+00
2.140e+00 5.978e-01
2.150e+00 6.927e-01
2.160e+00 6.670e-01
2.170e+00 1.106e+00
2.180e+00 8.968e-01
2.190e+00 5.168e-01
2.200e+00 7.511e-02
2.210e+00 3.033e-01
2.220e+00 4.065e-01
2.230e+00 2.263e-01
2.240e+00 5.898e-01
2.250e+00 6.697e-01
2.260e+00 4.618e-01
2.270e+00 1.608e-01
2.280e+00 5.897e-01
2.290e+00 2.301e-01
2.300e+00 4.506e-01
2.310e+00 6.310e-01
2.320e+00 1.373e-01
2.330e+00 2.708e-01
2.340e+00 2.668e-01
2.350e+00 5.401e-01
2.360e+00 2.673e-01
2.370e+00 3.721e-01
2.380e+00 2.819e-01
2.390e+00 3.474e-01
2.400e+00 5.094e-01
2.410e+00 3.707e-01
2.420e+00 1.895e-01
2.430e+00 7.431e-01
2.440e+00 4.527e-01
2.450e+00 3.073e-01
2.460e+00 6.093e-02
2.470e+00 8.876e-01
2.480e+00 3.768e-01
2.490e+00 3.425e-01
2.500e+00 8.026e-01
2.510e+00 3.139e-01
2.520e+00 5.568e-01
2.530e+00 6.916e-01
2.540e+00 6.785e-01
2.550e+00 3.789e-01
2.560e+00 6.388e-01
2.570e+00 -4.889e-02
2.580e+00 3.137e-01
2.590e+00 6.306e-01
2.600e+00 5.209e-01
2.610e+00 4.118e-01
2.620e+00 2.487e-01
2.630e+00 6.359e-01
2.640e+00 4.762e-01
2.650e+00 4.905e-01
2.660e+00 8.390e-01
2.670e+00 2.457e-01
2.680e+00 4.044e-01
2.690e+00 2.488e-01
2.700e+00 6.448e-01
2.710e+00 6.349e-01
2.720e+00 3.869e-01
2.730e+00 5.045e-01
2.740e+00 4.124e-01
2.750e+00 4.412e-01
2.760e+00 3.425e-01
2.770e+00 6.488e-01
2.780e+00 2.893e-01
2.790e+00 4.739e-01
2.800e+00 9.662e-01
2.810e+00 6.742e-01
2.820e+00 6.091e-01
2.830e+00 3.951e-01
2.840e+00 5.883e-01
2.850e+00 5.670e-01
2.860e+00 6.457e-01
2.870e+00 4.555e-01
2.880e+00 5.268e-01
2.890e+00 2.992e-01
2.900e+00 9.764e-01
2.910e+00 6.926e-01
2.920e+00 3.998e-01
2.930e+00 7.693e-01
2.940e+00 6.991e-01
2.950e+00 4.491e-01
2.960e+00 4.177e-01
2.970e+00 3.413e-01
2.980e+00 5.429e-01
2.990e+00 3.580e-01
3.000e+00 2.636e-01
3.010e+00 8.480e-01
3.020e+00 6.275e-01
3.030e+00 7.231e-01
3.040e+00 5.231e-01
3.050e+00 -8.043e-02
3.060e+00 2.466e-01
3.070e+00 6.436e-01
3.080e+00 4.539e-01
3.090e+00 5.463e-01
3.100e+00 3.128e-01
3.110e+00 4.834e-01
3.120e+00 2.040e-01
3.130e+00 3.577e-01
3.140e+00 4.655e-01
3.150e+00 5.774e-01
3.160e+00 6.266e-01
3.170e+00 -6.643e-03
3.180e+00 4.879e-01
3.190e+00 5.972e-01
3.200e+00 4.506e-01
3.210e+00 3.939e-01
3.220e+00 1.936e-01
3.230e+00 2.956e-01
3.240e+00 6.843e-01
3.250e+00 5.392e-01
3.260e+00 9.622e-02
3.270e+00 8.585e-01
3.280e+00 5.333e-01
3.290e+00 5.908e-01
3.300e+00 1.001e+00
3.310e+00 8.109e-01
3.320e+00 5.484e-01
3.330e+00 3.918e-01
3.340e+00 8.664e-01
3.350e+00 2.667e-01
3.360e+00 5.156e-01
3.370e+00 1.053e+00
3.380e+00 8.477e-01
3.390e+00 4.155e-01
3.400e+00 3.737e-01
3.410e+00 4.816e-01
3.420e+00 3.027e-01
3.430e+00 6.315e-01
3.440e+00 9.784e-01
3.450e+00 8.499e-01
3.460e+00 8.986e-01
3.470e+00 2.672e-01
3.480e+00 4.686e-01
3.490e+00 9.402e-01
3.500e+00 4.409e-01
3.510e+00 6.799e-01
3.520e+00 5.522e-01
3.530e+00 9.671e-01
3.540e+00 2.791e-01
3.550e+00 2.209e-01
3.560e+00 5.215e-01
3.570e+00 2.316e-01
3.580e+00 4.094e-01
3.590e+00 8.654e-01
3.600e+00 4.506e-01
3.610e+00 6.665e-01
3.620e+00 5.295e-01
3.630e+00 5.111e-01
3.640e+00 2.220e-01
3.650e+00 5.023e-01
3.660e+00 2.584e-01
3.670e+00 6.199e-01
3.680e+00 6.077e-01
3.690e+00 8.777e-01
3.700e+00 1.351e-01
3.710e+00 6.400e-01
3.720e+00 8.310e-01
3.730e+00 9.436e-01
3.740e+00 6.183e-01
3.750e+00 7.840e-01
3.760e+00 8.930e-01
3.770e+00 3.817e-01
3.780e+00 3.046e-01
3.790e+00 4.093e-01
3.800e+00 -4.334e-03
3.810e+00 4.610e-01
3.820e+00 6.755e-01
3.830e+00 6.799e-01
3.840e+00 5.047e-01
3.850e+00 5.945e-01
3.860e+00 6.723e-01
3.870e+00 8.284e-01
3.880e+00 9.055e-01
3.890e+00 7.984e-01
3.900e+00 6.681e-01
3.910e+00 5.333e-01
3.920e+00 4.469e-01
3.930e+00 5.564e-01
3.940e+00 -2.500e-03
3.950e+00 7.327e-01
3.960e+00 9.793e-01
3.970e+00 1.015e-01
3.980e+00 1.769e-01
3.990e+00 4.987e-01
4.000e+00 2.818e-01
4.010e+00 4.286e-01
4.020e+00 3.636e-01
4.030e+00 4.210e-01
4.040e+00 2.997e-01
4.050e+00 6.063e-01
4.060e+00 3.963e-01
4.070e+00 3.399e-02
4.080e+00 2.905e-02
4.090e+00 3.692e-01
4.100e+00 6.727e-01
4.110e+00 3.135e-01
4.120e+00 1.433e-01
4.130e+00 1.566e-01
4.140e+00 5.812e-01
4.150e+00 6.091e-01
4.160e+00 4.755e-01
4.170e+00 2.003e-01
4.180e+00 6.550e-01
4.190e+00 5.548e-01
4.200e+00 -8.267e-02
4.210e+00 3.622e-01
4.220e+00 1.366e-01
4.230e+00 -6.211e-02
4.240e+00 5.715e-01
4.250e+00 3.828e-01
4.260e+00 4.408e-01
4.270e+00 6.021e-02
4.280e+00 3.919e-01
4.290e+00 2.924e-01
4.300e+00 -2.441e-01
4.310e+00 1.600e-01
4.320e+00 3.725e-01
4.330e+00 2.107e-01
4.340e+00 9.174e-03
4.350e+00 -3.448e-02
4.360e+00 -3.918e-02
4.370e+00 7.772e-01
4.380e+00 5.533e-01
4.390e+00 4.749e-01
4.400e+00 5.769e-01
4.410e+00 5.364e-01
4.420e+00 2.151e-01
4.430e+00 3.547e-01
4.440e+00 3.849e-01
4.450e+00 5.035e-01
4.460e+00 4.106e-01
4.470e+00 1.579e-01
4.480e+00 1.777e-01
4.490e+00 3.616e-01
4.500e+00 5.145e-01
4.510e+00 4.966e-01
4.520e+00 7.488e-01
4.530e+00 1.190e+00
4.540e+00 5.823e-01
4.550e+00 4.397e-01
4.560e+00 6.201e-01
4.570e+00 2.147e-01
4.580e+00 5.307e-01
4.590e+00 3.740e-01
4.600e+00 6.473e-01
4.610e+00 3.566e-01
4.620e+00 1.597e-01
4.630e+00 -1.980e-01
4.640e+00 3.690e-01
4.650e+00 6.390e-01
4.660e+00 6.598e-01
4.670e+00 8.826e-01
4.680e+00 7.318e-01
4.690e+00 4.916e-01
4.700e+00 3.242e-01
4.710e+00 8.719e-02
4.720e+00 2.757e-01
4.730e+00 4.812e-01
4.740e+00 5.089e-02
4.750e+00 4.268e-01
4.760e+00 3.022e-01
4.770e+00 1.689e-01
4.780e+00 9.037e-02
4.790e+00 5.624e-01
4.800e+00 5.830e-01
4.810e+00 6.495e-01
4.820e+00 5.026e-01
4.830e+00 5.848e-01
4.840e+00 1.066e+00
4.850e+00 1.173e+00
4.860e+00 5.582e-01
4.870e+00 7.530e-01
4.880e+00 7.915e-01
4.890e+00 5.015e-01
4.900e+00 8.888e-01
4.910e+00 9.794e-01
4.920e+00 6.210e-01
4.930e+00 5.631e-01
4.940e+00 7.121e-01
4.950e+00 6.872e-01
4.960e+00 4.409e-01
4.970e+00 2.580e-01
4.980e+00 6.596e-01
4.990e+00 6.538e-01
-5.000e+00 9.726e-01
-4.990e+00 6.538e-01
-4.980e+00 6.596e-01
-4.970e+00 2.580e-01
-4.960e+00 4.409e-01
-4.950e+00 6.872e-01
-4.940e+00 7.121e-01
-4.930e+00 5.631e-01
-4.920e+00 6.210e-01
-4.910e+00 9.794e-01
-4.900e+00 8.888e-01
-4.890e+00 5.015e-01
-4.880e+00 7.915e-01
-4.870e+00 7.530e-01
-4.860e+00 5.582e-01
-4.850e+00 1.173e+00
-4.840e+00 1.066e+00
-4.830e+00 5.848e-01
-4.820e+00 5.026e-01
-4.810e+00 6.495e-01
-4.800e+00 5.830e-01
-4.790e+00 5.624e-01
-4.780e+00 9.037e-02
-4.770e+00 1.689e-01
-4.760e+00 3.022e-01
-4.750e+00 4.268e-01
-4.740e+00 5.089e-02
-4.730e+00 4.812e-01
-4.720e+00 2.757e-01
-4.710e+00 8.719e-02
-4.700e+00 3.242e-01
-4.690e+00 4.916e-01
-4.680e+00 7.318e-01
-4.670e+00 8.826e-01
-4.660e+00 6.598e-01
-4.650e+00 6.390e-01
-4.640e+00 3.690e-01
-4.630e+00 -1.980e-01
-4.620e+00 1.597e-01
-4.610e+00 3.566e-01
-4.600e+00 6.473e-01
-4.590e+00 3.740e-01
-4.580e+00 5.307e-01
-4.570e+00 2.147e-01
-4.560e+00 6.201e-01
-4.550e+00 4.397e-01
-4.540e+00 5.823e-01
-4.530e+00 1.190e+00
-4.520e+00 7.488e-01
-4.510e+00 4.966e-01
-4.500e+00 5.145e-01
-4.490e+00 3.616e-01
-4.480e+00 1.777e-01
-4.470e+00 1.579e-01
-4.460e+00 4.106e-01
-4.450e+00 5.035e-01
-4.440e+00 3.849e-01
-4.430e+00 3.547e-01
-4.420e+00 2.151e-01
-4.410e+00 5.364e-01
-4.400e+00 5.769e-01
-4.390e+00 4.749e-01
-4.380e+00 5.533e-01
-4.370e+00 7.772e-01
-4.360e+00 -3.918e-02
-4.350e+00 -3.448e-02
-4.340e+00 9.174e-03
-4.330e+00 2.107e-01
-4.320e+00 3.725e-01
-4.310e+00 1.600e-01
-4.300e+00 -2.441e-01
-4.290e+00 2.924e-01
-4.280e+00 3.919e-01
-4.270e+00 6.021e-02
-4.260e+00 4.408e-01
-4.250e+00 3.828e-01
-4.240e+00 5.715e-01
-4.230e+00 -6.211e-02
-4.220e+00 1.366e-01
-4.210e+00 3.622e-01
-4.200e+00 -8.267e-02
-4.190e+00 5.548e-01
-4.180e+00 6.550e-01
-4.170e+00 2.003e-01
-4.160e+00 4.755e-01
-4.150e+00 6.091e-01
-4.140e+00 5.812e-01
-4.130e+00 1.566e-01
-4.120e+00 1.433e-01
-4.110e+00 3.135e-01
-4.100e+00 6.727e-01
-4.090e+00 3.692e-01
-4.080e+00 2.905e-02
-4.070e+00 3.399e-02
-4.060e+00 3.963e-01
-4.050e+00 6.063e-01
-4.040e+00 2.997e-01
-4.030e+00 4.210e-01
-4.020e+00 3.636e-01
-4.010e+00 4.286e-01
-4.000e+00 2.818e-01
-3.990e+00 4.987e-01
-3.980e+00 1.769e-01
-3.970e+00 1.015e-01
-3.960e+00 9.793e-01
-3.950e+00 7.327e-01
-3.940e+00 -2.500e-03
-3.930e+00 5.564e-01
-3.920e+00 4.469e-01
-3.910e+00 5.333e-01
-3.900e+00 6.681e-01
-3.890e+00 7.984e-01
-3.880e+00 9.055e-01
-3.870e+00 8.284e-01
-3.860e+00 6.723e-01
-3.850e+00 5.945e-01
-3.840e+00 5.047e-01
-3.830e+00 6.799e-01
-3.820e+00 6.755e-01
-3.810e+00 4.610e-01
-3.800e+00 -4.334e-03
-3.790e+00 4.093e-01
-3.780e+00 3.046e-01
-3.770e+00 3.817e-01
-3.760e+00 8.930e-01
-3.750e+00 7.840e-01
-3.740e+00 6.183e-01
-3.730e+00 9.436e-01
-3.720e+00 8.310e-01
-3.710e+00 6.400e-01
-3.700e+00 1.351e-01
-3.690e+00 8.777e-01
-3.680e+00 6.077e-01
-3.670e+00 6.199e-01
-3.660e+00 2.584e-01
-3.650e+00 5.023e-01
-3.640e+00 2.220e-01
-3.630e+00 5.111e-01
-3.620e+00 5.295e-01
-3.610e+00 6.665e-01
-3.600e+00 4.506e-01
-3.590e+00 8.654e-01
-3.580e+00 4.094e-01
-3.570e+00 2.316e-01
-3.560e+00 5.215e-01
-3.550e+00 2.209e-01
-3.540e+00 2.791e-01
-3.530e+00 9.671e-01
-3.520e+00 5.522e-01
-3.510e+00 6.799e-01
-3.500e+00 4.409e-01
-3.490e+00 9.402e-01
-3.480e+00 4.686e-01
-3.470e+00 2.672e-01
-3.460e+00 8.986e-01
-3.450e+00 8.499e-01
-3.440e+00 9.784e-01
-3.430e+00 6.315e-01
-3.420e+00 3.027e-01
-3.410e+00 4.816e-01
-3.400e+00 3.737e-01
-3.390e+00 4.155e-01
-3.380e+00 8.477e-01
-3.370e+00 1.053e+00
-3.360e+00 5.156e-01
-3.350e+00 2.667e-01
-3.340e+00 8.664e-01
-3.330e+00 3.918e-01
-3.320e+00 5.484e-01
-3.310e+00 8.109e-01
-3.300e+00 1.001e+00
-3.290e+00 5.908e-01
-3.280e+00 5.333e-01
-3.270e+00 8.585e-01
-3.260e+00 9.622e-02
-3.250e+00 5.392e-01
-3.240e+00 6.843e-01
-3.230e+00 2.956e-01
-3.220e+00 1.936e-01
-3.210e+00 3.939e-01
-3.200e+00 4.506e-01
-3.190e+00 5.972e-01
-3.180e+00 4.879e-01
-3.170e+00 -6.643e-03
-3.160e+00 6.266e-01
-3.150e+00 5.774e-01
-3.140e+00 4.655e-01
-3.130e+00 3.577e-01
-3.120e+00 2.040e-01
-3.110e+00 4.834e-01
-3.100e+00 3.128e-01
-3.090e+00 5.463e-01
-3.080e+00 4.539e-01
-3.070e+00 6.436e-01
-3.060e+00 2.466e-01
-3.050e+00 -8.043e-02
-3.040e+00 5.231e-01
-3.030e+00 7.231e-01
-3.020e+00 6.275e-01
-3.010e+00 8.480e-01
-3.000e+00 2.636e-01
-2.990e+00 3.580e-01
-2.980e+00 5.429e-01
-2.970e+00 3.413e-01
-2.960e+00 4.177e-01
-2.950e+00 4.491e-01
-2.940e+00 6.991e-01
-2.930e+00 7.693e-01
-2.920e+00 3.998e-01
-2.910e+00 6.926e-01
-2.900e+00 9.764e-01
-2.890e+00 2.992e-01
-2.880e+00 5.268e-01
-2.870e+00 4.555e-01
-2.860e+00 6.457e-01
-2.850e+00 5.670e-01
-2.840e+00 5.883e-01
-2.830e+00 3.951e-01
-2.820e+00 6.091e-01
-2.810e+00 6.742e-01
-2.800e+00 9.662e-01
-2.790e+00 4.739e-01
-2.780e+00 2.893e-01
-2.770e+00 6.488e-01
-2.760e+00 3.425e-01
-2.750e+00 4.412e-01
-2.740e+00 4.124e-01
-2.730e+00 5.045e-01
-2.720e+00 3.869e-01
-2.710e+00 6.349e-01
-2.700e+00 6.448e-01
-2.690e+00 2.488e-01
-2.680e+00 4.044e-01
-2.670e+00 2.457e-01
-2.660e+00 8.390e-01
-2.650e+00 4.905e-01
-2.640e+00 4.762e-01
-2.630e+00 6.359e-01
-2.620e+00 2.487e-01
-2.610e+00 4.118e-01
-2.600e+00 5.209e-01
-2.590e+00 6.306e-01
-2.580e+00 3.137e-01
-2.570e+00 -4.889e-02
-2.560e+00 6.388e-01
-2.550e+00 3.789e-01
-2.540e+00 6.785e-01
-2.530e+00 6.916e-01
-2.520e+00 5.568e-01
-2.510e+00 3.139e-01
-2.500e+00 8.026e-01
-2.490e+00 3.425e-01
-2.480e+00 3.768e-01
-2.470e+00 8.876e-01
-2.460e+00 6.093e-02
-2.450e+00 3.073e-01
-2.440e+00 4.527e-01
-2.430e+00 7.431e-01
-2.420e+00 1.895e-01
-2.410e+00 3.707e-01
-2.400e+00 5.094e-01
-2.390e+00 3.474e-01
-2.380e+00 2.819e-01
-2.370e+00 3.721e-01
-2.360e+00 2.673e-01
-2.350e+00 5.401e-01
-2.340e+00 2.668e-01
-2.330e+00 2.708e-01
-2.320e+00 1.373e-01
-2.310e+00 6.310e-01
-2.300e+00 4.506e-01
-2.290e+00 2.301e-01
-2.280e+00 5.897e-01
-2.270e+00 1.608e-01
-2.260e+00 4.618e-01
-2.250e+00 6.697e-01
-2.240e+00 5.898e-01
-2.230e+00 2.263e-01
-2.220e+00 4.065e-01
-2.210e+00 3.033e-01
-2.200e+00 7.511e-02
-2.190e+00 5.168e-01
-2.180e+00 8.968e-01
-2.170e+00 1.106e+00
-2.160e+00 6.670e-01
-2.150e+00 6.927e-01
-2.140e+00 5.978e-01
-2.130e+00 1.193e+00
-2.120e+00 9.183e-01
-2.110e+00 5.277e-01
-2.100e+00 1.181e+00
-2.090e+00 5.220e-01
-2.080e+00 4.461e-01
-2.070e+00 1.956e-01
-2.060e+00 7.636e-01
-2.050e+00 4.986e-01
-2.040e+00 1.573e-01
-2.030e+00 9.997e-01
-2.020e+00 7.939e-01
-2.010e+00 5.519e-01
-2.000e+00 8.464e-02
-1.990e+00 4.983e-01
-1.980e+00 1.021e+00
-1.970e+00 1.048e+00
-1.960e+00 8.867e-01
-1.950e+00 8.280e-01
-1.940e+00 5.851e-01
-1.930e+00 3.893e-01
-1.920e+00 9.846e-01
-1.910e+00 5.386e-01
-1.900e+00 1.665e-01
-1.890e+00 -9.324e-02
-1.880e+00 1.235e-01
-1.870e+00 4.559e-02
-1.860e+00 2.754e-01
-1.850e+00 1.527e-01
-1.840e+00 6.053e-01
-1.830e+00 7.657e-01
-1.820e+00 5.006e-01
-1.810e+00 3.275e-01
-1.800e+00 4.954e-01
-1.790e+00 -1.124e-01
-1.780e+00 1.233e-01
-1.770e+00 1.667e-01
-1.760e+00 -2.199e-01
-1.750e+00 -1.598e-01
-1.740e+00 1.085e-01
-1.730e+00 1.142e+00
-1.720e+00 4.651e-01
-1.710e+00 7.442e-01
-1.700e+00 -3.632e-02
-1.690e+00 2.033e-01
-1.680e+00 7.315e-01
-1.670e+00 4.194e-01
-1.660e+00 6.870e-01
-1.650e+00 5.013e-01
-1.640e+00 9.541e-01
-1.630e+00 1.700e-01
-1.620e+00 5.091e-01
-1.610e+00 6.596e-01
-1.600e+00 2.371e-01
-1.590e+00 7.917e-01
-1.580e+00 9.515e-01
-1.570e+00 5.946e-01
-1.560e+00 6.248e-01
-1.550e+00 6.859e-01
-1.540e+00 5.367e-01
-1.530e+00 1.096e+00
-1.520e+00 4.959e-01
-1.510e+00 3.832e-01
-1.500e+00 3.853e-01
-1.490e+00 7.036e-01
-1.480e+00 9.614e-01
-1.470e+00 1.157e+00
-1.460e+00 1.562e+00
-1.450e+00 1.118e+00
-1.440e+00 7.011e-01
-1.430e+00 1.336e+00
-1.420e+00 9.093e-01
-1.410e+00 6.168e-01
-1.400e+00 6.081e-01
-1.390e+00 1.049e+00
-1.380e+00 5.752e-01
-1.370e+00 1.508e-02
-1.360e+00 -1.802e-01
-1.350e+00 1.329e-01
-1.340e+00 2.577e-01
-1.330e+00 5.968e-01
-1.320e+00 9.117e-01
-1.310e+00 9.026e-01
-1.300e+00 9.707e-01
-1.290e+00 3.033e-01
-1.280e+00 4.966e-01
-1.270e+00 8.152e-01
-1.260e+00 5.413e-01
-1.250e+00 2.280e-01
-1.240e+00 -1.278e-01
-1.230e+00 2.971e-01
-1.220e+00 8.334e-01
-1.210e+00 7.567e-01
-1.200e+00 1.815e-01
-1.190e+00 2.162e-01
-1.180e+00 4.802e-01
-1.170e+00 8.300e-01
-1.160e+00 6.986e-01
-1.150e+00 1.094e+00
-1.140e+00 -7.184e-02
-1.130e+00 1.773e+00
-1.120e+00 8.694e-01
-1.110e+00 8.752e-01
-1.100e+00 1.650e+00
-1.090e+00 1.408e+00
-1.080e+00 1.192e+00
-1.070e+00 4.549e-01
-1.060e+00 5.887e-01
-1.050e+00 1.331e+00
-1.040e+00 1.100e+00
-1.030e+00 2.461e-01
-1.020e+00 1.289e+00
-1.010e+00 7.308e-01
-1.000e+00 7.760e-01
-9.900e-01 2.747e-01
-9.800e-01 6.369e-01
-9.700e-01 1.896e+00
-9.600e-01 4.127e-01
-9.500e-01 1.001e+00
-9.400e-01 1.351e+00
-9.300e-01 1.204e-01
-9.200e-01 1.378e+00
-9.100e-01 6.518e-01
-9.000e-01 -3.752e-01
-8.900e-01 6.190e-01
-8.800e-01 4.158e-02
-8.700e-01 -2.053e-01
-8.600e-01 2.339e-01
-8.500e-01 1.101e+00
-8.400e-01 1.934e-01
-8.300e-01 2.784e-01
-8.200e-01 4.137e-01
-8.100e-01 7.059e-01
-8.000e-01 6.499e-01
-7.900e-01 3.566e-01
-7.800e-01 5.954e-01
-7.700e-01 -6.389e-01
-7.600e-01 8.934e-01
-7.500e-01 1.127e+00
-7.400e-01 2.043e-01
-7.300e-01 2.297e-01
-7.200e-01 3.819e-01
-7.100e-01 3.425e-01
-7.000e-01 -1.439e-01
-6.900e-01 1.437e+00
-6.800e-01 4.639e-01
-6.700e-01 -3.695e-01
-6.600e-01 8.710e-01
-6.500e-01 5.404e-01
-6.400e-01 7.860e-01
-6.300e-01 8.931e-01
-6.200e-01 8.134e-01
-6.100e-01 9.069e-01
-6.000e-01 2.835e+00
-5.900e-01 3.960e-01
-5.800e-01 5.721e-01
-5.700e-01 1.709e+00
-5.600e-01 7.020e-01
-5.500e-01 8.728e-01
-5.400e-01 1.286e+00
-5.300e-01 1.162e+00
-5.200e-01 9.493e-01
-5.100e-01 1.446e+00
-5.000e-01 1.995e+00
-4.900e-01 1.302e+00
-4.800e-01 1.502e+00
-4.700e-01 1.540e+00
-4.600e-01 3.699e-01
-4.500e-01 9.055e-01
-4.400e-01 4.417e-01
-4.300e-01 -4.253e-02
-4.200e-01 1.536e-01
-4.100e-01 5.396e-01
-4.000e-01 1.586e+00
-3.900e-01 1.696e+00
-3.800e-01 4.236e-01
-3.700e-01 5.817e-01
-3.600e-01 4.056e-01
-3.500e-01 -2.667e-01
-3.400e-01 5.563e-01
-3.300e-01 7.764e-01
-3.200e-01 -1.524e-01
-3.100e-01 1.303e-01
-3.000e-01 1.067e+00
-2.900e-01 -5.586e-02
-2.800e-01 5.544e-01
-2.700e-01 1.386e+00
-2.600e-01 -3.776e-01
-2.500e-01 1.151e+00
-2.400e-01 9.070e-01
-2.300e-01 2.668e+00
-2.200e-01 2.927e+00
-2.100e-01 1.261e+00
-2.000e-01 -2.798e-02
-1.900e-01 6.991e-01
-1.800e-01 1.096e-01
-1.700e-01 -6.851e-01
-1.600e-01 3.478e+00
-1.500e-01 4.648e+00
-1.400e-01 6.474e+00
-1.300e-01 2.809e+00
-1.200e-01 4.126e+00
-1.100e-01 3.442e+00
-1.000e-01 2.111e+00
-9.000e-02 4.801e+00
-8.000e-02 4.892e+00
-7.000e-02 5.096e+00
-6.000e-02 8.448e+00
-5.000e-02 4.432e+00
-4.000e-02 7.471e+00
-3.000e-02 1.506e+01
-2.000e-02 2.099e+01
-1.000e-02 3.913e+01
