# Frequency (1.0/ps)      real(fft(F_2))
0.000e+00 2.158e+02
1.000e-02 4.656e+01
2.000e-02 2.248e+01
3.000e-02 6.556e+00
4.000e-02 1.116e+01
5.000e-02 4.154e+00
6.000e-02 4.554e+00
7.000e-02 3.690e+00
8.000e-02 6.600e+00
9.000e-02 4.626e+00
1.000e-01 3.173e+00
1.100e-01 1.698e+00
1.200e-01 1.256e+00
1.300e-01 3.941e+00
1.400e-01 3.454e+00
1.500e-01 3.230e+00
1.600e-01 1.473e+00
1.700e-01 1.147e-02
1.800e-01 -1.199e+00
1.900e-01 1.776e+00
2.000e-01 2.696e+00
2.100e-01 1.684e+00
2.200e-01 5.935e-01
2.300e-01 -8.933e-01
2.400e-01 1.341e-01
2.500e-01 1.746e+00
2.600e-01 1.337e+00
2.700e-01 8.483e-01
2.800e-01 1.235e+00
2.900e-01 1.360e+00
3.000e-01 7.570e-01
3.100e-01 1.743e+00
3.200e-01 1.104e+00
3.300e-01 1.794e+00
3.400e-01 -5.427e-01
3.500e-01 1.058e-01
3.600e-01 5.583e-01
3.700e-01 2.081e+00
3.800e-01 3.160e-01
3.900e-01 1.304e+00
4.000e-01 6.908e-01
4.100e-01 9.410e-01
4.200e-01 1.008e-01
4.300e-01 -3.622e-01
4.400e-01 6.421e-01
4.500e-01 1.165e+00
4.600e-01 7.002e-01
4.700e-01 7.870e-01
4.800e-01 5.777e-01
4.900e-01 1.243e+00
5.000e-01 -8.275e-02
5.100e-01 1.976e+00
5.200e-01 -1.520e-01
5.300e-01 8.273e-01
5.400e-01 4.641e-01
5.500e-01 1.354e+00
5.600e-01 1.942e+00
5.700e-01 1.423e+00
5.800e-01 1.526e+00
5.900e-01 8.075e-01
6.000e-01 8.270e-01
6.100e-01 -3.081e-01
6.200e-01 5.594e-01
6.300e-01 1.205e+00
6.400e-01 8.607e-01
6.500e-01 1.678e-01
6.600e-01 6.850e-01
6.700e-01 3.574e-01
6.800e-01 8.124e-01
6.900e-01 1.060e+00
7.000e-01 -5.529e-01
7.100e-01 1.166e+00
7.200e-01 3.643e-01
7.300e-01 1.173e+00
7.400e-01 1.942e+00
7.500e-01 1.821e+00
7.600e-01 1.053e+00
7.700e-01 5.853e-01
7.800e-01 1.284e+00
7.900e-01 1.819e+00
8.000e-01 1.582e+00
8.100e-01 1.111e+00
8.200e-01 9.115e-01
8.300e-01 1.453e+00
8.400e-01 4.119e-01
8.500e-01 1.033e+00
8.600e-01 6.587e-01
8.700e-01 2.059e+00
8.800e-01 1.063e+00
8.900e-01 1.395e+00
9.000e-01 1.214e+00
9.100e-01 1.028e+00
9.200e-01 -2.309e-01
9.300e-01 9.241e-01
9.400e-01 1.925e-03
9.500e-01 1.230e-01
9.600e-01 2.008e-01
9.700e-01 8.315e-01
9.800e-01 7.681e-02
9.900e-01 8.780e-01
1.000e+00 9.862e-01
1.010e+00 4.911e-01
1.020e+00 7.177e-01
1.030e+00 3.138e-01
1.040e+00 -6.126e-01
1.050e+00 4.028e-01
1.060e+00 8.685e-02
1.070e+00 5.195e-01
1.080e+00 3.434e-02
1.090e+00 9.972e-01
1.100e+00 1.008e+00
1.110e+00 7.721e-01
1.120e+00 1.604e+00
1.130e+00 1.295e+00
1.140e+00 5.935e-01
1.150e+00 7.686e-01
1.160e+00 1.224e+00
1.170e+00 1.287e+00
1.180e+00 1.641e+00
1.190e+00 7.917e-01
1.200e+00 5.888e-01
1.210e+00 5.714e-01
1.220e+00 9.559e-01
1.230e+00 9.665e-01
1.240e+00 1.310e+00
1.250e+00 7.188e-01
1.260e+00 6.379e-01
1.270e+00 1.540e+00
1.280e+00 7.233e-01
1.290e+00 1.238e+00
1.300e+00 1.206e+00
1.310e+00 9.249e-01
1.320e+00 8.263e-01
1.330e+00 9.463e-01
1.340e+00 1.161e+00
1.350e+00 7.300e-01
1.360e+00 1.496e+00
1.370e+00 1.759e+00
1.380e+00 1.808e+00
1.390e+00 1.197e+00
1.400e+00 1.364e+00
1.410e+00 4.104e-01
1.420e+00 9.624e-01
1.430e+00 6.802e-01
1.440e+00 5.938e-01
1.450e+00 2.438e-02
1.460e+00 3.394e-01
1.470e+00 3.712e-01
1.480e+00 5.116e-01
1.490e+00 1.418e+00
1.500e+00 9.186e-01
1.510e+00 3.441e-01
1.520e+00 4.860e-01
1.530e+00 3.960e-01
1.540e+00 -9.838e-02
1.550e+00 7.008e-01
1.560e+00 6.798e-01
1.570e+00 7.808e-01
1.580e+00 3.398e-01
1.590e+00 -1.523e-02
1.600e+00 1.910e-01
1.610e+00 -1.928e-01
1.620e+00 1.002e-02
1.630e+00 8.874e-03
1.640e+00 3.819e-01
1.650e+00 3.445e-01
1.660e+00 5.664e-01
1.670e+00 2.578e-02
1.680e+00 5.653e-01
1.690e+00 5.460e-01
1.700e+00 5.898e-01
1.710e+00 8.348e-01
1.720e+00 3.769e-01
1.730e+00 5.742e-01
1.740e+00 5.166e-01
1.750e+00 7.656e-01
1.760e+00 4.499e-01
1.770e+00 7.503e-01
1.780e+00 6.238e-01
1.790e+00 9.619e-01
1.800e+00 8.029e-01
1.810e+00 4.421e-01
1.820e+00 1.448e-01
1.830e+00 7.513e-01
1.840e+00 1.046e+00
1.850e+00 2.470e-01
1.860e+00 2.768e-01
1.870e+00 6.144e-01
1.880e+00 2.005e-01
1.890e+00 3.520e-01
1.900e+00 4.999e-01
1.910e+00 1.187e+00
1.920e+00 9.579e-02
1.930e+00 1.184e+00
1.940e+00 2.215e-01
1.950e+00 7.678e-01
1.960e+00 5.931e-01
1.970e+00 5.040e-01
1.980e+00 -4.356e-01
1.990e+00 2.993e-01
2.000e+00 1.150e-01
2.010e+00 3.968e-01
2.020e+00 6.486e-01
2.030e+00 5.056e-01
2.040e+00 9.112e-01
2.050e+00 1.872e-01
2.060e+00 -1.222e-01
2.070e+00 2.573e-01
2.080e+00 6.693e-01
2.090e+00 8.562e-01
2.100e+00 1.003e+00
2.110e+00 3.592e-01
2.120e+00 3.731e-01
2.130e+00 6.742e-01
2.140e+00 6.954e-01
2.150e+00 5.445e-01
2.160e+00 8.934e-01
2.170e+00 5.563e-01
2.180e+00 3.287e-01
2.190e+00 3.745e-01
2.200e+00 -7.083e-02
2.210e+00 -1.690e-01
2.220e+00 9.366e-02
2.230e+00 6.847e-01
2.240e+00 3.313e-01
2.250e+00 6.846e-01
2.260e+00 3.461e-01
2.270e+00 3.978e-01
2.280e+00 2.805e-01
2.290e+00 5.077e-01
2.300e+00 5.804e-01
2.310e+00 1.073e+00
2.320e+00 7.018e-01
2.330e+00 -9.286e-02
2.340e+00 2.578e-01
2.350e+00 2.672e-01
2.360e+00 4.574e-01
2.370e+00 7.934e-01
2.380e+00 7.574e-01
2.390e+00 5.647e-01
2.400e+00 2.392e-01
2.410e+00 7.374e-01
2.420e+00 6.080e-01
2.430e+00 1.552e-01
2.440e+00 3.933e-01
2.450e+00 4.675e-01
2.460e+00 6.245e-01
2.470e+00 7.294e-01
2.480e+00 2.999e-01
2.490e+00 2.147e-01
2.500e+00 4.336e-01
2.510e+00 8.460e-01
2.520e+00 7.847e-01
2.530e+00 5.612e-01
2.540e+00 5.036e-01
2.550e+00 2.800e-01
2.560e+00 5.302e-01
2.570e+00 6.026e-01
2.580e+00 3.993e-01
2.590e+00 4.525e-01
2.600e+00 7.003e-01
2.610e+00 9.916e-02
2.620e+00 4.006e-01
2.630e+00 3.905e-01
2.640e+00 4.099e-01
2.650e+00 5.217e-01
2.660e+00 7.710e-01
2.670e+00 5.799e-01
2.680e+00 5.061e-01
2.690e+00 3.017e-02
2.700e+00 5.027e-01
2.710e+00 6.135e-01
2.720e+00 9.401e-01
2.730e+00 2.529e-01
2.740e+00 4.574e-01
2.750e+00 3.772e-01
2.760e+00 6.809e-01
2.770e+00 4.547e-01
2.780e+00 2.862e-01
2.790e+00 4.451e-01
2.800e+00 3.130e-01
2.810e+00 2.610e-01
2.820e+00 8.865e-01
2.830e+00 9.927e-01
2.840e+00 9.752e-01
2.850e+00 4.836e-01
2.860e+00 6.392e-01
2.870e+00 4.513e-01
2.880e+00 7.600e-01
2.890e+00 9.352e-01
2.900e+00 8.096e-01
2.910e+00 2.706e-01
2.920e+00 6.927e-02
2.930e+00 2.783e-01
2.940e+00 1.425e-01
2.950e+00 4.393e-01
2.960e+00 5.959e-01
2.970e+00 8.350e-01
2.980e+00 1.566e-01
2.990e+00 9.042e-01
3.000e+00 7.171e-01
3.010e+00 7.521e-01
3.020e+00 4.210e-01
3.030e+00 9.098e-01
3.040e+00 4.264e-01
3.050e+00 5.854e-01
3.060e+00 5.216e-01
3.070e+00 5.164e-01
3.080e+00 5.117e-01
3.090e+00 1.343e-01
3.100e+00 3.534e-01
3.110e+00 1.649e-01
3.120e+00 5.209e-01
3.130e+00 3.762e-01
3.140e+00 1.091e+00
3.150e+00 5.218e-01
3.160e+00 7.281e-01
3.170e+00 7.640e-01
3.180e+00 8.433e-01
3.190e+00 4.363e-01
3.200e+00 6.044e-01
3.210e+00 9.248e-01
3.220e+00 6.370e-01
3.230e+00 7.139e-01
3.240e+00 4.504e-01
3.250e+00 6.506e-01
3.260e+00 4.435e-01
3.270e+00 7.020e-01
3.280e+00 4.450e-01
3.290e+00 5.038e-01
3.300e+00 5.839e-01
3.310e+00 1.412e-01
3.320e+00 3.384e-01
3.330e+00 3.148e-01
3.340e+00 2.626e-01
3.350e+00 2.265e-01
3.360e+00 4.205e-01
3.370e+00 3.911e-01
3.380e+00 3.808e-01
3.390e+00 2.261e-01
3.400e+00 2.092e-01
3.410e+00 1.517e-01
3.420e+00 2.532e-01
3.430e+00 5.848e-01
3.440e+00 5.091e-01
3.450e+00 1.919e-01
3.460e+00 1.046e-01
3.470e+00 6.009e-01
3.480e+00 3.816e-01
3.490e+00 5.385e-01
3.500e+00 3.687e-01
3.510e+00 5.397e-01
3.520e+00 2.097e-01
3.530e+00 7.491e-01
3.540e+00 5.746e-01
3.550e+00 5.546e-01
3.560e+00 7.767e-01
3.570e+00 7.645e-01
3.580e+00 3.826e-01
3.590e+00 1.413e-01
3.600e+00 4.955e-01
3.610e+00 5.439e-01
3.620e+00 8.017e-01
3.630e+00 8.910e-01
3.640e+00 5.287e-01
3.650e+00 5.174e-01
3.660e+00 4.509e-01
3.670e+00 8.262e-01
3.680e+00 1.033e+00
3.690e+00 1.006e+00
3.700e+00 1.069e+00
3.710e+00 5.544e-01
3.720e+00 6.351e-01
3.730e+00 4.347e-01
3.740e+00 7.155e-01
3.750e+00 6.615e-01
3.760e+00 5.773e-01
3.770e+00 4.335e-01
3.780e+00 5.119e-01
3.790e+00 5.367e-01
3.800e+00 5.476e-01
3.810e+00 7.009e-01
3.820e+00 5.302e-01
3.830e+00 5.275e-01
3.840e+00 5.058e-01
3.850e+00 2.143e-01
3.860e+00 3.361e-01
3.870e+00 4.402e-01
3.880e+00 5.173e-01
3.890e+00 5.093e-01
3.900e+00 6.567e-01
3.910e+00 3.503e-01
3.920e+00 4.329e-01
3.930e+00 5.898e-01
3.940e+00 4.282e-01
3.950e+00 4.657e-01
3.960e+00 6.342e-01
3.970e+00 5.705e-01
3.980e+00 3.186e-01
3.990e+00 7.962e-01
4.000e+00 7.539e-01
4.010e+00 4.032e-01
4.020e+00 8.283e-02
4.030e+00 4.516e-01
4.040e+00 3.532e-01
4.050e+00 4.497e-01
4.060e+00 3.185e-01
4.070e+00 1.099e-01
4.080e+00 4.312e-01
4.090e+00 2.304e-01
4.100e+00 4.467e-01
4.110e+00 4.323e-01
4.120e+00 4.249e-01
4.130e+00 2.632e-01
4.140e+00 5.774e-01
4.150e+00 6.130e-01
4.160e+00 3.549e-01
4.170e+00 2.719e-01
4.180e+00 4.490e-01
4.190e+00 3.108e-01
4.200e+00 5.007e-01
4.210e+00 5.872e-01
4.220e+00 4.538e-01
4.230e+00 4.639e-01
4.240e+00 4.961e-01
4.250e+00 3.412e-01
4.260e+00 3.332e-01
4.270e+00 4.166e-01
4.280e+00 4.175e-01
4.290e+00 1.824e-01
4.300e+00 8.705e-01
4.310e+00 3.342e-01
4.320e+00 3.091e-01
4.330e+00 3.057e-01
4.340e+00 7.268e-01
4.350e+00 4.748e-01
4.360e+00 5.782e-01
4.370e+00 3.436e-01
4.380e+00 4.860e-01
4.390e+00 6.531e-01
4.400e+00 4.130e-01
4.410e+00 4.833e-01
4.420e+00 6.186e-01
4.430e+00 6.777e-01
4.440e+00 5.715e-01
4.450e+00 3.971e-01
4.460e+00 4.400e-01
4.470e+00 3.090e-01
4.480e+00 7.393e-01
4.490e+00 2.473e-01
4.500e+00 2.680e-01
4.510e+00 6.019e-01
4.520e+00 6.928e-01
4.530e+00 4.031e-01
4.540e+00 3.545e-01
4.550e+00 7.577e-01
4.560e+00 8.401e-01
4.570e+00 6.414e-01
4.580e+00 5.356e-01
4.590e+00 1.841e-01
4.600e+00 9.588e-02
4.610e+00 2.701e-01
4.620e+00 7.452e-01
4.630e+00 5.100e-01
4.640e+00 6.347e-01
4.650e+00 1.475e-01
4.660e+00 2.402e-01
4.670e+00 3.539e-01
4.680e+00 2.790e-01
4.690e+00 5.206e-01
4.700e+00 4.830e-01
4.710e+00 5.883e-01
4.720e+00 5.615e-01
4.730e+00 9.027e-02
4.740e+00 4.574e-01
4.750e+00 6.370e-01
4.760e+00 3.725e-01
4.770e+00 2.294e-01
4.780e+00 1.453e-01
4.790e+00 1.394e-01
4.800e+00 2.753e-01
4.810e+00 4.312e-01
4.820e+00 3.896e-01
4.830e+00 6.463e-01
4.840e+00 6.469e-01
4.850e+00 2.977e-01
4.860e+00 1.822e-01
4.870e+00 5.666e-01
4.880e+00 4.536e-01
4.890e+00 6.107e-01
4.900e+00 3.696e-01
4.910e+00 5.679e-01
4.920e+00 3.955e-01
4.930e+00 3.663e-01
4.940e+00 6.503e-01
4.950e+00 8.304e-01
4.960e+00 7.068e-01
4.970e+00 1.651e-01
4.980e+00 4.246e-01
4.990e+00 5.702e-01
-5.000e+00 3.104e-01
-4.990e+00 1.742e-01
-4.980e+00 4.797e-01
-4.970e+00 6.144e-01
-4.960e+00 6.030e-01
-4.950e+00 5.999e-01
-4.940e+00 5.444e-01
-4.930e+00 5.584e-01
-4.920e+00 7.807e-01
-4.910e+00 3.446e-01
-4.900e+00 1.843e-01
-4.890e+00 3.717e-01
-4.880e+00 4.449e-01
-4.870e+00 -4.466e-02
-4.860e+00 2.986e-01
-4.850e+00 3.425e-01
-4.840e+00 4.174e-01
-4.830e+00 -4.683e-02
-4.820e+00 2.431e-02
-4.810e+00 -1.687e-01
-4.800e+00 1.182e-01
-4.790e+00 1.566e-01
-4.780e+00 9.747e-02
-4.770e+00 2.932e-01
-4.760e+00 4.670e-01
-4.750e+00 2.062e-01
-4.740e+00 4.279e-01
-4.730e+00 6.157e-01
-4.720e+00 5.089e-01
-4.710e+00 2.595e-01
-4.700e+00 4.169e-01
-4.690e+00 4.550e-01
-4.680e+00 5.647e-01
-4.670e+00 2.300e-01
-4.660e+00 3.944e-01
-4.650e+00 5.105e-01
-4.640e+00 2.094e-01
-4.630e+00 3.124e-01
-4.620e+00 4.313e-01
-4.610e+00 6.453e-01
-4.600e+00 -4.785e-02
-4.590e+00 1.899e-01
-4.580e+00 -3.375e-01
-4.570e+00 2.116e-01
-4.560e+00 1.926e-01
-4.550e+00 7.101e-01
-4.540e+00 5.039e-01
-4.530e+00 7.199e-01
-4.520e+00 4.604e-01
-4.510e+00 6.142e-01
-4.500e+00 7.817e-01
-4.490e+00 5.881e-01
-4.480e+00 8.256e-01
-4.470e+00 9.540e-01
-4.460e+00 3.102e-01
-4.450e+00 3.690e-01
-4.440e+00 5.774e-01
-4.430e+00 8.236e-01
-4.420e+00 5.558e-01
-4.410e+00 7.859e-01
-4.400e+00 8.730e-01
-4.390e+00 4.880e-01
-4.380e+00 4.567e-01
-4.370e+00 3.819e-01
-4.360e+00 4.903e-01
-4.350e+00 3.252e-01
-4.340e+00 4.288e-01
-4.330e+00 4.423e-01
-4.320e+00 4.516e-01
-4.310e+00 2.178e-01
-4.300e+00 5.071e-01
-4.290e+00 7.108e-01
-4.280e+00 5.177e-01
-4.270e+00 5.804e-01
-4.260e+00 4.875e-01
-4.250e+00 6.200e-01
-4.240e+00 2.288e-01
-4.230e+00 3.073e-01
-4.220e+00 3.073e-01
-4.210e+00 5.124e-01
-4.200e+00 2.052e-01
-4.190e+00 3.684e-01
-4.180e+00 4.511e-01
-4.170e+00 5.140e-01
-4.160e+00 4.100e-01
-4.150e+00 5.576e-01
-4.140e+00 4.787e-01
-4.130e+00 3.400e-01
-4.120e+00 6.389e-01
-4.110e+00 5.646e-01
-4.100e+00 1.084e-02
-4.090e+00 3.575e-01
-4.080e+00 4.908e-01
-4.070e+00 8.831e-02
-4.060e+00 4.702e-01
-4.050e+00 3.312e-01
-4.040e+00 2.357e-01
-4.030e+00 2.740e-01
-4.020e+00 2.704e-01
-4.010e+00 3.936e-01
-4.000e+00 5.066e-01
-3.990e+00 5.973e-01
-3.980e+00 5.157e-01
-3.970e+00 7.057e-01
-3.960e+00 6.469e-01
-3.950e+00 6.529e-01
-3.940e+00 5.145e-01
-3.930e+00 1.032e+00
-3.920e+00 5.329e-01
-3.910e+00 6.240e-01
-3.900e+00 8.012e-01
-3.890e+00 6.549e-01
-3.880e+00 7.460e-01
-3.870e+00 4.532e-01
-3.860e+00 5.054e-01
-3.850e+00 4.771e-01
-3.840e+00 6.038e-01
-3.830e+00 7.958e-01
-3.820e+00 4.760e-01
-3.810e+00 8.441e-01
-3.800e+00 5.944e-01
-3.790e+00 7.665e-01
-3.780e+00 -1.103e-02
-3.770e+00 4.018e-01
-3.760e+00 5.861e-01
-3.750e+00 9.578e-01
-3.740e+00 6.231e-01
-3.730e+00 8.716e-01
-3.720e+00 5.733e-01
-3.710e+00 6.847e-01
-3.700e+00 4.559e-01
-3.690e+00 5.345e-01
-3.680e+00 7.497e-01
-3.670e+00 7.666e-01
-3.660e+00 8.033e-01
-3.650e+00 5.448e-01
-3.640e+00 6.337e-01
-3.630e+00 5.683e-01
-3.620e+00 4.619e-01
-3.610e+00 4.726e-01
-3.600e+00 8.080e-01
-3.590e+00 4.523e-01
-3.580e+00 5.829e-01
-3.570e+00 5.994e-01
-3.560e+00 2.272e-01
-3.550e+00 7.558e-01
-3.540e+00 7.875e-01
-3.530e+00 7.023e-01
-3.520e+00 6.253e-01
-3.510e+00 2.131e-01
-3.500e+00 1.176e-02
-3.490e+00 5.362e-01
-3.480e+00 4.550e-01
-3.470e+00 3.974e-01
-3.460e+00 7.800e-01
-3.450e+00 3.774e-01
-3.440e+00 2.313e-01
-3.430e+00 5.995e-01
-3.420e+00 5.610e-01
-3.410e+00 6.826e-01
-3.400e+00 7.177e-01
-3.390e+00 3.366e-02
-3.380e+00 4.736e-01
-3.370e+00 1.554e-01
-3.360e+00 6.227e-01
-3.350e+00 4.773e-01
-3.340e+00 7.374e-01
-3.330e+00 6.485e-02
-3.320e+00 2.907e-01
-3.310e+00 1.300e-01
-3.300e+00 4.954e-01
-3.290e+00 1.284e-01
-3.280e+00 2.474e-01
-3.270e+00 6.512e-01
-3.260e+00 5.058e-01
-3.250e+00 4.703e-01
-3.240e+00 3.983e-01
-3.230e+00 1.227e-01
-3.220e+00 7.490e-01
-3.210e+00 2.687e-01
-3.200e+00 7.075e-01
-3.190e+00 4.266e-01
-3.180e+00 1.150e+00
-3.170e+00 6.577e-01
-3.160e+00 2.566e-01
-3.150e+00 1.664e-01
-3.140e+00 8.181e-01
-3.130e+00 5.709e-01
-3.120e+00 6.445e-01
-3.110e+00 4.968e-01
-3.100e+00 2.504e-01
-3.090e+00 1.362e-01
-3.080e+00 4.504e-01
-3.070e+00 4.098e-01
-3.060e+00 6.322e-01
-3.050e+00 5.513e-01
-3.040e+00 7.454e-01
-3.030e+00 8.189e-01
-3.020e+00 4.514e-01
-3.010e+00 6.016e-01
-3.000e+00 7.546e-01
-2.990e+00 7.428e-01
-2.980e+00 1.032e+00
-2.970e+00 6.282e-01
-2.960e+00 5.457e-01
-2.950e+00 4.410e-01
-2.940e+00 2.067e-01
-2.930e+00 4.212e-01
-2.920e+00 5.484e-01
-2.910e+00 6.478e-01
-2.900e+00 7.524e-01
-2.890e+00 7.467e-01
-2.880e+00 5.993e-01
-2.870e+00 7.924e-01
-2.860e+00 3.341e-01
-2.850e+00 3.552e-01
-2.840e+00 5.156e-01
-2.830e+00 2.630e-01
-2.820e+00 7.798e-01
-2.810e+00 5.787e-01
-2.800e+00 5.511e-01
-2.790e+00 1.482e-01
-2.780e+00 7.320e-01
-2.770e+00 3.423e-01
-2.760e+00 7.701e-01
-2.750e+00 3.976e-01
-2.740e+00 9.570e-01
-2.730e+00 5.505e-01
-2.720e+00 1.368e-01
-2.710e+00 -9.958e-02
-2.700e+00 3.381e-01
-2.690e+00 6.722e-01
-2.680e+00 4.836e-01
-2.670e+00 4.337e-01
-2.660e+00 1.949e-01
-2.650e+00 3.380e-01
-2.640e+00 8.456e-01
-2.630e+00 1.194e+00
-2.620e+00 9.997e-01
-2.610e+00 1.145e+00
-2.600e+00 1.095e+00
-2.590e+00 4.983e-01
-2.580e+00 4.955e-01
-2.570e+00 6.892e-01
-2.560e+00 2.649e-01
-2.550e+00 6.520e-01
-2.540e+00 8.678e-01
-2.530e+00 8.506e-01
-2.520e+00 7.896e-01
-2.510e+00 4.175e-01
-2.500e+00 6.956e-01
-2.490e+00 7.319e-01
-2.480e+00 7.546e-01
-2.470e+00 6.613e-01
-2.460e+00 1.056e+00
-2.450e+00 6.745e-01
-2.440e+00 6.824e-01
-2.430e+00 3.893e-01
-2.420e+00 2.525e-01
-2.410e+00 1.785e-01
-2.400e+00 2.713e-01
-2.390e+00 4.528e-01
-2.380e+00 -6.402e-02
-2.370e+00 -9.783e-02
-2.360e+00 -8.050e-02
-2.350e+00 5.502e-01
-2.340e+00 5.489e-01
-2.330e+00 4.240e-01
-2.320e+00 5.894e-01
-2.310e+00 9.035e-01
-2.300e+00 1.019e+00
-2.290e+00 7.788e-01
-2.280e+00 8.192e-01
-2.270e+00 7.850e-01
-2.260e+00 6.415e-01
-2.250e+00 9.530e-01
-2.240e+00 1.020e+00
-2.230e+00 9.070e-01
-2.220e+00 7.494e-01
-2.210e+00 6.545e-01
-2.200e+00 1.133e+00
-2.190e+00 4.282e-01
-2.180e+00 5.687e-01
-2.170e+00 1.531e-01
-2.160e+00 8.289e-01
-2.150e+00 5.902e-01
-2.140e+00 4.224e-01
-2.130e+00 1.602e-01
-2.120e+00 5.076e-01
-2.110e+00 4.130e-01
-2.100e+00 5.362e-01
-2.090e+00 8.293e-01
-2.080e+00 6.021e-01
-2.070e+00 6.161e-01
-2.060e+00 3.216e-01
-2.050e+00 4.632e-01
-2.040e+00 5.420e-01
-2.030e+00 1.094e+00
-2.020e+00 6.839e-01
-2.010e+00 6.415e-01
-2.000e+00 4.651e-01
-1.990e+00 5.270e-01
-1.980e+00 4.437e-01
-1.970e+00 7.922e-01
-1.960e+00 7.356e-01
-1.950e+00 9.697e-01
-1.940e+00 1.039e+00
-1.930e+00 1.240e+00
-1.920e+00 7.730e-01
-1.910e+00 4.788e-01
-1.900e+00 5.691e-01
-1.890e+00 9.544e-01
-1.880e+00 9.651e-01
-1.870e+00 1.257e+00
-1.860e+00 1.999e-01
-1.850e+00 6.302e-01
-1.840e+00 8.189e-01
-1.830e+00 2.893e-01
-1.820e+00 3.890e-01
-1.810e+00 6.605e-01
-1.800e+00 7.363e-01
-1.790e+00 5.454e-01
-1.780e+00 8.160e-01
-1.770e+00 4.045e-01
-1.760e+00 1.058e+00
-1.750e+00 1.342e-01
-1.740e+00 7.913e-01
-1.730e+00 3.085e-01
-1.720e+00 6.661e-01
-1.710e+00 4.017e-01
-1.700e+00 7.234e-01
-1.690e+00 6.214e-02
-1.680e+00 6.705e-01
-1.670e+00 8.285e-01
-1.660e+00 -8.436e-02
-1.650e+00 4.255e-01
-1.640e+00 -4.495e-02
-1.630e+00 2.791e-01
-1.620e+00 4.732e-01
-1.610e+00 7.490e-02
-1.600e+00 -3.788e-01
-1.590e+00 8.838e-01
-1.580e+00 7.703e-01
-1.570e+00 6.664e-02
-1.560e+00 2.770e-02
-1.550e+00 1.355e-01
-1.540e+00 -4.892e-02
-1.530e+00 6.517e-01
-1.520e+00 1.729e-01
-1.510e+00 6.217e-01
-1.500e+00 7.276e-01
-1.490e+00 9.445e-01
-1.480e+00 5.337e-01
-1.470e+00 1.367e-01
-1.460e+00 -3.666e-03
-1.450e+00 4.431e-01
-1.440e+00 8.162e-01
-1.430e+00 1.630e+00
-1.420e+00 6.949e-01
-1.410e+00 4.115e-01
-1.400e+00 2.731e-01
-1.390e+00 6.531e-01
-1.380e+00 1.083e+00
-1.370e+00 1.812e+00
-1.360e+00 9.888e-01
-1.350e+00 2.085e-01
-1.340e+00 9.045e-01
-1.330e+00 1.255e+00
-1.320e+00 9.871e-01
-1.310e+00 8.720e-01
-1.300e+00 5.446e-01
-1.290e+00 1.136e+00
-1.280e+00 6.216e-01
-1.270e+00 1.292e+00
-1.260e+00 6.969e-01
-1.250e+00 1.220e+00
-1.240e+00 1.143e+00
-1.230e+00 8.376e-01
-1.220e+00 1.285e+00
-1.210e+00 7.316e-01
-1.200e+00 9.441e-01
-1.190e+00 9.424e-01
-1.180e+00 8.927e-01
-1.170e+00 2.975e-01
-1.160e+00 5.294e-01
-1.150e+00 3.468e-01
-1.140e+00 4.013e-01
-1.130e+00 1.355e-01
-1.120e+00 3.714e-01
-1.110e+00 9.900e-01
-1.100e+00 -5.917e-01
-1.090e+00 1.840e-01
-1.080e+00 1.363e-01
-1.070e+00 5.346e-01
-1.060e+00 3.920e-01
-1.050e+00 1.812e-01
-1.040e+00 1.039e-01
-1.030e+00 2.592e-01
-1.020e+00 5.812e-01
-1.010e+00 1.145e+00
-1.000e+00 1.363e+00
-9.900e-01 4.752e-01
-9.800e-01 -1.169e-01
-9.700e-01 -3.363e-01
-9.600e-01 1.506e+00
-9.500e-01 1.142e+00
-9.400e-01 1.202e+00
-9.300e-01 2.866e-01
-9.200e-01 5.887e-01
-9.100e-01 1.949e-02
-9.000e-01 2.219e-01
-8.900e-01 7.011e-01
-8.800e-01 7.495e-01
-8.700e-01 5.004e-01
-8.600e-01 1.418e+00
-8.500e-01 3.134e-02
-8.400e-01 6.504e-01
-8.300e-01 5.212e-01
-8.200e-01 8.498e-01
-8.100e-01 3.249e-01
-8.000e-01 3.267e-01
-7.900e-01 7.681e-01
-7.800e-01 6.104e-01
-7.700e-01 1.159e+00
-7.600e-01 1.101e+00
-7.500e-01 8.749e-01
-7.400e-01 -4.372e-01
-7.300e-01 -4.823e-01
-7.200e-01 -2.015e-01
-7.100e-01 6.639e-01
-7.000e-01 -2.310e-01
-6.900e-01 2.177e-01
-6.800e-01 9.681e-03
-6.700e-01 3.233e-01
-6.600e-01 4.749e-01
-6.500e-01 5.298e-01
-6.400e-01 -3.893e-01
-6.300e-01 -1.057e+00
-6.200e-01 -4.782e-01
-6.100e-01 -2.238e-01
-6.000e-01 -1.536e-01
-5.900e-01 -8.859e-01
-5.800e-01 1.050e-01
-5.700e-01 -1.413e-01
-5.600e-01 1.201e+00
-5.500e-01 -4.463e-01
-5.400e-01 -2.132e-01
-5.300e-01 3.705e-01
-5.200e-01 7.845e-02
-5.100e-01 -2.518e-01
-5.000e-01 1.574e-01
-4.900e-01 -4.424e-01
-4.800e-01 -2.818e-01
-4.700e-01 1.661e-01
-4.600e-01 -2.506e-01
-4.500e-01 -7.445e-02
-4.400e-01 -4.946e-01
-4.300e-01 2.046e-01
-4.200e-01 -1.821e-01
-4.100e-01 6.915e-02
-4.000e-01 1.126e+00
-3.900e-01 -2.692e-01
-3.800e-01 9.083e-02
-3.700e-01 -6.461e-01
-3.600e-01 7.110e-02
-3.500e-01 6.337e-01
-3.400e-01 1.438e+00
-3.300e-01 -2.771e-01
-3.200e-01 9.610e-02
-3.100e-01 -4.492e-01
-3.000e-01 4.141e-01
-2.900e-01 6.113e-01
-2.800e-01 8.875e-01
-2.700e-01 8.547e-01
-2.600e-01 3.050e+00
-2.500e-01 1.621e+00
-2.400e-01 1.896e+00
-2.300e-01 8.727e-01
-2.200e-01 1.232e+00
-2.100e-01 2.080e+00
-2.000e-01 2.762e+00
-1.900e-01 2.138e+00
-1.800e-01 2.417e+00
-1.700e-01 3.954e+00
-1.600e-01 3.842e+00
-1.500e-01 3.047e+00
-1.400e-01 1.951e+00
-1.300e-01 3.186e+00
-1.200e-01 3.691e+00
-1.100e-01 2.210e+00
-1.000e-01 2.913e-01
-9.000e-02 -6.369e-01
-8.000e-02 2.370e+00
-7.000e-02 3.353e+00
-6.000e-02 4.772e+00
-5.000e-02 7.445e+00
-4.000e-02 8.120e+00
-3.000e-02 1.036e+01
-2.000e-02 2.421e+01
-1.000e-02 4.037e+01
