# Frequency (1.0/ps)      real(fft(F_0))
0.000e+00 2.372e+02
1.000e-02 4.693e+01
2.000e-02 1.548e+01
3.000e-02 3.810e+00
4.000e-02 8.146e+00
5.000e-02 1.874e+00
6.000e-02 5.005e-01
7.000e-02 4.625e+00
8.000e-02 3.495e+00
9.000e-02 9.867e-01
1.000e-01 3.313e+00
1.100e-01 3.851e+00
1.200e-01 2.356e+00
1.300e-01 2.498e+00
1.400e-01 1.291e+00
1.500e-01 1.029e+00
1.600e-01 9.352e-01
1.700e-01 5.811e-01
1.800e-01 9.618e-01
1.900e-01 -7.217e-01
2.000e-01 5.871e-01
2.100e-01 1.480e+00
2.200e-01 3.605e+00
2.300e-01 2.024e+00
2.400e-01 2.140e+00
2.500e-01 1.731e+00
2.600e-01 1.521e+00
2.700e-01 1.435e+00
2.800e-01 1.619e+00
2.900e-01 1.339e+00
3.000e-01 2.947e-01
3.100e-01 9.836e-01
3.200e-01 2.252e+00
3.300e-01 1.926e+00
3.400e-01 1.121e+00
3.500e-01 2.031e-01
3.600e-01 8.389e-01
3.700e-01 9.107e-01
3.800e-01 2.172e+00
3.900e-01 4.632e-01
4.000e-01 5.407e-01
4.100e-01 9.651e-01
4.200e-01 1.180e+00
4.300e-01 1.151e+00
4.400e-01 1.487e+00
4.500e-01 1.863e+00
4.600e-01 1.412e+00
4.700e-01 9.470e-01
4.800e-01 1.656e+00
4.900e-01 5.679e-01
5.000e-01 1.276e-01
5.100e-01 1.305e+00
5.200e-01 1.446e+00
5.300e-01 1.782e+00
5.400e-01 1.071e+00
5.500e-01 5.517e-01
5.600e-01 6.761e-01
5.700e-01 1.267e+00
5.800e-01 1.019e+00
5.900e-01 5.048e-01
6.000e-01 4.882e-02
6.100e-01 7.558e-01
6.200e-01 1.684e+00
6.300e-01 1.902e+00
6.400e-01 1.029e+00
6.500e-01 -1.684e-01
6.600e-01 4.137e-01
6.700e-01 8.622e-01
6.800e-01 1.265e+00
6.900e-01 4.299e-01
7.000e-01 2.620e-01
7.100e-01 8.793e-01
7.200e-01 1.242e+00
7.300e-01 3.634e-01
7.400e-01 3.137e-01
7.500e-01 9.609e-01
7.600e-01 1.536e+00
7.700e-01 2.567e-01
7.800e-01 -7.326e-01
7.900e-01 7.752e-01
8.000e-01 4.872e-01
8.100e-01 7.825e-01
8.200e-01 7.560e-03
8.300e-01 5.575e-01
8.400e-01 9.377e-01
8.500e-01 7.512e-01
8.600e-01 5.944e-01
8.700e-01 1.404e+00
8.800e-01 7.760e-01
8.900e-01 7.979e-01
9.000e-01 7.931e-01
9.100e-01 -1.013e-01
9.200e-01 3.099e-01
9.300e-01 1.902e-01
9.400e-01 2.264e-01
9.500e-01 2.253e-01
9.600e-01 9.162e-01
9.700e-01 8.329e-01
9.800e-01 -2.940e-02
9.900e-01 6.687e-03
1.000e+00 1.054e+00
1.010e+00 6.749e-01
1.020e+00 1.229e+00
1.030e+00 -5.524e-02
1.040e+00 2.311e-01
1.050e+00 4.484e-01
1.060e+00 6.291e-01
1.070e+00 8.841e-01
1.080e+00 7.779e-01
1.090e+00 4.125e-01
1.100e+00 -5.897e-01
1.110e+00 2.507e-01
1.120e+00 6.994e-01
1.130e+00 5.920e-01
1.140e+00 4.337e-01
1.150e+00 6.582e-01
1.160e+00 2.862e-01
1.170e+00 6.483e-01
1.180e+00 7.295e-01
1.190e+00 7.267e-01
1.200e+00 4.603e-01
1.210e+00 7.257e-01
1.220e+00 8.946e-01
1.230e+00 6.830e-01
1.240e+00 6.752e-01
1.250e+00 5.066e-01
1.260e+00 1.012e+00
1.270e+00 1.218e+00
1.280e+00 1.027e+00
1.290e+00 1.590e+00
1.300e+00 3.485e-01
1.310e+00 5.868e-01
1.320e+00 1.263e+00
1.330e+00 1.056e+00
1.340e+00 8.484e-01
1.350e+00 1.019e+00
1.360e+00 8.825e-01
1.370e+00 3.415e-01
1.380e+00 4.924e-01
1.390e+00 1.167e+00
1.400e+00 6.831e-01
1.410e+00 4.458e-01
1.420e+00 8.409e-01
1.430e+00 6.587e-01
1.440e+00 7.116e-01
1.450e+00 5.314e-01
1.460e+00 6.182e-01
1.470e+00 7.684e-01
1.480e+00 7.215e-01
1.490e+00 6.390e-01
1.500e+00 6.279e-01
1.510e+00 2.947e-01
1.520e+00 2.635e-01
1.530e+00 3.859e-02
1.540e+00 1.013e+00
1.550e+00 1.089e+00
1.560e+00 9.673e-01
1.570e+00 4.438e-01
1.580e+00 3.903e-01
1.590e+00 7.526e-01
1.600e+00 2.031e-01
1.610e+00 4.178e-01
1.620e+00 1.873e-01
1.630e+00 -1.872e-01
1.640e+00 -6.146e-03
1.650e+00 5.992e-01
1.660e+00 2.557e-01
1.670e+00 3.999e-01
1.680e+00 5.316e-01
1.690e+00 4.639e-01
1.700e+00 1.273e+00
1.710e+00 3.835e-01
1.720e+00 8.471e-01
1.730e+00 8.509e-01
1.740e+00 8.508e-01
1.750e+00 9.561e-01
1.760e+00 9.514e-01
1.770e+00 8.702e-01
1.780e+00 6.723e-01
1.790e+00 -4.167e-01
1.800e+00 5.531e-01
1.810e+00 5.219e-01
1.820e+00 8.861e-01
1.830e+00 2.070e-01
1.840e+00 3.525e-01
1.850e+00 3.056e-01
1.860e+00 3.467e-01
1.870e+00 3.544e-01
1.880e+00 7.714e-01
1.890e+00 7.821e-01
1.900e+00 8.399e-01
1.910e+00 1.106e+00
1.920e+00 4.362e-01
1.930e+00 7.851e-01
1.940e+00 3.494e-01
1.950e+00 6.712e-01
1.960e+00 3.422e-01
1.970e+00 3.819e-02
1.980e+00 2.032e-01
1.990e+00 2.419e-01
2.000e+00 2.526e-01
2.010e+00 4.942e-01
2.020e+00 -2.378e-02
2.030e+00 3.970e-02
2.040e+00 7.881e-01
2.050e+00 9.546e-01
2.060e+00 2.259e-01
2.070e+00 3.296e-01
2.080e+00 4.896e-01
2.090e+00 7.379e-04
2.100e+00 2.392e-01
2.110e+00 6.468e-01
2.120e+00 4.993e-01
2.130e+00 5.102e-01
2.140e+00 3.714e-01
2.150e+00 7.050e-01
2.160e+00 7.611e-01
2.170e+00 5.584e-01
2.180e+00 2.565e-01
2.190e+00 2.489e-01
2.200e+00 2.674e-01
2.210e+00 2.482e-01
2.220e+00 8.625e-01
2.230e+00 7.545e-01
2.240e+00 6.106e-01
2.250e+00 5.556e-01
2.260e+00 2.652e-01
2.270e+00 2.764e-01
2.280e+00 5.062e-01
2.290e+00 1.136e-01
2.300e+00 2.712e-01
2.310e+00 4.333e-01
2.320e+00 5.920e-01
2.330e+00 9.516e-01
2.340e+00 6.935e-01
2.350e+00 7.642e-01
2.360e+00 5.321e-01
2.370e+00 6.398e-01
2.380e+00 6.931e-01
2.390e+00 9.004e-01
2.400e+00 -3.647e-02
2.410e+00 5.446e-01
2.420e+00 3.583e-01
2.430e+00 7.886e-01
2.440e+00 4.197e-01
2.450e+00 6.387e-01
2.460e+00 5.403e-01
2.470e+00 3.318e-01
2.480e+00 9.070e-01
2.490e+00 5.694e-01
2.500e+00 8.374e-01
2.510e+00 6.364e-01
2.520e+00 4.138e-01
2.530e+00 9.667e-01
2.540e+00 6.987e-01
2.550e+00 6.406e-01
2.560e+00 6.025e-01
2.570e+00 7.267e-01
2.580e+00 1.133e+00
2.590e+00 5.564e-01
2.600e+00 5.493e-01
2.610e+00 4.951e-01
2.620e+00 4.885e-01
2.630e+00 4.083e-01
2.640e+00 4.567e-01
2.650e+00 7.583e-02
2.660e+00 1.003e-01
2.670e+00 2.594e-01
2.680e+00 4.488e-01
2.690e+00 3.805e-01
2.700e+00 5.367e-01
2.710e+00 3.647e-01
2.720e+00 7.422e-01
2.730e+00 8.101e-01
2.740e+00 8.641e-01
2.750e+00 3.656e-01
2.760e+00 5.458e-01
2.770e+00 5.213e-01
2.780e+00 1.975e-01
2.790e+00 4.925e-01
2.800e+00 4.619e-01
2.810e+00 2.280e-01
2.820e+00 2.175e-01
2.830e+00 1.369e-01
2.840e+00 2.805e-01
2.850e+00 5.394e-01
2.860e+00 3.699e-01
2.870e+00 1.384e-01
2.880e+00 5.580e-01
2.890e+00 1.045e-01
2.900e+00 2.783e-01
2.910e+00 -7.172e-02
2.920e+00 1.674e-01
2.930e+00 2.998e-01
2.940e+00 6.368e-01
2.950e+00 3.851e-01
2.960e+00 2.480e-01
2.970e+00 1.455e-01
2.980e+00 5.835e-01
2.990e+00 5.217e-01
3.000e+00 4.615e-01
3.010e+00 5.887e-01
3.020e+00 2.897e-01
3.030e+00 3.323e-01
3.040e+00 3.527e-01
3.050e+00 5.769e-01
3.060e+00 5.172e-01
3.070e+00 4.745e-01
3.080e+00 7.607e-01
3.090e+00 4.959e-01
3.100e+00 3.945e-01
3.110e+00 4.437e-01
3.120e+00 3.638e-01
3.130e+00 2.252e-01
3.140e+00 3.990e-01
3.150e+00 3.163e-01
3.160e+00 2.760e-01
3.170e+00 5.375e-01
3.180e+00 4.376e-01
3.190e+00 8.041e-01
3.200e+00 1.354e+00
3.210e+00 9.565e-01
3.220e+00 1.873e-01
3.230e+00 4.130e-01
3.240e+00 4.959e-01
3.250e+00 5.341e-01
3.260e+00 1.963e-01
3.270e+00 3.227e-01
3.280e+00 4.087e-01
3.290e+00 3.972e-01
3.300e+00 4.356e-01
3.310e+00 7.152e-01
3.320e+00 7.372e-01
3.330e+00 6.061e-01
3.340e+00 6.120e-01
3.350e+00 5.492e-01
3.360e+00 6.675e-01
3.370e+00 2.518e-01
3.380e+00 3.807e-01
3.390e+00 4.225e-01
3.400e+00 5.847e-02
3.410e+00 3.797e-01
3.420e+00 4.185e-01
3.430e+00 4.621e-01
3.440e+00 7.352e-01
3.450e+00 6.453e-01
3.460e+00 3.431e-01
3.470e+00 1.860e-01
3.480e+00 7.395e-01
3.490e+00 7.436e-01
3.500e+00 6.236e-01
3.510e+00 3.465e-01
3.520e+00 4.213e-01
3.530e+00 1.647e-01
3.540e+00 7.055e-01
3.550e+00 5.828e-01
3.560e+00 6.263e-01
3.570e+00 6.104e-01
3.580e+00 5.550e-01
3.590e+00 7.121e-01
3.600e+00 7.782e-01
3.610e+00 6.592e-01
3.620e+00 3.719e-01
3.630e+00 4.273e-01
3.640e+00 3.584e-01
3.650e+00 1.788e-01
3.660e+00 7.501e-01
3.670e+00 3.383e-01
3.680e+00 5.900e-01
3.690e+00 5.969e-01
3.700e+00 1.383e-01
3.710e+00 2.016e-01
3.720e+00 4.548e-01
3.730e+00 6.911e-01
3.740e+00 8.879e-01
3.750e+00 6.677e-01
3.760e+00 6.688e-01
3.770e+00 6.322e-01
3.780e+00 2.479e-01
3.790e+00 7.395e-02
3.800e+00 3.704e-01
3.810e+00 4.916e-01
3.820e+00 6.119e-01
3.830e+00 4.618e-01
3.840e+00 7.558e-01
3.850e+00 5.120e-01
3.860e+00 3.645e-01
3.870e+00 5.959e-01
3.880e+00 7.531e-01
3.890e+00 7.644e-01
3.900e+00 6.854e-01
3.910e+00 5.116e-01
3.920e+00 8.661e-01
3.930e+00 6.381e-01
3.940e+00 4.579e-01
3.950e+00 4.000e-01
3.960e+00 3.739e-01
3.970e+00 1.427e-01
3.980e+00 4.306e-01
3.990e+00 5.995e-01
4.000e+00 7.110e-01
4.010e+00 7.263e-01
4.020e+00 5.597e-01
4.030e+00 3.746e-01
4.040e+00 2.904e-01
4.050e+00 3.011e-01
4.060e+00 7.953e-01
4.070e+00 7.139e-01
4.080e+00 7.984e-01
4.090e+00 5.101e-01
4.100e+00 6.664e-01
4.110e+00 6.938e-01
4.120e+00 6.268e-01
4.130e+00 3.500e-01
4.140e+00 6.761e-01
4.150e+00 6.175e-01
4.160e+00 2.804e-01
4.170e+00 3.302e-01
4.180e+00 4.441e-01
4.190e+00 4.507e-01
4.200e+00 3.038e-01
4.210e+00 5.492e-01
4.220e+00 2.178e-01
4.230e+00 2.985e-01
4.240e+00 2.610e-01
4.250e+00 4.684e-01
4.260e+00 3.505e-01
4.270e+00 4.895e-01
4.280e+00 3.752e-01
4.290e+00 5.275e-01
4.300e+00 5.536e-01
4.310e+00 5.862e-01
4.320e+00 2.371e-01
4.330e+00 3.442e-01
4.340e+00 5.585e-01
4.350e+00 6.537e-01
4.360e+00 4.473e-01
4.370e+00 3.692e-01
4.380e+00 4.465e-01
4.390e+00 4.155e-01
4.400e+00 3.154e-01
4.410e+00 1.178e-01
4.420e+00 5.069e-01
4.430e+00 5.626e-01
4.440e+00 4.884e-01
4.450e+00 4.174e-01
4.460e+00 3.491e-01
4.470e+00 4.031e-01
4.480e+00 4.922e-01
4.490e+00 6.639e-01
4.500e+00 6.311e-01
4.510e+00 6.143e-01
4.520e+00 6.238e-01
4.530e+00 6.757e-01
4.540e+00 4.995e-01
4.550e+00 4.645e-01
4.560e+00 3.632e-01
4.570e+00 7.496e-01
4.580e+00 7.725e-01
4.590e+00 3.064e-01
4.600e+00 3.160e-01
4.610e+00 6.749e-01
4.620e+00 9.023e-01
4.630e+00 7.742e-01
4.640e+00 2.835e-01
4.650e+00 3.880e-01
4.660e+00 3.722e-01
4.670e+00 2.042e-01
4.680e+00 6.760e-02
4.690e+00 3.962e-01
4.700e+00 2.223e-01
4.710e+00 3.555e-01
4.720e+00 2.394e-01
4.730e+00 3.940e-01
4.740e+00 2.591e-01
4.750e+00 4.674e-01
4.760e+00 2.753e-01
4.770e+00 7.426e-01
4.780e+00 6.169e-01
4.790e+00 5.323e-01
4.800e+00 4.050e-01
4.810e+00 4.503e-01
4.820e+00 3.184e-01
4.830e+00 3.671e-01
4.840e+00 5.664e-01
4.850e+00 3.889e-01
4.860e+00 4.810e-01
4.870e+00 5.282e-01
4.880e+00 6.502e-01
4.890e+00 2.047e-01
4.900e+00 1.708e-01
4.910e+00 3.036e-01
4.920e+00 5.333e-01
4.930e+00 5.384e-01
4.940e+00 2.332e-01
4.950e+00 5.178e-01
4.960e+00 7.224e-01
4.970e+00 5.229e-01
4.980e+00 6.568e-01
4.990e+00 6.437e-01
-5.000e+00 6.469e-01
-4.990e+00 6.437e-01
-4.980e+00 6.568e-01
-4.970e+00 5.229e-01
-4.960e+00 7.224e-01
-4.950e+00 5.178e-01
-4.940e+00 2.332e-01
-4.930e+00 5.384e-01
-4.920e+00 5.333e-01
-4.910e+00 3.036e-01
-4.900e+00 1.708e-01
-4.890e+00 2.047e-01
-4.880e+00 6.502e-01
-4.870e+00 5.282e-01
-4.860e+00 4.810e-01
-4.850e+00 3.889e-01
-4.840e+00 5.664e-01
-4.830e+00 3.671e-01
-4.820e+00 3.184e-01
-4.810e+00 4.503e-01
-4.800e+00 4.050e-01
-4.790e+00 5.323e-01
-4.780e+00 6.169e-01
-4.770e+00 7.426e-01
-4.760e+00 2.753e-01
-4.750e+00 4.674e-01
-4.740e+00 2.591e-01
-4.730e+00 3.940e-01
-4.720e+00 2.394e-01
-4.710e+00 3.555e-01
-4.700e+00 2.223e-01
-4.690e+00 3.962e-01
-4.680e+00 6.760e-02
-4.670e+00 2.042e-01
-4.660e+00 3.722e-01
-4.650e+00 3.880e-01
-4.640e+00 2.835e-01
-4.630e+00 7.742e-01
-4.620e+00 9.023e-01
-4.610e+00 6.749e-01
-4.600e+00 3.160e-01
-4.590e+00 3.064e-01
-4.580e+00 7.725e-01
-4.570e+00 7.496e-01
-4.560e+00 3.632e-01
-4.550e+00 4.645e-01
-4.540e+00 4.995e-01
-4.530e+00 6.757e-01
-4.520e+00 6.238e-01
-4.510e+00 6.143e-01
-4.500e+00 6.311e-01
-4.490e+00 6.639e-01
-4.480e+00 4.922e-01
-4.470e+00 4.031e-01
-4.460e+00 3.491e-01
-4.450e+00 4.174e-01
-4.440e+00 4.884e-01
-4.430e+00 5.626e-01
-4.420e+00 5.069e-01
-4.410e+00 1.178e-01
-4.400e+00 3.154e-01
-4.390e+00 4.155e-01
-4.380e+00 4.465e-01
-4.370e+00 3.692e-01
-4.360e+00 4.473e-01
-4.350e+00 6.537e-01
-4.340e+00 5.585e-01
-4.330e+00 3.442e-01
-4.320e+00 2.371e-01
-4.310e+00 5.862e-01
-4.300e+00 5.536e-01
-4.290e+00 5.275e-01
-4.280e+00 3.752e-01
-4.270e+00 4.895e-01
-4.260e+00 3.505e-01
-4.250e+00 4.684e-01
-4.240e+00 2.610e-01
-4.230e+00 2.985e-01
-4.220e+00 2.178e-01
-4.210e+00 5.492e-01
-4.200e+00 3.038e-01
-4.190e+00 4.507e-01
-4.180e+00 4.441e-01
-4.170e+00 3.302e-01
-4.160e+00 2.804e-01
-4.150e+00 6.175e-01
-4.140e+00 6.761e-01
-4.130e+00 3.500e-01
-4.120e+00 6.268e-01
-4.110e+00 6.938e-01
-4.100e+00 6.664e-01
-4.090e+00 5.101e-01
-4.080e+00 7.984e-01
-4.070e+00 7.139e-01
-4.060e+00 7.953e-01
-4.050e+00 3.011e-01
-4.040e+00 2.904e-01
-4.030e+00 3.746e-01
-4.020e+00 5.597e-01
-4.010e+00 7.263e-01
-4.000e+00 7.110e-01
-3.990e+00 5.995e-01
-3.980e+00 4.306e-01
-3.970e+00 1.427e-01
-3.960e+00 3.739e-01
-3.950e+00 4.000e-01
-3.940e+00 4.579e-01
-3.930e+00 6.381e-01
-3.920e+00 8.661e-01
-3.910e+00 5.116e-01
-3.900e+00 6.854e-01
-3.890e+00 7.644e-01
-3.880e+00 7.531e-01
-3.870e+00 5.959e-01
-3.860e+00 3.645e-01
-3.850e+00 5.120e-01
-3.840e+00 7.558e-01
-3.830e+00 4.618e-01
-3.820e+00 6.119e-01
-3.810e+00 4.916e-01
-3.800e+00 3.704e-01
-3.790e+00 7.395e-02
-3.780e+00 2.479e-01
-3.770e+00 6.322e-01
-3.760e+00 6.688e-01
-3.750e+00 6.677e-01
-3.740e+00 8.879e-01
-3.730e+00 6.911e-01
-3.720e+00 4.548e-01
-3.710e+00 2.016e-01
-3.700e+00 1.383e-01
-3.690e+00 5.969e-01
-3.680e+00 5.900e-01
-3.670e+00 3.383e-01
-3.660e+00 7.501e-01
-3.650e+00 1.788e-01
-3.640e+00 3.584e-01
-3.630e+00 4.273e-01
-3.620e+00 3.719e-01
-3.610e+00 6.592e-01
-3.600e+00 7.782e-01
-3.590e+00 7.121e-01
-3.580e+00 5.550e-01
-3.570e+00 6.104e-01
-3.560e+00 6.263e-01
-3.550e+00 5.828e-01
-3.540e+00 7.055e-01
-3.530e+00 1.647e-01
-3.520e+00 4.213e-01
-3.510e+00 3.465e-01
-3.500e+00 6.236e-01
-3.490e+00 7.436e-01
-3.480e+00 7.395e-01
-3.470e+00 1.860e-01
-3.460e+00 3.431e-01
-3.450e+00 6.453e-01
-3.440e+00 7.352e-01
-3.430e+00 4.621e-01
-3.420e+00 4.185e-01
-3.410e+00 3.797e-01
-3.400e+00 5.847e-02
-3.390e+00 4.225e-01
-3.380e+00 3.807e-01
-3.370e+00 2.518e-01
-3.360e+00 6.675e-01
-3.350e+00 5.492e-01
-3.340e+00 6.120e-01
-3.330e+00 6.061e-01
-3.320e+00 7.372e-01
-3.310e+00 7.152e-01
-3.300e+00 4.356e-01
-3.290e+00 3.972e-01
-3.280e+00 4.087e-01
-3.270e+00 3.227e-01
-3.260e+00 1.963e-01
-3.250e+00 5.341e-01
-3.240e+00 4.959e-01
-3.230e+00 4.130e-01
-3.220e+00 1.873e-01
-3.210e+00 9.565e-01
-3.200e+00 1.354e+00
-3.190e+00 8.041e-01
-3.180e+00 4.376e-01
-3.170e+00 5.375e-01
-3.160e+00 2.760e-01
-3.150e+00 3.163e-01
-3.140e+00 3.990e-01
-3.130e+00 2.252e-01
-3.120e+00 3.638e-01
-3.110e+00 4.437e-01
-3.100e+00 3.945e-01
-3.090e+00 4.959e-01
-3.080e+00 7.607e-01
-3.070e+00 4.745e-01
-3.060e+00 5.172e-01
-3.050e+00 5.769e-01
-3.040e+00 3.527e-01
-3.030e+00 3.323e-01
-3.020e+00 2.897e-01
-3.010e+00 5.887e-01
-3.000e+00 4.615e-01
-2.990e+00 5.217e-01
-2.980e+00 5.835e-01
-2.970e+00 1.455e-01
-2.960e+00 2.480e-01
-2.950e+00 3.851e-01
-2.940e+00 6.368e-01
-2.930e+00 2.998e-01
-2.920e+00 1.674e-01
-2.910e+00 -7.172e-02
-2.900e+00 2.783e-01
-2.890e+00 1.045e-01
-2.880e+00 5.580e-01
-2.870e+00 1.384e-01
-2.860e+00 3.699e-01
-2.850e+00 5.394e-01
-2.840e+00 2.805e-01
-2.830e+00 1.369e-01
-2.820e+00 2.175e-01
-2.810e+00 2.280e-01
-2.800e+00 4.619e-01
-2.790e+00 4.925e-01
-2.780e+00 1.975e-01
-2.770e+00 5.213e-01
-2.760e+00 5.458e-01
-2.750e+00 3.656e-01
-2.740e+00 8.641e-01
-2.730e+00 8.101e-01
-2.720e+00 7.422e-01
-2.710e+00 3.647e-01
-2.700e+00 5.367e-01
-2.690e+00 3.805e-01
-2.680e+00 4.488e-01
-2.670e+00 2.594e-01
-2.660e+00 1.003e-01
-2.650e+00 7.583e-02
-2.640e+00 4.567e-01
-2.630e+00 4.083e-01
-2.620e+00 4.885e-01
-2.610e+00 4.951e-01
-2.600e+00 5.493e-01
-2.590e+00 5.564e-01
-2.580e+00 1.133e+00
-2.570e+00 7.267e-01
-2.560e+00 6.025e-01
-2.550e+00 6.406e-01
-2.540e+00 6.987e-01
-2.530e+00 9.667e-01
-2.520e+00 4.138e-01
-2.510e+00 6.364e-01
-2.500e+00 8.374e-01
-2.490e+00 5.694e-01
-2.480e+00 9.070e-01
-2.470e+00 3.318e-01
-2.460e+00 5.403e-01
-2.450e+00 6.387e-01
-2.440e+00 4.197e-01
-2.430e+00 7.886e-01
-2.420e+00 3.583e-01
-2.410e+00 5.446e-01
-2.400e+00 -3.647e-02
-2.390e+00 9.004e-01
-2.380e+00 6.931e-01
-2.370e+00 6.398e-01
-2.360e+00 5.321e-01
-2.350e+00 7.642e-01
-2.340e+00 6.935e-01
-2.330e+00 9.516e-01
-2.320e+00 5.920e-01
-2.310e+00 4.333e-01
-2.300e+00 2.712e-01
-2.290e+00 1.136e-01
-2.280e+00 5.062e-01
-2.270e+00 2.764e-01
-2.260e+00 2.652e-01
-2.250e+00 5.556e-01
-2.240e+00 6.106e-01
-2.230e+00 7.545e-01
-2.220e+00 8.625e-01
-2.210e+00 2.482e-01
-2.200e+00 2.674e-01
-2.190e+00 2.489e-01
-2.180e+00 2.565e-01
-2.170e+00 5.584e-01
-2.160e+00 7.611e-01
-2.150e+00 7.050e-01
-2.140e+00 3.714e-01
-2.130e+00 5.102e-01
-2.120e+00 4.993e-01
-2.110e+00 6.468e-01
-2.100e+00 2.392e-01
-2.090e+00 7.379e-04
-2.080e+00 4.896e-01
-2.070e+00 3.296e-01
-2.060e+00 2.259e-01
-2.050e+00 9.546e-01
-2.040e+00 7.881e-01
-2.030e+00 3.970e-02
-2.020e+00 -2.378e-02
-2.010e+00 4.942e-01
-2.000e+00 2.526e-01
-1.990e+00 2.419e-01
-1.980e+00 2.032e-01
-1.970e+00 3.819e-02
-1.960e+00 3.422e-01
-1.950e+00 6.712e-01
-1.940e+00 3.494e-01
-1.930e+00 7.851e-01
-1.920e+00 4.362e-01
-1.910e+00 1.106e+00
-1.900e+00 8.399e-01
-1.890e+00 7.821e-01
-1.880e+00 7.714e-01
-1.870e+00 3.544e-01
-1.860e+00 3.467e-01
-1.850e+00 3.056e-01
-1.840e+00 3.525e-01
-1.830e+00 2.070e-01
-1.820e+00 8.861e-01
-1.810e+00 5.219e-01
-1.800e+00 5.531e-01
-1.790e+00 -4.167e-01
-1.780e+00 6.723e-01
-1.770e+00 8.702e-01
-1.760e+00 9.514e-01
-1.750e+00 9.561e-01
-1.740e+00 8.508e-01
-1.730e+00 8.509e-01
-1.720e+00 8.471e-01
-1.710e+00 3.835e-01
-1.700e+00 1.273e+00
-1.690e+00 4.639e-01
-1.680e+00 5.316e-01
-1.670e+00 3.999e-01
-1.660e+00 2.557e-01
-1.650e+00 5.992e-01
-1.640e+00 -6.146e-03
-1.630e+00 -1.872e-01
-1.620e+00 1.873e-01
-1.610e+00 4.178e-01
-1.600e+00 2.031e-01
-1.590e+00 7.526e-01
-1.580e+00 3.903e-01
-1.570e+00 4.438e-01
-1.560e+00 9.673e-01
-1.550e+00 1.089e+00
-1.540e+00 1.013e+00
-1.530e+00 3.859e-02
-1.520e+00 2.635e-01
-1.510e+00 2.947e-01
-1.500e+00 6.279e-01
-1.490e+00 6.390e-01
-1.480e+00 7.215e-01
-1.470e+00 7.684e-01
-1.460e+00 6.182e-01
-1.450e+00 5.314e-01
-1.440e+00 7.116e-01
-1.430e+00 6.587e-01
-1.420e+00 8.409e-01
-1.410e+00 4.458e-01
-1.400e+00 6.831e-01
-1.390e+00 1.167e+00
-1.380e+00 4.924e-01
-1.370e+00 3.415e-01
-1.360e+00 8.825e-01
-1.350e+00 1.019e+00
-1.340e+00 8.484e-01
-1.330e+00 1.056e+00
-1.320e+00 1.263e+00
-1.310e+00 5.868e-01
-1.300e+00 3.485e-01
-1.290e+00 1.590e+00
-1.280e+00 1.027e+00
-1.270e+00 1.218e+00
-1.260e+00 1.012e+00
-1.250e+00 5.066e-01
-1.240e+00 6.752e-01
-1.230e+00 6.830e-01
-1.220e+00 8.946e-01
-1.210e+00 7.257e-01
-1.200e+00 4.603e-01
-1.190e+00 7.267e-01
-1.180e+00 7.295e-01
-1.170e+00 6.483e-01
-1.160e+00 2.862e-01
-1.150e+00 6.582e-01
-1.140e+00 4.337e-01
-1.130e+00 5.920e-01
-1.120e+00 6.994e-01
-1.110e+00 2.507e-01
-1.100e+00 -5.897e-01
-1.090e+00 4.125e-01
-1.080e+00 7.779e-01
-1.070e+00 8.841e-01
-1.060e+00 6.291e-01
-1.050e+00 4.484e-01
-1.040e+00 2.311e-01
-1.030e+00 -5.524e-02
-1.020e+00 1.229e+00
-1.010e+00 6.749e-01
-1.000e+00 1.054e+00
-9.900e-01 6.687e-03
-9.800e-01 -2.940e-02
-9.700e-01 8.329e-01
-9.600e-01 9.162e-01
-9.500e-01 2.253e-01
-9.400e-01 2.264e-01
-9.300e-01 1.902e-01
-9.200e-01 3.099e-01
-9.100e-01 -1.013e-01
-9.000e-01 7.931e-01
-8.900e-01 7.979e-01
-8.800e-01 7.760e-01
-8.700e-01 1.404e+00
-8.600e-01 5.944e-01
-8.500e-01 7.512e-01
-8.400e-01 9.377e-01
-8.300e-01 5.575e-01
-8.200e-01 7.560e-03
-8.100e-01 7.825e-01
-8.000e-01 4.872e-01
-7.900e-01 7.752e-01
-7.800e-01 -7.326e-01
-7.700e-01 2.567e-01
-7.600e-01 1.536e+00
-7.500e-01 9.609e-01
-7.400e-01 3.137e-01
-7.300e-01 3.634e-01
-7.200e-01 1.242e+00
-7.100e-01 8.793e-01
-7.000e-01 2.620e-01
-6.900e-01 4.299e-01
-6.800e-01 1.265e+00
-6.700e-01 8.622e-01
-6.600e-01 4.137e-01
-6.500e-01 -1.684e-01
-6.400e-01 1.029e+00
-6.300e-01 1.902e+00
-6.200e-01 1.684e+00
-6.100e-01 7.558e-01
-6.000e-01 4.882e-02
-5.900e-01 5.048e-01
-5.800e-01 1.019e+00
-5.700e-01 1.267e+00
-5.600e-01 6.761e-01
-5.500e-01 5.517e-01
-5.400e-01 1.071e+00
-5.300e-01 1.782e+00
-5.200e-01 1.446e+00
-5.100e-01 1.305e+00
-5.000e-01 1.276e-01
-4.900e-01 5.679e-01
-4.800e-01 1.656e+00
-4.700e-01 9.470e-01
-4.600e-01 1.412e+00
-4.500e-01 1.863e+00
-4.400e-01 1.487e+00
-4.300e-01 1.151e+00
-4.200e-01 1.180e+00
-4.100e-01 9.651e-01
-4.000e-01 5.407e-01
-3.900e-01 4.632e-01
-3.800e-01 2.172e+00
-3.700e-01 9.107e-01
-3.600e-01 8.389e-01
-3.500e-01 2.031e-01
-3.400e-01 1.121e+00
-3.300e-01 1.926e+00
-3.200e-01 2.252e+00
-3.100e-01 9.836e-01
-3.000e-01 2.947e-01
-2.900e-01 1.339e+00
-2.800e-01 1.619e+00
-2.700e-01 1.435e+00
-2.600e-01 1.521e+00
-2.500e-01 1.731e+00
-2.400e-01 2.140e+00
-2.300e-01 2.024e+00
-2.200e-01 3.605e+00
-2.100e-01 1.480e+00
-2.000e-01 5.871e-01
-1.900e-01 -7.217e-01
-1.800e-01 9.618e-01
-1.700e-01 5.811e-01
-1.600e-01 9.352e-01
-1.500e-01 1.029e+00
-1.400e-01 1.291e+00
-1.300e-01 2.498e+00
-1.200e-01 2.356e+00
-1.100e-01 3.851e+00
-1.000e-01 3.313e+00
-9.000e-02 9.867e-01
-8.000e-02 3.495e+00
-7.000e-02 4.625e+00
-6.000e-02 5.005e-01
-5.000e-02 1.874e+00
-4.000e-02 8.146e+00
-3.000e-02 3.810e+00
-2.000e-02 1.548e+01
-1.000e-02 4.693e+01
