# Frequency (1.0/ps)      real(fft(F_2))
0.000e+00 2.821e+02
1.000e-02 2.945e+01
2.000e-02 1.468e+01
3.000e-02 1.259e+01
4.000e-02 1.071e+01
5.000e-02 5.041e+00
6.000e-02 1.701e+00
7.000e-02 3.502e+00
8.000e-02 3.648e+00
9.000e-02 4.019e+00
1.000e-01 1.018e+00
1.100e-01 2.100e+00
1.200e-01 4.345e+00
1.300e-01 5.146e+00
1.400e-01 3.339e-01
1.500e-01 -1.251e+00
1.600e-01 6.281e-01
1.700e-01 3.892e-01
1.800e-01 1.374e+00
1.900e-01 6.220e-01
2.000e-01 1.754e+00
2.100e-01 -5.490e-01
2.200e-01 1.226e+00
2.300e-01 1.015e+00
2.400e-01 1.585e+00
2.500e-01 1.861e+00
2.600e-01 2.178e+00
2.700e-01 1.208e+00
2.800e-01 4.585e-01
2.900e-01 4.026e-01
3.000e-01 -4.204e-01
3.100e-01 -2.967e-01
3.200e-01 6.667e-01
3.300e-01 8.116e-01
3.400e-01 5.314e-02
3.500e-01 1.293e+00
3.600e-01 7.288e-01
3.700e-01 8.096e-01
3.800e-01 1.400e+00
3.900e-01 2.630e-01
4.000e-01 2.203e+00
4.100e-01 1.680e+00
4.200e-01 2.066e+00
4.300e-01 1.998e+00
4.400e-01 2.132e+00
4.500e-01 1.453e+00
4.600e-01 1.408e+00
4.700e-01 1.806e+00
4.800e-01 8.447e-02
4.900e-01 1.360e+00
5.000e-01 -2.264e-01
5.100e-01 3.377e-01
5.200e-01 3.487e-01
5.300e-01 1.200e+00
5.400e-01 3.334e-01
5.500e-01 4.487e-01
5.600e-01 6.006e-01
5.700e-01 7.244e-01
5.800e-01 7.116e-01
5.900e-01 1.084e+00
6.000e-01 -4.415e-01
6.100e-01 6.978e-02
6.200e-01 -8.597e-02
6.300e-01 5.329e-01
6.400e-01 -2.824e-01
6.500e-01 2.410e-01
6.600e-01 7.959e-01
6.700e-01 3.603e-02
6.800e-01 1.236e+00
6.900e-01 8.815e-01
7.000e-01 2.417e-01
7.100e-01 6.921e-01
7.200e-01 3.736e-02
7.300e-01 7.701e-01
7.400e-01 5.175e-01
7.500e-01 1.952e-01
7.600e-01 3.751e-01
7.700e-01 9.831e-01
7.800e-01 8.697e-02
7.900e-01 7.779e-01
8.000e-01 1.165e-01
8.100e-01 4.297e-01
8.200e-01 1.349e+00
8.300e-01 1.165e+00
8.400e-01 2.981e-01
8.500e-01 8.965e-01
8.600e-01 4.975e-01
8.700e-01 8.693e-01
8.800e-01 7.222e-01
8.900e-01 6.223e-01
9.000e-01 7.949e-01
9.100e-01 5.362e-01
9.200e-01 9.557e-01
9.300e-01 2.744e-01
9.400e-01 2.537e-01
9.500e-01 9.104e-01
9.600e-01 -1.823e-01
9.700e-01 1.316e-01
9.800e-01 4.007e-01
9.900e-01 7.385e-01
1.000e+00 1.614e+00
1.010e+00 6.755e-01
1.020e+00 6.872e-01
1.030e+00 5.327e-01
1.040e+00 2.016e-01
1.050e+00 8.148e-01
1.060e+00 1.265e-01
1.070e+00 7.987e-01
1.080e+00 5.612e-01
1.090e+00 8.401e-01
1.100e+00 2.650e-01
1.110e+00 4.965e-01
1.120e+00 1.294e+00
1.130e+00 9.410e-01
1.140e+00 1.774e-01
1.150e+00 1.221e+00
1.160e+00 1.281e+00
1.170e+00 4.206e-01
1.180e+00 4.976e-01
1.190e+00 1.021e+00
1.200e+00 1.540e+00
1.210e+00 5.739e-01
1.220e+00 -6.352e-02
1.230e+00 -5.276e-01
1.240e+00 1.322e+00
1.250e+00 6.313e-01
1.260e+00 2.005e-01
1.270e+00 7.691e-01
1.280e+00 7.905e-01
1.290e+00 1.734e-01
1.300e+00 -5.911e-01
1.310e+00 -1.572e-01
1.320e+00 5.889e-01
1.330e+00 4.721e-01
1.340e+00 -1.910e-01
1.350e+00 2.552e-01
1.360e+00 5.009e-01
1.370e+00 8.958e-01
1.380e+00 8.887e-01
1.390e+00 4.078e-01
1.400e+00 -2.107e-01
1.410e+00 6.321e-01
1.420e+00 7.737e-01
1.430e+00 4.498e-01
1.440e+00 3.834e-01
1.450e+00 4.865e-01
1.460e+00 5.052e-01
1.470e+00 2.530e-01
1.480e+00 7.104e-01
1.490e+00 1.504e+00
1.500e+00 4.575e-01
1.510e+00 -1.219e-01
1.520e+00 -4.753e-03
1.530e+00 -4.268e-01
1.540e+00 -1.886e-01
1.550e+00 4.580e-01
1.560e+00 4.921e-02
1.570e+00 1.464e+00
1.580e+00 4.122e-01
1.590e+00 1.078e+00
1.600e+00 7.001e-01
1.610e+00 1.802e-01
1.620e+00 2.849e-01
1.630e+00 7.459e-01
1.640e+00 4.312e-01
1.650e+00 -1.747e-01
1.660e+00 5.847e-01
1.670e+00 2.088e-01
1.680e+00 -1.904e-01
1.690e+00 6.068e-02
1.700e+00 4.138e-01
1.710e+00 1.217e-01
1.720e+00 -7.553e-02
1.730e+00 -2.383e-01
1.740e+00 3.302e-01
1.750e+00 2.198e-01
1.760e+00 3.703e-01
1.770e+00 6.197e-01
1.780e+00 5.533e-01
1.790e+00 6.219e-01
1.800e+00 -2.295e-02
1.810e+00 -1.149e-01
1.820e+00 1.203e-02
1.830e+00 4.813e-01
1.840e+00 4.784e-01
1.850e+00 8.094e-01
1.860e+00 7.231e-01
1.870e+00 3.347e-01
1.880e+00 1.622e-01
1.890e+00 5.332e-01
1.900e+00 -2.572e-01
1.910e+00 1.046e+00
1.920e+00 8.241e-01
1.930e+00 2.681e-01
1.940e+00 -7.016e-02
1.950e+00 6.051e-01
1.960e+00 8.468e-01
1.970e+00 1.273e-01
1.980e+00 4.584e-01
1.990e+00 5.835e-01
2.000e+00 -3.891e-01
2.010e+00 5.523e-01
2.020e+00 5.192e-01
2.030e+00 9.787e-01
2.040e+00 6.184e-01
2.050e+00 5.360e-01
2.060e+00 -6.193e-02
2.070e+00 5.086e-01
2.080e+00 5.107e-01
2.090e+00 3.688e-01
2.100e+00 2.673e-01
2.110e+00 -5.235e-02
2.120e+00 3.717e-01
2.130e+00 4.450e-01
2.140e+00 3.337e-01
2.150e+00 6.556e-01
2.160e+00 7.817e-01
2.170e+00 1.120e-01
2.180e+00 4.538e-01
2.190e+00 -2.114e-01
2.200e+00 5.576e-01
2.210e+00 8.839e-01
2.220e+00 8.407e-01
2.230e+00 1.025e+00
2.240e+00 4.254e-01
2.250e+00 -1.997e-01
2.260e+00 -2.924e-02
2.270e+00 4.904e-01
2.280e+00 5.653e-01
2.290e+00 3.220e-01
2.300e+00 2.135e-01
2.310e+00 4.893e-01
2.320e+00 2.140e-01
2.330e+00 6.993e-01
2.340e+00 7.798e-01
2.350e+00 4.698e-01
2.360e+00 6.939e-01
2.370e+00 5.856e-01
2.380e+00 4.372e-01
2.390e+00 5.768e-01
2.400e+00 7.602e-01
2.410e+00 7.747e-01
2.420e+00 4.208e-01
2.430e+00 9.414e-02
2.440e+00 5.447e-01
2.450e+00 5.304e-01
2.460e+00 6.182e-01
2.470e+00 5.055e-01
2.480e+00 8.699e-01
2.490e+00 5.893e-01
2.500e+00 -1.651e-01
2.510e+00 7.785e-01
2.520e+00 9.372e-01
2.530e+00 4.162e-01
2.540e+00 9.032e-01
2.550e+00 5.698e-01
2.560e+00 5.905e-01
2.570e+00 7.052e-01
2.580e+00 8.474e-01
2.590e+00 6.786e-01
2.600e+00 4.845e-01
2.610e+00 6.705e-01
2.620e+00 1.452e-01
2.630e+00 5.194e-01
2.640e+00 3.283e-01
2.650e+00 7.016e-02
2.660e+00 1.899e-01
2.670e+00 7.135e-01
2.680e+00 4.443e-01
2.690e+00 7.904e-01
2.700e+00 1.915e-01
2.710e+00 3.669e-01
2.720e+00 9.652e-01
2.730e+00 6.483e-01
2.740e+00 2.000e-01
2.750e+00 2.063e-01
2.760e+00 1.620e-01
2.770e+00 1.367e-01
2.780e+00 5.948e-01
2.790e+00 5.236e-01
2.800e+00 7.372e-01
2.810e+00 5.082e-01
2.820e+00 3.557e-01
2.830e+00 1.701e-01
2.840e+00 4.216e-01
2.850e+00 4.059e-01
2.860e+00 6.268e-01
2.870e+00 4.396e-01
2.880e+00 8.319e-01
2.890e+00 5.045e-01
2.900e+00 7.377e-01
2.910e+00 5.785e-01
2.920e+00 6.157e-01
2.930e+00 3.790e-01
2.940e+00 1.806e-01
2.950e+00 4.588e-01
2.960e+00 -5.532e-02
2.970e+00 2.279e-01
2.980e+00 3.047e-01
2.990e+00 5.064e-01
3.000e+00 4.392e-01
3.010e+00 5.221e-01
3.020e+00 6.748e-01
3.030e+00 7.863e-01
3.040e+00 7.008e-01
3.050e+00 4.485e-01
3.060e+00 7.958e-01
3.070e+00 6.482e-01
3.080e+00 1.260e-01
3.090e+00 -2.623e-02
3.100e+00 1.050e+00
3.110e+00 2.351e-01
3.120e+00 3.622e-01
3.130e+00 3.746e-01
3.140e+00 4.534e-01
3.150e+00 6.136e-01
3.160e+00 1.872e-01
3.170e+00 4.539e-01
3.180e+00 7.702e-01
3.190e+00 7.573e-01
3.200e+00 1.120e+00
3.210e+00 6.410e-01
3.220e+00 6.220e-01
3.230e+00 4.272e-01
3.240e+00 1.242e-01
3.250e+00 2.591e-01
3.260e+00 2.470e-01
3.270e+00 8.308e-01
3.280e+00 9.141e-01
3.290e+00 5.230e-01
3.300e+00 4.679e-01
3.310e+00 8.356e-01
3.320e+00 6.592e-01
3.330e+00 6.194e-01
3.340e+00 9.525e-01
3.350e+00 4.974e-01
3.360e+00 3.423e-01
3.370e+00 9.261e-01
3.380e+00 7.439e-01
3.390e+00 6.162e-01
3.400e+00 4.850e-01
3.410e+00 8.584e-02
3.420e+00 2.567e-01
3.430e+00 2.856e-03
3.440e+00 7.210e-01
3.450e+00 4.764e-01
3.460e+00 5.180e-01
3.470e+00 4.724e-01
3.480e+00 6.932e-01
3.490e+00 7.442e-01
3.500e+00 1.637e-01
3.510e+00 5.232e-01
3.520e+00 3.301e-01
3.530e+00 6.003e-01
3.540e+00 4.840e-01
3.550e+00 4.594e-01
3.560e+00 6.258e-01
3.570e+00 8.442e-01
3.580e+00 5.635e-01
3.590e+00 4.976e-01
3.600e+00 2.410e-01
3.610e+00 9.933e-01
3.620e+00 7.130e-01
3.630e+00 4.155e-01
3.640e+00 3.784e-01
3.650e+00 6.529e-01
3.660e+00 6.186e-01
3.670e+00 4.602e-01
3.680e+00 1.839e-01
3.690e+00 4.311e-01
3.700e+00 8.222e-01
3.710e+00 7.819e-01
3.720e+00 5.562e-01
3.730e+00 5.968e-01
3.740e+00 8.664e-01
3.750e+00 5.473e-01
3.760e+00 2.834e-01
3.770e+00 4.297e-01
3.780e+00 3.506e-01
3.790e+00 2.992e-01
3.800e+00 5.118e-01
3.810e+00 8.514e-01
3.820e+00 1.070e+00
3.830e+00 1.024e+00
3.840e+00 5.480e-01
3.850e+00 3.947e-01
3.860e+00 6.940e-01
3.870e+00 3.516e-01
3.880e+00 2.642e-01
3.890e+00 5.044e-01
3.900e+00 7.418e-01
3.910e+00 3.441e-01
3.920e+00 6.363e-02
3.930e+00 2.558e-01
3.940e+00 8.141e-01
3.950e+00 6.892e-01
3.960e+00 6.555e-01
3.970e+00 8.709e-01
3.980e+00 5.336e-01
3.990e+00 4.880e-01
4.000e+00 3.136e-01
4.010e+00 3.906e-01
4.020e+00 6.305e-01
4.030e+00 8.079e-01
4.040e+00 3.382e-01
4.050e+00 3.157e-01
4.060e+00 2.350e-01
4.070e+00 6.927e-01
4.080e+00 5.447e-01
4.090e+00 1.366e-01
4.100e+00 2.199e-01
4.110e+00 6.330e-01
4.120e+00 6.447e-01
4.130e+00 3.296e-01
4.140e+00 3.502e-01
4.150e+00 4.430e-01
4.160e+00 5.720e-01
4.170e+00 2.517e-01
4.180e+00 4.319e-01
4.190e+00 3.926e-01
4.200e+00 1.009e+00
4.210e+00 2.093e-01
4.220e+00 6.812e-01
4.230e+00 4.019e-01
4.240e+00 8.070e-01
4.250e+00 4.998e-01
4.260e+00 4.412e-01
4.270e+00 3.029e-01
4.280e+00 2.607e-01
4.290e+00 6.331e-01
4.300e+00 5.720e-01
4.310e+00 4.159e-01
4.320e+00 5.408e-01
4.330e+00 3.452e-01
4.340e+00 -5.793e-02
4.350e+00 2.329e-01
4.360e+00 5.025e-01
4.370e+00 -1.334e-02
4.380e+00 1.597e-03
4.390e+00 9.397e-02
4.400e+00 4.581e-01
4.410e+00 2.300e-01
4.420e+00 5.068e-01
4.430e+00 1.301e-01
4.440e+00 4.216e-01
4.450e+00 1.494e-01
4.460e+00 3.454e-02
4.470e+00 7.884e-01
4.480e+00 7.585e-01
4.490e+00 5.392e-01
4.500e+00 6.371e-01
4.510e+00 3.256e-01
4.520e+00 2.243e-01
4.530e+00 1.306e-01
4.540e+00 1.270e-01
4.550e+00 2.777e-01
4.560e+00 4.396e-01
4.570e+00 4.641e-01
4.580e+00 4.295e-01
4.590e+00 5.219e-01
4.600e+00 4.563e-01
4.610e+00 8.196e-01
4.620e+00 6.841e-01
4.630e+00 2.687e-01
4.640e+00 6.312e-01
4.650e+00 4.261e-01
4.660e+00 2.869e-01
4.670e+00 3.376e-01
4.680e+00 5.093e-01
4.690e+00 7.692e-01
4.700e+00 6.369e-01
4.710e+00 4.083e-01
4.720e+00 5.019e-01
4.730e+00 8.707e-01
4.740e+00 1.021e+00
4.750e+00 5.446e-01
4.760e+00 7.271e-01
4.770e+00 2.522e-02
4.780e+00 5.174e-01
4.790e+00 7.355e-01
4.800e+00 6.404e-01
4.810e+00 5.889e-01
4.820e+00 5.092e-01
4.830e+00 4.611e-01
4.840e+00 2.182e-01
4.850e+00 1.354e-01
4.860e+00 2.290e-01
4.870e+00 3.385e-01
4.880e+00 2.643e-01
4.890e+00 4.371e-01
4.900e+00 4.383e-01
4.910e+00 8.388e-01
4.920e+00 7.260e-01
4.930e+00 5.434e-01
4.940e+00 3.709e-01
4.950e+00 4.007e-01
4.960e+00 5.458e-01
4.970e+00 6.013e-01
4.980e+00 1.568e-01
4.990e+00 4.063e-01
-5.000e+00 -4.517e-02
-4.990e+00 1.927e-01
-4.980e+00 4.297e-01
-4.970e+00 8.556e-01
-4.960e+00 3.872e-01
-4.950e+00 2.616e-01
-4.940e+00 5.222e-01
-4.930e+00 2.878e-01
-4.920e+00 6.353e-01
-4.910e+00 7.663e-01
-4.900e+00 4.169e-01
-4.890e+00 5.873e-01
-4.880e+00 5.534e-01
-4.870e+00 6.333e-01
-4.860e+00 6.202e-02
-4.850e+00 3.827e-01
-4.840e+00 5.268e-01
-4.830e+00 2.864e-01
-4.820e+00 7.015e-01
-4.810e+00 3.625e-01
-4.800e+00 6.218e-01
-4.790e+00 1.657e-01
-4.780e+00 2.002e-01
-4.770e+00 -1.149e-01
-4.760e+00 6.009e-01
-4.750e+00 7.169e-01
-4.740e+00 7.249e-01
-4.730e+00 3.665e-01
-4.720e+00 4.303e-01
-4.710e+00 3.883e-01
-4.700e+00 8.260e-01
-4.690e+00 3.266e-01
-4.680e+00 3.534e-01
-4.670e+00 7.965e-01
-4.660e+00 7.008e-01
-4.650e+00 7.499e-01
-4.640e+00 1.018e+00
-4.630e+00 2.649e-01
-4.620e+00 6.138e-01
-4.610e+00 7.840e-01
-4.600e+00 1.787e-01
-4.590e+00 4.970e-01
-4.580e+00 3.177e-01
-4.570e+00 3.117e-01
-4.560e+00 2.844e-01
-4.550e+00 1.911e-01
-4.540e+00 1.437e-01
-4.530e+00 1.056e-01
-4.520e+00 2.570e-01
-4.510e+00 5.574e-01
-4.500e+00 8.880e-01
-4.490e+00 5.234e-01
-4.480e+00 6.403e-01
-4.470e+00 7.755e-01
-4.460e+00 3.656e-01
-4.450e+00 4.315e-01
-4.440e+00 4.761e-01
-4.430e+00 4.976e-01
-4.420e+00 3.482e-01
-4.410e+00 3.317e-01
-4.400e+00 4.048e-01
-4.390e+00 -8.799e-02
-4.380e+00 3.503e-01
-4.370e+00 4.407e-01
-4.360e+00 3.931e-01
-4.350e+00 4.953e-01
-4.340e+00 2.772e-01
-4.330e+00 4.118e-01
-4.320e+00 3.115e-01
-4.310e+00 2.184e-01
-4.300e+00 4.775e-01
-4.290e+00 4.480e-02
-4.280e+00 1.013e-01
-4.270e+00 -6.338e-02
-4.260e+00 3.507e-01
-4.250e+00 2.410e-01
-4.240e+00 5.205e-01
-4.230e+00 7.480e-01
-4.220e+00 6.140e-01
-4.210e+00 6.606e-01
-4.200e+00 4.360e-01
-4.190e+00 3.890e-01
-4.180e+00 4.426e-01
-4.170e+00 2.872e-01
-4.160e+00 5.743e-01
-4.150e+00 3.880e-01
-4.140e+00 9.694e-02
-4.130e+00 6.730e-01
-4.120e+00 3.170e-01
-4.110e+00 6.665e-01
-4.100e+00 9.454e-01
-4.090e+00 7.523e-01
-4.080e+00 5.935e-01
-4.070e+00 7.266e-01
-4.060e+00 3.908e-01
-4.050e+00 8.913e-01
-4.040e+00 7.053e-01
-4.030e+00 8.228e-01
-4.020e+00 5.686e-01
-4.010e+00 5.355e-01
-4.000e+00 5.145e-01
-3.990e+00 5.504e-01
-3.980e+00 5.935e-01
-3.970e+00 8.309e-01
-3.960e+00 4.771e-01
-3.950e+00 4.682e-01
-3.940e+00 6.608e-01
-3.930e+00 4.452e-01
-3.920e+00 5.166e-02
-3.910e+00 3.136e-01
-3.900e+00 3.637e-01
-3.890e+00 4.481e-01
-3.880e+00 8.000e-01
-3.870e+00 4.606e-01
-3.860e+00 5.342e-01
-3.850e+00 4.210e-01
-3.840e+00 2.652e-01
-3.830e+00 3.132e-01
-3.820e+00 -3.888e-02
-3.810e+00 2.525e-01
-3.800e+00 3.713e-01
-3.790e+00 2.534e-01
-3.780e+00 3.259e-01
-3.770e+00 5.975e-01
-3.760e+00 1.903e-01
-3.750e+00 4.557e-01
-3.740e+00 4.063e-01
-3.730e+00 4.167e-01
-3.720e+00 5.318e-01
-3.710e+00 7.139e-01
-3.700e+00 2.561e-01
-3.690e+00 2.197e-01
-3.680e+00 5.230e-01
-3.670e+00 3.897e-01
-3.660e+00 -1.196e-01
-3.650e+00 5.241e-01
-3.640e+00 5.892e-01
-3.630e+00 6.142e-01
-3.620e+00 6.740e-01
-3.610e+00 8.061e-01
-3.600e+00 4.215e-01
-3.590e+00 1.646e-01
-3.580e+00 3.519e-01
-3.570e+00 -9.816e-02
-3.560e+00 3.677e-01
-3.550e+00 4.040e-01
-3.540e+00 4.168e-01
-3.530e+00 5.890e-01
-3.520e+00 7.441e-01
-3.510e+00 2.966e-01
-3.500e+00 1.384e+00
-3.490e+00 8.100e-01
-3.480e+00 4.668e-01
-3.470e+00 5.127e-01
-3.460e+00 2.674e-01
-3.450e+00 4.595e-01
-3.440e+00 4.429e-01
-3.430e+00 9.156e-01
-3.420e+00 7.132e-01
-3.410e+00 7.045e-01
-3.400e+00 2.548e-01
-3.390e+00 7.670e-01
-3.380e+00 7.655e-01
-3.370e+00 5.914e-01
-3.360e+00 5.418e-01
-3.350e+00 3.008e-01
-3.340e+00 5.624e-01
-3.330e+00 6.036e-01
-3.320e+00 7.484e-01
-3.310e+00 8.155e-01
-3.300e+00 8.899e-01
-3.290e+00 8.229e-01
-3.280e+00 6.359e-01
-3.270e+00 4.664e-01
-3.260e+00 8.452e-01
-3.250e+00 7.278e-01
-3.240e+00 7.838e-01
-3.230e+00 4.061e-01
-3.220e+00 3.618e-01
-3.210e+00 3.469e-01
-3.200e+00 9.427e-01
-3.190e+00 8.150e-01
-3.180e+00 5.777e-01
-3.170e+00 4.675e-01
-3.160e+00 3.369e-01
-3.150e+00 6.428e-01
-3.140e+00 2.698e-01
-3.130e+00 5.746e-01
-3.120e+00 5.130e-01
-3.110e+00 2.951e-01
-3.100e+00 3.286e-01
-3.090e+00 1.682e-02
-3.080e+00 1.648e-01
-3.070e+00 4.647e-01
-3.060e+00 1.066e+00
-3.050e+00 4.968e-01
-3.040e+00 3.369e-01
-3.030e+00 6.146e-01
-3.020e+00 1.065e+00
-3.010e+00 1.100e+00
-3.000e+00 6.887e-01
-2.990e+00 6.904e-01
-2.980e+00 7.769e-01
-2.970e+00 7.969e-01
-2.960e+00 3.570e-01
-2.950e+00 8.015e-01
-2.940e+00 7.883e-01
-2.930e+00 6.173e-01
-2.920e+00 -8.243e-02
-2.910e+00 2.251e-01
-2.900e+00 -1.414e-01
-2.890e+00 4.413e-01
-2.880e+00 6.754e-01
-2.870e+00 2.495e-01
-2.860e+00 4.054e-01
-2.850e+00 3.551e-01
-2.840e+00 7.812e-01
-2.830e+00 1.033e+00
-2.820e+00 6.053e-01
-2.810e+00 6.401e-01
-2.800e+00 6.844e-01
-2.790e+00 9.185e-01
-2.780e+00 7.356e-01
-2.770e+00 2.054e-01
-2.760e+00 4.106e-01
-2.750e+00 6.108e-01
-2.740e+00 2.078e-01
-2.730e+00 1.495e-01
-2.720e+00 1.888e-01
-2.710e+00 5.460e-02
-2.700e+00 2.201e-01
-2.690e+00 6.227e-01
-2.680e+00 1.419e-01
-2.670e+00 -4.403e-02
-2.660e+00 4.480e-01
-2.650e+00 5.299e-01
-2.640e+00 8.040e-02
-2.630e+00 5.729e-01
-2.620e+00 6.589e-01
-2.610e+00 5.789e-01
-2.600e+00 7.058e-02
-2.590e+00 5.309e-01
-2.580e+00 1.407e-01
-2.570e+00 3.325e-01
-2.560e+00 6.633e-01
-2.550e+00 6.990e-01
-2.540e+00 5.972e-01
-2.530e+00 7.754e-01
-2.520e+00 6.857e-01
-2.510e+00 1.026e+00
-2.500e+00 5.252e-01
-2.490e+00 3.570e-01
-2.480e+00 3.454e-01
-2.470e+00 3.213e-01
-2.460e+00 9.627e-01
-2.450e+00 9.880e-01
-2.440e+00 5.400e-01
-2.430e+00 5.910e-01
-2.420e+00 4.367e-01
-2.410e+00 4.679e-01
-2.400e+00 2.445e-01
-2.390e+00 1.099e+00
-2.380e+00 7.486e-01
-2.370e+00 8.473e-01
-2.360e+00 6.538e-01
-2.350e+00 5.519e-01
-2.340e+00 2.381e-01
-2.330e+00 5.899e-01
-2.320e+00 3.793e-01
-2.310e+00 4.101e-01
-2.300e+00 6.756e-01
-2.290e+00 1.045e+00
-2.280e+00 5.781e-01
-2.270e+00 1.016e+00
-2.260e+00 1.178e+00
-2.250e+00 7.742e-01
-2.240e+00 8.775e-01
-2.230e+00 4.888e-01
-2.220e+00 2.263e-01
-2.210e+00 5.271e-01
-2.200e+00 6.836e-01
-2.190e+00 4.995e-01
-2.180e+00 4.988e-01
-2.170e+00 3.231e-01
-2.160e+00 4.536e-01
-2.150e+00 8.278e-01
-2.140e+00 5.607e-01
-2.130e+00 -4.409e-02
-2.120e+00 -1.577e-01
-2.110e+00 6.822e-01
-2.100e+00 5.304e-01
-2.090e+00 2.144e-01
-2.080e+00 8.854e-01
-2.070e+00 8.452e-01
-2.060e+00 1.075e+00
-2.050e+00 4.977e-01
-2.040e+00 4.112e-01
-2.030e+00 1.021e+00
-2.020e+00 3.327e-01
-2.010e+00 1.787e-01
-2.000e+00 9.633e-01
-1.990e+00 7.784e-02
-1.980e+00 2.065e-01
-1.970e+00 6.312e-01
-1.960e+00 1.008e-01
-1.950e+00 5.284e-01
-1.940e+00 2.231e-01
-1.930e+00 2.686e-01
-1.920e+00 6.063e-01
-1.910e+00 1.216e+00
-1.900e+00 7.208e-01
-1.890e+00 8.519e-01
-1.880e+00 4.807e-01
-1.870e+00 1.313e-01
-1.860e+00 1.906e-01
-1.850e+00 2.610e-01
-1.840e+00 3.203e-01
-1.830e+00 3.596e-01
-1.820e+00 5.394e-01
-1.810e+00 5.053e-01
-1.800e+00 5.438e-01
-1.790e+00 4.953e-01
-1.780e+00 2.086e-01
-1.770e+00 4.220e-01
-1.760e+00 -2.124e-01
-1.750e+00 4.304e-01
-1.740e+00 3.415e-01
-1.730e+00 2.336e-01
-1.720e+00 8.438e-01
-1.710e+00 4.250e-01
-1.700e+00 4.982e-01
-1.690e+00 8.699e-01
-1.680e+00 2.957e-01
-1.670e+00 -2.720e-01
-1.660e+00 6.249e-01
-1.650e+00 4.843e-01
-1.640e+00 4.664e-01
-1.630e+00 1.779e-01
-1.620e+00 5.333e-03
-1.610e+00 6.717e-01
-1.600e+00 1.022e+00
-1.590e+00 3.690e-01
-1.580e+00 2.922e-01
-1.570e+00 5.205e-01
-1.560e+00 1.160e+00
-1.550e+00 4.704e-01
-1.540e+00 1.036e+00
-1.530e+00 9.738e-01
-1.520e+00 8.846e-01
-1.510e+00 9.811e-01
-1.500e+00 -7.695e-01
-1.490e+00 1.323e-01
-1.480e+00 2.485e-01
-1.470e+00 1.596e-02
-1.460e+00 5.041e-01
-1.450e+00 3.696e-01
-1.440e+00 1.119e-01
-1.430e+00 5.828e-01
-1.420e+00 1.514e-01
-1.410e+00 6.596e-01
-1.400e+00 2.579e-01
-1.390e+00 -4.307e-01
-1.380e+00 -3.123e-02
-1.370e+00 -2.689e-01
-1.360e+00 -3.979e-01
-1.350e+00 1.882e-01
-1.340e+00 5.867e-01
-1.330e+00 7.538e-01
-1.320e+00 1.459e+00
-1.310e+00 1.191e+00
-1.300e+00 5.494e-01
-1.290e+00 1.461e+00
-1.280e+00 7.711e-01
-1.270e+00 1.478e-01
-1.260e+00 1.524e+00
-1.250e+00 5.241e-01
-1.240e+00 3.260e-01
-1.230e+00 8.176e-01
-1.220e+00 -4.036e-01
-1.210e+00 -8.896e-02
-1.200e+00 3.871e-01
-1.190e+00 2.215e-01
-1.180e+00 3.717e-01
-1.170e+00 1.209e+00
-1.160e+00 3.013e-01
-1.150e+00 6.028e-01
-1.140e+00 3.084e-01
-1.130e+00 -1.353e-01
-1.120e+00 -2.304e-01
-1.110e+00 5.638e-01
-1.100e+00 1.501e+00
-1.090e+00 7.224e-01
-1.080e+00 1.476e+00
-1.070e+00 8.553e-01
-1.060e+00 1.247e+00
-1.050e+00 5.797e-01
-1.040e+00 1.342e+00
-1.030e+00 3.684e-01
-1.020e+00 1.001e+00
-1.010e+00 4.778e-01
-1.000e+00 3.000e-01
-9.900e-01 1.058e+00
-9.800e-01 6.150e-01
-9.700e-01 -5.097e-01
-9.600e-01 5.842e-01
-9.500e-01 3.647e-01
-9.400e-01 -1.849e-01
-9.300e-01 1.436e+00
-9.200e-01 9.206e-01
-9.100e-01 -1.330e-01
-9.000e-01 -2.730e-01
-8.900e-01 3.897e-02
-8.800e-01 5.610e-01
-8.700e-01 -1.306e-01
-8.600e-01 -4.913e-01
-8.500e-01 2.727e-01
-8.400e-01 9.442e-01
-8.300e-01 4.599e-01
-8.200e-01 3.737e-01
-8.100e-01 5.396e-01
-8.000e-01 -1.150e-01
-7.900e-01 1.380e+00
-7.800e-01 9.856e-01
-7.700e-01 8.367e-01
-7.600e-01 2.106e+00
-7.500e-01 2.000e+00
-7.400e-01 4.488e-01
-7.300e-01 4.607e-02
-7.200e-01 8.297e-01
-7.100e-01 7.603e-01
-7.000e-01 7.029e-01
-6.900e-01 8.062e-01
-6.800e-01 2.738e-01
-6.700e-01 4.585e-01
-6.600e-01 3.374e-01
-6.500e-01 -1.767e-01
-6.400e-01 3.816e-02
-6.300e-01 1.131e+00
-6.200e-01 1.212e+00
-6.100e-01 4.704e-01
-6.000e-01 3.176e-01
-5.900e-01 5.335e-02
-5.800e-01 4.943e-01
-5.700e-01 -4.638e-01
-5.600e-01 1.273e+00
-5.500e-01 1.780e-01
-5.400e-01 2.984e-01
-5.300e-01 -1.123e-01
-5.200e-01 1.858e+00
-5.100e-01 1.613e+00
-5.000e-01 9.712e-02
-4.900e-01 1.073e+00
-4.800e-01 5.487e-01
-4.700e-01 3.599e-01
-4.600e-01 -1.592e-01
-4.500e-01 7.962e-01
-4.400e-01 -2.351e-02
-4.300e-01 1.703e+00
-4.200e-01 1.890e+00
-4.100e-01 1.443e+00
-4.000e-01 5.102e-01
-3.900e-01 1.585e+00
-3.800e-01 1.545e+00
-3.700e-01 2.221e-01
-3.600e-01 7.186e-02
-3.500e-01 7.494e-01
-3.400e-01 -7.705e-01
-3.300e-01 3.119e-01
-3.200e-01 1.295e+00
-3.100e-01 1.451e+00
-3.000e-01 1.465e+00
-2.900e-01 1.707e-01
-2.800e-01 2.025e-01
-2.700e-01 8.916e-03
-2.600e-01 2.128e+00
-2.500e-01 1.760e+00
-2.400e-01 1.402e+00
-2.300e-01 9.235e-01
-2.200e-01 -5.664e-01
-2.100e-01 1.126e+00
-2.000e-01 4.280e-01
-1.900e-01 7.547e-01
-1.800e-01 2.483e+00
-1.700e-01 -1.570e+00
-1.600e-01 2.060e+00
-1.500e-01 2.038e+00
-1.400e-01 3.728e+00
-1.300e-01 1.297e+00
-1.200e-01 3.004e+00
-1.100e-01 1.709e+00
-1.000e-01 5.250e+00
-9.000e-02 4.425e+00
-8.000e-02 3.297e+00
-7.000e-02 5.322e+00
-6.000e-02 6.370e+00
-5.000e-02 4.645e+00
-4.000e-02 -3.579e+00
-3.000e-02 1.861e+01
-2.000e-02 2.483e+01
-1.000e-02 3.599e+01
