# Time (ps)      real(F_0)      im(F_0)
0.000e+00 1.000e+00 0.000e+00
1.000e-01 9.350e-01 0.000e+00
2.000e-01 8.714e-01 0.000e+00
3.000e-01 8.979e-01 0.000e+00
4.000e-01 8.010e-01 0.000e+00
5.000e-01 6.625e-01 0.000e+00
6.000e-01 6.295e-01 0.000e+00
7.000e-01 6.079e-01 0.000e+00
8.000e-01 5.910e-01 0.000e+00
9.000e-01 5.825e-01 0.000e+00
1.000e+00 5.259e-01 0.000e+00
1.100e+00 5.240e-01 0.000e+00
1.200e+00 5.170e-01 0.000e+00
1.300e+00 5.535e-01 0.000e+00
1.400e+00 5.637e-01 0.000e+00
1.500e+00 5.869e-01 0.000e+00
1.600e+00 5.106e-01 0.000e+00
1.700e+00 5.010e-01 0.000e+00
1.800e+00 4.958e-01 0.000e+00
1.900e+00 5.226e-01 0.000e+00
2.000e+00 5.181e-01 0.000e+00
2.100e+00 4.661e-01 0.000e+00
2.200e+00 4.925e-01 0.000e+00
2.300e+00 4.841e-01 0.000e+00
2.400e+00 4.880e-01 0.000e+00
2.500e+00 4.213e-01 0.000e+00
2.600e+00 3.631e-01 0.000e+00
2.700e+00 3.610e-01 0.000e+00
2.800e+00 3.931e-01 0.000e+00
2.900e+00 4.096e-01 0.000e+00
3.000e+00 4.070e-01 0.000e+00
3.100e+00 3.788e-01 0.000e+00
3.200e+00 3.834e-01 0.000e+00
3.300e+00 3.972e-01 0.000e+00
3.400e+00 3.658e-01 0.000e+00
3.500e+00 3.365e-01 0.000e+00
3.600e+00 3.141e-01 0.000e+00
3.700e+00 3.264e-01 0.000e+00
3.800e+00 2.668e-01 0.000e+00
3.900e+00 2.578e-01 0.000e+00
4.000e+00 2.560e-01 0.000e+00
4.100e+00 2.721e-01 0.000e+00
4.200e+00 2.712e-01 0.000e+00
4.300e+00 2.515e-01 0.000e+00
4.400e+00 2.485e-01 0.000e+00
4.500e+00 2.442e-01 0.000e+00
4.600e+00 2.243e-01 0.000e+00
4.700e+00 2.140e-01 0.000e+00
4.800e+00 2.246e-01 0.000e+00
4.900e+00 2.284e-01 0.000e+00
5.000e+00 2.197e-01 0.000e+00
5.100e+00 2.134e-01 0.000e+00
5.200e+00 2.024e-01 0.000e+00
5.300e+00 2.035e-01 0.000e+00
5.400e+00 1.967e-01 0.000e+00
5.500e+00 1.779e-01 0.000e+00
5.600e+00 1.886e-01 0.000e+00
5.700e+00 1.773e-01 0.000e+00
5.800e+00 2.030e-01 0.000e+00
5.900e+00 1.933e-01 0.000e+00
6.000e+00 1.958e-01 0.000e+00
6.100e+00 1.807e-01 0.000e+00
6.200e+00 1.801e-01 0.000e+00
6.300e+00 1.671e-01 0.000e+00
6.400e+00 1.727e-01 0.000e+00
6.500e+00 1.800e-01 0.000e+00
6.600e+00 1.861e-01 0.000e+00
6.700e+00 1.677e-01 0.000e+00
6.800e+00 1.673e-01 0.000e+00
6.900e+00 1.689e-01 0.000e+00
7.000e+00 1.684e-01 0.000e+00
7.100e+00 1.726e-01 0.000e+00
7.200e+00 1.710e-01 0.000e+00
7.300e+00 1.789e-01 0.000e+00
7.400e+00 1.844e-01 0.000e+00
7.500e+00 1.960e-01 0.000e+00
7.600e+00 1.991e-01 0.000e+00
7.700e+00 1.847e-01 0.000e+00
7.800e+00 1.910e-01 0.000e+00
7.900e+00 1.845e-01 0.000e+00
8.000e+00 1.612e-01 0.000e+00
8.100e+00 1.802e-01 0.000e+00
8.200e+00 2.004e-01 0.000e+00
8.300e+00 1.802e-01 0.000e+00
8.400e+00 1.873e-01 0.000e+00
8.500e+00 1.745e-01 0.000e+00
8.600e+00 1.655e-01 0.000e+00
8.700e+00 1.817e-01 0.000e+00
8.800e+00 1.771e-01 0.000e+00
8.900e+00 1.810e-01 0.000e+00
9.000e+00 1.716e-01 0.000e+00
9.100e+00 1.760e-01 0.000e+00
9.200e+00 1.798e-01 0.000e+00
9.300e+00 1.872e-01 0.000e+00
9.400e+00 1.714e-01 0.000e+00
9.500e+00 1.773e-01 0.000e+00
9.600e+00 1.779e-01 0.000e+00
9.700e+00 1.724e-01 0.000e+00
9.800e+00 1.563e-01 0.000e+00
9.900e+00 1.560e-01 0.000e+00
1.000e+01 1.551e-01 0.000e+00
1.010e+01 1.552e-01 0.000e+00
1.020e+01 1.433e-01 0.000e+00
1.030e+01 1.412e-01 0.000e+00
1.040e+01 1.438e-01 0.000e+00
1.050e+01 1.161e-01 0.000e+00
1.060e+01 9.001e-02 0.000e+00
1.070e+01 1.008e-01 0.000e+00
1.080e+01 1.043e-01 0.000e+00
1.090e+01 1.116e-01 0.000e+00
1.100e+01 1.099e-01 0.000e+00
1.110e+01 1.090e-01 0.000e+00
1.120e+01 9.351e-02 0.000e+00
1.130e+01 8.772e-02 0.000e+00
1.140e+01 8.404e-02 0.000e+00
1.150e+01 9.588e-02 0.000e+00
1.160e+01 9.725e-02 0.000e+00
1.170e+01 9.659e-02 0.000e+00
1.180e+01 8.966e-02 0.000e+00
1.190e+01 9.559e-02 0.000e+00
1.200e+01 9.649e-02 0.000e+00
1.210e+01 8.893e-02 0.000e+00
1.220e+01 9.212e-02 0.000e+00
1.230e+01 9.230e-02 0.000e+00
1.240e+01 9.842e-02 0.000e+00
1.250e+01 1.029e-01 0.000e+00
1.260e+01 9.059e-02 0.000e+00
1.270e+01 8.454e-02 0.000e+00
1.280e+01 8.567e-02 0.000e+00
1.290e+01 8.798e-02 0.000e+00
1.300e+01 8.527e-02 0.000e+00
1.310e+01 8.840e-02 0.000e+00
1.320e+01 6.863e-02 0.000e+00
1.330e+01 6.129e-02 0.000e+00
1.340e+01 7.165e-02 0.000e+00
1.350e+01 7.562e-02 0.000e+00
1.360e+01 7.185e-02 0.000e+00
1.370e+01 7.873e-02 0.000e+00
1.380e+01 7.202e-02 0.000e+00
1.390e+01 6.923e-02 0.000e+00
1.400e+01 7.009e-02 0.000e+00
1.410e+01 4.885e-02 0.000e+00
1.420e+01 6.911e-02 0.000e+00
1.430e+01 7.061e-02 0.000e+00
1.440e+01 7.115e-02 0.000e+00
1.450e+01 7.806e-02 0.000e+00
1.460e+01 8.967e-02 0.000e+00
1.470e+01 8.466e-02 0.000e+00
1.480e+01 7.834e-02 0.000e+00
1.490e+01 7.776e-02 0.000e+00
1.500e+01 8.290e-02 0.000e+00
1.510e+01 8.893e-02 0.000e+00
1.520e+01 8.514e-02 0.000e+00
1.530e+01 6.651e-02 0.000e+00
1.540e+01 7.905e-02 0.000e+00
1.550e+01 8.910e-02 0.000e+00
1.560e+01 8.052e-02 0.000e+00
1.570e+01 9.231e-02 0.000e+00
1.580e+01 9.957e-02 0.000e+00
1.590e+01 9.783e-02 0.000e+00
1.600e+01 9.504e-02 0.000e+00
1.610e+01 1.045e-01 0.000e+00
1.620e+01 9.704e-02 0.000e+00
1.630e+01 9.505e-02 0.000e+00
1.640e+01 8.095e-02 0.000e+00
1.650e+01 9.246e-02 0.000e+00
1.660e+01 8.298e-02 0.000e+00
1.670e+01 1.072e-01 0.000e+00
1.680e+01 8.267e-02 0.000e+00
1.690e+01 7.697e-02 0.000e+00
1.700e+01 6.827e-02 0.000e+00
1.710e+01 8.611e-02 0.000e+00
1.720e+01 6.437e-02 0.000e+00
1.730e+01 8.068e-02 0.000e+00
1.740e+01 7.162e-02 0.000e+00
1.750e+01 7.446e-02 0.000e+00
1.760e+01 7.621e-02 0.000e+00
1.770e+01 7.383e-02 0.000e+00
1.780e+01 7.291e-02 0.000e+00
1.790e+01 5.923e-02 0.000e+00
1.800e+01 6.706e-02 0.000e+00
1.810e+01 6.983e-02 0.000e+00
1.820e+01 6.439e-02 0.000e+00
1.830e+01 5.213e-02 0.000e+00
1.840e+01 6.886e-02 0.000e+00
1.850e+01 6.438e-02 0.000e+00
1.860e+01 6.316e-02 0.000e+00
1.870e+01 6.813e-02 0.000e+00
1.880e+01 7.400e-02 0.000e+00
1.890e+01 6.903e-02 0.000e+00
1.900e+01 6.923e-02 0.000e+00
1.910e+01 6.846e-02 0.000e+00
1.920e+01 6.765e-02 0.000e+00
1.930e+01 7.965e-02 0.000e+00
1.940e+01 7.949e-02 0.000e+00
1.950e+01 8.680e-02 0.000e+00
1.960e+01 9.259e-02 0.000e+00
1.970e+01 9.550e-02 0.000e+00
1.980e+01 9.647e-02 0.000e+00
1.990e+01 9.622e-02 0.000e+00
2.000e+01 9.940e-02 0.000e+00
2.010e+01 9.577e-02 0.000e+00
2.020e+01 9.732e-02 0.000e+00
2.030e+01 7.881e-02 0.000e+00
2.040e+01 6.216e-02 0.000e+00
2.050e+01 6.397e-02 0.000e+00
2.060e+01 6.326e-02 0.000e+00
2.070e+01 6.731e-02 0.000e+00
2.080e+01 7.291e-02 0.000e+00
2.090e+01 7.792e-02 0.000e+00
2.100e+01 7.681e-02 0.000e+00
2.110e+01 6.908e-02 0.000e+00
2.120e+01 7.050e-02 0.000e+00
2.130e+01 7.233e-02 0.000e+00
2.140e+01 7.233e-02 0.000e+00
2.150e+01 6.743e-02 0.000e+00
2.160e+01 6.520e-02 0.000e+00
2.170e+01 5.536e-02 0.000e+00
2.180e+01 6.569e-02 0.000e+00
2.190e+01 6.801e-02 0.000e+00
2.200e+01 7.204e-02 0.000e+00
2.210e+01 6.390e-02 0.000e+00
2.220e+01 6.060e-02 0.000e+00
2.230e+01 5.652e-02 0.000e+00
2.240e+01 6.153e-02 0.000e+00
2.250e+01 6.120e-02 0.000e+00
2.260e+01 5.610e-02 0.000e+00
2.270e+01 6.426e-02 0.000e+00
2.280e+01 6.083e-02 0.000e+00
2.290e+01 6.553e-02 0.000e+00
2.300e+01 6.386e-02 0.000e+00
2.310e+01 5.610e-02 0.000e+00
2.320e+01 5.014e-02 0.000e+00
2.330e+01 5.318e-02 0.000e+00
2.340e+01 5.841e-02 0.000e+00
2.350e+01 5.882e-02 0.000e+00
2.360e+01 5.093e-02 0.000e+00
2.370e+01 5.742e-02 0.000e+00
2.380e+01 5.565e-02 0.000e+00
2.390e+01 5.065e-02 0.000e+00
2.400e+01 4.567e-02 0.000e+00
2.410e+01 4.703e-02 0.000e+00
2.420e+01 5.484e-02 0.000e+00
2.430e+01 5.821e-02 0.000e+00
2.440e+01 5.802e-02 0.000e+00
2.450e+01 5.955e-02 0.000e+00
2.460e+01 5.861e-02 0.000e+00
2.470e+01 6.155e-02 0.000e+00
2.480e+01 5.731e-02 0.000e+00
2.490e+01 5.513e-02 0.000e+00
2.500e+01 5.088e-02 0.000e+00
2.510e+01 5.426e-02 0.000e+00
2.520e+01 5.130e-02 0.000e+00
2.530e+01 5.903e-02 0.000e+00
2.540e+01 6.257e-02 0.000e+00
2.550e+01 7.241e-02 0.000e+00
2.560e+01 6.148e-02 0.000e+00
2.570e+01 6.000e-02 0.000e+00
2.580e+01 6.588e-02 0.000e+00
2.590e+01 7.024e-02 0.000e+00
2.600e+01 6.127e-02 0.000e+00
2.610e+01 5.650e-02 0.000e+00
2.620e+01 6.011e-02 0.000e+00
2.630e+01 5.549e-02 0.000e+00
2.640e+01 5.306e-02 0.000e+00
2.650e+01 5.068e-02 0.000e+00
2.660e+01 5.024e-02 0.000e+00
2.670e+01 5.215e-02 0.000e+00
2.680e+01 4.448e-02 0.000e+00
2.690e+01 4.575e-02 0.000e+00
2.700e+01 4.807e-02 0.000e+00
2.710e+01 4.816e-02 0.000e+00
2.720e+01 4.433e-02 0.000e+00
2.730e+01 4.721e-02 0.000e+00
2.740e+01 4.665e-02 0.000e+00
2.750e+01 4.695e-02 0.000e+00
2.760e+01 4.753e-02 0.000e+00
2.770e+01 4.275e-02 0.000e+00
2.780e+01 4.523e-02 0.000e+00
2.790e+01 4.069e-02 0.000e+00
2.800e+01 3.989e-02 0.000e+00
2.810e+01 3.488e-02 0.000e+00
2.820e+01 3.381e-02 0.000e+00
2.830e+01 3.420e-02 0.000e+00
2.840e+01 3.418e-02 0.000e+00
2.850e+01 3.017e-02 0.000e+00
2.860e+01 2.766e-02 0.000e+00
2.870e+01 2.699e-02 0.000e+00
2.880e+01 2.566e-02 0.000e+00
2.890e+01 2.750e-02 0.000e+00
2.900e+01 2.588e-02 0.000e+00
2.910e+01 3.135e-02 0.000e+00
2.920e+01 3.000e-02 0.000e+00
2.930e+01 3.400e-02 0.000e+00
2.940e+01 3.865e-02 0.000e+00
2.950e+01 3.426e-02 0.000e+00
2.960e+01 3.267e-02 0.000e+00
2.970e+01 3.734e-02 0.000e+00
2.980e+01 3.911e-02 0.000e+00
2.990e+01 4.093e-02 0.000e+00
3.000e+01 3.977e-02 0.000e+00
3.010e+01 4.243e-02 0.000e+00
3.020e+01 3.950e-02 0.000e+00
3.030e+01 3.614e-02 0.000e+00
3.040e+01 3.538e-02 0.000e+00
3.050e+01 3.785e-02 0.000e+00
3.060e+01 3.640e-02 0.000e+00
3.070e+01 3.544e-02 0.000e+00
3.080e+01 3.238e-02 0.000e+00
3.090e+01 3.138e-02 0.000e+00
3.100e+01 3.127e-02 0.000e+00
3.110e+01 3.247e-02 0.000e+00
3.120e+01 3.814e-02 0.000e+00
3.130e+01 4.045e-02 0.000e+00
3.140e+01 4.337e-02 0.000e+00
3.150e+01 4.072e-02 0.000e+00
3.160e+01 3.933e-02 0.000e+00
3.170e+01 3.850e-02 0.000e+00
3.180e+01 4.011e-02 0.000e+00
3.190e+01 3.606e-02 0.000e+00
3.200e+01 3.479e-02 0.000e+00
3.210e+01 3.447e-02 0.000e+00
3.220e+01 3.418e-02 0.000e+00
3.230e+01 3.555e-02 0.000e+00
3.240e+01 3.660e-02 0.000e+00
3.250e+01 3.419e-02 0.000e+00
3.260e+01 2.984e-02 0.000e+00
3.270e+01 3.059e-02 0.000e+00
3.280e+01 3.232e-02 0.000e+00
3.290e+01 3.200e-02 0.000e+00
3.300e+01 3.189e-02 0.000e+00
3.310e+01 2.991e-02 0.000e+00
3.320e+01 2.749e-02 0.000e+00
3.330e+01 2.745e-02 0.000e+00
3.340e+01 2.429e-02 0.000e+00
3.350e+01 2.938e-02 0.000e+00
3.360e+01 3.204e-02 0.000e+00
3.370e+01 1.798e-02 0.000e+00
3.380e+01 2.386e-02 0.000e+00
3.390e+01 3.108e-02 0.000e+00
3.400e+01 2.929e-02 0.000e+00
3.410e+01 3.534e-02 0.000e+00
3.420e+01 2.872e-02 0.000e+00
3.430e+01 2.544e-02 0.000e+00
3.440e+01 3.290e-02 0.000e+00
3.450e+01 3.294e-02 0.000e+00
3.460e+01 2.897e-02 0.000e+00
3.470e+01 3.033e-02 0.000e+00
3.480e+01 3.598e-02 0.000e+00
3.490e+01 3.724e-02 0.000e+00
3.500e+01 3.835e-02 0.000e+00
3.510e+01 3.910e-02 0.000e+00
3.520e+01 3.870e-02 0.000e+00
3.530e+01 3.488e-02 0.000e+00
3.540e+01 3.693e-02 0.000e+00
3.550e+01 3.563e-02 0.000e+00
3.560e+01 3.307e-02 0.000e+00
3.570e+01 3.557e-02 0.000e+00
3.580e+01 3.821e-02 0.000e+00
3.590e+01 4.256e-02 0.000e+00
3.600e+01 4.325e-02 0.000e+00
3.610e+01 4.297e-02 0.000e+00
3.620e+01 4.122e-02 0.000e+00
3.630e+01 4.009e-02 0.000e+00
3.640e+01 3.864e-02 0.000e+00
3.650e+01 3.735e-02 0.000e+00
3.660e+01 4.148e-02 0.000e+00
3.670e+01 4.193e-02 0.000e+00
3.680e+01 4.122e-02 0.000e+00
3.690e+01 4.125e-02 0.000e+00
3.700e+01 3.762e-02 0.000e+00
3.710e+01 3.654e-02 0.000e+00
3.720e+01 3.477e-02 0.000e+00
3.730e+01 3.653e-02 0.000e+00
3.740e+01 3.815e-02 0.000e+00
3.750e+01 4.367e-02 0.000e+00
3.760e+01 4.393e-02 0.000e+00
3.770e+01 4.188e-02 0.000e+00
3.780e+01 3.880e-02 0.000e+00
3.790e+01 3.833e-02 0.000e+00
3.800e+01 3.555e-02 0.000e+00
3.810e+01 3.339e-02 0.000e+00
3.820e+01 3.443e-02 0.000e+00
3.830e+01 3.162e-02 0.000e+00
3.840e+01 3.099e-02 0.000e+00
3.850e+01 3.266e-02 0.000e+00
3.860e+01 3.161e-02 0.000e+00
3.870e+01 3.209e-02 0.000e+00
3.880e+01 3.117e-02 0.000e+00
3.890e+01 2.565e-02 0.000e+00
3.900e+01 3.008e-02 0.000e+00
3.910e+01 3.144e-02 0.000e+00
3.920e+01 3.017e-02 0.000e+00
3.930e+01 2.852e-02 0.000e+00
3.940e+01 2.847e-02 0.000e+00
3.950e+01 2.922e-02 0.000e+00
3.960e+01 2.953e-02 0.000e+00
3.970e+01 2.758e-02 0.000e+00
3.980e+01 3.201e-02 0.000e+00
3.990e+01 3.157e-02 0.000e+00
4.000e+01 2.551e-02 0.000e+00
4.010e+01 2.567e-02 0.000e+00
4.020e+01 3.086e-02 0.000e+00
4.030e+01 2.825e-02 0.000e+00
4.040e+01 2.569e-02 0.000e+00
4.050e+01 3.046e-02 0.000e+00
4.060e+01 3.007e-02 0.000e+00
4.070e+01 2.982e-02 0.000e+00
4.080e+01 2.585e-02 0.000e+00
4.090e+01 2.353e-02 0.000e+00
4.100e+01 2.626e-02 0.000e+00
4.110e+01 2.521e-02 0.000e+00
4.120e+01 2.261e-02 0.000e+00
4.130e+01 2.587e-02 0.000e+00
4.140e+01 2.593e-02 0.000e+00
4.150e+01 2.452e-02 0.000e+00
4.160e+01 2.225e-02 0.000e+00
4.170e+01 1.940e-02 0.000e+00
4.180e+01 1.944e-02 0.000e+00
4.190e+01 2.161e-02 0.000e+00
4.200e+01 2.693e-02 0.000e+00
4.210e+01 2.255e-02 0.000e+00
4.220e+01 2.585e-02 0.000e+00
4.230e+01 2.457e-02 0.000e+00
4.240e+01 2.558e-02 0.000e+00
4.250e+01 2.520e-02 0.000e+00
4.260e+01 2.750e-02 0.000e+00
4.270e+01 2.438e-02 0.000e+00
4.280e+01 2.676e-02 0.000e+00
4.290e+01 2.924e-02 0.000e+00
4.300e+01 2.856e-02 0.000e+00
4.310e+01 2.769e-02 0.000e+00
4.320e+01 2.955e-02 0.000e+00
4.330e+01 3.001e-02 0.000e+00
4.340e+01 3.161e-02 0.000e+00
4.350e+01 2.912e-02 0.000e+00
4.360e+01 2.539e-02 0.000e+00
4.370e+01 2.413e-02 0.000e+00
4.380e+01 2.596e-02 0.000e+00
4.390e+01 2.722e-02 0.000e+00
4.400e+01 2.774e-02 0.000e+00
4.410e+01 3.016e-02 0.000e+00
4.420e+01 2.876e-02 0.000e+00
4.430e+01 2.719e-02 0.000e+00
4.440e+01 2.666e-02 0.000e+00
4.450e+01 2.603e-02 0.000e+00
4.460e+01 2.194e-02 0.000e+00
4.470e+01 2.385e-02 0.000e+00
4.480e+01 2.755e-02 0.000e+00
4.490e+01 2.844e-02 0.000e+00
4.500e+01 2.740e-02 0.000e+00
4.510e+01 2.829e-02 0.000e+00
4.520e+01 3.104e-02 0.000e+00
4.530e+01 3.330e-02 0.000e+00
4.540e+01 3.401e-02 0.000e+00
4.550e+01 3.218e-02 0.000e+00
4.560e+01 3.257e-02 0.000e+00
4.570e+01 2.898e-02 0.000e+00
4.580e+01 2.994e-02 0.000e+00
4.590e+01 3.633e-02 0.000e+00
4.600e+01 3.254e-02 0.000e+00
4.610e+01 2.859e-02 0.000e+00
4.620e+01 2.814e-02 0.000e+00
4.630e+01 2.937e-02 0.000e+00
4.640e+01 3.403e-02 0.000e+00
4.650e+01 3.255e-02 0.000e+00
4.660e+01 3.113e-02 0.000e+00
4.670e+01 2.761e-02 0.000e+00
4.680e+01 3.063e-02 0.000e+00
4.690e+01 2.887e-02 0.000e+00
4.700e+01 2.706e-02 0.000e+00
4.710e+01 3.105e-02 0.000e+00
4.720e+01 2.855e-02 0.000e+00
4.730e+01 2.838e-02 0.000e+00
4.740e+01 2.768e-02 0.000e+00
4.750e+01 2.365e-02 0.000e+00
4.760e+01 2.802e-02 0.000e+00
4.770e+01 2.942e-02 0.000e+00
4.780e+01 2.774e-02 0.000e+00
4.790e+01 2.739e-02 0.000e+00
4.800e+01 2.494e-02 0.000e+00
4.810e+01 2.263e-02 0.000e+00
4.820e+01 2.353e-02 0.000e+00
4.830e+01 2.464e-02 0.000e+00
4.840e+01 2.388e-02 0.000e+00
4.850e+01 2.184e-02 0.000e+00
4.860e+01 2.335e-02 0.000e+00
4.870e+01 2.111e-02 0.000e+00
4.880e+01 2.396e-02 0.000e+00
4.890e+01 2.514e-02 0.000e+00
4.900e+01 2.333e-02 0.000e+00
4.910e+01 2.428e-02 0.000e+00
4.920e+01 1.966e-02 0.000e+00
4.930e+01 2.147e-02 0.000e+00
4.940e+01 2.235e-02 0.000e+00
4.950e+01 2.202e-02 0.000e+00
4.960e+01 2.202e-02 0.000e+00
4.970e+01 2.297e-02 0.000e+00
4.980e+01 2.482e-02 0.000e+00
4.990e+01 2.284e-02 0.000e+00
5.000e+01 2.164e-02 0.000e+00
5.010e+01 2.135e-02 0.000e+00
5.020e+01 2.392e-02 0.000e+00
5.030e+01 2.569e-02 0.000e+00
5.040e+01 2.005e-02 0.000e+00
5.050e+01 2.237e-02 0.000e+00
5.060e+01 2.707e-02 0.000e+00
5.070e+01 2.971e-02 0.000e+00
5.080e+01 3.139e-02 0.000e+00
5.090e+01 2.222e-02 0.000e+00
5.100e+01 2.534e-02 0.000e+00
5.110e+01 1.967e-02 0.000e+00
5.120e+01 2.715e-02 0.000e+00
5.130e+01 2.471e-02 0.000e+00
5.140e+01 2.324e-02 0.000e+00
5.150e+01 2.345e-02 0.000e+00
5.160e+01 3.255e-02 0.000e+00
5.170e+01 2.677e-02 0.000e+00
5.180e+01 2.765e-02 0.000e+00
5.190e+01 2.622e-02 0.000e+00
5.200e+01 2.187e-02 0.000e+00
5.210e+01 2.854e-02 0.000e+00
5.220e+01 2.682e-02 0.000e+00
5.230e+01 1.761e-02 0.000e+00
5.240e+01 1.087e-02 0.000e+00
5.250e+01 1.258e-02 0.000e+00
5.260e+01 1.438e-02 0.000e+00
5.270e+01 1.045e-02 0.000e+00
5.280e+01 8.781e-03 0.000e+00
5.290e+01 9.749e-03 0.000e+00
5.300e+01 5.080e-03 0.000e+00
5.310e+01 -2.133e-03 0.000e+00
5.320e+01 -5.285e-03 0.000e+00
5.330e+01 -6.944e-03 0.000e+00
5.340e+01 -3.986e-03 0.000e+00
5.350e+01 -2.541e-03 0.000e+00
5.360e+01 2.649e-03 0.000e+00
5.370e+01 3.005e-04 0.000e+00
5.380e+01 -2.136e-03 0.000e+00
5.390e+01 -3.376e-03 0.000e+00
5.400e+01 -3.913e-03 0.000e+00
5.410e+01 1.217e-03 0.000e+00
5.420e+01 1.148e-03 0.000e+00
5.430e+01 1.788e-03 0.000e+00
5.440e+01 3.131e-03 0.000e+00
5.450e+01 4.047e-03 0.000e+00
5.460e+01 4.306e-03 0.000e+00
5.470e+01 4.512e-03 0.000e+00
5.480e+01 5.526e-03 0.000e+00
5.490e+01 6.715e-03 0.000e+00
5.500e+01 5.550e-03 0.000e+00
5.510e+01 2.937e-03 0.000e+00
5.520e+01 5.362e-03 0.000e+00
5.530e+01 6.736e-03 0.000e+00
5.540e+01 9.475e-03 0.000e+00
5.550e+01 4.167e-03 0.000e+00
5.560e+01 2.073e-03 0.000e+00
5.570e+01 4.596e-04 0.000e+00
5.580e+01 3.547e-03 0.000e+00
5.590e+01 -4.455e-03 0.000e+00
5.600e+01 -5.458e-03 0.000e+00
5.610e+01 -4.173e-03 0.000e+00
5.620e+01 -5.350e-03 0.000e+00
5.630e+01 -1.181e-03 0.000e+00
5.640e+01 4.110e-03 0.000e+00
5.650e+01 -2.683e-03 0.000e+00
5.660e+01 -1.788e-03 0.000e+00
5.670e+01 -1.325e-04 0.000e+00
5.680e+01 9.684e-04 0.000e+00
5.690e+01 2.188e-03 0.000e+00
5.700e+01 2.516e-03 0.000e+00
5.710e+01 7.291e-03 0.000e+00
5.720e+01 7.753e-03 0.000e+00
5.730e+01 3.590e-04 0.000e+00
5.740e+01 2.140e-03 0.000e+00
5.750e+01 1.128e-02 0.000e+00
5.760e+01 1.208e-02 0.000e+00
5.770e+01 9.241e-03 0.000e+00
5.780e+01 7.818e-03 0.000e+00
5.790e+01 1.260e-02 0.000e+00
5.800e+01 1.403e-02 0.000e+00
5.810e+01 1.422e-02 0.000e+00
5.820e+01 1.482e-02 0.000e+00
5.830e+01 1.690e-02 0.000e+00
5.840e+01 1.634e-02 0.000e+00
5.850e+01 2.077e-02 0.000e+00
5.860e+01 2.546e-02 0.000e+00
5.870e+01 2.393e-02 0.000e+00
5.880e+01 2.464e-02 0.000e+00
5.890e+01 1.900e-02 0.000e+00
5.900e+01 2.068e-02 0.000e+00
5.910e+01 2.413e-02 0.000e+00
5.920e+01 2.348e-02 0.000e+00
5.930e+01 2.584e-02 0.000e+00
5.940e+01 2.390e-02 0.000e+00
5.950e+01 2.377e-02 0.000e+00
5.960e+01 2.365e-02 0.000e+00
5.970e+01 1.907e-02 0.000e+00
5.980e+01 2.253e-02 0.000e+00
5.990e+01 2.169e-02 0.000e+00
6.000e+01 1.923e-02 0.000e+00
6.010e+01 2.395e-02 0.000e+00
6.020e+01 2.363e-02 0.000e+00
6.030e+01 1.936e-02 0.000e+00
6.040e+01 2.285e-02 0.000e+00
6.050e+01 1.622e-02 0.000e+00
6.060e+01 1.962e-02 0.000e+00
6.070e+01 1.612e-02 0.000e+00
6.080e+01 1.680e-02 0.000e+00
6.090e+01 1.749e-02 0.000e+00
6.100e+01 1.913e-02 0.000e+00
6.110e+01 1.662e-02 0.000e+00
6.120e+01 1.479e-02 0.000e+00
6.130e+01 1.174e-02 0.000e+00
6.140e+01 1.133e-02 0.000e+00
6.150e+01 1.189e-02 0.000e+00
6.160e+01 1.444e-02 0.000e+00
6.170e+01 9.342e-03 0.000e+00
6.180e+01 1.066e-02 0.000e+00
6.190e+01 1.185e-02 0.000e+00
6.200e+01 1.246e-02 0.000e+00
6.210e+01 1.396e-02 0.000e+00
6.220e+01 1.236e-02 0.000e+00
6.230e+01 1.392e-02 0.000e+00
6.240e+01 1.857e-02 0.000e+00
6.250e+01 1.731e-02 0.000e+00
6.260e+01 1.760e-02 0.000e+00
6.270e+01 1.404e-02 0.000e+00
6.280e+01 1.611e-02 0.000e+00
6.290e+01 1.752e-02 0.000e+00
6.300e+01 1.680e-02 0.000e+00
6.310e+01 1.054e-02 0.000e+00
6.320e+01 1.093e-02 0.000e+00
6.330e+01 1.028e-02 0.000e+00
6.340e+01 9.621e-03 0.000e+00
6.350e+01 9.479e-03 0.000e+00
6.360e+01 1.055e-02 0.000e+00
6.370e+01 8.402e-03 0.000e+00
6.380e+01 5.999e-03 0.000e+00
6.390e+01 6.981e-03 0.000e+00
6.400e+01 4.552e-03 0.000e+00
6.410e+01 5.656e-03 0.000e+00
6.420e+01 6.219e-03 0.000e+00
6.430e+01 7.590e-03 0.000e+00
6.440e+01 9.425e-03 0.000e+00
6.450e+01 6.784e-03 0.000e+00
6.460e+01 1.024e-02 0.000e+00
6.470e+01 1.132e-02 0.000e+00
6.480e+01 1.314e-02 0.000e+00
6.490e+01 1.446e-02 0.000e+00
6.500e+01 1.218e-02 0.000e+00
6.510e+01 7.602e-03 0.000e+00
6.520e+01 8.178e-03 0.000e+00
6.530e+01 7.427e-03 0.000e+00
6.540e+01 1.044e-02 0.000e+00
6.550e+01 5.929e-03 0.000e+00
6.560e+01 6.872e-03 0.000e+00
6.570e+01 3.351e-03 0.000e+00
6.580e+01 3.356e-03 0.000e+00
6.590e+01 2.737e-03 0.000e+00
6.600e+01 3.797e-03 0.000e+00
6.610e+01 5.352e-03 0.000e+00
6.620e+01 4.377e-03 0.000e+00
6.630e+01 4.252e-03 0.000e+00
6.640e+01 1.374e-03 0.000e+00
6.650e+01 3.347e-03 0.000e+00
6.660e+01 4.345e-03 0.000e+00
6.670e+01 9.224e-04 0.000e+00
6.680e+01 3.733e-03 0.000e+00
6.690e+01 2.093e-03 0.000e+00
6.700e+01 4.472e-03 0.000e+00
6.710e+01 3.652e-03 0.000e+00
6.720e+01 5.970e-03 0.000e+00
6.730e+01 7.063e-03 0.000e+00
6.740e+01 8.485e-03 0.000e+00
6.750e+01 1.999e-03 0.000e+00
6.760e+01 2.833e-03 0.000e+00
6.770e+01 2.476e-03 0.000e+00
6.780e+01 3.901e-03 0.000e+00
6.790e+01 5.976e-03 0.000e+00
6.800e+01 3.254e-03 0.000e+00
6.810e+01 9.296e-04 0.000e+00
6.820e+01 3.593e-03 0.000e+00
6.830e+01 4.077e-03 0.000e+00
6.840e+01 3.046e-03 0.000e+00
6.850e+01 5.101e-03 0.000e+00
6.860e+01 6.340e-03 0.000e+00
6.870e+01 7.367e-03 0.000e+00
6.880e+01 9.412e-03 0.000e+00
6.890e+01 7.416e-03 0.000e+00
6.900e+01 5.930e-03 0.000e+00
6.910e+01 5.356e-03 0.000e+00
6.920e+01 4.480e-03 0.000e+00
6.930e+01 4.807e-03 0.000e+00
6.940e+01 6.692e-03 0.000e+00
6.950e+01 7.079e-03 0.000e+00
6.960e+01 6.656e-03 0.000e+00
6.970e+01 8.111e-03 0.000e+00
6.980e+01 8.283e-03 0.000e+00
6.990e+01 8.408e-03 0.000e+00
7.000e+01 8.571e-03 0.000e+00
7.010e+01 9.086e-03 0.000e+00
7.020e+01 6.356e-03 0.000e+00
7.030e+01 5.757e-03 0.000e+00
7.040e+01 1.062e-02 0.000e+00
7.050e+01 1.028e-02 0.000e+00
7.060e+01 8.047e-03 0.000e+00
7.070e+01 7.985e-03 0.000e+00
7.080e+01 5.061e-03 0.000e+00
7.090e+01 7.167e-03 0.000e+00
7.100e+01 5.355e-03 0.000e+00
7.110e+01 5.107e-03 0.000e+00
7.120e+01 3.491e-03 0.000e+00
7.130e+01 5.957e-03 0.000e+00
7.140e+01 6.609e-03 0.000e+00
7.150e+01 6.510e-03 0.000e+00
7.160e+01 7.767e-03 0.000e+00
7.170e+01 8.014e-03 0.000e+00
7.180e+01 8.329e-03 0.000e+00
7.190e+01 7.624e-03 0.000e+00
7.200e+01 8.194e-03 0.000e+00
7.210e+01 1.047e-02 0.000e+00
7.220e+01 1.097e-02 0.000e+00
7.230e+01 7.755e-03 0.000e+00
7.240e+01 6.002e-03 0.000e+00
7.250e+01 6.853e-03 0.000e+00
7.260e+01 5.271e-03 0.000e+00
7.270e+01 5.513e-03 0.000e+00
7.280e+01 5.409e-03 0.000e+00
7.290e+01 7.708e-03 0.000e+00
7.300e+01 6.322e-03 0.000e+00
7.310e+01 8.049e-03 0.000e+00
7.320e+01 7.736e-03 0.000e+00
7.330e+01 9.713e-03 0.000e+00
7.340e+01 9.364e-03 0.000e+00
7.350e+01 1.016e-02 0.000e+00
7.360e+01 8.476e-03 0.000e+00
7.370e+01 6.121e-03 0.000e+00
7.380e+01 7.821e-03 0.000e+00
7.390e+01 1.067e-02 0.000e+00
7.400e+01 1.207e-02 0.000e+00
7.410e+01 1.389e-02 0.000e+00
7.420e+01 1.187e-02 0.000e+00
7.430e+01 1.239e-02 0.000e+00
7.440e+01 1.179e-02 0.000e+00
7.450e+01 9.743e-03 0.000e+00
7.460e+01 1.055e-02 0.000e+00
7.470e+01 1.027e-02 0.000e+00
7.480e+01 9.605e-03 0.000e+00
7.490e+01 8.883e-03 0.000e+00
7.500e+01 1.110e-02 0.000e+00
7.510e+01 9.963e-03 0.000e+00
7.520e+01 1.138e-02 0.000e+00
7.530e+01 1.404e-02 0.000e+00
7.540e+01 1.358e-02 0.000e+00
7.550e+01 1.466e-02 0.000e+00
7.560e+01 1.193e-02 0.000e+00
7.570e+01 1.128e-02 0.000e+00
7.580e+01 1.191e-02 0.000e+00
7.590e+01 1.359e-02 0.000e+00
7.600e+01 1.244e-02 0.000e+00
7.610e+01 1.356e-02 0.000e+00
7.620e+01 1.416e-02 0.000e+00
7.630e+01 1.598e-02 0.000e+00
7.640e+01 1.501e-02 0.000e+00
7.650e+01 1.529e-02 0.000e+00
7.660e+01 1.597e-02 0.000e+00
7.670e+01 1.306e-02 0.000e+00
7.680e+01 1.225e-02 0.000e+00
7.690e+01 9.720e-03 0.000e+00
7.700e+01 1.220e-02 0.000e+00
7.710e+01 1.339e-02 0.000e+00
7.720e+01 1.167e-02 0.000e+00
7.730e+01 7.435e-03 0.000e+00
7.740e+01 1.111e-02 0.000e+00
7.750e+01 8.547e-03 0.000e+00
7.760e+01 8.327e-03 0.000e+00
7.770e+01 8.182e-03 0.000e+00
7.780e+01 1.003e-02 0.000e+00
7.790e+01 1.130e-02 0.000e+00
7.800e+01 8.023e-03 0.000e+00
7.810e+01 8.331e-03 0.000e+00
7.820e+01 7.634e-03 0.000e+00
7.830e+01 9.058e-03 0.000e+00
7.840e+01 1.045e-02 0.000e+00
7.850e+01 1.048e-02 0.000e+00
7.860e+01 1.035e-02 0.000e+00
7.870e+01 8.305e-03 0.000e+00
7.880e+01 7.523e-03 0.000e+00
7.890e+01 9.288e-03 0.000e+00
7.900e+01 9.433e-03 0.000e+00
7.910e+01 9.284e-03 0.000e+00
7.920e+01 1.098e-02 0.000e+00
7.930e+01 1.068e-02 0.000e+00
7.940e+01 8.362e-03 0.000e+00
7.950e+01 8.488e-03 0.000e+00
7.960e+01 8.936e-03 0.000e+00
7.970e+01 1.109e-02 0.000e+00
7.980e+01 9.647e-03 0.000e+00
7.990e+01 1.103e-02 0.000e+00
8.000e+01 9.955e-03 0.000e+00
8.010e+01 9.564e-03 0.000e+00
8.020e+01 1.064e-02 0.000e+00
8.030e+01 1.358e-02 0.000e+00
8.040e+01 1.046e-02 0.000e+00
8.050e+01 9.408e-03 0.000e+00
8.060e+01 1.158e-02 0.000e+00
8.070e+01 1.037e-02 0.000e+00
8.080e+01 1.168e-02 0.000e+00
8.090e+01 1.338e-02 0.000e+00
8.100e+01 1.327e-02 0.000e+00
8.110e+01 1.187e-02 0.000e+00
8.120e+01 1.248e-02 0.000e+00
8.130e+01 1.610e-02 0.000e+00
8.140e+01 1.391e-02 0.000e+00
8.150e+01 1.619e-02 0.000e+00
8.160e+01 1.756e-02 0.000e+00
8.170e+01 1.544e-02 0.000e+00
8.180e+01 1.435e-02 0.000e+00
8.190e+01 1.524e-02 0.000e+00
8.200e+01 1.366e-02 0.000e+00
8.210e+01 1.467e-02 0.000e+00
8.220e+01 1.587e-02 0.000e+00
8.230e+01 1.555e-02 0.000e+00
8.240e+01 1.412e-02 0.000e+00
8.250e+01 1.361e-02 0.000e+00
8.260e+01 1.419e-02 0.000e+00
8.270e+01 1.461e-02 0.000e+00
8.280e+01 1.420e-02 0.000e+00
8.290e+01 1.562e-02 0.000e+00
8.300e+01 1.915e-02 0.000e+00
8.310e+01 1.427e-02 0.000e+00
8.320e+01 1.249e-02 0.000e+00
8.330e+01 1.101e-02 0.000e+00
8.340e+01 2.041e-02 0.000e+00
8.350e+01 1.790e-02 0.000e+00
8.360e+01 1.249e-02 0.000e+00
8.370e+01 1.397e-02 0.000e+00
8.380e+01 1.358e-02 0.000e+00
8.390e+01 1.336e-02 0.000e+00
8.400e+01 1.473e-02 0.000e+00
8.410e+01 1.212e-02 0.000e+00
8.420e+01 1.127e-02 0.000e+00
8.430e+01 1.508e-02 0.000e+00
8.440e+01 1.425e-02 0.000e+00
8.450e+01 1.183e-02 0.000e+00
8.460e+01 1.140e-02 0.000e+00
8.470e+01 1.018e-02 0.000e+00
8.480e+01 1.123e-02 0.000e+00
8.490e+01 1.145e-02 0.000e+00
8.500e+01 1.125e-02 0.000e+00
8.510e+01 9.009e-03 0.000e+00
8.520e+01 8.164e-03 0.000e+00
8.530e+01 9.507e-03 0.000e+00
8.540e+01 9.379e-03 0.000e+00
8.550e+01 1.161e-02 0.000e+00
8.560e+01 1.529e-02 0.000e+00
8.570e+01 1.527e-02 0.000e+00
8.580e+01 1.250e-02 0.000e+00
8.590e+01 1.174e-02 0.000e+00
8.600e+01 1.307e-02 0.000e+00
8.610e+01 1.418e-02 0.000e+00
8.620e+01 1.589e-02 0.000e+00
8.630e+01 1.494e-02 0.000e+00
8.640e+01 1.214e-02 0.000e+00
8.650e+01 1.304e-02 0.000e+00
8.660e+01 1.080e-02 0.000e+00
8.670e+01 1.193e-02 0.000e+00
8.680e+01 1.189e-02 0.000e+00
8.690e+01 1.025e-02 0.000e+00
8.700e+01 9.123e-03 0.000e+00
8.710e+01 8.146e-03 0.000e+00
8.720e+01 7.097e-03 0.000e+00
8.730e+01 7.121e-03 0.000e+00
8.740e+01 8.584e-03 0.000e+00
8.750e+01 9.500e-03 0.000e+00
8.760e+01 1.058e-02 0.000e+00
8.770e+01 1.101e-02 0.000e+00
8.780e+01 1.361e-02 0.000e+00
8.790e+01 1.198e-02 0.000e+00
8.800e+01 1.185e-02 0.000e+00
8.810e+01 1.165e-02 0.000e+00
8.820e+01 1.058e-02 0.000e+00
8.830e+01 8.343e-03 0.000e+00
8.840e+01 8.528e-03 0.000e+00
8.850e+01 7.620e-03 0.000e+00
8.860e+01 5.442e-03 0.000e+00
8.870e+01 6.267e-03 0.000e+00
8.880e+01 5.775e-03 0.000e+00
8.890e+01 4.487e-03 0.000e+00
8.900e+01 3.886e-03 0.000e+00
8.910e+01 7.101e-03 0.000e+00
8.920e+01 7.880e-03 0.000e+00
8.930e+01 7.067e-03 0.000e+00
8.940e+01 9.683e-03 0.000e+00
8.950e+01 8.057e-03 0.000e+00
8.960e+01 5.728e-03 0.000e+00
8.970e+01 1.861e-03 0.000e+00
8.980e+01 5.324e-03 0.000e+00
8.990e+01 4.010e-03 0.000e+00
9.000e+01 3.251e-03 0.000e+00
9.010e+01 4.017e-03 0.000e+00
9.020e+01 7.936e-03 0.000e+00
9.030e+01 4.725e-03 0.000e+00
9.040e+01 3.485e-03 0.000e+00
9.050e+01 4.910e-03 0.000e+00
9.060e+01 6.107e-03 0.000e+00
9.070e+01 7.094e-03 0.000e+00
9.080e+01 5.340e-03 0.000e+00
9.090e+01 6.153e-03 0.000e+00
9.100e+01 9.030e-03 0.000e+00
9.110e+01 7.443e-03 0.000e+00
9.120e+01 9.052e-03 0.000e+00
9.130e+01 6.510e-03 0.000e+00
9.140e+01 6.008e-03 0.000e+00
9.150e+01 6.611e-03 0.000e+00
9.160e+01 1.108e-02 0.000e+00
9.170e+01 8.361e-03 0.000e+00
9.180e+01 9.506e-03 0.000e+00
9.190e+01 8.940e-03 0.000e+00
9.200e+01 7.562e-03 0.000e+00
9.210e+01 7.919e-03 0.000e+00
9.220e+01 5.374e-03 0.000e+00
9.230e+01 5.924e-03 0.000e+00
9.240e+01 8.884e-03 0.000e+00
9.250e+01 6.921e-03 0.000e+00
9.260e+01 1.119e-02 0.000e+00
9.270e+01 9.351e-03 0.000e+00
9.280e+01 9.077e-03 0.000e+00
9.290e+01 7.294e-03 0.000e+00
9.300e+01 6.786e-03 0.000e+00
9.310e+01 6.804e-03 0.000e+00
9.320e+01 8.105e-03 0.000e+00
9.330e+01 7.984e-03 0.000e+00
9.340e+01 6.606e-03 0.000e+00
9.350e+01 8.631e-03 0.000e+00
9.360e+01 8.630e-03 0.000e+00
9.370e+01 5.075e-03 0.000e+00
9.380e+01 5.820e-03 0.000e+00
9.390e+01 7.498e-03 0.000e+00
9.400e+01 6.800e-03 0.000e+00
9.410e+01 5.790e-03 0.000e+00
9.420e+01 3.344e-03 0.000e+00
9.430e+01 7.229e-03 0.000e+00
9.440e+01 1.006e-02 0.000e+00
9.450e+01 9.971e-03 0.000e+00
9.460e+01 9.487e-03 0.000e+00
9.470e+01 1.234e-02 0.000e+00
9.480e+01 1.476e-02 0.000e+00
9.490e+01 1.239e-02 0.000e+00
9.500e+01 1.227e-02 0.000e+00
9.510e+01 1.125e-02 0.000e+00
9.520e+01 1.122e-02 0.000e+00
9.530e+01 1.099e-02 0.000e+00
9.540e+01 1.264e-02 0.000e+00
9.550e+01 1.203e-02 0.000e+00
9.560e+01 1.126e-02 0.000e+00
9.570e+01 1.314e-02 0.000e+00
9.580e+01 1.121e-02 0.000e+00
9.590e+01 1.100e-02 0.000e+00
9.600e+01 1.300e-02 0.000e+00
9.610e+01 1.351e-02 0.000e+00
9.620e+01 1.204e-02 0.000e+00
9.630e+01 1.276e-02 0.000e+00
9.640e+01 1.178e-02 0.000e+00
9.650e+01 1.015e-02 0.000e+00
9.660e+01 1.124e-02 0.000e+00
9.670e+01 1.022e-02 0.000e+00
9.680e+01 9.841e-03 0.000e+00
9.690e+01 1.020e-02 0.000e+00
9.700e+01 9.392e-03 0.000e+00
9.710e+01 9.113e-03 0.000e+00
9.720e+01 8.959e-03 0.000e+00
9.730e+01 9.129e-03 0.000e+00
9.740e+01 9.156e-03 0.000e+00
9.750e+01 1.016e-02 0.000e+00
9.760e+01 1.072e-02 0.000e+00
9.770e+01 9.090e-03 0.000e+00
9.780e+01 9.122e-03 0.000e+00
9.790e+01 9.268e-03 0.000e+00
9.800e+01 7.756e-03 0.000e+00
9.810e+01 6.577e-03 0.000e+00
9.820e+01 7.832e-03 0.000e+00
9.830e+01 7.281e-03 0.000e+00
9.840e+01 7.150e-03 0.000e+00
9.850e+01 7.195e-03 0.000e+00
9.860e+01 6.668e-03 0.000e+00
9.870e+01 6.234e-03 0.000e+00
9.880e+01 7.569e-03 0.000e+00
9.890e+01 6.595e-03 0.000e+00
9.900e+01 7.148e-03 0.000e+00
9.910e+01 7.495e-03 0.000e+00
9.920e+01 6.847e-03 0.000e+00
9.930e+01 9.339e-03 0.000e+00
9.940e+01 8.118e-03 0.000e+00
9.950e+01 8.828e-03 0.000e+00
9.960e+01 1.057e-02 0.000e+00
9.970e+01 1.119e-02 0.000e+00
9.980e+01 9.315e-03 0.000e+00
9.990e+01 8.416e-03 0.000e+00
