# Frequency (1.0/ps)      real(fft(F_1))
0.000e+00 6.699e+01
1.000e-02 3.783e+01
2.000e-02 2.523e+01
3.000e-02 1.329e+01
4.000e-02 1.286e+01
5.000e-02 1.050e+01
6.000e-02 1.133e+01
7.000e-02 1.037e+01
8.000e-02 6.718e+00
9.000e-02 6.566e+00
1.000e-01 6.802e+00
1.100e-01 4.874e+00
1.200e-01 3.515e+00
1.300e-01 3.681e+00
1.400e-01 3.569e+00
1.500e-01 3.998e+00
1.600e-01 4.687e+00
1.700e-01 4.063e+00
1.800e-01 3.013e+00
1.900e-01 1.863e+00
2.000e-01 2.201e+00
2.100e-01 1.439e+00
2.200e-01 1.742e+00
2.300e-01 1.555e+00
2.400e-01 2.415e+00
2.500e-01 1.636e+00
2.600e-01 1.428e+00
2.700e-01 1.968e+00
2.800e-01 1.807e+00
2.900e-01 1.635e+00
3.000e-01 1.392e+00
3.100e-01 9.575e-01
3.200e-01 3.859e-01
3.300e-01 -2.353e-01
3.400e-01 6.496e-01
3.500e-01 1.433e+00
3.600e-01 6.690e-01
3.700e-01 7.696e-01
3.800e-01 3.720e-01
3.900e-01 8.019e-01
4.000e-01 1.483e+00
4.100e-01 1.056e+00
4.200e-01 3.394e-02
4.300e-01 2.701e-01
4.400e-01 1.298e-01
4.500e-01 1.761e-01
4.600e-01 5.391e-01
4.700e-01 1.147e+00
4.800e-01 1.263e+00
4.900e-01 1.834e+00
5.000e-01 1.621e+00
5.100e-01 1.091e+00
5.200e-01 9.032e-01
5.300e-01 5.058e-01
5.400e-01 1.133e+00
5.500e-01 1.092e+00
5.600e-01 7.282e-01
5.700e-01 1.240e+00
5.800e-01 1.100e+00
5.900e-01 6.674e-01
6.000e-01 6.861e-01
6.100e-01 5.740e-01
6.200e-01 5.590e-01
6.300e-01 9.835e-01
6.400e-01 1.518e+00
6.500e-01 6.471e-01
6.600e-01 9.850e-01
6.700e-01 1.070e+00
6.800e-01 6.989e-01
6.900e-01 7.918e-01
7.000e-01 1.079e+00
7.100e-01 6.724e-01
7.200e-01 8.932e-01
7.300e-01 8.749e-01
7.400e-01 7.260e-01
7.500e-01 7.184e-01
7.600e-01 8.467e-01
7.700e-01 1.048e+00
7.800e-01 8.543e-01
7.900e-01 7.407e-01
8.000e-01 6.697e-01
8.100e-01 4.810e-01
8.200e-01 7.472e-01
8.300e-01 8.002e-01
8.400e-01 2.762e-01
8.500e-01 6.992e-01
8.600e-01 8.907e-01
8.700e-01 1.029e+00
8.800e-01 7.721e-01
8.900e-01 8.158e-01
9.000e-01 8.327e-01
9.100e-01 1.126e+00
9.200e-01 6.810e-01
9.300e-01 7.819e-01
9.400e-01 5.345e-01
9.500e-01 6.414e-01
9.600e-01 8.070e-01
9.700e-01 6.528e-01
9.800e-01 6.696e-01
9.900e-01 7.858e-01
1.000e+00 5.161e-01
1.010e+00 1.215e-01
1.020e+00 1.793e-02
1.030e+00 4.998e-02
1.040e+00 2.823e-01
1.050e+00 7.791e-01
1.060e+00 6.742e-01
1.070e+00 4.828e-01
1.080e+00 7.264e-01
1.090e+00 3.222e-01
1.100e+00 3.595e-01
1.110e+00 2.814e-01
1.120e+00 -5.518e-02
1.130e+00 1.223e-01
1.140e+00 1.564e-01
1.150e+00 -3.351e-02
1.160e+00 2.869e-01
1.170e+00 4.914e-01
1.180e+00 5.904e-01
1.190e+00 7.035e-01
1.200e+00 5.813e-01
1.210e+00 5.236e-01
1.220e+00 6.685e-01
1.230e+00 6.748e-01
1.240e+00 5.314e-01
1.250e+00 3.801e-01
1.260e+00 7.442e-01
1.270e+00 7.027e-01
1.280e+00 5.653e-01
1.290e+00 3.043e-01
1.300e+00 4.958e-01
1.310e+00 7.794e-01
1.320e+00 6.653e-01
1.330e+00 6.979e-01
1.340e+00 7.163e-01
1.350e+00 6.803e-01
1.360e+00 5.346e-01
1.370e+00 4.980e-01
1.380e+00 4.065e-01
1.390e+00 5.027e-01
1.400e+00 3.037e-01
1.410e+00 5.889e-01
1.420e+00 6.861e-01
1.430e+00 8.587e-01
1.440e+00 7.513e-01
1.450e+00 5.344e-01
1.460e+00 6.381e-01
1.470e+00 8.964e-01
1.480e+00 8.438e-01
1.490e+00 9.036e-01
1.500e+00 8.029e-01
1.510e+00 7.405e-01
1.520e+00 6.460e-01
1.530e+00 5.317e-01
1.540e+00 2.948e-01
1.550e+00 4.899e-01
1.560e+00 6.884e-01
1.570e+00 7.942e-01
1.580e+00 7.701e-01
1.590e+00 7.435e-01
1.600e+00 6.641e-01
1.610e+00 8.994e-01
1.620e+00 5.089e-01
1.630e+00 4.726e-01
1.640e+00 6.965e-01
1.650e+00 5.945e-01
1.660e+00 7.280e-01
1.670e+00 9.352e-01
1.680e+00 7.743e-01
1.690e+00 5.456e-01
1.700e+00 7.029e-01
1.710e+00 4.364e-01
1.720e+00 3.016e-01
1.730e+00 4.848e-01
1.740e+00 2.856e-01
1.750e+00 3.693e-01
1.760e+00 4.944e-01
1.770e+00 4.037e-01
1.780e+00 3.993e-01
1.790e+00 6.959e-01
1.800e+00 4.599e-01
1.810e+00 5.214e-01
1.820e+00 4.654e-01
1.830e+00 5.697e-01
1.840e+00 4.980e-01
1.850e+00 4.921e-01
1.860e+00 4.679e-01
1.870e+00 4.506e-01
1.880e+00 3.949e-01
1.890e+00 2.154e-01
1.900e+00 3.714e-01
1.910e+00 6.897e-01
1.920e+00 6.040e-01
1.930e+00 7.023e-01
1.940e+00 3.669e-01
1.950e+00 5.179e-01
1.960e+00 6.000e-01
1.970e+00 5.483e-01
1.980e+00 6.697e-01
1.990e+00 8.036e-01
2.000e+00 7.979e-01
2.010e+00 8.071e-01
2.020e+00 8.488e-01
2.030e+00 6.039e-01
2.040e+00 7.278e-01
2.050e+00 5.806e-01
2.060e+00 5.294e-01
2.070e+00 2.900e-01
2.080e+00 4.959e-01
2.090e+00 5.635e-01
2.100e+00 6.472e-01
2.110e+00 4.761e-01
2.120e+00 5.330e-01
2.130e+00 4.761e-01
2.140e+00 5.160e-01
2.150e+00 7.776e-01
2.160e+00 7.529e-01
2.170e+00 3.742e-01
2.180e+00 4.708e-01
2.190e+00 5.872e-01
2.200e+00 5.404e-01
2.210e+00 5.676e-01
2.220e+00 4.131e-01
2.230e+00 2.707e-01
2.240e+00 2.619e-01
2.250e+00 4.413e-01
2.260e+00 4.243e-01
2.270e+00 5.485e-01
2.280e+00 5.685e-01
2.290e+00 2.909e-01
2.300e+00 4.736e-01
2.310e+00 4.575e-01
2.320e+00 5.915e-01
2.330e+00 5.047e-01
2.340e+00 7.132e-01
2.350e+00 6.597e-01
2.360e+00 3.782e-01
2.370e+00 3.371e-01
2.380e+00 5.086e-01
2.390e+00 6.065e-01
2.400e+00 5.930e-01
2.410e+00 6.227e-01
2.420e+00 6.412e-01
2.430e+00 5.143e-01
2.440e+00 5.979e-01
2.450e+00 6.511e-01
2.460e+00 6.104e-01
2.470e+00 7.143e-01
2.480e+00 6.218e-01
2.490e+00 6.949e-01
2.500e+00 8.275e-01
2.510e+00 8.622e-01
2.520e+00 7.360e-01
2.530e+00 7.176e-01
2.540e+00 6.841e-01
2.550e+00 6.947e-01
2.560e+00 7.348e-01
2.570e+00 6.658e-01
2.580e+00 4.377e-01
2.590e+00 4.847e-01
2.600e+00 4.092e-01
2.610e+00 4.964e-01
2.620e+00 7.256e-01
2.630e+00 6.767e-01
2.640e+00 5.768e-01
2.650e+00 4.273e-01
2.660e+00 4.202e-01
2.670e+00 4.242e-01
2.680e+00 5.157e-01
2.690e+00 5.213e-01
2.700e+00 5.213e-01
2.710e+00 6.374e-01
2.720e+00 7.010e-01
2.730e+00 5.240e-01
2.740e+00 6.367e-01
2.750e+00 5.758e-01
2.760e+00 4.920e-01
2.770e+00 6.494e-01
2.780e+00 7.050e-01
2.790e+00 7.385e-01
2.800e+00 7.181e-01
2.810e+00 5.769e-01
2.820e+00 5.105e-01
2.830e+00 4.876e-01
2.840e+00 6.172e-01
2.850e+00 5.831e-01
2.860e+00 5.674e-01
2.870e+00 6.988e-01
2.880e+00 6.657e-01
2.890e+00 7.381e-01
2.900e+00 6.487e-01
2.910e+00 6.760e-01
2.920e+00 6.922e-01
2.930e+00 7.963e-01
2.940e+00 6.738e-01
2.950e+00 4.795e-01
2.960e+00 4.339e-01
2.970e+00 3.912e-01
2.980e+00 5.106e-01
2.990e+00 4.736e-01
3.000e+00 4.751e-01
3.010e+00 5.600e-01
3.020e+00 5.386e-01
3.030e+00 4.834e-01
3.040e+00 5.069e-01
3.050e+00 6.207e-01
3.060e+00 5.254e-01
3.070e+00 3.688e-01
3.080e+00 3.911e-01
3.090e+00 2.913e-01
3.100e+00 4.311e-01
3.110e+00 4.595e-01
3.120e+00 3.711e-01
3.130e+00 3.705e-01
3.140e+00 3.879e-01
3.150e+00 3.814e-01
3.160e+00 3.616e-01
3.170e+00 4.077e-01
3.180e+00 3.495e-01
3.190e+00 4.433e-01
3.200e+00 3.274e-01
3.210e+00 3.834e-01
3.220e+00 4.169e-01
3.230e+00 6.682e-01
3.240e+00 6.192e-01
3.250e+00 6.823e-01
3.260e+00 8.200e-01
3.270e+00 6.785e-01
3.280e+00 6.243e-01
3.290e+00 3.701e-01
3.300e+00 3.975e-01
3.310e+00 4.306e-01
3.320e+00 4.414e-01
3.330e+00 5.183e-01
3.340e+00 5.413e-01
3.350e+00 5.858e-01
3.360e+00 5.074e-01
3.370e+00 5.902e-01
3.380e+00 4.294e-01
3.390e+00 4.107e-01
3.400e+00 4.162e-01
3.410e+00 5.594e-01
3.420e+00 5.408e-01
3.430e+00 5.820e-01
3.440e+00 6.107e-01
3.450e+00 6.594e-01
3.460e+00 4.906e-01
3.470e+00 6.485e-01
3.480e+00 5.581e-01
3.490e+00 4.996e-01
3.500e+00 5.705e-01
3.510e+00 3.844e-01
3.520e+00 4.713e-01
3.530e+00 6.368e-01
3.540e+00 4.429e-01
3.550e+00 4.933e-01
3.560e+00 4.967e-01
3.570e+00 4.371e-01
3.580e+00 5.823e-01
3.590e+00 6.194e-01
3.600e+00 7.074e-01
3.610e+00 6.521e-01
3.620e+00 5.697e-01
3.630e+00 4.440e-01
3.640e+00 4.079e-01
3.650e+00 4.376e-01
3.660e+00 4.051e-01
3.670e+00 5.004e-01
3.680e+00 4.982e-01
3.690e+00 2.814e-01
3.700e+00 3.258e-01
3.710e+00 3.157e-01
3.720e+00 3.347e-01
3.730e+00 3.465e-01
3.740e+00 3.304e-01
3.750e+00 3.847e-01
3.760e+00 3.777e-01
3.770e+00 4.377e-01
3.780e+00 4.539e-01
3.790e+00 5.147e-01
3.800e+00 5.615e-01
3.810e+00 5.421e-01
3.820e+00 4.300e-01
3.830e+00 4.736e-01
3.840e+00 5.811e-01
3.850e+00 4.650e-01
3.860e+00 3.820e-01
3.870e+00 3.685e-01
3.880e+00 2.726e-01
3.890e+00 1.839e-01
3.900e+00 3.400e-01
3.910e+00 3.002e-01
3.920e+00 2.636e-01
3.930e+00 3.921e-01
3.940e+00 4.944e-01
3.950e+00 6.539e-01
3.960e+00 7.843e-01
3.970e+00 5.535e-01
3.980e+00 5.925e-01
3.990e+00 6.478e-01
4.000e+00 7.132e-01
4.010e+00 6.418e-01
4.020e+00 6.927e-01
4.030e+00 7.065e-01
4.040e+00 6.444e-01
4.050e+00 6.325e-01
4.060e+00 7.091e-01
4.070e+00 6.121e-01
4.080e+00 6.825e-01
4.090e+00 5.409e-01
4.100e+00 6.636e-01
4.110e+00 7.316e-01
4.120e+00 8.732e-01
4.130e+00 6.866e-01
4.140e+00 5.664e-01
4.150e+00 4.369e-01
4.160e+00 5.084e-01
4.170e+00 5.713e-01
4.180e+00 4.972e-01
4.190e+00 4.913e-01
4.200e+00 5.535e-01
4.210e+00 4.511e-01
4.220e+00 4.886e-01
4.230e+00 5.652e-01
4.240e+00 5.177e-01
4.250e+00 5.123e-01
4.260e+00 4.860e-01
4.270e+00 4.243e-01
4.280e+00 5.065e-01
4.290e+00 5.004e-01
4.300e+00 4.411e-01
4.310e+00 4.300e-01
4.320e+00 3.237e-01
4.330e+00 3.797e-01
4.340e+00 4.348e-01
4.350e+00 3.974e-01
4.360e+00 3.711e-01
4.370e+00 3.878e-01
4.380e+00 4.027e-01
4.390e+00 4.977e-01
4.400e+00 4.077e-01
4.410e+00 4.316e-01
4.420e+00 5.164e-01
4.430e+00 5.150e-01
4.440e+00 4.023e-01
4.450e+00 4.630e-01
4.460e+00 4.227e-01
4.470e+00 4.264e-01
4.480e+00 4.350e-01
4.490e+00 4.623e-01
4.500e+00 5.188e-01
4.510e+00 4.043e-01
4.520e+00 4.450e-01
4.530e+00 4.867e-01
4.540e+00 6.631e-01
4.550e+00 6.777e-01
4.560e+00 6.907e-01
4.570e+00 6.406e-01
4.580e+00 5.883e-01
4.590e+00 6.880e-01
4.600e+00 6.916e-01
4.610e+00 7.483e-01
4.620e+00 7.905e-01
4.630e+00 7.190e-01
4.640e+00 7.410e-01
4.650e+00 7.573e-01
4.660e+00 8.389e-01
4.670e+00 7.576e-01
4.680e+00 6.773e-01
4.690e+00 7.199e-01
4.700e+00 5.337e-01
4.710e+00 6.471e-01
4.720e+00 5.689e-01
4.730e+00 5.369e-01
4.740e+00 5.237e-01
4.750e+00 4.706e-01
4.760e+00 3.363e-01
4.770e+00 3.040e-01
4.780e+00 3.714e-01
4.790e+00 4.799e-01
4.800e+00 4.769e-01
4.810e+00 3.476e-01
4.820e+00 2.421e-01
4.830e+00 2.747e-01
4.840e+00 3.530e-01
4.850e+00 4.371e-01
4.860e+00 5.839e-01
4.870e+00 6.870e-01
4.880e+00 5.794e-01
4.890e+00 5.404e-01
4.900e+00 4.665e-01
4.910e+00 3.955e-01
4.920e+00 5.121e-01
4.930e+00 4.699e-01
4.940e+00 4.979e-01
4.950e+00 5.374e-01
4.960e+00 4.544e-01
4.970e+00 5.019e-01
4.980e+00 6.129e-01
4.990e+00 5.282e-01
-5.000e+00 5.676e-01
-4.990e+00 6.421e-01
-4.980e+00 6.120e-01
-4.970e+00 5.239e-01
-4.960e+00 4.911e-01
-4.950e+00 5.389e-01
-4.940e+00 5.164e-01
-4.930e+00 6.747e-01
-4.920e+00 6.739e-01
-4.910e+00 5.225e-01
-4.900e+00 3.915e-01
-4.890e+00 4.406e-01
-4.880e+00 3.884e-01
-4.870e+00 4.065e-01
-4.860e+00 2.360e-01
-4.850e+00 2.688e-01
-4.840e+00 2.863e-01
-4.830e+00 3.837e-01
-4.820e+00 2.823e-01
-4.810e+00 2.549e-01
-4.800e+00 4.056e-01
-4.790e+00 3.333e-01
-4.780e+00 1.714e-01
-4.770e+00 2.880e-01
-4.760e+00 4.466e-01
-4.750e+00 4.917e-01
-4.740e+00 3.781e-01
-4.730e+00 3.900e-01
-4.720e+00 5.205e-01
-4.710e+00 5.502e-01
-4.700e+00 5.115e-01
-4.690e+00 4.466e-01
-4.680e+00 5.503e-01
-4.670e+00 6.126e-01
-4.660e+00 6.668e-01
-4.650e+00 6.578e-01
-4.640e+00 6.428e-01
-4.630e+00 5.772e-01
-4.620e+00 5.379e-01
-4.610e+00 4.414e-01
-4.600e+00 3.713e-01
-4.590e+00 4.024e-01
-4.580e+00 4.872e-01
-4.570e+00 4.326e-01
-4.560e+00 4.851e-01
-4.550e+00 4.538e-01
-4.540e+00 5.441e-01
-4.530e+00 5.717e-01
-4.520e+00 5.183e-01
-4.510e+00 6.256e-01
-4.500e+00 4.702e-01
-4.490e+00 4.459e-01
-4.480e+00 5.559e-01
-4.470e+00 5.888e-01
-4.460e+00 6.645e-01
-4.450e+00 6.223e-01
-4.440e+00 5.132e-01
-4.430e+00 6.052e-01
-4.420e+00 5.877e-01
-4.410e+00 4.893e-01
-4.400e+00 4.202e-01
-4.390e+00 3.915e-01
-4.380e+00 3.171e-01
-4.370e+00 3.854e-01
-4.360e+00 3.524e-01
-4.350e+00 3.950e-01
-4.340e+00 5.025e-01
-4.330e+00 4.314e-01
-4.320e+00 4.914e-01
-4.310e+00 5.755e-01
-4.300e+00 5.837e-01
-4.290e+00 4.886e-01
-4.280e+00 5.367e-01
-4.270e+00 4.174e-01
-4.260e+00 5.668e-01
-4.250e+00 5.665e-01
-4.240e+00 4.938e-01
-4.230e+00 6.052e-01
-4.220e+00 6.484e-01
-4.210e+00 6.596e-01
-4.200e+00 7.717e-01
-4.190e+00 6.020e-01
-4.180e+00 5.424e-01
-4.170e+00 4.241e-01
-4.160e+00 3.181e-01
-4.150e+00 3.966e-01
-4.140e+00 5.481e-01
-4.130e+00 5.607e-01
-4.120e+00 6.538e-01
-4.110e+00 5.616e-01
-4.100e+00 5.687e-01
-4.090e+00 5.132e-01
-4.080e+00 6.299e-01
-4.070e+00 5.894e-01
-4.060e+00 4.445e-01
-4.050e+00 4.902e-01
-4.040e+00 4.643e-01
-4.030e+00 6.152e-01
-4.020e+00 6.103e-01
-4.010e+00 5.191e-01
-4.000e+00 5.009e-01
-3.990e+00 4.205e-01
-3.980e+00 5.142e-01
-3.970e+00 5.522e-01
-3.960e+00 5.894e-01
-3.950e+00 5.533e-01
-3.940e+00 5.398e-01
-3.930e+00 5.103e-01
-3.920e+00 6.432e-01
-3.910e+00 6.154e-01
-3.900e+00 5.244e-01
-3.890e+00 4.065e-01
-3.880e+00 4.272e-01
-3.870e+00 4.512e-01
-3.860e+00 5.232e-01
-3.850e+00 7.241e-01
-3.840e+00 6.491e-01
-3.830e+00 6.908e-01
-3.820e+00 8.276e-01
-3.810e+00 5.844e-01
-3.800e+00 5.164e-01
-3.790e+00 4.531e-01
-3.780e+00 4.626e-01
-3.770e+00 5.297e-01
-3.760e+00 6.379e-01
-3.750e+00 6.560e-01
-3.740e+00 7.080e-01
-3.730e+00 6.279e-01
-3.720e+00 7.525e-01
-3.710e+00 6.759e-01
-3.700e+00 7.244e-01
-3.690e+00 5.824e-01
-3.680e+00 5.393e-01
-3.670e+00 4.697e-01
-3.660e+00 5.417e-01
-3.650e+00 5.151e-01
-3.640e+00 4.282e-01
-3.630e+00 3.744e-01
-3.620e+00 5.111e-01
-3.610e+00 4.026e-01
-3.600e+00 3.637e-01
-3.590e+00 3.817e-01
-3.580e+00 3.919e-01
-3.570e+00 3.657e-01
-3.560e+00 2.892e-01
-3.550e+00 4.219e-01
-3.540e+00 4.903e-01
-3.530e+00 4.859e-01
-3.520e+00 5.146e-01
-3.510e+00 3.516e-01
-3.500e+00 4.332e-01
-3.490e+00 6.454e-01
-3.480e+00 5.866e-01
-3.470e+00 5.736e-01
-3.460e+00 4.586e-01
-3.450e+00 4.646e-01
-3.440e+00 4.312e-01
-3.430e+00 3.892e-01
-3.420e+00 4.754e-01
-3.410e+00 6.603e-01
-3.400e+00 7.300e-01
-3.390e+00 6.369e-01
-3.380e+00 7.113e-01
-3.370e+00 6.464e-01
-3.360e+00 6.921e-01
-3.350e+00 5.694e-01
-3.340e+00 6.773e-01
-3.330e+00 6.952e-01
-3.320e+00 7.148e-01
-3.310e+00 6.753e-01
-3.300e+00 6.774e-01
-3.290e+00 6.794e-01
-3.280e+00 4.991e-01
-3.270e+00 6.599e-01
-3.260e+00 6.145e-01
-3.250e+00 5.137e-01
-3.240e+00 5.747e-01
-3.230e+00 4.698e-01
-3.220e+00 3.563e-01
-3.210e+00 3.112e-01
-3.200e+00 3.931e-01
-3.190e+00 3.426e-01
-3.180e+00 3.928e-01
-3.170e+00 3.871e-01
-3.160e+00 3.396e-01
-3.150e+00 3.043e-01
-3.140e+00 2.139e-01
-3.130e+00 2.591e-01
-3.120e+00 4.239e-01
-3.110e+00 4.328e-01
-3.100e+00 4.668e-01
-3.090e+00 5.821e-01
-3.080e+00 5.750e-01
-3.070e+00 6.089e-01
-3.060e+00 4.332e-01
-3.050e+00 5.047e-01
-3.040e+00 5.056e-01
-3.030e+00 6.075e-01
-3.020e+00 5.860e-01
-3.010e+00 5.800e-01
-3.000e+00 5.828e-01
-2.990e+00 5.068e-01
-2.980e+00 6.029e-01
-2.970e+00 6.003e-01
-2.960e+00 4.762e-01
-2.950e+00 5.420e-01
-2.940e+00 6.160e-01
-2.930e+00 6.293e-01
-2.920e+00 5.356e-01
-2.910e+00 4.229e-01
-2.900e+00 4.585e-01
-2.890e+00 2.899e-01
-2.880e+00 3.997e-01
-2.870e+00 3.197e-01
-2.860e+00 4.331e-01
-2.850e+00 5.425e-01
-2.840e+00 5.884e-01
-2.830e+00 5.365e-01
-2.820e+00 6.231e-01
-2.810e+00 6.193e-01
-2.800e+00 7.157e-01
-2.790e+00 7.010e-01
-2.780e+00 6.118e-01
-2.770e+00 6.792e-01
-2.760e+00 6.376e-01
-2.750e+00 5.125e-01
-2.740e+00 4.732e-01
-2.730e+00 5.448e-01
-2.720e+00 7.238e-01
-2.710e+00 6.233e-01
-2.700e+00 7.391e-01
-2.690e+00 7.260e-01
-2.680e+00 6.171e-01
-2.670e+00 4.981e-01
-2.660e+00 5.410e-01
-2.650e+00 4.040e-01
-2.640e+00 2.896e-01
-2.630e+00 2.846e-01
-2.620e+00 3.491e-01
-2.610e+00 4.121e-01
-2.600e+00 4.796e-01
-2.590e+00 6.184e-01
-2.580e+00 5.026e-01
-2.570e+00 4.481e-01
-2.560e+00 3.997e-01
-2.550e+00 4.951e-01
-2.540e+00 5.574e-01
-2.530e+00 6.821e-01
-2.520e+00 6.237e-01
-2.510e+00 5.532e-01
-2.500e+00 6.449e-01
-2.490e+00 8.315e-01
-2.480e+00 6.551e-01
-2.470e+00 6.442e-01
-2.460e+00 5.706e-01
-2.450e+00 6.418e-01
-2.440e+00 7.064e-01
-2.430e+00 6.754e-01
-2.420e+00 4.578e-01
-2.410e+00 3.508e-01
-2.400e+00 2.855e-01
-2.390e+00 4.097e-01
-2.380e+00 4.742e-01
-2.370e+00 3.737e-01
-2.360e+00 4.998e-01
-2.350e+00 5.507e-01
-2.340e+00 7.818e-01
-2.330e+00 7.778e-01
-2.320e+00 8.103e-01
-2.310e+00 5.757e-01
-2.300e+00 5.443e-01
-2.290e+00 5.266e-01
-2.280e+00 6.203e-01
-2.270e+00 4.888e-01
-2.260e+00 5.573e-01
-2.250e+00 5.752e-01
-2.240e+00 6.352e-01
-2.230e+00 4.684e-01
-2.220e+00 4.983e-01
-2.210e+00 5.281e-01
-2.200e+00 5.112e-01
-2.190e+00 7.365e-01
-2.180e+00 6.405e-01
-2.170e+00 4.274e-01
-2.160e+00 6.189e-01
-2.150e+00 5.032e-01
-2.140e+00 3.559e-01
-2.130e+00 4.072e-01
-2.120e+00 4.876e-01
-2.110e+00 6.190e-01
-2.100e+00 5.785e-01
-2.090e+00 8.301e-01
-2.080e+00 7.510e-01
-2.070e+00 5.989e-01
-2.060e+00 3.400e-01
-2.050e+00 4.469e-01
-2.040e+00 3.076e-01
-2.030e+00 1.789e-01
-2.020e+00 2.184e-01
-2.010e+00 4.182e-01
-2.000e+00 4.159e-01
-1.990e+00 3.623e-01
-1.980e+00 4.535e-01
-1.970e+00 5.414e-01
-1.960e+00 4.667e-01
-1.950e+00 4.905e-01
-1.940e+00 5.695e-01
-1.930e+00 7.435e-01
-1.920e+00 5.413e-01
-1.910e+00 4.871e-01
-1.900e+00 4.735e-01
-1.890e+00 5.075e-01
-1.880e+00 5.551e-01
-1.870e+00 5.396e-01
-1.860e+00 5.287e-01
-1.850e+00 4.930e-01
-1.840e+00 3.846e-01
-1.830e+00 5.216e-01
-1.820e+00 5.656e-01
-1.810e+00 3.465e-01
-1.800e+00 1.852e-01
-1.790e+00 3.600e-01
-1.780e+00 3.959e-01
-1.770e+00 5.409e-01
-1.760e+00 6.241e-01
-1.750e+00 6.133e-01
-1.740e+00 6.868e-01
-1.730e+00 7.504e-01
-1.720e+00 3.992e-01
-1.710e+00 4.532e-01
-1.700e+00 5.393e-01
-1.690e+00 4.336e-01
-1.680e+00 6.991e-01
-1.670e+00 6.317e-01
-1.660e+00 7.041e-01
-1.650e+00 5.530e-01
-1.640e+00 5.505e-01
-1.630e+00 5.412e-01
-1.620e+00 5.559e-01
-1.610e+00 3.640e-01
-1.600e+00 5.191e-01
-1.590e+00 3.252e-01
-1.580e+00 4.890e-01
-1.570e+00 4.680e-01
-1.560e+00 4.712e-01
-1.550e+00 4.926e-01
-1.540e+00 4.377e-01
-1.530e+00 5.198e-01
-1.520e+00 6.804e-01
-1.510e+00 6.376e-01
-1.500e+00 9.118e-01
-1.490e+00 7.293e-01
-1.480e+00 4.589e-01
-1.470e+00 5.134e-01
-1.460e+00 5.579e-01
-1.450e+00 4.283e-01
-1.440e+00 6.779e-01
-1.430e+00 4.980e-01
-1.420e+00 4.533e-01
-1.410e+00 4.679e-01
-1.400e+00 2.526e-01
-1.390e+00 2.624e-01
-1.380e+00 7.497e-01
-1.370e+00 2.739e-01
-1.360e+00 3.174e-01
-1.350e+00 3.701e-01
-1.340e+00 5.159e-01
-1.330e+00 2.948e-01
-1.320e+00 6.459e-01
-1.310e+00 3.349e-01
-1.300e+00 4.412e-01
-1.290e+00 6.879e-01
-1.280e+00 5.502e-01
-1.270e+00 5.813e-01
-1.260e+00 9.927e-01
-1.250e+00 8.340e-01
-1.240e+00 5.187e-01
-1.230e+00 5.612e-01
-1.220e+00 3.060e-01
-1.210e+00 2.748e-01
-1.200e+00 3.670e-01
-1.190e+00 1.839e-01
-1.180e+00 3.832e-01
-1.170e+00 2.593e-01
-1.160e+00 3.349e-01
-1.150e+00 7.641e-01
-1.140e+00 8.184e-01
-1.130e+00 7.139e-01
-1.120e+00 2.911e-01
-1.110e+00 6.887e-02
-1.100e+00 1.748e-02
-1.090e+00 3.626e-01
-1.080e+00 5.486e-01
-1.070e+00 5.219e-01
-1.060e+00 7.349e-01
-1.050e+00 8.379e-01
-1.040e+00 7.856e-01
-1.030e+00 6.859e-01
-1.020e+00 8.325e-01
-1.010e+00 7.271e-01
-1.000e+00 7.334e-01
-9.900e-01 6.667e-01
-9.800e-01 5.089e-01
-9.700e-01 6.736e-01
-9.600e-01 1.971e-01
-9.500e-01 4.380e-01
-9.400e-01 8.108e-01
-9.300e-01 1.021e+00
-9.200e-01 1.295e+00
-9.100e-01 1.357e+00
-9.000e-01 1.070e+00
-8.900e-01 6.248e-01
-8.800e-01 7.759e-01
-8.700e-01 7.588e-01
-8.600e-01 1.090e+00
-8.500e-01 9.815e-01
-8.400e-01 7.153e-01
-8.300e-01 5.619e-01
-8.200e-01 5.609e-01
-8.100e-01 7.811e-01
-8.000e-01 6.681e-01
-7.900e-01 9.884e-01
-7.800e-01 9.921e-01
-7.700e-01 9.553e-01
-7.600e-01 8.622e-01
-7.500e-01 9.168e-01
-7.400e-01 9.155e-01
-7.300e-01 8.123e-01
-7.200e-01 9.733e-01
-7.100e-01 3.686e-01
-7.000e-01 5.081e-01
-6.900e-01 2.429e-01
-6.800e-01 7.594e-01
-6.700e-01 9.544e-01
-6.600e-01 8.342e-01
-6.500e-01 1.048e+00
-6.400e-01 1.504e+00
-6.300e-01 1.174e+00
-6.200e-01 7.135e-01
-6.100e-01 6.396e-01
-6.000e-01 1.232e+00
-5.900e-01 9.033e-01
-5.800e-01 1.259e+00
-5.700e-01 1.550e+00
-5.600e-01 1.114e+00
-5.500e-01 7.234e-01
-5.400e-01 7.061e-01
-5.300e-01 8.582e-01
-5.200e-01 1.159e+00
-5.100e-01 1.166e+00
-5.000e-01 1.602e+00
-4.900e-01 1.098e+00
-4.800e-01 4.557e-01
-4.700e-01 6.651e-01
-4.600e-01 1.734e-01
-4.500e-01 4.926e-01
-4.400e-01 6.766e-01
-4.300e-01 2.816e-01
-4.200e-01 6.268e-01
-4.100e-01 1.115e+00
-4.000e-01 1.098e+00
-3.900e-01 9.027e-01
-3.800e-01 1.457e+00
-3.700e-01 9.551e-01
-3.600e-01 1.114e+00
-3.500e-01 7.052e-01
-3.400e-01 2.669e-01
-3.300e-01 8.105e-01
-3.200e-01 2.972e-01
-3.100e-01 3.033e-01
-3.000e-01 -1.206e-01
-2.900e-01 4.014e-01
-2.800e-01 7.662e-01
-2.700e-01 1.794e+00
-2.600e-01 2.529e+00
-2.500e-01 2.149e+00
-2.400e-01 2.164e+00
-2.300e-01 1.248e+00
-2.200e-01 1.352e+00
-2.100e-01 2.149e+00
-2.000e-01 1.689e+00
-1.900e-01 1.433e+00
-1.800e-01 1.594e+00
-1.700e-01 7.137e-01
-1.600e-01 1.909e+00
-1.500e-01 3.221e+00
-1.400e-01 3.820e+00
-1.300e-01 5.219e+00
-1.200e-01 5.321e+00
-1.100e-01 5.115e+00
-1.000e-01 5.135e+00
-9.000e-02 6.236e+00
-8.000e-02 8.126e+00
-7.000e-02 1.097e+01
-6.000e-02 9.648e+00
-5.000e-02 1.249e+01
-4.000e-02 1.561e+01
-3.000e-02 2.059e+01
-2.000e-02 2.684e+01
-1.000e-02 4.440e+01
