# Time (ps)      real(F_1)      im(F_1)
0.000e+00 1.000e+00 0.000e+00
1.000e-01 8.400e-01 1.062e-02
2.000e-01 7.995e-01 -3.349e-02
3.000e-01 7.298e-01 -1.246e-02
4.000e-01 7.089e-01 -2.265e-03
5.000e-01 6.994e-01 3.852e-02
6.000e-01 6.560e-01 3.372e-02
7.000e-01 6.350e-01 5.953e-02
8.000e-01 5.954e-01 9.128e-02
9.000e-01 5.622e-01 7.962e-02
1.000e+00 5.380e-01 5.836e-02
1.100e+00 5.376e-01 6.765e-02
1.200e+00 5.067e-01 5.227e-02
1.300e+00 4.453e-01 7.739e-02
1.400e+00 4.227e-01 4.921e-02
1.500e+00 4.283e-01 1.923e-02
1.600e+00 4.106e-01 3.015e-02
1.700e+00 4.155e-01 3.800e-02
1.800e+00 4.225e-01 3.734e-02
1.900e+00 4.070e-01 2.067e-02
2.000e+00 4.593e-01 3.795e-02
2.100e+00 3.813e-01 7.331e-03
2.200e+00 3.765e-01 2.279e-02
2.300e+00 3.782e-01 3.920e-02
2.400e+00 3.591e-01 3.987e-02
2.500e+00 3.942e-01 6.873e-02
2.600e+00 3.827e-01 7.792e-02
2.700e+00 3.549e-01 1.849e-02
2.800e+00 3.111e-01 -4.542e-03
2.900e+00 3.112e-01 8.693e-03
3.000e+00 2.876e-01 5.686e-03
3.100e+00 2.657e-01 2.394e-02
3.200e+00 2.479e-01 5.531e-03
3.300e+00 2.430e-01 4.242e-03
3.400e+00 2.340e-01 2.098e-02
3.500e+00 2.110e-01 -6.794e-03
3.600e+00 2.409e-01 1.904e-03
3.700e+00 2.066e-01 -2.383e-02
3.800e+00 1.956e-01 -7.603e-03
3.900e+00 1.941e-01 2.823e-02
4.000e+00 1.813e-01 -1.069e-02
4.100e+00 1.955e-01 -3.766e-02
4.200e+00 1.713e-01 -3.164e-02
4.300e+00 1.728e-01 -2.850e-02
4.400e+00 1.476e-01 -1.523e-03
4.500e+00 1.585e-01 -2.104e-03
4.600e+00 1.753e-01 -9.243e-05
4.700e+00 1.415e-01 -4.468e-02
4.800e+00 1.571e-01 -3.333e-02
4.900e+00 1.530e-01 -2.752e-02
5.000e+00 1.905e-01 -1.225e-02
5.100e+00 1.693e-01 2.488e-03
5.200e+00 1.752e-01 -5.184e-03
5.300e+00 1.572e-01 -2.580e-02
5.400e+00 1.382e-01 -8.735e-03
5.500e+00 1.441e-01 -2.962e-02
5.600e+00 1.436e-01 -2.745e-03
5.700e+00 1.355e-01 -3.213e-02
5.800e+00 1.383e-01 -2.002e-02
5.900e+00 1.197e-01 -2.825e-02
6.000e+00 1.325e-01 -8.317e-03
6.100e+00 1.035e-01 -3.237e-03
6.200e+00 1.121e-01 -1.402e-03
6.300e+00 9.501e-02 -3.225e-02
6.400e+00 6.900e-02 -2.811e-02
6.500e+00 6.402e-02 -2.026e-02
6.600e+00 6.981e-02 -2.022e-02
6.700e+00 4.996e-02 4.861e-03
6.800e+00 5.047e-02 -7.602e-03
6.900e+00 4.691e-02 -8.403e-03
7.000e+00 4.182e-02 -1.885e-02
7.100e+00 4.946e-02 -1.118e-02
7.200e+00 4.989e-02 -1.019e-02
7.300e+00 4.949e-02 -1.746e-02
7.400e+00 2.080e-02 -2.684e-02
7.500e+00 4.731e-02 -9.302e-03
7.600e+00 3.537e-02 -1.154e-02
7.700e+00 1.699e-02 1.085e-02
7.800e+00 3.753e-02 1.536e-02
7.900e+00 2.326e-02 1.866e-02
8.000e+00 4.540e-02 2.160e-02
8.100e+00 6.348e-02 1.346e-02
8.200e+00 6.719e-02 7.745e-03
8.300e+00 5.995e-02 4.476e-03
8.400e+00 4.529e-02 -2.148e-02
8.500e+00 4.338e-02 -2.161e-02
8.600e+00 6.535e-02 -6.514e-03
8.700e+00 4.723e-02 1.471e-02
8.800e+00 4.847e-02 9.428e-03
8.900e+00 4.633e-02 1.053e-02
9.000e+00 5.839e-02 -1.391e-02
9.100e+00 5.192e-02 4.765e-03
9.200e+00 3.250e-02 -6.161e-03
9.300e+00 4.770e-02 -2.199e-02
9.400e+00 8.663e-02 -1.182e-02
9.500e+00 4.759e-02 -1.593e-02
9.600e+00 4.507e-02 -1.142e-02
9.700e+00 4.389e-02 -1.271e-02
9.800e+00 5.223e-02 1.020e-02
9.900e+00 4.051e-02 2.066e-02
1.000e+01 2.199e-02 1.218e-02
1.010e+01 -4.196e-03 -1.827e-02
1.020e+01 -5.026e-04 -1.595e-03
1.030e+01 -6.018e-03 -1.928e-02
1.040e+01 1.107e-02 -2.112e-02
1.050e+01 1.432e-02 -3.912e-02
1.060e+01 1.726e-02 -1.878e-02
1.070e+01 4.105e-02 -1.129e-02
1.080e+01 6.030e-02 1.263e-02
1.090e+01 7.523e-02 4.912e-03
1.100e+01 8.031e-02 -4.285e-03
1.110e+01 7.891e-02 3.057e-02
1.120e+01 5.958e-02 3.845e-02
1.130e+01 4.525e-02 1.089e-02
1.140e+01 2.473e-02 3.543e-02
1.150e+01 3.098e-02 1.420e-02
1.160e+01 3.001e-02 1.109e-03
1.170e+01 2.018e-02 2.096e-02
1.180e+01 1.845e-02 2.314e-02
1.190e+01 2.800e-02 2.894e-02
1.200e+01 2.729e-02 3.729e-02
1.210e+01 1.267e-02 1.268e-02
1.220e+01 3.670e-03 -8.479e-03
1.230e+01 6.658e-03 -6.811e-03
1.240e+01 2.002e-02 7.198e-03
1.250e+01 2.190e-02 5.586e-03
1.260e+01 2.529e-02 6.870e-03
1.270e+01 2.053e-02 1.418e-03
1.280e+01 1.386e-02 -2.150e-03
1.290e+01 2.503e-02 3.736e-03
1.300e+01 2.109e-02 1.216e-02
1.310e+01 2.602e-02 2.716e-02
1.320e+01 1.629e-02 2.307e-02
1.330e+01 4.690e-03 1.736e-02
1.340e+01 1.801e-02 2.920e-02
1.350e+01 2.027e-02 1.482e-02
1.360e+01 1.676e-02 3.066e-03
1.370e+01 2.261e-02 5.774e-04
1.380e+01 2.385e-02 2.317e-03
1.390e+01 2.903e-02 5.193e-03
1.400e+01 2.447e-02 -7.924e-03
1.410e+01 2.210e-02 -5.008e-03
1.420e+01 2.291e-02 1.052e-03
1.430e+01 7.521e-03 -1.446e-02
1.440e+01 1.283e-02 -8.810e-03
1.450e+01 3.140e-03 -2.175e-02
1.460e+01 1.461e-03 -1.637e-02
1.470e+01 -3.805e-05 -1.970e-02
1.480e+01 2.830e-03 -6.075e-03
1.490e+01 2.013e-03 -4.098e-03
1.500e+01 7.298e-03 -4.315e-03
1.510e+01 4.694e-03 -1.253e-02
1.520e+01 8.393e-03 -3.683e-03
1.530e+01 8.186e-04 2.225e-03
1.540e+01 -1.007e-03 -1.119e-02
1.550e+01 4.067e-03 -1.142e-02
1.560e+01 1.961e-03 -5.445e-03
1.570e+01 -3.335e-04 1.687e-04
1.580e+01 5.193e-03 4.188e-03
1.590e+01 -1.616e-03 7.064e-03
1.600e+01 -9.602e-05 5.237e-03
1.610e+01 4.624e-03 -6.105e-03
1.620e+01 1.611e-03 -7.032e-04
1.630e+01 5.294e-03 3.467e-03
1.640e+01 6.312e-03 -8.519e-03
1.650e+01 1.976e-02 5.393e-03
1.660e+01 1.325e-02 5.133e-03
1.670e+01 2.514e-02 -8.628e-04
1.680e+01 2.197e-02 4.518e-03
1.690e+01 2.120e-02 -8.507e-03
1.700e+01 2.707e-02 -3.063e-03
1.710e+01 2.378e-02 -1.183e-03
1.720e+01 2.228e-02 3.888e-05
1.730e+01 2.443e-02 2.756e-03
1.740e+01 1.971e-02 2.944e-04
1.750e+01 2.793e-02 1.427e-02
1.760e+01 3.160e-02 9.126e-03
1.770e+01 3.033e-02 7.421e-03
1.780e+01 2.579e-02 6.671e-03
1.790e+01 2.616e-02 5.819e-03
1.800e+01 1.968e-02 -7.157e-03
1.810e+01 2.121e-02 -4.514e-03
1.820e+01 1.641e-02 -7.608e-03
1.830e+01 1.976e-02 3.594e-03
1.840e+01 2.191e-02 9.978e-03
1.850e+01 1.833e-02 8.909e-03
1.860e+01 6.130e-03 8.547e-03
1.870e+01 2.113e-03 2.838e-03
1.880e+01 3.906e-03 5.443e-03
1.890e+01 1.297e-02 1.097e-03
1.900e+01 1.190e-02 2.527e-03
1.910e+01 1.422e-02 5.438e-03
1.920e+01 1.835e-03 6.854e-03
1.930e+01 2.748e-03 6.292e-03
1.940e+01 4.919e-03 8.861e-03
1.950e+01 2.191e-03 4.459e-03
1.960e+01 5.653e-03 4.050e-03
1.970e+01 6.353e-03 1.027e-02
1.980e+01 3.859e-03 1.298e-02
1.990e+01 2.273e-03 2.265e-02
2.000e+01 1.038e-03 2.985e-02
2.010e+01 6.959e-04 2.262e-02
2.020e+01 4.333e-03 2.519e-02
2.030e+01 1.689e-03 2.670e-02
2.040e+01 1.057e-02 1.811e-02
2.050e+01 1.671e-02 1.304e-02
2.060e+01 1.996e-02 1.290e-02
2.070e+01 1.517e-02 1.424e-02
2.080e+01 1.850e-02 9.017e-03
2.090e+01 8.185e-03 8.953e-03
2.100e+01 2.518e-02 4.006e-03
2.110e+01 1.077e-02 -5.146e-04
2.120e+01 1.484e-02 -4.028e-03
2.130e+01 1.136e-02 6.925e-03
2.140e+01 1.394e-02 4.789e-03
2.150e+01 1.488e-02 7.899e-03
2.160e+01 1.501e-02 6.370e-03
2.170e+01 9.797e-03 2.898e-03
2.180e+01 1.069e-02 2.159e-03
2.190e+01 1.452e-02 -1.864e-03
2.200e+01 1.610e-02 -7.633e-04
2.210e+01 1.723e-02 4.730e-04
2.220e+01 1.188e-02 -1.134e-03
2.230e+01 1.506e-02 2.137e-03
2.240e+01 1.885e-02 2.381e-03
2.250e+01 2.090e-02 5.312e-04
2.260e+01 1.753e-02 2.503e-03
2.270e+01 1.601e-02 -8.701e-04
2.280e+01 1.001e-02 -4.826e-03
2.290e+01 1.146e-02 -4.416e-03
2.300e+01 1.154e-02 -2.335e-03
2.310e+01 9.464e-03 -6.360e-03
2.320e+01 8.690e-03 -1.228e-02
2.330e+01 1.113e-02 1.210e-03
2.340e+01 1.014e-02 -1.329e-03
2.350e+01 1.173e-02 -4.127e-03
2.360e+01 7.964e-03 8.880e-04
2.370e+01 1.309e-02 -5.439e-03
2.380e+01 9.423e-03 -5.713e-03
2.390e+01 8.960e-03 -4.797e-03
2.400e+01 6.687e-03 -3.077e-03
2.410e+01 1.061e-02 -3.959e-04
2.420e+01 1.478e-02 -4.547e-03
2.430e+01 2.093e-02 -7.914e-03
2.440e+01 1.569e-02 2.180e-03
2.450e+01 1.508e-02 -1.150e-03
2.460e+01 1.349e-02 -3.138e-03
2.470e+01 1.383e-02 -8.564e-05
2.480e+01 1.634e-02 5.213e-04
2.490e+01 1.056e-02 -5.515e-03
2.500e+01 1.738e-02 1.815e-03
2.510e+01 1.507e-02 5.173e-03
2.520e+01 1.460e-02 7.590e-03
2.530e+01 1.510e-02 6.376e-03
2.540e+01 1.555e-02 9.928e-03
2.550e+01 1.116e-02 1.523e-02
2.560e+01 1.130e-02 1.687e-02
2.570e+01 6.616e-03 1.181e-02
2.580e+01 8.238e-03 6.916e-03
2.590e+01 4.975e-03 1.052e-02
2.600e+01 1.939e-03 9.158e-03
2.610e+01 4.266e-03 6.999e-03
2.620e+01 3.567e-03 7.915e-04
2.630e+01 5.570e-03 2.169e-03
2.640e+01 9.245e-03 8.264e-03
2.650e+01 5.525e-03 5.290e-03
2.660e+01 5.874e-03 4.676e-03
2.670e+01 9.645e-03 6.379e-03
2.680e+01 1.000e-02 7.248e-03
2.690e+01 1.358e-02 -3.126e-03
2.700e+01 1.732e-02 -6.594e-03
2.710e+01 1.795e-02 -9.388e-03
2.720e+01 1.774e-02 -1.112e-02
2.730e+01 2.105e-02 -7.659e-03
2.740e+01 1.107e-02 -1.072e-02
2.750e+01 1.587e-02 -2.828e-03
2.760e+01 1.441e-02 4.119e-03
2.770e+01 1.266e-02 -1.769e-03
2.780e+01 1.131e-02 2.201e-03
2.790e+01 1.245e-02 1.690e-03
2.800e+01 7.857e-03 4.009e-03
2.810e+01 1.358e-02 3.790e-03
2.820e+01 1.352e-02 2.413e-03
2.830e+01 6.545e-03 -6.082e-04
2.840e+01 1.806e-03 3.079e-03
2.850e+01 4.681e-03 6.944e-04
2.860e+01 3.960e-03 -4.369e-03
2.870e+01 3.882e-03 8.935e-04
2.880e+01 2.483e-03 8.061e-03
2.890e+01 -6.454e-03 9.849e-03
2.900e+01 -5.266e-03 1.057e-02
2.910e+01 2.772e-03 5.941e-03
2.920e+01 8.751e-03 7.609e-03
2.930e+01 5.297e-03 5.407e-03
2.940e+01 2.850e-03 8.082e-03
2.950e+01 -2.248e-03 1.100e-02
2.960e+01 8.458e-03 1.179e-02
2.970e+01 8.921e-03 1.287e-02
2.980e+01 1.139e-02 8.709e-03
2.990e+01 1.631e-02 -6.834e-04
3.000e+01 1.440e-02 -1.174e-03
3.010e+01 1.742e-02 5.276e-04
3.020e+01 1.409e-02 2.120e-03
3.030e+01 1.247e-02 1.060e-03
3.040e+01 6.760e-03 2.005e-04
3.050e+01 8.119e-03 1.198e-02
3.060e+01 4.275e-03 -7.852e-05
3.070e+01 4.994e-03 1.667e-04
3.080e+01 5.398e-03 -5.031e-03
3.090e+01 1.243e-02 -4.713e-03
3.100e+01 1.618e-02 -3.768e-03
3.110e+01 1.722e-02 -1.626e-03
3.120e+01 1.456e-02 -2.721e-03
3.130e+01 1.383e-02 -2.912e-03
3.140e+01 1.188e-02 -8.957e-03
3.150e+01 1.045e-02 -7.440e-03
3.160e+01 7.457e-03 -7.149e-03
3.170e+01 1.101e-02 -3.108e-03
3.180e+01 7.583e-03 -2.628e-03
3.190e+01 9.560e-03 -1.418e-03
3.200e+01 6.039e-03 6.158e-03
3.210e+01 1.443e-02 2.328e-03
3.220e+01 1.388e-02 -2.203e-03
3.230e+01 1.751e-02 -2.197e-03
3.240e+01 1.240e-02 6.172e-03
3.250e+01 1.162e-02 -1.979e-03
3.260e+01 1.062e-02 -4.184e-03
3.270e+01 1.088e-02 -3.067e-03
3.280e+01 1.252e-02 3.473e-03
3.290e+01 1.260e-02 9.678e-03
3.300e+01 8.088e-03 9.081e-03
3.310e+01 5.844e-03 6.588e-03
3.320e+01 1.268e-02 1.004e-03
3.330e+01 1.311e-02 2.513e-03
3.340e+01 8.487e-03 9.173e-03
3.350e+01 1.124e-02 7.260e-03
3.360e+01 1.581e-02 2.197e-03
3.370e+01 1.602e-02 -1.527e-05
3.380e+01 1.678e-02 7.358e-04
3.390e+01 1.662e-02 -1.703e-03
3.400e+01 1.553e-02 -4.774e-03
3.410e+01 1.882e-02 -8.296e-04
3.420e+01 1.727e-02 -2.696e-03
3.430e+01 9.658e-03 1.387e-03
3.440e+01 7.007e-03 -6.639e-05
3.450e+01 1.088e-02 3.507e-05
3.460e+01 7.829e-03 7.516e-04
3.470e+01 1.159e-02 7.053e-04
3.480e+01 1.211e-02 3.093e-04
3.490e+01 1.082e-02 1.849e-03
3.500e+01 1.680e-02 -2.158e-03
3.510e+01 1.945e-02 -5.216e-03
3.520e+01 2.279e-02 -7.319e-03
3.530e+01 2.069e-02 -7.994e-03
3.540e+01 1.856e-02 -5.751e-03
3.550e+01 1.633e-02 -3.399e-03
3.560e+01 1.663e-02 -1.457e-04
3.570e+01 1.552e-02 -3.262e-03
3.580e+01 1.901e-02 -5.245e-03
3.590e+01 1.226e-02 -4.080e-03
3.600e+01 1.814e-02 -2.095e-03
3.610e+01 1.719e-02 -6.644e-03
3.620e+01 1.512e-02 -7.444e-03
3.630e+01 1.354e-02 -7.934e-03
3.640e+01 1.648e-02 -8.211e-03
3.650e+01 1.486e-02 -5.597e-03
3.660e+01 1.469e-02 -1.131e-02
3.670e+01 1.502e-02 -7.333e-03
3.680e+01 1.474e-02 -6.489e-03
3.690e+01 1.316e-02 -1.166e-03
3.700e+01 1.179e-02 -4.969e-03
3.710e+01 1.400e-02 -2.411e-03
3.720e+01 1.062e-02 -3.311e-03
3.730e+01 1.527e-02 -8.039e-04
3.740e+01 1.720e-02 3.113e-04
3.750e+01 1.789e-02 1.229e-03
3.760e+01 1.684e-02 7.774e-04
3.770e+01 1.399e-02 -1.843e-04
3.780e+01 1.576e-02 2.415e-03
3.790e+01 1.258e-02 9.405e-05
3.800e+01 1.260e-02 -1.461e-03
3.810e+01 1.018e-02 1.792e-03
3.820e+01 1.036e-02 1.053e-03
3.830e+01 8.969e-03 8.255e-05
3.840e+01 9.977e-03 -6.643e-05
3.850e+01 8.001e-03 2.942e-03
3.860e+01 9.057e-03 2.443e-03
3.870e+01 8.274e-03 2.627e-05
3.880e+01 9.555e-03 -1.287e-03
3.890e+01 7.078e-03 -2.788e-03
3.900e+01 7.334e-03 -2.856e-03
3.910e+01 9.374e-03 -9.969e-04
3.920e+01 9.953e-03 -1.951e-03
3.930e+01 8.448e-03 -3.820e-03
3.940e+01 9.665e-03 -1.808e-03
3.950e+01 8.638e-03 -4.720e-03
3.960e+01 7.029e-03 -3.946e-03
3.970e+01 1.028e-02 -3.624e-03
3.980e+01 1.424e-02 -4.629e-03
3.990e+01 1.225e-02 -2.038e-03
4.000e+01 1.405e-02 -4.204e-03
4.010e+01 1.219e-02 -2.120e-03
4.020e+01 9.959e-03 -3.658e-03
4.030e+01 7.714e-03 -5.173e-03
4.040e+01 7.125e-03 -5.676e-03
4.050e+01 4.391e-03 -1.126e-03
4.060e+01 1.082e-02 2.609e-03
4.070e+01 1.128e-02 2.135e-03
4.080e+01 7.300e-03 -5.663e-04
4.090e+01 5.209e-03 -4.702e-03
4.100e+01 9.275e-04 -4.039e-03
4.110e+01 1.670e-03 -2.834e-03
4.120e+01 1.505e-03 -3.397e-03
4.130e+01 2.326e-03 -5.463e-03
4.140e+01 3.411e-03 -9.692e-03
4.150e+01 3.331e-03 -1.153e-02
4.160e+01 6.136e-03 -9.675e-03
4.170e+01 3.278e-03 -7.391e-03
4.180e+01 -3.035e-03 -6.509e-03
4.190e+01 2.796e-03 -8.265e-03
4.200e+01 2.271e-03 -8.119e-03
4.210e+01 2.335e-03 -4.978e-03
4.220e+01 3.993e-03 -5.009e-03
4.230e+01 2.795e-03 -4.215e-03
4.240e+01 2.454e-03 -3.051e-03
4.250e+01 3.158e-03 -4.270e-03
4.260e+01 5.806e-03 -2.839e-03
4.270e+01 7.606e-03 -2.096e-03
4.280e+01 6.916e-03 -4.977e-03
4.290e+01 7.353e-03 -5.729e-03
4.300e+01 6.313e-03 -5.404e-03
4.310e+01 4.983e-03 -1.009e-02
4.320e+01 6.332e-03 -6.989e-03
4.330e+01 9.987e-03 -4.023e-03
4.340e+01 7.817e-03 -5.519e-03
4.350e+01 1.138e-02 -8.392e-03
4.360e+01 9.041e-03 -7.362e-03
4.370e+01 1.305e-02 -1.319e-02
4.380e+01 1.295e-02 -2.069e-02
4.390e+01 1.022e-02 -2.036e-02
4.400e+01 6.743e-03 -1.177e-02
4.410e+01 1.137e-02 -9.291e-03
4.420e+01 5.906e-03 -5.333e-03
4.430e+01 1.079e-02 1.385e-03
4.440e+01 1.703e-02 2.371e-03
4.450e+01 2.094e-02 2.046e-03
4.460e+01 2.798e-02 3.648e-03
4.470e+01 2.000e-02 -2.083e-03
4.480e+01 1.768e-02 -5.498e-03
4.490e+01 1.563e-02 -8.574e-03
4.500e+01 1.804e-02 -3.649e-03
4.510e+01 1.680e-02 -2.966e-04
4.520e+01 1.815e-02 -4.862e-03
4.530e+01 1.410e-02 -9.009e-03
4.540e+01 1.434e-02 -6.682e-03
4.550e+01 1.456e-02 6.911e-05
4.560e+01 1.612e-02 5.306e-03
4.570e+01 1.462e-02 1.775e-03
4.580e+01 1.549e-02 -1.013e-03
4.590e+01 1.137e-02 2.521e-03
4.600e+01 9.407e-03 -2.471e-03
4.610e+01 1.140e-02 -2.847e-03
4.620e+01 1.005e-02 -2.526e-03
4.630e+01 1.318e-02 2.469e-03
4.640e+01 9.295e-03 -1.899e-03
4.650e+01 9.777e-03 8.950e-03
4.660e+01 1.046e-02 5.789e-04
4.670e+01 1.122e-02 -5.986e-03
4.680e+01 7.115e-03 -8.494e-03
4.690e+01 9.023e-03 -2.130e-03
4.700e+01 8.267e-03 3.281e-04
4.710e+01 9.093e-03 5.018e-03
4.720e+01 8.013e-03 6.825e-03
4.730e+01 1.271e-02 7.354e-04
4.740e+01 8.641e-03 1.639e-03
4.750e+01 1.332e-02 1.846e-03
4.760e+01 1.048e-02 5.847e-05
4.770e+01 1.193e-02 -2.394e-04
4.780e+01 1.306e-02 8.551e-04
4.790e+01 1.500e-02 3.838e-03
4.800e+01 1.602e-02 7.280e-03
4.810e+01 1.497e-02 6.805e-04
4.820e+01 1.586e-02 -9.460e-04
4.830e+01 2.050e-02 1.798e-03
4.840e+01 2.719e-02 2.816e-03
4.850e+01 2.246e-02 1.188e-03
4.860e+01 1.701e-02 -1.413e-03
4.870e+01 1.796e-02 -1.169e-03
4.880e+01 1.487e-02 1.289e-04
4.890e+01 1.757e-02 -7.353e-03
4.900e+01 1.423e-02 -4.241e-03
4.910e+01 1.287e-02 -2.896e-03
4.920e+01 1.592e-02 -6.662e-03
4.930e+01 1.222e-02 -4.153e-03
4.940e+01 1.112e-02 -2.818e-03
4.950e+01 8.911e-03 -7.337e-03
4.960e+01 1.244e-02 -9.538e-03
4.970e+01 1.011e-02 -9.260e-03
4.980e+01 9.725e-03 -8.523e-03
4.990e+01 1.085e-02 -8.327e-03
5.000e+01 1.033e-02 -3.652e-03
5.010e+01 8.330e-03 -8.970e-03
5.020e+01 1.633e-02 -1.512e-02
5.030e+01 1.244e-02 -1.484e-02
5.040e+01 1.692e-02 -1.672e-02
5.050e+01 1.924e-02 -1.543e-02
5.060e+01 1.949e-02 -1.467e-02
5.070e+01 1.441e-02 -5.801e-03
5.080e+01 2.023e-02 -5.005e-03
5.090e+01 1.434e-02 -9.620e-04
5.100e+01 1.420e-02 1.675e-03
5.110e+01 1.649e-02 -8.316e-03
5.120e+01 1.509e-02 -1.632e-03
5.130e+01 1.846e-02 -6.794e-03
5.140e+01 1.955e-02 -2.804e-03
5.150e+01 1.698e-02 -2.246e-03
5.160e+01 1.485e-02 -4.288e-03
5.170e+01 1.454e-02 -4.788e-03
5.180e+01 1.899e-02 -2.929e-03
5.190e+01 2.078e-02 -3.158e-03
5.200e+01 1.799e-02 -1.939e-04
5.210e+01 1.940e-02 -3.863e-03
5.220e+01 2.608e-02 3.221e-03
5.230e+01 1.638e-02 1.740e-03
5.240e+01 2.075e-02 -3.351e-03
5.250e+01 1.624e-02 -4.154e-03
5.260e+01 2.010e-02 2.412e-04
5.270e+01 1.149e-02 1.164e-03
5.280e+01 5.382e-03 3.331e-04
5.290e+01 3.429e-03 -7.068e-04
5.300e+01 2.931e-03 -3.098e-03
5.310e+01 4.194e-03 -3.233e-03
5.320e+01 1.496e-03 -2.916e-03
5.330e+01 1.919e-03 -2.137e-03
5.340e+01 4.387e-04 -2.859e-03
5.350e+01 -5.282e-04 -4.958e-03
5.360e+01 -1.193e-03 -3.020e-03
5.370e+01 2.295e-04 -2.618e-03
5.380e+01 1.611e-03 -2.692e-03
5.390e+01 1.058e-03 -6.788e-04
5.400e+01 -4.901e-04 -1.936e-03
5.410e+01 -1.015e-03 -4.125e-03
5.420e+01 -3.461e-04 -2.196e-03
5.430e+01 -2.943e-04 1.913e-03
5.440e+01 5.045e-06 3.658e-03
5.450e+01 1.068e-03 3.793e-03
5.460e+01 1.535e-03 3.130e-03
5.470e+01 2.470e-03 -3.839e-04
5.480e+01 1.260e-03 -1.442e-03
5.490e+01 1.189e-03 -1.047e-03
5.500e+01 8.462e-04 -2.281e-03
5.510e+01 1.854e-03 -3.048e-03
5.520e+01 1.862e-03 -4.747e-03
5.530e+01 3.019e-03 -2.117e-03
5.540e+01 5.215e-03 -3.470e-03
5.550e+01 2.477e-03 -3.320e-03
5.560e+01 4.139e-03 -5.651e-03
5.570e+01 2.230e-03 -2.401e-03
5.580e+01 2.536e-03 -6.063e-03
5.590e+01 6.796e-03 -9.371e-03
5.600e+01 1.056e-03 -6.419e-04
5.610e+01 3.333e-03 -6.471e-03
5.620e+01 5.769e-03 -9.997e-03
5.630e+01 3.877e-03 -1.275e-02
5.640e+01 -1.426e-03 -5.121e-03
5.650e+01 -3.956e-03 4.194e-04
5.660e+01 -2.094e-03 5.171e-04
5.670e+01 4.664e-03 -6.430e-03
5.680e+01 1.145e-02 -6.943e-03
5.690e+01 9.852e-03 -9.808e-03
5.700e+01 3.365e-03 -7.155e-03
5.710e+01 -2.483e-03 -2.863e-03
5.720e+01 -4.383e-04 -6.873e-04
5.730e+01 3.390e-03 -4.975e-03
5.740e+01 3.572e-03 -5.737e-03
5.750e+01 -1.107e-03 -3.819e-03
5.760e+01 2.949e-03 -7.309e-03
5.770e+01 2.692e-03 -1.014e-02
5.780e+01 7.373e-03 -8.640e-03
5.790e+01 4.861e-03 -4.847e-03
5.800e+01 5.988e-03 -6.574e-03
5.810e+01 -1.740e-03 1.188e-04
5.820e+01 3.678e-03 -6.053e-04
5.830e+01 2.551e-03 3.393e-03
5.840e+01 9.796e-03 -3.290e-03
5.850e+01 2.007e-04 2.645e-03
5.860e+01 -8.251e-04 1.060e-03
5.870e+01 4.908e-03 -5.153e-03
5.880e+01 8.760e-03 -5.230e-04
5.890e+01 2.921e-03 5.274e-03
5.900e+01 2.528e-03 1.207e-03
5.910e+01 9.785e-04 -5.023e-03
5.920e+01 -1.217e-03 1.176e-03
5.930e+01 9.462e-04 2.933e-03
5.940e+01 1.875e-03 3.315e-03
5.950e+01 6.199e-03 1.030e-02
5.960e+01 7.109e-03 2.720e-03
5.970e+01 8.156e-03 4.930e-03
5.980e+01 4.706e-03 3.903e-03
5.990e+01 6.947e-03 4.356e-03
6.000e+01 5.247e-03 4.432e-03
6.010e+01 4.265e-04 1.938e-03
6.020e+01 -5.862e-04 2.228e-03
6.030e+01 5.015e-05 3.042e-03
6.040e+01 1.555e-03 7.059e-03
6.050e+01 3.048e-03 -5.059e-04
6.060e+01 4.132e-03 3.508e-03
6.070e+01 4.286e-03 5.269e-03
6.080e+01 3.387e-03 1.219e-02
6.090e+01 4.612e-03 8.926e-03
6.100e+01 4.505e-03 -5.475e-04
6.110e+01 5.292e-03 6.337e-04
6.120e+01 5.376e-03 6.181e-03
6.130e+01 3.870e-03 3.793e-03
6.140e+01 4.820e-03 6.734e-03
6.150e+01 5.705e-03 4.296e-03
6.160e+01 4.518e-03 4.358e-03
6.170e+01 4.299e-03 5.295e-03
6.180e+01 1.106e-02 6.705e-03
6.190e+01 7.374e-03 4.964e-03
6.200e+01 7.794e-03 2.093e-03
6.210e+01 6.974e-03 3.001e-03
6.220e+01 5.513e-03 4.027e-03
6.230e+01 2.694e-03 5.277e-03
6.240e+01 2.093e-03 4.316e-03
6.250e+01 5.511e-04 7.244e-03
6.260e+01 6.788e-04 6.334e-03
6.270e+01 3.426e-03 1.448e-03
6.280e+01 3.101e-03 2.400e-04
6.290e+01 2.646e-03 1.289e-03
6.300e+01 2.840e-03 2.594e-03
6.310e+01 4.473e-03 1.864e-03
6.320e+01 4.811e-03 8.554e-04
6.330e+01 4.217e-03 -2.022e-03
6.340e+01 3.403e-03 -5.855e-03
6.350e+01 5.279e-03 -2.055e-03
6.360e+01 6.918e-03 -2.590e-03
6.370e+01 6.314e-03 -3.436e-03
6.380e+01 4.960e-03 -9.988e-04
6.390e+01 4.316e-03 8.703e-06
6.400e+01 3.904e-03 1.515e-04
6.410e+01 3.978e-03 3.667e-04
6.420e+01 3.066e-03 1.278e-03
6.430e+01 2.969e-03 7.813e-04
6.440e+01 5.199e-04 -6.946e-04
6.450e+01 7.166e-04 -6.216e-04
6.460e+01 1.025e-03 -1.008e-03
6.470e+01 5.311e-03 -1.642e-03
6.480e+01 4.870e-03 -9.341e-04
6.490e+01 4.196e-03 2.038e-04
6.500e+01 1.298e-03 -3.976e-04
6.510e+01 1.340e-03 2.191e-03
6.520e+01 -1.042e-03 2.742e-04
6.530e+01 2.036e-03 3.092e-03
6.540e+01 5.836e-03 2.823e-03
6.550e+01 4.908e-03 3.937e-03
6.560e+01 2.273e-03 3.256e-03
6.570e+01 7.072e-04 3.971e-03
6.580e+01 2.524e-03 3.437e-03
6.590e+01 1.653e-03 5.348e-03
6.600e+01 3.758e-03 2.567e-03
6.610e+01 1.328e-03 4.104e-03
6.620e+01 2.848e-03 1.630e-03
6.630e+01 3.828e-03 6.054e-03
6.640e+01 5.752e-03 2.356e-03
6.650e+01 6.036e-03 5.022e-03
6.660e+01 4.703e-03 -2.921e-03
6.670e+01 2.305e-03 -3.207e-03
6.680e+01 3.115e-03 2.598e-03
6.690e+01 6.335e-03 4.413e-03
6.700e+01 4.947e-03 7.635e-03
6.710e+01 1.030e-02 5.834e-03
6.720e+01 9.488e-03 3.920e-03
6.730e+01 7.399e-03 2.319e-03
6.740e+01 8.540e-03 2.799e-03
6.750e+01 6.752e-03 3.276e-03
6.760e+01 6.435e-03 1.955e-03
6.770e+01 4.205e-03 2.794e-03
6.780e+01 3.228e-03 1.185e-03
6.790e+01 3.741e-03 1.572e-03
6.800e+01 3.301e-03 3.169e-03
6.810e+01 6.463e-03 7.942e-04
6.820e+01 2.047e-03 2.020e-03
6.830e+01 4.806e-03 1.371e-03
6.840e+01 5.047e-03 2.042e-05
6.850e+01 2.262e-03 -2.555e-03
6.860e+01 1.938e-03 -3.482e-03
6.870e+01 1.638e-03 -3.243e-03
6.880e+01 1.767e-03 -1.751e-03
6.890e+01 2.680e-03 -1.522e-03
6.900e+01 4.902e-03 -4.037e-03
6.910e+01 5.617e-03 -4.885e-03
6.920e+01 9.089e-03 -7.201e-03
6.930e+01 7.873e-03 -7.646e-03
6.940e+01 9.416e-03 -9.424e-03
6.950e+01 8.036e-03 -3.190e-03
6.960e+01 7.294e-03 -2.551e-05
6.970e+01 7.957e-03 -2.498e-03
6.980e+01 8.736e-03 -5.379e-03
6.990e+01 7.861e-03 -2.905e-03
7.000e+01 8.013e-03 -2.200e-03
7.010e+01 7.399e-03 -3.656e-03
7.020e+01 8.469e-03 -2.755e-03
7.030e+01 3.757e-03 -1.627e-03
7.040e+01 4.380e-03 -1.792e-03
7.050e+01 3.074e-03 -9.991e-04
7.060e+01 4.206e-03 -2.632e-03
7.070e+01 5.595e-03 -4.821e-03
7.080e+01 6.340e-03 -3.639e-03
7.090e+01 4.954e-03 -2.425e-03
7.100e+01 1.048e-03 -2.121e-03
7.110e+01 1.423e-03 -3.511e-03
7.120e+01 1.300e-03 -4.158e-03
7.130e+01 2.024e-03 -3.273e-03
7.140e+01 1.608e-03 -4.662e-04
7.150e+01 3.145e-03 -1.102e-03
7.160e+01 3.689e-03 -7.402e-04
7.170e+01 3.171e-03 -1.737e-04
7.180e+01 3.356e-03 -1.100e-04
7.190e+01 2.771e-03 -6.835e-04
7.200e+01 2.683e-03 -5.286e-05
7.210e+01 1.356e-03 1.102e-03
7.220e+01 9.250e-04 3.506e-04
7.230e+01 1.925e-03 -8.623e-04
7.240e+01 1.366e-03 -9.756e-04
7.250e+01 1.330e-03 -1.820e-03
7.260e+01 5.946e-04 -2.473e-03
7.270e+01 1.851e-03 -1.790e-03
7.280e+01 2.022e-03 -5.478e-04
7.290e+01 1.443e-03 -2.280e-04
7.300e+01 1.230e-03 3.744e-04
7.310e+01 1.617e-03 2.103e-03
7.320e+01 2.679e-03 1.013e-03
7.330e+01 1.553e-03 6.312e-04
7.340e+01 2.387e-03 8.133e-04
7.350e+01 1.933e-03 5.074e-04
7.360e+01 1.436e-03 8.553e-04
7.370e+01 2.646e-03 -4.111e-04
7.380e+01 1.836e-03 -1.093e-03
7.390e+01 2.108e-03 -3.090e-04
7.400e+01 1.499e-03 -1.207e-03
7.410e+01 1.161e-03 -5.815e-04
7.420e+01 1.816e-03 -6.234e-04
7.430e+01 2.613e-03 -4.780e-04
7.440e+01 2.676e-03 1.041e-03
7.450e+01 2.473e-03 3.447e-03
7.460e+01 3.033e-03 1.712e-03
7.470e+01 3.572e-03 7.255e-04
7.480e+01 2.813e-03 3.331e-04
7.490e+01 2.898e-03 1.873e-03
7.500e+01 3.451e-03 9.774e-04
7.510e+01 2.290e-03 1.091e-03
7.520e+01 2.121e-03 -4.541e-04
7.530e+01 1.895e-03 1.344e-03
7.540e+01 1.236e-03 2.195e-03
7.550e+01 2.282e-03 1.564e-03
7.560e+01 1.908e-03 3.323e-04
7.570e+01 1.082e-03 1.908e-04
7.580e+01 1.453e-03 -3.358e-04
7.590e+01 7.508e-04 -1.576e-03
7.600e+01 2.028e-03 -1.478e-03
7.610e+01 1.533e-03 -8.057e-06
7.620e+01 -1.836e-04 5.415e-04
7.630e+01 -1.275e-03 1.618e-03
7.640e+01 -7.804e-04 1.267e-03
7.650e+01 -1.201e-03 2.332e-03
7.660e+01 -1.555e-03 2.828e-03
7.670e+01 -4.221e-04 3.808e-03
7.680e+01 -1.237e-05 2.598e-03
7.690e+01 -3.399e-04 3.151e-03
7.700e+01 -2.769e-04 3.448e-03
7.710e+01 -2.916e-04 3.515e-03
7.720e+01 2.438e-04 4.431e-03
7.730e+01 -4.263e-04 4.785e-03
7.740e+01 -3.209e-04 2.395e-03
7.750e+01 -6.056e-04 3.201e-03
7.760e+01 -3.211e-04 2.225e-03
7.770e+01 -8.947e-05 2.382e-03
7.780e+01 -2.610e-04 1.794e-03
7.790e+01 7.050e-05 1.737e-03
7.800e+01 -5.496e-04 1.881e-03
7.810e+01 8.009e-05 3.009e-03
7.820e+01 4.366e-04 3.066e-03
7.830e+01 -3.913e-04 2.902e-03
7.840e+01 -4.846e-04 2.564e-03
7.850e+01 -5.813e-04 2.886e-03
7.860e+01 -6.525e-04 3.250e-03
7.870e+01 -7.015e-04 3.096e-03
7.880e+01 -1.046e-04 3.577e-03
7.890e+01 -5.903e-05 4.474e-03
7.900e+01 6.432e-04 3.267e-03
7.910e+01 9.716e-05 4.133e-03
7.920e+01 -6.192e-04 4.282e-03
7.930e+01 -2.415e-03 4.427e-03
7.940e+01 -2.407e-03 3.551e-03
7.950e+01 -2.716e-03 3.246e-03
7.960e+01 -4.074e-04 2.597e-03
7.970e+01 1.250e-03 3.747e-03
7.980e+01 -1.625e-04 3.389e-03
7.990e+01 -2.214e-05 3.987e-03
8.000e+01 1.040e-03 6.207e-03
8.010e+01 -2.833e-04 4.991e-03
8.020e+01 -1.911e-03 5.509e-03
8.030e+01 -7.996e-04 5.188e-03
8.040e+01 1.617e-04 5.760e-03
8.050e+01 3.298e-04 4.938e-03
8.060e+01 2.381e-04 2.988e-03
8.070e+01 -1.119e-03 2.242e-03
8.080e+01 -1.943e-03 2.611e-03
8.090e+01 -3.294e-03 1.758e-03
8.100e+01 -1.605e-04 2.920e-04
8.110e+01 -2.987e-04 -1.500e-03
8.120e+01 5.251e-04 -1.491e-03
8.130e+01 6.547e-04 -1.118e-04
8.140e+01 1.447e-03 1.035e-03
8.150e+01 -7.425e-05 -1.015e-03
8.160e+01 1.176e-04 -8.827e-04
8.170e+01 -5.636e-04 2.916e-04
8.180e+01 1.830e-04 -1.004e-05
8.190e+01 -2.006e-03 -5.783e-04
8.200e+01 -8.058e-04 -1.326e-03
8.210e+01 1.029e-03 -4.298e-03
8.220e+01 5.225e-04 -3.502e-03
8.230e+01 -4.820e-04 -2.932e-03
8.240e+01 -6.944e-04 -1.834e-03
8.250e+01 -2.644e-04 -1.779e-03
8.260e+01 9.916e-04 -2.609e-03
8.270e+01 -2.606e-04 -1.808e-03
8.280e+01 -2.681e-05 -7.434e-04
8.290e+01 -1.214e-03 1.022e-03
8.300e+01 -4.919e-03 3.417e-03
8.310e+01 -1.413e-03 1.909e-03
8.320e+01 -6.501e-04 3.807e-03
8.330e+01 -1.946e-03 4.449e-03
8.340e+01 -4.162e-03 3.416e-03
8.350e+01 -9.625e-04 -1.347e-03
8.360e+01 -1.788e-03 -1.521e-03
8.370e+01 -4.435e-03 -5.717e-04
8.380e+01 -2.712e-03 3.729e-03
8.390e+01 -1.739e-03 -1.002e-03
8.400e+01 -1.711e-03 -3.404e-03
8.410e+01 -1.655e-03 -3.029e-03
8.420e+01 -2.162e-04 -4.019e-04
8.430e+01 -1.886e-04 1.222e-03
8.440e+01 -1.325e-03 1.934e-03
8.450e+01 -3.819e-04 3.138e-03
8.460e+01 -1.719e-03 2.578e-03
8.470e+01 -2.867e-03 9.330e-04
8.480e+01 -2.267e-03 1.087e-03
8.490e+01 -3.374e-03 5.527e-04
8.500e+01 -4.003e-03 1.047e-03
8.510e+01 -2.417e-03 2.742e-04
8.520e+01 -1.361e-03 -1.356e-03
8.530e+01 -1.623e-03 -2.624e-04
8.540e+01 -1.211e-03 -1.325e-03
8.550e+01 -1.244e-03 -8.991e-04
8.560e+01 -1.792e-03 -9.208e-04
8.570e+01 -1.950e-03 -2.399e-03
8.580e+01 -6.888e-04 -3.012e-03
8.590e+01 -1.159e-03 -1.997e-03
8.600e+01 -1.287e-03 -1.038e-03
8.610e+01 2.414e-04 -2.920e-04
8.620e+01 2.122e-04 8.469e-04
8.630e+01 -6.019e-04 1.458e-03
8.640e+01 -1.162e-03 1.208e-03
8.650e+01 -1.264e-03 -1.285e-03
8.660e+01 -1.102e-03 -1.135e-03
8.670e+01 -7.776e-04 2.985e-04
8.680e+01 -1.356e-03 -3.300e-04
8.690e+01 -6.778e-04 -2.191e-04
8.700e+01 -1.149e-03 -3.792e-04
8.710e+01 -5.783e-04 -3.442e-04
8.720e+01 -6.485e-04 -8.593e-04
8.730e+01 2.338e-04 -1.246e-03
8.740e+01 3.727e-04 -9.301e-04
8.750e+01 5.075e-04 -4.657e-04
8.760e+01 5.900e-05 -8.461e-05
8.770e+01 -7.926e-04 1.278e-03
8.780e+01 -5.118e-04 1.260e-03
8.790e+01 1.112e-03 9.993e-04
8.800e+01 4.688e-04 -1.788e-04
8.810e+01 8.810e-04 4.194e-04
8.820e+01 3.859e-04 -8.146e-04
8.830e+01 -6.696e-04 -4.684e-05
8.840e+01 -1.057e-03 3.860e-04
8.850e+01 -1.137e-03 4.372e-04
8.860e+01 -4.217e-04 -2.471e-04
8.870e+01 1.114e-03 7.982e-04
8.880e+01 4.242e-04 4.242e-04
8.890e+01 3.795e-04 1.035e-03
8.900e+01 -4.127e-04 1.047e-03
8.910e+01 -5.763e-04 9.695e-04
8.920e+01 3.115e-04 2.460e-03
8.930e+01 -1.234e-04 2.535e-03
8.940e+01 -1.528e-04 2.327e-03
8.950e+01 5.051e-04 1.126e-03
8.960e+01 4.861e-04 5.220e-04
8.970e+01 7.758e-04 6.691e-04
8.980e+01 5.435e-04 2.701e-04
8.990e+01 2.530e-04 -1.694e-04
9.000e+01 -2.092e-04 -3.382e-04
9.010e+01 -4.385e-04 -8.484e-04
9.020e+01 -5.093e-04 3.809e-04
9.030e+01 -6.257e-04 1.965e-04
9.040e+01 3.836e-04 3.534e-04
9.050e+01 2.420e-05 4.824e-04
9.060e+01 -1.800e-04 9.536e-05
9.070e+01 -1.171e-04 2.075e-04
9.080e+01 -4.184e-04 -1.464e-05
9.090e+01 -2.180e-04 -1.882e-04
9.100e+01 3.110e-04 -6.142e-04
9.110e+01 5.478e-05 -1.745e-05
9.120e+01 6.935e-04 -3.277e-04
9.130e+01 2.623e-04 -3.001e-04
9.140e+01 5.768e-05 1.098e-04
9.150e+01 7.439e-04 -9.519e-06
9.160e+01 2.111e-04 2.421e-04
9.170e+01 -4.086e-04 -1.757e-04
9.180e+01 3.568e-04 -1.210e-03
9.190e+01 -7.495e-04 -1.528e-04
9.200e+01 -5.433e-04 -8.296e-04
9.210e+01 9.449e-05 -3.341e-04
9.220e+01 -1.856e-04 -1.074e-03
9.230e+01 8.176e-04 -6.236e-04
9.240e+01 -7.998e-06 -1.296e-03
9.250e+01 4.768e-04 -6.404e-04
9.260e+01 1.170e-03 -3.294e-04
9.270e+01 7.717e-04 -3.390e-04
9.280e+01 9.909e-04 -8.343e-04
9.290e+01 9.054e-04 -3.273e-04
9.300e+01 8.021e-04 1.268e-04
9.310e+01 8.681e-04 6.823e-05
9.320e+01 1.269e-03 -2.329e-04
9.330e+01 1.696e-03 -2.424e-04
9.340e+01 1.454e-03 -3.949e-04
9.350e+01 2.056e-03 -8.473e-05
9.360e+01 2.161e-03 2.036e-04
9.370e+01 2.079e-03 -1.117e-04
9.380e+01 1.526e-03 1.056e-04
9.390e+01 1.662e-03 2.401e-04
9.400e+01 1.902e-03 6.817e-04
9.410e+01 2.360e-03 3.153e-04
9.420e+01 1.671e-03 3.022e-04
9.430e+01 1.961e-03 4.879e-04
9.440e+01 9.033e-04 4.449e-04
9.450e+01 8.819e-04 5.059e-04
9.460e+01 1.023e-03 1.491e-03
9.470e+01 8.829e-04 1.558e-03
9.480e+01 1.129e-03 6.958e-04
9.490e+01 1.149e-03 3.702e-06
9.500e+01 7.354e-04 1.762e-06
9.510e+01 5.487e-04 -6.159e-04
9.520e+01 6.486e-05 -1.771e-04
9.530e+01 2.931e-04 -1.312e-03
9.540e+01 1.421e-04 -1.313e-03
9.550e+01 -2.918e-04 -2.044e-03
9.560e+01 6.701e-05 -1.806e-03
9.570e+01 2.450e-04 -2.053e-03
9.580e+01 1.172e-03 -9.116e-04
9.590e+01 8.995e-04 -1.788e-03
9.600e+01 -1.250e-05 -3.604e-03
9.610e+01 5.027e-04 -1.672e-03
9.620e+01 6.337e-04 -1.722e-03
9.630e+01 2.720e-04 -2.171e-03
9.640e+01 4.228e-04 -2.383e-03
9.650e+01 7.495e-04 -2.182e-03
9.660e+01 5.262e-04 -1.982e-03
9.670e+01 -4.031e-04 -7.567e-04
9.680e+01 1.863e-04 -6.646e-04
9.690e+01 1.893e-04 -9.834e-04
9.700e+01 8.114e-04 -1.362e-03
9.710e+01 1.345e-03 -6.724e-04
9.720e+01 6.940e-04 6.239e-05
9.730e+01 4.773e-04 -2.636e-04
9.740e+01 5.185e-04 -8.497e-04
9.750e+01 1.251e-04 -1.319e-03
9.760e+01 2.026e-04 -1.209e-03
9.770e+01 4.489e-04 -8.913e-04
9.780e+01 9.430e-04 -1.167e-03
9.790e+01 5.254e-04 -8.823e-04
9.800e+01 7.133e-04 -1.299e-03
9.810e+01 2.379e-04 -4.434e-04
9.820e+01 -8.025e-05 -3.833e-04
9.830e+01 -3.165e-04 -9.024e-04
9.840e+01 -2.467e-04 -6.111e-04
9.850e+01 2.873e-04 -1.393e-03
9.860e+01 -2.818e-04 -9.570e-04
9.870e+01 -5.588e-04 -1.411e-03
9.880e+01 -2.919e-04 -1.733e-03
9.890e+01 -3.629e-04 -1.612e-03
9.900e+01 1.619e-04 -2.520e-03
9.910e+01 6.735e-04 -2.047e-03
9.920e+01 1.213e-03 -1.896e-03
9.930e+01 9.964e-04 -2.105e-03
9.940e+01 5.877e-04 -1.762e-03
9.950e+01 3.971e-04 -2.227e-03
9.960e+01 1.072e-03 -1.696e-03
9.970e+01 6.946e-04 -1.725e-03
9.980e+01 1.251e-03 -8.354e-04
9.990e+01 2.114e-03 -5.744e-04
