# Frequency (1.0/ps)      real(fft(F_1))
0.000e+00 2.952e+01
1.000e-02 2.124e+01
2.000e-02 2.114e+01
3.000e-02 1.737e+01
4.000e-02 1.579e+01
5.000e-02 1.267e+01
6.000e-02 1.145e+01
7.000e-02 9.437e+00
8.000e-02 9.198e+00
9.000e-02 7.716e+00
1.000e-01 7.196e+00
1.100e-01 6.945e+00
1.200e-01 5.915e+00
1.300e-01 4.551e+00
1.400e-01 3.673e+00
1.500e-01 3.702e+00
1.600e-01 4.533e+00
1.700e-01 4.714e+00
1.800e-01 4.331e+00
1.900e-01 3.499e+00
2.000e-01 2.996e+00
2.100e-01 2.837e+00
2.200e-01 2.402e+00
2.300e-01 2.155e+00
2.400e-01 1.868e+00
2.500e-01 2.118e+00
2.600e-01 9.988e-01
2.700e-01 1.851e+00
2.800e-01 1.621e+00
2.900e-01 1.975e+00
3.000e-01 1.068e+00
3.100e-01 1.482e+00
3.200e-01 1.602e+00
3.300e-01 2.306e+00
3.400e-01 2.153e+00
3.500e-01 2.689e+00
3.600e-01 2.976e+00
3.700e-01 2.721e+00
3.800e-01 1.875e+00
3.900e-01 1.892e+00
4.000e-01 2.131e+00
4.100e-01 1.317e+00
4.200e-01 1.200e+00
4.300e-01 1.659e+00
4.400e-01 1.811e+00
4.500e-01 2.002e+00
4.600e-01 1.804e+00
4.700e-01 1.578e+00
4.800e-01 9.393e-01
4.900e-01 3.353e-01
5.000e-01 7.109e-01
5.100e-01 7.522e-01
5.200e-01 1.410e+00
5.300e-01 1.412e+00
5.400e-01 1.402e+00
5.500e-01 1.430e+00
5.600e-01 8.423e-01
5.700e-01 4.787e-01
5.800e-01 -9.924e-02
5.900e-01 8.345e-02
6.000e-01 4.690e-03
6.100e-01 4.142e-01
6.200e-01 6.637e-01
6.300e-01 1.056e+00
6.400e-01 8.482e-01
6.500e-01 6.737e-01
6.600e-01 1.388e-01
6.700e-01 -5.140e-02
6.800e-01 -4.433e-01
6.900e-01 -9.034e-02
7.000e-01 3.297e-01
7.100e-01 7.046e-01
7.200e-01 6.919e-01
7.300e-01 5.970e-01
7.400e-01 4.671e-01
7.500e-01 2.955e-01
7.600e-01 3.970e-01
7.700e-01 3.471e-01
7.800e-01 -1.270e-01
7.900e-01 5.635e-01
8.000e-01 5.659e-01
8.100e-01 9.175e-01
8.200e-01 9.637e-01
8.300e-01 1.030e+00
8.400e-01 8.011e-01
8.500e-01 6.738e-01
8.600e-01 4.719e-01
8.700e-01 1.706e-01
8.800e-01 5.523e-02
8.900e-01 4.702e-02
9.000e-01 4.013e-01
9.100e-01 9.123e-01
9.200e-01 9.186e-01
9.300e-01 1.114e+00
9.400e-01 9.476e-01
9.500e-01 7.745e-01
9.600e-01 3.346e-01
9.700e-01 2.808e-01
9.800e-01 2.570e-01
9.900e-01 7.283e-01
1.000e+00 7.805e-01
1.010e+00 9.109e-01
1.020e+00 1.153e+00
1.030e+00 1.077e+00
1.040e+00 5.760e-01
1.050e+00 4.063e-01
1.060e+00 4.164e-01
1.070e+00 4.909e-01
1.080e+00 4.033e-01
1.090e+00 6.216e-01
1.100e+00 5.918e-01
1.110e+00 4.772e-01
1.120e+00 4.761e-01
1.130e+00 5.962e-01
1.140e+00 7.130e-01
1.150e+00 7.260e-01
1.160e+00 9.068e-01
1.170e+00 6.758e-01
1.180e+00 5.843e-01
1.190e+00 8.241e-01
1.200e+00 8.365e-01
1.210e+00 9.229e-01
1.220e+00 7.307e-01
1.230e+00 4.867e-01
1.240e+00 2.690e-01
1.250e+00 5.112e-01
1.260e+00 5.888e-01
1.270e+00 4.837e-01
1.280e+00 5.357e-01
1.290e+00 3.386e-01
1.300e+00 4.578e-01
1.310e+00 2.786e-01
1.320e+00 5.259e-01
1.330e+00 4.009e-01
1.340e+00 5.379e-01
1.350e+00 8.036e-01
1.360e+00 1.120e+00
1.370e+00 8.407e-01
1.380e+00 6.923e-01
1.390e+00 5.123e-01
1.400e+00 5.441e-01
1.410e+00 4.848e-01
1.420e+00 5.726e-01
1.430e+00 5.118e-01
1.440e+00 4.613e-01
1.450e+00 5.011e-01
1.460e+00 4.885e-01
1.470e+00 4.817e-01
1.480e+00 2.326e-01
1.490e+00 1.096e-01
1.500e+00 3.571e-01
1.510e+00 5.761e-01
1.520e+00 7.426e-01
1.530e+00 8.936e-01
1.540e+00 7.146e-01
1.550e+00 5.920e-01
1.560e+00 5.124e-01
1.570e+00 5.519e-01
1.580e+00 8.155e-01
1.590e+00 8.596e-01
1.600e+00 1.088e+00
1.610e+00 1.027e+00
1.620e+00 1.097e+00
1.630e+00 1.001e+00
1.640e+00 1.082e+00
1.650e+00 8.212e-01
1.660e+00 5.323e-01
1.670e+00 7.554e-01
1.680e+00 8.421e-01
1.690e+00 7.559e-01
1.700e+00 8.534e-01
1.710e+00 8.907e-01
1.720e+00 5.016e-01
1.730e+00 7.180e-01
1.740e+00 4.902e-01
1.750e+00 5.616e-01
1.760e+00 4.445e-01
1.770e+00 6.384e-01
1.780e+00 6.387e-01
1.790e+00 5.807e-01
1.800e+00 6.782e-01
1.810e+00 7.155e-01
1.820e+00 7.258e-01
1.830e+00 8.196e-01
1.840e+00 9.192e-01
1.850e+00 9.805e-01
1.860e+00 7.537e-01
1.870e+00 5.642e-01
1.880e+00 5.444e-01
1.890e+00 3.705e-01
1.900e+00 5.365e-01
1.910e+00 4.075e-01
1.920e+00 6.582e-01
1.930e+00 5.566e-01
1.940e+00 5.087e-01
1.950e+00 7.157e-01
1.960e+00 7.141e-01
1.970e+00 7.511e-01
1.980e+00 7.553e-01
1.990e+00 8.537e-01
2.000e+00 6.734e-01
2.010e+00 7.270e-01
2.020e+00 7.412e-01
2.030e+00 4.584e-01
2.040e+00 5.990e-01
2.050e+00 5.486e-01
2.060e+00 4.964e-01
2.070e+00 5.535e-01
2.080e+00 4.752e-01
2.090e+00 8.612e-01
2.100e+00 5.697e-01
2.110e+00 7.556e-01
2.120e+00 4.215e-01
2.130e+00 6.507e-01
2.140e+00 4.456e-01
2.150e+00 2.818e-01
2.160e+00 5.186e-01
2.170e+00 4.136e-01
2.180e+00 3.182e-01
2.190e+00 3.871e-01
2.200e+00 3.019e-01
2.210e+00 1.749e-01
2.220e+00 4.538e-01
2.230e+00 6.219e-01
2.240e+00 4.662e-01
2.250e+00 3.826e-01
2.260e+00 4.475e-01
2.270e+00 1.738e-01
2.280e+00 1.759e-01
2.290e+00 2.637e-01
2.300e+00 2.465e-01
2.310e+00 4.895e-01
2.320e+00 7.315e-01
2.330e+00 7.371e-01
2.340e+00 8.387e-01
2.350e+00 7.483e-01
2.360e+00 8.506e-01
2.370e+00 6.260e-01
2.380e+00 6.112e-01
2.390e+00 5.555e-01
2.400e+00 7.471e-01
2.410e+00 6.647e-01
2.420e+00 8.031e-01
2.430e+00 1.046e+00
2.440e+00 9.698e-01
2.450e+00 8.465e-01
2.460e+00 7.282e-01
2.470e+00 7.610e-01
2.480e+00 4.232e-01
2.490e+00 4.128e-01
2.500e+00 4.793e-01
2.510e+00 5.238e-01
2.520e+00 6.204e-01
2.530e+00 7.489e-01
2.540e+00 7.586e-01
2.550e+00 8.773e-01
2.560e+00 6.858e-01
2.570e+00 7.142e-01
2.580e+00 6.083e-01
2.590e+00 5.911e-01
2.600e+00 5.132e-01
2.610e+00 4.787e-01
2.620e+00 7.026e-01
2.630e+00 7.127e-01
2.640e+00 7.914e-01
2.650e+00 7.232e-01
2.660e+00 7.936e-01
2.670e+00 9.144e-01
2.680e+00 7.965e-01
2.690e+00 7.360e-01
2.700e+00 6.634e-01
2.710e+00 5.119e-01
2.720e+00 5.364e-01
2.730e+00 4.044e-01
2.740e+00 5.232e-01
2.750e+00 6.840e-01
2.760e+00 7.491e-01
2.770e+00 7.481e-01
2.780e+00 6.652e-01
2.790e+00 6.192e-01
2.800e+00 5.188e-01
2.810e+00 4.225e-01
2.820e+00 5.855e-01
2.830e+00 5.568e-01
2.840e+00 6.971e-01
2.850e+00 5.606e-01
2.860e+00 5.698e-01
2.870e+00 4.746e-01
2.880e+00 5.690e-01
2.890e+00 5.447e-01
2.900e+00 4.781e-01
2.910e+00 6.554e-01
2.920e+00 5.134e-01
2.930e+00 4.238e-01
2.940e+00 2.701e-01
2.950e+00 3.463e-01
2.960e+00 5.161e-01
2.970e+00 5.607e-01
2.980e+00 5.919e-01
2.990e+00 5.756e-01
3.000e+00 5.061e-01
3.010e+00 5.830e-01
3.020e+00 4.548e-01
3.030e+00 5.798e-01
3.040e+00 6.254e-01
3.050e+00 6.758e-01
3.060e+00 6.524e-01
3.070e+00 6.852e-01
3.080e+00 7.468e-01
3.090e+00 7.288e-01
3.100e+00 8.008e-01
3.110e+00 5.148e-01
3.120e+00 5.196e-01
3.130e+00 4.131e-01
3.140e+00 4.339e-01
3.150e+00 6.791e-01
3.160e+00 7.689e-01
3.170e+00 6.945e-01
3.180e+00 6.364e-01
3.190e+00 6.228e-01
3.200e+00 5.480e-01
3.210e+00 4.655e-01
3.220e+00 4.994e-01
3.230e+00 4.134e-01
3.240e+00 3.896e-01
3.250e+00 4.608e-01
3.260e+00 4.455e-01
3.270e+00 5.664e-01
3.280e+00 4.797e-01
3.290e+00 4.562e-01
3.300e+00 4.243e-01
3.310e+00 4.804e-01
3.320e+00 5.289e-01
3.330e+00 5.886e-01
3.340e+00 6.869e-01
3.350e+00 6.778e-01
3.360e+00 5.637e-01
3.370e+00 4.676e-01
3.380e+00 3.865e-01
3.390e+00 2.949e-01
3.400e+00 5.398e-01
3.410e+00 6.048e-01
3.420e+00 6.219e-01
3.430e+00 5.750e-01
3.440e+00 5.527e-01
3.450e+00 6.511e-01
3.460e+00 4.040e-01
3.470e+00 5.113e-01
3.480e+00 4.300e-01
3.490e+00 5.068e-01
3.500e+00 4.278e-01
3.510e+00 5.935e-01
3.520e+00 8.030e-01
3.530e+00 7.073e-01
3.540e+00 6.372e-01
3.550e+00 5.023e-01
3.560e+00 5.252e-01
3.570e+00 5.268e-01
3.580e+00 5.644e-01
3.590e+00 6.433e-01
3.600e+00 7.767e-01
3.610e+00 8.267e-01
3.620e+00 8.593e-01
3.630e+00 7.729e-01
3.640e+00 6.839e-01
3.650e+00 5.946e-01
3.660e+00 5.298e-01
3.670e+00 4.722e-01
3.680e+00 4.353e-01
3.690e+00 3.205e-01
3.700e+00 4.796e-01
3.710e+00 5.017e-01
3.720e+00 5.378e-01
3.730e+00 3.588e-01
3.740e+00 4.752e-01
3.750e+00 4.519e-01
3.760e+00 4.146e-01
3.770e+00 4.240e-01
3.780e+00 3.699e-01
3.790e+00 3.213e-01
3.800e+00 3.655e-01
3.810e+00 5.015e-01
3.820e+00 5.837e-01
3.830e+00 5.244e-01
3.840e+00 4.770e-01
3.850e+00 4.779e-01
3.860e+00 6.094e-01
3.870e+00 6.713e-01
3.880e+00 7.373e-01
3.890e+00 6.513e-01
3.900e+00 5.903e-01
3.910e+00 6.424e-01
3.920e+00 6.365e-01
3.930e+00 7.271e-01
3.940e+00 9.117e-01
3.950e+00 1.092e+00
3.960e+00 1.010e+00
3.970e+00 9.759e-01
3.980e+00 7.785e-01
3.990e+00 8.319e-01
4.000e+00 7.155e-01
4.010e+00 6.188e-01
4.020e+00 5.464e-01
4.030e+00 5.400e-01
4.040e+00 6.039e-01
4.050e+00 6.291e-01
4.060e+00 5.786e-01
4.070e+00 5.721e-01
4.080e+00 6.020e-01
4.090e+00 5.195e-01
4.100e+00 5.083e-01
4.110e+00 6.864e-01
4.120e+00 7.187e-01
4.130e+00 7.559e-01
4.140e+00 8.177e-01
4.150e+00 7.532e-01
4.160e+00 6.759e-01
4.170e+00 8.135e-01
4.180e+00 8.379e-01
4.190e+00 7.708e-01
4.200e+00 6.941e-01
4.210e+00 5.716e-01
4.220e+00 5.150e-01
4.230e+00 4.787e-01
4.240e+00 5.544e-01
4.250e+00 4.149e-01
4.260e+00 5.100e-01
4.270e+00 3.281e-01
4.280e+00 2.424e-01
4.290e+00 4.373e-01
4.300e+00 3.377e-01
4.310e+00 3.803e-01
4.320e+00 4.945e-01
4.330e+00 5.985e-01
4.340e+00 5.137e-01
4.350e+00 5.872e-01
4.360e+00 6.736e-01
4.370e+00 7.290e-01
4.380e+00 7.062e-01
4.390e+00 7.807e-01
4.400e+00 7.018e-01
4.410e+00 6.953e-01
4.420e+00 7.925e-01
4.430e+00 6.768e-01
4.440e+00 6.199e-01
4.450e+00 5.442e-01
4.460e+00 5.096e-01
4.470e+00 6.195e-01
4.480e+00 7.548e-01
4.490e+00 6.350e-01
4.500e+00 7.185e-01
4.510e+00 7.102e-01
4.520e+00 8.384e-01
4.530e+00 8.013e-01
4.540e+00 7.241e-01
4.550e+00 6.128e-01
4.560e+00 6.654e-01
4.570e+00 4.655e-01
4.580e+00 6.066e-01
4.590e+00 4.983e-01
4.600e+00 6.815e-01
4.610e+00 6.624e-01
4.620e+00 6.325e-01
4.630e+00 5.450e-01
4.640e+00 6.683e-01
4.650e+00 6.899e-01
4.660e+00 7.364e-01
4.670e+00 8.034e-01
4.680e+00 5.567e-01
4.690e+00 6.743e-01
4.700e+00 5.209e-01
4.710e+00 5.487e-01
4.720e+00 5.607e-01
4.730e+00 5.215e-01
4.740e+00 5.147e-01
4.750e+00 3.936e-01
4.760e+00 6.093e-01
4.770e+00 4.655e-01
4.780e+00 3.833e-01
4.790e+00 5.306e-01
4.800e+00 7.635e-01
4.810e+00 7.238e-01
4.820e+00 6.544e-01
4.830e+00 6.461e-01
4.840e+00 6.881e-01
4.850e+00 7.077e-01
4.860e+00 8.286e-01
4.870e+00 6.225e-01
4.880e+00 5.308e-01
4.890e+00 5.447e-01
4.900e+00 4.572e-01
4.910e+00 4.219e-01
4.920e+00 4.722e-01
4.930e+00 4.504e-01
4.940e+00 4.498e-01
4.950e+00 4.905e-01
4.960e+00 4.392e-01
4.970e+00 4.944e-01
4.980e+00 5.966e-01
4.990e+00 6.078e-01
-5.000e+00 7.570e-01
-4.990e+00 7.616e-01
-4.980e+00 8.352e-01
-4.970e+00 6.980e-01
-4.960e+00 6.942e-01
-4.950e+00 6.228e-01
-4.940e+00 4.903e-01
-4.930e+00 4.362e-01
-4.920e+00 6.346e-01
-4.910e+00 6.181e-01
-4.900e+00 7.460e-01
-4.890e+00 5.258e-01
-4.880e+00 5.803e-01
-4.870e+00 4.814e-01
-4.860e+00 5.026e-01
-4.850e+00 4.312e-01
-4.840e+00 3.485e-01
-4.830e+00 3.117e-01
-4.820e+00 4.247e-01
-4.810e+00 5.806e-01
-4.800e+00 7.638e-01
-4.790e+00 7.586e-01
-4.780e+00 7.484e-01
-4.770e+00 6.787e-01
-4.760e+00 6.153e-01
-4.750e+00 4.030e-01
-4.740e+00 3.351e-01
-4.730e+00 3.899e-01
-4.720e+00 3.932e-01
-4.710e+00 4.351e-01
-4.700e+00 3.601e-01
-4.690e+00 4.493e-01
-4.680e+00 4.808e-01
-4.670e+00 5.165e-01
-4.660e+00 5.442e-01
-4.650e+00 4.183e-01
-4.640e+00 4.533e-01
-4.630e+00 4.240e-01
-4.620e+00 5.790e-01
-4.610e+00 5.080e-01
-4.600e+00 5.532e-01
-4.590e+00 5.648e-01
-4.580e+00 6.587e-01
-4.570e+00 5.769e-01
-4.560e+00 5.020e-01
-4.550e+00 4.967e-01
-4.540e+00 3.371e-01
-4.530e+00 4.498e-01
-4.520e+00 5.668e-01
-4.510e+00 5.646e-01
-4.500e+00 6.156e-01
-4.490e+00 6.623e-01
-4.480e+00 6.453e-01
-4.470e+00 6.414e-01
-4.460e+00 6.431e-01
-4.450e+00 7.006e-01
-4.440e+00 6.987e-01
-4.430e+00 7.259e-01
-4.420e+00 7.299e-01
-4.410e+00 6.722e-01
-4.400e+00 7.484e-01
-4.390e+00 7.955e-01
-4.380e+00 7.300e-01
-4.370e+00 7.467e-01
-4.360e+00 6.894e-01
-4.350e+00 7.547e-01
-4.340e+00 5.200e-01
-4.330e+00 5.472e-01
-4.320e+00 4.532e-01
-4.310e+00 4.429e-01
-4.300e+00 4.378e-01
-4.290e+00 4.443e-01
-4.280e+00 4.522e-01
-4.270e+00 3.619e-01
-4.260e+00 3.349e-01
-4.250e+00 5.251e-01
-4.240e+00 4.409e-01
-4.230e+00 5.710e-01
-4.220e+00 4.259e-01
-4.210e+00 4.129e-01
-4.200e+00 3.909e-01
-4.190e+00 5.130e-01
-4.180e+00 4.719e-01
-4.170e+00 5.477e-01
-4.160e+00 5.378e-01
-4.150e+00 5.786e-01
-4.140e+00 4.939e-01
-4.130e+00 6.074e-01
-4.120e+00 6.022e-01
-4.110e+00 6.397e-01
-4.100e+00 7.575e-01
-4.090e+00 6.544e-01
-4.080e+00 5.992e-01
-4.070e+00 4.493e-01
-4.060e+00 4.684e-01
-4.050e+00 4.368e-01
-4.040e+00 4.903e-01
-4.030e+00 6.155e-01
-4.020e+00 6.548e-01
-4.010e+00 6.743e-01
-4.000e+00 5.853e-01
-3.990e+00 6.637e-01
-3.980e+00 5.663e-01
-3.970e+00 5.257e-01
-3.960e+00 5.486e-01
-3.950e+00 5.729e-01
-3.940e+00 5.277e-01
-3.930e+00 5.113e-01
-3.920e+00 5.423e-01
-3.910e+00 3.862e-01
-3.900e+00 3.370e-01
-3.890e+00 4.169e-01
-3.880e+00 4.797e-01
-3.870e+00 5.372e-01
-3.860e+00 7.100e-01
-3.850e+00 6.862e-01
-3.840e+00 6.899e-01
-3.830e+00 6.812e-01
-3.820e+00 6.595e-01
-3.810e+00 6.246e-01
-3.800e+00 6.800e-01
-3.790e+00 4.342e-01
-3.780e+00 2.085e-01
-3.770e+00 1.850e-01
-3.760e+00 3.423e-01
-3.750e+00 4.130e-01
-3.740e+00 5.601e-01
-3.730e+00 4.936e-01
-3.720e+00 6.761e-01
-3.710e+00 5.290e-01
-3.700e+00 5.061e-01
-3.690e+00 3.646e-01
-3.680e+00 4.011e-01
-3.670e+00 4.266e-01
-3.660e+00 4.743e-01
-3.650e+00 4.532e-01
-3.640e+00 4.520e-01
-3.630e+00 4.945e-01
-3.620e+00 4.348e-01
-3.610e+00 4.449e-01
-3.600e+00 4.609e-01
-3.590e+00 4.982e-01
-3.580e+00 6.298e-01
-3.570e+00 5.709e-01
-3.560e+00 6.790e-01
-3.550e+00 6.088e-01
-3.540e+00 6.284e-01
-3.530e+00 5.141e-01
-3.520e+00 6.103e-01
-3.510e+00 7.741e-01
-3.500e+00 7.014e-01
-3.490e+00 7.953e-01
-3.480e+00 8.932e-01
-3.470e+00 9.567e-01
-3.460e+00 7.512e-01
-3.450e+00 6.658e-01
-3.440e+00 6.306e-01
-3.430e+00 6.690e-01
-3.420e+00 5.571e-01
-3.410e+00 6.779e-01
-3.400e+00 6.198e-01
-3.390e+00 6.665e-01
-3.380e+00 6.056e-01
-3.370e+00 6.395e-01
-3.360e+00 4.953e-01
-3.350e+00 5.582e-01
-3.340e+00 5.827e-01
-3.330e+00 5.678e-01
-3.320e+00 5.679e-01
-3.310e+00 6.106e-01
-3.300e+00 7.151e-01
-3.290e+00 5.971e-01
-3.280e+00 3.790e-01
-3.270e+00 3.880e-01
-3.260e+00 2.863e-01
-3.250e+00 3.731e-01
-3.240e+00 4.309e-01
-3.230e+00 4.295e-01
-3.220e+00 5.698e-01
-3.210e+00 4.023e-01
-3.200e+00 5.112e-01
-3.190e+00 5.472e-01
-3.180e+00 3.382e-01
-3.170e+00 3.166e-01
-3.160e+00 1.242e-01
-3.150e+00 1.757e-01
-3.140e+00 2.135e-01
-3.130e+00 3.712e-01
-3.120e+00 3.290e-01
-3.110e+00 4.626e-01
-3.100e+00 3.799e-01
-3.090e+00 4.645e-01
-3.080e+00 4.713e-01
-3.070e+00 6.149e-01
-3.060e+00 5.251e-01
-3.050e+00 7.894e-01
-3.040e+00 8.265e-01
-3.030e+00 7.309e-01
-3.020e+00 7.510e-01
-3.010e+00 5.920e-01
-3.000e+00 5.449e-01
-2.990e+00 5.327e-01
-2.980e+00 5.234e-01
-2.970e+00 4.595e-01
-2.960e+00 3.969e-01
-2.950e+00 5.731e-01
-2.940e+00 4.571e-01
-2.930e+00 3.635e-01
-2.920e+00 3.322e-01
-2.910e+00 4.436e-01
-2.900e+00 5.070e-01
-2.890e+00 4.786e-01
-2.880e+00 5.041e-01
-2.870e+00 5.023e-01
-2.860e+00 4.782e-01
-2.850e+00 4.421e-01
-2.840e+00 2.923e-01
-2.830e+00 4.611e-01
-2.820e+00 2.065e-01
-2.810e+00 6.047e-01
-2.800e+00 5.028e-01
-2.790e+00 5.542e-01
-2.780e+00 5.580e-01
-2.770e+00 6.082e-01
-2.760e+00 5.377e-01
-2.750e+00 5.246e-01
-2.740e+00 7.098e-01
-2.730e+00 4.813e-01
-2.720e+00 4.956e-01
-2.710e+00 4.263e-01
-2.700e+00 4.278e-01
-2.690e+00 5.403e-01
-2.680e+00 6.754e-01
-2.670e+00 6.724e-01
-2.660e+00 6.269e-01
-2.650e+00 5.854e-01
-2.640e+00 5.196e-01
-2.630e+00 3.544e-01
-2.620e+00 4.523e-01
-2.610e+00 6.198e-01
-2.600e+00 6.970e-01
-2.590e+00 5.571e-01
-2.580e+00 6.668e-01
-2.570e+00 5.326e-01
-2.560e+00 5.939e-01
-2.550e+00 4.682e-01
-2.540e+00 4.564e-01
-2.530e+00 5.048e-01
-2.520e+00 5.858e-01
-2.510e+00 5.211e-01
-2.500e+00 5.699e-01
-2.490e+00 6.500e-01
-2.480e+00 5.082e-01
-2.470e+00 4.022e-01
-2.460e+00 4.371e-01
-2.450e+00 4.902e-01
-2.440e+00 4.869e-01
-2.430e+00 5.511e-01
-2.420e+00 5.740e-01
-2.410e+00 5.363e-01
-2.400e+00 4.804e-01
-2.390e+00 4.516e-01
-2.380e+00 5.845e-01
-2.370e+00 3.643e-01
-2.360e+00 3.338e-01
-2.350e+00 4.428e-01
-2.340e+00 4.050e-01
-2.330e+00 5.962e-01
-2.320e+00 5.178e-01
-2.310e+00 5.936e-01
-2.300e+00 5.108e-01
-2.290e+00 4.134e-01
-2.280e+00 4.887e-01
-2.270e+00 4.881e-01
-2.260e+00 4.344e-01
-2.250e+00 5.835e-01
-2.240e+00 6.532e-01
-2.230e+00 8.183e-01
-2.220e+00 8.676e-01
-2.210e+00 8.231e-01
-2.200e+00 6.769e-01
-2.190e+00 5.477e-01
-2.180e+00 4.759e-01
-2.170e+00 5.097e-01
-2.160e+00 4.833e-01
-2.150e+00 6.526e-01
-2.140e+00 5.700e-01
-2.130e+00 5.760e-01
-2.120e+00 5.459e-01
-2.110e+00 4.665e-01
-2.100e+00 5.626e-01
-2.090e+00 4.404e-01
-2.080e+00 5.269e-01
-2.070e+00 2.667e-01
-2.060e+00 5.738e-01
-2.050e+00 4.302e-01
-2.040e+00 3.777e-01
-2.030e+00 3.773e-01
-2.020e+00 6.446e-01
-2.010e+00 7.529e-01
-2.000e+00 8.448e-01
-1.990e+00 1.024e+00
-1.980e+00 6.284e-01
-1.970e+00 6.756e-01
-1.960e+00 7.396e-01
-1.950e+00 1.021e+00
-1.940e+00 1.157e+00
-1.930e+00 1.053e+00
-1.920e+00 1.194e+00
-1.910e+00 1.141e+00
-1.900e+00 1.029e+00
-1.890e+00 6.356e-01
-1.880e+00 4.596e-01
-1.870e+00 2.418e-01
-1.860e+00 1.944e-01
-1.850e+00 4.604e-01
-1.840e+00 3.651e-01
-1.830e+00 3.797e-01
-1.820e+00 6.825e-01
-1.810e+00 5.814e-01
-1.800e+00 5.012e-01
-1.790e+00 4.676e-01
-1.780e+00 4.904e-01
-1.770e+00 4.429e-01
-1.760e+00 6.453e-01
-1.750e+00 7.178e-01
-1.740e+00 9.135e-01
-1.730e+00 8.749e-01
-1.720e+00 5.853e-01
-1.710e+00 6.731e-01
-1.700e+00 4.334e-01
-1.690e+00 5.507e-01
-1.680e+00 5.692e-01
-1.670e+00 5.250e-01
-1.660e+00 3.589e-01
-1.650e+00 3.574e-01
-1.640e+00 4.458e-01
-1.630e+00 3.490e-01
-1.620e+00 5.186e-01
-1.610e+00 6.008e-01
-1.600e+00 6.096e-01
-1.590e+00 7.821e-01
-1.580e+00 8.232e-01
-1.570e+00 1.039e+00
-1.560e+00 7.909e-01
-1.550e+00 8.560e-01
-1.540e+00 6.401e-01
-1.530e+00 7.513e-01
-1.520e+00 8.632e-01
-1.510e+00 8.850e-01
-1.500e+00 1.004e+00
-1.490e+00 9.495e-01
-1.480e+00 1.198e+00
-1.470e+00 9.448e-01
-1.460e+00 9.026e-01
-1.450e+00 7.526e-01
-1.440e+00 8.420e-01
-1.430e+00 6.799e-01
-1.420e+00 6.078e-01
-1.410e+00 5.477e-01
-1.400e+00 4.457e-01
-1.390e+00 5.363e-01
-1.380e+00 2.136e-01
-1.370e+00 6.954e-01
-1.360e+00 2.727e-01
-1.350e+00 4.109e-01
-1.340e+00 5.186e-01
-1.330e+00 5.844e-01
-1.320e+00 3.273e-01
-1.310e+00 3.486e-01
-1.300e+00 4.010e-01
-1.290e+00 1.589e-01
-1.280e+00 4.112e-01
-1.270e+00 4.707e-01
-1.260e+00 5.803e-01
-1.250e+00 6.465e-01
-1.240e+00 6.956e-01
-1.230e+00 7.264e-01
-1.220e+00 4.327e-01
-1.210e+00 4.773e-01
-1.200e+00 7.810e-01
-1.190e+00 9.296e-01
-1.180e+00 8.937e-01
-1.170e+00 8.378e-01
-1.160e+00 7.255e-01
-1.150e+00 6.564e-01
-1.140e+00 8.976e-01
-1.130e+00 1.016e+00
-1.120e+00 1.156e+00
-1.110e+00 1.284e+00
-1.100e+00 1.380e+00
-1.090e+00 1.177e+00
-1.080e+00 1.130e+00
-1.070e+00 1.229e+00
-1.060e+00 8.468e-01
-1.050e+00 6.317e-01
-1.040e+00 3.587e-01
-1.030e+00 7.491e-01
-1.020e+00 7.184e-01
-1.010e+00 1.062e+00
-1.000e+00 1.189e+00
-9.900e-01 1.286e+00
-9.800e-01 1.043e+00
-9.700e-01 1.245e+00
-9.600e-01 9.503e-01
-9.500e-01 6.039e-01
-9.400e-01 5.302e-01
-9.300e-01 4.163e-01
-9.200e-01 5.904e-01
-9.100e-01 3.121e-01
-9.000e-01 6.281e-01
-8.900e-01 6.990e-01
-8.800e-01 5.651e-01
-8.700e-01 7.175e-01
-8.600e-01 7.615e-01
-8.500e-01 1.019e+00
-8.400e-01 1.020e+00
-8.300e-01 1.171e+00
-8.200e-01 1.157e+00
-8.100e-01 7.752e-01
-8.000e-01 1.131e+00
-7.900e-01 7.619e-01
-7.800e-01 1.080e+00
-7.700e-01 9.151e-01
-7.600e-01 5.442e-01
-7.500e-01 7.332e-01
-7.400e-01 1.617e+00
-7.300e-01 1.405e+00
-7.200e-01 1.433e+00
-7.100e-01 1.413e+00
-7.000e-01 7.794e-01
-6.900e-01 4.203e-01
-6.800e-01 6.658e-01
-6.700e-01 8.248e-01
-6.600e-01 5.350e-01
-6.500e-01 8.014e-01
-6.400e-01 7.895e-01
-6.300e-01 1.002e+00
-6.200e-01 9.249e-01
-6.100e-01 5.785e-01
-6.000e-01 7.441e-01
-5.900e-01 5.651e-01
-5.800e-01 1.041e+00
-5.700e-01 8.252e-01
-5.600e-01 8.981e-01
-5.500e-01 5.430e-01
-5.400e-01 9.945e-01
-5.300e-01 1.205e+00
-5.200e-01 8.826e-01
-5.100e-01 9.308e-01
-5.000e-01 9.562e-01
-4.900e-01 1.085e+00
-4.800e-01 9.696e-01
-4.700e-01 9.087e-01
-4.600e-01 8.177e-01
-4.500e-01 1.217e+00
-4.400e-01 1.790e+00
-4.300e-01 1.435e+00
-4.200e-01 1.420e+00
-4.100e-01 8.676e-01
-4.000e-01 1.153e+00
-3.900e-01 1.155e+00
-3.800e-01 1.325e+00
-3.700e-01 2.109e+00
-3.600e-01 2.394e+00
-3.500e-01 2.422e+00
-3.400e-01 2.392e+00
-3.300e-01 2.551e+00
-3.200e-01 1.251e+00
-3.100e-01 9.438e-01
-3.000e-01 1.041e+00
-2.900e-01 1.505e+00
-2.800e-01 6.305e-01
-2.700e-01 9.579e-01
-2.600e-01 2.744e-01
-2.500e-01 7.889e-01
-2.400e-01 1.132e+00
-2.300e-01 2.985e+00
-2.200e-01 2.498e+00
-2.100e-01 1.753e+00
-2.000e-01 1.848e+00
-1.900e-01 2.002e+00
-1.800e-01 2.228e+00
-1.700e-01 1.735e+00
-1.600e-01 2.442e+00
-1.500e-01 1.981e+00
-1.400e-01 2.424e+00
-1.300e-01 2.581e+00
-1.200e-01 2.853e+00
-1.100e-01 3.450e+00
-1.000e-01 5.187e+00
-9.000e-02 6.334e+00
-8.000e-02 8.136e+00
-7.000e-02 8.103e+00
-6.000e-02 1.210e+01
-5.000e-02 1.247e+01
-4.000e-02 1.584e+01
-3.000e-02 1.847e+01
-2.000e-02 2.023e+01
-1.000e-02 2.100e+01
