# Frequency (1.0/ps)      real(fft(F_0))
0.000e+00 3.542e+02
1.000e-02 3.927e+01
2.000e-02 1.339e+01
3.000e-02 6.378e+00
4.000e-02 2.578e+00
5.000e-02 6.493e+00
6.000e-02 3.941e+00
7.000e-02 3.889e+00
8.000e-02 5.179e+00
9.000e-02 2.896e+00
1.000e-01 3.898e+00
1.100e-01 2.001e+00
1.200e-01 2.969e-01
1.300e-01 -5.694e-02
1.400e-01 1.173e+00
1.500e-01 -1.405e+00
1.600e-01 2.356e-01
1.700e-01 1.474e+00
1.800e-01 4.226e-01
1.900e-01 -2.097e-01
2.000e-01 5.419e-01
2.100e-01 1.235e-01
2.200e-01 1.691e+00
2.300e-01 4.058e-01
2.400e-01 6.780e-01
2.500e-01 7.845e-01
2.600e-01 -1.787e-01
2.700e-01 -9.590e-01
2.800e-01 -1.749e-01
2.900e-01 -6.762e-01
3.000e-01 2.796e+00
3.100e-01 1.864e+00
3.200e-01 1.781e+00
3.300e-01 1.667e+00
3.400e-01 2.651e+00
3.500e-01 2.189e-03
3.600e-01 4.923e-01
3.700e-01 9.891e-01
3.800e-01 7.133e-01
3.900e-01 1.204e+00
4.000e-01 3.281e-01
4.100e-01 6.681e-01
4.200e-01 -4.134e-01
4.300e-01 -8.254e-02
4.400e-01 5.585e-01
4.500e-01 -8.355e-01
4.600e-01 -1.226e+00
4.700e-01 5.604e-01
4.800e-01 5.924e-01
4.900e-01 8.615e-01
5.000e-01 1.586e+00
5.100e-01 5.740e-01
5.200e-01 5.832e-01
5.300e-01 -5.130e-01
5.400e-01 9.924e-02
5.500e-01 -9.652e-01
5.600e-01 6.397e-01
5.700e-01 3.386e-01
5.800e-01 4.623e-01
5.900e-01 3.467e-01
6.000e-01 3.166e-01
6.100e-01 -4.463e-01
6.200e-01 1.924e-01
6.300e-01 4.980e-01
6.400e-01 6.009e-01
6.500e-01 1.608e+00
6.600e-01 -4.014e-01
6.700e-01 9.258e-01
6.800e-01 -7.466e-01
6.900e-01 -2.032e-01
7.000e-01 5.886e-01
7.100e-01 9.403e-01
7.200e-01 4.002e-01
7.300e-01 6.195e-01
7.400e-01 1.171e+00
7.500e-01 7.884e-01
7.600e-01 7.438e-01
7.700e-01 3.185e-01
7.800e-01 1.754e-01
7.900e-01 -1.394e-01
8.000e-01 6.853e-01
8.100e-01 6.279e-01
8.200e-01 4.430e-01
8.300e-01 1.020e+00
8.400e-01 3.585e-01
8.500e-01 1.137e+00
8.600e-01 -2.567e-01
8.700e-01 5.456e-01
8.800e-01 8.720e-01
8.900e-01 3.718e-01
9.000e-01 7.340e-02
9.100e-01 1.458e+00
9.200e-01 1.160e+00
9.300e-01 1.579e+00
9.400e-01 1.396e+00
9.500e-01 -9.527e-01
9.600e-01 1.142e+00
9.700e-01 7.979e-01
9.800e-01 6.362e-01
9.900e-01 1.515e+00
1.000e+00 4.374e-01
1.010e+00 5.503e-01
1.020e+00 1.607e+00
1.030e+00 6.928e-02
1.040e+00 1.073e+00
1.050e+00 1.152e+00
1.060e+00 1.678e+00
1.070e+00 5.848e-01
1.080e+00 6.939e-01
1.090e+00 9.336e-01
1.100e+00 -2.775e-02
1.110e+00 1.383e-01
1.120e+00 4.770e-01
1.130e+00 6.396e-01
1.140e+00 6.697e-01
1.150e+00 -5.734e-02
1.160e+00 6.489e-01
1.170e+00 8.546e-01
1.180e+00 9.451e-01
1.190e+00 -2.090e-01
1.200e+00 1.095e+00
1.210e+00 5.122e-01
1.220e+00 1.200e+00
1.230e+00 -3.794e-02
1.240e+00 4.920e-01
1.250e+00 7.923e-01
1.260e+00 1.081e-02
1.270e+00 6.416e-01
1.280e+00 9.931e-01
1.290e+00 8.431e-01
1.300e+00 1.197e+00
1.310e+00 -5.968e-01
1.320e+00 5.442e-01
1.330e+00 -4.841e-02
1.340e+00 2.295e-01
1.350e+00 3.204e+00
1.360e+00 8.556e-01
1.370e+00 5.693e-01
1.380e+00 4.409e-01
1.390e+00 6.664e-01
1.400e+00 6.313e-01
1.410e+00 1.695e-02
1.420e+00 3.988e-01
1.430e+00 8.087e-01
1.440e+00 9.475e-02
1.450e+00 9.116e-01
1.460e+00 2.090e-01
1.470e+00 1.069e+00
1.480e+00 7.831e-01
1.490e+00 1.862e+00
1.500e+00 1.132e+00
1.510e+00 6.864e-01
1.520e+00 3.048e-01
1.530e+00 3.851e-01
1.540e+00 4.505e-01
1.550e+00 -4.248e-01
1.560e+00 9.660e-01
1.570e+00 9.134e-01
1.580e+00 7.356e-01
1.590e+00 4.712e-01
1.600e+00 5.953e-01
1.610e+00 4.735e-01
1.620e+00 7.141e-01
1.630e+00 2.287e-01
1.640e+00 5.828e-01
1.650e+00 8.190e-01
1.660e+00 8.057e-01
1.670e+00 5.823e-01
1.680e+00 8.893e-01
1.690e+00 1.432e+00
1.700e+00 4.265e-01
1.710e+00 5.096e-01
1.720e+00 -2.688e-02
1.730e+00 2.085e-01
1.740e+00 9.255e-01
1.750e+00 3.389e-01
1.760e+00 6.261e-01
1.770e+00 9.101e-01
1.780e+00 9.049e-01
1.790e+00 1.112e+00
1.800e+00 4.089e-01
1.810e+00 -3.857e-01
1.820e+00 2.846e-01
1.830e+00 -2.397e-01
1.840e+00 7.216e-02
1.850e+00 3.666e-01
1.860e+00 1.854e+00
1.870e+00 8.100e-01
1.880e+00 6.786e-01
1.890e+00 7.185e-01
1.900e+00 1.863e-01
1.910e+00 4.801e-01
1.920e+00 8.862e-01
1.930e+00 7.393e-01
1.940e+00 1.076e+00
1.950e+00 4.492e-01
1.960e+00 5.034e-01
1.970e+00 2.920e-01
1.980e+00 9.188e-02
1.990e+00 2.255e-01
2.000e+00 -5.360e-01
2.010e+00 -4.164e-01
2.020e+00 5.364e-01
2.030e+00 5.528e-01
2.040e+00 5.418e-01
2.050e+00 -1.180e+00
2.060e+00 6.171e-01
2.070e+00 2.194e-01
2.080e+00 2.006e-01
2.090e+00 1.637e-01
2.100e+00 3.128e-01
2.110e+00 1.234e+00
2.120e+00 -4.744e-02
2.130e+00 7.220e-01
2.140e+00 -2.522e-02
2.150e+00 8.406e-01
2.160e+00 1.784e-01
2.170e+00 4.560e-01
2.180e+00 7.725e-01
2.190e+00 6.815e-01
2.200e+00 6.717e-01
2.210e+00 3.122e-01
2.220e+00 1.357e-01
2.230e+00 3.655e-01
2.240e+00 -7.694e-02
2.250e+00 4.206e-01
2.260e+00 3.353e-01
2.270e+00 6.243e-01
2.280e+00 8.180e-01
2.290e+00 3.315e-01
2.300e+00 1.145e+00
2.310e+00 9.147e-01
2.320e+00 4.021e-01
2.330e+00 7.221e-01
2.340e+00 4.110e-01
2.350e+00 7.781e-01
2.360e+00 8.818e-01
2.370e+00 4.733e-01
2.380e+00 3.347e-01
2.390e+00 1.028e-01
2.400e+00 1.474e+00
2.410e+00 4.494e-01
2.420e+00 7.335e-01
2.430e+00 5.507e-01
2.440e+00 2.825e-01
2.450e+00 -3.065e-01
2.460e+00 1.024e+00
2.470e+00 6.763e-01
2.480e+00 4.719e-01
2.490e+00 7.585e-01
2.500e+00 1.000e+00
2.510e+00 -1.189e-02
2.520e+00 4.770e-01
2.530e+00 6.809e-01
2.540e+00 7.513e-01
2.550e+00 1.355e-01
2.560e+00 7.102e-01
2.570e+00 4.036e-01
2.580e+00 5.872e-01
2.590e+00 7.334e-01
2.600e+00 1.383e+00
2.610e+00 5.185e-01
2.620e+00 7.359e-01
2.630e+00 3.595e-01
2.640e+00 3.506e-02
2.650e+00 4.700e-01
2.660e+00 3.370e-01
2.670e+00 4.116e-01
2.680e+00 4.483e-02
2.690e+00 -3.933e-03
2.700e+00 -5.985e-01
2.710e+00 7.443e-01
2.720e+00 6.591e-01
2.730e+00 4.096e-01
2.740e+00 4.046e-01
2.750e+00 8.731e-01
2.760e+00 5.235e-01
2.770e+00 4.766e-01
2.780e+00 3.749e-01
2.790e+00 5.312e-01
2.800e+00 1.516e+00
2.810e+00 4.949e-01
2.820e+00 6.299e-01
2.830e+00 3.614e-01
2.840e+00 2.144e-01
2.850e+00 6.176e-01
2.860e+00 7.812e-02
2.870e+00 4.263e-01
2.880e+00 6.420e-01
2.890e+00 5.103e-01
2.900e+00 1.183e+00
2.910e+00 7.501e-01
2.920e+00 4.078e-01
2.930e+00 2.399e-01
2.940e+00 -1.420e-01
2.950e+00 4.696e-01
2.960e+00 4.037e-01
2.970e+00 6.873e-01
2.980e+00 5.605e-01
2.990e+00 2.187e-01
3.000e+00 4.512e-01
3.010e+00 7.341e-01
3.020e+00 4.020e-01
3.030e+00 5.734e-01
3.040e+00 9.455e-02
3.050e+00 7.693e-01
3.060e+00 4.068e-01
3.070e+00 4.185e-01
3.080e+00 4.773e-01
3.090e+00 4.655e-01
3.100e+00 -4.149e-01
3.110e+00 4.629e-01
3.120e+00 5.142e-01
3.130e+00 3.504e-01
3.140e+00 -1.278e-01
3.150e+00 -9.975e-02
3.160e+00 5.187e-01
3.170e+00 4.984e-01
3.180e+00 2.962e-01
3.190e+00 7.257e-01
3.200e+00 -3.051e-01
3.210e+00 4.874e-01
3.220e+00 8.550e-01
3.230e+00 2.893e-01
3.240e+00 2.174e-01
3.250e+00 -1.739e-01
3.260e+00 -8.982e-02
3.270e+00 2.355e-01
3.280e+00 4.528e-01
3.290e+00 3.345e-01
3.300e+00 6.368e-01
3.310e+00 7.321e-01
3.320e+00 7.634e-01
3.330e+00 7.622e-01
3.340e+00 5.655e-01
3.350e+00 -5.545e-01
3.360e+00 5.471e-01
3.370e+00 2.931e-01
3.380e+00 4.959e-01
3.390e+00 6.078e-01
3.400e+00 -3.611e-01
3.410e+00 4.364e-03
3.420e+00 -9.409e-02
3.430e+00 3.102e-01
3.440e+00 6.152e-01
3.450e+00 4.190e-01
3.460e+00 2.494e-01
3.470e+00 4.010e-01
3.480e+00 6.560e-01
3.490e+00 4.027e-01
3.500e+00 8.187e-01
3.510e+00 7.146e-01
3.520e+00 5.062e-01
3.530e+00 4.383e-01
3.540e+00 5.116e-01
3.550e+00 -1.682e-01
3.560e+00 2.986e-01
3.570e+00 5.789e-01
3.580e+00 1.947e-01
3.590e+00 3.222e-01
3.600e+00 6.952e-01
3.610e+00 3.141e-01
3.620e+00 4.041e-01
3.630e+00 3.059e-01
3.640e+00 2.590e-01
3.650e+00 5.795e-01
3.660e+00 6.586e-01
3.670e+00 6.556e-01
3.680e+00 5.546e-01
3.690e+00 5.283e-01
3.700e+00 4.484e-01
3.710e+00 5.693e-01
3.720e+00 4.545e-01
3.730e+00 5.049e-01
3.740e+00 3.417e-01
3.750e+00 7.371e-01
3.760e+00 5.826e-01
3.770e+00 3.193e-01
3.780e+00 2.480e-01
3.790e+00 3.192e-01
3.800e+00 1.304e+00
3.810e+00 7.990e-01
3.820e+00 8.063e-01
3.830e+00 4.483e-01
3.840e+00 6.457e-01
3.850e+00 7.113e-01
3.860e+00 4.845e-01
3.870e+00 7.346e-01
3.880e+00 4.604e-01
3.890e+00 8.545e-01
3.900e+00 4.298e-01
3.910e+00 6.814e-01
3.920e+00 6.729e-01
3.930e+00 4.359e-01
3.940e+00 3.974e-01
3.950e+00 1.162e+00
3.960e+00 4.732e-01
3.970e+00 3.079e-01
3.980e+00 6.088e-01
3.990e+00 6.344e-01
4.000e+00 -5.417e-01
4.010e+00 5.531e-01
4.020e+00 3.944e-01
4.030e+00 6.911e-01
4.040e+00 4.067e-01
4.050e+00 1.390e+00
4.060e+00 6.517e-01
4.070e+00 3.764e-01
4.080e+00 7.747e-01
4.090e+00 5.077e-01
4.100e+00 -1.210e-02
4.110e+00 2.690e-01
4.120e+00 6.957e-02
4.130e+00 6.171e-01
4.140e+00 3.651e-01
4.150e+00 1.099e+00
4.160e+00 4.455e-01
4.170e+00 6.487e-01
4.180e+00 4.862e-01
4.190e+00 9.444e-01
4.200e+00 6.015e-01
4.210e+00 7.747e-02
4.220e+00 3.549e-01
4.230e+00 -9.544e-02
4.240e+00 -5.001e-02
4.250e+00 6.290e-01
4.260e+00 3.165e-01
4.270e+00 3.904e-01
4.280e+00 2.361e-01
4.290e+00 4.764e-01
4.300e+00 4.228e-01
4.310e+00 3.142e-01
4.320e+00 3.660e-01
4.330e+00 4.283e-01
4.340e+00 2.882e-01
4.350e+00 1.915e-01
4.360e+00 1.314e-01
4.370e+00 1.366e-01
4.380e+00 5.939e-01
4.390e+00 1.294e-01
4.400e+00 -4.266e-01
4.410e+00 1.365e-01
4.420e+00 1.608e-01
4.430e+00 1.756e-01
4.440e+00 1.274e-01
4.450e+00 8.394e-01
4.460e+00 4.242e-01
4.470e+00 5.333e-01
4.480e+00 5.399e-01
4.490e+00 1.875e-01
4.500e+00 3.884e-01
4.510e+00 4.737e-01
4.520e+00 3.579e-01
4.530e+00 2.021e-01
4.540e+00 1.824e-01
4.550e+00 -9.572e-01
4.560e+00 3.721e-02
4.570e+00 3.490e-01
4.580e+00 5.909e-01
4.590e+00 7.926e-01
4.600e+00 7.580e-01
4.610e+00 5.679e-01
4.620e+00 7.612e-01
4.630e+00 2.946e-01
4.640e+00 3.253e-01
4.650e+00 5.573e-01
4.660e+00 3.962e-01
4.670e+00 5.486e-01
4.680e+00 5.186e-01
4.690e+00 6.026e-01
4.700e+00 -8.471e-02
4.710e+00 3.788e-01
4.720e+00 3.001e-01
4.730e+00 4.055e-01
4.740e+00 3.323e-01
4.750e+00 4.862e-01
4.760e+00 4.420e-01
4.770e+00 3.294e-01
4.780e+00 7.901e-01
4.790e+00 8.214e-01
4.800e+00 1.179e-01
4.810e+00 6.079e-01
4.820e+00 3.186e-01
4.830e+00 3.869e-01
4.840e+00 7.877e-01
4.850e+00 -8.221e-02
4.860e+00 -7.761e-03
4.870e+00 -8.904e-02
4.880e+00 2.414e-03
4.890e+00 3.093e-01
4.900e+00 9.987e-03
4.910e+00 5.416e-01
4.920e+00 4.351e-01
4.930e+00 3.987e-01
4.940e+00 2.358e-01
4.950e+00 -7.979e-01
4.960e+00 3.322e-01
4.970e+00 4.479e-01
4.980e+00 7.134e-01
4.990e+00 6.289e-01
-5.000e+00 -3.625e-02
-4.990e+00 6.289e-01
-4.980e+00 7.134e-01
-4.970e+00 4.479e-01
-4.960e+00 3.322e-01
-4.950e+00 -7.979e-01
-4.940e+00 2.358e-01
-4.930e+00 3.987e-01
-4.920e+00 4.351e-01
-4.910e+00 5.416e-01
-4.900e+00 9.987e-03
-4.890e+00 3.093e-01
-4.880e+00 2.414e-03
-4.870e+00 -8.904e-02
-4.860e+00 -7.761e-03
-4.850e+00 -8.221e-02
-4.840e+00 7.877e-01
-4.830e+00 3.869e-01
-4.820e+00 3.186e-01
-4.810e+00 6.079e-01
-4.800e+00 1.179e-01
-4.790e+00 8.214e-01
-4.780e+00 7.901e-01
-4.770e+00 3.294e-01
-4.760e+00 4.420e-01
-4.750e+00 4.862e-01
-4.740e+00 3.323e-01
-4.730e+00 4.055e-01
-4.720e+00 3.001e-01
-4.710e+00 3.788e-01
-4.700e+00 -8.471e-02
-4.690e+00 6.026e-01
-4.680e+00 5.186e-01
-4.670e+00 5.486e-01
-4.660e+00 3.962e-01
-4.650e+00 5.573e-01
-4.640e+00 3.253e-01
-4.630e+00 2.946e-01
-4.620e+00 7.612e-01
-4.610e+00 5.679e-01
-4.600e+00 7.580e-01
-4.590e+00 7.926e-01
-4.580e+00 5.909e-01
-4.570e+00 3.490e-01
-4.560e+00 3.721e-02
-4.550e+00 -9.572e-01
-4.540e+00 1.824e-01
-4.530e+00 2.021e-01
-4.520e+00 3.579e-01
-4.510e+00 4.737e-01
-4.500e+00 3.884e-01
-4.490e+00 1.875e-01
-4.480e+00 5.399e-01
-4.470e+00 5.333e-01
-4.460e+00 4.242e-01
-4.450e+00 8.394e-01
-4.440e+00 1.274e-01
-4.430e+00 1.756e-01
-4.420e+00 1.608e-01
-4.410e+00 1.365e-01
-4.400e+00 -4.266e-01
-4.390e+00 1.294e-01
-4.380e+00 5.939e-01
-4.370e+00 1.366e-01
-4.360e+00 1.314e-01
-4.350e+00 1.915e-01
-4.340e+00 2.882e-01
-4.330e+00 4.283e-01
-4.320e+00 3.660e-01
-4.310e+00 3.142e-01
-4.300e+00 4.228e-01
-4.290e+00 4.764e-01
-4.280e+00 2.361e-01
-4.270e+00 3.904e-01
-4.260e+00 3.165e-01
-4.250e+00 6.290e-01
-4.240e+00 -5.001e-02
-4.230e+00 -9.544e-02
-4.220e+00 3.549e-01
-4.210e+00 7.747e-02
-4.200e+00 6.015e-01
-4.190e+00 9.444e-01
-4.180e+00 4.862e-01
-4.170e+00 6.487e-01
-4.160e+00 4.455e-01
-4.150e+00 1.099e+00
-4.140e+00 3.651e-01
-4.130e+00 6.171e-01
-4.120e+00 6.957e-02
-4.110e+00 2.690e-01
-4.100e+00 -1.210e-02
-4.090e+00 5.077e-01
-4.080e+00 7.747e-01
-4.070e+00 3.764e-01
-4.060e+00 6.517e-01
-4.050e+00 1.390e+00
-4.040e+00 4.067e-01
-4.030e+00 6.911e-01
-4.020e+00 3.944e-01
-4.010e+00 5.531e-01
-4.000e+00 -5.417e-01
-3.990e+00 6.344e-01
-3.980e+00 6.088e-01
-3.970e+00 3.079e-01
-3.960e+00 4.732e-01
-3.950e+00 1.162e+00
-3.940e+00 3.974e-01
-3.930e+00 4.359e-01
-3.920e+00 6.729e-01
-3.910e+00 6.814e-01
-3.900e+00 4.298e-01
-3.890e+00 8.545e-01
-3.880e+00 4.604e-01
-3.870e+00 7.346e-01
-3.860e+00 4.845e-01
-3.850e+00 7.113e-01
-3.840e+00 6.457e-01
-3.830e+00 4.483e-01
-3.820e+00 8.063e-01
-3.810e+00 7.990e-01
-3.800e+00 1.304e+00
-3.790e+00 3.192e-01
-3.780e+00 2.480e-01
-3.770e+00 3.193e-01
-3.760e+00 5.826e-01
-3.750e+00 7.371e-01
-3.740e+00 3.417e-01
-3.730e+00 5.049e-01
-3.720e+00 4.545e-01
-3.710e+00 5.693e-01
-3.700e+00 4.484e-01
-3.690e+00 5.283e-01
-3.680e+00 5.546e-01
-3.670e+00 6.556e-01
-3.660e+00 6.586e-01
-3.650e+00 5.795e-01
-3.640e+00 2.590e-01
-3.630e+00 3.059e-01
-3.620e+00 4.041e-01
-3.610e+00 3.141e-01
-3.600e+00 6.952e-01
-3.590e+00 3.222e-01
-3.580e+00 1.947e-01
-3.570e+00 5.789e-01
-3.560e+00 2.986e-01
-3.550e+00 -1.682e-01
-3.540e+00 5.116e-01
-3.530e+00 4.383e-01
-3.520e+00 5.062e-01
-3.510e+00 7.146e-01
-3.500e+00 8.187e-01
-3.490e+00 4.027e-01
-3.480e+00 6.560e-01
-3.470e+00 4.010e-01
-3.460e+00 2.494e-01
-3.450e+00 4.190e-01
-3.440e+00 6.152e-01
-3.430e+00 3.102e-01
-3.420e+00 -9.409e-02
-3.410e+00 4.364e-03
-3.400e+00 -3.611e-01
-3.390e+00 6.078e-01
-3.380e+00 4.959e-01
-3.370e+00 2.931e-01
-3.360e+00 5.471e-01
-3.350e+00 -5.545e-01
-3.340e+00 5.655e-01
-3.330e+00 7.622e-01
-3.320e+00 7.634e-01
-3.310e+00 7.321e-01
-3.300e+00 6.368e-01
-3.290e+00 3.345e-01
-3.280e+00 4.528e-01
-3.270e+00 2.355e-01
-3.260e+00 -8.982e-02
-3.250e+00 -1.739e-01
-3.240e+00 2.174e-01
-3.230e+00 2.893e-01
-3.220e+00 8.550e-01
-3.210e+00 4.874e-01
-3.200e+00 -3.051e-01
-3.190e+00 7.257e-01
-3.180e+00 2.962e-01
-3.170e+00 4.984e-01
-3.160e+00 5.187e-01
-3.150e+00 -9.975e-02
-3.140e+00 -1.278e-01
-3.130e+00 3.504e-01
-3.120e+00 5.142e-01
-3.110e+00 4.629e-01
-3.100e+00 -4.149e-01
-3.090e+00 4.655e-01
-3.080e+00 4.773e-01
-3.070e+00 4.185e-01
-3.060e+00 4.068e-01
-3.050e+00 7.693e-01
-3.040e+00 9.455e-02
-3.030e+00 5.734e-01
-3.020e+00 4.020e-01
-3.010e+00 7.341e-01
-3.000e+00 4.512e-01
-2.990e+00 2.187e-01
-2.980e+00 5.605e-01
-2.970e+00 6.873e-01
-2.960e+00 4.037e-01
-2.950e+00 4.696e-01
-2.940e+00 -1.420e-01
-2.930e+00 2.399e-01
-2.920e+00 4.078e-01
-2.910e+00 7.501e-01
-2.900e+00 1.183e+00
-2.890e+00 5.103e-01
-2.880e+00 6.420e-01
-2.870e+00 4.263e-01
-2.860e+00 7.812e-02
-2.850e+00 6.176e-01
-2.840e+00 2.144e-01
-2.830e+00 3.614e-01
-2.820e+00 6.299e-01
-2.810e+00 4.949e-01
-2.800e+00 1.516e+00
-2.790e+00 5.312e-01
-2.780e+00 3.749e-01
-2.770e+00 4.766e-01
-2.760e+00 5.235e-01
-2.750e+00 8.731e-01
-2.740e+00 4.046e-01
-2.730e+00 4.096e-01
-2.720e+00 6.591e-01
-2.710e+00 7.443e-01
-2.700e+00 -5.985e-01
-2.690e+00 -3.933e-03
-2.680e+00 4.483e-02
-2.670e+00 4.116e-01
-2.660e+00 3.370e-01
-2.650e+00 4.700e-01
-2.640e+00 3.506e-02
-2.630e+00 3.595e-01
-2.620e+00 7.359e-01
-2.610e+00 5.185e-01
-2.600e+00 1.383e+00
-2.590e+00 7.334e-01
-2.580e+00 5.872e-01
-2.570e+00 4.036e-01
-2.560e+00 7.102e-01
-2.550e+00 1.355e-01
-2.540e+00 7.513e-01
-2.530e+00 6.809e-01
-2.520e+00 4.770e-01
-2.510e+00 -1.189e-02
-2.500e+00 1.000e+00
-2.490e+00 7.585e-01
-2.480e+00 4.719e-01
-2.470e+00 6.763e-01
-2.460e+00 1.024e+00
-2.450e+00 -3.065e-01
-2.440e+00 2.825e-01
-2.430e+00 5.507e-01
-2.420e+00 7.335e-01
-2.410e+00 4.494e-01
-2.400e+00 1.474e+00
-2.390e+00 1.028e-01
-2.380e+00 3.347e-01
-2.370e+00 4.733e-01
-2.360e+00 8.818e-01
-2.350e+00 7.781e-01
-2.340e+00 4.110e-01
-2.330e+00 7.221e-01
-2.320e+00 4.021e-01
-2.310e+00 9.147e-01
-2.300e+00 1.145e+00
-2.290e+00 3.315e-01
-2.280e+00 8.180e-01
-2.270e+00 6.243e-01
-2.260e+00 3.353e-01
-2.250e+00 4.206e-01
-2.240e+00 -7.694e-02
-2.230e+00 3.655e-01
-2.220e+00 1.357e-01
-2.210e+00 3.122e-01
-2.200e+00 6.717e-01
-2.190e+00 6.815e-01
-2.180e+00 7.725e-01
-2.170e+00 4.560e-01
-2.160e+00 1.784e-01
-2.150e+00 8.406e-01
-2.140e+00 -2.522e-02
-2.130e+00 7.220e-01
-2.120e+00 -4.744e-02
-2.110e+00 1.234e+00
-2.100e+00 3.128e-01
-2.090e+00 1.637e-01
-2.080e+00 2.006e-01
-2.070e+00 2.194e-01
-2.060e+00 6.171e-01
-2.050e+00 -1.180e+00
-2.040e+00 5.418e-01
-2.030e+00 5.528e-01
-2.020e+00 5.364e-01
-2.010e+00 -4.164e-01
-2.000e+00 -5.360e-01
-1.990e+00 2.255e-01
-1.980e+00 9.188e-02
-1.970e+00 2.920e-01
-1.960e+00 5.034e-01
-1.950e+00 4.492e-01
-1.940e+00 1.076e+00
-1.930e+00 7.393e-01
-1.920e+00 8.862e-01
-1.910e+00 4.801e-01
-1.900e+00 1.863e-01
-1.890e+00 7.185e-01
-1.880e+00 6.786e-01
-1.870e+00 8.100e-01
-1.860e+00 1.854e+00
-1.850e+00 3.666e-01
-1.840e+00 7.216e-02
-1.830e+00 -2.397e-01
-1.820e+00 2.846e-01
-1.810e+00 -3.857e-01
-1.800e+00 4.089e-01
-1.790e+00 1.112e+00
-1.780e+00 9.049e-01
-1.770e+00 9.101e-01
-1.760e+00 6.261e-01
-1.750e+00 3.389e-01
-1.740e+00 9.255e-01
-1.730e+00 2.085e-01
-1.720e+00 -2.688e-02
-1.710e+00 5.096e-01
-1.700e+00 4.265e-01
-1.690e+00 1.432e+00
-1.680e+00 8.893e-01
-1.670e+00 5.823e-01
-1.660e+00 8.057e-01
-1.650e+00 8.190e-01
-1.640e+00 5.828e-01
-1.630e+00 2.287e-01
-1.620e+00 7.141e-01
-1.610e+00 4.735e-01
-1.600e+00 5.953e-01
-1.590e+00 4.712e-01
-1.580e+00 7.356e-01
-1.570e+00 9.134e-01
-1.560e+00 9.660e-01
-1.550e+00 -4.248e-01
-1.540e+00 4.505e-01
-1.530e+00 3.851e-01
-1.520e+00 3.048e-01
-1.510e+00 6.864e-01
-1.500e+00 1.132e+00
-1.490e+00 1.862e+00
-1.480e+00 7.831e-01
-1.470e+00 1.069e+00
-1.460e+00 2.090e-01
-1.450e+00 9.116e-01
-1.440e+00 9.475e-02
-1.430e+00 8.087e-01
-1.420e+00 3.988e-01
-1.410e+00 1.695e-02
-1.400e+00 6.313e-01
-1.390e+00 6.664e-01
-1.380e+00 4.409e-01
-1.370e+00 5.693e-01
-1.360e+00 8.556e-01
-1.350e+00 3.204e+00
-1.340e+00 2.295e-01
-1.330e+00 -4.841e-02
-1.320e+00 5.442e-01
-1.310e+00 -5.968e-01
-1.300e+00 1.197e+00
-1.290e+00 8.431e-01
-1.280e+00 9.931e-01
-1.270e+00 6.416e-01
-1.260e+00 1.081e-02
-1.250e+00 7.923e-01
-1.240e+00 4.920e-01
-1.230e+00 -3.794e-02
-1.220e+00 1.200e+00
-1.210e+00 5.122e-01
-1.200e+00 1.095e+00
-1.190e+00 -2.090e-01
-1.180e+00 9.451e-01
-1.170e+00 8.546e-01
-1.160e+00 6.489e-01
-1.150e+00 -5.734e-02
-1.140e+00 6.697e-01
-1.130e+00 6.396e-01
-1.120e+00 4.770e-01
-1.110e+00 1.383e-01
-1.100e+00 -2.775e-02
-1.090e+00 9.336e-01
-1.080e+00 6.939e-01
-1.070e+00 5.848e-01
-1.060e+00 1.678e+00
-1.050e+00 1.152e+00
-1.040e+00 1.073e+00
-1.030e+00 6.928e-02
-1.020e+00 1.607e+00
-1.010e+00 5.503e-01
-1.000e+00 4.374e-01
-9.900e-01 1.515e+00
-9.800e-01 6.362e-01
-9.700e-01 7.979e-01
-9.600e-01 1.142e+00
-9.500e-01 -9.527e-01
-9.400e-01 1.396e+00
-9.300e-01 1.579e+00
-9.200e-01 1.160e+00
-9.100e-01 1.458e+00
-9.000e-01 7.340e-02
-8.900e-01 3.718e-01
-8.800e-01 8.720e-01
-8.700e-01 5.456e-01
-8.600e-01 -2.567e-01
-8.500e-01 1.137e+00
-8.400e-01 3.585e-01
-8.300e-01 1.020e+00
-8.200e-01 4.430e-01
-8.100e-01 6.279e-01
-8.000e-01 6.853e-01
-7.900e-01 -1.394e-01
-7.800e-01 1.754e-01
-7.700e-01 3.185e-01
-7.600e-01 7.438e-01
-7.500e-01 7.884e-01
-7.400e-01 1.171e+00
-7.300e-01 6.195e-01
-7.200e-01 4.002e-01
-7.100e-01 9.403e-01
-7.000e-01 5.886e-01
-6.900e-01 -2.032e-01
-6.800e-01 -7.466e-01
-6.700e-01 9.258e-01
-6.600e-01 -4.014e-01
-6.500e-01 1.608e+00
-6.400e-01 6.009e-01
-6.300e-01 4.980e-01
-6.200e-01 1.924e-01
-6.100e-01 -4.463e-01
-6.000e-01 3.166e-01
-5.900e-01 3.467e-01
-5.800e-01 4.623e-01
-5.700e-01 3.386e-01
-5.600e-01 6.397e-01
-5.500e-01 -9.652e-01
-5.400e-01 9.924e-02
-5.300e-01 -5.130e-01
-5.200e-01 5.832e-01
-5.100e-01 5.740e-01
-5.000e-01 1.586e+00
-4.900e-01 8.615e-01
-4.800e-01 5.924e-01
-4.700e-01 5.604e-01
-4.600e-01 -1.226e+00
-4.500e-01 -8.355e-01
-4.400e-01 5.585e-01
-4.300e-01 -8.254e-02
-4.200e-01 -4.134e-01
-4.100e-01 6.681e-01
-4.000e-01 3.281e-01
-3.900e-01 1.204e+00
-3.800e-01 7.133e-01
-3.700e-01 9.891e-01
-3.600e-01 4.923e-01
-3.500e-01 2.189e-03
-3.400e-01 2.651e+00
-3.300e-01 1.667e+00
-3.200e-01 1.781e+00
-3.100e-01 1.864e+00
-3.000e-01 2.796e+00
-2.900e-01 -6.762e-01
-2.800e-01 -1.749e-01
-2.700e-01 -9.590e-01
-2.600e-01 -1.787e-01
-2.500e-01 7.845e-01
-2.400e-01 6.780e-01
-2.300e-01 4.058e-01
-2.200e-01 1.691e+00
-2.100e-01 1.235e-01
-2.000e-01 5.419e-01
-1.900e-01 -2.097e-01
-1.800e-01 4.226e-01
-1.700e-01 1.474e+00
-1.600e-01 2.356e-01
-1.500e-01 -1.405e+00
-1.400e-01 1.173e+00
-1.300e-01 -5.694e-02
-1.200e-01 2.969e-01
-1.100e-01 2.001e+00
-1.000e-01 3.898e+00
-9.000e-02 2.896e+00
-8.000e-02 5.179e+00
-7.000e-02 3.889e+00
-6.000e-02 3.941e+00
-5.000e-02 6.493e+00
-4.000e-02 2.578e+00
-3.000e-02 6.378e+00
-2.000e-02 1.339e+01
-1.000e-02 3.927e+01
