# Time (ps)      real(F_0)      im(F_0)
0.000e+00 1.000e+00 0.000e+00
1.000e-01 8.997e-01 0.000e+00
2.000e-01 9.720e-01 0.000e+00
3.000e-01 9.402e-01 0.000e+00
4.000e-01 9.323e-01 0.000e+00
5.000e-01 8.201e-01 0.000e+00
6.000e-01 8.843e-01 0.000e+00
7.000e-01 8.401e-01 0.000e+00
8.000e-01 8.724e-01 0.000e+00
9.000e-01 7.853e-01 0.000e+00
1.000e+00 7.507e-01 0.000e+00
1.100e+00 8.094e-01 0.000e+00
1.200e+00 7.466e-01 0.000e+00
1.300e+00 7.428e-01 0.000e+00
1.400e+00 7.660e-01 0.000e+00
1.500e+00 7.384e-01 0.000e+00
1.600e+00 7.110e-01 0.000e+00
1.700e+00 8.098e-01 0.000e+00
1.800e+00 7.988e-01 0.000e+00
1.900e+00 7.636e-01 0.000e+00
2.000e+00 7.628e-01 0.000e+00
2.100e+00 7.136e-01 0.000e+00
2.200e+00 6.916e-01 0.000e+00
2.300e+00 6.724e-01 0.000e+00
2.400e+00 7.254e-01 0.000e+00
2.500e+00 6.636e-01 0.000e+00
2.600e+00 7.481e-01 0.000e+00
2.700e+00 7.566e-01 0.000e+00
2.800e+00 7.598e-01 0.000e+00
2.900e+00 6.669e-01 0.000e+00
3.000e+00 7.470e-01 0.000e+00
3.100e+00 6.532e-01 0.000e+00
3.200e+00 6.780e-01 0.000e+00
3.300e+00 6.267e-01 0.000e+00
3.400e+00 6.704e-01 0.000e+00
3.500e+00 6.109e-01 0.000e+00
3.600e+00 6.065e-01 0.000e+00
3.700e+00 5.815e-01 0.000e+00
3.800e+00 6.141e-01 0.000e+00
3.900e+00 6.645e-01 0.000e+00
4.000e+00 6.270e-01 0.000e+00
4.100e+00 6.043e-01 0.000e+00
4.200e+00 5.679e-01 0.000e+00
4.300e+00 5.545e-01 0.000e+00
4.400e+00 5.398e-01 0.000e+00
4.500e+00 5.314e-01 0.000e+00
4.600e+00 5.747e-01 0.000e+00
4.700e+00 5.876e-01 0.000e+00
4.800e+00 5.895e-01 0.000e+00
4.900e+00 6.000e-01 0.000e+00
5.000e+00 5.545e-01 0.000e+00
5.100e+00 5.201e-01 0.000e+00
5.200e+00 5.171e-01 0.000e+00
5.300e+00 5.145e-01 0.000e+00
5.400e+00 5.142e-01 0.000e+00
5.500e+00 4.603e-01 0.000e+00
5.600e+00 4.913e-01 0.000e+00
5.700e+00 5.118e-01 0.000e+00
5.800e+00 4.557e-01 0.000e+00
5.900e+00 4.899e-01 0.000e+00
6.000e+00 5.144e-01 0.000e+00
6.100e+00 5.301e-01 0.000e+00
6.200e+00 4.680e-01 0.000e+00
6.300e+00 4.838e-01 0.000e+00
6.400e+00 4.751e-01 0.000e+00
6.500e+00 4.189e-01 0.000e+00
6.600e+00 4.424e-01 0.000e+00
6.700e+00 4.214e-01 0.000e+00
6.800e+00 4.401e-01 0.000e+00
6.900e+00 4.287e-01 0.000e+00
7.000e+00 4.004e-01 0.000e+00
7.100e+00 3.953e-01 0.000e+00
7.200e+00 4.054e-01 0.000e+00
7.300e+00 4.148e-01 0.000e+00
7.400e+00 3.752e-01 0.000e+00
7.500e+00 3.726e-01 0.000e+00
7.600e+00 3.530e-01 0.000e+00
7.700e+00 3.369e-01 0.000e+00
7.800e+00 3.258e-01 0.000e+00
7.900e+00 3.337e-01 0.000e+00
8.000e+00 3.238e-01 0.000e+00
8.100e+00 3.278e-01 0.000e+00
8.200e+00 3.338e-01 0.000e+00
8.300e+00 3.202e-01 0.000e+00
8.400e+00 3.143e-01 0.000e+00
8.500e+00 2.856e-01 0.000e+00
8.600e+00 2.782e-01 0.000e+00
8.700e+00 2.790e-01 0.000e+00
8.800e+00 3.076e-01 0.000e+00
8.900e+00 3.102e-01 0.000e+00
9.000e+00 2.693e-01 0.000e+00
9.100e+00 3.270e-01 0.000e+00
9.200e+00 3.041e-01 0.000e+00
9.300e+00 3.110e-01 0.000e+00
9.400e+00 3.226e-01 0.000e+00
9.500e+00 3.207e-01 0.000e+00
9.600e+00 3.265e-01 0.000e+00
9.700e+00 3.514e-01 0.000e+00
9.800e+00 3.206e-01 0.000e+00
9.900e+00 3.439e-01 0.000e+00
1.000e+01 3.002e-01 0.000e+00
1.010e+01 3.070e-01 0.000e+00
1.020e+01 3.212e-01 0.000e+00
1.030e+01 3.221e-01 0.000e+00
1.040e+01 3.083e-01 0.000e+00
1.050e+01 2.995e-01 0.000e+00
1.060e+01 3.136e-01 0.000e+00
1.070e+01 3.131e-01 0.000e+00
1.080e+01 3.000e-01 0.000e+00
1.090e+01 3.086e-01 0.000e+00
1.100e+01 2.984e-01 0.000e+00
1.110e+01 3.018e-01 0.000e+00
1.120e+01 3.152e-01 0.000e+00
1.130e+01 3.034e-01 0.000e+00
1.140e+01 3.022e-01 0.000e+00
1.150e+01 2.951e-01 0.000e+00
1.160e+01 3.021e-01 0.000e+00
1.170e+01 3.095e-01 0.000e+00
1.180e+01 3.011e-01 0.000e+00
1.190e+01 2.955e-01 0.000e+00
1.200e+01 2.982e-01 0.000e+00
1.210e+01 2.769e-01 0.000e+00
1.220e+01 2.489e-01 0.000e+00
1.230e+01 2.320e-01 0.000e+00
1.240e+01 2.302e-01 0.000e+00
1.250e+01 2.402e-01 0.000e+00
1.260e+01 2.355e-01 0.000e+00
1.270e+01 2.382e-01 0.000e+00
1.280e+01 2.613e-01 0.000e+00
1.290e+01 2.360e-01 0.000e+00
1.300e+01 2.194e-01 0.000e+00
1.310e+01 2.105e-01 0.000e+00
1.320e+01 2.143e-01 0.000e+00
1.330e+01 1.937e-01 0.000e+00
1.340e+01 2.219e-01 0.000e+00
1.350e+01 2.136e-01 0.000e+00
1.360e+01 2.289e-01 0.000e+00
1.370e+01 2.399e-01 0.000e+00
1.380e+01 2.276e-01 0.000e+00
1.390e+01 2.418e-01 0.000e+00
1.400e+01 2.317e-01 0.000e+00
1.410e+01 2.273e-01 0.000e+00
1.420e+01 2.252e-01 0.000e+00
1.430e+01 2.459e-01 0.000e+00
1.440e+01 2.483e-01 0.000e+00
1.450e+01 2.653e-01 0.000e+00
1.460e+01 2.475e-01 0.000e+00
1.470e+01 2.466e-01 0.000e+00
1.480e+01 2.466e-01 0.000e+00
1.490e+01 2.596e-01 0.000e+00
1.500e+01 2.565e-01 0.000e+00
1.510e+01 2.491e-01 0.000e+00
1.520e+01 2.062e-01 0.000e+00
1.530e+01 2.138e-01 0.000e+00
1.540e+01 2.074e-01 0.000e+00
1.550e+01 2.280e-01 0.000e+00
1.560e+01 2.267e-01 0.000e+00
1.570e+01 2.389e-01 0.000e+00
1.580e+01 2.133e-01 0.000e+00
1.590e+01 2.254e-01 0.000e+00
1.600e+01 2.194e-01 0.000e+00
1.610e+01 2.258e-01 0.000e+00
1.620e+01 2.163e-01 0.000e+00
1.630e+01 2.093e-01 0.000e+00
1.640e+01 2.339e-01 0.000e+00
1.650e+01 2.138e-01 0.000e+00
1.660e+01 2.240e-01 0.000e+00
1.670e+01 1.950e-01 0.000e+00
1.680e+01 2.058e-01 0.000e+00
1.690e+01 2.146e-01 0.000e+00
1.700e+01 2.112e-01 0.000e+00
1.710e+01 1.933e-01 0.000e+00
1.720e+01 2.026e-01 0.000e+00
1.730e+01 2.186e-01 0.000e+00
1.740e+01 2.015e-01 0.000e+00
1.750e+01 1.994e-01 0.000e+00
1.760e+01 2.058e-01 0.000e+00
1.770e+01 2.164e-01 0.000e+00
1.780e+01 2.278e-01 0.000e+00
1.790e+01 2.036e-01 0.000e+00
1.800e+01 2.064e-01 0.000e+00
1.810e+01 2.030e-01 0.000e+00
1.820e+01 2.065e-01 0.000e+00
1.830e+01 2.060e-01 0.000e+00
1.840e+01 1.959e-01 0.000e+00
1.850e+01 1.926e-01 0.000e+00
1.860e+01 1.941e-01 0.000e+00
1.870e+01 1.964e-01 0.000e+00
1.880e+01 1.759e-01 0.000e+00
1.890e+01 2.083e-01 0.000e+00
1.900e+01 1.921e-01 0.000e+00
1.910e+01 1.756e-01 0.000e+00
1.920e+01 1.572e-01 0.000e+00
1.930e+01 1.626e-01 0.000e+00
1.940e+01 1.672e-01 0.000e+00
1.950e+01 1.702e-01 0.000e+00
1.960e+01 1.676e-01 0.000e+00
1.970e+01 1.420e-01 0.000e+00
1.980e+01 1.239e-01 0.000e+00
1.990e+01 1.205e-01 0.000e+00
2.000e+01 1.148e-01 0.000e+00
2.010e+01 1.186e-01 0.000e+00
2.020e+01 1.320e-01 0.000e+00
2.030e+01 1.341e-01 0.000e+00
2.040e+01 1.317e-01 0.000e+00
2.050e+01 1.325e-01 0.000e+00
2.060e+01 1.352e-01 0.000e+00
2.070e+01 1.449e-01 0.000e+00
2.080e+01 1.239e-01 0.000e+00
2.090e+01 1.366e-01 0.000e+00
2.100e+01 1.307e-01 0.000e+00
2.110e+01 1.222e-01 0.000e+00
2.120e+01 1.229e-01 0.000e+00
2.130e+01 1.346e-01 0.000e+00
2.140e+01 1.211e-01 0.000e+00
2.150e+01 1.235e-01 0.000e+00
2.160e+01 1.566e-01 0.000e+00
2.170e+01 1.715e-01 0.000e+00
2.180e+01 1.663e-01 0.000e+00
2.190e+01 1.556e-01 0.000e+00
2.200e+01 1.485e-01 0.000e+00
2.210e+01 1.360e-01 0.000e+00
2.220e+01 1.172e-01 0.000e+00
2.230e+01 1.148e-01 0.000e+00
2.240e+01 1.249e-01 0.000e+00
2.250e+01 1.324e-01 0.000e+00
2.260e+01 1.224e-01 0.000e+00
2.270e+01 1.293e-01 0.000e+00
2.280e+01 1.285e-01 0.000e+00
2.290e+01 1.212e-01 0.000e+00
2.300e+01 1.329e-01 0.000e+00
2.310e+01 1.111e-01 0.000e+00
2.320e+01 1.202e-01 0.000e+00
2.330e+01 1.023e-01 0.000e+00
2.340e+01 1.005e-01 0.000e+00
2.350e+01 8.426e-02 0.000e+00
2.360e+01 9.913e-02 0.000e+00
2.370e+01 1.101e-01 0.000e+00
2.380e+01 1.226e-01 0.000e+00
2.390e+01 1.117e-01 0.000e+00
2.400e+01 1.200e-01 0.000e+00
2.410e+01 1.053e-01 0.000e+00
2.420e+01 1.250e-01 0.000e+00
2.430e+01 1.324e-01 0.000e+00
2.440e+01 1.107e-01 0.000e+00
2.450e+01 1.097e-01 0.000e+00
2.460e+01 1.135e-01 0.000e+00
2.470e+01 1.034e-01 0.000e+00
2.480e+01 9.737e-02 0.000e+00
2.490e+01 8.848e-02 0.000e+00
2.500e+01 1.110e-01 0.000e+00
2.510e+01 8.275e-02 0.000e+00
2.520e+01 1.203e-01 0.000e+00
2.530e+01 1.303e-01 0.000e+00
2.540e+01 1.443e-01 0.000e+00
2.550e+01 1.520e-01 0.000e+00
2.560e+01 1.669e-01 0.000e+00
2.570e+01 1.401e-01 0.000e+00
2.580e+01 1.215e-01 0.000e+00
2.590e+01 1.414e-01 0.000e+00
2.600e+01 1.270e-01 0.000e+00
2.610e+01 1.205e-01 0.000e+00
2.620e+01 1.190e-01 0.000e+00
2.630e+01 1.171e-01 0.000e+00
2.640e+01 1.038e-01 0.000e+00
2.650e+01 1.179e-01 0.000e+00
2.660e+01 1.107e-01 0.000e+00
2.670e+01 1.076e-01 0.000e+00
2.680e+01 1.011e-01 0.000e+00
2.690e+01 1.271e-01 0.000e+00
2.700e+01 1.237e-01 0.000e+00
2.710e+01 1.242e-01 0.000e+00
2.720e+01 1.353e-01 0.000e+00
2.730e+01 1.390e-01 0.000e+00
2.740e+01 1.201e-01 0.000e+00
2.750e+01 1.131e-01 0.000e+00
2.760e+01 1.041e-01 0.000e+00
2.770e+01 1.124e-01 0.000e+00
2.780e+01 1.175e-01 0.000e+00
2.790e+01 1.394e-01 0.000e+00
2.800e+01 1.413e-01 0.000e+00
2.810e+01 1.359e-01 0.000e+00
2.820e+01 1.204e-01 0.000e+00
2.830e+01 1.229e-01 0.000e+00
2.840e+01 1.208e-01 0.000e+00
2.850e+01 1.222e-01 0.000e+00
2.860e+01 1.212e-01 0.000e+00
2.870e+01 1.174e-01 0.000e+00
2.880e+01 1.266e-01 0.000e+00
2.890e+01 1.203e-01 0.000e+00
2.900e+01 1.413e-01 0.000e+00
2.910e+01 1.146e-01 0.000e+00
2.920e+01 1.054e-01 0.000e+00
2.930e+01 1.075e-01 0.000e+00
2.940e+01 1.066e-01 0.000e+00
2.950e+01 1.084e-01 0.000e+00
2.960e+01 9.690e-02 0.000e+00
2.970e+01 9.298e-02 0.000e+00
2.980e+01 1.041e-01 0.000e+00
2.990e+01 7.396e-02 0.000e+00
3.000e+01 7.131e-02 0.000e+00
3.010e+01 7.756e-02 0.000e+00
3.020e+01 8.228e-02 0.000e+00
3.030e+01 9.439e-02 0.000e+00
3.040e+01 8.102e-02 0.000e+00
3.050e+01 6.827e-02 0.000e+00
3.060e+01 7.231e-02 0.000e+00
3.070e+01 7.650e-02 0.000e+00
3.080e+01 6.971e-02 0.000e+00
3.090e+01 6.379e-02 0.000e+00
3.100e+01 6.223e-02 0.000e+00
3.110e+01 6.181e-02 0.000e+00
3.120e+01 6.791e-02 0.000e+00
3.130e+01 6.393e-02 0.000e+00
3.140e+01 6.675e-02 0.000e+00
3.150e+01 4.728e-02 0.000e+00
3.160e+01 4.885e-02 0.000e+00
3.170e+01 6.670e-02 0.000e+00
3.180e+01 5.442e-02 0.000e+00
3.190e+01 4.590e-02 0.000e+00
3.200e+01 4.289e-02 0.000e+00
3.210e+01 4.334e-02 0.000e+00
3.220e+01 3.927e-02 0.000e+00
3.230e+01 5.060e-02 0.000e+00
3.240e+01 5.503e-02 0.000e+00
3.250e+01 4.744e-02 0.000e+00
3.260e+01 3.908e-02 0.000e+00
3.270e+01 4.128e-02 0.000e+00
3.280e+01 4.536e-02 0.000e+00
3.290e+01 5.122e-02 0.000e+00
3.300e+01 5.182e-02 0.000e+00
3.310e+01 4.743e-02 0.000e+00
3.320e+01 4.569e-02 0.000e+00
3.330e+01 5.345e-02 0.000e+00
3.340e+01 4.960e-02 0.000e+00
3.350e+01 5.078e-02 0.000e+00
3.360e+01 7.564e-02 0.000e+00
3.370e+01 6.777e-02 0.000e+00
3.380e+01 5.769e-02 0.000e+00
3.390e+01 5.103e-02 0.000e+00
3.400e+01 3.971e-02 0.000e+00
3.410e+01 5.307e-02 0.000e+00
3.420e+01 7.631e-02 0.000e+00
3.430e+01 4.720e-02 0.000e+00
3.440e+01 4.689e-02 0.000e+00
3.450e+01 6.140e-02 0.000e+00
3.460e+01 3.909e-02 0.000e+00
3.470e+01 3.766e-02 0.000e+00
3.480e+01 3.983e-02 0.000e+00
3.490e+01 3.903e-02 0.000e+00
3.500e+01 5.025e-02 0.000e+00
3.510e+01 6.106e-02 0.000e+00
3.520e+01 6.293e-02 0.000e+00
3.530e+01 6.036e-02 0.000e+00
3.540e+01 4.504e-02 0.000e+00
3.550e+01 5.574e-02 0.000e+00
3.560e+01 4.985e-02 0.000e+00
3.570e+01 4.251e-02 0.000e+00
3.580e+01 4.114e-02 0.000e+00
3.590e+01 4.806e-02 0.000e+00
3.600e+01 4.577e-02 0.000e+00
3.610e+01 4.393e-02 0.000e+00
3.620e+01 5.074e-02 0.000e+00
3.630e+01 4.125e-02 0.000e+00
3.640e+01 5.034e-02 0.000e+00
3.650e+01 5.509e-02 0.000e+00
3.660e+01 5.191e-02 0.000e+00
3.670e+01 5.136e-02 0.000e+00
3.680e+01 5.639e-02 0.000e+00
3.690e+01 5.322e-02 0.000e+00
3.700e+01 5.026e-02 0.000e+00
3.710e+01 4.931e-02 0.000e+00
3.720e+01 3.881e-02 0.000e+00
3.730e+01 3.018e-02 0.000e+00
3.740e+01 4.039e-02 0.000e+00
3.750e+01 3.967e-02 0.000e+00
3.760e+01 4.801e-02 0.000e+00
3.770e+01 6.102e-02 0.000e+00
3.780e+01 6.767e-02 0.000e+00
3.790e+01 7.800e-02 0.000e+00
3.800e+01 6.687e-02 0.000e+00
3.810e+01 6.774e-02 0.000e+00
3.820e+01 6.564e-02 0.000e+00
3.830e+01 7.278e-02 0.000e+00
3.840e+01 8.786e-02 0.000e+00
3.850e+01 7.265e-02 0.000e+00
3.860e+01 6.135e-02 0.000e+00
3.870e+01 5.485e-02 0.000e+00
3.880e+01 5.176e-02 0.000e+00
3.890e+01 5.572e-02 0.000e+00
3.900e+01 6.994e-02 0.000e+00
3.910e+01 8.892e-02 0.000e+00
3.920e+01 8.251e-02 0.000e+00
3.930e+01 6.540e-02 0.000e+00
3.940e+01 5.869e-02 0.000e+00
3.950e+01 5.833e-02 0.000e+00
3.960e+01 5.678e-02 0.000e+00
3.970e+01 6.654e-02 0.000e+00
3.980e+01 6.626e-02 0.000e+00
3.990e+01 4.248e-02 0.000e+00
4.000e+01 3.789e-02 0.000e+00
4.010e+01 3.269e-02 0.000e+00
4.020e+01 2.393e-02 0.000e+00
4.030e+01 4.123e-02 0.000e+00
4.040e+01 4.431e-02 0.000e+00
4.050e+01 4.836e-02 0.000e+00
4.060e+01 5.076e-02 0.000e+00
4.070e+01 4.714e-02 0.000e+00
4.080e+01 4.020e-02 0.000e+00
4.090e+01 3.835e-02 0.000e+00
4.100e+01 4.725e-02 0.000e+00
4.110e+01 2.766e-02 0.000e+00
4.120e+01 2.997e-02 0.000e+00
4.130e+01 3.262e-02 0.000e+00
4.140e+01 3.397e-02 0.000e+00
4.150e+01 2.452e-02 0.000e+00
4.160e+01 1.780e-02 0.000e+00
4.170e+01 2.902e-02 0.000e+00
4.180e+01 4.033e-02 0.000e+00
4.190e+01 4.119e-02 0.000e+00
4.200e+01 3.788e-02 0.000e+00
4.210e+01 3.640e-02 0.000e+00
4.220e+01 3.466e-02 0.000e+00
4.230e+01 3.483e-02 0.000e+00
4.240e+01 3.795e-02 0.000e+00
4.250e+01 3.239e-02 0.000e+00
4.260e+01 3.328e-02 0.000e+00
4.270e+01 3.197e-02 0.000e+00
4.280e+01 4.694e-02 0.000e+00
4.290e+01 5.596e-02 0.000e+00
4.300e+01 5.487e-02 0.000e+00
4.310e+01 4.343e-02 0.000e+00
4.320e+01 3.061e-02 0.000e+00
4.330e+01 2.498e-02 0.000e+00
4.340e+01 3.449e-02 0.000e+00
4.350e+01 3.499e-02 0.000e+00
4.360e+01 3.237e-02 0.000e+00
4.370e+01 3.537e-02 0.000e+00
4.380e+01 3.650e-02 0.000e+00
4.390e+01 5.052e-02 0.000e+00
4.400e+01 5.637e-02 0.000e+00
4.410e+01 4.429e-02 0.000e+00
4.420e+01 4.032e-02 0.000e+00
4.430e+01 3.084e-02 0.000e+00
4.440e+01 3.227e-02 0.000e+00
4.450e+01 5.144e-02 0.000e+00
4.460e+01 4.253e-02 0.000e+00
4.470e+01 4.296e-02 0.000e+00
4.480e+01 3.739e-02 0.000e+00
4.490e+01 4.406e-02 0.000e+00
4.500e+01 3.872e-02 0.000e+00
4.510e+01 3.794e-02 0.000e+00
4.520e+01 3.057e-02 0.000e+00
4.530e+01 3.741e-02 0.000e+00
4.540e+01 4.190e-02 0.000e+00
4.550e+01 4.169e-02 0.000e+00
4.560e+01 3.600e-02 0.000e+00
4.570e+01 3.818e-02 0.000e+00
4.580e+01 4.326e-02 0.000e+00
4.590e+01 4.519e-02 0.000e+00
4.600e+01 4.451e-02 0.000e+00
4.610e+01 4.423e-02 0.000e+00
4.620e+01 2.499e-02 0.000e+00
4.630e+01 2.345e-02 0.000e+00
4.640e+01 2.661e-02 0.000e+00
4.650e+01 2.688e-02 0.000e+00
4.660e+01 3.144e-02 0.000e+00
4.670e+01 3.148e-02 0.000e+00
4.680e+01 4.482e-02 0.000e+00
4.690e+01 3.496e-02 0.000e+00
4.700e+01 2.212e-02 0.000e+00
4.710e+01 3.034e-02 0.000e+00
4.720e+01 4.103e-02 0.000e+00
4.730e+01 4.275e-02 0.000e+00
4.740e+01 2.949e-02 0.000e+00
4.750e+01 3.926e-02 0.000e+00
4.760e+01 2.528e-02 0.000e+00
4.770e+01 4.246e-02 0.000e+00
4.780e+01 4.204e-02 0.000e+00
4.790e+01 3.808e-02 0.000e+00
4.800e+01 4.363e-02 0.000e+00
4.810e+01 4.261e-02 0.000e+00
4.820e+01 4.665e-02 0.000e+00
4.830e+01 4.191e-02 0.000e+00
4.840e+01 4.614e-02 0.000e+00
4.850e+01 4.902e-02 0.000e+00
4.860e+01 5.126e-02 0.000e+00
4.870e+01 4.267e-02 0.000e+00
4.880e+01 4.527e-02 0.000e+00
4.890e+01 4.982e-02 0.000e+00
4.900e+01 4.493e-02 0.000e+00
4.910e+01 3.385e-02 0.000e+00
4.920e+01 3.707e-02 0.000e+00
4.930e+01 3.233e-02 0.000e+00
4.940e+01 4.068e-02 0.000e+00
4.950e+01 4.618e-02 0.000e+00
4.960e+01 5.263e-02 0.000e+00
4.970e+01 4.744e-02 0.000e+00
4.980e+01 4.689e-02 0.000e+00
4.990e+01 4.251e-02 0.000e+00
5.000e+01 4.070e-02 0.000e+00
5.010e+01 4.247e-02 0.000e+00
5.020e+01 4.480e-02 0.000e+00
5.030e+01 4.268e-02 0.000e+00
5.040e+01 4.193e-02 0.000e+00
5.050e+01 4.224e-02 0.000e+00
5.060e+01 4.272e-02 0.000e+00
5.070e+01 5.166e-02 0.000e+00
5.080e+01 4.961e-02 0.000e+00
5.090e+01 4.625e-02 0.000e+00
5.100e+01 4.739e-02 0.000e+00
5.110e+01 4.447e-02 0.000e+00
5.120e+01 4.903e-02 0.000e+00
5.130e+01 5.122e-02 0.000e+00
5.140e+01 4.332e-02 0.000e+00
5.150e+01 3.952e-02 0.000e+00
5.160e+01 2.682e-02 0.000e+00
5.170e+01 2.981e-02 0.000e+00
5.180e+01 2.840e-02 0.000e+00
5.190e+01 2.233e-02 0.000e+00
5.200e+01 2.508e-02 0.000e+00
5.210e+01 1.579e-02 0.000e+00
5.220e+01 2.196e-02 0.000e+00
5.230e+01 2.386e-02 0.000e+00
5.240e+01 2.592e-02 0.000e+00
5.250e+01 4.992e-04 0.000e+00
5.260e+01 2.539e-02 0.000e+00
5.270e+01 2.975e-02 0.000e+00
5.280e+01 3.278e-02 0.000e+00
5.290e+01 2.990e-02 0.000e+00
5.300e+01 3.211e-02 0.000e+00
5.310e+01 3.007e-02 0.000e+00
5.320e+01 2.274e-02 0.000e+00
5.330e+01 2.756e-02 0.000e+00
5.340e+01 2.761e-02 0.000e+00
5.350e+01 2.661e-02 0.000e+00
5.360e+01 2.682e-02 0.000e+00
5.370e+01 2.770e-02 0.000e+00
5.380e+01 2.584e-02 0.000e+00
5.390e+01 2.874e-02 0.000e+00
5.400e+01 3.596e-02 0.000e+00
5.410e+01 3.545e-02 0.000e+00
5.420e+01 3.648e-02 0.000e+00
5.430e+01 3.149e-02 0.000e+00
5.440e+01 3.609e-02 0.000e+00
5.450e+01 3.938e-02 0.000e+00
5.460e+01 4.002e-02 0.000e+00
5.470e+01 4.274e-02 0.000e+00
5.480e+01 4.239e-02 0.000e+00
5.490e+01 4.013e-02 0.000e+00
5.500e+01 4.155e-02 0.000e+00
5.510e+01 4.561e-02 0.000e+00
5.520e+01 4.343e-02 0.000e+00
5.530e+01 4.426e-02 0.000e+00
5.540e+01 4.321e-02 0.000e+00
5.550e+01 4.483e-02 0.000e+00
5.560e+01 4.467e-02 0.000e+00
5.570e+01 4.247e-02 0.000e+00
5.580e+01 3.742e-02 0.000e+00
5.590e+01 4.598e-02 0.000e+00
5.600e+01 4.240e-02 0.000e+00
5.610e+01 4.460e-02 0.000e+00
5.620e+01 5.004e-02 0.000e+00
5.630e+01 4.345e-02 0.000e+00
5.640e+01 3.903e-02 0.000e+00
5.650e+01 4.190e-02 0.000e+00
5.660e+01 3.939e-02 0.000e+00
5.670e+01 4.369e-02 0.000e+00
5.680e+01 3.745e-02 0.000e+00
5.690e+01 3.454e-02 0.000e+00
5.700e+01 3.488e-02 0.000e+00
5.710e+01 3.337e-02 0.000e+00
5.720e+01 3.622e-02 0.000e+00
5.730e+01 4.190e-02 0.000e+00
5.740e+01 3.858e-02 0.000e+00
5.750e+01 3.799e-02 0.000e+00
5.760e+01 3.874e-02 0.000e+00
5.770e+01 3.918e-02 0.000e+00
5.780e+01 4.287e-02 0.000e+00
5.790e+01 3.984e-02 0.000e+00
5.800e+01 3.874e-02 0.000e+00
5.810e+01 3.572e-02 0.000e+00
5.820e+01 2.788e-02 0.000e+00
5.830e+01 3.385e-02 0.000e+00
5.840e+01 3.918e-02 0.000e+00
5.850e+01 3.528e-02 0.000e+00
5.860e+01 3.727e-02 0.000e+00
5.870e+01 3.096e-02 0.000e+00
5.880e+01 3.209e-02 0.000e+00
5.890e+01 3.160e-02 0.000e+00
5.900e+01 3.267e-02 0.000e+00
5.910e+01 2.829e-02 0.000e+00
5.920e+01 2.323e-02 0.000e+00
5.930e+01 2.315e-02 0.000e+00
5.940e+01 2.411e-02 0.000e+00
5.950e+01 2.862e-02 0.000e+00
5.960e+01 2.641e-02 0.000e+00
5.970e+01 3.101e-02 0.000e+00
5.980e+01 2.733e-02 0.000e+00
5.990e+01 2.728e-02 0.000e+00
6.000e+01 2.856e-02 0.000e+00
6.010e+01 2.632e-02 0.000e+00
6.020e+01 2.861e-02 0.000e+00
6.030e+01 2.567e-02 0.000e+00
6.040e+01 2.215e-02 0.000e+00
6.050e+01 2.512e-02 0.000e+00
6.060e+01 2.756e-02 0.000e+00
6.070e+01 2.845e-02 0.000e+00
6.080e+01 2.584e-02 0.000e+00
6.090e+01 2.750e-02 0.000e+00
6.100e+01 3.069e-02 0.000e+00
6.110e+01 2.790e-02 0.000e+00
6.120e+01 3.533e-02 0.000e+00
6.130e+01 3.525e-02 0.000e+00
6.140e+01 3.380e-02 0.000e+00
6.150e+01 3.381e-02 0.000e+00
6.160e+01 3.162e-02 0.000e+00
6.170e+01 2.720e-02 0.000e+00
6.180e+01 2.899e-02 0.000e+00
6.190e+01 2.840e-02 0.000e+00
6.200e+01 2.697e-02 0.000e+00
6.210e+01 2.398e-02 0.000e+00
6.220e+01 2.140e-02 0.000e+00
6.230e+01 2.466e-02 0.000e+00
6.240e+01 2.638e-02 0.000e+00
6.250e+01 2.328e-02 0.000e+00
6.260e+01 2.140e-02 0.000e+00
6.270e+01 2.299e-02 0.000e+00
6.280e+01 2.638e-02 0.000e+00
6.290e+01 2.552e-02 0.000e+00
6.300e+01 2.324e-02 0.000e+00
6.310e+01 2.694e-02 0.000e+00
6.320e+01 3.046e-02 0.000e+00
6.330e+01 3.325e-02 0.000e+00
6.340e+01 2.645e-02 0.000e+00
6.350e+01 3.160e-02 0.000e+00
6.360e+01 3.154e-02 0.000e+00
6.370e+01 2.850e-02 0.000e+00
6.380e+01 2.951e-02 0.000e+00
6.390e+01 3.266e-02 0.000e+00
6.400e+01 2.924e-02 0.000e+00
6.410e+01 3.009e-02 0.000e+00
6.420e+01 2.651e-02 0.000e+00
6.430e+01 3.193e-02 0.000e+00
6.440e+01 3.499e-02 0.000e+00
6.450e+01 3.263e-02 0.000e+00
6.460e+01 2.887e-02 0.000e+00
6.470e+01 3.021e-02 0.000e+00
6.480e+01 3.169e-02 0.000e+00
6.490e+01 3.315e-02 0.000e+00
6.500e+01 2.952e-02 0.000e+00
6.510e+01 2.924e-02 0.000e+00
6.520e+01 2.471e-02 0.000e+00
6.530e+01 2.278e-02 0.000e+00
6.540e+01 2.281e-02 0.000e+00
6.550e+01 2.323e-02 0.000e+00
6.560e+01 2.739e-02 0.000e+00
6.570e+01 2.556e-02 0.000e+00
6.580e+01 2.552e-02 0.000e+00
6.590e+01 2.621e-02 0.000e+00
6.600e+01 2.240e-02 0.000e+00
6.610e+01 2.101e-02 0.000e+00
6.620e+01 1.913e-02 0.000e+00
6.630e+01 2.420e-02 0.000e+00
6.640e+01 2.077e-02 0.000e+00
6.650e+01 2.845e-02 0.000e+00
6.660e+01 3.100e-02 0.000e+00
6.670e+01 3.162e-02 0.000e+00
6.680e+01 2.400e-02 0.000e+00
6.690e+01 2.610e-02 0.000e+00
6.700e+01 2.791e-02 0.000e+00
6.710e+01 3.054e-02 0.000e+00
6.720e+01 3.145e-02 0.000e+00
6.730e+01 2.879e-02 0.000e+00
6.740e+01 2.357e-02 0.000e+00
6.750e+01 1.905e-02 0.000e+00
6.760e+01 2.482e-02 0.000e+00
6.770e+01 2.634e-02 0.000e+00
6.780e+01 2.844e-02 0.000e+00
6.790e+01 2.659e-02 0.000e+00
6.800e+01 2.165e-02 0.000e+00
6.810e+01 2.537e-02 0.000e+00
6.820e+01 2.738e-02 0.000e+00
6.830e+01 3.158e-02 0.000e+00
6.840e+01 2.549e-02 0.000e+00
6.850e+01 2.213e-02 0.000e+00
6.860e+01 1.925e-02 0.000e+00
6.870e+01 1.454e-02 0.000e+00
6.880e+01 1.630e-02 0.000e+00
6.890e+01 1.345e-02 0.000e+00
6.900e+01 1.045e-02 0.000e+00
6.910e+01 7.657e-03 0.000e+00
6.920e+01 2.126e-02 0.000e+00
6.930e+01 1.920e-02 0.000e+00
6.940e+01 1.210e-02 0.000e+00
6.950e+01 2.396e-03 0.000e+00
6.960e+01 7.896e-03 0.000e+00
6.970e+01 -1.072e-02 0.000e+00
6.980e+01 -1.055e-02 0.000e+00
6.990e+01 -8.109e-03 0.000e+00
7.000e+01 -8.122e-03 0.000e+00
7.010e+01 1.572e-03 0.000e+00
7.020e+01 7.132e-03 0.000e+00
7.030e+01 9.665e-04 0.000e+00
7.040e+01 -1.764e-03 0.000e+00
7.050e+01 1.183e-03 0.000e+00
7.060e+01 -6.655e-04 0.000e+00
7.070e+01 1.289e-02 0.000e+00
7.080e+01 1.295e-02 0.000e+00
7.090e+01 2.384e-02 0.000e+00
7.100e+01 1.206e-02 0.000e+00
7.110e+01 1.576e-04 0.000e+00
7.120e+01 1.741e-02 0.000e+00
7.130e+01 7.563e-03 0.000e+00
7.140e+01 1.765e-02 0.000e+00
7.150e+01 2.389e-02 0.000e+00
7.160e+01 3.258e-02 0.000e+00
7.170e+01 2.706e-02 0.000e+00
7.180e+01 2.077e-02 0.000e+00
7.190e+01 1.982e-02 0.000e+00
7.200e+01 1.696e-02 0.000e+00
7.210e+01 2.182e-02 0.000e+00
7.220e+01 3.005e-02 0.000e+00
7.230e+01 2.089e-02 0.000e+00
7.240e+01 1.418e-02 0.000e+00
7.250e+01 1.276e-02 0.000e+00
7.260e+01 2.481e-02 0.000e+00
7.270e+01 2.150e-02 0.000e+00
7.280e+01 2.417e-02 0.000e+00
7.290e+01 2.533e-02 0.000e+00
7.300e+01 2.030e-02 0.000e+00
7.310e+01 9.658e-03 0.000e+00
7.320e+01 1.927e-02 0.000e+00
7.330e+01 2.321e-02 0.000e+00
7.340e+01 2.551e-02 0.000e+00
7.350e+01 1.686e-02 0.000e+00
7.360e+01 1.892e-02 0.000e+00
7.370e+01 1.470e-02 0.000e+00
7.380e+01 2.345e-02 0.000e+00
7.390e+01 2.714e-02 0.000e+00
7.400e+01 2.758e-02 0.000e+00
7.410e+01 2.676e-02 0.000e+00
7.420e+01 2.780e-02 0.000e+00
7.430e+01 2.491e-02 0.000e+00
7.440e+01 2.069e-02 0.000e+00
7.450e+01 3.929e-02 0.000e+00
7.460e+01 3.229e-02 0.000e+00
7.470e+01 3.516e-02 0.000e+00
7.480e+01 3.158e-02 0.000e+00
7.490e+01 3.120e-02 0.000e+00
7.500e+01 4.457e-02 0.000e+00
7.510e+01 5.816e-02 0.000e+00
7.520e+01 4.609e-02 0.000e+00
7.530e+01 4.154e-02 0.000e+00
7.540e+01 3.091e-02 0.000e+00
7.550e+01 3.569e-02 0.000e+00
7.560e+01 3.748e-02 0.000e+00
7.570e+01 3.743e-02 0.000e+00
7.580e+01 4.663e-02 0.000e+00
7.590e+01 3.481e-02 0.000e+00
7.600e+01 4.238e-02 0.000e+00
7.610e+01 3.835e-02 0.000e+00
7.620e+01 3.610e-02 0.000e+00
7.630e+01 4.611e-02 0.000e+00
7.640e+01 4.508e-02 0.000e+00
7.650e+01 6.105e-02 0.000e+00
7.660e+01 5.509e-02 0.000e+00
7.670e+01 5.396e-02 0.000e+00
7.680e+01 5.540e-02 0.000e+00
7.690e+01 3.690e-02 0.000e+00
7.700e+01 4.085e-02 0.000e+00
7.710e+01 4.272e-02 0.000e+00
7.720e+01 4.939e-02 0.000e+00
7.730e+01 5.771e-02 0.000e+00
7.740e+01 5.901e-02 0.000e+00
7.750e+01 4.872e-02 0.000e+00
7.760e+01 5.092e-02 0.000e+00
7.770e+01 4.978e-02 0.000e+00
7.780e+01 5.891e-02 0.000e+00
7.790e+01 6.099e-02 0.000e+00
7.800e+01 6.838e-02 0.000e+00
7.810e+01 6.300e-02 0.000e+00
7.820e+01 6.510e-02 0.000e+00
7.830e+01 5.799e-02 0.000e+00
7.840e+01 6.339e-02 0.000e+00
7.850e+01 5.479e-02 0.000e+00
7.860e+01 5.596e-02 0.000e+00
7.870e+01 5.471e-02 0.000e+00
7.880e+01 5.808e-02 0.000e+00
7.890e+01 4.695e-02 0.000e+00
7.900e+01 4.711e-02 0.000e+00
7.910e+01 4.641e-02 0.000e+00
7.920e+01 5.432e-02 0.000e+00
7.930e+01 4.484e-02 0.000e+00
7.940e+01 4.887e-02 0.000e+00
7.950e+01 5.759e-02 0.000e+00
7.960e+01 5.297e-02 0.000e+00
7.970e+01 4.870e-02 0.000e+00
7.980e+01 5.729e-02 0.000e+00
7.990e+01 6.011e-02 0.000e+00
8.000e+01 5.707e-02 0.000e+00
8.010e+01 5.178e-02 0.000e+00
8.020e+01 5.916e-02 0.000e+00
8.030e+01 5.494e-02 0.000e+00
8.040e+01 5.711e-02 0.000e+00
8.050e+01 6.300e-02 0.000e+00
8.060e+01 5.050e-02 0.000e+00
8.070e+01 5.088e-02 0.000e+00
8.080e+01 4.298e-02 0.000e+00
8.090e+01 4.326e-02 0.000e+00
8.100e+01 5.532e-02 0.000e+00
8.110e+01 5.816e-02 0.000e+00
8.120e+01 4.831e-02 0.000e+00
8.130e+01 5.022e-02 0.000e+00
8.140e+01 4.157e-02 0.000e+00
8.150e+01 4.706e-02 0.000e+00
8.160e+01 4.862e-02 0.000e+00
8.170e+01 5.663e-02 0.000e+00
8.180e+01 4.587e-02 0.000e+00
8.190e+01 4.238e-02 0.000e+00
8.200e+01 4.479e-02 0.000e+00
8.210e+01 3.955e-02 0.000e+00
8.220e+01 4.405e-02 0.000e+00
8.230e+01 4.026e-02 0.000e+00
8.240e+01 4.340e-02 0.000e+00
8.250e+01 3.863e-02 0.000e+00
8.260e+01 3.846e-02 0.000e+00
8.270e+01 4.201e-02 0.000e+00
8.280e+01 4.756e-02 0.000e+00
8.290e+01 4.324e-02 0.000e+00
8.300e+01 3.864e-02 0.000e+00
8.310e+01 3.463e-02 0.000e+00
8.320e+01 3.507e-02 0.000e+00
8.330e+01 3.816e-02 0.000e+00
8.340e+01 4.033e-02 0.000e+00
8.350e+01 4.418e-02 0.000e+00
8.360e+01 4.640e-02 0.000e+00
8.370e+01 5.237e-02 0.000e+00
8.380e+01 4.821e-02 0.000e+00
8.390e+01 3.916e-02 0.000e+00
8.400e+01 4.272e-02 0.000e+00
8.410e+01 3.704e-02 0.000e+00
8.420e+01 4.289e-02 0.000e+00
8.430e+01 4.125e-02 0.000e+00
8.440e+01 4.026e-02 0.000e+00
8.450e+01 4.446e-02 0.000e+00
8.460e+01 4.228e-02 0.000e+00
8.470e+01 3.730e-02 0.000e+00
8.480e+01 3.811e-02 0.000e+00
8.490e+01 4.213e-02 0.000e+00
8.500e+01 4.153e-02 0.000e+00
8.510e+01 3.675e-02 0.000e+00
8.520e+01 3.393e-02 0.000e+00
8.530e+01 3.378e-02 0.000e+00
8.540e+01 3.307e-02 0.000e+00
8.550e+01 3.475e-02 0.000e+00
8.560e+01 3.732e-02 0.000e+00
8.570e+01 3.737e-02 0.000e+00
8.580e+01 3.597e-02 0.000e+00
8.590e+01 3.781e-02 0.000e+00
8.600e+01 3.398e-02 0.000e+00
8.610e+01 3.136e-02 0.000e+00
8.620e+01 2.941e-02 0.000e+00
8.630e+01 3.038e-02 0.000e+00
8.640e+01 3.113e-02 0.000e+00
8.650e+01 3.205e-02 0.000e+00
8.660e+01 3.532e-02 0.000e+00
8.670e+01 3.476e-02 0.000e+00
8.680e+01 3.870e-02 0.000e+00
8.690e+01 3.878e-02 0.000e+00
8.700e+01 3.813e-02 0.000e+00
8.710e+01 4.130e-02 0.000e+00
8.720e+01 2.820e-02 0.000e+00
8.730e+01 2.244e-02 0.000e+00
8.740e+01 2.370e-02 0.000e+00
8.750e+01 2.992e-02 0.000e+00
8.760e+01 3.148e-02 0.000e+00
8.770e+01 2.978e-02 0.000e+00
8.780e+01 3.299e-02 0.000e+00
8.790e+01 3.897e-02 0.000e+00
8.800e+01 3.329e-02 0.000e+00
8.810e+01 2.546e-02 0.000e+00
8.820e+01 2.436e-02 0.000e+00
8.830e+01 2.508e-02 0.000e+00
8.840e+01 3.005e-02 0.000e+00
8.850e+01 2.783e-02 0.000e+00
8.860e+01 2.712e-02 0.000e+00
8.870e+01 2.495e-02 0.000e+00
8.880e+01 2.981e-02 0.000e+00
8.890e+01 3.029e-02 0.000e+00
8.900e+01 2.906e-02 0.000e+00
8.910e+01 2.719e-02 0.000e+00
8.920e+01 2.824e-02 0.000e+00
8.930e+01 2.871e-02 0.000e+00
8.940e+01 3.277e-02 0.000e+00
8.950e+01 3.986e-02 0.000e+00
8.960e+01 3.528e-02 0.000e+00
8.970e+01 4.482e-02 0.000e+00
8.980e+01 4.583e-02 0.000e+00
8.990e+01 3.983e-02 0.000e+00
9.000e+01 3.731e-02 0.000e+00
9.010e+01 5.627e-02 0.000e+00
9.020e+01 5.285e-02 0.000e+00
9.030e+01 6.017e-02 0.000e+00
9.040e+01 5.344e-02 0.000e+00
9.050e+01 5.235e-02 0.000e+00
9.060e+01 5.575e-02 0.000e+00
9.070e+01 4.594e-02 0.000e+00
9.080e+01 6.904e-02 0.000e+00
9.090e+01 4.530e-02 0.000e+00
9.100e+01 4.626e-02 0.000e+00
9.110e+01 5.289e-02 0.000e+00
9.120e+01 4.605e-02 0.000e+00
9.130e+01 5.451e-02 0.000e+00
9.140e+01 6.514e-02 0.000e+00
9.150e+01 5.825e-02 0.000e+00
9.160e+01 6.142e-02 0.000e+00
9.170e+01 6.923e-02 0.000e+00
9.180e+01 6.065e-02 0.000e+00
9.190e+01 5.371e-02 0.000e+00
9.200e+01 6.658e-02 0.000e+00
9.210e+01 5.589e-02 0.000e+00
9.220e+01 5.257e-02 0.000e+00
9.230e+01 6.898e-02 0.000e+00
9.240e+01 6.760e-02 0.000e+00
9.250e+01 7.095e-02 0.000e+00
9.260e+01 6.377e-02 0.000e+00
9.270e+01 6.149e-02 0.000e+00
9.280e+01 6.094e-02 0.000e+00
9.290e+01 5.467e-02 0.000e+00
9.300e+01 6.212e-02 0.000e+00
9.310e+01 6.135e-02 0.000e+00
9.320e+01 4.778e-02 0.000e+00
9.330e+01 4.720e-02 0.000e+00
9.340e+01 4.487e-02 0.000e+00
9.350e+01 5.476e-02 0.000e+00
9.360e+01 5.241e-02 0.000e+00
9.370e+01 4.141e-02 0.000e+00
9.380e+01 4.404e-02 0.000e+00
9.390e+01 4.262e-02 0.000e+00
9.400e+01 4.008e-02 0.000e+00
9.410e+01 3.375e-02 0.000e+00
9.420e+01 3.832e-02 0.000e+00
9.430e+01 4.474e-02 0.000e+00
9.440e+01 4.299e-02 0.000e+00
9.450e+01 4.461e-02 0.000e+00
9.460e+01 4.861e-02 0.000e+00
9.470e+01 3.405e-02 0.000e+00
9.480e+01 3.195e-02 0.000e+00
9.490e+01 3.656e-02 0.000e+00
9.500e+01 4.861e-02 0.000e+00
9.510e+01 4.890e-02 0.000e+00
9.520e+01 5.227e-02 0.000e+00
9.530e+01 4.668e-02 0.000e+00
9.540e+01 5.268e-02 0.000e+00
9.550e+01 4.436e-02 0.000e+00
9.560e+01 3.972e-02 0.000e+00
9.570e+01 4.374e-02 0.000e+00
9.580e+01 4.316e-02 0.000e+00
9.590e+01 3.939e-02 0.000e+00
9.600e+01 4.328e-02 0.000e+00
9.610e+01 4.645e-02 0.000e+00
9.620e+01 4.635e-02 0.000e+00
9.630e+01 4.290e-02 0.000e+00
9.640e+01 3.679e-02 0.000e+00
9.650e+01 3.549e-02 0.000e+00
9.660e+01 3.327e-02 0.000e+00
9.670e+01 3.597e-02 0.000e+00
9.680e+01 4.243e-02 0.000e+00
9.690e+01 3.288e-02 0.000e+00
9.700e+01 3.255e-02 0.000e+00
9.710e+01 3.152e-02 0.000e+00
9.720e+01 2.881e-02 0.000e+00
9.730e+01 2.795e-02 0.000e+00
9.740e+01 3.443e-02 0.000e+00
9.750e+01 3.953e-02 0.000e+00
9.760e+01 4.836e-02 0.000e+00
9.770e+01 3.984e-02 0.000e+00
9.780e+01 3.486e-02 0.000e+00
9.790e+01 4.091e-02 0.000e+00
9.800e+01 4.145e-02 0.000e+00
9.810e+01 5.361e-02 0.000e+00
9.820e+01 4.999e-02 0.000e+00
9.830e+01 3.882e-02 0.000e+00
9.840e+01 5.096e-02 0.000e+00
9.850e+01 5.618e-02 0.000e+00
9.860e+01 5.944e-02 0.000e+00
9.870e+01 7.185e-02 0.000e+00
9.880e+01 6.392e-02 0.000e+00
9.890e+01 6.348e-02 0.000e+00
9.900e+01 4.232e-02 0.000e+00
9.910e+01 5.640e-02 0.000e+00
9.920e+01 4.524e-02 0.000e+00
9.930e+01 5.639e-02 0.000e+00
9.940e+01 5.592e-02 0.000e+00
9.950e+01 4.706e-02 0.000e+00
9.960e+01 5.586e-02 0.000e+00
9.970e+01 4.656e-02 0.000e+00
9.980e+01 4.893e-02 0.000e+00
9.990e+01 7.537e-02 0.000e+00
