# Time (ps)      real(F_2)      im(F_2)
0.000e+00 1.000e+00 0.000e+00
1.000e-01 9.209e-01 -7.452e-03
2.000e-01 9.003e-01 -7.169e-03
3.000e-01 8.615e-01 -3.732e-02
4.000e-01 8.297e-01 -3.562e-02
5.000e-01 8.496e-01 -4.909e-02
6.000e-01 8.095e-01 -6.757e-02
7.000e-01 7.985e-01 -6.919e-02
8.000e-01 7.784e-01 -6.290e-02
9.000e-01 7.572e-01 -6.324e-02
1.000e+00 7.278e-01 -4.350e-02
1.100e+00 7.202e-01 -5.630e-02
1.200e+00 7.253e-01 -8.144e-02
1.300e+00 7.459e-01 -2.866e-02
1.400e+00 7.259e-01 -9.468e-03
1.500e+00 7.156e-01 -6.856e-03
1.600e+00 7.616e-01 -1.616e-02
1.700e+00 7.009e-01 1.891e-03
1.800e+00 6.869e-01 -1.988e-02
1.900e+00 7.076e-01 3.751e-04
2.000e+00 7.110e-01 -4.921e-02
2.100e+00 6.747e-01 -2.748e-02
2.200e+00 6.914e-01 -7.890e-03
2.300e+00 6.758e-01 -5.264e-02
2.400e+00 6.620e-01 -5.780e-03
2.500e+00 6.784e-01 -8.872e-03
2.600e+00 6.463e-01 -1.819e-02
2.700e+00 6.713e-01 -6.428e-02
2.800e+00 6.580e-01 -5.051e-02
2.900e+00 6.285e-01 -3.537e-03
3.000e+00 6.339e-01 -3.307e-03
3.100e+00 6.035e-01 -3.945e-03
3.200e+00 6.072e-01 1.368e-02
3.300e+00 5.893e-01 -9.213e-03
3.400e+00 6.303e-01 1.437e-02
3.500e+00 5.899e-01 -1.869e-02
3.600e+00 6.031e-01 1.829e-02
3.700e+00 5.570e-01 1.363e-02
3.800e+00 5.459e-01 -2.316e-03
3.900e+00 5.310e-01 -5.420e-03
4.000e+00 5.385e-01 -2.872e-02
4.100e+00 5.448e-01 1.304e-02
4.200e+00 5.313e-01 1.188e-02
4.300e+00 5.616e-01 6.682e-03
4.400e+00 5.448e-01 -7.123e-03
4.500e+00 5.411e-01 1.596e-02
4.600e+00 5.657e-01 2.756e-04
4.700e+00 5.701e-01 1.011e-02
4.800e+00 5.390e-01 2.318e-02
4.900e+00 5.525e-01 9.417e-03
5.000e+00 5.372e-01 3.198e-02
5.100e+00 5.207e-01 1.899e-02
5.200e+00 5.299e-01 3.543e-02
5.300e+00 5.357e-01 3.798e-02
5.400e+00 5.377e-01 2.485e-02
5.500e+00 5.011e-01 4.049e-02
5.600e+00 5.151e-01 4.940e-02
5.700e+00 5.127e-01 6.111e-02
5.800e+00 5.158e-01 7.397e-02
5.900e+00 5.037e-01 7.920e-02
6.000e+00 4.796e-01 6.853e-02
6.100e+00 5.023e-01 4.980e-02
6.200e+00 4.975e-01 3.364e-02
6.300e+00 4.890e-01 2.268e-02
6.400e+00 4.941e-01 3.517e-02
6.500e+00 4.814e-01 5.284e-02
6.600e+00 4.818e-01 7.467e-02
6.700e+00 4.902e-01 7.668e-02
6.800e+00 4.786e-01 5.341e-02
6.900e+00 4.840e-01 5.462e-02
7.000e+00 4.664e-01 5.108e-02
7.100e+00 4.755e-01 4.096e-02
7.200e+00 4.954e-01 6.569e-02
7.300e+00 4.778e-01 4.413e-02
7.400e+00 4.769e-01 3.113e-02
7.500e+00 4.746e-01 4.886e-02
7.600e+00 4.538e-01 4.852e-02
7.700e+00 4.337e-01 4.046e-02
7.800e+00 4.322e-01 2.481e-02
7.900e+00 4.397e-01 5.322e-02
8.000e+00 4.269e-01 2.690e-02
8.100e+00 4.310e-01 1.566e-02
8.200e+00 4.281e-01 2.828e-03
8.300e+00 4.283e-01 1.616e-02
8.400e+00 4.349e-01 4.870e-02
8.500e+00 4.073e-01 2.085e-02
8.600e+00 4.064e-01 2.786e-02
8.700e+00 3.996e-01 4.680e-02
8.800e+00 3.982e-01 1.648e-02
8.900e+00 3.987e-01 5.250e-04
9.000e+00 4.063e-01 6.483e-04
9.100e+00 3.946e-01 2.360e-02
9.200e+00 3.846e-01 -1.051e-02
9.300e+00 3.974e-01 1.427e-02
9.400e+00 4.019e-01 2.066e-03
9.500e+00 3.983e-01 1.224e-02
9.600e+00 4.169e-01 1.009e-02
9.700e+00 4.072e-01 1.249e-02
9.800e+00 3.957e-01 8.999e-04
9.900e+00 3.950e-01 -3.307e-02
1.000e+01 3.848e-01 -2.096e-02
1.010e+01 3.744e-01 -1.860e-02
1.020e+01 3.667e-01 -1.768e-02
1.030e+01 3.933e-01 -1.000e-02
1.040e+01 3.627e-01 -1.557e-02
1.050e+01 3.863e-01 -3.547e-03
1.060e+01 4.064e-01 -4.610e-04
1.070e+01 3.974e-01 -1.325e-02
1.080e+01 3.907e-01 4.195e-03
1.090e+01 3.936e-01 -5.900e-03
1.100e+01 3.845e-01 -1.257e-04
1.110e+01 3.724e-01 9.512e-03
1.120e+01 3.761e-01 6.319e-03
1.130e+01 3.826e-01 2.698e-02
1.140e+01 3.551e-01 4.284e-02
1.150e+01 3.385e-01 4.430e-02
1.160e+01 3.661e-01 4.695e-02
1.170e+01 3.411e-01 4.782e-02
1.180e+01 3.285e-01 5.644e-02
1.190e+01 3.484e-01 5.078e-02
1.200e+01 3.439e-01 3.631e-02
1.210e+01 3.486e-01 5.662e-02
1.220e+01 3.336e-01 5.088e-02
1.230e+01 3.445e-01 7.184e-02
1.240e+01 3.566e-01 4.219e-02
1.250e+01 3.647e-01 5.317e-02
1.260e+01 3.423e-01 4.858e-02
1.270e+01 3.424e-01 4.109e-02
1.280e+01 3.215e-01 3.301e-02
1.290e+01 3.338e-01 5.251e-02
1.300e+01 3.252e-01 6.515e-02
1.310e+01 3.023e-01 5.503e-02
1.320e+01 3.102e-01 5.791e-02
1.330e+01 2.842e-01 5.685e-02
1.340e+01 2.896e-01 6.900e-02
1.350e+01 3.253e-01 7.087e-02
1.360e+01 3.099e-01 5.800e-02
1.370e+01 3.263e-01 5.831e-02
1.380e+01 2.990e-01 4.451e-02
1.390e+01 3.197e-01 4.696e-02
1.400e+01 3.208e-01 5.299e-02
1.410e+01 3.012e-01 7.194e-02
1.420e+01 3.012e-01 8.243e-02
1.430e+01 2.969e-01 6.209e-02
1.440e+01 3.129e-01 3.844e-02
1.450e+01 3.141e-01 2.571e-02
1.460e+01 3.043e-01 5.929e-02
1.470e+01 3.071e-01 8.045e-02
1.480e+01 2.930e-01 7.761e-02
1.490e+01 2.817e-01 7.095e-02
1.500e+01 2.845e-01 5.818e-02
1.510e+01 3.011e-01 5.389e-02
1.520e+01 2.961e-01 4.577e-02
1.530e+01 2.773e-01 5.288e-02
1.540e+01 2.859e-01 3.181e-02
1.550e+01 2.811e-01 5.555e-02
1.560e+01 2.992e-01 5.659e-02
1.570e+01 2.881e-01 6.646e-02
1.580e+01 2.920e-01 5.403e-02
1.590e+01 2.784e-01 5.348e-02
1.600e+01 2.676e-01 5.162e-02
1.610e+01 2.757e-01 4.126e-02
1.620e+01 2.555e-01 5.201e-02
1.630e+01 2.601e-01 4.768e-02
1.640e+01 2.622e-01 3.580e-02
1.650e+01 2.874e-01 1.558e-02
1.660e+01 2.654e-01 3.609e-02
1.670e+01 2.583e-01 6.852e-02
1.680e+01 2.569e-01 4.445e-02
1.690e+01 2.678e-01 6.084e-02
1.700e+01 2.529e-01 6.271e-02
1.710e+01 2.573e-01 5.942e-02
1.720e+01 2.534e-01 5.017e-02
1.730e+01 2.558e-01 5.607e-02
1.740e+01 2.643e-01 5.213e-02
1.750e+01 2.608e-01 4.848e-02
1.760e+01 2.662e-01 5.652e-02
1.770e+01 2.722e-01 5.661e-02
1.780e+01 2.637e-01 5.644e-02
1.790e+01 2.995e-01 4.836e-02
1.800e+01 2.783e-01 3.732e-02
1.810e+01 2.734e-01 3.044e-02
1.820e+01 2.585e-01 4.184e-02
1.830e+01 2.573e-01 4.745e-02
1.840e+01 2.526e-01 4.512e-02
1.850e+01 2.529e-01 5.241e-02
1.860e+01 2.413e-01 4.023e-02
1.870e+01 2.435e-01 4.254e-02
1.880e+01 2.473e-01 6.010e-02
1.890e+01 2.598e-01 6.139e-02
1.900e+01 2.615e-01 5.445e-02
1.910e+01 2.546e-01 4.931e-02
1.920e+01 2.525e-01 3.623e-02
1.930e+01 2.505e-01 3.087e-02
1.940e+01 2.507e-01 3.754e-02
1.950e+01 2.685e-01 4.789e-02
1.960e+01 2.604e-01 4.043e-02
1.970e+01 2.690e-01 4.416e-02
1.980e+01 2.665e-01 4.535e-02
1.990e+01 2.631e-01 6.095e-02
2.000e+01 2.949e-01 5.408e-02
2.010e+01 2.824e-01 4.472e-02
2.020e+01 2.846e-01 3.338e-02
2.030e+01 2.547e-01 3.798e-02
2.040e+01 2.565e-01 4.042e-02
2.050e+01 2.528e-01 2.931e-02
2.060e+01 2.543e-01 5.186e-02
2.070e+01 2.773e-01 3.513e-02
2.080e+01 2.574e-01 3.441e-02
2.090e+01 2.511e-01 4.014e-02
2.100e+01 2.650e-01 1.718e-02
2.110e+01 2.648e-01 2.950e-02
2.120e+01 2.760e-01 3.836e-02
2.130e+01 2.601e-01 4.442e-02
2.140e+01 2.420e-01 3.238e-02
2.150e+01 2.437e-01 5.215e-02
2.160e+01 2.417e-01 2.870e-02
2.170e+01 2.388e-01 2.261e-02
2.180e+01 2.573e-01 1.773e-02
2.190e+01 2.649e-01 1.921e-02
2.200e+01 2.522e-01 1.585e-02
2.210e+01 2.567e-01 2.392e-02
2.220e+01 2.490e-01 3.149e-02
2.230e+01 2.463e-01 1.048e-02
2.240e+01 2.377e-01 6.004e-03
2.250e+01 2.186e-01 1.030e-02
2.260e+01 2.175e-01 7.873e-04
2.270e+01 2.317e-01 2.343e-03
2.280e+01 2.460e-01 1.231e-02
2.290e+01 2.565e-01 6.456e-03
2.300e+01 2.424e-01 1.119e-02
2.310e+01 2.394e-01 1.173e-02
2.320e+01 2.259e-01 8.689e-03
2.330e+01 2.331e-01 2.411e-02
2.340e+01 2.056e-01 2.318e-02
2.350e+01 2.154e-01 8.625e-03
2.360e+01 2.287e-01 9.547e-03
2.370e+01 2.232e-01 9.011e-03
2.380e+01 2.280e-01 1.209e-02
2.390e+01 2.216e-01 1.317e-03
2.400e+01 2.158e-01 8.947e-03
2.410e+01 2.103e-01 5.065e-03
2.420e+01 2.123e-01 1.029e-02
2.430e+01 2.091e-01 2.846e-03
2.440e+01 2.098e-01 1.661e-02
2.450e+01 2.237e-01 2.596e-03
2.460e+01 2.288e-01 1.614e-02
2.470e+01 2.232e-01 1.365e-02
2.480e+01 2.308e-01 9.011e-03
2.490e+01 2.084e-01 6.119e-03
2.500e+01 2.128e-01 7.314e-03
2.510e+01 2.036e-01 -7.498e-03
2.520e+01 2.170e-01 -4.076e-03
2.530e+01 2.181e-01 7.261e-04
2.540e+01 2.197e-01 3.575e-03
2.550e+01 2.077e-01 1.437e-02
2.560e+01 2.159e-01 1.156e-02
2.570e+01 1.963e-01 -2.747e-04
2.580e+01 1.954e-01 -1.513e-02
2.590e+01 1.903e-01 -1.386e-02
2.600e+01 1.827e-01 -2.005e-02
2.610e+01 1.881e-01 -1.472e-02
2.620e+01 1.745e-01 2.719e-03
2.630e+01 1.812e-01 -9.717e-03
2.640e+01 1.700e-01 9.948e-03
2.650e+01 1.778e-01 1.590e-02
2.660e+01 1.645e-01 1.799e-03
2.670e+01 1.793e-01 -2.076e-03
2.680e+01 1.860e-01 -6.474e-03
2.690e+01 1.733e-01 -1.643e-02
2.700e+01 1.767e-01 -1.225e-02
2.710e+01 1.649e-01 3.630e-03
2.720e+01 1.815e-01 1.045e-02
2.730e+01 1.778e-01 -1.532e-02
2.740e+01 1.749e-01 -2.312e-02
2.750e+01 1.853e-01 -6.603e-03
2.760e+01 1.703e-01 1.555e-03
2.770e+01 1.681e-01 -7.965e-03
2.780e+01 1.628e-01 -1.398e-03
2.790e+01 1.565e-01 -1.202e-02
2.800e+01 1.639e-01 -1.014e-02
2.810e+01 1.608e-01 -1.409e-02
2.820e+01 1.594e-01 -1.769e-02
2.830e+01 1.780e-01 -8.539e-03
2.840e+01 1.580e-01 -4.216e-03
2.850e+01 1.436e-01 -1.734e-02
2.860e+01 1.482e-01 -9.285e-03
2.870e+01 1.440e-01 -1.059e-02
2.880e+01 1.614e-01 -1.264e-02
2.890e+01 1.531e-01 -6.441e-03
2.900e+01 1.744e-01 -1.598e-03
2.910e+01 1.668e-01 -1.488e-02
2.920e+01 1.538e-01 1.221e-02
2.930e+01 1.612e-01 5.335e-03
2.940e+01 1.633e-01 6.993e-03
2.950e+01 1.758e-01 -1.108e-02
2.960e+01 1.579e-01 -4.955e-03
2.970e+01 1.865e-01 -2.599e-03
2.980e+01 1.728e-01 8.123e-03
2.990e+01 1.783e-01 7.057e-03
3.000e+01 1.864e-01 6.918e-04
3.010e+01 1.787e-01 -2.644e-03
3.020e+01 1.878e-01 -2.763e-03
3.030e+01 1.831e-01 -9.142e-03
3.040e+01 1.821e-01 -7.429e-03
3.050e+01 2.011e-01 -1.775e-03
3.060e+01 1.987e-01 4.675e-03
3.070e+01 1.992e-01 -3.410e-03
3.080e+01 2.107e-01 -1.075e-02
3.090e+01 1.967e-01 -1.659e-02
3.100e+01 1.713e-01 -1.814e-02
3.110e+01 1.670e-01 -2.062e-02
3.120e+01 1.720e-01 -1.797e-02
3.130e+01 1.644e-01 -1.300e-02
3.140e+01 1.672e-01 -1.136e-02
3.150e+01 1.661e-01 -1.495e-02
3.160e+01 1.750e-01 -1.162e-02
3.170e+01 1.764e-01 -1.189e-02
3.180e+01 1.794e-01 -1.116e-02
3.190e+01 1.887e-01 -2.204e-02
3.200e+01 2.079e-01 -2.071e-02
3.210e+01 1.765e-01 -2.528e-02
3.220e+01 1.849e-01 -3.233e-02
3.230e+01 1.809e-01 -3.560e-02
3.240e+01 1.785e-01 -2.801e-02
3.250e+01 1.794e-01 -2.784e-02
3.260e+01 1.768e-01 -1.743e-02
3.270e+01 1.738e-01 -2.384e-02
3.280e+01 1.602e-01 -1.796e-02
3.290e+01 1.690e-01 -1.457e-02
3.300e+01 1.591e-01 -1.736e-02
3.310e+01 1.643e-01 -2.006e-02
3.320e+01 1.749e-01 -1.320e-02
3.330e+01 1.600e-01 -1.990e-02
3.340e+01 1.654e-01 -1.519e-02
3.350e+01 1.508e-01 -2.103e-02
3.360e+01 1.584e-01 -2.481e-02
3.370e+01 1.327e-01 -9.801e-03
3.380e+01 1.419e-01 -1.630e-02
3.390e+01 1.426e-01 -2.076e-02
3.400e+01 1.423e-01 -2.005e-02
3.410e+01 1.474e-01 -1.949e-02
3.420e+01 1.562e-01 -9.211e-03
3.430e+01 1.618e-01 -1.442e-02
3.440e+01 1.416e-01 -2.334e-02
3.450e+01 1.376e-01 -2.680e-02
3.460e+01 1.399e-01 -2.367e-02
3.470e+01 1.447e-01 -2.318e-02
3.480e+01 1.479e-01 -2.731e-02
3.490e+01 1.449e-01 -2.819e-02
3.500e+01 1.397e-01 -2.689e-02
3.510e+01 1.329e-01 -2.900e-02
3.520e+01 1.352e-01 -2.454e-02
3.530e+01 1.324e-01 -2.125e-02
3.540e+01 1.274e-01 -2.324e-02
3.550e+01 1.264e-01 -2.690e-02
3.560e+01 1.266e-01 -1.851e-02
3.570e+01 1.322e-01 -1.519e-02
3.580e+01 1.260e-01 -1.579e-02
3.590e+01 1.230e-01 -2.189e-02
3.600e+01 1.209e-01 -2.246e-02
3.610e+01 1.299e-01 -3.120e-02
3.620e+01 1.262e-01 -1.994e-02
3.630e+01 1.245e-01 -2.835e-02
3.640e+01 1.174e-01 -2.986e-02
3.650e+01 1.219e-01 -1.977e-02
3.660e+01 1.283e-01 -2.158e-02
3.670e+01 1.233e-01 -2.727e-02
3.680e+01 1.102e-01 -1.508e-02
3.690e+01 1.151e-01 -1.765e-02
3.700e+01 1.180e-01 -1.718e-02
3.710e+01 1.219e-01 -1.570e-02
3.720e+01 1.226e-01 -1.782e-02
3.730e+01 1.286e-01 -1.543e-02
3.740e+01 1.245e-01 -1.694e-02
3.750e+01 1.245e-01 -1.209e-02
3.760e+01 1.317e-01 -5.334e-03
3.770e+01 1.317e-01 -1.896e-02
3.780e+01 1.331e-01 -2.323e-02
3.790e+01 1.283e-01 -1.038e-02
3.800e+01 1.243e-01 -2.040e-02
3.810e+01 1.208e-01 -1.509e-02
3.820e+01 1.123e-01 -1.557e-02
3.830e+01 1.132e-01 -9.404e-03
3.840e+01 1.151e-01 -3.902e-03
3.850e+01 1.119e-01 -8.925e-03
3.860e+01 1.249e-01 -4.168e-03
3.870e+01 1.230e-01 -1.992e-03
3.880e+01 1.202e-01 -4.897e-03
3.890e+01 1.173e-01 -1.910e-03
3.900e+01 1.228e-01 5.197e-03
3.910e+01 1.195e-01 8.444e-03
3.920e+01 1.260e-01 -2.208e-03
3.930e+01 1.198e-01 -3.274e-03
3.940e+01 1.285e-01 -6.548e-03
3.950e+01 1.110e-01 -1.645e-03
3.960e+01 1.145e-01 -1.764e-03
3.970e+01 1.215e-01 9.608e-03
3.980e+01 1.298e-01 5.667e-03
3.990e+01 1.237e-01 1.164e-04
4.000e+01 1.220e-01 1.577e-03
4.010e+01 1.152e-01 -1.678e-04
4.020e+01 1.213e-01 5.610e-03
4.030e+01 1.183e-01 -1.065e-02
4.040e+01 1.155e-01 -9.299e-03
4.050e+01 1.122e-01 -9.950e-03
4.060e+01 1.142e-01 -1.171e-02
4.070e+01 1.165e-01 -9.448e-03
4.080e+01 1.140e-01 -1.821e-02
4.090e+01 1.094e-01 -1.585e-02
4.100e+01 1.122e-01 -5.981e-03
4.110e+01 1.102e-01 -8.756e-03
4.120e+01 1.080e-01 -1.409e-02
4.130e+01 1.125e-01 -1.150e-02
4.140e+01 1.038e-01 -1.533e-02
4.150e+01 1.111e-01 -9.609e-03
4.160e+01 1.182e-01 -6.509e-03
4.170e+01 1.233e-01 -7.844e-03
4.180e+01 1.195e-01 -4.015e-03
4.190e+01 1.142e-01 -2.214e-03
4.200e+01 1.126e-01 -6.698e-03
4.210e+01 1.185e-01 -2.311e-03
4.220e+01 1.205e-01 -3.047e-03
4.230e+01 1.185e-01 -3.507e-03
4.240e+01 1.194e-01 -2.878e-03
4.250e+01 1.167e-01 -4.495e-03
4.260e+01 1.220e-01 -7.581e-03
4.270e+01 1.116e-01 -1.255e-02
4.280e+01 1.119e-01 -1.167e-02
4.290e+01 1.100e-01 -1.103e-02
4.300e+01 1.106e-01 -1.027e-02
4.310e+01 1.122e-01 -9.856e-03
4.320e+01 1.113e-01 -9.299e-03
4.330e+01 1.095e-01 1.073e-03
4.340e+01 1.053e-01 4.073e-04
4.350e+01 1.066e-01 -6.565e-03
4.360e+01 1.090e-01 -8.298e-03
4.370e+01 1.178e-01 -8.481e-03
4.380e+01 1.099e-01 -6.819e-03
4.390e+01 1.156e-01 -1.073e-02
4.400e+01 1.130e-01 -8.095e-03
4.410e+01 1.199e-01 -1.616e-03
4.420e+01 1.203e-01 -2.074e-03
4.430e+01 1.160e-01 -1.801e-03
4.440e+01 1.169e-01 3.350e-03
4.450e+01 1.147e-01 -4.169e-03
4.460e+01 1.128e-01 -3.798e-03
4.470e+01 1.132e-01 -5.177e-03
4.480e+01 1.099e-01 3.482e-03
4.490e+01 1.070e-01 7.158e-03
4.500e+01 1.025e-01 2.443e-03
4.510e+01 1.005e-01 5.749e-03
4.520e+01 1.064e-01 5.738e-04
4.530e+01 1.072e-01 2.138e-03
4.540e+01 1.069e-01 3.349e-03
4.550e+01 1.079e-01 4.561e-03
4.560e+01 1.059e-01 9.626e-04
4.570e+01 1.014e-01 -1.009e-03
4.580e+01 1.036e-01 -1.422e-03
4.590e+01 1.034e-01 -1.735e-03
4.600e+01 9.991e-02 1.239e-03
4.610e+01 1.003e-01 -1.050e-03
4.620e+01 9.565e-02 5.709e-03
4.630e+01 1.013e-01 6.569e-03
4.640e+01 9.746e-02 7.070e-03
4.650e+01 9.996e-02 -2.590e-03
4.660e+01 1.007e-01 -1.677e-04
4.670e+01 9.864e-02 3.128e-03
4.680e+01 9.535e-02 2.979e-03
4.690e+01 9.883e-02 4.427e-03
4.700e+01 9.905e-02 2.028e-03
4.710e+01 9.982e-02 1.158e-04
4.720e+01 9.878e-02 -9.403e-04
4.730e+01 1.020e-01 -2.653e-03
4.740e+01 1.001e-01 -5.951e-03
4.750e+01 9.751e-02 -3.445e-03
4.760e+01 9.885e-02 1.163e-03
4.770e+01 9.507e-02 2.266e-03
4.780e+01 8.721e-02 6.668e-03
4.790e+01 8.645e-02 9.296e-03
4.800e+01 8.454e-02 6.530e-03
4.810e+01 8.246e-02 7.237e-03
4.820e+01 8.899e-02 -9.366e-04
4.830e+01 8.966e-02 1.745e-03
4.840e+01 9.148e-02 1.242e-02
4.850e+01 8.838e-02 9.647e-03
4.860e+01 8.699e-02 8.163e-03
4.870e+01 8.609e-02 1.000e-02
4.880e+01 8.295e-02 7.929e-03
4.890e+01 8.696e-02 8.454e-03
4.900e+01 8.739e-02 6.585e-03
4.910e+01 8.907e-02 1.319e-02
4.920e+01 8.993e-02 9.735e-03
4.930e+01 9.161e-02 1.165e-02
4.940e+01 8.847e-02 9.246e-03
4.950e+01 9.274e-02 5.158e-03
4.960e+01 8.920e-02 3.483e-03
4.970e+01 8.630e-02 4.154e-03
4.980e+01 8.942e-02 1.615e-02
4.990e+01 9.333e-02 2.120e-02
5.000e+01 9.651e-02 1.966e-02
5.010e+01 9.922e-02 2.051e-02
5.020e+01 9.609e-02 1.601e-02
5.030e+01 8.412e-02 1.765e-02
5.040e+01 9.131e-02 1.674e-02
5.050e+01 9.046e-02 2.230e-02
5.060e+01 8.635e-02 1.984e-02
5.070e+01 9.338e-02 2.328e-02
5.080e+01 8.971e-02 2.240e-02
5.090e+01 8.719e-02 2.481e-02
5.100e+01 9.024e-02 1.951e-02
5.110e+01 8.843e-02 2.739e-02
5.120e+01 9.431e-02 2.197e-02
5.130e+01 9.191e-02 2.086e-02
5.140e+01 9.156e-02 1.922e-02
5.150e+01 8.944e-02 2.959e-02
5.160e+01 8.467e-02 2.233e-02
5.170e+01 8.609e-02 1.902e-02
5.180e+01 8.401e-02 1.529e-02
5.190e+01 8.505e-02 1.506e-02
5.200e+01 8.484e-02 1.540e-02
5.210e+01 8.495e-02 1.421e-02
5.220e+01 8.122e-02 1.644e-02
5.230e+01 8.532e-02 1.245e-02
5.240e+01 8.834e-02 2.257e-02
5.250e+01 9.198e-02 1.493e-02
5.260e+01 9.725e-02 1.854e-02
5.270e+01 1.008e-01 5.679e-03
5.280e+01 9.878e-02 1.875e-02
5.290e+01 1.004e-01 2.491e-02
5.300e+01 9.312e-02 1.518e-02
5.310e+01 1.015e-01 2.240e-02
5.320e+01 1.024e-01 1.719e-02
5.330e+01 9.761e-02 2.213e-02
5.340e+01 8.922e-02 2.233e-02
5.350e+01 9.609e-02 1.431e-02
5.360e+01 9.872e-02 6.193e-03
5.370e+01 1.002e-01 1.024e-02
5.380e+01 9.529e-02 7.808e-03
5.390e+01 9.310e-02 1.383e-02
5.400e+01 8.845e-02 9.601e-03
5.410e+01 9.146e-02 1.479e-02
5.420e+01 9.443e-02 1.192e-02
5.430e+01 9.567e-02 1.325e-02
5.440e+01 9.359e-02 1.041e-02
5.450e+01 9.141e-02 1.015e-02
5.460e+01 9.037e-02 1.666e-02
5.470e+01 8.744e-02 2.040e-02
5.480e+01 8.829e-02 1.370e-02
5.490e+01 8.788e-02 1.862e-02
5.500e+01 8.390e-02 1.479e-02
5.510e+01 8.684e-02 1.490e-02
5.520e+01 8.945e-02 1.250e-02
5.530e+01 8.521e-02 1.770e-02
5.540e+01 8.224e-02 1.711e-02
5.550e+01 8.056e-02 1.842e-02
5.560e+01 8.419e-02 1.317e-02
5.570e+01 8.248e-02 8.681e-03
5.580e+01 7.077e-02 1.195e-02
5.590e+01 7.466e-02 3.868e-03
5.600e+01 7.224e-02 4.904e-03
5.610e+01 7.385e-02 4.388e-03
5.620e+01 7.379e-02 1.109e-02
5.630e+01 7.650e-02 1.291e-02
5.640e+01 7.050e-02 5.761e-03
5.650e+01 6.875e-02 5.738e-03
5.660e+01 7.315e-02 6.836e-03
5.670e+01 7.086e-02 8.664e-03
5.680e+01 6.463e-02 6.911e-03
5.690e+01 6.413e-02 2.200e-03
5.700e+01 6.853e-02 6.938e-04
5.710e+01 7.060e-02 5.547e-03
5.720e+01 7.051e-02 5.028e-03
5.730e+01 6.890e-02 5.056e-03
5.740e+01 6.803e-02 4.330e-03
5.750e+01 6.565e-02 1.002e-02
5.760e+01 6.781e-02 1.118e-02
5.770e+01 7.065e-02 5.097e-03
5.780e+01 6.577e-02 7.331e-03
5.790e+01 6.371e-02 6.924e-03
5.800e+01 6.223e-02 5.342e-03
5.810e+01 6.033e-02 5.946e-03
5.820e+01 5.878e-02 5.933e-03
5.830e+01 6.233e-02 5.747e-03
5.840e+01 6.211e-02 4.992e-03
5.850e+01 5.603e-02 4.336e-04
5.860e+01 5.746e-02 2.589e-03
5.870e+01 5.302e-02 5.071e-03
5.880e+01 5.372e-02 1.121e-02
5.890e+01 5.572e-02 1.013e-02
5.900e+01 5.636e-02 8.179e-03
5.910e+01 6.018e-02 5.042e-03
5.920e+01 5.895e-02 5.306e-03
5.930e+01 6.053e-02 9.809e-03
5.940e+01 6.582e-02 1.021e-02
5.950e+01 6.436e-02 8.944e-03
5.960e+01 6.481e-02 1.095e-02
5.970e+01 6.238e-02 4.371e-03
5.980e+01 6.086e-02 6.778e-03
5.990e+01 5.935e-02 6.515e-03
6.000e+01 5.853e-02 7.654e-03
6.010e+01 6.238e-02 9.188e-03
6.020e+01 6.359e-02 1.148e-02
6.030e+01 6.260e-02 1.072e-02
6.040e+01 6.544e-02 4.609e-03
6.050e+01 6.869e-02 7.244e-03
6.060e+01 6.685e-02 6.790e-03
6.070e+01 6.803e-02 7.143e-03
6.080e+01 7.075e-02 7.409e-03
6.090e+01 7.152e-02 5.211e-03
6.100e+01 6.889e-02 2.980e-03
6.110e+01 6.673e-02 -1.423e-03
6.120e+01 6.576e-02 -5.911e-03
6.130e+01 5.907e-02 -7.490e-03
6.140e+01 5.954e-02 -1.004e-02
6.150e+01 6.042e-02 -1.232e-02
6.160e+01 6.203e-02 -6.721e-03
6.170e+01 6.178e-02 -4.369e-03
6.180e+01 6.377e-02 -4.499e-03
6.190e+01 6.603e-02 -1.501e-03
6.200e+01 6.440e-02 -7.973e-03
6.210e+01 6.172e-02 -1.122e-02
6.220e+01 6.156e-02 -7.969e-03
6.230e+01 6.322e-02 -7.382e-03
6.240e+01 6.404e-02 -1.092e-02
6.250e+01 6.622e-02 -8.933e-03
6.260e+01 6.080e-02 -6.704e-03
6.270e+01 6.082e-02 -4.338e-03
6.280e+01 5.966e-02 -4.765e-03
6.290e+01 6.038e-02 -6.043e-03
6.300e+01 6.163e-02 -7.317e-03
6.310e+01 6.348e-02 -5.029e-03
6.320e+01 6.325e-02 -4.808e-03
6.330e+01 6.018e-02 -3.371e-03
6.340e+01 5.945e-02 -6.330e-04
6.350e+01 5.732e-02 -2.532e-03
6.360e+01 5.488e-02 2.453e-04
6.370e+01 5.510e-02 -2.128e-03
6.380e+01 5.372e-02 -5.848e-04
6.390e+01 5.196e-02 1.118e-03
6.400e+01 5.460e-02 7.622e-03
6.410e+01 5.657e-02 6.437e-03
6.420e+01 6.038e-02 4.965e-03
6.430e+01 5.977e-02 5.970e-03
6.440e+01 5.833e-02 3.792e-03
6.450e+01 5.578e-02 4.748e-03
6.460e+01 5.690e-02 3.805e-03
6.470e+01 5.454e-02 8.931e-04
6.480e+01 5.548e-02 3.584e-04
6.490e+01 5.511e-02 4.246e-03
6.500e+01 5.307e-02 2.267e-03
6.510e+01 4.952e-02 4.359e-03
6.520e+01 5.101e-02 4.335e-04
6.530e+01 5.133e-02 1.124e-03
6.540e+01 4.917e-02 2.904e-03
6.550e+01 4.807e-02 -2.129e-04
6.560e+01 4.445e-02 -4.987e-04
6.570e+01 4.406e-02 3.146e-03
6.580e+01 4.540e-02 4.747e-03
6.590e+01 5.099e-02 2.355e-04
6.600e+01 5.020e-02 7.825e-03
6.610e+01 5.171e-02 7.581e-03
6.620e+01 5.078e-02 2.935e-03
6.630e+01 5.007e-02 4.991e-03
6.640e+01 5.305e-02 3.433e-03
6.650e+01 5.086e-02 4.744e-03
6.660e+01 5.094e-02 3.742e-03
6.670e+01 5.145e-02 3.455e-03
6.680e+01 5.355e-02 3.232e-03
6.690e+01 5.018e-02 5.715e-03
6.700e+01 5.161e-02 6.241e-03
6.710e+01 5.099e-02 7.016e-03
6.720e+01 4.878e-02 3.510e-03
6.730e+01 5.223e-02 4.583e-03
6.740e+01 4.888e-02 5.666e-03
6.750e+01 4.957e-02 4.734e-03
6.760e+01 5.918e-02 3.145e-03
6.770e+01 5.898e-02 -7.290e-04
6.780e+01 5.496e-02 -2.425e-03
6.790e+01 5.231e-02 -2.486e-03
6.800e+01 5.091e-02 -9.974e-05
6.810e+01 5.029e-02 5.080e-05
6.820e+01 4.881e-02 -2.794e-04
6.830e+01 4.912e-02 3.299e-03
6.840e+01 4.828e-02 4.795e-03
6.850e+01 4.677e-02 4.418e-03
6.860e+01 4.823e-02 -2.780e-03
6.870e+01 4.677e-02 2.161e-03
6.880e+01 4.580e-02 4.604e-03
6.890e+01 4.638e-02 2.515e-03
6.900e+01 5.047e-02 2.710e-03
6.910e+01 5.227e-02 2.268e-03
6.920e+01 5.448e-02 1.753e-04
6.930e+01 5.531e-02 -5.191e-03
6.940e+01 5.157e-02 -4.805e-03
6.950e+01 4.816e-02 -1.681e-03
6.960e+01 5.195e-02 -6.281e-04
6.970e+01 5.303e-02 1.064e-03
6.980e+01 5.306e-02 -1.855e-03
6.990e+01 5.570e-02 1.481e-03
7.000e+01 5.297e-02 -1.739e-03
7.010e+01 5.434e-02 -3.872e-03
7.020e+01 5.572e-02 -3.702e-03
7.030e+01 5.126e-02 -1.560e-03
7.040e+01 4.506e-02 2.494e-03
7.050e+01 4.669e-02 4.310e-04
7.060e+01 5.015e-02 -2.667e-04
7.070e+01 5.190e-02 -5.036e-04
7.080e+01 5.203e-02 -3.464e-04
7.090e+01 5.301e-02 -9.930e-04
7.100e+01 4.848e-02 1.773e-03
7.110e+01 5.092e-02 3.157e-03
7.120e+01 5.220e-02 4.206e-03
7.130e+01 4.775e-02 3.290e-03
7.140e+01 4.934e-02 2.987e-03
7.150e+01 4.917e-02 1.174e-03
7.160e+01 4.893e-02 -1.520e-03
7.170e+01 5.055e-02 -4.849e-03
7.180e+01 4.727e-02 -2.415e-03
7.190e+01 4.587e-02 3.059e-04
7.200e+01 4.484e-02 -6.985e-03
7.210e+01 4.599e-02 -1.875e-03
7.220e+01 4.776e-02 -3.107e-03
7.230e+01 4.610e-02 -5.909e-03
7.240e+01 4.608e-02 -2.047e-03
7.250e+01 4.644e-02 -8.340e-04
7.260e+01 4.408e-02 1.986e-03
7.270e+01 4.680e-02 -2.475e-03
7.280e+01 4.584e-02 2.205e-05
7.290e+01 4.637e-02 3.133e-03
7.300e+01 4.709e-02 7.252e-04
7.310e+01 4.778e-02 1.883e-04
7.320e+01 4.749e-02 4.127e-03
7.330e+01 4.975e-02 3.364e-03
7.340e+01 4.320e-02 6.539e-04
7.350e+01 4.251e-02 -8.863e-04
7.360e+01 4.711e-02 -1.108e-03
7.370e+01 4.436e-02 -1.127e-03
7.380e+01 4.292e-02 -5.104e-03
7.390e+01 4.675e-02 -6.548e-03
7.400e+01 4.747e-02 -1.585e-03
7.410e+01 5.096e-02 7.511e-04
7.420e+01 5.007e-02 -2.012e-03
7.430e+01 4.666e-02 -7.251e-04
7.440e+01 4.692e-02 -5.228e-05
7.450e+01 4.671e-02 9.482e-04
7.460e+01 4.764e-02 1.319e-03
7.470e+01 4.844e-02 7.344e-04
7.480e+01 4.568e-02 2.202e-05
7.490e+01 4.628e-02 9.096e-04
7.500e+01 4.792e-02 4.680e-03
7.510e+01 4.518e-02 4.214e-03
7.520e+01 4.535e-02 -1.682e-03
7.530e+01 4.798e-02 -4.731e-03
7.540e+01 4.735e-02 -3.965e-03
7.550e+01 4.928e-02 -1.250e-03
7.560e+01 4.719e-02 4.507e-03
7.570e+01 4.327e-02 3.053e-03
7.580e+01 4.564e-02 -1.620e-03
7.590e+01 4.171e-02 -2.922e-03
7.600e+01 3.863e-02 -3.804e-03
7.610e+01 4.060e-02 -1.343e-03
7.620e+01 4.070e-02 2.337e-03
7.630e+01 4.441e-02 4.651e-03
7.640e+01 4.461e-02 5.803e-03
7.650e+01 4.121e-02 1.351e-03
7.660e+01 3.985e-02 -5.875e-04
7.670e+01 3.949e-02 3.881e-03
7.680e+01 3.947e-02 2.979e-03
7.690e+01 3.795e-02 -1.047e-05
7.700e+01 3.689e-02 -2.231e-04
7.710e+01 3.537e-02 8.891e-04
7.720e+01 3.504e-02 2.090e-03
7.730e+01 3.604e-02 1.340e-03
7.740e+01 3.948e-02 3.736e-03
7.750e+01 3.961e-02 4.859e-03
7.760e+01 3.698e-02 6.072e-03
7.770e+01 3.627e-02 6.206e-03
7.780e+01 3.525e-02 1.141e-02
7.790e+01 3.276e-02 9.963e-03
7.800e+01 3.365e-02 7.520e-03
7.810e+01 3.506e-02 7.716e-03
7.820e+01 3.600e-02 4.300e-03
7.830e+01 3.714e-02 5.880e-03
7.840e+01 4.097e-02 8.151e-03
7.850e+01 3.998e-02 6.888e-03
7.860e+01 4.067e-02 3.248e-03
7.870e+01 4.076e-02 2.782e-03
7.880e+01 3.853e-02 5.187e-03
7.890e+01 3.433e-02 6.200e-03
7.900e+01 3.535e-02 3.528e-03
7.910e+01 3.657e-02 7.082e-03
7.920e+01 3.937e-02 4.512e-03
7.930e+01 3.864e-02 2.084e-03
7.940e+01 4.251e-02 1.407e-03
7.950e+01 4.091e-02 4.704e-04
7.960e+01 3.515e-02 1.547e-04
7.970e+01 3.813e-02 -2.199e-03
7.980e+01 3.840e-02 5.745e-04
7.990e+01 3.819e-02 3.003e-03
8.000e+01 3.851e-02 2.478e-03
8.010e+01 4.117e-02 5.836e-03
8.020e+01 4.180e-02 1.927e-03
8.030e+01 3.738e-02 3.405e-03
8.040e+01 3.433e-02 2.821e-03
8.050e+01 3.515e-02 3.789e-03
8.060e+01 3.491e-02 5.281e-04
8.070e+01 3.347e-02 2.705e-03
8.080e+01 3.562e-02 2.320e-03
8.090e+01 3.486e-02 7.986e-04
8.100e+01 3.498e-02 2.313e-03
8.110e+01 3.394e-02 5.683e-04
8.120e+01 3.530e-02 3.612e-03
8.130e+01 3.445e-02 4.871e-03
8.140e+01 3.438e-02 8.734e-03
8.150e+01 3.552e-02 5.070e-03
8.160e+01 3.769e-02 7.280e-03
8.170e+01 3.689e-02 5.809e-03
8.180e+01 3.502e-02 6.338e-03
8.190e+01 3.299e-02 6.723e-03
8.200e+01 3.044e-02 5.624e-03
8.210e+01 2.995e-02 3.185e-03
8.220e+01 3.350e-02 2.442e-03
8.230e+01 3.117e-02 7.527e-04
8.240e+01 3.301e-02 1.647e-03
8.250e+01 3.258e-02 5.242e-03
8.260e+01 3.232e-02 3.364e-03
8.270e+01 3.067e-02 4.323e-03
8.280e+01 3.556e-02 1.165e-02
8.290e+01 3.574e-02 1.031e-02
8.300e+01 3.039e-02 1.708e-03
8.310e+01 3.028e-02 3.743e-03
8.320e+01 2.722e-02 5.559e-03
8.330e+01 3.114e-02 7.100e-03
8.340e+01 3.035e-02 7.012e-03
8.350e+01 2.957e-02 5.372e-03
8.360e+01 2.890e-02 3.565e-03
8.370e+01 3.175e-02 2.460e-03
8.380e+01 3.163e-02 7.606e-04
8.390e+01 3.080e-02 1.662e-04
8.400e+01 3.358e-02 -1.309e-03
8.410e+01 3.210e-02 2.517e-03
8.420e+01 3.011e-02 1.573e-03
8.430e+01 2.997e-02 3.686e-03
8.440e+01 3.234e-02 5.605e-03
8.450e+01 3.168e-02 4.829e-03
8.460e+01 3.222e-02 -9.416e-04
8.470e+01 3.065e-02 1.466e-03
8.480e+01 3.200e-02 3.617e-03
8.490e+01 2.963e-02 3.383e-03
8.500e+01 3.054e-02 8.216e-03
8.510e+01 3.029e-02 5.217e-03
8.520e+01 3.313e-02 5.873e-03
8.530e+01 3.087e-02 2.856e-03
8.540e+01 2.711e-02 3.113e-03
8.550e+01 2.660e-02 6.452e-03
8.560e+01 2.756e-02 6.517e-03
8.570e+01 2.520e-02 6.551e-03
8.580e+01 2.044e-02 7.024e-03
8.590e+01 2.781e-02 8.123e-03
8.600e+01 2.599e-02 8.222e-03
8.610e+01 2.374e-02 7.616e-03
8.620e+01 2.723e-02 5.189e-03
8.630e+01 2.839e-02 4.406e-03
8.640e+01 2.384e-02 4.455e-03
8.650e+01 2.361e-02 5.394e-03
8.660e+01 2.314e-02 2.278e-03
8.670e+01 2.058e-02 1.928e-03
8.680e+01 2.061e-02 2.809e-03
8.690e+01 2.103e-02 -2.156e-04
8.700e+01 2.273e-02 1.276e-04
8.710e+01 2.251e-02 2.479e-03
8.720e+01 2.374e-02 6.747e-03
8.730e+01 2.458e-02 4.480e-03
8.740e+01 2.670e-02 6.762e-03
8.750e+01 2.443e-02 8.563e-03
8.760e+01 2.305e-02 1.124e-02
8.770e+01 2.428e-02 7.714e-03
8.780e+01 2.304e-02 6.000e-03
8.790e+01 2.367e-02 7.680e-03
8.800e+01 2.410e-02 6.655e-03
8.810e+01 2.452e-02 3.375e-03
8.820e+01 2.591e-02 -1.146e-03
8.830e+01 3.334e-02 -3.607e-03
8.840e+01 3.336e-02 2.157e-03
8.850e+01 2.978e-02 -9.223e-03
8.860e+01 2.982e-02 -9.985e-03
8.870e+01 2.701e-02 -7.864e-03
8.880e+01 2.419e-02 -5.060e-03
8.890e+01 3.575e-02 -7.273e-03
8.900e+01 3.551e-02 -5.884e-03
8.910e+01 3.795e-02 -9.424e-03
8.920e+01 3.198e-02 -6.784e-03
8.930e+01 2.834e-02 -4.140e-03
8.940e+01 3.017e-02 -9.438e-03
8.950e+01 2.599e-02 1.703e-03
8.960e+01 2.229e-02 5.068e-04
8.970e+01 2.928e-02 -4.022e-03
8.980e+01 2.141e-02 -4.653e-03
8.990e+01 2.170e-02 -3.653e-03
9.000e+01 2.302e-02 -2.805e-04
9.010e+01 2.402e-02 -1.421e-03
9.020e+01 2.858e-02 -1.203e-03
9.030e+01 3.414e-02 5.503e-03
9.040e+01 3.767e-02 2.231e-03
9.050e+01 3.422e-02 8.892e-05
9.060e+01 3.161e-02 1.475e-03
9.070e+01 2.770e-02 -2.225e-03
9.080e+01 2.480e-02 -4.447e-03
9.090e+01 2.257e-02 -1.549e-03
9.100e+01 2.843e-02 9.142e-04
9.110e+01 2.739e-02 -6.303e-04
9.120e+01 2.866e-02 -6.118e-04
9.130e+01 2.602e-02 -6.224e-03
9.140e+01 2.975e-02 -3.915e-03
9.150e+01 3.199e-02 -6.525e-03
9.160e+01 3.171e-02 -3.358e-03
9.170e+01 3.294e-02 -1.364e-03
9.180e+01 3.503e-02 -2.741e-03
9.190e+01 3.349e-02 8.636e-05
9.200e+01 3.382e-02 7.991e-04
9.210e+01 2.724e-02 -2.959e-03
9.220e+01 2.659e-02 -3.019e-03
9.230e+01 2.751e-02 3.337e-03
9.240e+01 3.269e-02 1.417e-03
9.250e+01 2.851e-02 -4.122e-03
9.260e+01 2.797e-02 -3.888e-03
9.270e+01 2.595e-02 -3.066e-03
9.280e+01 3.206e-02 -5.212e-03
9.290e+01 3.254e-02 -1.188e-03
9.300e+01 2.847e-02 1.748e-03
9.310e+01 3.215e-02 -4.388e-03
9.320e+01 3.556e-02 -1.335e-03
9.330e+01 2.218e-02 -4.304e-03
9.340e+01 1.946e-02 -4.424e-03
9.350e+01 2.513e-02 -7.219e-03
9.360e+01 2.376e-02 -6.988e-03
9.370e+01 2.827e-02 -9.341e-03
9.380e+01 2.790e-02 -5.246e-03
9.390e+01 2.655e-02 -5.239e-03
9.400e+01 2.306e-02 -3.268e-03
9.410e+01 2.586e-02 -1.202e-03
9.420e+01 2.281e-02 1.580e-03
9.430e+01 2.495e-02 1.849e-03
9.440e+01 1.875e-02 -7.358e-04
9.450e+01 1.703e-02 -2.616e-03
9.460e+01 1.849e-02 -3.074e-03
9.470e+01 2.159e-02 -8.815e-04
9.480e+01 3.029e-02 -8.598e-03
9.490e+01 2.572e-02 2.177e-03
9.500e+01 2.213e-02 1.056e-03
9.510e+01 1.962e-02 6.324e-03
9.520e+01 2.703e-02 -4.289e-04
9.530e+01 3.501e-02 3.820e-03
9.540e+01 2.295e-02 -2.210e-03
9.550e+01 2.771e-02 -3.310e-03
9.560e+01 1.873e-02 -5.500e-03
9.570e+01 1.525e-02 3.580e-04
9.580e+01 1.547e-02 2.849e-04
9.590e+01 1.682e-02 2.885e-03
9.600e+01 1.883e-02 -4.625e-04
9.610e+01 1.579e-02 -7.661e-04
9.620e+01 1.460e-02 -1.508e-03
9.630e+01 1.934e-02 -4.985e-03
9.640e+01 2.267e-02 5.982e-04
9.650e+01 2.355e-02 -1.547e-03
9.660e+01 1.876e-02 -2.801e-03
9.670e+01 1.742e-02 5.236e-04
9.680e+01 1.461e-02 1.068e-03
9.690e+01 1.641e-02 -3.121e-03
9.700e+01 2.615e-02 -4.112e-03
9.710e+01 1.388e-02 2.936e-05
9.720e+01 1.235e-02 -2.696e-03
9.730e+01 1.575e-02 1.155e-03
9.740e+01 1.524e-02 1.886e-03
9.750e+01 1.830e-02 1.050e-03
9.760e+01 2.215e-02 -6.821e-04
9.770e+01 2.053e-02 -1.177e-04
9.780e+01 2.159e-02 4.727e-03
9.790e+01 2.163e-02 4.327e-03
9.800e+01 2.295e-02 4.251e-03
9.810e+01 2.036e-02 3.229e-03
9.820e+01 1.576e-02 6.815e-03
9.830e+01 1.332e-02 7.317e-03
9.840e+01 9.282e-03 6.480e-03
9.850e+01 7.367e-03 1.197e-03
9.860e+01 9.964e-03 3.070e-03
9.870e+01 1.104e-02 1.145e-02
9.880e+01 1.637e-02 1.039e-02
9.890e+01 1.495e-02 7.489e-03
9.900e+01 1.514e-02 3.657e-03
9.910e+01 1.753e-02 5.262e-03
9.920e+01 1.868e-02 7.010e-03
9.930e+01 1.948e-02 4.009e-03
9.940e+01 2.083e-02 5.111e-03
9.950e+01 2.355e-02 3.786e-03
9.960e+01 2.393e-02 3.424e-03
9.970e+01 2.349e-02 4.197e-03
9.980e+01 2.242e-02 2.864e-03
9.990e+01 2.300e-02 5.790e-03
