# Time (ps)      real(F_2)      im(F_2)
0.000e+00 1.000e+00 0.000e+00
1.000e-01 9.190e-01 3.015e-02
2.000e-01 9.511e-01 8.796e-03
3.000e-01 8.719e-01 9.405e-03
4.000e-01 8.286e-01 2.286e-02
5.000e-01 7.919e-01 2.924e-02
6.000e-01 7.777e-01 -7.151e-03
7.000e-01 7.171e-01 -4.064e-02
8.000e-01 7.276e-01 5.725e-03
9.000e-01 7.536e-01 3.167e-02
1.000e+00 7.895e-01 3.796e-02
1.100e+00 7.709e-01 -6.114e-03
1.200e+00 7.416e-01 2.230e-02
1.300e+00 7.039e-01 5.347e-03
1.400e+00 7.507e-01 -8.379e-03
1.500e+00 7.391e-01 -1.937e-02
1.600e+00 7.049e-01 -4.006e-02
1.700e+00 7.268e-01 -7.048e-02
1.800e+00 7.031e-01 -4.075e-02
1.900e+00 6.870e-01 -6.203e-02
2.000e+00 6.595e-01 -3.407e-02
2.100e+00 6.344e-01 -7.113e-02
2.200e+00 6.483e-01 -1.992e-02
2.300e+00 6.588e-01 -4.524e-02
2.400e+00 6.320e-01 -4.872e-02
2.500e+00 5.803e-01 -5.478e-02
2.600e+00 5.780e-01 -8.308e-02
2.700e+00 6.322e-01 -3.478e-02
2.800e+00 6.107e-01 -3.142e-02
2.900e+00 6.209e-01 -2.233e-03
3.000e+00 6.474e-01 -2.762e-02
3.100e+00 6.236e-01 1.097e-02
3.200e+00 6.170e-01 -1.766e-02
3.300e+00 6.008e-01 -1.620e-02
3.400e+00 5.930e-01 -3.999e-02
3.500e+00 5.768e-01 -3.643e-02
3.600e+00 5.699e-01 -5.527e-02
3.700e+00 5.678e-01 -6.461e-02
3.800e+00 5.668e-01 -1.878e-02
3.900e+00 5.921e-01 1.176e-02
4.000e+00 5.762e-01 -2.407e-02
4.100e+00 5.585e-01 -2.502e-02
4.200e+00 5.316e-01 -5.323e-02
4.300e+00 5.060e-01 -5.527e-02
4.400e+00 5.053e-01 -4.644e-02
4.500e+00 5.246e-01 -4.327e-02
4.600e+00 5.535e-01 -8.348e-02
4.700e+00 5.644e-01 -1.033e-01
4.800e+00 5.617e-01 -8.755e-02
4.900e+00 5.511e-01 -7.820e-02
5.000e+00 5.534e-01 -1.080e-01
5.100e+00 5.492e-01 -9.002e-02
5.200e+00 5.327e-01 -9.659e-02
5.300e+00 5.530e-01 -1.229e-01
5.400e+00 5.603e-01 -4.078e-02
5.500e+00 4.968e-01 -4.200e-02
5.600e+00 5.110e-01 -1.072e-01
5.700e+00 4.619e-01 -9.487e-02
5.800e+00 4.846e-01 -2.948e-02
5.900e+00 4.901e-01 -4.506e-02
6.000e+00 4.816e-01 -5.791e-02
6.100e+00 4.973e-01 -5.487e-02
6.200e+00 4.619e-01 -3.834e-02
6.300e+00 4.417e-01 -8.100e-02
6.400e+00 4.401e-01 -1.306e-02
6.500e+00 4.181e-01 -3.666e-02
6.600e+00 4.258e-01 -2.412e-02
6.700e+00 4.078e-01 -1.478e-02
6.800e+00 3.790e-01 -3.656e-02
6.900e+00 4.025e-01 1.054e-02
7.000e+00 3.631e-01 8.722e-03
7.100e+00 3.777e-01 -3.574e-02
7.200e+00 3.901e-01 -2.920e-02
7.300e+00 3.810e-01 -1.870e-02
7.400e+00 3.483e-01 1.223e-02
7.500e+00 3.650e-01 -1.074e-02
7.600e+00 3.538e-01 -1.833e-02
7.700e+00 3.254e-01 -8.652e-03
7.800e+00 3.318e-01 2.681e-03
7.900e+00 3.554e-01 -2.511e-04
8.000e+00 3.414e-01 -2.335e-02
8.100e+00 3.410e-01 -3.134e-02
8.200e+00 3.409e-01 -6.224e-02
8.300e+00 3.384e-01 -1.280e-02
8.400e+00 3.525e-01 -3.003e-02
8.500e+00 3.381e-01 -2.572e-02
8.600e+00 3.385e-01 -3.193e-02
8.700e+00 3.319e-01 -3.438e-02
8.800e+00 3.454e-01 -4.447e-02
8.900e+00 3.980e-01 -2.841e-02
9.000e+00 3.533e-01 -8.750e-03
9.100e+00 3.604e-01 -4.964e-02
9.200e+00 3.503e-01 -4.312e-02
9.300e+00 3.591e-01 -5.101e-02
9.400e+00 3.197e-01 -7.104e-02
9.500e+00 3.307e-01 -7.244e-02
9.600e+00 2.984e-01 -4.912e-02
9.700e+00 3.146e-01 -6.319e-02
9.800e+00 3.171e-01 -7.953e-02
9.900e+00 3.286e-01 -4.454e-02
1.000e+01 3.003e-01 -2.417e-02
1.010e+01 3.151e-01 -5.919e-02
1.020e+01 3.469e-01 -6.608e-02
1.030e+01 3.126e-01 -6.275e-02
1.040e+01 3.133e-01 -4.166e-02
1.050e+01 3.135e-01 -3.855e-02
1.060e+01 3.178e-01 -7.231e-02
1.070e+01 3.072e-01 -1.073e-01
1.080e+01 2.903e-01 -8.306e-02
1.090e+01 3.216e-01 -8.003e-02
1.100e+01 3.017e-01 -6.153e-02
1.110e+01 3.298e-01 -3.466e-02
1.120e+01 3.684e-01 -4.860e-02
1.130e+01 3.481e-01 -6.080e-02
1.140e+01 3.508e-01 -8.619e-02
1.150e+01 3.405e-01 -4.825e-02
1.160e+01 3.572e-01 -2.719e-02
1.170e+01 3.544e-01 -1.274e-02
1.180e+01 3.405e-01 -1.862e-02
1.190e+01 3.299e-01 -1.299e-02
1.200e+01 3.174e-01 1.200e-02
1.210e+01 3.189e-01 -3.249e-02
1.220e+01 2.980e-01 -2.373e-02
1.230e+01 2.865e-01 -3.264e-02
1.240e+01 2.578e-01 4.318e-03
1.250e+01 2.629e-01 -3.685e-03
1.260e+01 2.697e-01 -2.904e-02
1.270e+01 2.712e-01 -3.546e-02
1.280e+01 2.543e-01 -3.516e-02
1.290e+01 2.592e-01 -3.299e-02
1.300e+01 2.561e-01 -7.257e-03
1.310e+01 2.548e-01 -1.577e-02
1.320e+01 2.557e-01 2.124e-03
1.330e+01 2.546e-01 -1.375e-02
1.340e+01 2.800e-01 -1.643e-02
1.350e+01 2.616e-01 -2.022e-02
1.360e+01 2.759e-01 5.739e-03
1.370e+01 2.477e-01 -4.539e-03
1.380e+01 2.736e-01 -4.759e-03
1.390e+01 2.627e-01 3.925e-03
1.400e+01 2.570e-01 2.070e-02
1.410e+01 2.593e-01 -1.226e-03
1.420e+01 2.632e-01 -2.022e-02
1.430e+01 2.708e-01 8.588e-04
1.440e+01 2.629e-01 1.405e-02
1.450e+01 2.663e-01 1.460e-02
1.460e+01 2.699e-01 -1.695e-04
1.470e+01 2.307e-01 -7.594e-03
1.480e+01 2.483e-01 -4.151e-04
1.490e+01 2.309e-01 2.428e-06
1.500e+01 2.201e-01 8.228e-03
1.510e+01 2.205e-01 1.537e-02
1.520e+01 2.053e-01 -7.154e-03
1.530e+01 1.839e-01 -5.516e-03
1.540e+01 2.044e-01 -1.918e-02
1.550e+01 2.061e-01 -2.666e-02
1.560e+01 2.051e-01 -1.512e-02
1.570e+01 2.054e-01 -3.809e-02
1.580e+01 1.899e-01 -2.686e-02
1.590e+01 1.967e-01 -3.404e-02
1.600e+01 1.814e-01 -4.475e-02
1.610e+01 1.949e-01 -3.734e-02
1.620e+01 1.910e-01 -2.206e-02
1.630e+01 2.092e-01 -1.474e-02
1.640e+01 2.119e-01 -7.885e-03
1.650e+01 2.128e-01 -3.482e-03
1.660e+01 2.139e-01 -4.177e-02
1.670e+01 1.869e-01 -2.231e-02
1.680e+01 2.025e-01 -1.428e-02
1.690e+01 2.044e-01 -2.876e-02
1.700e+01 2.196e-01 -5.222e-02
1.710e+01 2.020e-01 -3.291e-02
1.720e+01 1.922e-01 -2.590e-02
1.730e+01 1.914e-01 -3.307e-02
1.740e+01 1.927e-01 -3.025e-03
1.750e+01 1.925e-01 -3.043e-02
1.760e+01 2.035e-01 -1.597e-02
1.770e+01 1.671e-01 -2.078e-02
1.780e+01 1.889e-01 -3.969e-02
1.790e+01 1.927e-01 -3.430e-02
1.800e+01 1.862e-01 -2.688e-02
1.810e+01 2.138e-01 -1.081e-02
1.820e+01 2.224e-01 -2.084e-02
1.830e+01 2.405e-01 -3.223e-02
1.840e+01 2.184e-01 -4.237e-02
1.850e+01 2.216e-01 -1.515e-02
1.860e+01 2.260e-01 -5.277e-03
1.870e+01 2.258e-01 -1.135e-02
1.880e+01 1.958e-01 -1.750e-02
1.890e+01 2.138e-01 -2.856e-02
1.900e+01 1.863e-01 -4.694e-02
1.910e+01 1.922e-01 -3.007e-02
1.920e+01 1.857e-01 -5.094e-02
1.930e+01 1.953e-01 -3.595e-02
1.940e+01 1.742e-01 -3.319e-02
1.950e+01 1.643e-01 -3.721e-02
1.960e+01 1.625e-01 -3.027e-02
1.970e+01 1.644e-01 -2.781e-02
1.980e+01 1.669e-01 -2.453e-02
1.990e+01 1.672e-01 -3.237e-02
2.000e+01 1.694e-01 -3.398e-02
2.010e+01 1.607e-01 -3.995e-02
2.020e+01 1.931e-01 -5.687e-02
2.030e+01 1.551e-01 -4.110e-02
2.040e+01 1.846e-01 -3.500e-02
2.050e+01 1.741e-01 -3.395e-02
2.060e+01 1.865e-01 -4.341e-02
2.070e+01 2.030e-01 -3.505e-02
2.080e+01 1.743e-01 -4.142e-02
2.090e+01 1.767e-01 -5.226e-02
2.100e+01 1.733e-01 -4.975e-02
2.110e+01 1.893e-01 -2.632e-02
2.120e+01 1.874e-01 -1.042e-03
2.130e+01 1.986e-01 -6.151e-03
2.140e+01 1.883e-01 -1.684e-02
2.150e+01 1.781e-01 -2.454e-02
2.160e+01 1.680e-01 -2.329e-02
2.170e+01 1.808e-01 -3.540e-02
2.180e+01 1.829e-01 -3.144e-02
2.190e+01 1.828e-01 -2.657e-02
2.200e+01 1.975e-01 -8.309e-03
2.210e+01 1.756e-01 -2.561e-02
2.220e+01 1.777e-01 -2.830e-02
2.230e+01 1.686e-01 -2.434e-02
2.240e+01 1.697e-01 -4.257e-02
2.250e+01 1.558e-01 -3.906e-02
2.260e+01 1.604e-01 -3.219e-02
2.270e+01 1.414e-01 -4.047e-02
2.280e+01 1.455e-01 -2.568e-02
2.290e+01 1.442e-01 -2.376e-02
2.300e+01 1.395e-01 -1.486e-02
2.310e+01 1.421e-01 -2.523e-02
2.320e+01 1.262e-01 -1.856e-02
2.330e+01 1.337e-01 -3.828e-02
2.340e+01 1.261e-01 -3.340e-02
2.350e+01 1.432e-01 -2.264e-02
2.360e+01 1.384e-01 -2.978e-02
2.370e+01 1.469e-01 -2.612e-02
2.380e+01 1.370e-01 -2.154e-02
2.390e+01 1.187e-01 -1.733e-02
2.400e+01 1.221e-01 -2.408e-02
2.410e+01 1.214e-01 -3.338e-02
2.420e+01 1.341e-01 -2.390e-02
2.430e+01 1.383e-01 -1.894e-02
2.440e+01 1.371e-01 -2.289e-02
2.450e+01 1.314e-01 -9.869e-03
2.460e+01 1.380e-01 -7.448e-03
2.470e+01 1.408e-01 -1.450e-02
2.480e+01 1.333e-01 -8.852e-03
2.490e+01 1.341e-01 -1.203e-02
2.500e+01 1.375e-01 -1.018e-02
2.510e+01 1.270e-01 -1.594e-02
2.520e+01 1.284e-01 -8.074e-03
2.530e+01 1.321e-01 -6.822e-03
2.540e+01 1.257e-01 -1.480e-02
2.550e+01 1.255e-01 -1.922e-02
2.560e+01 1.283e-01 -5.127e-03
2.570e+01 1.269e-01 -7.892e-03
2.580e+01 1.303e-01 -7.577e-03
2.590e+01 1.223e-01 -1.016e-02
2.600e+01 1.181e-01 -2.491e-02
2.610e+01 1.225e-01 -1.913e-02
2.620e+01 1.183e-01 -1.640e-02
2.630e+01 1.016e-01 -8.739e-03
2.640e+01 1.002e-01 -1.436e-02
2.650e+01 8.962e-02 1.510e-02
2.660e+01 9.474e-02 -1.367e-02
2.670e+01 1.008e-01 -8.518e-03
2.680e+01 1.016e-01 -1.196e-02
2.690e+01 1.004e-01 -1.787e-02
2.700e+01 9.239e-02 -2.892e-03
2.710e+01 9.433e-02 -1.604e-02
2.720e+01 9.165e-02 -1.941e-02
2.730e+01 8.448e-02 6.408e-03
2.740e+01 9.594e-02 -2.596e-03
2.750e+01 9.593e-02 -7.034e-04
2.760e+01 9.618e-02 -6.812e-03
2.770e+01 9.099e-02 -1.401e-03
2.780e+01 8.643e-02 3.349e-03
2.790e+01 7.886e-02 9.507e-03
2.800e+01 6.397e-02 2.355e-02
2.810e+01 6.816e-02 7.651e-03
2.820e+01 7.081e-02 2.554e-02
2.830e+01 7.025e-02 1.669e-02
2.840e+01 7.986e-02 4.228e-03
2.850e+01 9.015e-02 1.761e-02
2.860e+01 9.768e-02 2.468e-02
2.870e+01 8.866e-02 7.035e-03
2.880e+01 8.004e-02 1.935e-02
2.890e+01 8.595e-02 6.880e-03
2.900e+01 8.279e-02 6.544e-03
2.910e+01 8.732e-02 4.538e-03
2.920e+01 7.850e-02 2.107e-02
2.930e+01 9.308e-02 5.545e-03
2.940e+01 8.530e-02 -4.493e-03
2.950e+01 1.041e-01 1.191e-02
2.960e+01 8.452e-02 1.459e-02
2.970e+01 8.731e-02 5.292e-03
2.980e+01 9.341e-02 2.360e-02
2.990e+01 8.909e-02 2.678e-02
3.000e+01 9.455e-02 2.975e-02
3.010e+01 9.552e-02 3.315e-02
3.020e+01 9.681e-02 3.160e-02
3.030e+01 1.012e-01 9.803e-03
3.040e+01 8.413e-02 1.133e-02
3.050e+01 8.736e-02 1.436e-02
3.060e+01 1.060e-01 1.421e-02
3.070e+01 9.303e-02 1.784e-02
3.080e+01 1.098e-01 2.518e-02
3.090e+01 1.085e-01 3.074e-02
3.100e+01 1.022e-01 1.067e-02
3.110e+01 1.005e-01 2.218e-02
3.120e+01 9.582e-02 1.150e-02
3.130e+01 8.615e-02 1.291e-02
3.140e+01 8.675e-02 4.211e-03
3.150e+01 8.402e-02 9.639e-03
3.160e+01 8.636e-02 1.499e-02
3.170e+01 1.024e-01 1.922e-02
3.180e+01 9.448e-02 1.287e-02
3.190e+01 9.243e-02 1.218e-02
3.200e+01 8.383e-02 1.110e-02
3.210e+01 1.003e-01 7.200e-03
3.220e+01 8.689e-02 1.340e-02
3.230e+01 9.114e-02 8.573e-03
3.240e+01 8.094e-02 4.125e-03
3.250e+01 9.549e-02 -1.227e-03
3.260e+01 8.714e-02 8.410e-03
3.270e+01 7.144e-02 2.204e-02
3.280e+01 7.930e-02 1.287e-02
3.290e+01 6.218e-02 1.417e-02
3.300e+01 7.446e-02 1.481e-02
3.310e+01 8.251e-02 8.386e-03
3.320e+01 6.337e-02 2.734e-02
3.330e+01 7.511e-02 2.275e-03
3.340e+01 7.844e-02 4.432e-03
3.350e+01 7.438e-02 3.601e-03
3.360e+01 6.604e-02 1.838e-02
3.370e+01 7.876e-02 2.784e-03
3.380e+01 7.017e-02 1.848e-02
3.390e+01 6.644e-02 -1.708e-03
3.400e+01 6.346e-02 3.569e-03
3.410e+01 6.526e-02 2.732e-03
3.420e+01 7.328e-02 1.326e-02
3.430e+01 7.546e-02 8.705e-03
3.440e+01 8.872e-02 1.163e-02
3.450e+01 8.569e-02 9.785e-03
3.460e+01 7.353e-02 1.525e-02
3.470e+01 8.485e-02 5.714e-03
3.480e+01 8.511e-02 4.619e-03
3.490e+01 8.880e-02 -1.166e-03
3.500e+01 9.349e-02 -6.594e-03
3.510e+01 8.528e-02 -1.435e-02
3.520e+01 8.204e-02 6.793e-03
3.530e+01 8.630e-02 -5.157e-03
3.540e+01 7.949e-02 5.567e-03
3.550e+01 7.396e-02 -6.979e-03
3.560e+01 8.234e-02 -6.143e-03
3.570e+01 8.762e-02 -3.202e-03
3.580e+01 8.210e-02 -9.445e-03
3.590e+01 7.937e-02 -1.301e-02
3.600e+01 9.353e-02 -1.837e-03
3.610e+01 9.143e-02 -7.262e-03
3.620e+01 9.273e-02 -8.730e-03
3.630e+01 9.004e-02 -5.940e-03
3.640e+01 1.001e-01 3.334e-04
3.650e+01 9.673e-02 1.232e-02
3.660e+01 7.543e-02 1.195e-02
3.670e+01 6.984e-02 5.138e-03
3.680e+01 7.110e-02 4.026e-03
3.690e+01 4.679e-02 1.696e-03
3.700e+01 5.119e-02 -1.714e-03
3.710e+01 5.681e-02 -8.875e-03
3.720e+01 6.061e-02 -8.422e-03
3.730e+01 5.719e-02 -1.160e-02
3.740e+01 5.352e-02 -4.319e-03
3.750e+01 5.865e-02 -7.399e-03
3.760e+01 6.144e-02 -4.789e-03
3.770e+01 6.727e-02 -4.372e-03
3.780e+01 7.085e-02 -1.970e-02
3.790e+01 6.914e-02 -1.557e-02
3.800e+01 6.958e-02 -1.571e-02
3.810e+01 7.492e-02 -1.912e-02
3.820e+01 7.351e-02 -1.667e-02
3.830e+01 7.187e-02 -2.013e-02
3.840e+01 7.979e-02 -1.423e-02
3.850e+01 7.288e-02 -1.541e-02
3.860e+01 6.987e-02 -1.011e-02
3.870e+01 7.617e-02 -9.042e-03
3.880e+01 6.917e-02 -5.238e-03
3.890e+01 7.006e-02 -1.627e-02
3.900e+01 6.226e-02 -1.775e-02
3.910e+01 6.596e-02 -1.780e-02
3.920e+01 6.918e-02 -1.099e-03
3.930e+01 6.224e-02 -1.641e-02
3.940e+01 6.712e-02 -4.339e-03
3.950e+01 6.277e-02 -7.317e-03
3.960e+01 6.534e-02 -6.071e-03
3.970e+01 5.964e-02 -7.448e-03
3.980e+01 5.588e-02 -7.324e-03
3.990e+01 5.478e-02 -3.050e-03
4.000e+01 6.373e-02 1.507e-04
4.010e+01 6.440e-02 1.297e-03
4.020e+01 6.534e-02 5.422e-03
4.030e+01 6.720e-02 4.707e-03
4.040e+01 6.820e-02 -1.470e-04
4.050e+01 6.408e-02 -6.668e-04
4.060e+01 5.677e-02 3.234e-03
4.070e+01 5.528e-02 3.816e-03
4.080e+01 5.709e-02 1.543e-03
4.090e+01 6.009e-02 2.603e-03
4.100e+01 5.332e-02 4.897e-03
4.110e+01 5.768e-02 5.978e-03
4.120e+01 6.187e-02 8.432e-03
4.130e+01 5.406e-02 1.909e-02
4.140e+01 4.838e-02 7.366e-03
4.150e+01 4.644e-02 1.412e-02
4.160e+01 4.597e-02 6.357e-03
4.170e+01 4.864e-02 5.210e-03
4.180e+01 5.003e-02 6.861e-03
4.190e+01 4.519e-02 6.509e-03
4.200e+01 5.058e-02 9.437e-03
4.210e+01 4.883e-02 1.139e-02
4.220e+01 5.059e-02 1.001e-02
4.230e+01 5.650e-02 7.943e-03
4.240e+01 5.750e-02 5.662e-03
4.250e+01 5.421e-02 2.902e-03
4.260e+01 5.496e-02 4.778e-03
4.270e+01 5.248e-02 1.354e-02
4.280e+01 5.105e-02 7.329e-03
4.290e+01 5.052e-02 1.074e-02
4.300e+01 5.181e-02 1.008e-02
4.310e+01 5.191e-02 9.359e-03
4.320e+01 4.614e-02 1.024e-03
4.330e+01 4.699e-02 1.922e-03
4.340e+01 4.819e-02 2.548e-04
4.350e+01 4.994e-02 2.666e-03
4.360e+01 4.661e-02 7.414e-03
4.370e+01 4.324e-02 -2.787e-04
4.380e+01 4.528e-02 -3.311e-04
4.390e+01 4.433e-02 6.263e-03
4.400e+01 4.450e-02 3.735e-03
4.410e+01 3.920e-02 3.019e-03
4.420e+01 3.971e-02 5.592e-03
4.430e+01 3.908e-02 7.551e-03
4.440e+01 4.278e-02 7.013e-03
4.450e+01 5.170e-02 9.369e-03
4.460e+01 5.459e-02 1.602e-03
4.470e+01 5.279e-02 -2.186e-03
4.480e+01 5.074e-02 -3.177e-03
4.490e+01 5.252e-02 -3.468e-04
4.500e+01 5.464e-02 -4.022e-03
4.510e+01 5.303e-02 -2.761e-03
4.520e+01 5.262e-02 -6.787e-03
4.530e+01 5.418e-02 -4.378e-03
4.540e+01 5.968e-02 -3.389e-03
4.550e+01 5.812e-02 -3.996e-03
4.560e+01 5.933e-02 -7.982e-03
4.570e+01 5.915e-02 -8.523e-03
4.580e+01 5.751e-02 -4.546e-03
4.590e+01 5.471e-02 -3.882e-03
4.600e+01 5.369e-02 -5.819e-03
4.610e+01 5.269e-02 -4.607e-03
4.620e+01 4.903e-02 -4.740e-03
4.630e+01 4.920e-02 -7.023e-03
4.640e+01 5.399e-02 -6.172e-03
4.650e+01 5.089e-02 -3.006e-03
4.660e+01 4.729e-02 -7.163e-03
4.670e+01 4.777e-02 -6.489e-03
4.680e+01 4.928e-02 -7.214e-03
4.690e+01 5.009e-02 -8.380e-03
4.700e+01 5.118e-02 -1.541e-02
4.710e+01 4.833e-02 -9.825e-03
4.720e+01 5.289e-02 -4.336e-03
4.730e+01 5.469e-02 -2.809e-03
4.740e+01 5.238e-02 -3.822e-03
4.750e+01 4.670e-02 -4.826e-03
4.760e+01 4.624e-02 -5.420e-03
4.770e+01 4.970e-02 -3.615e-03
4.780e+01 4.794e-02 -4.863e-03
4.790e+01 4.719e-02 -4.038e-03
4.800e+01 4.966e-02 4.301e-04
4.810e+01 5.340e-02 8.699e-04
4.820e+01 4.910e-02 -2.283e-03
4.830e+01 4.739e-02 -5.605e-04
4.840e+01 4.518e-02 -1.533e-04
4.850e+01 5.014e-02 1.120e-04
4.860e+01 4.926e-02 4.779e-03
4.870e+01 5.087e-02 9.024e-03
4.880e+01 5.155e-02 4.481e-03
4.890e+01 5.092e-02 6.164e-03
4.900e+01 4.700e-02 3.077e-03
4.910e+01 4.634e-02 3.413e-03
4.920e+01 4.749e-02 4.224e-03
4.930e+01 4.581e-02 1.696e-03
4.940e+01 4.790e-02 1.551e-03
4.950e+01 5.250e-02 -2.930e-03
4.960e+01 5.309e-02 -7.318e-05
4.970e+01 5.807e-02 1.631e-04
4.980e+01 5.836e-02 3.833e-03
4.990e+01 5.742e-02 2.535e-03
5.000e+01 5.269e-02 1.870e-03
5.010e+01 4.981e-02 3.075e-03
5.020e+01 5.184e-02 -7.616e-04
5.030e+01 4.783e-02 8.395e-04
5.040e+01 4.930e-02 1.395e-03
5.050e+01 5.290e-02 6.732e-04
5.060e+01 5.265e-02 8.133e-04
5.070e+01 5.244e-02 4.426e-03
5.080e+01 5.050e-02 7.731e-03
5.090e+01 5.028e-02 8.130e-03
5.100e+01 5.128e-02 1.048e-02
5.110e+01 5.092e-02 8.773e-03
5.120e+01 5.252e-02 7.754e-03
5.130e+01 5.748e-02 5.387e-03
5.140e+01 5.138e-02 9.335e-03
5.150e+01 5.194e-02 1.257e-02
5.160e+01 5.178e-02 5.003e-03
5.170e+01 5.003e-02 5.714e-03
5.180e+01 5.174e-02 7.582e-03
5.190e+01 4.987e-02 2.619e-03
5.200e+01 5.285e-02 3.830e-03
5.210e+01 5.445e-02 5.419e-04
5.220e+01 5.212e-02 8.117e-04
5.230e+01 4.855e-02 5.283e-03
5.240e+01 5.153e-02 -2.499e-03
5.250e+01 5.086e-02 -3.226e-03
5.260e+01 5.394e-02 6.860e-04
5.270e+01 5.072e-02 1.657e-04
5.280e+01 4.322e-02 8.740e-04
5.290e+01 4.475e-02 1.907e-03
5.300e+01 4.319e-02 2.022e-03
5.310e+01 4.231e-02 -4.031e-03
5.320e+01 4.094e-02 -3.014e-03
5.330e+01 4.183e-02 -3.442e-03
5.340e+01 4.256e-02 1.695e-03
5.350e+01 4.614e-02 2.110e-03
5.360e+01 4.395e-02 3.487e-04
5.370e+01 4.300e-02 1.259e-03
5.380e+01 4.318e-02 1.552e-03
5.390e+01 4.227e-02 1.961e-03
5.400e+01 4.084e-02 1.730e-03
5.410e+01 3.708e-02 2.827e-04
5.420e+01 4.130e-02 2.033e-03
5.430e+01 4.588e-02 -1.215e-03
5.440e+01 4.941e-02 2.140e-03
5.450e+01 4.434e-02 3.591e-03
5.460e+01 4.222e-02 -1.240e-03
5.470e+01 4.127e-02 -7.297e-04
5.480e+01 4.060e-02 3.113e-03
5.490e+01 4.579e-02 7.722e-04
5.500e+01 4.743e-02 -1.070e-03
5.510e+01 4.799e-02 -2.686e-03
5.520e+01 4.813e-02 5.495e-04
5.530e+01 4.507e-02 -3.808e-03
5.540e+01 4.467e-02 -2.501e-03
5.550e+01 4.188e-02 -1.008e-03
5.560e+01 4.124e-02 1.967e-03
5.570e+01 4.557e-02 1.911e-03
5.580e+01 4.793e-02 -3.672e-03
5.590e+01 4.686e-02 -6.555e-04
5.600e+01 4.648e-02 -2.378e-03
5.610e+01 4.527e-02 -2.585e-04
5.620e+01 4.322e-02 -2.895e-03
5.630e+01 4.407e-02 4.919e-03
5.640e+01 4.477e-02 1.500e-03
5.650e+01 4.699e-02 2.073e-03
5.660e+01 4.661e-02 -2.203e-03
5.670e+01 4.545e-02 -2.200e-03
5.680e+01 4.293e-02 -1.912e-03
5.690e+01 4.424e-02 -2.051e-03
5.700e+01 4.391e-02 3.219e-04
5.710e+01 5.143e-02 -2.289e-03
5.720e+01 4.899e-02 1.557e-03
5.730e+01 4.302e-02 2.513e-03
5.740e+01 4.579e-02 2.065e-03
5.750e+01 4.689e-02 -6.688e-04
5.760e+01 4.455e-02 2.561e-04
5.770e+01 4.550e-02 2.405e-03
5.780e+01 4.362e-02 2.419e-03
5.790e+01 4.443e-02 1.961e-03
5.800e+01 4.308e-02 7.467e-04
5.810e+01 4.450e-02 2.086e-03
5.820e+01 4.708e-02 3.940e-03
5.830e+01 4.624e-02 4.587e-03
5.840e+01 4.542e-02 3.597e-03
5.850e+01 4.034e-02 4.392e-03
5.860e+01 4.177e-02 4.849e-03
5.870e+01 4.149e-02 5.849e-03
5.880e+01 3.999e-02 4.985e-03
5.890e+01 3.821e-02 4.902e-03
5.900e+01 3.797e-02 5.483e-03
5.910e+01 4.105e-02 6.479e-03
5.920e+01 3.943e-02 8.799e-03
5.930e+01 4.310e-02 4.426e-03
5.940e+01 4.505e-02 8.793e-03
5.950e+01 4.470e-02 8.506e-03
5.960e+01 4.010e-02 8.445e-03
5.970e+01 4.023e-02 5.076e-03
5.980e+01 4.414e-02 5.696e-03
5.990e+01 4.160e-02 1.077e-02
6.000e+01 3.897e-02 8.982e-03
6.010e+01 3.717e-02 8.821e-03
6.020e+01 3.704e-02 1.002e-02
6.030e+01 4.000e-02 8.276e-03
6.040e+01 3.883e-02 5.751e-03
6.050e+01 4.259e-02 4.334e-03
6.060e+01 4.393e-02 1.892e-03
6.070e+01 4.400e-02 5.487e-05
6.080e+01 4.211e-02 4.753e-03
6.090e+01 4.039e-02 1.958e-03
6.100e+01 3.713e-02 -1.474e-03
6.110e+01 3.726e-02 -2.334e-03
6.120e+01 3.819e-02 -5.058e-04
6.130e+01 3.817e-02 6.460e-03
6.140e+01 3.808e-02 5.164e-03
6.150e+01 3.556e-02 6.082e-03
6.160e+01 3.722e-02 5.679e-03
6.170e+01 3.811e-02 3.133e-03
6.180e+01 3.590e-02 2.736e-03
6.190e+01 3.928e-02 1.820e-03
6.200e+01 3.760e-02 6.630e-04
6.210e+01 3.855e-02 9.055e-04
6.220e+01 3.734e-02 3.876e-03
6.230e+01 3.461e-02 4.491e-03
6.240e+01 3.210e-02 4.550e-03
6.250e+01 3.091e-02 5.694e-04
6.260e+01 3.570e-02 4.254e-04
6.270e+01 3.463e-02 2.580e-03
6.280e+01 3.360e-02 6.129e-04
6.290e+01 3.366e-02 1.582e-03
6.300e+01 3.433e-02 1.578e-03
6.310e+01 3.493e-02 7.836e-04
6.320e+01 3.753e-02 3.652e-03
6.330e+01 3.741e-02 1.065e-03
6.340e+01 3.702e-02 -2.710e-04
6.350e+01 3.269e-02 5.328e-04
6.360e+01 3.238e-02 1.357e-04
6.370e+01 3.270e-02 2.690e-04
6.380e+01 3.457e-02 5.186e-03
6.390e+01 3.503e-02 4.658e-03
6.400e+01 3.776e-02 4.265e-03
6.410e+01 3.775e-02 1.950e-03
6.420e+01 3.992e-02 -1.013e-03
6.430e+01 3.942e-02 -1.384e-03
6.440e+01 3.840e-02 -2.404e-03
6.450e+01 3.822e-02 -3.679e-03
6.460e+01 3.884e-02 -1.907e-03
6.470e+01 3.574e-02 -5.019e-03
6.480e+01 3.613e-02 -4.923e-03
6.490e+01 3.942e-02 -3.814e-03
6.500e+01 3.602e-02 -3.675e-03
6.510e+01 3.010e-02 -3.712e-03
6.520e+01 2.751e-02 -2.852e-03
6.530e+01 3.140e-02 -6.035e-03
6.540e+01 3.150e-02 -5.981e-03
6.550e+01 2.999e-02 -5.519e-03
6.560e+01 3.224e-02 -2.932e-03
6.570e+01 3.396e-02 -4.599e-03
6.580e+01 3.182e-02 -2.045e-03
6.590e+01 3.154e-02 -1.859e-03
6.600e+01 3.273e-02 2.060e-03
6.610e+01 3.364e-02 3.461e-03
6.620e+01 3.183e-02 4.838e-04
6.630e+01 3.207e-02 7.305e-04
6.640e+01 2.881e-02 1.719e-03
6.650e+01 2.893e-02 2.479e-03
6.660e+01 2.914e-02 4.614e-03
6.670e+01 3.361e-02 2.320e-03
6.680e+01 3.204e-02 -1.770e-04
6.690e+01 3.122e-02 2.129e-03
6.700e+01 3.220e-02 -4.985e-04
6.710e+01 3.479e-02 -4.445e-03
6.720e+01 3.091e-02 -6.211e-03
6.730e+01 2.982e-02 9.704e-04
6.740e+01 2.687e-02 1.057e-03
6.750e+01 2.704e-02 2.857e-04
6.760e+01 2.958e-02 -1.695e-03
6.770e+01 3.037e-02 -3.062e-03
6.780e+01 3.214e-02 -2.760e-03
6.790e+01 3.529e-02 -4.661e-03
6.800e+01 3.349e-02 -1.631e-03
6.810e+01 3.575e-02 -2.592e-03
6.820e+01 3.611e-02 1.532e-03
6.830e+01 3.607e-02 5.059e-04
6.840e+01 3.592e-02 5.617e-04
6.850e+01 3.588e-02 -2.878e-03
6.860e+01 3.788e-02 1.723e-04
6.870e+01 3.801e-02 1.411e-03
6.880e+01 3.492e-02 1.170e-03
6.890e+01 3.154e-02 -7.210e-04
6.900e+01 2.948e-02 -4.800e-03
6.910e+01 3.013e-02 5.724e-04
6.920e+01 3.684e-02 -1.882e-03
6.930e+01 3.667e-02 -3.000e-03
6.940e+01 3.316e-02 -3.656e-03
6.950e+01 2.504e-02 -3.624e-03
6.960e+01 2.433e-02 -4.805e-03
6.970e+01 2.654e-02 -8.916e-04
6.980e+01 2.671e-02 -6.889e-03
6.990e+01 2.472e-02 -3.485e-03
7.000e+01 2.477e-02 -2.337e-03
7.010e+01 3.054e-02 1.510e-03
7.020e+01 3.352e-02 2.307e-03
7.030e+01 3.453e-02 2.331e-03
7.040e+01 3.239e-02 6.456e-04
7.050e+01 3.156e-02 -2.194e-03
7.060e+01 3.410e-02 -3.626e-03
7.070e+01 3.847e-02 -4.188e-03
7.080e+01 3.514e-02 -5.795e-03
7.090e+01 3.584e-02 -3.907e-03
7.100e+01 2.955e-02 -1.546e-03
7.110e+01 2.726e-02 -1.830e-03
7.120e+01 3.261e-02 5.519e-04
7.130e+01 2.912e-02 2.663e-03
7.140e+01 2.856e-02 1.857e-03
7.150e+01 3.132e-02 9.308e-04
7.160e+01 3.329e-02 2.346e-03
7.170e+01 3.609e-02 2.330e-03
7.180e+01 3.335e-02 4.555e-03
7.190e+01 3.286e-02 5.922e-03
7.200e+01 3.117e-02 2.614e-03
7.210e+01 3.252e-02 3.134e-03
7.220e+01 3.342e-02 1.592e-03
7.230e+01 3.367e-02 -1.915e-03
7.240e+01 3.101e-02 -2.778e-03
7.250e+01 3.154e-02 -1.795e-03
7.260e+01 3.438e-02 1.531e-03
7.270e+01 3.256e-02 7.545e-04
7.280e+01 3.265e-02 3.010e-04
7.290e+01 3.259e-02 2.958e-03
7.300e+01 3.270e-02 4.385e-03
7.310e+01 2.911e-02 7.387e-04
7.320e+01 3.010e-02 4.324e-03
7.330e+01 3.348e-02 3.313e-03
7.340e+01 3.366e-02 3.281e-03
7.350e+01 3.335e-02 7.013e-04
7.360e+01 3.588e-02 2.945e-03
7.370e+01 3.428e-02 7.586e-04
7.380e+01 3.288e-02 -3.832e-06
7.390e+01 3.573e-02 -3.542e-04
7.400e+01 3.587e-02 -1.535e-03
7.410e+01 3.366e-02 1.012e-03
7.420e+01 3.288e-02 3.929e-03
7.430e+01 2.905e-02 6.672e-03
7.440e+01 3.125e-02 4.437e-03
7.450e+01 3.713e-02 1.976e-03
7.460e+01 3.678e-02 -2.290e-03
7.470e+01 3.345e-02 1.562e-03
7.480e+01 3.385e-02 1.294e-03
7.490e+01 3.297e-02 -1.313e-03
7.500e+01 3.382e-02 -2.339e-03
7.510e+01 3.300e-02 3.704e-04
7.520e+01 3.334e-02 1.844e-03
7.530e+01 3.216e-02 2.279e-03
7.540e+01 3.504e-02 -4.125e-04
7.550e+01 3.506e-02 -1.060e-03
7.560e+01 3.668e-02 -5.396e-03
7.570e+01 3.850e-02 -7.683e-03
7.580e+01 3.934e-02 -2.902e-03
7.590e+01 4.166e-02 -8.875e-04
7.600e+01 4.149e-02 2.491e-03
7.610e+01 4.094e-02 1.002e-03
7.620e+01 4.413e-02 1.716e-03
7.630e+01 4.140e-02 7.269e-03
7.640e+01 3.444e-02 5.774e-03
7.650e+01 3.851e-02 6.286e-03
7.660e+01 3.931e-02 5.607e-03
7.670e+01 3.702e-02 5.551e-03
7.680e+01 3.928e-02 2.796e-03
7.690e+01 3.791e-02 4.223e-03
7.700e+01 3.609e-02 2.648e-03
7.710e+01 4.092e-02 5.105e-03
7.720e+01 3.839e-02 2.038e-03
7.730e+01 3.950e-02 -2.642e-04
7.740e+01 4.191e-02 1.989e-03
7.750e+01 4.136e-02 2.208e-03
7.760e+01 3.736e-02 2.911e-03
7.770e+01 3.314e-02 1.627e-03
7.780e+01 3.704e-02 2.090e-03
7.790e+01 3.975e-02 2.698e-03
7.800e+01 3.754e-02 4.181e-04
7.810e+01 3.866e-02 -2.625e-04
7.820e+01 4.026e-02 -3.207e-03
7.830e+01 3.977e-02 -2.501e-04
7.840e+01 3.877e-02 -1.235e-03
7.850e+01 3.774e-02 -3.984e-04
7.860e+01 4.054e-02 9.468e-04
7.870e+01 3.576e-02 -7.231e-04
7.880e+01 3.433e-02 -3.977e-03
7.890e+01 3.364e-02 3.761e-04
7.900e+01 3.434e-02 -1.450e-03
7.910e+01 3.603e-02 -2.540e-03
7.920e+01 3.787e-02 -1.582e-03
7.930e+01 3.352e-02 1.606e-03
7.940e+01 2.968e-02 2.030e-03
7.950e+01 2.654e-02 4.731e-04
7.960e+01 2.741e-02 1.665e-03
7.970e+01 2.897e-02 -1.756e-03
7.980e+01 3.039e-02 -2.349e-03
7.990e+01 3.115e-02 -1.815e-03
8.000e+01 3.072e-02 -3.054e-03
8.010e+01 3.411e-02 -3.561e-05
8.020e+01 3.086e-02 -3.599e-03
8.030e+01 2.773e-02 -5.196e-04
8.040e+01 2.957e-02 1.658e-03
8.050e+01 2.977e-02 1.540e-03
8.060e+01 3.257e-02 -2.326e-04
8.070e+01 3.408e-02 5.101e-04
8.080e+01 3.368e-02 2.647e-03
8.090e+01 3.136e-02 4.963e-03
8.100e+01 3.580e-02 3.919e-03
8.110e+01 3.397e-02 7.875e-04
8.120e+01 3.491e-02 5.026e-04
8.130e+01 3.595e-02 2.020e-03
8.140e+01 3.404e-02 8.068e-05
8.150e+01 3.641e-02 -6.395e-04
8.160e+01 3.382e-02 -3.727e-03
8.170e+01 3.394e-02 -2.239e-04
8.180e+01 3.583e-02 6.845e-04
8.190e+01 3.610e-02 -1.495e-03
8.200e+01 3.826e-02 -6.089e-04
8.210e+01 3.893e-02 1.891e-03
8.220e+01 3.844e-02 8.117e-04
8.230e+01 3.569e-02 1.522e-03
8.240e+01 3.307e-02 -6.557e-04
8.250e+01 3.505e-02 -1.887e-03
8.260e+01 3.545e-02 -6.104e-04
8.270e+01 3.438e-02 9.057e-06
8.280e+01 3.331e-02 9.817e-04
8.290e+01 3.576e-02 3.934e-03
8.300e+01 3.517e-02 7.139e-03
8.310e+01 3.276e-02 5.397e-03
8.320e+01 3.018e-02 3.500e-03
8.330e+01 3.094e-02 3.505e-03
8.340e+01 2.932e-02 2.229e-03
8.350e+01 3.321e-02 -4.934e-04
8.360e+01 3.342e-02 3.901e-04
8.370e+01 3.532e-02 2.466e-03
8.380e+01 3.418e-02 2.807e-03
8.390e+01 3.236e-02 1.304e-03
8.400e+01 3.103e-02 2.854e-03
8.410e+01 3.354e-02 3.743e-03
8.420e+01 3.651e-02 2.343e-03
8.430e+01 3.468e-02 6.962e-03
8.440e+01 3.818e-02 8.113e-03
8.450e+01 3.820e-02 6.371e-03
8.460e+01 3.791e-02 9.144e-03
8.470e+01 3.784e-02 8.312e-03
8.480e+01 4.077e-02 9.490e-03
8.490e+01 3.943e-02 7.581e-03
8.500e+01 3.723e-02 7.995e-03
8.510e+01 4.120e-02 7.048e-03
8.520e+01 4.315e-02 7.829e-03
8.530e+01 3.855e-02 4.925e-03
8.540e+01 4.005e-02 7.511e-03
8.550e+01 3.615e-02 1.195e-02
8.560e+01 3.370e-02 1.326e-02
8.570e+01 3.388e-02 1.232e-02
8.580e+01 3.147e-02 1.198e-02
8.590e+01 3.110e-02 1.147e-02
8.600e+01 3.574e-02 6.373e-03
8.610e+01 3.442e-02 4.592e-03
8.620e+01 3.730e-02 7.078e-03
8.630e+01 3.802e-02 7.572e-03
8.640e+01 3.444e-02 9.354e-03
8.650e+01 3.416e-02 9.723e-03
8.660e+01 3.199e-02 9.110e-03
8.670e+01 3.442e-02 8.056e-03
8.680e+01 2.861e-02 9.494e-03
8.690e+01 2.828e-02 8.006e-03
8.700e+01 3.120e-02 8.601e-03
8.710e+01 3.244e-02 5.770e-03
8.720e+01 2.834e-02 7.794e-03
8.730e+01 2.638e-02 5.318e-03
8.740e+01 3.117e-02 6.686e-03
8.750e+01 3.177e-02 1.201e-02
8.760e+01 2.831e-02 8.483e-03
8.770e+01 2.790e-02 8.060e-03
8.780e+01 2.917e-02 6.455e-03
8.790e+01 2.897e-02 1.052e-02
8.800e+01 2.795e-02 9.982e-03
8.810e+01 2.565e-02 1.252e-02
8.820e+01 2.751e-02 8.017e-03
8.830e+01 2.988e-02 6.797e-03
8.840e+01 2.700e-02 8.348e-03
8.850e+01 2.790e-02 1.034e-02
8.860e+01 2.496e-02 1.170e-02
8.870e+01 2.593e-02 8.409e-03
8.880e+01 2.607e-02 5.161e-03
8.890e+01 2.656e-02 6.913e-03
8.900e+01 2.613e-02 5.716e-03
8.910e+01 2.279e-02 7.262e-03
8.920e+01 2.077e-02 8.468e-03
8.930e+01 2.104e-02 8.334e-03
8.940e+01 2.803e-02 6.209e-03
8.950e+01 2.328e-02 4.243e-03
8.960e+01 2.073e-02 6.813e-03
8.970e+01 2.620e-02 9.649e-03
8.980e+01 2.404e-02 1.016e-02
8.990e+01 2.426e-02 9.453e-03
9.000e+01 2.213e-02 8.168e-03
9.010e+01 2.550e-02 6.288e-03
9.020e+01 2.423e-02 7.882e-03
9.030e+01 2.300e-02 1.059e-02
9.040e+01 2.532e-02 8.069e-03
9.050e+01 2.405e-02 8.570e-03
9.060e+01 2.228e-02 8.434e-03
9.070e+01 2.231e-02 7.638e-03
9.080e+01 2.014e-02 5.212e-03
9.090e+01 1.912e-02 5.356e-03
9.100e+01 2.008e-02 4.923e-03
9.110e+01 1.469e-02 3.278e-03
9.120e+01 1.966e-02 3.925e-03
9.130e+01 1.788e-02 5.425e-03
9.140e+01 1.591e-02 2.979e-03
9.150e+01 1.678e-02 4.087e-03
9.160e+01 1.684e-02 1.786e-03
9.170e+01 1.925e-02 -8.153e-04
9.180e+01 1.701e-02 2.198e-03
9.190e+01 2.145e-02 4.451e-03
9.200e+01 1.742e-02 4.446e-03
9.210e+01 1.969e-02 1.662e-03
9.220e+01 1.673e-02 1.092e-03
9.230e+01 1.991e-02 8.088e-04
9.240e+01 1.619e-02 2.145e-03
9.250e+01 1.887e-02 1.721e-04
9.260e+01 2.109e-02 1.781e-03
9.270e+01 1.888e-02 3.913e-03
9.280e+01 1.743e-02 5.990e-03
9.290e+01 1.681e-02 4.566e-03
9.300e+01 1.856e-02 5.075e-03
9.310e+01 1.715e-02 1.380e-03
9.320e+01 1.796e-02 4.023e-03
9.330e+01 2.088e-02 5.147e-03
9.340e+01 2.124e-02 4.569e-03
9.350e+01 1.832e-02 3.716e-03
9.360e+01 1.947e-02 7.449e-03
9.370e+01 1.958e-02 1.050e-02
9.380e+01 1.865e-02 4.077e-03
9.390e+01 1.261e-02 8.410e-03
9.400e+01 1.442e-02 5.775e-03
9.410e+01 1.326e-02 6.854e-03
9.420e+01 1.451e-02 4.752e-03
9.430e+01 1.545e-02 6.033e-03
9.440e+01 1.454e-02 2.482e-03
9.450e+01 1.235e-02 2.549e-03
9.460e+01 1.743e-02 3.430e-03
9.470e+01 1.628e-02 -9.214e-04
9.480e+01 1.320e-02 1.323e-03
9.490e+01 1.869e-02 5.422e-03
9.500e+01 1.818e-02 2.859e-03
9.510e+01 1.769e-02 6.303e-03
9.520e+01 1.848e-02 7.355e-04
9.530e+01 1.757e-02 2.439e-03
9.540e+01 1.763e-02 -2.256e-03
9.550e+01 2.078e-02 2.858e-03
9.560e+01 2.148e-02 9.030e-04
9.570e+01 2.589e-02 3.034e-03
9.580e+01 2.435e-02 4.076e-03
9.590e+01 2.420e-02 3.913e-03
9.600e+01 2.445e-02 3.507e-03
9.610e+01 2.464e-02 -1.714e-04
9.620e+01 2.248e-02 6.593e-04
9.630e+01 2.505e-02 2.621e-03
9.640e+01 2.181e-02 -3.227e-03
9.650e+01 2.135e-02 -6.084e-03
9.660e+01 2.314e-02 -6.776e-03
9.670e+01 2.605e-02 -1.047e-02
9.680e+01 3.076e-02 -9.564e-03
9.690e+01 3.222e-02 -6.887e-03
9.700e+01 3.130e-02 -1.014e-02
9.710e+01 2.844e-02 -7.545e-03
9.720e+01 3.451e-02 -4.651e-03
9.730e+01 3.376e-02 -3.965e-03
9.740e+01 3.302e-02 -1.903e-03
9.750e+01 3.317e-02 3.574e-04
9.760e+01 3.101e-02 -8.516e-04
9.770e+01 3.055e-02 -3.007e-04
9.780e+01 2.866e-02 5.410e-05
9.790e+01 3.133e-02 -6.185e-04
9.800e+01 3.052e-02 -3.426e-03
9.810e+01 2.641e-02 -8.508e-03
9.820e+01 2.889e-02 -9.927e-03
9.830e+01 3.234e-02 -1.052e-02
9.840e+01 2.543e-02 -8.605e-03
9.850e+01 2.544e-02 -5.119e-03
9.860e+01 2.273e-02 -7.799e-03
9.870e+01 1.602e-02 -1.951e-02
9.880e+01 2.057e-02 -5.967e-03
9.890e+01 1.924e-02 -3.672e-03
9.900e+01 1.838e-02 -2.351e-03
9.910e+01 2.282e-02 -8.605e-04
9.920e+01 2.607e-02 3.926e-03
9.930e+01 2.270e-02 2.346e-04
9.940e+01 2.545e-02 -2.761e-03
9.950e+01 2.091e-02 -6.375e-03
9.960e+01 1.771e-02 -6.704e-03
9.970e+01 2.187e-02 -1.013e-02
9.980e+01 1.996e-02 -9.656e-03
9.990e+01 2.973e-02 -8.510e-03
