# Time (ps)      real(F_0)      im(F_0)
0.000e+00 1.000e+00 0.000e+00
1.000e-02 9.970e-01 0.000e+00
2.000e-02 9.928e-01 0.000e+00
3.000e-02 9.874e-01 0.000e+00
4.000e-02 9.808e-01 0.000e+00
5.000e-02 9.730e-01 0.000e+00
6.000e-02 9.642e-01 0.000e+00
7.000e-02 9.545e-01 0.000e+00
8.000e-02 9.439e-01 0.000e+00
9.000e-02 9.328e-01 0.000e+00
1.000e-01 9.214e-01 0.000e+00
1.100e-01 9.096e-01 0.000e+00
1.200e-01 8.977e-01 0.000e+00
1.300e-01 8.856e-01 0.000e+00
1.400e-01 8.735e-01 0.000e+00
1.500e-01 8.613e-01 0.000e+00
1.600e-01 8.490e-01 0.000e+00
1.700e-01 8.367e-01 0.000e+00
1.800e-01 8.245e-01 0.000e+00
1.900e-01 8.122e-01 0.000e+00
2.000e-01 7.999e-01 0.000e+00
2.100e-01 7.877e-01 0.000e+00
2.200e-01 7.755e-01 0.000e+00
2.300e-01 7.635e-01 0.000e+00
2.400e-01 7.515e-01 0.000e+00
2.500e-01 7.397e-01 0.000e+00
2.600e-01 7.281e-01 0.000e+00
2.700e-01 7.167e-01 0.000e+00
2.800e-01 7.055e-01 0.000e+00
2.900e-01 6.945e-01 0.000e+00
3.000e-01 6.837e-01 0.000e+00
3.100e-01 6.732e-01 0.000e+00
3.200e-01 6.629e-01 0.000e+00
3.300e-01 6.528e-01 0.000e+00
3.400e-01 6.428e-01 0.000e+00
3.500e-01 6.331e-01 0.000e+00
3.600e-01 6.235e-01 0.000e+00
3.700e-01 6.140e-01 0.000e+00
3.800e-01 6.048e-01 0.000e+00
3.900e-01 5.956e-01 0.000e+00
4.000e-01 5.867e-01 0.000e+00
4.100e-01 5.778e-01 0.000e+00
4.200e-01 5.691e-01 0.000e+00
4.300e-01 5.606e-01 0.000e+00
4.400e-01 5.523e-01 0.000e+00
4.500e-01 5.441e-01 0.000e+00
4.600e-01 5.361e-01 0.000e+00
4.700e-01 5.282e-01 0.000e+00
4.800e-01 5.206e-01 0.000e+00
4.900e-01 5.132e-01 0.000e+00
5.000e-01 5.060e-01 0.000e+00
5.100e-01 4.989e-01 0.000e+00
5.200e-01 4.920e-01 0.000e+00
5.300e-01 4.852e-01 0.000e+00
5.400e-01 4.786e-01 0.000e+00
5.500e-01 4.722e-01 0.000e+00
5.600e-01 4.659e-01 0.000e+00
5.700e-01 4.599e-01 0.000e+00
5.800e-01 4.540e-01 0.000e+00
5.900e-01 4.484e-01 0.000e+00
6.000e-01 4.429e-01 0.000e+00
6.100e-01 4.377e-01 0.000e+00
6.200e-01 4.328e-01 0.000e+00
6.300e-01 4.280e-01 0.000e+00
6.400e-01 4.234e-01 0.000e+00
6.500e-01 4.190e-01 0.000e+00
6.600e-01 4.147e-01 0.000e+00
6.700e-01 4.106e-01 0.000e+00
6.800e-01 4.067e-01 0.000e+00
6.900e-01 4.029e-01 0.000e+00
7.000e-01 3.991e-01 0.000e+00
7.100e-01 3.955e-01 0.000e+00
7.200e-01 3.920e-01 0.000e+00
7.300e-01 3.886e-01 0.000e+00
7.400e-01 3.852e-01 0.000e+00
7.500e-01 3.819e-01 0.000e+00
7.600e-01 3.787e-01 0.000e+00
7.700e-01 3.755e-01 0.000e+00
7.800e-01 3.723e-01 0.000e+00
7.900e-01 3.692e-01 0.000e+00
8.000e-01 3.659e-01 0.000e+00
8.100e-01 3.626e-01 0.000e+00
8.200e-01 3.592e-01 0.000e+00
8.300e-01 3.557e-01 0.000e+00
8.400e-01 3.521e-01 0.000e+00
8.500e-01 3.485e-01 0.000e+00
8.600e-01 3.448e-01 0.000e+00
8.700e-01 3.410e-01 0.000e+00
8.800e-01 3.373e-01 0.000e+00
8.900e-01 3.335e-01 0.000e+00
9.000e-01 3.297e-01 0.000e+00
9.100e-01 3.258e-01 0.000e+00
9.200e-01 3.220e-01 0.000e+00
9.300e-01 3.182e-01 0.000e+00
9.400e-01 3.143e-01 0.000e+00
9.500e-01 3.105e-01 0.000e+00
9.600e-01 3.066e-01 0.000e+00
9.700e-01 3.028e-01 0.000e+00
9.800e-01 2.989e-01 0.000e+00
9.900e-01 2.951e-01 0.000e+00
1.000e+00 2.913e-01 0.000e+00
1.010e+00 2.875e-01 0.000e+00
1.020e+00 2.838e-01 0.000e+00
1.030e+00 2.800e-01 0.000e+00
1.040e+00 2.763e-01 0.000e+00
1.050e+00 2.726e-01 0.000e+00
1.060e+00 2.689e-01 0.000e+00
1.070e+00 2.653e-01 0.000e+00
1.080e+00 2.617e-01 0.000e+00
1.090e+00 2.581e-01 0.000e+00
1.100e+00 2.546e-01 0.000e+00
1.110e+00 2.512e-01 0.000e+00
1.120e+00 2.478e-01 0.000e+00
1.130e+00 2.444e-01 0.000e+00
1.140e+00 2.411e-01 0.000e+00
1.150e+00 2.379e-01 0.000e+00
1.160e+00 2.346e-01 0.000e+00
1.170e+00 2.315e-01 0.000e+00
1.180e+00 2.284e-01 0.000e+00
1.190e+00 2.254e-01 0.000e+00
1.200e+00 2.225e-01 0.000e+00
1.210e+00 2.196e-01 0.000e+00
1.220e+00 2.167e-01 0.000e+00
1.230e+00 2.139e-01 0.000e+00
1.240e+00 2.111e-01 0.000e+00
1.250e+00 2.083e-01 0.000e+00
1.260e+00 2.055e-01 0.000e+00
1.270e+00 2.027e-01 0.000e+00
1.280e+00 1.998e-01 0.000e+00
1.290e+00 1.970e-01 0.000e+00
1.300e+00 1.941e-01 0.000e+00
1.310e+00 1.913e-01 0.000e+00
1.320e+00 1.885e-01 0.000e+00
1.330e+00 1.857e-01 0.000e+00
1.340e+00 1.828e-01 0.000e+00
1.350e+00 1.800e-01 0.000e+00
1.360e+00 1.772e-01 0.000e+00
1.370e+00 1.745e-01 0.000e+00
1.380e+00 1.718e-01 0.000e+00
1.390e+00 1.692e-01 0.000e+00
1.400e+00 1.666e-01 0.000e+00
1.410e+00 1.642e-01 0.000e+00
1.420e+00 1.618e-01 0.000e+00
1.430e+00 1.595e-01 0.000e+00
1.440e+00 1.572e-01 0.000e+00
1.450e+00 1.550e-01 0.000e+00
1.460e+00 1.527e-01 0.000e+00
1.470e+00 1.505e-01 0.000e+00
1.480e+00 1.484e-01 0.000e+00
1.490e+00 1.463e-01 0.000e+00
1.500e+00 1.442e-01 0.000e+00
1.510e+00 1.422e-01 0.000e+00
1.520e+00 1.403e-01 0.000e+00
1.530e+00 1.384e-01 0.000e+00
1.540e+00 1.365e-01 0.000e+00
1.550e+00 1.346e-01 0.000e+00
1.560e+00 1.328e-01 0.000e+00
1.570e+00 1.308e-01 0.000e+00
1.580e+00 1.289e-01 0.000e+00
1.590e+00 1.269e-01 0.000e+00
1.600e+00 1.249e-01 0.000e+00
1.610e+00 1.228e-01 0.000e+00
1.620e+00 1.207e-01 0.000e+00
1.630e+00 1.185e-01 0.000e+00
1.640e+00 1.163e-01 0.000e+00
1.650e+00 1.141e-01 0.000e+00
1.660e+00 1.119e-01 0.000e+00
1.670e+00 1.097e-01 0.000e+00
1.680e+00 1.076e-01 0.000e+00
1.690e+00 1.054e-01 0.000e+00
1.700e+00 1.033e-01 0.000e+00
1.710e+00 1.011e-01 0.000e+00
1.720e+00 9.905e-02 0.000e+00
1.730e+00 9.697e-02 0.000e+00
1.740e+00 9.491e-02 0.000e+00
1.750e+00 9.287e-02 0.000e+00
1.760e+00 9.084e-02 0.000e+00
1.770e+00 8.882e-02 0.000e+00
1.780e+00 8.683e-02 0.000e+00
1.790e+00 8.485e-02 0.000e+00
1.800e+00 8.290e-02 0.000e+00
1.810e+00 8.098e-02 0.000e+00
1.820e+00 7.909e-02 0.000e+00
1.830e+00 7.726e-02 0.000e+00
1.840e+00 7.549e-02 0.000e+00
1.850e+00 7.378e-02 0.000e+00
1.860e+00 7.216e-02 0.000e+00
1.870e+00 7.060e-02 0.000e+00
1.880e+00 6.912e-02 0.000e+00
1.890e+00 6.769e-02 0.000e+00
1.900e+00 6.630e-02 0.000e+00
1.910e+00 6.493e-02 0.000e+00
1.920e+00 6.356e-02 0.000e+00
1.930e+00 6.217e-02 0.000e+00
1.940e+00 6.076e-02 0.000e+00
1.950e+00 5.932e-02 0.000e+00
1.960e+00 5.786e-02 0.000e+00
1.970e+00 5.638e-02 0.000e+00
1.980e+00 5.491e-02 0.000e+00
1.990e+00 5.346e-02 0.000e+00
2.000e+00 5.205e-02 0.000e+00
2.010e+00 5.072e-02 0.000e+00
2.020e+00 4.949e-02 0.000e+00
2.030e+00 4.842e-02 0.000e+00
2.040e+00 4.752e-02 0.000e+00
2.050e+00 4.683e-02 0.000e+00
2.060e+00 4.633e-02 0.000e+00
2.070e+00 4.601e-02 0.000e+00
2.080e+00 4.584e-02 0.000e+00
2.090e+00 4.579e-02 0.000e+00
2.100e+00 4.583e-02 0.000e+00
2.110e+00 4.594e-02 0.000e+00
2.120e+00 4.609e-02 0.000e+00
2.130e+00 4.627e-02 0.000e+00
2.140e+00 4.646e-02 0.000e+00
2.150e+00 4.664e-02 0.000e+00
2.160e+00 4.679e-02 0.000e+00
2.170e+00 4.691e-02 0.000e+00
2.180e+00 4.697e-02 0.000e+00
2.190e+00 4.697e-02 0.000e+00
2.200e+00 4.690e-02 0.000e+00
2.210e+00 4.676e-02 0.000e+00
2.220e+00 4.653e-02 0.000e+00
2.230e+00 4.623e-02 0.000e+00
2.240e+00 4.585e-02 0.000e+00
2.250e+00 4.540e-02 0.000e+00
2.260e+00 4.488e-02 0.000e+00
2.270e+00 4.430e-02 0.000e+00
2.280e+00 4.367e-02 0.000e+00
2.290e+00 4.300e-02 0.000e+00
2.300e+00 4.231e-02 0.000e+00
2.310e+00 4.160e-02 0.000e+00
2.320e+00 4.088e-02 0.000e+00
2.330e+00 4.017e-02 0.000e+00
2.340e+00 3.948e-02 0.000e+00
2.350e+00 3.888e-02 0.000e+00
2.360e+00 3.839e-02 0.000e+00
2.370e+00 3.801e-02 0.000e+00
2.380e+00 3.769e-02 0.000e+00
2.390e+00 3.740e-02 0.000e+00
2.400e+00 3.711e-02 0.000e+00
2.410e+00 3.681e-02 0.000e+00
2.420e+00 3.648e-02 0.000e+00
2.430e+00 3.614e-02 0.000e+00
2.440e+00 3.578e-02 0.000e+00
2.450e+00 3.542e-02 0.000e+00
2.460e+00 3.505e-02 0.000e+00
2.470e+00 3.469e-02 0.000e+00
2.480e+00 3.431e-02 0.000e+00
2.490e+00 3.393e-02 0.000e+00
2.500e+00 3.353e-02 0.000e+00
2.510e+00 3.311e-02 0.000e+00
2.520e+00 3.268e-02 0.000e+00
2.530e+00 3.223e-02 0.000e+00
2.540e+00 3.178e-02 0.000e+00
2.550e+00 3.132e-02 0.000e+00
2.560e+00 3.087e-02 0.000e+00
2.570e+00 3.042e-02 0.000e+00
2.580e+00 2.999e-02 0.000e+00
2.590e+00 2.957e-02 0.000e+00
2.600e+00 2.916e-02 0.000e+00
2.610e+00 2.877e-02 0.000e+00
2.620e+00 2.839e-02 0.000e+00
2.630e+00 2.802e-02 0.000e+00
2.640e+00 2.767e-02 0.000e+00
2.650e+00 2.732e-02 0.000e+00
2.660e+00 2.698e-02 0.000e+00
2.670e+00 2.663e-02 0.000e+00
2.680e+00 2.627e-02 0.000e+00
2.690e+00 2.588e-02 0.000e+00
2.700e+00 2.546e-02 0.000e+00
2.710e+00 2.501e-02 0.000e+00
2.720e+00 2.451e-02 0.000e+00
2.730e+00 2.398e-02 0.000e+00
2.740e+00 2.342e-02 0.000e+00
2.750e+00 2.284e-02 0.000e+00
2.760e+00 2.225e-02 0.000e+00
2.770e+00 2.165e-02 0.000e+00
2.780e+00 2.106e-02 0.000e+00
2.790e+00 2.048e-02 0.000e+00
2.800e+00 1.993e-02 0.000e+00
2.810e+00 1.941e-02 0.000e+00
2.820e+00 1.892e-02 0.000e+00
2.830e+00 1.845e-02 0.000e+00
2.840e+00 1.800e-02 0.000e+00
2.850e+00 1.757e-02 0.000e+00
2.860e+00 1.714e-02 0.000e+00
2.870e+00 1.672e-02 0.000e+00
2.880e+00 1.629e-02 0.000e+00
2.890e+00 1.587e-02 0.000e+00
2.900e+00 1.545e-02 0.000e+00
2.910e+00 1.503e-02 0.000e+00
2.920e+00 1.463e-02 0.000e+00
2.930e+00 1.425e-02 0.000e+00
2.940e+00 1.389e-02 0.000e+00
2.950e+00 1.357e-02 0.000e+00
2.960e+00 1.328e-02 0.000e+00
2.970e+00 1.303e-02 0.000e+00
2.980e+00 1.281e-02 0.000e+00
2.990e+00 1.262e-02 0.000e+00
3.000e+00 1.246e-02 0.000e+00
3.010e+00 1.233e-02 0.000e+00
3.020e+00 1.222e-02 0.000e+00
3.030e+00 1.214e-02 0.000e+00
3.040e+00 1.209e-02 0.000e+00
3.050e+00 1.206e-02 0.000e+00
3.060e+00 1.205e-02 0.000e+00
3.070e+00 1.204e-02 0.000e+00
3.080e+00 1.202e-02 0.000e+00
3.090e+00 1.197e-02 0.000e+00
3.100e+00 1.191e-02 0.000e+00
3.110e+00 1.181e-02 0.000e+00
3.120e+00 1.170e-02 0.000e+00
3.130e+00 1.158e-02 0.000e+00
3.140e+00 1.145e-02 0.000e+00
3.150e+00 1.134e-02 0.000e+00
3.160e+00 1.126e-02 0.000e+00
3.170e+00 1.122e-02 0.000e+00
3.180e+00 1.122e-02 0.000e+00
3.190e+00 1.127e-02 0.000e+00
3.200e+00 1.136e-02 0.000e+00
3.210e+00 1.150e-02 0.000e+00
3.220e+00 1.168e-02 0.000e+00
3.230e+00 1.190e-02 0.000e+00
3.240e+00 1.217e-02 0.000e+00
3.250e+00 1.249e-02 0.000e+00
3.260e+00 1.284e-02 0.000e+00
3.270e+00 1.322e-02 0.000e+00
3.280e+00 1.363e-02 0.000e+00
3.290e+00 1.404e-02 0.000e+00
3.300e+00 1.446e-02 0.000e+00
3.310e+00 1.486e-02 0.000e+00
3.320e+00 1.524e-02 0.000e+00
3.330e+00 1.561e-02 0.000e+00
3.340e+00 1.594e-02 0.000e+00
3.350e+00 1.623e-02 0.000e+00
3.360e+00 1.648e-02 0.000e+00
3.370e+00 1.668e-02 0.000e+00
3.380e+00 1.684e-02 0.000e+00
3.390e+00 1.695e-02 0.000e+00
3.400e+00 1.701e-02 0.000e+00
3.410e+00 1.704e-02 0.000e+00
3.420e+00 1.705e-02 0.000e+00
3.430e+00 1.705e-02 0.000e+00
3.440e+00 1.704e-02 0.000e+00
3.450e+00 1.705e-02 0.000e+00
3.460e+00 1.707e-02 0.000e+00
3.470e+00 1.711e-02 0.000e+00
3.480e+00 1.718e-02 0.000e+00
3.490e+00 1.727e-02 0.000e+00
3.500e+00 1.737e-02 0.000e+00
3.510e+00 1.749e-02 0.000e+00
3.520e+00 1.763e-02 0.000e+00
3.530e+00 1.777e-02 0.000e+00
3.540e+00 1.792e-02 0.000e+00
3.550e+00 1.806e-02 0.000e+00
3.560e+00 1.820e-02 0.000e+00
3.570e+00 1.833e-02 0.000e+00
3.580e+00 1.845e-02 0.000e+00
3.590e+00 1.855e-02 0.000e+00
3.600e+00 1.866e-02 0.000e+00
3.610e+00 1.875e-02 0.000e+00
3.620e+00 1.886e-02 0.000e+00
3.630e+00 1.897e-02 0.000e+00
3.640e+00 1.908e-02 0.000e+00
3.650e+00 1.921e-02 0.000e+00
3.660e+00 1.935e-02 0.000e+00
3.670e+00 1.949e-02 0.000e+00
3.680e+00 1.964e-02 0.000e+00
3.690e+00 1.980e-02 0.000e+00
3.700e+00 1.997e-02 0.000e+00
3.710e+00 2.014e-02 0.000e+00
3.720e+00 2.032e-02 0.000e+00
3.730e+00 2.052e-02 0.000e+00
3.740e+00 2.074e-02 0.000e+00
3.750e+00 2.099e-02 0.000e+00
3.760e+00 2.128e-02 0.000e+00
3.770e+00 2.160e-02 0.000e+00
3.780e+00 2.197e-02 0.000e+00
3.790e+00 2.240e-02 0.000e+00
3.800e+00 2.287e-02 0.000e+00
3.810e+00 2.339e-02 0.000e+00
3.820e+00 2.394e-02 0.000e+00
3.830e+00 2.452e-02 0.000e+00
3.840e+00 2.511e-02 0.000e+00
3.850e+00 2.569e-02 0.000e+00
3.860e+00 2.624e-02 0.000e+00
3.870e+00 2.676e-02 0.000e+00
3.880e+00 2.724e-02 0.000e+00
3.890e+00 2.768e-02 0.000e+00
3.900e+00 2.809e-02 0.000e+00
3.910e+00 2.848e-02 0.000e+00
3.920e+00 2.884e-02 0.000e+00
3.930e+00 2.919e-02 0.000e+00
3.940e+00 2.953e-02 0.000e+00
3.950e+00 2.985e-02 0.000e+00
3.960e+00 3.016e-02 0.000e+00
3.970e+00 3.046e-02 0.000e+00
3.980e+00 3.074e-02 0.000e+00
3.990e+00 3.099e-02 0.000e+00
4.000e+00 3.119e-02 0.000e+00
4.010e+00 3.134e-02 0.000e+00
4.020e+00 3.143e-02 0.000e+00
4.030e+00 3.145e-02 0.000e+00
4.040e+00 3.142e-02 0.000e+00
4.050e+00 3.133e-02 0.000e+00
4.060e+00 3.121e-02 0.000e+00
4.070e+00 3.107e-02 0.000e+00
4.080e+00 3.092e-02 0.000e+00
4.090e+00 3.076e-02 0.000e+00
4.100e+00 3.061e-02 0.000e+00
4.110e+00 3.046e-02 0.000e+00
4.120e+00 3.032e-02 0.000e+00
4.130e+00 3.019e-02 0.000e+00
4.140e+00 3.006e-02 0.000e+00
4.150e+00 2.992e-02 0.000e+00
4.160e+00 2.977e-02 0.000e+00
4.170e+00 2.959e-02 0.000e+00
4.180e+00 2.938e-02 0.000e+00
4.190e+00 2.913e-02 0.000e+00
4.200e+00 2.884e-02 0.000e+00
4.210e+00 2.849e-02 0.000e+00
4.220e+00 2.809e-02 0.000e+00
4.230e+00 2.765e-02 0.000e+00
4.240e+00 2.716e-02 0.000e+00
4.250e+00 2.662e-02 0.000e+00
4.260e+00 2.606e-02 0.000e+00
4.270e+00 2.549e-02 0.000e+00
4.280e+00 2.491e-02 0.000e+00
4.290e+00 2.435e-02 0.000e+00
4.300e+00 2.382e-02 0.000e+00
4.310e+00 2.332e-02 0.000e+00
4.320e+00 2.285e-02 0.000e+00
4.330e+00 2.242e-02 0.000e+00
4.340e+00 2.202e-02 0.000e+00
4.350e+00 2.164e-02 0.000e+00
4.360e+00 2.127e-02 0.000e+00
4.370e+00 2.091e-02 0.000e+00
4.380e+00 2.055e-02 0.000e+00
4.390e+00 2.020e-02 0.000e+00
4.400e+00 1.987e-02 0.000e+00
4.410e+00 1.955e-02 0.000e+00
4.420e+00 1.925e-02 0.000e+00
4.430e+00 1.896e-02 0.000e+00
4.440e+00 1.868e-02 0.000e+00
4.450e+00 1.842e-02 0.000e+00
4.460e+00 1.818e-02 0.000e+00
4.470e+00 1.797e-02 0.000e+00
4.480e+00 1.781e-02 0.000e+00
4.490e+00 1.769e-02 0.000e+00
4.500e+00 1.761e-02 0.000e+00
4.510e+00 1.758e-02 0.000e+00
4.520e+00 1.759e-02 0.000e+00
4.530e+00 1.763e-02 0.000e+00
4.540e+00 1.768e-02 0.000e+00
4.550e+00 1.774e-02 0.000e+00
4.560e+00 1.781e-02 0.000e+00
4.570e+00 1.786e-02 0.000e+00
4.580e+00 1.790e-02 0.000e+00
4.590e+00 1.792e-02 0.000e+00
4.600e+00 1.791e-02 0.000e+00
4.610e+00 1.787e-02 0.000e+00
4.620e+00 1.779e-02 0.000e+00
4.630e+00 1.768e-02 0.000e+00
4.640e+00 1.753e-02 0.000e+00
4.650e+00 1.734e-02 0.000e+00
4.660e+00 1.711e-02 0.000e+00
4.670e+00 1.684e-02 0.000e+00
4.680e+00 1.651e-02 0.000e+00
4.690e+00 1.614e-02 0.000e+00
4.700e+00 1.571e-02 0.000e+00
4.710e+00 1.523e-02 0.000e+00
4.720e+00 1.471e-02 0.000e+00
4.730e+00 1.413e-02 0.000e+00
4.740e+00 1.352e-02 0.000e+00
4.750e+00 1.288e-02 0.000e+00
4.760e+00 1.222e-02 0.000e+00
4.770e+00 1.154e-02 0.000e+00
4.780e+00 1.088e-02 0.000e+00
4.790e+00 1.024e-02 0.000e+00
4.800e+00 9.657e-03 0.000e+00
4.810e+00 9.139e-03 0.000e+00
4.820e+00 8.705e-03 0.000e+00
4.830e+00 8.367e-03 0.000e+00
4.840e+00 8.130e-03 0.000e+00
4.850e+00 7.992e-03 0.000e+00
4.860e+00 7.949e-03 0.000e+00
4.870e+00 7.987e-03 0.000e+00
4.880e+00 8.094e-03 0.000e+00
4.890e+00 8.252e-03 0.000e+00
4.900e+00 8.445e-03 0.000e+00
4.910e+00 8.656e-03 0.000e+00
4.920e+00 8.873e-03 0.000e+00
4.930e+00 9.088e-03 0.000e+00
4.940e+00 9.296e-03 0.000e+00
4.950e+00 9.493e-03 0.000e+00
4.960e+00 9.677e-03 0.000e+00
4.970e+00 9.844e-03 0.000e+00
4.980e+00 9.992e-03 0.000e+00
4.990e+00 1.012e-02 0.000e+00
5.000e+00 1.023e-02 0.000e+00
5.010e+00 1.031e-02 0.000e+00
5.020e+00 1.038e-02 0.000e+00
5.030e+00 1.042e-02 0.000e+00
5.040e+00 1.045e-02 0.000e+00
5.050e+00 1.047e-02 0.000e+00
5.060e+00 1.047e-02 0.000e+00
5.070e+00 1.047e-02 0.000e+00
5.080e+00 1.048e-02 0.000e+00
5.090e+00 1.048e-02 0.000e+00
5.100e+00 1.049e-02 0.000e+00
5.110e+00 1.050e-02 0.000e+00
5.120e+00 1.052e-02 0.000e+00
5.130e+00 1.053e-02 0.000e+00
5.140e+00 1.054e-02 0.000e+00
5.150e+00 1.054e-02 0.000e+00
5.160e+00 1.053e-02 0.000e+00
5.170e+00 1.050e-02 0.000e+00
5.180e+00 1.045e-02 0.000e+00
5.190e+00 1.038e-02 0.000e+00
5.200e+00 1.028e-02 0.000e+00
5.210e+00 1.015e-02 0.000e+00
5.220e+00 9.995e-03 0.000e+00
5.230e+00 9.808e-03 0.000e+00
5.240e+00 9.596e-03 0.000e+00
5.250e+00 9.364e-03 0.000e+00
5.260e+00 9.120e-03 0.000e+00
5.270e+00 8.871e-03 0.000e+00
5.280e+00 8.625e-03 0.000e+00
5.290e+00 8.388e-03 0.000e+00
5.300e+00 8.166e-03 0.000e+00
5.310e+00 7.961e-03 0.000e+00
5.320e+00 7.772e-03 0.000e+00
5.330e+00 7.596e-03 0.000e+00
5.340e+00 7.430e-03 0.000e+00
5.350e+00 7.270e-03 0.000e+00
5.360e+00 7.115e-03 0.000e+00
5.370e+00 6.963e-03 0.000e+00
5.380e+00 6.812e-03 0.000e+00
5.390e+00 6.664e-03 0.000e+00
5.400e+00 6.518e-03 0.000e+00
5.410e+00 6.376e-03 0.000e+00
5.420e+00 6.240e-03 0.000e+00
5.430e+00 6.112e-03 0.000e+00
5.440e+00 5.994e-03 0.000e+00
5.450e+00 5.886e-03 0.000e+00
5.460e+00 5.790e-03 0.000e+00
5.470e+00 5.707e-03 0.000e+00
5.480e+00 5.637e-03 0.000e+00
5.490e+00 5.578e-03 0.000e+00
5.500e+00 5.529e-03 0.000e+00
5.510e+00 5.487e-03 0.000e+00
5.520e+00 5.449e-03 0.000e+00
5.530e+00 5.412e-03 0.000e+00
5.540e+00 5.371e-03 0.000e+00
5.550e+00 5.323e-03 0.000e+00
5.560e+00 5.266e-03 0.000e+00
5.570e+00 5.197e-03 0.000e+00
5.580e+00 5.116e-03 0.000e+00
5.590e+00 5.022e-03 0.000e+00
5.600e+00 4.915e-03 0.000e+00
5.610e+00 4.796e-03 0.000e+00
5.620e+00 4.664e-03 0.000e+00
5.630e+00 4.520e-03 0.000e+00
5.640e+00 4.364e-03 0.000e+00
5.650e+00 4.197e-03 0.000e+00
5.660e+00 4.022e-03 0.000e+00
5.670e+00 3.839e-03 0.000e+00
5.680e+00 3.652e-03 0.000e+00
5.690e+00 3.462e-03 0.000e+00
5.700e+00 3.273e-03 0.000e+00
5.710e+00 3.090e-03 0.000e+00
5.720e+00 2.915e-03 0.000e+00
5.730e+00 2.751e-03 0.000e+00
5.740e+00 2.599e-03 0.000e+00
5.750e+00 2.459e-03 0.000e+00
5.760e+00 2.331e-03 0.000e+00
5.770e+00 2.212e-03 0.000e+00
5.780e+00 2.101e-03 0.000e+00
5.790e+00 1.997e-03 0.000e+00
5.800e+00 1.895e-03 0.000e+00
5.810e+00 1.790e-03 0.000e+00
5.820e+00 1.672e-03 0.000e+00
5.830e+00 1.534e-03 0.000e+00
5.840e+00 1.370e-03 0.000e+00
5.850e+00 1.174e-03 0.000e+00
5.860e+00 9.489e-04 0.000e+00
5.870e+00 6.983e-04 0.000e+00
5.880e+00 4.311e-04 0.000e+00
5.890e+00 1.580e-04 0.000e+00
5.900e+00 -1.106e-04 0.000e+00
5.910e+00 -3.665e-04 0.000e+00
5.920e+00 -6.047e-04 0.000e+00
5.930e+00 -8.223e-04 0.000e+00
5.940e+00 -1.018e-03 0.000e+00
5.950e+00 -1.191e-03 0.000e+00
5.960e+00 -1.339e-03 0.000e+00
5.970e+00 -1.461e-03 0.000e+00
5.980e+00 -1.556e-03 0.000e+00
5.990e+00 -1.621e-03 0.000e+00
6.000e+00 -1.657e-03 0.000e+00
6.010e+00 -1.660e-03 0.000e+00
6.020e+00 -1.630e-03 0.000e+00
6.030e+00 -1.563e-03 0.000e+00
6.040e+00 -1.456e-03 0.000e+00
6.050e+00 -1.307e-03 0.000e+00
6.060e+00 -1.111e-03 0.000e+00
6.070e+00 -8.695e-04 0.000e+00
6.080e+00 -5.846e-04 0.000e+00
6.090e+00 -2.630e-04 0.000e+00
6.100e+00 8.671e-05 0.000e+00
6.110e+00 4.544e-04 0.000e+00
6.120e+00 8.301e-04 0.000e+00
6.130e+00 1.205e-03 0.000e+00
6.140e+00 1.573e-03 0.000e+00
6.150e+00 1.929e-03 0.000e+00
6.160e+00 2.269e-03 0.000e+00
6.170e+00 2.592e-03 0.000e+00
6.180e+00 2.898e-03 0.000e+00
6.190e+00 3.188e-03 0.000e+00
6.200e+00 3.461e-03 0.000e+00
6.210e+00 3.719e-03 0.000e+00
6.220e+00 3.961e-03 0.000e+00
6.230e+00 4.188e-03 0.000e+00
6.240e+00 4.400e-03 0.000e+00
6.250e+00 4.598e-03 0.000e+00
6.260e+00 4.780e-03 0.000e+00
6.270e+00 4.946e-03 0.000e+00
6.280e+00 5.091e-03 0.000e+00
6.290e+00 5.213e-03 0.000e+00
6.300e+00 5.308e-03 0.000e+00
6.310e+00 5.374e-03 0.000e+00
6.320e+00 5.409e-03 0.000e+00
6.330e+00 5.415e-03 0.000e+00
6.340e+00 5.392e-03 0.000e+00
6.350e+00 5.340e-03 0.000e+00
6.360e+00 5.259e-03 0.000e+00
6.370e+00 5.147e-03 0.000e+00
6.380e+00 5.002e-03 0.000e+00
6.390e+00 4.825e-03 0.000e+00
6.400e+00 4.617e-03 0.000e+00
6.410e+00 4.379e-03 0.000e+00
6.420e+00 4.116e-03 0.000e+00
6.430e+00 3.832e-03 0.000e+00
6.440e+00 3.532e-03 0.000e+00
6.450e+00 3.223e-03 0.000e+00
6.460e+00 2.913e-03 0.000e+00
6.470e+00 2.613e-03 0.000e+00
6.480e+00 2.332e-03 0.000e+00
6.490e+00 2.084e-03 0.000e+00
6.500e+00 1.880e-03 0.000e+00
6.510e+00 1.728e-03 0.000e+00
6.520e+00 1.635e-03 0.000e+00
6.530e+00 1.602e-03 0.000e+00
6.540e+00 1.626e-03 0.000e+00
6.550e+00 1.702e-03 0.000e+00
6.560e+00 1.820e-03 0.000e+00
6.570e+00 1.970e-03 0.000e+00
6.580e+00 2.142e-03 0.000e+00
6.590e+00 2.325e-03 0.000e+00
6.600e+00 2.512e-03 0.000e+00
6.610e+00 2.697e-03 0.000e+00
6.620e+00 2.874e-03 0.000e+00
6.630e+00 3.041e-03 0.000e+00
6.640e+00 3.196e-03 0.000e+00
6.650e+00 3.338e-03 0.000e+00
6.660e+00 3.465e-03 0.000e+00
6.670e+00 3.576e-03 0.000e+00
6.680e+00 3.669e-03 0.000e+00
6.690e+00 3.743e-03 0.000e+00
6.700e+00 3.798e-03 0.000e+00
6.710e+00 3.836e-03 0.000e+00
6.720e+00 3.860e-03 0.000e+00
6.730e+00 3.872e-03 0.000e+00
6.740e+00 3.877e-03 0.000e+00
6.750e+00 3.877e-03 0.000e+00
6.760e+00 3.875e-03 0.000e+00
6.770e+00 3.873e-03 0.000e+00
6.780e+00 3.872e-03 0.000e+00
6.790e+00 3.875e-03 0.000e+00
6.800e+00 3.882e-03 0.000e+00
6.810e+00 3.891e-03 0.000e+00
6.820e+00 3.898e-03 0.000e+00
6.830e+00 3.891e-03 0.000e+00
6.840e+00 3.850e-03 0.000e+00
6.850e+00 3.748e-03 0.000e+00
6.860e+00 3.555e-03 0.000e+00
6.870e+00 3.249e-03 0.000e+00
6.880e+00 2.826e-03 0.000e+00
6.890e+00 2.301e-03 0.000e+00
6.900e+00 1.702e-03 0.000e+00
6.910e+00 1.056e-03 0.000e+00
6.920e+00 3.845e-04 0.000e+00
6.930e+00 -2.988e-04 0.000e+00
6.940e+00 -9.850e-04 0.000e+00
6.950e+00 -1.669e-03 0.000e+00
6.960e+00 -2.345e-03 0.000e+00
6.970e+00 -3.009e-03 0.000e+00
6.980e+00 -3.658e-03 0.000e+00
6.990e+00 -4.285e-03 0.000e+00
7.000e+00 -4.886e-03 0.000e+00
7.010e+00 -5.458e-03 0.000e+00
7.020e+00 -5.998e-03 0.000e+00
7.030e+00 -6.504e-03 0.000e+00
7.040e+00 -6.976e-03 0.000e+00
7.050e+00 -7.414e-03 0.000e+00
7.060e+00 -7.821e-03 0.000e+00
7.070e+00 -8.196e-03 0.000e+00
7.080e+00 -8.541e-03 0.000e+00
7.090e+00 -8.857e-03 0.000e+00
7.100e+00 -9.143e-03 0.000e+00
7.110e+00 -9.399e-03 0.000e+00
7.120e+00 -9.623e-03 0.000e+00
7.130e+00 -9.813e-03 0.000e+00
7.140e+00 -9.967e-03 0.000e+00
7.150e+00 -1.008e-02 0.000e+00
7.160e+00 -1.015e-02 0.000e+00
7.170e+00 -1.016e-02 0.000e+00
7.180e+00 -1.012e-02 0.000e+00
7.190e+00 -1.002e-02 0.000e+00
7.200e+00 -9.859e-03 0.000e+00
7.210e+00 -9.642e-03 0.000e+00
7.220e+00 -9.380e-03 0.000e+00
7.230e+00 -9.081e-03 0.000e+00
7.240e+00 -8.758e-03 0.000e+00
7.250e+00 -8.423e-03 0.000e+00
7.260e+00 -8.087e-03 0.000e+00
7.270e+00 -7.758e-03 0.000e+00
7.280e+00 -7.446e-03 0.000e+00
7.290e+00 -7.156e-03 0.000e+00
7.300e+00 -6.891e-03 0.000e+00
7.310e+00 -6.655e-03 0.000e+00
7.320e+00 -6.449e-03 0.000e+00
7.330e+00 -6.273e-03 0.000e+00
7.340e+00 -6.128e-03 0.000e+00
7.350e+00 -6.012e-03 0.000e+00
7.360e+00 -5.925e-03 0.000e+00
7.370e+00 -5.866e-03 0.000e+00
7.380e+00 -5.832e-03 0.000e+00
7.390e+00 -5.821e-03 0.000e+00
7.400e+00 -5.832e-03 0.000e+00
7.410e+00 -5.862e-03 0.000e+00
7.420e+00 -5.910e-03 0.000e+00
7.430e+00 -5.975e-03 0.000e+00
7.440e+00 -6.054e-03 0.000e+00
7.450e+00 -6.143e-03 0.000e+00
7.460e+00 -6.238e-03 0.000e+00
7.470e+00 -6.334e-03 0.000e+00
7.480e+00 -6.425e-03 0.000e+00
7.490e+00 -6.508e-03 0.000e+00
7.500e+00 -6.578e-03 0.000e+00
7.510e+00 -6.637e-03 0.000e+00
7.520e+00 -6.690e-03 0.000e+00
7.530e+00 -6.740e-03 0.000e+00
7.540e+00 -6.795e-03 0.000e+00
7.550e+00 -6.858e-03 0.000e+00
7.560e+00 -6.933e-03 0.000e+00
7.570e+00 -7.022e-03 0.000e+00
7.580e+00 -7.124e-03 0.000e+00
7.590e+00 -7.239e-03 0.000e+00
7.600e+00 -7.366e-03 0.000e+00
7.610e+00 -7.502e-03 0.000e+00
7.620e+00 -7.644e-03 0.000e+00
7.630e+00 -7.789e-03 0.000e+00
7.640e+00 -7.937e-03 0.000e+00
7.650e+00 -8.085e-03 0.000e+00
7.660e+00 -8.235e-03 0.000e+00
7.670e+00 -8.387e-03 0.000e+00
7.680e+00 -8.544e-03 0.000e+00
7.690e+00 -8.708e-03 0.000e+00
7.700e+00 -8.880e-03 0.000e+00
7.710e+00 -9.062e-03 0.000e+00
7.720e+00 -9.258e-03 0.000e+00
7.730e+00 -9.468e-03 0.000e+00
7.740e+00 -9.694e-03 0.000e+00
7.750e+00 -9.936e-03 0.000e+00
7.760e+00 -1.019e-02 0.000e+00
7.770e+00 -1.046e-02 0.000e+00
7.780e+00 -1.074e-02 0.000e+00
7.790e+00 -1.102e-02 0.000e+00
7.800e+00 -1.130e-02 0.000e+00
7.810e+00 -1.158e-02 0.000e+00
7.820e+00 -1.187e-02 0.000e+00
7.830e+00 -1.215e-02 0.000e+00
7.840e+00 -1.242e-02 0.000e+00
7.850e+00 -1.270e-02 0.000e+00
7.860e+00 -1.297e-02 0.000e+00
7.870e+00 -1.324e-02 0.000e+00
7.880e+00 -1.349e-02 0.000e+00
7.890e+00 -1.374e-02 0.000e+00
7.900e+00 -1.398e-02 0.000e+00
7.910e+00 -1.420e-02 0.000e+00
7.920e+00 -1.441e-02 0.000e+00
7.930e+00 -1.459e-02 0.000e+00
7.940e+00 -1.476e-02 0.000e+00
7.950e+00 -1.489e-02 0.000e+00
7.960e+00 -1.499e-02 0.000e+00
7.970e+00 -1.506e-02 0.000e+00
7.980e+00 -1.508e-02 0.000e+00
7.990e+00 -1.507e-02 0.000e+00
8.000e+00 -1.502e-02 0.000e+00
8.010e+00 -1.492e-02 0.000e+00
8.020e+00 -1.478e-02 0.000e+00
8.030e+00 -1.459e-02 0.000e+00
8.040e+00 -1.436e-02 0.000e+00
8.050e+00 -1.408e-02 0.000e+00
8.060e+00 -1.376e-02 0.000e+00
8.070e+00 -1.340e-02 0.000e+00
8.080e+00 -1.300e-02 0.000e+00
8.090e+00 -1.257e-02 0.000e+00
8.100e+00 -1.212e-02 0.000e+00
8.110e+00 -1.165e-02 0.000e+00
8.120e+00 -1.116e-02 0.000e+00
8.130e+00 -1.068e-02 0.000e+00
8.140e+00 -1.019e-02 0.000e+00
8.150e+00 -9.697e-03 0.000e+00
8.160e+00 -9.215e-03 0.000e+00
8.170e+00 -8.742e-03 0.000e+00
8.180e+00 -8.282e-03 0.000e+00
8.190e+00 -7.835e-03 0.000e+00
8.200e+00 -7.405e-03 0.000e+00
8.210e+00 -6.991e-03 0.000e+00
8.220e+00 -6.593e-03 0.000e+00
8.230e+00 -6.211e-03 0.000e+00
8.240e+00 -5.844e-03 0.000e+00
8.250e+00 -5.489e-03 0.000e+00
8.260e+00 -5.143e-03 0.000e+00
8.270e+00 -4.804e-03 0.000e+00
8.280e+00 -4.470e-03 0.000e+00
8.290e+00 -4.138e-03 0.000e+00
8.300e+00 -3.808e-03 0.000e+00
8.310e+00 -3.479e-03 0.000e+00
8.320e+00 -3.153e-03 0.000e+00
8.330e+00 -2.832e-03 0.000e+00
8.340e+00 -2.522e-03 0.000e+00
8.350e+00 -2.225e-03 0.000e+00
8.360e+00 -1.946e-03 0.000e+00
8.370e+00 -1.687e-03 0.000e+00
8.380e+00 -1.450e-03 0.000e+00
8.390e+00 -1.235e-03 0.000e+00
8.400e+00 -1.043e-03 0.000e+00
8.410e+00 -8.720e-04 0.000e+00
8.420e+00 -7.214e-04 0.000e+00
8.430e+00 -5.895e-04 0.000e+00
8.440e+00 -4.750e-04 0.000e+00
8.450e+00 -3.768e-04 0.000e+00
8.460e+00 -2.936e-04 0.000e+00
8.470e+00 -2.242e-04 0.000e+00
8.480e+00 -1.677e-04 0.000e+00
8.490e+00 -1.229e-04 0.000e+00
8.500e+00 -8.899e-05 0.000e+00
8.510e+00 -6.531e-05 0.000e+00
8.520e+00 -5.126e-05 0.000e+00
8.530e+00 -4.643e-05 0.000e+00
8.540e+00 -5.073e-05 0.000e+00
8.550e+00 -6.444e-05 0.000e+00
8.560e+00 -8.830e-05 0.000e+00
8.570e+00 -1.236e-04 0.000e+00
8.580e+00 -1.718e-04 0.000e+00
8.590e+00 -2.346e-04 0.000e+00
8.600e+00 -3.136e-04 0.000e+00
8.610e+00 -4.101e-04 0.000e+00
8.620e+00 -5.248e-04 0.000e+00
8.630e+00 -6.580e-04 0.000e+00
8.640e+00 -8.094e-04 0.000e+00
8.650e+00 -9.782e-04 0.000e+00
8.660e+00 -1.162e-03 0.000e+00
8.670e+00 -1.359e-03 0.000e+00
8.680e+00 -1.566e-03 0.000e+00
8.690e+00 -1.777e-03 0.000e+00
8.700e+00 -1.989e-03 0.000e+00
8.710e+00 -2.198e-03 0.000e+00
8.720e+00 -2.400e-03 0.000e+00
8.730e+00 -2.589e-03 0.000e+00
8.740e+00 -2.763e-03 0.000e+00
8.750e+00 -2.918e-03 0.000e+00
8.760e+00 -3.053e-03 0.000e+00
8.770e+00 -3.164e-03 0.000e+00
8.780e+00 -3.250e-03 0.000e+00
8.790e+00 -3.309e-03 0.000e+00
8.800e+00 -3.342e-03 0.000e+00
8.810e+00 -3.349e-03 0.000e+00
8.820e+00 -3.333e-03 0.000e+00
8.830e+00 -3.296e-03 0.000e+00
8.840e+00 -3.242e-03 0.000e+00
8.850e+00 -3.174e-03 0.000e+00
8.860e+00 -3.095e-03 0.000e+00
8.870e+00 -3.009e-03 0.000e+00
8.880e+00 -2.919e-03 0.000e+00
8.890e+00 -2.826e-03 0.000e+00
8.900e+00 -2.733e-03 0.000e+00
8.910e+00 -2.640e-03 0.000e+00
8.920e+00 -2.547e-03 0.000e+00
8.930e+00 -2.452e-03 0.000e+00
8.940e+00 -2.355e-03 0.000e+00
8.950e+00 -2.256e-03 0.000e+00
8.960e+00 -2.155e-03 0.000e+00
8.970e+00 -2.055e-03 0.000e+00
8.980e+00 -1.958e-03 0.000e+00
8.990e+00 -1.866e-03 0.000e+00
9.000e+00 -1.780e-03 0.000e+00
9.010e+00 -1.700e-03 0.000e+00
9.020e+00 -1.629e-03 0.000e+00
9.030e+00 -1.567e-03 0.000e+00
9.040e+00 -1.514e-03 0.000e+00
9.050e+00 -1.472e-03 0.000e+00
9.060e+00 -1.442e-03 0.000e+00
9.070e+00 -1.424e-03 0.000e+00
9.080e+00 -1.420e-03 0.000e+00
9.090e+00 -1.432e-03 0.000e+00
9.100e+00 -1.458e-03 0.000e+00
9.110e+00 -1.497e-03 0.000e+00
9.120e+00 -1.545e-03 0.000e+00
9.130e+00 -1.597e-03 0.000e+00
9.140e+00 -1.645e-03 0.000e+00
9.150e+00 -1.683e-03 0.000e+00
9.160e+00 -1.707e-03 0.000e+00
9.170e+00 -1.713e-03 0.000e+00
9.180e+00 -1.700e-03 0.000e+00
9.190e+00 -1.669e-03 0.000e+00
9.200e+00 -1.621e-03 0.000e+00
9.210e+00 -1.557e-03 0.000e+00
9.220e+00 -1.477e-03 0.000e+00
9.230e+00 -1.383e-03 0.000e+00
9.240e+00 -1.273e-03 0.000e+00
9.250e+00 -1.148e-03 0.000e+00
9.260e+00 -1.008e-03 0.000e+00
9.270e+00 -8.550e-04 0.000e+00
9.280e+00 -6.882e-04 0.000e+00
9.290e+00 -5.092e-04 0.000e+00
9.300e+00 -3.191e-04 0.000e+00
9.310e+00 -1.190e-04 0.000e+00
9.320e+00 8.995e-05 0.000e+00
9.330e+00 3.067e-04 0.000e+00
9.340e+00 5.298e-04 0.000e+00
9.350e+00 7.577e-04 0.000e+00
9.360e+00 9.884e-04 0.000e+00
9.370e+00 1.220e-03 0.000e+00
9.380e+00 1.450e-03 0.000e+00
9.390e+00 1.676e-03 0.000e+00
9.400e+00 1.898e-03 0.000e+00
9.410e+00 2.113e-03 0.000e+00
9.420e+00 2.322e-03 0.000e+00
9.430e+00 2.522e-03 0.000e+00
9.440e+00 2.714e-03 0.000e+00
9.450e+00 2.897e-03 0.000e+00
9.460e+00 3.072e-03 0.000e+00
9.470e+00 3.237e-03 0.000e+00
9.480e+00 3.391e-03 0.000e+00
9.490e+00 3.535e-03 0.000e+00
9.500e+00 3.668e-03 0.000e+00
9.510e+00 3.789e-03 0.000e+00
9.520e+00 3.899e-03 0.000e+00
9.530e+00 3.999e-03 0.000e+00
9.540e+00 4.089e-03 0.000e+00
9.550e+00 4.170e-03 0.000e+00
9.560e+00 4.243e-03 0.000e+00
9.570e+00 4.309e-03 0.000e+00
9.580e+00 4.369e-03 0.000e+00
9.590e+00 4.423e-03 0.000e+00
9.600e+00 4.471e-03 0.000e+00
9.610e+00 4.514e-03 0.000e+00
9.620e+00 4.552e-03 0.000e+00
9.630e+00 4.583e-03 0.000e+00
9.640e+00 4.609e-03 0.000e+00
9.650e+00 4.630e-03 0.000e+00
9.660e+00 4.645e-03 0.000e+00
9.670e+00 4.657e-03 0.000e+00
9.680e+00 4.666e-03 0.000e+00
9.690e+00 4.672e-03 0.000e+00
9.700e+00 4.676e-03 0.000e+00
9.710e+00 4.678e-03 0.000e+00
9.720e+00 4.679e-03 0.000e+00
9.730e+00 4.680e-03 0.000e+00
9.740e+00 4.680e-03 0.000e+00
9.750e+00 4.681e-03 0.000e+00
9.760e+00 4.681e-03 0.000e+00
9.770e+00 4.681e-03 0.000e+00
9.780e+00 4.679e-03 0.000e+00
9.790e+00 4.678e-03 0.000e+00
9.800e+00 4.677e-03 0.000e+00
9.810e+00 4.680e-03 0.000e+00
9.820e+00 4.687e-03 0.000e+00
9.830e+00 4.700e-03 0.000e+00
9.840e+00 4.719e-03 0.000e+00
9.850e+00 4.744e-03 0.000e+00
9.860e+00 4.775e-03 0.000e+00
9.870e+00 4.809e-03 0.000e+00
9.880e+00 4.838e-03 0.000e+00
9.890e+00 4.853e-03 0.000e+00
9.900e+00 4.838e-03 0.000e+00
9.910e+00 4.774e-03 0.000e+00
9.920e+00 4.642e-03 0.000e+00
9.930e+00 4.427e-03 0.000e+00
9.940e+00 4.127e-03 0.000e+00
9.950e+00 3.757e-03 0.000e+00
9.960e+00 3.345e-03 0.000e+00
9.970e+00 2.926e-03 0.000e+00
9.980e+00 2.527e-03 0.000e+00
9.990e+00 2.163e-03 0.000e+00
