# Frequency (1.0/ps)      real(fft(F_2))
0.000e+00 1.444e+02
1.000e-02 4.094e+01
2.000e-02 2.042e+01
3.000e-02 1.126e+01
4.000e-02 7.529e+00
5.000e-02 4.841e+00
6.000e-02 3.485e+00
7.000e-02 2.464e+00
8.000e-02 3.961e+00
9.000e-02 3.107e+00
1.000e-01 3.036e+00
1.100e-01 1.937e+00
1.200e-01 2.260e+00
1.300e-01 2.244e+00
1.400e-01 1.394e+00
1.500e-01 1.399e+00
1.600e-01 1.311e+00
1.700e-01 1.332e+00
1.800e-01 8.282e-01
1.900e-01 4.201e-01
2.000e-01 4.233e-01
2.100e-01 7.406e-01
2.200e-01 1.659e+00
2.300e-01 8.353e-01
2.400e-01 -2.729e-01
2.500e-01 3.040e-01
2.600e-01 4.431e-01
2.700e-01 1.680e+00
2.800e-01 1.180e+00
2.900e-01 1.886e+00
3.000e-01 1.858e+00
3.100e-01 1.126e+00
3.200e-01 8.788e-01
3.300e-01 9.362e-01
3.400e-01 1.776e+00
3.500e-01 7.758e-01
3.600e-01 8.996e-01
3.700e-01 4.772e-01
3.800e-01 1.238e+00
3.900e-01 1.232e+00
4.000e-01 1.633e+00
4.100e-01 1.401e+00
4.200e-01 1.532e+00
4.300e-01 1.092e+00
4.400e-01 1.650e+00
4.500e-01 8.095e-01
4.600e-01 6.748e-01
4.700e-01 1.078e+00
4.800e-01 6.935e-01
4.900e-01 8.861e-03
5.000e-01 4.068e-01
5.100e-01 2.840e-01
5.200e-01 1.685e-01
5.300e-01 6.671e-01
5.400e-01 1.243e-01
5.500e-01 4.064e-01
5.600e-01 4.218e-01
5.700e-01 1.558e-01
5.800e-01 -1.489e-01
5.900e-01 2.348e-01
6.000e-01 5.691e-01
6.100e-01 2.668e-01
6.200e-01 3.647e-01
6.300e-01 9.323e-01
6.400e-01 1.247e+00
6.500e-01 7.014e-01
6.600e-01 3.629e-01
6.700e-01 7.175e-01
6.800e-01 5.261e-01
6.900e-01 6.304e-01
7.000e-01 5.693e-01
7.100e-01 5.416e-01
7.200e-01 1.085e+00
7.300e-01 1.448e-01
7.400e-01 7.826e-01
7.500e-01 6.521e-01
7.600e-01 1.039e+00
7.700e-01 1.072e+00
7.800e-01 8.426e-01
7.900e-01 3.906e-01
8.000e-01 5.644e-01
8.100e-01 7.561e-01
8.200e-01 8.931e-01
8.300e-01 3.712e-01
8.400e-01 1.209e-01
8.500e-01 6.550e-01
8.600e-01 7.087e-01
8.700e-01 -2.366e-01
8.800e-01 4.186e-01
8.900e-01 5.128e-01
9.000e-01 5.961e-01
9.100e-01 1.695e-01
9.200e-01 6.359e-02
9.300e-01 5.384e-01
9.400e-01 3.265e-01
9.500e-01 2.727e-01
9.600e-01 1.837e-01
9.700e-01 6.847e-01
9.800e-01 9.618e-01
9.900e-01 8.016e-01
1.000e+00 1.015e+00
1.010e+00 5.712e-04
1.020e+00 -2.373e-02
1.030e+00 4.735e-01
1.040e+00 7.240e-01
1.050e+00 1.434e+00
1.060e+00 9.423e-01
1.070e+00 1.263e+00
1.080e+00 9.906e-01
1.090e+00 9.744e-01
1.100e+00 1.034e+00
1.110e+00 5.516e-01
1.120e+00 6.977e-01
1.130e+00 5.679e-01
1.140e+00 8.310e-01
1.150e+00 5.665e-01
1.160e+00 2.996e-01
1.170e+00 4.729e-01
1.180e+00 7.031e-01
1.190e+00 3.908e-01
1.200e+00 5.819e-01
1.210e+00 1.074e+00
1.220e+00 1.100e+00
1.230e+00 1.381e+00
1.240e+00 9.224e-01
1.250e+00 1.305e+00
1.260e+00 8.914e-01
1.270e+00 9.225e-01
1.280e+00 6.607e-01
1.290e+00 3.063e-01
1.300e+00 3.152e-02
1.310e+00 1.797e-01
1.320e+00 3.400e-02
1.330e+00 4.394e-01
1.340e+00 4.585e-01
1.350e+00 4.027e-01
1.360e+00 3.712e-01
1.370e+00 1.027e+00
1.380e+00 7.005e-01
1.390e+00 9.107e-01
1.400e+00 7.879e-01
1.410e+00 6.511e-01
1.420e+00 4.958e-01
1.430e+00 5.305e-01
1.440e+00 8.058e-01
1.450e+00 4.127e-01
1.460e+00 3.273e-01
1.470e+00 -3.202e-02
1.480e+00 4.670e-02
1.490e+00 1.177e-01
1.500e+00 2.077e-01
1.510e+00 2.500e-01
1.520e+00 3.823e-01
1.530e+00 3.159e-01
1.540e+00 2.905e-01
1.550e+00 5.119e-01
1.560e+00 3.479e-01
1.570e+00 6.756e-01
1.580e+00 9.336e-01
1.590e+00 9.347e-01
1.600e+00 5.284e-01
1.610e+00 7.243e-01
1.620e+00 6.865e-01
1.630e+00 5.799e-01
1.640e+00 4.815e-01
1.650e+00 8.823e-01
1.660e+00 6.031e-01
1.670e+00 1.169e+00
1.680e+00 6.789e-01
1.690e+00 7.212e-01
1.700e+00 7.898e-01
1.710e+00 9.315e-01
1.720e+00 9.180e-01
1.730e+00 9.768e-01
1.740e+00 9.374e-01
1.750e+00 8.251e-01
1.760e+00 1.145e+00
1.770e+00 1.125e+00
1.780e+00 1.061e+00
1.790e+00 9.539e-01
1.800e+00 1.013e+00
1.810e+00 5.754e-01
1.820e+00 7.862e-01
1.830e+00 9.604e-01
1.840e+00 6.485e-01
1.850e+00 1.062e+00
1.860e+00 9.444e-01
1.870e+00 1.029e+00
1.880e+00 1.264e+00
1.890e+00 8.355e-01
1.900e+00 6.827e-01
1.910e+00 9.067e-01
1.920e+00 1.039e+00
1.930e+00 1.107e+00
1.940e+00 6.278e-01
1.950e+00 5.374e-01
1.960e+00 5.663e-01
1.970e+00 4.151e-01
1.980e+00 3.715e-01
1.990e+00 4.342e-01
2.000e+00 1.139e-01
2.010e+00 4.671e-01
2.020e+00 5.978e-01
2.030e+00 7.041e-01
2.040e+00 4.305e-01
2.050e+00 7.368e-01
2.060e+00 8.375e-01
2.070e+00 6.968e-01
2.080e+00 5.066e-01
2.090e+00 7.016e-01
2.100e+00 4.626e-01
2.110e+00 4.683e-01
2.120e+00 3.279e-01
2.130e+00 5.369e-01
2.140e+00 3.835e-01
2.150e+00 2.006e-01
2.160e+00 2.256e-01
2.170e+00 4.987e-01
2.180e+00 5.824e-01
2.190e+00 4.892e-01
2.200e+00 4.294e-01
2.210e+00 8.956e-01
2.220e+00 8.085e-01
2.230e+00 9.869e-01
2.240e+00 5.255e-01
2.250e+00 8.220e-01
2.260e+00 6.451e-01
2.270e+00 5.359e-01
2.280e+00 3.472e-01
2.290e+00 5.032e-01
2.300e+00 7.199e-01
2.310e+00 9.475e-01
2.320e+00 5.966e-01
2.330e+00 6.050e-01
2.340e+00 4.748e-01
2.350e+00 2.409e-01
2.360e+00 2.508e-01
2.370e+00 9.102e-02
2.380e+00 3.613e-01
2.390e+00 3.735e-01
2.400e+00 1.933e-01
2.410e+00 2.806e-01
2.420e+00 1.257e-01
2.430e+00 3.664e-01
2.440e+00 4.623e-01
2.450e+00 6.567e-01
2.460e+00 7.146e-01
2.470e+00 7.923e-01
2.480e+00 7.810e-01
2.490e+00 6.621e-01
2.500e+00 7.518e-01
2.510e+00 5.543e-01
2.520e+00 7.022e-01
2.530e+00 5.538e-01
2.540e+00 6.765e-01
2.550e+00 5.974e-01
2.560e+00 5.826e-01
2.570e+00 6.230e-01
2.580e+00 3.736e-01
2.590e+00 6.662e-01
2.600e+00 7.032e-01
2.610e+00 7.960e-01
2.620e+00 8.955e-01
2.630e+00 6.194e-01
2.640e+00 5.893e-01
2.650e+00 7.081e-01
2.660e+00 6.985e-01
2.670e+00 5.936e-01
2.680e+00 5.401e-01
2.690e+00 6.156e-01
2.700e+00 5.188e-01
2.710e+00 4.746e-01
2.720e+00 4.733e-01
2.730e+00 5.040e-01
2.740e+00 5.915e-01
2.750e+00 4.113e-01
2.760e+00 5.455e-01
2.770e+00 9.840e-01
2.780e+00 5.634e-01
2.790e+00 7.221e-01
2.800e+00 6.679e-01
2.810e+00 8.167e-01
2.820e+00 9.018e-01
2.830e+00 1.070e+00
2.840e+00 8.292e-01
2.850e+00 7.189e-01
2.860e+00 7.525e-01
2.870e+00 6.859e-01
2.880e+00 5.381e-01
2.890e+00 4.796e-01
2.900e+00 5.858e-01
2.910e+00 3.939e-01
2.920e+00 4.973e-01
2.930e+00 4.810e-01
2.940e+00 7.991e-01
2.950e+00 6.236e-01
2.960e+00 5.507e-01
2.970e+00 6.043e-01
2.980e+00 7.588e-01
2.990e+00 6.137e-01
3.000e+00 5.047e-01
3.010e+00 6.009e-01
3.020e+00 4.364e-01
3.030e+00 4.334e-01
3.040e+00 5.895e-01
3.050e+00 6.039e-01
3.060e+00 5.878e-01
3.070e+00 4.708e-01
3.080e+00 5.263e-01
3.090e+00 7.133e-01
3.100e+00 6.341e-01
3.110e+00 6.462e-01
3.120e+00 5.669e-01
3.130e+00 7.093e-01
3.140e+00 4.185e-01
3.150e+00 5.526e-01
3.160e+00 6.001e-01
3.170e+00 5.975e-01
3.180e+00 6.391e-01
3.190e+00 5.488e-01
3.200e+00 5.579e-01
3.210e+00 5.024e-01
3.220e+00 6.966e-01
3.230e+00 6.362e-01
3.240e+00 7.335e-01
3.250e+00 4.051e-01
3.260e+00 4.562e-01
3.270e+00 4.061e-01
3.280e+00 3.667e-01
3.290e+00 5.331e-01
3.300e+00 5.249e-01
3.310e+00 7.650e-01
3.320e+00 7.045e-01
3.330e+00 8.758e-01
3.340e+00 5.637e-01
3.350e+00 7.172e-01
3.360e+00 6.032e-01
3.370e+00 5.424e-01
3.380e+00 5.140e-01
3.390e+00 4.964e-01
3.400e+00 5.691e-01
3.410e+00 3.548e-01
3.420e+00 3.815e-01
3.430e+00 3.963e-01
3.440e+00 6.112e-01
3.450e+00 5.723e-01
3.460e+00 5.129e-01
3.470e+00 5.248e-01
3.480e+00 6.586e-01
3.490e+00 5.877e-01
3.500e+00 7.732e-01
3.510e+00 6.138e-01
3.520e+00 7.347e-01
3.530e+00 5.428e-01
3.540e+00 6.974e-01
3.550e+00 6.213e-01
3.560e+00 6.157e-01
3.570e+00 5.948e-01
3.580e+00 5.186e-01
3.590e+00 6.124e-01
3.600e+00 6.979e-01
3.610e+00 8.023e-01
3.620e+00 7.240e-01
3.630e+00 7.497e-01
3.640e+00 5.982e-01
3.650e+00 5.967e-01
3.660e+00 4.558e-01
3.670e+00 5.495e-01
3.680e+00 2.724e-01
3.690e+00 4.847e-01
3.700e+00 2.531e-01
3.710e+00 4.270e-01
3.720e+00 3.794e-01
3.730e+00 2.226e-01
3.740e+00 4.970e-01
3.750e+00 4.176e-01
3.760e+00 3.190e-01
3.770e+00 5.086e-01
3.780e+00 5.983e-01
3.790e+00 5.424e-01
3.800e+00 3.682e-01
3.810e+00 6.525e-01
3.820e+00 4.062e-01
3.830e+00 5.738e-01
3.840e+00 7.011e-01
3.850e+00 6.178e-01
3.860e+00 5.069e-01
3.870e+00 7.050e-01
3.880e+00 5.665e-01
3.890e+00 7.149e-01
3.900e+00 5.906e-01
3.910e+00 7.077e-01
3.920e+00 6.580e-01
3.930e+00 7.147e-01
3.940e+00 8.682e-01
3.950e+00 7.686e-01
3.960e+00 9.625e-01
3.970e+00 7.485e-01
3.980e+00 6.484e-01
3.990e+00 8.335e-01
4.000e+00 9.112e-01
4.010e+00 7.610e-01
4.020e+00 5.775e-01
4.030e+00 5.925e-01
4.040e+00 8.055e-01
4.050e+00 7.070e-01
4.060e+00 8.031e-01
4.070e+00 4.892e-01
4.080e+00 7.920e-01
4.090e+00 6.161e-01
4.100e+00 5.151e-01
4.110e+00 6.937e-01
4.120e+00 7.950e-01
4.130e+00 6.748e-01
4.140e+00 5.190e-01
4.150e+00 5.433e-01
4.160e+00 5.743e-01
4.170e+00 7.500e-01
4.180e+00 4.775e-01
4.190e+00 5.929e-01
4.200e+00 7.877e-01
4.210e+00 7.607e-01
4.220e+00 7.383e-01
4.230e+00 7.502e-01
4.240e+00 7.278e-01
4.250e+00 7.208e-01
4.260e+00 4.833e-01
4.270e+00 7.862e-01
4.280e+00 5.885e-01
4.290e+00 6.987e-01
4.300e+00 5.311e-01
4.310e+00 7.164e-01
4.320e+00 6.116e-01
4.330e+00 6.864e-01
4.340e+00 5.745e-01
4.350e+00 5.454e-01
4.360e+00 5.282e-01
4.370e+00 7.561e-01
4.380e+00 7.023e-01
4.390e+00 7.665e-01
4.400e+00 7.536e-01
4.410e+00 8.146e-01
4.420e+00 7.968e-01
4.430e+00 8.653e-01
4.440e+00 6.587e-01
4.450e+00 5.639e-01
4.460e+00 6.214e-01
4.470e+00 6.165e-01
4.480e+00 6.218e-01
4.490e+00 4.189e-01
4.500e+00 3.059e-01
4.510e+00 3.578e-01
4.520e+00 4.645e-01
4.530e+00 3.802e-01
4.540e+00 5.893e-01
4.550e+00 6.206e-01
4.560e+00 5.801e-01
4.570e+00 7.339e-01
4.580e+00 6.397e-01
4.590e+00 6.526e-01
4.600e+00 5.833e-01
4.610e+00 5.008e-01
4.620e+00 6.052e-01
4.630e+00 7.868e-01
4.640e+00 5.656e-01
4.650e+00 5.698e-01
4.660e+00 5.530e-01
4.670e+00 5.806e-01
4.680e+00 4.985e-01
4.690e+00 4.288e-01
4.700e+00 2.789e-01
4.710e+00 5.922e-01
4.720e+00 4.135e-01
4.730e+00 4.988e-01
4.740e+00 4.710e-01
4.750e+00 6.342e-01
4.760e+00 4.938e-01
4.770e+00 5.731e-01
4.780e+00 6.036e-01
4.790e+00 6.095e-01
4.800e+00 6.716e-01
4.810e+00 6.779e-01
4.820e+00 8.349e-01
4.830e+00 4.186e-01
4.840e+00 5.950e-01
4.850e+00 5.371e-01
4.860e+00 6.903e-01
4.870e+00 6.722e-01
4.880e+00 5.552e-01
4.890e+00 6.098e-01
4.900e+00 6.156e-01
4.910e+00 7.194e-01
4.920e+00 3.988e-01
4.930e+00 6.091e-01
4.940e+00 5.185e-01
4.950e+00 6.043e-01
4.960e+00 5.652e-01
4.970e+00 6.394e-01
4.980e+00 8.086e-01
4.990e+00 8.499e-01
-5.000e+00 6.345e-01
-4.990e+00 6.570e-01
-4.980e+00 7.255e-01
-4.970e+00 7.022e-01
-4.960e+00 6.220e-01
-4.950e+00 4.120e-01
-4.940e+00 6.353e-01
-4.930e+00 5.322e-01
-4.920e+00 5.511e-01
-4.910e+00 4.310e-01
-4.900e+00 6.104e-01
-4.890e+00 4.847e-01
-4.880e+00 3.820e-01
-4.870e+00 3.272e-01
-4.860e+00 3.895e-01
-4.850e+00 3.480e-01
-4.840e+00 9.157e-02
-4.830e+00 3.260e-01
-4.820e+00 5.089e-01
-4.810e+00 4.489e-01
-4.800e+00 3.249e-01
-4.790e+00 5.088e-01
-4.780e+00 6.855e-01
-4.770e+00 7.012e-01
-4.760e+00 4.063e-01
-4.750e+00 5.778e-01
-4.740e+00 3.883e-01
-4.730e+00 8.727e-01
-4.720e+00 7.165e-01
-4.710e+00 7.212e-01
-4.700e+00 6.217e-01
-4.690e+00 6.692e-01
-4.680e+00 5.804e-01
-4.670e+00 7.047e-01
-4.660e+00 7.632e-01
-4.650e+00 6.599e-01
-4.640e+00 5.221e-01
-4.630e+00 7.305e-01
-4.620e+00 3.905e-01
-4.610e+00 4.274e-01
-4.600e+00 3.854e-01
-4.590e+00 6.501e-01
-4.580e+00 6.432e-01
-4.570e+00 7.200e-01
-4.560e+00 7.379e-01
-4.550e+00 8.167e-01
-4.540e+00 6.531e-01
-4.530e+00 3.056e-01
-4.520e+00 4.669e-01
-4.510e+00 4.223e-01
-4.500e+00 3.471e-01
-4.490e+00 4.768e-01
-4.480e+00 4.914e-01
-4.470e+00 5.686e-01
-4.460e+00 3.592e-01
-4.450e+00 3.150e-01
-4.440e+00 5.667e-01
-4.430e+00 5.573e-01
-4.420e+00 5.315e-01
-4.410e+00 5.408e-01
-4.400e+00 3.786e-01
-4.390e+00 3.537e-01
-4.380e+00 5.605e-01
-4.370e+00 5.485e-01
-4.360e+00 7.265e-01
-4.350e+00 6.806e-01
-4.340e+00 7.241e-01
-4.330e+00 4.499e-01
-4.320e+00 4.878e-01
-4.310e+00 7.259e-01
-4.300e+00 5.789e-01
-4.290e+00 7.437e-01
-4.280e+00 5.407e-01
-4.270e+00 7.384e-01
-4.260e+00 5.127e-01
-4.250e+00 4.698e-01
-4.240e+00 6.097e-01
-4.230e+00 5.127e-01
-4.220e+00 6.082e-01
-4.210e+00 5.904e-01
-4.200e+00 6.049e-01
-4.190e+00 6.460e-01
-4.180e+00 4.413e-01
-4.170e+00 4.434e-01
-4.160e+00 4.727e-01
-4.150e+00 5.923e-01
-4.140e+00 3.951e-01
-4.130e+00 3.291e-01
-4.120e+00 4.691e-01
-4.110e+00 6.653e-01
-4.100e+00 6.698e-01
-4.090e+00 4.442e-01
-4.080e+00 4.141e-01
-4.070e+00 3.282e-01
-4.060e+00 4.875e-01
-4.050e+00 3.565e-01
-4.040e+00 3.252e-01
-4.030e+00 4.102e-02
-4.020e+00 1.561e-01
-4.010e+00 2.517e-01
-4.000e+00 3.859e-01
-3.990e+00 4.295e-01
-3.980e+00 3.892e-01
-3.970e+00 2.768e-01
-3.960e+00 6.783e-01
-3.950e+00 6.635e-01
-3.940e+00 5.363e-01
-3.930e+00 4.834e-01
-3.920e+00 5.682e-01
-3.910e+00 5.485e-01
-3.900e+00 5.517e-01
-3.890e+00 6.507e-01
-3.880e+00 6.947e-01
-3.870e+00 4.327e-01
-3.860e+00 4.409e-01
-3.850e+00 3.892e-01
-3.840e+00 5.976e-01
-3.830e+00 4.747e-01
-3.820e+00 4.314e-01
-3.810e+00 4.496e-01
-3.800e+00 2.208e-01
-3.790e+00 4.476e-01
-3.780e+00 5.254e-01
-3.770e+00 4.152e-01
-3.760e+00 3.035e-01
-3.750e+00 2.822e-01
-3.740e+00 4.891e-01
-3.730e+00 7.237e-01
-3.720e+00 6.268e-01
-3.710e+00 5.260e-01
-3.700e+00 4.247e-01
-3.690e+00 7.194e-01
-3.680e+00 7.036e-01
-3.670e+00 6.108e-01
-3.660e+00 5.131e-01
-3.650e+00 5.450e-01
-3.640e+00 6.711e-01
-3.630e+00 6.828e-01
-3.620e+00 6.145e-01
-3.610e+00 3.486e-01
-3.600e+00 4.786e-01
-3.590e+00 4.747e-01
-3.580e+00 5.716e-01
-3.570e+00 4.816e-01
-3.560e+00 4.310e-01
-3.550e+00 3.316e-01
-3.540e+00 4.785e-01
-3.530e+00 3.169e-01
-3.520e+00 2.087e-01
-3.510e+00 2.003e-01
-3.500e+00 2.046e-01
-3.490e+00 3.102e-01
-3.480e+00 3.927e-01
-3.470e+00 3.236e-01
-3.460e+00 5.882e-01
-3.450e+00 6.085e-01
-3.440e+00 5.929e-01
-3.430e+00 4.983e-01
-3.420e+00 4.016e-01
-3.410e+00 5.272e-01
-3.400e+00 4.747e-01
-3.390e+00 4.589e-01
-3.380e+00 6.164e-01
-3.370e+00 5.064e-01
-3.360e+00 4.718e-01
-3.350e+00 4.302e-01
-3.340e+00 4.630e-01
-3.330e+00 4.482e-01
-3.320e+00 3.986e-01
-3.310e+00 3.714e-01
-3.300e+00 1.122e-01
-3.290e+00 5.052e-01
-3.280e+00 3.406e-01
-3.270e+00 5.095e-01
-3.260e+00 3.789e-01
-3.250e+00 4.586e-01
-3.240e+00 5.243e-01
-3.230e+00 3.910e-01
-3.220e+00 3.326e-01
-3.210e+00 2.373e-01
-3.200e+00 4.222e-01
-3.190e+00 2.577e-01
-3.180e+00 2.239e-01
-3.170e+00 4.110e-01
-3.160e+00 3.926e-01
-3.150e+00 5.024e-01
-3.140e+00 3.757e-01
-3.130e+00 5.006e-01
-3.120e+00 4.627e-01
-3.110e+00 5.263e-01
-3.100e+00 5.755e-01
-3.090e+00 2.377e-01
-3.080e+00 5.460e-01
-3.070e+00 2.854e-01
-3.060e+00 2.959e-01
-3.050e+00 3.145e-01
-3.040e+00 5.346e-01
-3.030e+00 6.393e-01
-3.020e+00 4.969e-01
-3.010e+00 3.898e-01
-3.000e+00 4.921e-01
-2.990e+00 5.147e-01
-2.980e+00 5.135e-01
-2.970e+00 4.198e-01
-2.960e+00 6.448e-01
-2.950e+00 6.333e-01
-2.940e+00 6.949e-01
-2.930e+00 6.117e-01
-2.920e+00 6.892e-01
-2.910e+00 4.561e-01
-2.900e+00 4.139e-01
-2.890e+00 5.648e-01
-2.880e+00 5.471e-01
-2.870e+00 4.123e-01
-2.860e+00 5.193e-01
-2.850e+00 9.111e-01
-2.840e+00 9.147e-01
-2.830e+00 7.421e-01
-2.820e+00 8.742e-01
-2.810e+00 7.058e-01
-2.800e+00 6.567e-01
-2.790e+00 7.520e-01
-2.780e+00 7.922e-01
-2.770e+00 6.618e-01
-2.760e+00 7.824e-01
-2.750e+00 6.493e-01
-2.740e+00 6.243e-01
-2.730e+00 5.611e-01
-2.720e+00 3.387e-01
-2.710e+00 5.566e-01
-2.700e+00 4.877e-01
-2.690e+00 6.480e-01
-2.680e+00 3.915e-01
-2.670e+00 4.077e-01
-2.660e+00 1.688e-01
-2.650e+00 2.255e-01
-2.640e+00 3.242e-01
-2.630e+00 5.600e-01
-2.620e+00 4.200e-01
-2.610e+00 4.191e-01
-2.600e+00 6.837e-01
-2.590e+00 5.944e-01
-2.580e+00 7.094e-01
-2.570e+00 5.825e-01
-2.560e+00 6.199e-01
-2.550e+00 4.988e-01
-2.540e+00 4.725e-01
-2.530e+00 5.651e-01
-2.520e+00 5.358e-01
-2.510e+00 5.893e-01
-2.500e+00 7.670e-01
-2.490e+00 5.719e-01
-2.480e+00 6.248e-01
-2.470e+00 5.781e-01
-2.460e+00 4.673e-01
-2.450e+00 4.188e-01
-2.440e+00 6.614e-01
-2.430e+00 6.498e-01
-2.420e+00 4.705e-01
-2.410e+00 5.985e-01
-2.400e+00 3.884e-01
-2.390e+00 5.629e-01
-2.380e+00 6.218e-01
-2.370e+00 3.732e-01
-2.360e+00 5.378e-01
-2.350e+00 7.113e-01
-2.340e+00 6.986e-01
-2.330e+00 8.373e-01
-2.320e+00 6.311e-01
-2.310e+00 3.589e-01
-2.300e+00 3.045e-01
-2.290e+00 4.417e-01
-2.280e+00 5.336e-01
-2.270e+00 5.842e-01
-2.260e+00 5.113e-01
-2.250e+00 5.591e-01
-2.240e+00 5.664e-01
-2.230e+00 5.965e-01
-2.220e+00 5.990e-01
-2.210e+00 8.822e-01
-2.200e+00 7.994e-01
-2.190e+00 8.101e-01
-2.180e+00 1.077e+00
-2.170e+00 9.085e-01
-2.160e+00 7.525e-01
-2.150e+00 6.270e-01
-2.140e+00 6.836e-01
-2.130e+00 7.360e-01
-2.120e+00 6.127e-01
-2.110e+00 9.366e-01
-2.100e+00 6.172e-01
-2.090e+00 5.567e-01
-2.080e+00 7.494e-01
-2.070e+00 7.569e-01
-2.060e+00 5.899e-01
-2.050e+00 4.890e-01
-2.040e+00 7.608e-01
-2.030e+00 6.555e-01
-2.020e+00 4.245e-01
-2.010e+00 4.407e-01
-2.000e+00 4.339e-01
-1.990e+00 4.070e-01
-1.980e+00 1.337e-01
-1.970e+00 5.780e-01
-1.960e+00 4.894e-01
-1.950e+00 6.052e-01
-1.940e+00 6.212e-01
-1.930e+00 6.959e-01
-1.920e+00 4.150e-01
-1.910e+00 5.622e-01
-1.900e+00 2.437e-01
-1.890e+00 5.010e-01
-1.880e+00 5.525e-01
-1.870e+00 5.312e-01
-1.860e+00 5.049e-01
-1.850e+00 1.550e-01
-1.840e+00 5.221e-02
-1.830e+00 4.491e-01
-1.820e+00 3.413e-01
-1.810e+00 3.795e-01
-1.800e+00 5.865e-01
-1.790e+00 5.918e-01
-1.780e+00 3.963e-01
-1.770e+00 6.291e-01
-1.760e+00 8.282e-01
-1.750e+00 7.413e-01
-1.740e+00 4.771e-01
-1.730e+00 5.934e-01
-1.720e+00 3.667e-01
-1.710e+00 3.477e-01
-1.700e+00 1.341e-01
-1.690e+00 4.037e-01
-1.680e+00 2.303e-01
-1.670e+00 5.528e-01
-1.660e+00 6.014e-01
-1.650e+00 6.120e-01
-1.640e+00 7.026e-01
-1.630e+00 5.183e-01
-1.620e+00 5.288e-01
-1.610e+00 3.551e-01
-1.600e+00 9.260e-03
-1.590e+00 3.354e-01
-1.580e+00 6.560e-01
-1.570e+00 8.474e-01
-1.560e+00 4.543e-01
-1.550e+00 6.583e-01
-1.540e+00 5.942e-01
-1.530e+00 6.562e-01
-1.520e+00 4.715e-01
-1.510e+00 5.698e-01
-1.500e+00 7.922e-01
-1.490e+00 7.948e-01
-1.480e+00 7.537e-01
-1.470e+00 4.938e-01
-1.460e+00 3.740e-01
-1.450e+00 9.151e-02
-1.440e+00 3.900e-01
-1.430e+00 3.078e-01
-1.420e+00 1.537e-01
-1.410e+00 6.778e-01
-1.400e+00 6.029e-01
-1.390e+00 6.684e-01
-1.380e+00 6.249e-01
-1.370e+00 7.052e-01
-1.360e+00 5.919e-01
-1.350e+00 6.034e-01
-1.340e+00 1.076e+00
-1.330e+00 6.481e-01
-1.320e+00 7.459e-01
-1.310e+00 9.245e-01
-1.300e+00 8.665e-01
-1.290e+00 5.411e-01
-1.280e+00 5.098e-01
-1.270e+00 5.879e-01
-1.260e+00 7.560e-01
-1.250e+00 6.303e-01
-1.240e+00 3.050e-01
-1.230e+00 3.091e-01
-1.220e+00 2.800e-01
-1.210e+00 2.697e-01
-1.200e+00 2.689e-01
-1.190e+00 5.661e-01
-1.180e+00 2.517e-01
-1.170e+00 -6.045e-02
-1.160e+00 -1.583e-01
-1.150e+00 5.266e-02
-1.140e+00 6.125e-01
-1.130e+00 8.209e-01
-1.120e+00 9.250e-01
-1.110e+00 9.085e-01
-1.100e+00 5.565e-01
-1.090e+00 3.742e-01
-1.080e+00 -1.072e-02
-1.070e+00 1.724e-01
-1.060e+00 2.941e-01
-1.050e+00 1.725e-01
-1.040e+00 4.903e-01
-1.030e+00 1.159e-01
-1.020e+00 7.269e-01
-1.010e+00 8.797e-01
-1.000e+00 1.151e+00
-9.900e-01 6.103e-01
-9.800e-01 4.941e-01
-9.700e-01 5.199e-01
-9.600e-01 5.281e-01
-9.500e-01 4.290e-01
-9.400e-01 9.216e-01
-9.300e-01 9.167e-01
-9.200e-01 1.285e+00
-9.100e-01 5.211e-01
-9.000e-01 7.733e-01
-8.900e-01 7.745e-01
-8.800e-01 5.118e-01
-8.700e-01 4.678e-01
-8.600e-01 4.834e-01
-8.500e-01 6.158e-01
-8.400e-01 1.070e+00
-8.300e-01 7.356e-01
-8.200e-01 7.979e-01
-8.100e-01 4.649e-01
-8.000e-01 2.769e-01
-7.900e-01 4.238e-01
-7.800e-01 2.901e-01
-7.700e-01 2.855e-01
-7.600e-01 8.086e-01
-7.500e-01 2.079e-01
-7.400e-01 8.281e-01
-7.300e-01 4.817e-01
-7.200e-01 6.022e-02
-7.100e-01 -4.652e-01
-7.000e-01 2.221e-01
-6.900e-01 2.425e-01
-6.800e-01 6.294e-01
-6.700e-01 7.609e-01
-6.600e-01 4.029e-01
-6.500e-01 5.470e-01
-6.400e-01 7.744e-01
-6.300e-01 3.193e-01
-6.200e-01 8.617e-01
-6.100e-01 8.943e-01
-6.000e-01 5.519e-01
-5.900e-01 7.880e-01
-5.800e-01 9.158e-01
-5.700e-01 8.025e-01
-5.600e-01 1.067e+00
-5.500e-01 1.422e+00
-5.400e-01 1.209e+00
-5.300e-01 1.413e+00
-5.200e-01 1.181e+00
-5.100e-01 1.349e+00
-5.000e-01 1.590e+00
-4.900e-01 1.204e+00
-4.800e-01 8.184e-01
-4.700e-01 1.353e+00
-4.600e-01 1.137e+00
-4.500e-01 1.018e+00
-4.400e-01 1.042e+00
-4.300e-01 1.258e+00
-4.200e-01 3.894e-01
-4.100e-01 -1.631e-01
-4.000e-01 1.373e-01
-3.900e-01 4.184e-01
-3.800e-01 8.590e-01
-3.700e-01 1.015e+00
-3.600e-01 6.216e-01
-3.500e-01 1.236e+00
-3.400e-01 1.926e+00
-3.300e-01 1.726e+00
-3.200e-01 2.150e+00
-3.100e-01 1.722e+00
-3.000e-01 2.427e+00
-2.900e-01 2.017e+00
-2.800e-01 2.081e+00
-2.700e-01 1.250e+00
-2.600e-01 9.905e-01
-2.500e-01 1.751e+00
-2.400e-01 1.666e+00
-2.300e-01 1.829e+00
-2.200e-01 1.129e+00
-2.100e-01 1.265e+00
-2.000e-01 1.374e+00
-1.900e-01 1.005e+00
-1.800e-01 1.600e+00
-1.700e-01 1.842e+00
-1.600e-01 9.585e-01
-1.500e-01 1.724e+00
-1.400e-01 2.096e+00
-1.300e-01 2.335e+00
-1.200e-01 3.776e+00
-1.100e-01 2.137e+00
-1.000e-01 5.091e+00
-9.000e-02 4.365e+00
-8.000e-02 5.438e+00
-7.000e-02 6.216e+00
-6.000e-02 9.046e+00
-5.000e-02 1.057e+01
-4.000e-02 1.353e+01
-3.000e-02 1.702e+01
-2.000e-02 2.431e+01
-1.000e-02 4.513e+01
