# Time (ps)      real(F_0)      im(F_0)
0.000e+00 1.000e+00 0.000e+00
1.000e-01 9.150e-01 0.000e+00
2.000e-01 8.872e-01 0.000e+00
3.000e-01 8.409e-01 0.000e+00
4.000e-01 8.168e-01 0.000e+00
5.000e-01 8.022e-01 0.000e+00
6.000e-01 7.816e-01 0.000e+00
7.000e-01 7.682e-01 0.000e+00
8.000e-01 7.365e-01 0.000e+00
9.000e-01 7.198e-01 0.000e+00
1.000e+00 6.924e-01 0.000e+00
1.100e+00 6.801e-01 0.000e+00
1.200e+00 6.666e-01 0.000e+00
1.300e+00 6.763e-01 0.000e+00
1.400e+00 6.854e-01 0.000e+00
1.500e+00 6.566e-01 0.000e+00
1.600e+00 6.576e-01 0.000e+00
1.700e+00 6.490e-01 0.000e+00
1.800e+00 6.333e-01 0.000e+00
1.900e+00 6.385e-01 0.000e+00
2.000e+00 6.131e-01 0.000e+00
2.100e+00 6.157e-01 0.000e+00
2.200e+00 6.026e-01 0.000e+00
2.300e+00 5.933e-01 0.000e+00
2.400e+00 5.763e-01 0.000e+00
2.500e+00 5.637e-01 0.000e+00
2.600e+00 5.565e-01 0.000e+00
2.700e+00 5.510e-01 0.000e+00
2.800e+00 5.512e-01 0.000e+00
2.900e+00 5.437e-01 0.000e+00
3.000e+00 5.416e-01 0.000e+00
3.100e+00 5.339e-01 0.000e+00
3.200e+00 5.325e-01 0.000e+00
3.300e+00 5.131e-01 0.000e+00
3.400e+00 5.190e-01 0.000e+00
3.500e+00 5.086e-01 0.000e+00
3.600e+00 4.990e-01 0.000e+00
3.700e+00 4.938e-01 0.000e+00
3.800e+00 4.826e-01 0.000e+00
3.900e+00 4.738e-01 0.000e+00
4.000e+00 4.809e-01 0.000e+00
4.100e+00 4.672e-01 0.000e+00
4.200e+00 4.630e-01 0.000e+00
4.300e+00 4.756e-01 0.000e+00
4.400e+00 4.693e-01 0.000e+00
4.500e+00 4.612e-01 0.000e+00
4.600e+00 4.471e-01 0.000e+00
4.700e+00 4.526e-01 0.000e+00
4.800e+00 4.368e-01 0.000e+00
4.900e+00 4.305e-01 0.000e+00
5.000e+00 4.185e-01 0.000e+00
5.100e+00 4.149e-01 0.000e+00
5.200e+00 4.182e-01 0.000e+00
5.300e+00 4.238e-01 0.000e+00
5.400e+00 4.273e-01 0.000e+00
5.500e+00 4.218e-01 0.000e+00
5.600e+00 4.277e-01 0.000e+00
5.700e+00 4.183e-01 0.000e+00
5.800e+00 4.254e-01 0.000e+00
5.900e+00 4.165e-01 0.000e+00
6.000e+00 4.007e-01 0.000e+00
6.100e+00 3.933e-01 0.000e+00
6.200e+00 3.953e-01 0.000e+00
6.300e+00 3.835e-01 0.000e+00
6.400e+00 3.715e-01 0.000e+00
6.500e+00 3.815e-01 0.000e+00
6.600e+00 3.824e-01 0.000e+00
6.700e+00 3.738e-01 0.000e+00
6.800e+00 3.711e-01 0.000e+00
6.900e+00 3.689e-01 0.000e+00
7.000e+00 3.642e-01 0.000e+00
7.100e+00 3.560e-01 0.000e+00
7.200e+00 3.548e-01 0.000e+00
7.300e+00 3.456e-01 0.000e+00
7.400e+00 3.385e-01 0.000e+00
7.500e+00 3.461e-01 0.000e+00
7.600e+00 3.480e-01 0.000e+00
7.700e+00 3.495e-01 0.000e+00
7.800e+00 3.437e-01 0.000e+00
7.900e+00 3.346e-01 0.000e+00
8.000e+00 3.372e-01 0.000e+00
8.100e+00 3.300e-01 0.000e+00
8.200e+00 3.311e-01 0.000e+00
8.300e+00 3.276e-01 0.000e+00
8.400e+00 3.206e-01 0.000e+00
8.500e+00 3.218e-01 0.000e+00
8.600e+00 3.134e-01 0.000e+00
8.700e+00 3.161e-01 0.000e+00
8.800e+00 3.237e-01 0.000e+00
8.900e+00 3.158e-01 0.000e+00
9.000e+00 3.088e-01 0.000e+00
9.100e+00 3.146e-01 0.000e+00
9.200e+00 3.199e-01 0.000e+00
9.300e+00 3.287e-01 0.000e+00
9.400e+00 3.195e-01 0.000e+00
9.500e+00 3.044e-01 0.000e+00
9.600e+00 3.112e-01 0.000e+00
9.700e+00 3.072e-01 0.000e+00
9.800e+00 3.121e-01 0.000e+00
9.900e+00 3.059e-01 0.000e+00
1.000e+01 3.036e-01 0.000e+00
1.010e+01 3.030e-01 0.000e+00
1.020e+01 2.965e-01 0.000e+00
1.030e+01 2.869e-01 0.000e+00
1.040e+01 2.794e-01 0.000e+00
1.050e+01 2.824e-01 0.000e+00
1.060e+01 2.720e-01 0.000e+00
1.070e+01 2.719e-01 0.000e+00
1.080e+01 2.684e-01 0.000e+00
1.090e+01 2.688e-01 0.000e+00
1.100e+01 2.626e-01 0.000e+00
1.110e+01 2.553e-01 0.000e+00
1.120e+01 2.594e-01 0.000e+00
1.130e+01 2.675e-01 0.000e+00
1.140e+01 2.685e-01 0.000e+00
1.150e+01 2.636e-01 0.000e+00
1.160e+01 2.615e-01 0.000e+00
1.170e+01 2.608e-01 0.000e+00
1.180e+01 2.552e-01 0.000e+00
1.190e+01 2.520e-01 0.000e+00
1.200e+01 2.471e-01 0.000e+00
1.210e+01 2.534e-01 0.000e+00
1.220e+01 2.492e-01 0.000e+00
1.230e+01 2.469e-01 0.000e+00
1.240e+01 2.394e-01 0.000e+00
1.250e+01 2.371e-01 0.000e+00
1.260e+01 2.370e-01 0.000e+00
1.270e+01 2.346e-01 0.000e+00
1.280e+01 2.391e-01 0.000e+00
1.290e+01 2.351e-01 0.000e+00
1.300e+01 2.417e-01 0.000e+00
1.310e+01 2.374e-01 0.000e+00
1.320e+01 2.384e-01 0.000e+00
1.330e+01 2.316e-01 0.000e+00
1.340e+01 2.289e-01 0.000e+00
1.350e+01 2.288e-01 0.000e+00
1.360e+01 2.320e-01 0.000e+00
1.370e+01 2.307e-01 0.000e+00
1.380e+01 2.315e-01 0.000e+00
1.390e+01 2.283e-01 0.000e+00
1.400e+01 2.333e-01 0.000e+00
1.410e+01 2.280e-01 0.000e+00
1.420e+01 2.222e-01 0.000e+00
1.430e+01 2.225e-01 0.000e+00
1.440e+01 2.156e-01 0.000e+00
1.450e+01 2.169e-01 0.000e+00
1.460e+01 2.107e-01 0.000e+00
1.470e+01 2.137e-01 0.000e+00
1.480e+01 2.183e-01 0.000e+00
1.490e+01 2.128e-01 0.000e+00
1.500e+01 2.093e-01 0.000e+00
1.510e+01 2.069e-01 0.000e+00
1.520e+01 2.035e-01 0.000e+00
1.530e+01 2.043e-01 0.000e+00
1.540e+01 2.073e-01 0.000e+00
1.550e+01 2.069e-01 0.000e+00
1.560e+01 2.136e-01 0.000e+00
1.570e+01 2.106e-01 0.000e+00
1.580e+01 2.118e-01 0.000e+00
1.590e+01 2.104e-01 0.000e+00
1.600e+01 2.076e-01 0.000e+00
1.610e+01 2.063e-01 0.000e+00
1.620e+01 1.978e-01 0.000e+00
1.630e+01 1.985e-01 0.000e+00
1.640e+01 1.940e-01 0.000e+00
1.650e+01 1.956e-01 0.000e+00
1.660e+01 1.908e-01 0.000e+00
1.670e+01 1.913e-01 0.000e+00
1.680e+01 1.880e-01 0.000e+00
1.690e+01 1.868e-01 0.000e+00
1.700e+01 1.877e-01 0.000e+00
1.710e+01 1.877e-01 0.000e+00
1.720e+01 1.836e-01 0.000e+00
1.730e+01 1.837e-01 0.000e+00
1.740e+01 1.769e-01 0.000e+00
1.750e+01 1.740e-01 0.000e+00
1.760e+01 1.735e-01 0.000e+00
1.770e+01 1.740e-01 0.000e+00
1.780e+01 1.712e-01 0.000e+00
1.790e+01 1.681e-01 0.000e+00
1.800e+01 1.644e-01 0.000e+00
1.810e+01 1.681e-01 0.000e+00
1.820e+01 1.702e-01 0.000e+00
1.830e+01 1.681e-01 0.000e+00
1.840e+01 1.702e-01 0.000e+00
1.850e+01 1.733e-01 0.000e+00
1.860e+01 1.696e-01 0.000e+00
1.870e+01 1.743e-01 0.000e+00
1.880e+01 1.754e-01 0.000e+00
1.890e+01 1.755e-01 0.000e+00
1.900e+01 1.720e-01 0.000e+00
1.910e+01 1.708e-01 0.000e+00
1.920e+01 1.721e-01 0.000e+00
1.930e+01 1.758e-01 0.000e+00
1.940e+01 1.773e-01 0.000e+00
1.950e+01 1.723e-01 0.000e+00
1.960e+01 1.717e-01 0.000e+00
1.970e+01 1.696e-01 0.000e+00
1.980e+01 1.694e-01 0.000e+00
1.990e+01 1.607e-01 0.000e+00
