# Frequency (1.0/ps)      real(fft(F_2))
0.000e+00 1.089e+02
1.000e-02 5.109e+01
2.000e-02 2.978e+01
3.000e-02 1.129e+01
4.000e-02 1.338e+01
5.000e-02 7.157e+00
6.000e-02 4.239e+00
7.000e-02 6.089e+00
8.000e-02 4.344e+00
9.000e-02 5.876e+00
1.000e-01 5.099e+00
1.100e-01 5.328e+00
1.200e-01 1.542e+00
1.300e-01 1.598e+00
1.400e-01 1.214e+00
1.500e-01 -1.108e+00
1.600e-01 2.410e+00
1.700e-01 1.928e+00
1.800e-01 1.862e+00
1.900e-01 1.664e+00
2.000e-01 1.140e+00
2.100e-01 5.756e-01
2.200e-01 1.687e+00
2.300e-01 2.252e+00
2.400e-01 1.404e+00
2.500e-01 1.158e+00
2.600e-01 1.472e+00
2.700e-01 -9.089e-01
2.800e-01 1.928e+00
2.900e-01 2.157e+00
3.000e-01 7.897e-01
3.100e-01 7.739e-01
3.200e-01 2.449e-01
3.300e-01 7.309e-01
3.400e-01 8.184e-01
3.500e-01 9.032e-01
3.600e-01 9.228e-01
3.700e-01 -1.034e+00
3.800e-01 -8.821e-01
3.900e-01 9.754e-01
4.000e-01 3.015e-01
4.100e-01 1.530e-01
4.200e-01 1.137e+00
4.300e-01 4.513e-01
4.400e-01 1.020e-01
4.500e-01 1.244e+00
4.600e-01 5.711e-01
4.700e-01 -5.113e-01
4.800e-01 1.076e+00
4.900e-01 1.819e+00
5.000e-01 1.481e+00
5.100e-01 2.044e+00
5.200e-01 2.640e+00
5.300e-01 1.962e+00
5.400e-01 7.857e-01
5.500e-01 9.714e-01
5.600e-01 1.101e+00
5.700e-01 9.943e-01
5.800e-01 5.567e-01
5.900e-01 8.837e-01
6.000e-01 4.753e-01
6.100e-01 7.054e-01
6.200e-01 1.678e+00
6.300e-01 1.064e+00
6.400e-01 8.514e-01
6.500e-01 1.124e+00
6.600e-01 5.458e-01
6.700e-01 1.048e+00
6.800e-01 5.020e-01
6.900e-01 8.830e-01
7.000e-01 5.743e-01
7.100e-01 9.660e-01
7.200e-01 1.270e+00
7.300e-01 8.452e-01
7.400e-01 1.453e+00
7.500e-01 1.541e+00
7.600e-01 1.639e+00
7.700e-01 1.633e+00
7.800e-01 8.222e-01
7.900e-01 5.756e-01
8.000e-01 5.051e-01
8.100e-01 8.138e-01
8.200e-01 6.089e-01
8.300e-01 -2.566e-01
8.400e-01 4.037e-02
8.500e-01 6.616e-01
8.600e-01 1.127e+00
8.700e-01 8.623e-01
8.800e-01 1.520e-01
8.900e-01 -5.922e-01
9.000e-01 -8.600e-01
9.100e-01 -1.462e-01
9.200e-01 -2.300e-01
9.300e-01 3.487e-01
9.400e-01 1.192e+00
9.500e-01 2.812e-01
9.600e-01 -2.948e-01
9.700e-01 9.843e-01
9.800e-01 1.940e+00
9.900e-01 1.832e+00
1.000e+00 5.662e-01
1.010e+00 1.292e+00
1.020e+00 5.458e-01
1.030e+00 3.708e-01
1.040e+00 7.265e-01
1.050e+00 1.194e+00
1.060e+00 1.278e+00
1.070e+00 1.256e+00
1.080e+00 6.145e-01
1.090e+00 2.902e-01
1.100e+00 1.929e+00
1.110e+00 7.748e-01
1.120e+00 1.881e-01
1.130e+00 2.515e-01
1.140e+00 -5.737e-02
1.150e+00 1.034e-01
1.160e+00 8.407e-01
1.170e+00 -3.123e-01
1.180e+00 9.169e-01
1.190e+00 1.247e-01
1.200e+00 1.801e-02
1.210e+00 8.481e-01
1.220e+00 3.432e-01
1.230e+00 6.556e-01
1.240e+00 -4.024e-01
1.250e+00 2.155e-02
1.260e+00 7.476e-01
1.270e+00 -1.667e-01
1.280e+00 1.804e-01
1.290e+00 5.262e-01
1.300e+00 8.783e-01
1.310e+00 7.220e-01
1.320e+00 1.304e+00
1.330e+00 2.249e+00
1.340e+00 1.160e+00
1.350e+00 1.471e+00
1.360e+00 7.284e-01
1.370e+00 4.792e-01
1.380e+00 5.131e-01
1.390e+00 6.307e-01
1.400e+00 2.477e-01
1.410e+00 9.615e-01
1.420e+00 2.694e-01
1.430e+00 1.284e-01
1.440e+00 6.275e-01
1.450e+00 5.949e-01
1.460e+00 8.050e-01
1.470e+00 2.432e-01
1.480e+00 4.323e-01
1.490e+00 8.520e-01
1.500e+00 9.934e-01
1.510e+00 8.575e-02
1.520e+00 -3.230e-01
1.530e+00 3.907e-01
1.540e+00 5.344e-01
1.550e+00 9.603e-02
1.560e+00 7.057e-01
1.570e+00 -3.508e-02
1.580e+00 2.577e-01
1.590e+00 6.897e-01
1.600e+00 1.285e-01
1.610e+00 2.718e-01
1.620e+00 3.992e-02
1.630e+00 1.037e+00
1.640e+00 4.496e-01
1.650e+00 5.769e-01
1.660e+00 8.889e-01
1.670e+00 7.463e-01
1.680e+00 4.140e-01
1.690e+00 6.844e-01
1.700e+00 7.118e-01
1.710e+00 2.253e-01
1.720e+00 1.648e-01
1.730e+00 -1.060e-02
1.740e+00 -2.004e-01
1.750e+00 6.222e-02
1.760e+00 3.313e-01
1.770e+00 7.802e-01
1.780e+00 4.573e-01
1.790e+00 8.879e-01
1.800e+00 7.229e-01
1.810e+00 4.737e-01
1.820e+00 8.386e-01
1.830e+00 5.532e-01
1.840e+00 1.003e+00
1.850e+00 9.450e-01
1.860e+00 9.913e-01
1.870e+00 -7.597e-02
1.880e+00 3.980e-01
1.890e+00 3.350e-01
1.900e+00 2.997e-01
1.910e+00 6.214e-01
1.920e+00 2.596e-01
1.930e+00 1.218e+00
1.940e+00 2.742e-01
1.950e+00 1.354e-01
1.960e+00 -1.091e-02
1.970e+00 2.711e-01
1.980e+00 2.313e-01
1.990e+00 1.203e-01
2.000e+00 4.863e-01
2.010e+00 5.626e-01
2.020e+00 5.035e-01
2.030e+00 5.418e-01
2.040e+00 1.398e+00
2.050e+00 1.269e+00
2.060e+00 4.583e-01
2.070e+00 1.150e+00
2.080e+00 7.883e-01
2.090e+00 7.749e-01
2.100e+00 9.866e-01
2.110e+00 2.721e-01
2.120e+00 7.398e-01
2.130e+00 8.188e-01
2.140e+00 7.446e-01
2.150e+00 9.200e-01
2.160e+00 8.742e-01
2.170e+00 9.117e-01
2.180e+00 1.014e-01
2.190e+00 4.156e-01
2.200e+00 3.488e-01
2.210e+00 5.210e-01
2.220e+00 5.898e-01
2.230e+00 3.173e-01
2.240e+00 2.630e-01
2.250e+00 2.457e-01
2.260e+00 -1.213e-01
2.270e+00 -2.409e-01
2.280e+00 2.573e-01
2.290e+00 6.682e-01
2.300e+00 5.385e-01
2.310e+00 5.513e-01
2.320e+00 9.356e-01
2.330e+00 3.624e-01
2.340e+00 9.195e-01
2.350e+00 8.613e-01
2.360e+00 3.286e-01
2.370e+00 7.364e-01
2.380e+00 8.207e-01
2.390e+00 1.032e+00
2.400e+00 1.024e+00
2.410e+00 7.094e-01
2.420e+00 1.153e+00
2.430e+00 1.076e+00
2.440e+00 2.586e-01
2.450e+00 3.932e-01
2.460e+00 4.540e-01
2.470e+00 1.454e+00
2.480e+00 9.115e-01
2.490e+00 6.466e-01
2.500e+00 8.273e-01
2.510e+00 3.775e-01
2.520e+00 9.557e-01
2.530e+00 2.689e-01
2.540e+00 8.501e-01
2.550e+00 4.759e-01
2.560e+00 6.156e-01
2.570e+00 6.915e-01
2.580e+00 6.425e-01
2.590e+00 9.125e-01
2.600e+00 6.307e-01
2.610e+00 7.770e-01
2.620e+00 8.266e-01
2.630e+00 7.180e-01
2.640e+00 4.618e-01
2.650e+00 -5.474e-03
2.660e+00 4.946e-02
2.670e+00 7.707e-01
2.680e+00 6.046e-01
2.690e+00 6.669e-01
2.700e+00 7.009e-01
2.710e+00 1.015e+00
2.720e+00 8.501e-01
2.730e+00 9.640e-01
2.740e+00 3.009e-01
2.750e+00 7.030e-01
2.760e+00 7.812e-01
2.770e+00 6.160e-01
2.780e+00 5.123e-01
2.790e+00 2.587e-01
2.800e+00 4.390e-01
2.810e+00 2.437e-01
2.820e+00 2.427e-01
2.830e+00 3.270e-01
2.840e+00 1.181e-01
2.850e+00 5.488e-01
2.860e+00 5.074e-01
2.870e+00 7.673e-01
2.880e+00 7.328e-01
2.890e+00 8.780e-01
2.900e+00 6.818e-01
2.910e+00 5.887e-01
2.920e+00 7.881e-01
2.930e+00 7.734e-01
2.940e+00 5.053e-01
2.950e+00 5.350e-01
2.960e+00 6.666e-01
2.970e+00 4.344e-01
2.980e+00 4.877e-01
2.990e+00 4.098e-01
3.000e+00 6.378e-01
3.010e+00 4.603e-01
3.020e+00 4.887e-01
3.030e+00 6.077e-01
3.040e+00 8.415e-01
3.050e+00 6.805e-01
3.060e+00 5.602e-01
3.070e+00 6.247e-01
3.080e+00 9.204e-01
3.090e+00 7.362e-01
3.100e+00 1.115e+00
3.110e+00 7.917e-01
3.120e+00 7.249e-01
3.130e+00 9.432e-01
3.140e+00 7.881e-01
3.150e+00 2.452e-01
3.160e+00 8.100e-01
3.170e+00 7.882e-01
3.180e+00 4.334e-01
3.190e+00 3.912e-01
3.200e+00 2.637e-01
3.210e+00 6.373e-01
3.220e+00 5.869e-01
3.230e+00 5.775e-01
3.240e+00 6.463e-01
3.250e+00 6.014e-01
3.260e+00 5.807e-01
3.270e+00 5.293e-01
3.280e+00 5.686e-01
3.290e+00 4.809e-01
3.300e+00 4.452e-01
3.310e+00 5.152e-01
3.320e+00 6.297e-01
3.330e+00 3.154e-01
3.340e+00 4.540e-01
3.350e+00 2.799e-01
3.360e+00 4.332e-01
3.370e+00 2.670e-01
3.380e+00 5.778e-01
3.390e+00 1.074e+00
3.400e+00 5.349e-01
3.410e+00 4.903e-01
3.420e+00 4.534e-01
3.430e+00 1.037e+00
3.440e+00 4.425e-01
3.450e+00 6.496e-01
3.460e+00 4.734e-01
3.470e+00 3.549e-01
3.480e+00 -5.895e-02
3.490e+00 4.703e-01
3.500e+00 6.437e-01
3.510e+00 3.831e-01
3.520e+00 4.203e-01
3.530e+00 6.379e-01
3.540e+00 4.647e-01
3.550e+00 6.919e-01
3.560e+00 7.274e-01
3.570e+00 2.871e-01
3.580e+00 8.734e-01
3.590e+00 6.271e-01
3.600e+00 8.521e-01
3.610e+00 9.030e-01
3.620e+00 6.661e-01
3.630e+00 5.594e-01
3.640e+00 9.724e-01
3.650e+00 4.178e-01
3.660e+00 7.105e-01
3.670e+00 4.534e-01
3.680e+00 5.694e-01
3.690e+00 2.942e-01
3.700e+00 2.670e-01
3.710e+00 6.917e-01
3.720e+00 6.675e-01
3.730e+00 7.254e-01
3.740e+00 6.090e-01
3.750e+00 6.621e-01
3.760e+00 6.049e-01
3.770e+00 7.105e-01
3.780e+00 4.212e-01
3.790e+00 5.732e-01
3.800e+00 9.056e-01
3.810e+00 1.522e+00
3.820e+00 9.798e-01
3.830e+00 6.257e-01
3.840e+00 5.228e-01
3.850e+00 2.485e-01
3.860e+00 4.830e-01
3.870e+00 5.321e-01
3.880e+00 5.528e-01
3.890e+00 1.730e-01
3.900e+00 -2.045e-01
3.910e+00 1.339e-01
3.920e+00 3.026e-02
3.930e+00 7.525e-02
3.940e+00 5.350e-01
3.950e+00 6.368e-01
3.960e+00 7.381e-01
3.970e+00 4.059e-01
3.980e+00 2.666e-01
3.990e+00 1.218e-01
4.000e+00 3.757e-01
4.010e+00 1.008e+00
4.020e+00 7.195e-01
4.030e+00 8.423e-02
4.040e+00 2.620e-01
4.050e+00 2.259e-01
4.060e+00 2.586e-01
4.070e+00 5.548e-01
4.080e+00 3.588e-01
4.090e+00 4.098e-01
4.100e+00 6.377e-01
4.110e+00 6.452e-01
4.120e+00 6.788e-01
4.130e+00 3.090e-01
4.140e+00 3.303e-01
4.150e+00 3.963e-01
4.160e+00 7.522e-01
4.170e+00 6.448e-01
4.180e+00 4.548e-01
4.190e+00 5.313e-01
4.200e+00 5.705e-01
4.210e+00 3.899e-01
4.220e+00 3.806e-01
4.230e+00 2.298e-01
4.240e+00 2.553e-01
4.250e+00 3.665e-01
4.260e+00 4.672e-01
4.270e+00 3.540e-01
4.280e+00 3.871e-01
4.290e+00 1.973e-01
4.300e+00 8.838e-01
4.310e+00 6.811e-01
4.320e+00 4.479e-01
4.330e+00 6.372e-01
4.340e+00 4.423e-01
4.350e+00 6.182e-01
4.360e+00 9.858e-01
4.370e+00 7.541e-01
4.380e+00 6.110e-01
4.390e+00 5.161e-01
4.400e+00 7.027e-01
4.410e+00 4.240e-01
4.420e+00 3.734e-01
4.430e+00 2.919e-01
4.440e+00 4.640e-01
4.450e+00 9.287e-01
4.460e+00 5.014e-01
4.470e+00 8.299e-01
4.480e+00 5.172e-01
4.490e+00 7.673e-01
4.500e+00 6.657e-01
4.510e+00 2.606e-01
4.520e+00 -5.646e-03
4.530e+00 1.991e-01
4.540e+00 3.257e-01
4.550e+00 2.799e-01
4.560e+00 2.491e-01
4.570e+00 4.959e-01
4.580e+00 5.663e-01
4.590e+00 3.672e-01
4.600e+00 3.965e-01
4.610e+00 5.362e-02
4.620e+00 1.746e-01
4.630e+00 5.485e-01
4.640e+00 3.595e-01
4.650e+00 -1.116e-02
4.660e+00 2.283e-01
4.670e+00 3.903e-01
4.680e+00 6.678e-01
4.690e+00 1.033e+00
4.700e+00 3.075e-01
4.710e+00 3.627e-01
4.720e+00 3.485e-01
4.730e+00 6.288e-01
4.740e+00 7.501e-01
4.750e+00 8.433e-01
4.760e+00 3.858e-01
4.770e+00 3.119e-01
4.780e+00 6.347e-01
4.790e+00 7.899e-01
4.800e+00 7.041e-01
4.810e+00 4.628e-01
4.820e+00 7.014e-02
4.830e+00 2.391e-01
4.840e+00 4.070e-01
4.850e+00 4.533e-01
4.860e+00 4.799e-01
4.870e+00 4.158e-01
4.880e+00 4.399e-01
4.890e+00 1.596e-02
4.900e+00 2.890e-01
4.910e+00 4.397e-01
4.920e+00 4.117e-01
4.930e+00 4.527e-01
4.940e+00 3.686e-01
4.950e+00 7.554e-01
4.960e+00 4.563e-01
4.970e+00 6.228e-01
4.980e+00 9.791e-01
4.990e+00 8.581e-01
-5.000e+00 7.048e-01
-4.990e+00 6.962e-01
-4.980e+00 5.660e-01
-4.970e+00 4.719e-01
-4.960e+00 6.525e-01
-4.950e+00 6.092e-01
-4.940e+00 9.342e-01
-4.930e+00 8.955e-01
-4.920e+00 6.544e-01
-4.910e+00 5.257e-01
-4.900e+00 5.835e-01
-4.890e+00 6.734e-01
-4.880e+00 8.772e-01
-4.870e+00 4.251e-01
-4.860e+00 2.530e-01
-4.850e+00 1.814e-01
-4.840e+00 1.914e-01
-4.830e+00 1.033e+00
-4.820e+00 6.366e-01
-4.810e+00 4.967e-01
-4.800e+00 5.811e-01
-4.790e+00 6.707e-01
-4.780e+00 6.542e-01
-4.770e+00 4.565e-01
-4.760e+00 7.644e-01
-4.750e+00 6.482e-01
-4.740e+00 5.079e-01
-4.730e+00 7.185e-01
-4.720e+00 7.761e-01
-4.710e+00 8.838e-01
-4.700e+00 4.097e-01
-4.690e+00 2.961e-01
-4.680e+00 3.145e-01
-4.670e+00 3.052e-01
-4.660e+00 3.932e-01
-4.650e+00 4.951e-01
-4.640e+00 4.609e-01
-4.630e+00 5.317e-01
-4.620e+00 4.742e-01
-4.610e+00 1.723e-01
-4.600e+00 6.240e-02
-4.590e+00 1.771e-01
-4.580e+00 2.298e-01
-4.570e+00 -1.092e-02
-4.560e+00 5.749e-01
-4.550e+00 3.232e-01
-4.540e+00 4.499e-01
-4.530e+00 4.986e-01
-4.520e+00 9.745e-01
-4.510e+00 1.179e+00
-4.500e+00 1.334e+00
-4.490e+00 1.301e+00
-4.480e+00 8.903e-01
-4.470e+00 9.158e-01
-4.460e+00 5.961e-01
-4.450e+00 4.776e-01
-4.440e+00 7.658e-01
-4.430e+00 3.085e-01
-4.420e+00 1.753e-01
-4.410e+00 2.116e-01
-4.400e+00 5.308e-01
-4.390e+00 2.472e-01
-4.380e+00 1.990e-01
-4.370e+00 1.893e-02
-4.360e+00 6.441e-02
-4.350e+00 2.270e-01
-4.340e+00 7.328e-01
-4.330e+00 3.925e-01
-4.320e+00 1.790e-01
-4.310e+00 4.427e-01
-4.300e+00 2.236e-01
-4.290e+00 6.075e-01
-4.280e+00 6.139e-01
-4.270e+00 7.277e-01
-4.260e+00 1.953e-01
-4.250e+00 3.303e-01
-4.240e+00 4.538e-01
-4.230e+00 1.262e-01
-4.220e+00 3.544e-01
-4.210e+00 6.248e-01
-4.200e+00 6.371e-01
-4.190e+00 8.378e-01
-4.180e+00 9.673e-01
-4.170e+00 8.348e-01
-4.160e+00 2.310e-01
-4.150e+00 2.097e-01
-4.140e+00 3.432e-01
-4.130e+00 4.890e-01
-4.120e+00 3.831e-01
-4.110e+00 5.280e-01
-4.100e+00 4.815e-01
-4.090e+00 3.456e-02
-4.080e+00 3.408e-01
-4.070e+00 4.018e-01
-4.060e+00 6.204e-01
-4.050e+00 2.312e-01
-4.040e+00 5.697e-01
-4.030e+00 1.030e+00
-4.020e+00 8.472e-01
-4.010e+00 6.728e-01
-4.000e+00 4.466e-01
-3.990e+00 2.891e-01
-3.980e+00 3.936e-01
-3.970e+00 9.183e-01
-3.960e+00 9.278e-01
-3.950e+00 7.334e-01
-3.940e+00 6.646e-01
-3.930e+00 1.301e-01
-3.920e+00 2.674e-01
-3.910e+00 6.474e-01
-3.900e+00 5.414e-01
-3.890e+00 6.264e-01
-3.880e+00 4.997e-01
-3.870e+00 4.616e-01
-3.860e+00 7.612e-01
-3.850e+00 3.386e-01
-3.840e+00 3.982e-01
-3.830e+00 2.685e-01
-3.820e+00 -4.491e-02
-3.810e+00 5.034e-02
-3.800e+00 4.514e-01
-3.790e+00 2.607e-01
-3.780e+00 2.143e-02
-3.770e+00 4.548e-01
-3.760e+00 9.892e-01
-3.750e+00 4.671e-01
-3.740e+00 6.820e-01
-3.730e+00 2.597e-01
-3.720e+00 3.068e-01
-3.710e+00 2.951e-01
-3.700e+00 1.395e-01
-3.690e+00 4.712e-01
-3.680e+00 5.958e-01
-3.670e+00 4.180e-01
-3.660e+00 4.405e-01
-3.650e+00 3.991e-01
-3.640e+00 6.033e-01
-3.630e+00 3.008e-01
-3.620e+00 3.156e-01
-3.610e+00 2.410e-01
-3.600e+00 5.519e-01
-3.590e+00 6.428e-01
-3.580e+00 7.613e-01
-3.570e+00 5.853e-01
-3.560e+00 4.775e-01
-3.550e+00 3.574e-01
-3.540e+00 5.569e-01
-3.530e+00 3.574e-01
-3.520e+00 3.582e-01
-3.510e+00 8.910e-02
-3.500e+00 2.622e-01
-3.490e+00 3.143e-01
-3.480e+00 7.287e-02
-3.470e+00 6.401e-01
-3.460e+00 2.477e-01
-3.450e+00 4.363e-01
-3.440e+00 3.144e-01
-3.430e+00 3.975e-01
-3.420e+00 4.121e-01
-3.410e+00 7.873e-01
-3.400e+00 6.480e-01
-3.390e+00 4.011e-01
-3.380e+00 4.543e-01
-3.370e+00 7.245e-01
-3.360e+00 5.925e-01
-3.350e+00 5.461e-01
-3.340e+00 4.065e-01
-3.330e+00 4.295e-01
-3.320e+00 1.059e-01
-3.310e+00 8.669e-02
-3.300e+00 1.242e-01
-3.290e+00 4.233e-01
-3.280e+00 9.097e-02
-3.270e+00 6.390e-01
-3.260e+00 7.922e-01
-3.250e+00 4.223e-01
-3.240e+00 6.878e-01
-3.230e+00 3.202e-01
-3.220e+00 4.001e-01
-3.210e+00 1.959e-01
-3.200e+00 -6.758e-02
-3.190e+00 4.753e-01
-3.180e+00 3.197e-01
-3.170e+00 5.870e-01
-3.160e+00 2.579e-01
-3.150e+00 4.494e-01
-3.140e+00 3.559e-01
-3.130e+00 6.128e-02
-3.120e+00 2.573e-01
-3.110e+00 2.914e-01
-3.100e+00 5.341e-01
-3.090e+00 4.965e-01
-3.080e+00 5.019e-01
-3.070e+00 1.533e-01
-3.060e+00 6.359e-02
-3.050e+00 2.221e-01
-3.040e+00 5.404e-01
-3.030e+00 4.500e-01
-3.020e+00 2.882e-01
-3.010e+00 1.830e-01
-3.000e+00 1.347e-01
-2.990e+00 5.356e-02
-2.980e+00 1.725e-01
-2.970e+00 3.050e-01
-2.960e+00 9.218e-01
-2.950e+00 7.146e-01
-2.940e+00 5.099e-01
-2.930e+00 5.581e-01
-2.920e+00 8.914e-01
-2.910e+00 5.998e-01
-2.900e+00 6.084e-01
-2.890e+00 6.800e-01
-2.880e+00 5.219e-01
-2.870e+00 6.942e-01
-2.860e+00 9.245e-01
-2.850e+00 9.161e-01
-2.840e+00 3.188e-01
-2.830e+00 5.718e-01
-2.820e+00 7.613e-01
-2.810e+00 6.788e-01
-2.800e+00 4.149e-01
-2.790e+00 2.899e-01
-2.780e+00 -6.934e-03
-2.770e+00 2.846e-01
-2.760e+00 4.821e-01
-2.750e+00 6.594e-01
-2.740e+00 -2.297e-01
-2.730e+00 8.546e-01
-2.720e+00 3.766e-01
-2.710e+00 6.219e-01
-2.700e+00 4.677e-01
-2.690e+00 4.858e-01
-2.680e+00 2.151e-01
-2.670e+00 -3.008e-01
-2.660e+00 3.860e-01
-2.650e+00 -7.575e-02
-2.640e+00 5.689e-02
-2.630e+00 4.010e-01
-2.620e+00 6.309e-01
-2.610e+00 7.144e-01
-2.600e+00 5.904e-01
-2.590e+00 2.194e-01
-2.580e+00 1.159e-01
-2.570e+00 6.005e-01
-2.560e+00 5.049e-01
-2.550e+00 4.617e-01
-2.540e+00 4.804e-01
-2.530e+00 1.802e-01
-2.520e+00 9.049e-01
-2.510e+00 1.178e+00
-2.500e+00 1.300e+00
-2.490e+00 5.797e-01
-2.480e+00 4.538e-01
-2.470e+00 7.859e-01
-2.460e+00 7.546e-01
-2.450e+00 4.541e-01
-2.440e+00 4.468e-01
-2.430e+00 3.998e-01
-2.420e+00 3.967e-01
-2.410e+00 6.318e-01
-2.400e+00 8.994e-01
-2.390e+00 6.438e-01
-2.380e+00 8.633e-01
-2.370e+00 7.385e-01
-2.360e+00 1.280e+00
-2.350e+00 1.026e+00
-2.340e+00 1.080e+00
-2.330e+00 6.758e-01
-2.320e+00 4.844e-01
-2.310e+00 3.294e-01
-2.300e+00 6.465e-01
-2.290e+00 4.596e-01
-2.280e+00 2.544e-01
-2.270e+00 7.151e-01
-2.260e+00 8.965e-01
-2.250e+00 6.847e-01
-2.240e+00 5.852e-01
-2.230e+00 6.129e-01
-2.220e+00 5.364e-01
-2.210e+00 4.596e-01
-2.200e+00 1.796e-01
-2.190e+00 4.270e-01
-2.180e+00 4.094e-01
-2.170e+00 6.196e-01
-2.160e+00 5.065e-02
-2.150e+00 6.410e-02
-2.140e+00 1.751e-01
-2.130e+00 -2.700e-01
-2.120e+00 4.585e-01
-2.110e+00 5.979e-01
-2.100e+00 8.418e-02
-2.090e+00 3.412e-01
-2.080e+00 2.694e-01
-2.070e+00 7.192e-01
-2.060e+00 3.985e-01
-2.050e+00 5.154e-01
-2.040e+00 7.532e-01
-2.030e+00 2.760e-02
-2.020e+00 3.795e-01
-2.010e+00 9.169e-01
-2.000e+00 4.651e-01
-1.990e+00 1.182e-01
-1.980e+00 2.032e-02
-1.970e+00 5.667e-01
-1.960e+00 2.004e-01
-1.950e+00 4.523e-01
-1.940e+00 1.885e-01
-1.930e+00 8.298e-01
-1.920e+00 5.374e-01
-1.910e+00 4.278e-01
-1.900e+00 1.635e+00
-1.890e+00 1.118e+00
-1.880e+00 6.122e-01
-1.870e+00 9.845e-01
-1.860e+00 1.096e+00
-1.850e+00 4.080e-01
-1.840e+00 9.382e-01
-1.830e+00 9.372e-01
-1.820e+00 8.289e-01
-1.810e+00 1.315e+00
-1.800e+00 8.204e-01
-1.790e+00 8.589e-01
-1.780e+00 1.226e+00
-1.770e+00 2.081e-01
-1.760e+00 6.387e-01
-1.750e+00 9.613e-01
-1.740e+00 1.600e+00
-1.730e+00 1.587e+00
-1.720e+00 8.703e-01
-1.710e+00 4.108e-01
-1.700e+00 -1.401e-01
-1.690e+00 3.626e-01
-1.680e+00 7.718e-01
-1.670e+00 4.456e-01
-1.660e+00 4.558e-01
-1.650e+00 1.614e-01
-1.640e+00 7.155e-01
-1.630e+00 1.152e+00
-1.620e+00 1.043e+00
-1.610e+00 4.248e-01
-1.600e+00 1.078e+00
-1.590e+00 4.647e-01
-1.580e+00 1.184e-01
-1.570e+00 6.997e-01
-1.560e+00 6.009e-01
-1.550e+00 9.825e-01
-1.540e+00 1.274e+00
-1.530e+00 5.076e-01
-1.520e+00 5.987e-01
-1.510e+00 1.712e-01
-1.500e+00 1.029e+00
-1.490e+00 3.358e-01
-1.480e+00 6.270e-01
-1.470e+00 8.709e-01
-1.460e+00 1.749e-01
-1.450e+00 2.416e-01
-1.440e+00 5.426e-01
-1.430e+00 8.605e-02
-1.420e+00 -3.879e-01
-1.410e+00 1.971e-02
-1.400e+00 5.790e-02
-1.390e+00 7.203e-01
-1.380e+00 5.564e-02
-1.370e+00 1.415e+00
-1.360e+00 7.973e-01
-1.350e+00 5.900e-01
-1.340e+00 7.779e-01
-1.330e+00 5.738e-01
-1.320e+00 6.267e-01
-1.310e+00 -2.205e-01
-1.300e+00 1.094e+00
-1.290e+00 8.028e-01
-1.280e+00 8.595e-01
-1.270e+00 7.174e-01
-1.260e+00 6.477e-01
-1.250e+00 1.602e-01
-1.240e+00 4.726e-01
-1.230e+00 -1.804e-01
-1.220e+00 6.743e-01
-1.210e+00 -3.619e-02
-1.200e+00 6.629e-01
-1.190e+00 1.981e-01
-1.180e+00 2.711e-01
-1.170e+00 1.369e+00
-1.160e+00 -8.206e-01
-1.150e+00 -3.275e-01
-1.140e+00 3.795e-01
-1.130e+00 -1.490e-01
-1.120e+00 6.343e-01
-1.110e+00 2.908e-01
-1.100e+00 2.388e-01
-1.090e+00 3.414e-01
-1.080e+00 4.527e-01
-1.070e+00 8.094e-01
-1.060e+00 3.670e-01
-1.050e+00 7.176e-01
-1.040e+00 1.382e+00
-1.030e+00 1.271e+00
-1.020e+00 1.029e+00
-1.010e+00 1.157e+00
-1.000e+00 4.480e-01
-9.900e-01 6.943e-01
-9.800e-01 1.799e-01
-9.700e-01 1.522e+00
-9.600e-01 9.793e-02
-9.500e-01 1.905e-01
-9.400e-01 9.156e-01
-9.300e-01 1.502e+00
-9.200e-01 1.408e+00
-9.100e-01 1.202e+00
-9.000e-01 1.407e+00
-8.900e-01 1.429e+00
-8.800e-01 1.602e+00
-8.700e-01 -5.014e-01
-8.600e-01 8.119e-01
-8.500e-01 5.558e-01
-8.400e-01 7.040e-01
-8.300e-01 7.845e-01
-8.200e-01 4.263e-01
-8.100e-01 -3.138e-01
-8.000e-01 1.148e-02
-7.900e-01 8.049e-01
-7.800e-01 1.442e+00
-7.700e-01 5.223e-01
-7.600e-01 3.923e-01
-7.500e-01 8.358e-01
-7.400e-01 8.571e-01
-7.300e-01 6.449e-01
-7.200e-01 -1.690e-01
-7.100e-01 5.059e-01
-7.000e-01 8.605e-01
-6.900e-01 2.919e-01
-6.800e-01 5.628e-01
-6.700e-01 5.450e-01
-6.600e-01 1.777e+00
-6.500e-01 7.936e-01
-6.400e-01 3.712e-01
-6.300e-01 3.236e-01
-6.200e-01 -7.602e-02
-6.100e-01 -2.749e-01
-6.000e-01 -1.692e-01
-5.900e-01 2.978e-02
-5.800e-01 1.796e-01
-5.700e-01 -7.118e-01
-5.600e-01 -2.571e-01
-5.500e-01 3.642e-01
-5.400e-01 1.327e+00
-5.300e-01 4.660e-01
-5.200e-01 1.205e+00
-5.100e-01 1.575e+00
-5.000e-01 1.667e-01
-4.900e-01 1.532e+00
-4.800e-01 7.807e-01
-4.700e-01 1.167e+00
-4.600e-01 8.571e-01
-4.500e-01 1.212e+00
-4.400e-01 2.656e+00
-4.300e-01 1.729e+00
-4.200e-01 2.259e+00
-4.100e-01 4.995e-01
-4.000e-01 -2.438e-01
-3.900e-01 5.090e-01
-3.800e-01 1.758e+00
-3.700e-01 2.113e+00
-3.600e-01 9.134e-01
-3.500e-01 1.774e+00
-3.400e-01 1.790e+00
-3.300e-01 1.984e+00
-3.200e-01 1.068e+00
-3.100e-01 8.755e-01
-3.000e-01 4.458e-01
-2.900e-01 1.288e+00
-2.800e-01 1.477e+00
-2.700e-01 -2.306e-01
-2.600e-01 5.439e-01
-2.500e-01 1.813e+00
-2.400e-01 7.972e-02
-2.300e-01 3.312e-01
-2.200e-01 3.063e-01
-2.100e-01 3.989e-01
-2.000e-01 5.017e-01
-1.900e-01 1.075e+00
-1.800e-01 2.068e+00
-1.700e-01 3.248e+00
-1.600e-01 1.137e+00
-1.500e-01 5.922e+00
-1.400e-01 4.003e+00
-1.300e-01 3.128e+00
-1.200e-01 2.755e+00
-1.100e-01 3.564e+00
-1.000e-01 7.052e+00
-9.000e-02 4.028e+00
-8.000e-02 3.378e+00
-7.000e-02 6.066e+00
-6.000e-02 1.318e+01
-5.000e-02 1.455e+01
-4.000e-02 1.310e+01
-3.000e-02 1.697e+01
-2.000e-02 3.028e+01
-1.000e-02 5.080e+01
