# Frequency (1.0/ps)      real(fft(F_0))
0.000e+00 1.193e+02
1.000e-02 4.539e+01
2.000e-02 2.231e+01
3.000e-02 1.800e+01
4.000e-02 1.378e+01
5.000e-02 1.032e+01
6.000e-02 9.724e+00
7.000e-02 5.587e+00
8.000e-02 3.210e+00
9.000e-02 3.726e+00
1.000e-01 5.698e+00
1.100e-01 2.281e+00
1.200e-01 2.459e+00
1.300e-01 1.796e+00
1.400e-01 3.507e-01
1.500e-01 9.324e-01
1.600e-01 1.234e+00
1.700e-01 1.201e+00
1.800e-01 7.349e-01
1.900e-01 5.478e-01
2.000e-01 8.041e-01
2.100e-01 3.157e-01
2.200e-01 6.722e-01
2.300e-01 2.115e+00
2.400e-01 1.482e+00
2.500e-01 1.073e+00
2.600e-01 1.660e+00
2.700e-01 1.222e+00
2.800e-01 2.056e+00
2.900e-01 1.298e+00
3.000e-01 2.129e+00
3.100e-01 1.853e+00
3.200e-01 1.814e+00
3.300e-01 9.092e-01
3.400e-01 1.191e+00
3.500e-01 1.923e+00
3.600e-01 1.108e+00
3.700e-01 9.483e-01
3.800e-01 7.621e-01
3.900e-01 9.165e-01
4.000e-01 1.160e+00
4.100e-01 6.791e-01
4.200e-01 2.981e-01
4.300e-01 7.616e-01
4.400e-01 1.310e+00
4.500e-01 1.235e+00
4.600e-01 8.603e-01
4.700e-01 6.009e-01
4.800e-01 7.806e-01
4.900e-01 7.636e-01
5.000e-01 9.929e-01
5.100e-01 6.739e-01
5.200e-01 5.602e-01
5.300e-01 9.446e-01
5.400e-01 7.017e-01
5.500e-01 4.694e-01
5.600e-01 7.779e-01
5.700e-01 1.238e+00
5.800e-01 1.079e+00
5.900e-01 9.131e-01
6.000e-01 5.764e-01
6.100e-01 7.802e-01
6.200e-01 9.020e-01
6.300e-01 6.376e-01
6.400e-01 9.643e-01
6.500e-01 8.214e-01
6.600e-01 8.273e-01
6.700e-01 8.434e-01
6.800e-01 9.504e-01
6.900e-01 8.312e-01
7.000e-01 1.650e+00
7.100e-01 1.242e+00
7.200e-01 1.403e+00
7.300e-01 1.544e+00
7.400e-01 1.742e+00
7.500e-01 1.216e+00
7.600e-01 1.432e+00
7.700e-01 1.191e+00
7.800e-01 9.820e-01
7.900e-01 8.649e-01
8.000e-01 1.585e-01
8.100e-01 3.831e-01
8.200e-01 4.613e-01
8.300e-01 6.928e-01
8.400e-01 1.099e+00
8.500e-01 1.122e+00
8.600e-01 7.733e-01
8.700e-01 1.159e+00
8.800e-01 8.544e-01
8.900e-01 9.792e-01
9.000e-01 6.241e-01
9.100e-01 5.094e-01
9.200e-01 3.580e-01
9.300e-01 8.921e-01
9.400e-01 8.883e-01
9.500e-01 7.647e-01
9.600e-01 6.917e-01
9.700e-01 6.311e-01
9.800e-01 7.580e-01
9.900e-01 4.219e-01
1.000e+00 5.799e-01
1.010e+00 2.153e-01
1.020e+00 4.732e-01
1.030e+00 -2.830e-02
1.040e+00 4.551e-01
1.050e+00 5.811e-01
1.060e+00 4.353e-01
1.070e+00 4.200e-01
1.080e+00 5.054e-01
1.090e+00 4.603e-01
1.100e+00 5.009e-01
1.110e+00 7.063e-01
1.120e+00 8.092e-01
1.130e+00 4.746e-01
1.140e+00 4.415e-01
1.150e+00 4.249e-01
1.160e+00 -5.808e-02
1.170e+00 6.776e-01
1.180e+00 4.883e-01
1.190e+00 3.552e-01
1.200e+00 2.324e-01
1.210e+00 -4.652e-02
1.220e+00 3.822e-01
1.230e+00 -3.618e-02
1.240e+00 2.882e-01
1.250e+00 4.856e-01
1.260e+00 5.967e-01
1.270e+00 9.026e-01
1.280e+00 8.360e-01
1.290e+00 1.017e+00
1.300e+00 1.514e+00
1.310e+00 1.066e+00
1.320e+00 9.913e-01
1.330e+00 9.989e-01
1.340e+00 8.606e-01
1.350e+00 3.565e-01
1.360e+00 7.960e-01
1.370e+00 5.767e-01
1.380e+00 3.845e-01
1.390e+00 3.861e-01
1.400e+00 3.162e-01
1.410e+00 4.945e-01
1.420e+00 4.837e-01
1.430e+00 3.845e-01
1.440e+00 9.807e-01
1.450e+00 7.677e-01
1.460e+00 7.215e-01
1.470e+00 5.881e-01
1.480e+00 4.973e-01
1.490e+00 6.078e-01
1.500e+00 2.582e-01
1.510e+00 4.002e-01
1.520e+00 4.796e-01
1.530e+00 3.297e-01
1.540e+00 3.341e-01
1.550e+00 4.127e-01
1.560e+00 6.188e-01
1.570e+00 4.597e-01
1.580e+00 5.907e-01
1.590e+00 4.406e-01
1.600e+00 2.723e-01
1.610e+00 4.096e-01
1.620e+00 5.777e-01
1.630e+00 6.033e-01
1.640e+00 4.632e-01
1.650e+00 4.532e-01
1.660e+00 4.129e-01
1.670e+00 6.235e-01
1.680e+00 5.928e-01
1.690e+00 7.379e-01
1.700e+00 6.397e-01
1.710e+00 6.021e-01
1.720e+00 9.385e-01
1.730e+00 6.599e-01
1.740e+00 6.385e-01
1.750e+00 3.556e-01
1.760e+00 4.313e-02
1.770e+00 4.641e-01
1.780e+00 4.513e-01
1.790e+00 2.524e-01
1.800e+00 3.637e-01
1.810e+00 3.861e-01
1.820e+00 3.992e-01
1.830e+00 5.834e-01
1.840e+00 6.476e-01
1.850e+00 7.561e-01
1.860e+00 7.310e-01
1.870e+00 8.214e-01
1.880e+00 8.311e-01
1.890e+00 6.019e-01
1.900e+00 7.474e-01
1.910e+00 8.209e-01
1.920e+00 7.389e-01
1.930e+00 6.827e-01
1.940e+00 7.475e-01
1.950e+00 7.058e-01
1.960e+00 7.253e-01
1.970e+00 4.929e-01
1.980e+00 5.315e-01
1.990e+00 6.175e-01
2.000e+00 1.934e-01
2.010e+00 2.615e-01
2.020e+00 3.386e-01
2.030e+00 3.729e-01
2.040e+00 2.290e-01
2.050e+00 4.185e-01
2.060e+00 3.708e-01
2.070e+00 4.924e-01
2.080e+00 5.976e-01
2.090e+00 6.158e-01
2.100e+00 7.018e-01
2.110e+00 4.624e-01
2.120e+00 5.345e-01
2.130e+00 5.856e-01
2.140e+00 5.552e-01
2.150e+00 5.409e-01
2.160e+00 9.444e-01
2.170e+00 1.059e+00
2.180e+00 9.031e-01
2.190e+00 7.128e-01
2.200e+00 7.132e-01
2.210e+00 5.624e-01
2.220e+00 3.294e-01
2.230e+00 4.621e-01
2.240e+00 6.036e-01
2.250e+00 8.134e-01
2.260e+00 9.373e-01
2.270e+00 7.248e-01
2.280e+00 5.101e-01
2.290e+00 7.607e-01
2.300e+00 8.501e-01
2.310e+00 8.848e-01
2.320e+00 6.152e-01
2.330e+00 5.233e-01
2.340e+00 5.310e-01
2.350e+00 4.546e-01
2.360e+00 3.663e-01
2.370e+00 5.639e-01
2.380e+00 3.845e-01
2.390e+00 6.043e-01
2.400e+00 8.363e-01
2.410e+00 7.401e-01
2.420e+00 5.907e-01
2.430e+00 3.434e-01
2.440e+00 4.752e-01
2.450e+00 2.246e-01
2.460e+00 3.562e-01
2.470e+00 4.675e-01
2.480e+00 4.956e-01
2.490e+00 2.327e-01
2.500e+00 4.240e-01
2.510e+00 5.616e-01
2.520e+00 7.324e-01
2.530e+00 4.083e-01
2.540e+00 3.576e-01
2.550e+00 4.140e-01
2.560e+00 1.874e-01
2.570e+00 2.723e-01
2.580e+00 2.483e-01
2.590e+00 3.357e-01
2.600e+00 4.733e-01
2.610e+00 5.681e-01
2.620e+00 4.479e-01
2.630e+00 5.882e-01
2.640e+00 4.295e-01
2.650e+00 4.596e-01
2.660e+00 4.971e-01
2.670e+00 4.513e-01
2.680e+00 6.498e-01
2.690e+00 6.223e-01
2.700e+00 7.862e-01
2.710e+00 6.433e-01
2.720e+00 5.898e-01
2.730e+00 4.614e-01
2.740e+00 4.315e-01
2.750e+00 1.592e-01
2.760e+00 3.547e-01
2.770e+00 3.154e-01
2.780e+00 2.998e-01
2.790e+00 3.206e-01
2.800e+00 3.261e-01
2.810e+00 1.550e-01
2.820e+00 3.667e-01
2.830e+00 2.003e-01
2.840e+00 3.219e-01
2.850e+00 4.316e-01
2.860e+00 4.622e-01
2.870e+00 6.929e-01
2.880e+00 6.699e-01
2.890e+00 6.755e-01
2.900e+00 6.602e-01
2.910e+00 6.936e-01
2.920e+00 3.404e-01
2.930e+00 6.984e-01
2.940e+00 6.421e-01
2.950e+00 5.524e-01
2.960e+00 6.186e-01
2.970e+00 7.435e-01
2.980e+00 7.085e-01
2.990e+00 7.076e-01
3.000e+00 6.214e-01
3.010e+00 6.999e-01
3.020e+00 6.905e-01
3.030e+00 7.131e-01
3.040e+00 6.382e-01
3.050e+00 6.379e-01
3.060e+00 5.876e-01
3.070e+00 4.753e-01
3.080e+00 4.219e-01
3.090e+00 6.611e-01
3.100e+00 3.896e-01
3.110e+00 3.847e-01
3.120e+00 5.948e-01
3.130e+00 5.159e-01
3.140e+00 3.527e-01
3.150e+00 4.850e-01
3.160e+00 7.085e-01
3.170e+00 4.388e-01
3.180e+00 3.660e-01
3.190e+00 3.044e-01
3.200e+00 2.678e-01
3.210e+00 -2.147e-02
3.220e+00 2.563e-01
3.230e+00 6.285e-01
3.240e+00 5.040e-01
3.250e+00 4.880e-01
3.260e+00 4.898e-01
3.270e+00 2.721e-01
3.280e+00 4.935e-01
3.290e+00 5.840e-01
3.300e+00 6.173e-01
3.310e+00 5.393e-01
3.320e+00 3.915e-01
3.330e+00 5.921e-01
3.340e+00 4.582e-01
3.350e+00 3.896e-01
3.360e+00 3.962e-01
3.370e+00 6.485e-01
3.380e+00 5.681e-01
3.390e+00 5.099e-01
3.400e+00 6.788e-01
3.410e+00 5.996e-01
3.420e+00 5.973e-01
3.430e+00 8.102e-01
3.440e+00 7.672e-01
3.450e+00 6.010e-01
3.460e+00 5.220e-01
3.470e+00 2.661e-01
3.480e+00 3.725e-01
3.490e+00 2.812e-01
3.500e+00 3.122e-01
3.510e+00 1.608e-01
3.520e+00 2.228e-01
3.530e+00 2.678e-01
3.540e+00 4.737e-01
3.550e+00 7.541e-01
3.560e+00 7.703e-01
3.570e+00 7.409e-01
3.580e+00 7.829e-01
3.590e+00 7.419e-01
3.600e+00 7.546e-01
3.610e+00 5.424e-01
3.620e+00 4.775e-01
3.630e+00 3.734e-01
3.640e+00 3.544e-01
3.650e+00 4.053e-01
3.660e+00 4.324e-01
3.670e+00 5.353e-01
3.680e+00 4.986e-01
3.690e+00 6.217e-01
3.700e+00 6.399e-01
3.710e+00 5.081e-01
3.720e+00 5.098e-01
3.730e+00 5.984e-01
3.740e+00 6.105e-01
3.750e+00 7.015e-01
3.760e+00 8.119e-01
3.770e+00 1.077e+00
3.780e+00 7.494e-01
3.790e+00 8.207e-01
3.800e+00 6.221e-01
3.810e+00 5.196e-01
3.820e+00 2.920e-01
3.830e+00 3.413e-01
3.840e+00 4.282e-01
3.850e+00 6.280e-01
3.860e+00 5.793e-01
3.870e+00 5.782e-01
3.880e+00 6.645e-01
3.890e+00 5.005e-01
3.900e+00 5.275e-01
3.910e+00 5.509e-01
3.920e+00 4.928e-01
3.930e+00 3.944e-01
3.940e+00 4.601e-01
3.950e+00 4.903e-01
3.960e+00 5.959e-01
3.970e+00 4.429e-01
3.980e+00 4.795e-01
3.990e+00 5.609e-01
4.000e+00 4.756e-01
4.010e+00 4.858e-01
4.020e+00 4.334e-01
4.030e+00 3.911e-01
4.040e+00 2.315e-01
4.050e+00 4.675e-01
4.060e+00 3.215e-01
4.070e+00 5.582e-01
4.080e+00 6.119e-01
4.090e+00 5.868e-01
4.100e+00 5.065e-01
4.110e+00 5.045e-01
4.120e+00 4.477e-01
4.130e+00 6.308e-01
4.140e+00 4.648e-01
4.150e+00 3.859e-01
4.160e+00 3.199e-01
4.170e+00 2.995e-01
4.180e+00 5.246e-01
4.190e+00 6.226e-01
4.200e+00 6.651e-01
4.210e+00 6.593e-01
4.220e+00 5.567e-01
4.230e+00 4.562e-01
4.240e+00 3.936e-01
4.250e+00 4.256e-01
4.260e+00 4.286e-01
4.270e+00 2.256e-01
4.280e+00 4.414e-01
4.290e+00 2.767e-01
4.300e+00 5.249e-01
4.310e+00 4.391e-01
4.320e+00 5.407e-01
4.330e+00 2.867e-01
4.340e+00 3.813e-01
4.350e+00 5.167e-01
4.360e+00 4.208e-01
4.370e+00 3.718e-01
4.380e+00 4.038e-01
4.390e+00 4.628e-01
4.400e+00 4.370e-01
4.410e+00 4.599e-01
4.420e+00 5.224e-01
4.430e+00 6.718e-01
4.440e+00 5.927e-01
4.450e+00 4.363e-01
4.460e+00 5.325e-01
4.470e+00 6.151e-01
4.480e+00 5.707e-01
4.490e+00 5.928e-01
4.500e+00 5.294e-01
4.510e+00 7.145e-01
4.520e+00 6.709e-01
4.530e+00 7.372e-01
4.540e+00 6.943e-01
4.550e+00 5.960e-01
4.560e+00 6.717e-01
4.570e+00 7.807e-01
4.580e+00 8.468e-01
4.590e+00 8.110e-01
4.600e+00 9.554e-01
4.610e+00 8.856e-01
4.620e+00 8.204e-01
4.630e+00 5.963e-01
4.640e+00 7.773e-01
4.650e+00 8.914e-01
4.660e+00 8.970e-01
4.670e+00 7.744e-01
4.680e+00 8.238e-01
4.690e+00 7.134e-01
4.700e+00 6.413e-01
4.710e+00 6.770e-01
4.720e+00 6.083e-01
4.730e+00 5.817e-01
4.740e+00 6.953e-01
4.750e+00 7.964e-01
4.760e+00 5.503e-01
4.770e+00 1.896e-01
4.780e+00 2.988e-01
4.790e+00 3.423e-01
4.800e+00 1.656e-01
4.810e+00 5.029e-01
4.820e+00 4.335e-01
4.830e+00 4.822e-01
4.840e+00 2.709e-01
4.850e+00 4.433e-01
4.860e+00 3.573e-01
4.870e+00 3.376e-01
4.880e+00 5.708e-01
4.890e+00 5.960e-01
4.900e+00 4.271e-01
4.910e+00 4.085e-01
4.920e+00 5.719e-01
4.930e+00 5.625e-01
4.940e+00 4.012e-01
4.950e+00 3.751e-01
4.960e+00 3.698e-01
4.970e+00 4.864e-01
4.980e+00 4.462e-01
4.990e+00 3.932e-01
-5.000e+00 3.939e-01
-4.990e+00 3.932e-01
-4.980e+00 4.462e-01
-4.970e+00 4.864e-01
-4.960e+00 3.698e-01
-4.950e+00 3.751e-01
-4.940e+00 4.012e-01
-4.930e+00 5.625e-01
-4.920e+00 5.719e-01
-4.910e+00 4.085e-01
-4.900e+00 4.271e-01
-4.890e+00 5.960e-01
-4.880e+00 5.708e-01
-4.870e+00 3.376e-01
-4.860e+00 3.573e-01
-4.850e+00 4.433e-01
-4.840e+00 2.709e-01
-4.830e+00 4.822e-01
-4.820e+00 4.335e-01
-4.810e+00 5.029e-01
-4.800e+00 1.656e-01
-4.790e+00 3.423e-01
-4.780e+00 2.988e-01
-4.770e+00 1.896e-01
-4.760e+00 5.503e-01
-4.750e+00 7.964e-01
-4.740e+00 6.953e-01
-4.730e+00 5.817e-01
-4.720e+00 6.083e-01
-4.710e+00 6.770e-01
-4.700e+00 6.413e-01
-4.690e+00 7.134e-01
-4.680e+00 8.238e-01
-4.670e+00 7.744e-01
-4.660e+00 8.970e-01
-4.650e+00 8.914e-01
-4.640e+00 7.773e-01
-4.630e+00 5.963e-01
-4.620e+00 8.204e-01
-4.610e+00 8.856e-01
-4.600e+00 9.554e-01
-4.590e+00 8.110e-01
-4.580e+00 8.468e-01
-4.570e+00 7.807e-01
-4.560e+00 6.717e-01
-4.550e+00 5.960e-01
-4.540e+00 6.943e-01
-4.530e+00 7.372e-01
-4.520e+00 6.709e-01
-4.510e+00 7.145e-01
-4.500e+00 5.294e-01
-4.490e+00 5.928e-01
-4.480e+00 5.707e-01
-4.470e+00 6.151e-01
-4.460e+00 5.325e-01
-4.450e+00 4.363e-01
-4.440e+00 5.927e-01
-4.430e+00 6.718e-01
-4.420e+00 5.224e-01
-4.410e+00 4.599e-01
-4.400e+00 4.370e-01
-4.390e+00 4.628e-01
-4.380e+00 4.038e-01
-4.370e+00 3.718e-01
-4.360e+00 4.208e-01
-4.350e+00 5.167e-01
-4.340e+00 3.813e-01
-4.330e+00 2.867e-01
-4.320e+00 5.407e-01
-4.310e+00 4.391e-01
-4.300e+00 5.249e-01
-4.290e+00 2.767e-01
-4.280e+00 4.414e-01
-4.270e+00 2.256e-01
-4.260e+00 4.286e-01
-4.250e+00 4.256e-01
-4.240e+00 3.936e-01
-4.230e+00 4.562e-01
-4.220e+00 5.567e-01
-4.210e+00 6.593e-01
-4.200e+00 6.651e-01
-4.190e+00 6.226e-01
-4.180e+00 5.246e-01
-4.170e+00 2.995e-01
-4.160e+00 3.199e-01
-4.150e+00 3.859e-01
-4.140e+00 4.648e-01
-4.130e+00 6.308e-01
-4.120e+00 4.477e-01
-4.110e+00 5.045e-01
-4.100e+00 5.065e-01
-4.090e+00 5.868e-01
-4.080e+00 6.119e-01
-4.070e+00 5.582e-01
-4.060e+00 3.215e-01
-4.050e+00 4.675e-01
-4.040e+00 2.315e-01
-4.030e+00 3.911e-01
-4.020e+00 4.334e-01
-4.010e+00 4.858e-01
-4.000e+00 4.756e-01
-3.990e+00 5.609e-01
-3.980e+00 4.795e-01
-3.970e+00 4.429e-01
-3.960e+00 5.959e-01
-3.950e+00 4.903e-01
-3.940e+00 4.601e-01
-3.930e+00 3.944e-01
-3.920e+00 4.928e-01
-3.910e+00 5.509e-01
-3.900e+00 5.275e-01
-3.890e+00 5.005e-01
-3.880e+00 6.645e-01
-3.870e+00 5.782e-01
-3.860e+00 5.793e-01
-3.850e+00 6.280e-01
-3.840e+00 4.282e-01
-3.830e+00 3.413e-01
-3.820e+00 2.920e-01
-3.810e+00 5.196e-01
-3.800e+00 6.221e-01
-3.790e+00 8.207e-01
-3.780e+00 7.494e-01
-3.770e+00 1.077e+00
-3.760e+00 8.119e-01
-3.750e+00 7.015e-01
-3.740e+00 6.105e-01
-3.730e+00 5.984e-01
-3.720e+00 5.098e-01
-3.710e+00 5.081e-01
-3.700e+00 6.399e-01
-3.690e+00 6.217e-01
-3.680e+00 4.986e-01
-3.670e+00 5.353e-01
-3.660e+00 4.324e-01
-3.650e+00 4.053e-01
-3.640e+00 3.544e-01
-3.630e+00 3.734e-01
-3.620e+00 4.775e-01
-3.610e+00 5.424e-01
-3.600e+00 7.546e-01
-3.590e+00 7.419e-01
-3.580e+00 7.829e-01
-3.570e+00 7.409e-01
-3.560e+00 7.703e-01
-3.550e+00 7.541e-01
-3.540e+00 4.737e-01
-3.530e+00 2.678e-01
-3.520e+00 2.228e-01
-3.510e+00 1.608e-01
-3.500e+00 3.122e-01
-3.490e+00 2.812e-01
-3.480e+00 3.725e-01
-3.470e+00 2.661e-01
-3.460e+00 5.220e-01
-3.450e+00 6.010e-01
-3.440e+00 7.672e-01
-3.430e+00 8.102e-01
-3.420e+00 5.973e-01
-3.410e+00 5.996e-01
-3.400e+00 6.788e-01
-3.390e+00 5.099e-01
-3.380e+00 5.681e-01
-3.370e+00 6.485e-01
-3.360e+00 3.962e-01
-3.350e+00 3.896e-01
-3.340e+00 4.582e-01
-3.330e+00 5.921e-01
-3.320e+00 3.915e-01
-3.310e+00 5.393e-01
-3.300e+00 6.173e-01
-3.290e+00 5.840e-01
-3.280e+00 4.935e-01
-3.270e+00 2.721e-01
-3.260e+00 4.898e-01
-3.250e+00 4.880e-01
-3.240e+00 5.040e-01
-3.230e+00 6.285e-01
-3.220e+00 2.563e-01
-3.210e+00 -2.147e-02
-3.200e+00 2.678e-01
-3.190e+00 3.044e-01
-3.180e+00 3.660e-01
-3.170e+00 4.388e-01
-3.160e+00 7.085e-01
-3.150e+00 4.850e-01
-3.140e+00 3.527e-01
-3.130e+00 5.159e-01
-3.120e+00 5.948e-01
-3.110e+00 3.847e-01
-3.100e+00 3.896e-01
-3.090e+00 6.611e-01
-3.080e+00 4.219e-01
-3.070e+00 4.753e-01
-3.060e+00 5.876e-01
-3.050e+00 6.379e-01
-3.040e+00 6.382e-01
-3.030e+00 7.131e-01
-3.020e+00 6.905e-01
-3.010e+00 6.999e-01
-3.000e+00 6.214e-01
-2.990e+00 7.076e-01
-2.980e+00 7.085e-01
-2.970e+00 7.435e-01
-2.960e+00 6.186e-01
-2.950e+00 5.524e-01
-2.940e+00 6.421e-01
-2.930e+00 6.984e-01
-2.920e+00 3.404e-01
-2.910e+00 6.936e-01
-2.900e+00 6.602e-01
-2.890e+00 6.755e-01
-2.880e+00 6.699e-01
-2.870e+00 6.929e-01
-2.860e+00 4.622e-01
-2.850e+00 4.316e-01
-2.840e+00 3.219e-01
-2.830e+00 2.003e-01
-2.820e+00 3.667e-01
-2.810e+00 1.550e-01
-2.800e+00 3.261e-01
-2.790e+00 3.206e-01
-2.780e+00 2.998e-01
-2.770e+00 3.154e-01
-2.760e+00 3.547e-01
-2.750e+00 1.592e-01
-2.740e+00 4.315e-01
-2.730e+00 4.614e-01
-2.720e+00 5.898e-01
-2.710e+00 6.433e-01
-2.700e+00 7.862e-01
-2.690e+00 6.223e-01
-2.680e+00 6.498e-01
-2.670e+00 4.513e-01
-2.660e+00 4.971e-01
-2.650e+00 4.596e-01
-2.640e+00 4.295e-01
-2.630e+00 5.882e-01
-2.620e+00 4.479e-01
-2.610e+00 5.681e-01
-2.600e+00 4.733e-01
-2.590e+00 3.357e-01
-2.580e+00 2.483e-01
-2.570e+00 2.723e-01
-2.560e+00 1.874e-01
-2.550e+00 4.140e-01
-2.540e+00 3.576e-01
-2.530e+00 4.083e-01
-2.520e+00 7.324e-01
-2.510e+00 5.616e-01
-2.500e+00 4.240e-01
-2.490e+00 2.327e-01
-2.480e+00 4.956e-01
-2.470e+00 4.675e-01
-2.460e+00 3.562e-01
-2.450e+00 2.246e-01
-2.440e+00 4.752e-01
-2.430e+00 3.434e-01
-2.420e+00 5.907e-01
-2.410e+00 7.401e-01
-2.400e+00 8.363e-01
-2.390e+00 6.043e-01
-2.380e+00 3.845e-01
-2.370e+00 5.639e-01
-2.360e+00 3.663e-01
-2.350e+00 4.546e-01
-2.340e+00 5.310e-01
-2.330e+00 5.233e-01
-2.320e+00 6.152e-01
-2.310e+00 8.848e-01
-2.300e+00 8.501e-01
-2.290e+00 7.607e-01
-2.280e+00 5.101e-01
-2.270e+00 7.248e-01
-2.260e+00 9.373e-01
-2.250e+00 8.134e-01
-2.240e+00 6.036e-01
-2.230e+00 4.621e-01
-2.220e+00 3.294e-01
-2.210e+00 5.624e-01
-2.200e+00 7.132e-01
-2.190e+00 7.128e-01
-2.180e+00 9.031e-01
-2.170e+00 1.059e+00
-2.160e+00 9.444e-01
-2.150e+00 5.409e-01
-2.140e+00 5.552e-01
-2.130e+00 5.856e-01
-2.120e+00 5.345e-01
-2.110e+00 4.624e-01
-2.100e+00 7.018e-01
-2.090e+00 6.158e-01
-2.080e+00 5.976e-01
-2.070e+00 4.924e-01
-2.060e+00 3.708e-01
-2.050e+00 4.185e-01
-2.040e+00 2.290e-01
-2.030e+00 3.729e-01
-2.020e+00 3.386e-01
-2.010e+00 2.615e-01
-2.000e+00 1.934e-01
-1.990e+00 6.175e-01
-1.980e+00 5.315e-01
-1.970e+00 4.929e-01
-1.960e+00 7.253e-01
-1.950e+00 7.058e-01
-1.940e+00 7.475e-01
-1.930e+00 6.827e-01
-1.920e+00 7.389e-01
-1.910e+00 8.209e-01
-1.900e+00 7.474e-01
-1.890e+00 6.019e-01
-1.880e+00 8.311e-01
-1.870e+00 8.214e-01
-1.860e+00 7.310e-01
-1.850e+00 7.561e-01
-1.840e+00 6.476e-01
-1.830e+00 5.834e-01
-1.820e+00 3.992e-01
-1.810e+00 3.861e-01
-1.800e+00 3.637e-01
-1.790e+00 2.524e-01
-1.780e+00 4.513e-01
-1.770e+00 4.641e-01
-1.760e+00 4.313e-02
-1.750e+00 3.556e-01
-1.740e+00 6.385e-01
-1.730e+00 6.599e-01
-1.720e+00 9.385e-01
-1.710e+00 6.021e-01
-1.700e+00 6.397e-01
-1.690e+00 7.379e-01
-1.680e+00 5.928e-01
-1.670e+00 6.235e-01
-1.660e+00 4.129e-01
-1.650e+00 4.532e-01
-1.640e+00 4.632e-01
-1.630e+00 6.033e-01
-1.620e+00 5.777e-01
-1.610e+00 4.096e-01
-1.600e+00 2.723e-01
-1.590e+00 4.406e-01
-1.580e+00 5.907e-01
-1.570e+00 4.597e-01
-1.560e+00 6.188e-01
-1.550e+00 4.127e-01
-1.540e+00 3.341e-01
-1.530e+00 3.297e-01
-1.520e+00 4.796e-01
-1.510e+00 4.002e-01
-1.500e+00 2.582e-01
-1.490e+00 6.078e-01
-1.480e+00 4.973e-01
-1.470e+00 5.881e-01
-1.460e+00 7.215e-01
-1.450e+00 7.677e-01
-1.440e+00 9.807e-01
-1.430e+00 3.845e-01
-1.420e+00 4.837e-01
-1.410e+00 4.945e-01
-1.400e+00 3.162e-01
-1.390e+00 3.861e-01
-1.380e+00 3.845e-01
-1.370e+00 5.767e-01
-1.360e+00 7.960e-01
-1.350e+00 3.565e-01
-1.340e+00 8.606e-01
-1.330e+00 9.989e-01
-1.320e+00 9.913e-01
-1.310e+00 1.066e+00
-1.300e+00 1.514e+00
-1.290e+00 1.017e+00
-1.280e+00 8.360e-01
-1.270e+00 9.026e-01
-1.260e+00 5.967e-01
-1.250e+00 4.856e-01
-1.240e+00 2.882e-01
-1.230e+00 -3.618e-02
-1.220e+00 3.822e-01
-1.210e+00 -4.652e-02
-1.200e+00 2.324e-01
-1.190e+00 3.552e-01
-1.180e+00 4.883e-01
-1.170e+00 6.776e-01
-1.160e+00 -5.808e-02
-1.150e+00 4.249e-01
-1.140e+00 4.415e-01
-1.130e+00 4.746e-01
-1.120e+00 8.092e-01
-1.110e+00 7.063e-01
-1.100e+00 5.009e-01
-1.090e+00 4.603e-01
-1.080e+00 5.054e-01
-1.070e+00 4.200e-01
-1.060e+00 4.353e-01
-1.050e+00 5.811e-01
-1.040e+00 4.551e-01
-1.030e+00 -2.830e-02
-1.020e+00 4.732e-01
-1.010e+00 2.153e-01
-1.000e+00 5.799e-01
-9.900e-01 4.219e-01
-9.800e-01 7.580e-01
-9.700e-01 6.311e-01
-9.600e-01 6.917e-01
-9.500e-01 7.647e-01
-9.400e-01 8.883e-01
-9.300e-01 8.921e-01
-9.200e-01 3.580e-01
-9.100e-01 5.094e-01
-9.000e-01 6.241e-01
-8.900e-01 9.792e-01
-8.800e-01 8.544e-01
-8.700e-01 1.159e+00
-8.600e-01 7.733e-01
-8.500e-01 1.122e+00
-8.400e-01 1.099e+00
-8.300e-01 6.928e-01
-8.200e-01 4.613e-01
-8.100e-01 3.831e-01
-8.000e-01 1.585e-01
-7.900e-01 8.649e-01
-7.800e-01 9.820e-01
-7.700e-01 1.191e+00
-7.600e-01 1.432e+00
-7.500e-01 1.216e+00
-7.400e-01 1.742e+00
-7.300e-01 1.544e+00
-7.200e-01 1.403e+00
-7.100e-01 1.242e+00
-7.000e-01 1.650e+00
-6.900e-01 8.312e-01
-6.800e-01 9.504e-01
-6.700e-01 8.434e-01
-6.600e-01 8.273e-01
-6.500e-01 8.214e-01
-6.400e-01 9.643e-01
-6.300e-01 6.376e-01
-6.200e-01 9.020e-01
-6.100e-01 7.802e-01
-6.000e-01 5.764e-01
-5.900e-01 9.131e-01
-5.800e-01 1.079e+00
-5.700e-01 1.238e+00
-5.600e-01 7.779e-01
-5.500e-01 4.694e-01
-5.400e-01 7.017e-01
-5.300e-01 9.446e-01
-5.200e-01 5.602e-01
-5.100e-01 6.739e-01
-5.000e-01 9.929e-01
-4.900e-01 7.636e-01
-4.800e-01 7.806e-01
-4.700e-01 6.009e-01
-4.600e-01 8.603e-01
-4.500e-01 1.235e+00
-4.400e-01 1.310e+00
-4.300e-01 7.616e-01
-4.200e-01 2.981e-01
-4.100e-01 6.791e-01
-4.000e-01 1.160e+00
-3.900e-01 9.165e-01
-3.800e-01 7.621e-01
-3.700e-01 9.483e-01
-3.600e-01 1.108e+00
-3.500e-01 1.923e+00
-3.400e-01 1.191e+00
-3.300e-01 9.092e-01
-3.200e-01 1.814e+00
-3.100e-01 1.853e+00
-3.000e-01 2.129e+00
-2.900e-01 1.298e+00
-2.800e-01 2.056e+00
-2.700e-01 1.222e+00
-2.600e-01 1.660e+00
-2.500e-01 1.073e+00
-2.400e-01 1.482e+00
-2.300e-01 2.115e+00
-2.200e-01 6.722e-01
-2.100e-01 3.157e-01
-2.000e-01 8.041e-01
-1.900e-01 5.478e-01
-1.800e-01 7.349e-01
-1.700e-01 1.201e+00
-1.600e-01 1.234e+00
-1.500e-01 9.324e-01
-1.400e-01 3.507e-01
-1.300e-01 1.796e+00
-1.200e-01 2.459e+00
-1.100e-01 2.281e+00
-1.000e-01 5.698e+00
-9.000e-02 3.726e+00
-8.000e-02 3.210e+00
-7.000e-02 5.587e+00
-6.000e-02 9.724e+00
-5.000e-02 1.032e+01
-4.000e-02 1.378e+01
-3.000e-02 1.800e+01
-2.000e-02 2.231e+01
-1.000e-02 4.539e+01
