# Frequency (1.0/ps)      real(fft(F_2))
0.000e+00 1.207e+02
1.000e-02 5.201e+01
2.000e-02 3.278e+01
3.000e-02 1.734e+01
4.000e-02 9.129e+00
5.000e-02 1.062e+01
6.000e-02 1.505e+01
7.000e-02 8.409e+00
8.000e-02 5.625e+00
9.000e-02 2.107e+00
1.000e-01 1.993e+00
1.100e-01 4.433e+00
1.200e-01 2.676e+00
1.300e-01 2.315e+00
1.400e-01 1.112e+00
1.500e-01 1.376e+00
1.600e-01 2.098e+00
1.700e-01 1.922e-01
1.800e-01 9.017e-01
1.900e-01 6.305e-01
2.000e-01 6.370e-02
2.100e-01 -4.581e-01
2.200e-01 9.480e-01
2.300e-01 2.146e+00
2.400e-01 2.105e+00
2.500e-01 2.621e+00
2.600e-01 2.353e+00
2.700e-01 1.769e+00
2.800e-01 9.628e-01
2.900e-01 9.004e-01
3.000e-01 1.752e+00
3.100e-01 7.111e-01
3.200e-01 3.169e-01
3.300e-01 2.397e-01
3.400e-01 1.087e+00
3.500e-01 1.626e+00
3.600e-01 1.524e+00
3.700e-01 3.512e-01
3.800e-01 2.652e-01
3.900e-01 -7.681e-02
4.000e-01 5.398e-01
4.100e-01 9.326e-01
4.200e-01 -2.898e-01
4.300e-01 -1.027e+00
4.400e-01 -7.216e-01
4.500e-01 7.374e-01
4.600e-01 1.056e+00
4.700e-01 1.337e+00
4.800e-01 1.410e+00
4.900e-01 1.383e+00
5.000e-01 -2.699e-01
5.100e-01 2.273e-01
5.200e-01 -1.703e-01
5.300e-01 2.789e-02
5.400e-01 1.072e+00
5.500e-01 9.607e-01
5.600e-01 2.038e-01
5.700e-01 -1.249e-01
5.800e-01 7.294e-01
5.900e-01 1.874e-01
6.000e-01 8.680e-01
6.100e-01 1.288e+00
6.200e-01 1.590e+00
6.300e-01 1.202e+00
6.400e-01 8.120e-01
6.500e-01 6.561e-01
6.600e-01 5.132e-01
6.700e-01 1.167e+00
6.800e-01 1.130e+00
6.900e-01 8.100e-01
7.000e-01 7.459e-01
7.100e-01 1.164e+00
7.200e-01 7.253e-01
7.300e-01 3.235e-01
7.400e-01 5.532e-01
7.500e-01 1.814e-01
7.600e-01 2.758e-01
7.700e-01 2.700e-01
7.800e-01 1.731e-01
7.900e-01 9.127e-01
8.000e-01 4.690e-01
8.100e-01 9.072e-01
8.200e-01 5.503e-01
8.300e-01 9.409e-01
8.400e-01 1.474e+00
8.500e-01 1.450e+00
8.600e-01 5.848e-01
8.700e-01 3.157e-01
8.800e-01 4.296e-01
8.900e-01 1.105e+00
9.000e-01 1.192e+00
9.100e-01 5.622e-01
9.200e-01 1.477e+00
9.300e-01 1.279e+00
9.400e-01 4.505e-01
9.500e-01 5.456e-01
9.600e-01 7.963e-01
9.700e-01 9.580e-01
9.800e-01 8.611e-01
9.900e-01 3.223e-01
1.000e+00 -2.191e-01
1.010e+00 2.566e-01
1.020e+00 8.882e-01
1.030e+00 1.051e+00
1.040e+00 9.385e-01
1.050e+00 1.020e+00
1.060e+00 4.997e-01
1.070e+00 5.399e-01
1.080e+00 5.363e-01
1.090e+00 1.200e+00
1.100e+00 1.654e+00
1.110e+00 1.564e+00
1.120e+00 1.490e+00
1.130e+00 4.304e-01
1.140e+00 5.358e-01
1.150e+00 5.831e-01
1.160e+00 5.972e-01
1.170e+00 9.228e-01
1.180e+00 7.780e-01
1.190e+00 8.968e-01
1.200e+00 5.488e-01
1.210e+00 1.217e-01
1.220e+00 7.842e-01
1.230e+00 3.494e-01
1.240e+00 1.433e-01
1.250e+00 7.306e-01
1.260e+00 3.908e-01
1.270e+00 7.008e-01
1.280e+00 1.983e-01
1.290e+00 6.963e-01
1.300e+00 5.500e-01
1.310e+00 6.390e-01
1.320e+00 6.185e-01
1.330e+00 9.937e-01
1.340e+00 5.459e-01
1.350e+00 5.413e-01
1.360e+00 1.128e+00
1.370e+00 1.143e+00
1.380e+00 1.236e+00
1.390e+00 1.435e+00
1.400e+00 8.907e-01
1.410e+00 9.962e-01
1.420e+00 1.426e+00
1.430e+00 1.523e+00
1.440e+00 1.201e+00
1.450e+00 8.329e-01
1.460e+00 8.775e-01
1.470e+00 1.241e+00
1.480e+00 1.180e+00
1.490e+00 1.133e+00
1.500e+00 1.293e+00
1.510e+00 1.590e+00
1.520e+00 1.260e+00
1.530e+00 5.354e-01
1.540e+00 4.496e-01
1.550e+00 7.877e-01
1.560e+00 8.390e-02
1.570e+00 3.002e-01
1.580e+00 7.818e-01
1.590e+00 6.077e-01
1.600e+00 1.646e-01
1.610e+00 3.981e-01
1.620e+00 -9.759e-02
1.630e+00 2.508e-01
1.640e+00 4.853e-01
1.650e+00 9.496e-01
1.660e+00 4.550e-01
1.670e+00 3.880e-01
1.680e+00 8.197e-01
1.690e+00 8.489e-01
1.700e+00 1.329e+00
1.710e+00 1.113e+00
1.720e+00 7.398e-01
1.730e+00 4.961e-01
1.740e+00 6.792e-01
1.750e+00 1.013e+00
1.760e+00 6.038e-01
1.770e+00 7.105e-01
1.780e+00 4.774e-01
1.790e+00 7.864e-01
1.800e+00 8.154e-01
1.810e+00 7.020e-01
1.820e+00 9.005e-01
1.830e+00 7.467e-01
1.840e+00 7.278e-01
1.850e+00 6.069e-01
1.860e+00 1.378e-01
1.870e+00 2.227e-01
1.880e+00 7.162e-01
1.890e+00 3.717e-01
1.900e+00 5.012e-01
1.910e+00 9.204e-01
1.920e+00 1.085e+00
1.930e+00 1.037e+00
1.940e+00 9.695e-01
1.950e+00 9.510e-01
1.960e+00 9.149e-01
1.970e+00 6.547e-01
1.980e+00 4.927e-01
1.990e+00 5.995e-01
2.000e+00 2.812e-01
2.010e+00 3.541e-01
2.020e+00 4.561e-01
2.030e+00 4.660e-01
2.040e+00 1.898e-01
2.050e+00 3.814e-01
2.060e+00 -8.326e-02
2.070e+00 2.128e-01
2.080e+00 2.506e-01
2.090e+00 2.632e-01
2.100e+00 2.743e-01
2.110e+00 5.876e-01
2.120e+00 1.047e-01
2.130e+00 3.940e-01
2.140e+00 3.321e-01
2.150e+00 5.695e-01
2.160e+00 8.250e-01
2.170e+00 7.564e-01
2.180e+00 8.807e-01
2.190e+00 8.626e-01
2.200e+00 1.005e+00
2.210e+00 7.009e-01
2.220e+00 6.372e-01
2.230e+00 1.187e+00
2.240e+00 9.524e-01
2.250e+00 7.459e-01
2.260e+00 6.972e-01
2.270e+00 8.581e-01
2.280e+00 6.196e-01
2.290e+00 5.462e-01
2.300e+00 6.603e-01
2.310e+00 7.566e-01
2.320e+00 6.289e-01
2.330e+00 6.346e-01
2.340e+00 5.247e-01
2.350e+00 5.561e-01
2.360e+00 7.053e-01
2.370e+00 4.883e-01
2.380e+00 2.725e-01
2.390e+00 6.877e-01
2.400e+00 3.005e-01
2.410e+00 4.956e-01
2.420e+00 4.366e-01
2.430e+00 4.390e-01
2.440e+00 3.950e-01
2.450e+00 1.362e-01
2.460e+00 4.727e-01
2.470e+00 3.687e-01
2.480e+00 7.207e-01
2.490e+00 4.928e-01
2.500e+00 1.147e-01
2.510e+00 1.764e-01
2.520e+00 5.311e-01
2.530e+00 3.304e-01
2.540e+00 4.514e-01
2.550e+00 3.337e-01
2.560e+00 4.115e-01
2.570e+00 2.548e-01
2.580e+00 2.783e-01
2.590e+00 3.673e-01
2.600e+00 6.056e-01
2.610e+00 6.264e-01
2.620e+00 3.717e-01
2.630e+00 2.259e-01
2.640e+00 5.082e-01
2.650e+00 2.076e-01
2.660e+00 3.729e-01
2.670e+00 5.151e-01
2.680e+00 6.676e-01
2.690e+00 5.641e-01
2.700e+00 7.314e-01
2.710e+00 8.791e-01
2.720e+00 8.481e-01
2.730e+00 4.469e-01
2.740e+00 7.090e-01
2.750e+00 7.554e-01
2.760e+00 5.797e-01
2.770e+00 3.399e-01
2.780e+00 4.390e-01
2.790e+00 8.540e-01
2.800e+00 1.005e+00
2.810e+00 3.381e-01
2.820e+00 3.747e-01
2.830e+00 4.270e-01
2.840e+00 5.196e-01
2.850e+00 7.206e-01
2.860e+00 7.565e-01
2.870e+00 3.216e-01
2.880e+00 3.318e-01
2.890e+00 1.829e-01
2.900e+00 5.088e-01
2.910e+00 6.656e-01
2.920e+00 7.248e-01
2.930e+00 7.437e-01
2.940e+00 9.894e-01
2.950e+00 8.350e-01
2.960e+00 7.412e-01
2.970e+00 8.887e-01
2.980e+00 9.603e-01
2.990e+00 7.129e-01
3.000e+00 5.789e-01
3.010e+00 7.353e-01
3.020e+00 8.579e-01
3.030e+00 5.225e-01
3.040e+00 5.514e-01
3.050e+00 4.682e-01
3.060e+00 6.039e-01
3.070e+00 6.282e-01
3.080e+00 6.436e-01
3.090e+00 6.761e-01
3.100e+00 7.927e-01
3.110e+00 7.143e-01
3.120e+00 5.675e-01
3.130e+00 6.172e-01
3.140e+00 4.448e-01
3.150e+00 7.928e-01
3.160e+00 6.632e-01
3.170e+00 5.139e-01
3.180e+00 6.029e-01
3.190e+00 3.869e-01
3.200e+00 6.010e-01
3.210e+00 5.215e-01
3.220e+00 7.121e-01
3.230e+00 7.557e-01
3.240e+00 5.773e-01
3.250e+00 5.269e-01
3.260e+00 2.598e-01
3.270e+00 5.959e-02
3.280e+00 4.266e-01
3.290e+00 5.053e-01
3.300e+00 6.510e-01
3.310e+00 6.671e-01
3.320e+00 4.249e-01
3.330e+00 6.705e-01
3.340e+00 8.723e-01
3.350e+00 5.889e-01
3.360e+00 4.916e-01
3.370e+00 4.728e-01
3.380e+00 5.586e-01
3.390e+00 3.513e-01
3.400e+00 5.576e-01
3.410e+00 3.066e-01
3.420e+00 5.352e-01
3.430e+00 5.878e-01
3.440e+00 4.148e-01
3.450e+00 4.242e-01
3.460e+00 3.207e-01
3.470e+00 2.470e-01
3.480e+00 5.775e-01
3.490e+00 4.472e-01
3.500e+00 5.217e-01
3.510e+00 7.193e-01
3.520e+00 6.020e-01
3.530e+00 5.828e-01
3.540e+00 5.900e-01
3.550e+00 6.898e-01
3.560e+00 9.482e-01
3.570e+00 7.967e-01
3.580e+00 4.565e-01
3.590e+00 5.096e-01
3.600e+00 5.350e-01
3.610e+00 7.829e-01
3.620e+00 3.492e-01
3.630e+00 2.938e-01
3.640e+00 4.516e-01
3.650e+00 3.987e-01
3.660e+00 5.554e-01
3.670e+00 6.628e-01
3.680e+00 5.770e-01
3.690e+00 5.181e-01
3.700e+00 3.722e-01
3.710e+00 3.383e-01
3.720e+00 4.429e-01
3.730e+00 6.136e-01
3.740e+00 3.304e-01
3.750e+00 3.449e-01
3.760e+00 2.949e-01
3.770e+00 6.612e-01
3.780e+00 6.141e-01
3.790e+00 4.680e-01
3.800e+00 1.523e-01
3.810e+00 1.731e-01
3.820e+00 1.178e-01
3.830e+00 5.312e-01
3.840e+00 5.842e-01
3.850e+00 5.472e-01
3.860e+00 3.759e-01
3.870e+00 4.244e-01
3.880e+00 4.759e-01
3.890e+00 8.501e-01
3.900e+00 5.988e-01
3.910e+00 6.898e-01
3.920e+00 4.465e-01
3.930e+00 7.847e-01
3.940e+00 5.135e-01
3.950e+00 3.673e-01
3.960e+00 5.131e-01
3.970e+00 2.892e-01
3.980e+00 -1.058e-01
3.990e+00 1.526e-01
4.000e+00 1.889e-01
4.010e+00 5.472e-01
4.020e+00 6.167e-01
4.030e+00 6.849e-01
4.040e+00 5.598e-01
4.050e+00 5.721e-01
4.060e+00 4.214e-01
4.070e+00 6.513e-01
4.080e+00 6.146e-01
4.090e+00 6.640e-01
4.100e+00 7.301e-01
4.110e+00 5.372e-01
4.120e+00 6.535e-01
4.130e+00 6.245e-01
4.140e+00 6.046e-01
4.150e+00 6.313e-01
4.160e+00 8.382e-01
4.170e+00 5.429e-01
4.180e+00 6.206e-01
4.190e+00 7.089e-01
4.200e+00 3.204e-01
4.210e+00 4.638e-01
4.220e+00 3.846e-01
4.230e+00 3.218e-01
4.240e+00 5.258e-01
4.250e+00 8.649e-01
4.260e+00 8.631e-01
4.270e+00 2.126e-01
4.280e+00 4.189e-01
4.290e+00 4.517e-01
4.300e+00 3.147e-01
4.310e+00 2.458e-01
4.320e+00 5.375e-01
4.330e+00 3.574e-01
4.340e+00 6.415e-01
4.350e+00 7.533e-01
4.360e+00 8.179e-01
4.370e+00 6.152e-01
4.380e+00 6.867e-01
4.390e+00 6.666e-01
4.400e+00 9.773e-01
4.410e+00 8.430e-01
4.420e+00 9.087e-01
4.430e+00 7.082e-01
4.440e+00 4.770e-01
4.450e+00 4.130e-01
4.460e+00 7.281e-01
4.470e+00 6.635e-01
4.480e+00 7.415e-01
4.490e+00 7.520e-01
4.500e+00 5.401e-01
4.510e+00 5.253e-01
4.520e+00 3.598e-01
4.530e+00 5.360e-01
4.540e+00 2.987e-01
4.550e+00 3.277e-01
4.560e+00 4.083e-01
4.570e+00 6.822e-01
4.580e+00 5.058e-01
4.590e+00 4.497e-01
4.600e+00 6.225e-01
4.610e+00 8.063e-01
4.620e+00 7.817e-01
4.630e+00 6.122e-01
4.640e+00 6.381e-01
4.650e+00 5.697e-01
4.660e+00 3.702e-01
4.670e+00 6.022e-01
4.680e+00 5.824e-01
4.690e+00 4.971e-01
4.700e+00 6.021e-01
4.710e+00 7.306e-01
4.720e+00 9.325e-01
4.730e+00 1.038e+00
4.740e+00 6.832e-01
4.750e+00 3.489e-01
4.760e+00 1.470e-01
4.770e+00 4.455e-02
4.780e+00 3.361e-01
4.790e+00 4.271e-01
4.800e+00 4.316e-01
4.810e+00 4.740e-01
4.820e+00 3.516e-01
4.830e+00 3.434e-01
4.840e+00 4.201e-01
4.850e+00 5.449e-02
4.860e+00 1.276e-01
4.870e+00 3.936e-01
4.880e+00 4.764e-01
4.890e+00 4.618e-01
4.900e+00 5.259e-01
4.910e+00 4.498e-01
4.920e+00 4.172e-01
4.930e+00 6.560e-01
4.940e+00 5.567e-01
4.950e+00 4.797e-01
4.960e+00 3.392e-01
4.970e+00 5.219e-01
4.980e+00 5.511e-01
4.990e+00 2.809e-01
-5.000e+00 6.027e-01
-4.990e+00 4.475e-01
-4.980e+00 4.965e-01
-4.970e+00 4.081e-01
-4.960e+00 3.468e-01
-4.950e+00 4.993e-01
-4.940e+00 5.606e-01
-4.930e+00 6.195e-01
-4.920e+00 8.552e-01
-4.910e+00 9.609e-01
-4.900e+00 8.895e-01
-4.890e+00 8.275e-01
-4.880e+00 6.490e-01
-4.870e+00 3.331e-01
-4.860e+00 2.292e-01
-4.850e+00 2.475e-01
-4.840e+00 3.388e-01
-4.830e+00 3.608e-01
-4.820e+00 5.147e-01
-4.810e+00 5.616e-01
-4.800e+00 5.072e-01
-4.790e+00 4.971e-01
-4.780e+00 3.275e-01
-4.770e+00 1.986e-01
-4.760e+00 2.813e-01
-4.750e+00 5.578e-01
-4.740e+00 4.806e-01
-4.730e+00 1.431e-01
-4.720e+00 -5.695e-02
-4.710e+00 -9.419e-02
-4.700e+00 3.301e-01
-4.690e+00 4.689e-01
-4.680e+00 6.338e-01
-4.670e+00 6.612e-01
-4.660e+00 4.789e-01
-4.650e+00 3.264e-01
-4.640e+00 5.168e-01
-4.630e+00 5.994e-01
-4.620e+00 1.047e+00
-4.610e+00 6.372e-01
-4.600e+00 4.644e-01
-4.590e+00 4.442e-01
-4.580e+00 4.588e-01
-4.570e+00 4.934e-01
-4.560e+00 4.570e-01
-4.550e+00 4.848e-01
-4.540e+00 5.876e-01
-4.530e+00 5.147e-01
-4.520e+00 4.810e-01
-4.510e+00 1.987e-01
-4.500e+00 2.575e-01
-4.490e+00 3.005e-01
-4.480e+00 2.679e-01
-4.470e+00 2.511e-01
-4.460e+00 4.373e-01
-4.450e+00 3.186e-01
-4.440e+00 4.478e-01
-4.430e+00 4.956e-01
-4.420e+00 4.206e-01
-4.410e+00 3.735e-01
-4.400e+00 3.236e-01
-4.390e+00 2.437e-01
-4.380e+00 2.721e-01
-4.370e+00 5.500e-01
-4.360e+00 4.649e-01
-4.350e+00 2.521e-01
-4.340e+00 2.468e-01
-4.330e+00 3.024e-01
-4.320e+00 3.150e-01
-4.310e+00 2.797e-01
-4.300e+00 5.432e-01
-4.290e+00 4.103e-01
-4.280e+00 2.192e-01
-4.270e+00 2.451e-01
-4.260e+00 5.941e-01
-4.250e+00 7.211e-01
-4.240e+00 6.176e-01
-4.230e+00 5.255e-01
-4.220e+00 5.999e-01
-4.210e+00 4.498e-01
-4.200e+00 3.562e-01
-4.190e+00 4.234e-01
-4.180e+00 3.335e-01
-4.170e+00 2.971e-01
-4.160e+00 3.680e-01
-4.150e+00 5.290e-01
-4.140e+00 7.332e-01
-4.130e+00 7.442e-01
-4.120e+00 3.374e-01
-4.110e+00 3.689e-01
-4.100e+00 5.129e-01
-4.090e+00 5.566e-01
-4.080e+00 5.411e-01
-4.070e+00 4.805e-01
-4.060e+00 5.042e-01
-4.050e+00 5.239e-01
-4.040e+00 1.028e-01
-4.030e+00 8.590e-02
-4.020e+00 2.318e-01
-4.010e+00 5.346e-01
-4.000e+00 6.019e-01
-3.990e+00 5.270e-01
-3.980e+00 5.721e-01
-3.970e+00 5.117e-01
-3.960e+00 5.503e-01
-3.950e+00 4.493e-01
-3.940e+00 5.135e-01
-3.930e+00 3.710e-01
-3.920e+00 2.692e-01
-3.910e+00 5.013e-01
-3.900e+00 4.549e-01
-3.890e+00 4.719e-01
-3.880e+00 6.522e-01
-3.870e+00 5.721e-01
-3.860e+00 5.591e-01
-3.850e+00 4.120e-01
-3.840e+00 2.391e-01
-3.830e+00 3.178e-01
-3.820e+00 4.722e-01
-3.810e+00 4.731e-01
-3.800e+00 7.278e-01
-3.790e+00 4.871e-01
-3.780e+00 6.336e-01
-3.770e+00 8.575e-01
-3.760e+00 7.719e-01
-3.750e+00 5.646e-01
-3.740e+00 6.245e-01
-3.730e+00 9.057e-01
-3.720e+00 7.033e-01
-3.710e+00 4.161e-01
-3.700e+00 4.786e-01
-3.690e+00 5.746e-01
-3.680e+00 8.223e-01
-3.670e+00 7.328e-01
-3.660e+00 5.874e-01
-3.650e+00 6.443e-01
-3.640e+00 7.015e-01
-3.630e+00 5.825e-01
-3.620e+00 6.323e-01
-3.610e+00 1.128e+00
-3.600e+00 1.029e+00
-3.590e+00 7.518e-01
-3.580e+00 8.003e-01
-3.570e+00 7.005e-01
-3.560e+00 4.701e-01
-3.550e+00 5.699e-01
-3.540e+00 7.174e-01
-3.530e+00 4.898e-01
-3.520e+00 5.115e-01
-3.510e+00 5.012e-01
-3.500e+00 8.521e-01
-3.490e+00 7.067e-01
-3.480e+00 6.482e-01
-3.470e+00 4.958e-01
-3.460e+00 2.084e-01
-3.450e+00 2.872e-01
-3.440e+00 2.752e-01
-3.430e+00 4.203e-01
-3.420e+00 5.260e-01
-3.410e+00 4.797e-01
-3.400e+00 7.546e-01
-3.390e+00 2.215e-01
-3.380e+00 5.209e-01
-3.370e+00 4.861e-01
-3.360e+00 5.863e-01
-3.350e+00 3.829e-01
-3.340e+00 4.710e-01
-3.330e+00 4.019e-01
-3.320e+00 5.508e-01
-3.310e+00 5.355e-01
-3.300e+00 6.269e-01
-3.290e+00 3.741e-01
-3.280e+00 4.151e-01
-3.270e+00 2.626e-01
-3.260e+00 1.988e-01
-3.250e+00 4.881e-01
-3.240e+00 5.985e-01
-3.230e+00 5.692e-01
-3.220e+00 6.060e-01
-3.210e+00 4.711e-01
-3.200e+00 6.243e-01
-3.190e+00 7.331e-01
-3.180e+00 1.010e+00
-3.170e+00 7.416e-01
-3.160e+00 9.756e-01
-3.150e+00 5.279e-01
-3.140e+00 6.628e-01
-3.130e+00 6.864e-01
-3.120e+00 6.633e-01
-3.110e+00 5.320e-01
-3.100e+00 5.443e-01
-3.090e+00 5.070e-01
-3.080e+00 3.428e-01
-3.070e+00 5.383e-01
-3.060e+00 5.805e-01
-3.050e+00 5.436e-03
-3.040e+00 1.930e-01
-3.030e+00 1.854e-01
-3.020e+00 4.279e-01
-3.010e+00 9.473e-01
-3.000e+00 1.092e+00
-2.990e+00 8.514e-01
-2.980e+00 9.245e-01
-2.970e+00 9.321e-01
-2.960e+00 5.982e-01
-2.950e+00 6.752e-01
-2.940e+00 1.086e+00
-2.930e+00 6.841e-01
-2.920e+00 7.914e-01
-2.910e+00 9.561e-01
-2.900e+00 6.614e-01
-2.890e+00 7.322e-01
-2.880e+00 8.718e-01
-2.870e+00 4.518e-01
-2.860e+00 5.111e-01
-2.850e+00 2.681e-01
-2.840e+00 5.213e-01
-2.830e+00 6.211e-01
-2.820e+00 6.536e-01
-2.810e+00 3.812e-01
-2.800e+00 5.594e-01
-2.790e+00 5.371e-01
-2.780e+00 4.092e-01
-2.770e+00 4.326e-01
-2.760e+00 3.709e-01
-2.750e+00 3.223e-01
-2.740e+00 6.462e-01
-2.730e+00 6.123e-01
-2.720e+00 7.725e-01
-2.710e+00 9.221e-01
-2.700e+00 7.027e-01
-2.690e+00 3.870e-01
-2.680e+00 5.401e-01
-2.670e+00 3.075e-01
-2.660e+00 3.217e-01
-2.650e+00 3.919e-01
-2.640e+00 6.077e-01
-2.630e+00 3.391e-01
-2.620e+00 5.192e-01
-2.610e+00 4.376e-01
-2.600e+00 5.884e-01
-2.590e+00 1.015e+00
-2.580e+00 5.693e-01
-2.570e+00 1.170e-01
-2.560e+00 7.624e-01
-2.550e+00 8.766e-01
-2.540e+00 6.359e-01
-2.530e+00 -1.946e-02
-2.520e+00 1.717e-01
-2.510e+00 6.210e-03
-2.500e+00 3.141e-01
-2.490e+00 2.107e-01
-2.480e+00 3.556e-01
-2.470e+00 4.437e-01
-2.460e+00 4.121e-01
-2.450e+00 4.681e-01
-2.440e+00 2.994e-01
-2.430e+00 2.080e-01
-2.420e+00 4.884e-01
-2.410e+00 6.718e-01
-2.400e+00 6.810e-01
-2.390e+00 4.347e-01
-2.380e+00 7.673e-01
-2.370e+00 5.142e-01
-2.360e+00 5.378e-01
-2.350e+00 6.766e-01
-2.340e+00 6.611e-01
-2.330e+00 3.029e-01
-2.320e+00 3.372e-01
-2.310e+00 4.230e-01
-2.300e+00 2.674e-01
-2.290e+00 2.368e-01
-2.280e+00 2.416e-01
-2.270e+00 4.542e-01
-2.260e+00 4.431e-01
-2.250e+00 7.520e-01
-2.240e+00 5.521e-01
-2.230e+00 4.935e-01
-2.220e+00 3.983e-01
-2.210e+00 4.540e-01
-2.200e+00 7.827e-01
-2.190e+00 4.607e-01
-2.180e+00 7.032e-01
-2.170e+00 8.842e-01
-2.160e+00 7.793e-01
-2.150e+00 7.076e-01
-2.140e+00 8.713e-01
-2.130e+00 6.991e-01
-2.120e+00 2.800e-01
-2.110e+00 1.604e-01
-2.100e+00 1.249e-01
-2.090e+00 4.580e-01
-2.080e+00 2.069e-01
-2.070e+00 2.616e-01
-2.060e+00 5.049e-01
-2.050e+00 3.229e-01
-2.040e+00 1.921e-01
-2.030e+00 6.969e-01
-2.020e+00 5.664e-01
-2.010e+00 2.622e-01
-2.000e+00 -5.537e-02
-1.990e+00 1.805e-01
-1.980e+00 2.498e-01
-1.970e+00 3.556e-01
-1.960e+00 5.344e-01
-1.950e+00 5.230e-01
-1.940e+00 6.335e-01
-1.930e+00 3.243e-01
-1.920e+00 1.015e+00
-1.910e+00 1.272e+00
-1.900e+00 1.200e+00
-1.890e+00 8.585e-01
-1.880e+00 9.506e-01
-1.870e+00 1.233e+00
-1.860e+00 8.850e-01
-1.850e+00 6.406e-01
-1.840e+00 1.137e+00
-1.830e+00 1.141e+00
-1.820e+00 8.753e-01
-1.810e+00 7.753e-01
-1.800e+00 7.842e-01
-1.790e+00 1.363e-01
-1.780e+00 4.697e-01
-1.770e+00 3.887e-01
-1.760e+00 6.023e-01
-1.750e+00 1.034e+00
-1.740e+00 1.400e+00
-1.730e+00 1.413e+00
-1.720e+00 9.325e-01
-1.710e+00 5.755e-01
-1.700e+00 7.500e-01
-1.690e+00 1.025e+00
-1.680e+00 8.571e-01
-1.670e+00 6.468e-01
-1.660e+00 7.686e-01
-1.650e+00 4.226e-01
-1.640e+00 1.201e+00
-1.630e+00 1.220e+00
-1.620e+00 8.580e-01
-1.610e+00 4.838e-01
-1.600e+00 7.333e-01
-1.590e+00 4.643e-01
-1.580e+00 6.490e-01
-1.570e+00 3.969e-01
-1.560e+00 1.479e-01
-1.550e+00 5.856e-01
-1.540e+00 2.050e-01
-1.530e+00 5.050e-02
-1.520e+00 1.032e-01
-1.510e+00 4.715e-02
-1.500e+00 4.795e-01
-1.490e+00 3.817e-01
-1.480e+00 5.915e-01
-1.470e+00 3.043e-01
-1.460e+00 3.167e-01
-1.450e+00 4.486e-01
-1.440e+00 7.668e-01
-1.430e+00 -9.932e-02
-1.420e+00 3.982e-01
-1.410e+00 -2.216e-01
-1.400e+00 3.764e-01
-1.390e+00 7.697e-01
-1.380e+00 6.518e-01
-1.370e+00 -2.142e-01
-1.360e+00 7.086e-01
-1.350e+00 4.063e-01
-1.340e+00 4.257e-01
-1.330e+00 7.528e-01
-1.320e+00 9.457e-01
-1.310e+00 3.165e-01
-1.300e+00 4.284e-01
-1.290e+00 5.529e-01
-1.280e+00 7.852e-01
-1.270e+00 5.445e-01
-1.260e+00 5.824e-01
-1.250e+00 8.734e-01
-1.240e+00 7.404e-01
-1.230e+00 2.897e-01
-1.220e+00 4.626e-03
-1.210e+00 -2.025e-01
-1.200e+00 -2.711e-01
-1.190e+00 2.951e-01
-1.180e+00 4.094e-01
-1.170e+00 2.897e-01
-1.160e+00 1.194e-01
-1.150e+00 -2.723e-01
-1.140e+00 -3.753e-01
-1.130e+00 2.373e-01
-1.120e+00 5.139e-01
-1.110e+00 3.896e-01
-1.100e+00 1.551e-01
-1.090e+00 9.314e-02
-1.080e+00 2.843e-01
-1.070e+00 8.861e-01
-1.060e+00 6.661e-01
-1.050e+00 5.364e-01
-1.040e+00 7.766e-01
-1.030e+00 -1.196e-01
-1.020e+00 3.568e-01
-1.010e+00 2.275e-01
-1.000e+00 1.613e-01
-9.900e-01 3.080e-01
-9.800e-01 4.921e-01
-9.700e-01 5.085e-02
-9.600e-01 -1.203e-01
-9.500e-01 -9.110e-02
-9.400e-01 2.523e-01
-9.300e-01 4.985e-01
-9.200e-01 1.926e-01
-9.100e-01 4.750e-01
-9.000e-01 2.782e-01
-8.900e-01 6.938e-01
-8.800e-01 2.819e-01
-8.700e-01 4.526e-01
-8.600e-01 7.281e-01
-8.500e-01 6.111e-01
-8.400e-01 8.602e-01
-8.300e-01 3.454e-01
-8.200e-01 1.241e+00
-8.100e-01 7.146e-01
-8.000e-01 3.033e-02
-7.900e-01 6.136e-01
-7.800e-01 9.550e-01
-7.700e-01 1.225e+00
-7.600e-01 1.215e+00
-7.500e-01 6.514e-01
-7.400e-01 7.950e-01
-7.300e-01 6.734e-01
-7.200e-01 1.167e+00
-7.100e-01 6.004e-01
-7.000e-01 9.345e-01
-6.900e-01 1.186e+00
-6.800e-01 8.505e-01
-6.700e-01 9.761e-01
-6.600e-01 1.286e+00
-6.500e-01 9.634e-01
-6.400e-01 1.375e+00
-6.300e-01 1.757e+00
-6.200e-01 1.140e+00
-6.100e-01 1.749e+00
-6.000e-01 1.370e+00
-5.900e-01 7.359e-01
-5.800e-01 1.288e+00
-5.700e-01 1.468e+00
-5.600e-01 3.030e-02
-5.500e-01 6.212e-01
-5.400e-01 1.425e+00
-5.300e-01 1.418e+00
-5.200e-01 7.182e-01
-5.100e-01 1.508e-01
-5.000e-01 -7.452e-01
-4.900e-01 8.803e-02
-4.800e-01 1.565e+00
-4.700e-01 6.746e-01
-4.600e-01 1.188e+00
-4.500e-01 1.618e+00
-4.400e-01 1.319e+00
-4.300e-01 1.011e+00
-4.200e-01 2.942e-01
-4.100e-01 2.165e-01
-4.000e-01 6.428e-01
-3.900e-01 1.262e+00
-3.800e-01 9.886e-01
-3.700e-01 2.725e+00
-3.600e-01 2.183e+00
-3.500e-01 1.285e+00
-3.400e-01 3.600e-01
-3.300e-01 1.719e-01
-3.200e-01 1.571e+00
-3.100e-01 1.199e+00
-3.000e-01 7.813e-01
-2.900e-01 1.038e+00
-2.800e-01 1.853e+00
-2.700e-01 1.115e+00
-2.600e-01 1.657e+00
-2.500e-01 1.579e+00
-2.400e-01 -2.057e-01
-2.300e-01 1.226e+00
-2.200e-01 1.403e+00
-2.100e-01 6.961e-01
-2.000e-01 1.910e+00
-1.900e-01 1.878e+00
-1.800e-01 2.507e+00
-1.700e-01 -1.638e-02
-1.600e-01 -9.767e-01
-1.500e-01 -2.772e-01
-1.400e-01 1.268e+00
-1.300e-01 6.031e-01
-1.200e-01 1.777e+00
-1.100e-01 2.422e-01
-1.000e-01 1.446e+00
-9.000e-02 6.278e+00
-8.000e-02 7.190e+00
-7.000e-02 9.768e+00
-6.000e-02 7.018e+00
-5.000e-02 6.720e+00
-4.000e-02 8.761e+00
-3.000e-02 9.620e+00
-2.000e-02 2.237e+01
-1.000e-02 5.078e+01
