# Frequency (1.0/ps)      real(fft(F_0))
0.000e+00 1.550e+02
1.000e-02 5.494e+01
2.000e-02 3.334e+01
3.000e-02 1.125e+01
4.000e-02 9.095e+00
5.000e-02 6.379e+00
6.000e-02 7.039e-01
7.000e-02 2.502e+00
8.000e-02 1.157e+00
9.000e-02 5.914e-01
1.000e-01 2.781e+00
1.100e-01 3.682e+00
1.200e-01 1.763e+00
1.300e-01 4.473e+00
1.400e-01 4.112e+00
1.500e-01 2.373e+00
1.600e-01 7.094e-01
1.700e-01 2.748e+00
1.800e-01 2.858e+00
1.900e-01 3.698e+00
2.000e-01 4.521e+00
2.100e-01 3.077e+00
2.200e-01 1.999e+00
2.300e-01 -8.126e-01
2.400e-01 -3.780e-01
2.500e-01 1.933e-01
2.600e-01 1.197e+00
2.700e-01 2.436e+00
2.800e-01 1.195e-01
2.900e-01 -1.057e+00
3.000e-01 2.608e-01
3.100e-01 1.566e+00
3.200e-01 -5.658e-02
3.300e-01 -6.580e-01
3.400e-01 7.631e-01
3.500e-01 8.254e-01
3.600e-01 1.206e+00
3.700e-01 3.401e-01
3.800e-01 4.998e-01
3.900e-01 1.385e+00
4.000e-01 2.161e+00
4.100e-01 2.413e+00
4.200e-01 2.327e+00
4.300e-01 8.667e-01
4.400e-01 8.825e-01
4.500e-01 2.135e+00
4.600e-01 1.686e+00
4.700e-01 2.477e+00
4.800e-01 1.878e+00
4.900e-01 1.226e+00
5.000e-01 1.123e-02
5.100e-01 3.595e-02
5.200e-01 1.738e+00
5.300e-01 9.552e-01
5.400e-01 -4.224e-01
5.500e-01 -1.439e+00
5.600e-01 -1.045e+00
5.700e-01 4.103e-02
5.800e-01 -1.917e-01
5.900e-01 -1.608e-01
6.000e-01 4.321e-01
6.100e-01 1.005e+00
6.200e-01 -7.285e-02
6.300e-01 6.706e-01
6.400e-01 8.945e-01
6.500e-01 1.279e+00
6.600e-01 1.634e+00
6.700e-01 1.161e+00
6.800e-01 5.312e-01
6.900e-01 6.134e-01
7.000e-01 1.286e+00
7.100e-01 5.175e-01
7.200e-01 8.091e-01
7.300e-01 8.976e-01
7.400e-01 9.437e-01
7.500e-01 3.194e-01
7.600e-01 8.072e-02
7.700e-01 -6.886e-01
7.800e-01 5.407e-01
7.900e-01 3.972e-01
8.000e-01 3.100e-01
8.100e-01 -3.234e-01
8.200e-01 -6.425e-01
8.300e-01 -9.817e-02
8.400e-01 5.815e-01
8.500e-01 4.465e-01
8.600e-01 5.419e-01
8.700e-01 -9.484e-02
8.800e-01 9.193e-01
8.900e-01 9.207e-01
9.000e-01 1.059e+00
9.100e-01 8.933e-01
9.200e-01 7.720e-01
9.300e-01 8.633e-01
9.400e-01 2.201e-01
9.500e-01 8.945e-01
9.600e-01 7.353e-01
9.700e-01 9.217e-01
9.800e-01 1.507e+00
9.900e-01 1.410e+00
1.000e+00 1.198e+00
1.010e+00 9.048e-01
1.020e+00 6.745e-01
1.030e+00 5.067e-02
1.040e+00 6.986e-01
1.050e+00 7.307e-01
1.060e+00 1.189e+00
1.070e+00 1.039e+00
1.080e+00 6.965e-01
1.090e+00 5.115e-01
1.100e+00 4.197e-02
1.110e+00 7.452e-02
1.120e+00 2.134e-01
1.130e+00 8.877e-02
1.140e+00 8.615e-01
1.150e+00 5.261e-01
1.160e+00 3.094e-01
1.170e+00 5.069e-01
1.180e+00 9.067e-01
1.190e+00 1.176e+00
1.200e+00 6.545e-01
1.210e+00 5.568e-01
1.220e+00 9.125e-01
1.230e+00 -2.810e-01
1.240e+00 -4.583e-01
1.250e+00 -2.299e-01
1.260e+00 6.391e-01
1.270e+00 2.396e-01
1.280e+00 4.478e-01
1.290e+00 8.120e-01
1.300e+00 5.630e-01
1.310e+00 8.244e-01
1.320e+00 1.087e+00
1.330e+00 2.535e-01
1.340e+00 6.701e-01
1.350e+00 4.449e-01
1.360e+00 3.350e-01
1.370e+00 1.041e-01
1.380e+00 1.174e-01
1.390e+00 1.641e-01
1.400e+00 5.504e-01
1.410e+00 6.643e-01
1.420e+00 3.647e-01
1.430e+00 2.400e-01
1.440e+00 9.492e-02
1.450e+00 -9.303e-02
1.460e+00 3.244e-01
1.470e+00 3.917e-01
1.480e+00 9.854e-01
1.490e+00 8.927e-01
1.500e+00 7.850e-01
1.510e+00 1.243e+00
1.520e+00 9.849e-01
1.530e+00 2.927e-01
1.540e+00 6.256e-01
1.550e+00 6.727e-01
1.560e+00 2.109e-01
1.570e+00 1.315e-01
1.580e+00 4.926e-01
1.590e+00 1.250e-01
1.600e+00 -2.651e-01
1.610e+00 1.890e-01
1.620e+00 2.836e-01
1.630e+00 2.005e-01
1.640e+00 7.702e-01
1.650e+00 5.328e-01
1.660e+00 1.051e+00
1.670e+00 9.893e-01
1.680e+00 7.475e-01
1.690e+00 3.686e-01
1.700e+00 7.564e-01
1.710e+00 9.698e-01
1.720e+00 5.123e-01
1.730e+00 4.810e-01
1.740e+00 5.647e-01
1.750e+00 5.491e-01
1.760e+00 8.725e-01
1.770e+00 6.085e-01
1.780e+00 6.058e-01
1.790e+00 5.144e-01
1.800e+00 4.114e-01
1.810e+00 4.055e-01
1.820e+00 3.144e-01
1.830e+00 3.004e-02
1.840e+00 -1.709e-01
1.850e+00 7.944e-02
1.860e+00 3.328e-01
1.870e+00 5.472e-01
1.880e+00 4.110e-01
1.890e+00 1.032e+00
1.900e+00 1.012e+00
1.910e+00 5.838e-01
1.920e+00 7.265e-01
1.930e+00 3.582e-01
1.940e+00 3.428e-01
1.950e+00 4.893e-01
1.960e+00 1.163e-01
1.970e+00 4.307e-01
1.980e+00 9.010e-01
1.990e+00 7.507e-01
2.000e+00 6.707e-01
2.010e+00 6.054e-01
2.020e+00 1.085e+00
2.030e+00 1.131e+00
2.040e+00 5.582e-01
2.050e+00 3.364e-01
2.060e+00 5.496e-01
2.070e+00 7.161e-01
2.080e+00 6.749e-01
2.090e+00 4.524e-01
2.100e+00 5.398e-01
2.110e+00 7.264e-01
2.120e+00 6.761e-01
2.130e+00 -4.546e-02
2.140e+00 -5.953e-01
2.150e+00 -1.864e-01
2.160e+00 1.306e-01
2.170e+00 4.361e-01
2.180e+00 6.083e-01
2.190e+00 2.326e-01
2.200e+00 7.022e-01
2.210e+00 1.239e+00
2.220e+00 1.010e+00
2.230e+00 7.845e-01
2.240e+00 7.962e-01
2.250e+00 1.344e+00
2.260e+00 1.124e+00
2.270e+00 7.646e-01
2.280e+00 1.691e-01
2.290e+00 -2.604e-01
2.300e+00 4.348e-01
2.310e+00 5.139e-01
2.320e+00 1.611e-01
2.330e+00 4.472e-02
2.340e+00 2.867e-01
2.350e+00 5.508e-01
2.360e+00 3.377e-01
2.370e+00 3.381e-01
2.380e+00 6.915e-01
2.390e+00 6.697e-01
2.400e+00 7.950e-01
2.410e+00 5.660e-01
2.420e+00 4.576e-01
2.430e+00 1.048e+00
2.440e+00 1.155e+00
2.450e+00 1.059e+00
2.460e+00 5.206e-01
2.470e+00 5.621e-01
2.480e+00 8.037e-01
2.490e+00 7.608e-01
2.500e+00 4.919e-01
2.510e+00 1.215e+00
2.520e+00 9.916e-01
2.530e+00 7.895e-01
2.540e+00 1.484e-01
2.550e+00 -1.165e-01
2.560e+00 1.790e-01
2.570e+00 2.834e-01
2.580e+00 2.406e-01
2.590e+00 3.393e-01
2.600e+00 2.527e-01
2.610e+00 3.557e-01
2.620e+00 2.714e-03
2.630e+00 2.981e-01
2.640e+00 5.124e-01
2.650e+00 4.572e-01
2.660e+00 1.073e+00
2.670e+00 6.507e-01
2.680e+00 5.066e-01
2.690e+00 1.158e-01
2.700e+00 5.020e-01
2.710e+00 6.184e-01
2.720e+00 3.228e-01
2.730e+00 6.201e-01
2.740e+00 6.587e-01
2.750e+00 5.695e-01
2.760e+00 2.939e-01
2.770e+00 5.116e-01
2.780e+00 5.048e-01
2.790e+00 8.080e-01
2.800e+00 1.040e+00
2.810e+00 9.841e-01
2.820e+00 8.940e-01
2.830e+00 5.703e-01
2.840e+00 3.712e-01
2.850e+00 2.323e-01
2.860e+00 4.122e-01
2.870e+00 8.548e-01
2.880e+00 6.860e-01
2.890e+00 8.999e-01
2.900e+00 7.933e-01
2.910e+00 7.490e-01
2.920e+00 4.130e-01
2.930e+00 7.755e-01
2.940e+00 9.131e-01
2.950e+00 1.169e+00
2.960e+00 9.783e-01
2.970e+00 1.066e+00
2.980e+00 6.952e-01
2.990e+00 9.045e-01
3.000e+00 6.496e-01
3.010e+00 7.618e-01
3.020e+00 7.785e-01
3.030e+00 5.741e-01
3.040e+00 4.814e-01
3.050e+00 6.361e-01
3.060e+00 5.612e-01
3.070e+00 5.507e-01
3.080e+00 3.395e-01
3.090e+00 5.651e-01
3.100e+00 2.130e-01
3.110e+00 1.318e-01
3.120e+00 1.130e-01
3.130e+00 3.788e-01
3.140e+00 5.351e-01
3.150e+00 5.291e-01
3.160e+00 5.924e-01
3.170e+00 6.688e-01
3.180e+00 4.696e-01
3.190e+00 3.800e-01
3.200e+00 1.104e-01
3.210e+00 5.323e-01
3.220e+00 7.452e-01
3.230e+00 1.002e+00
3.240e+00 8.257e-01
3.250e+00 4.435e-01
3.260e+00 6.762e-01
3.270e+00 4.793e-01
3.280e+00 3.636e-01
3.290e+00 5.019e-01
3.300e+00 2.230e-01
3.310e+00 4.250e-01
3.320e+00 4.717e-01
3.330e+00 4.005e-01
3.340e+00 -1.204e-01
3.350e+00 -1.126e-01
3.360e+00 -1.324e-01
3.370e+00 1.296e-01
3.380e+00 5.854e-01
3.390e+00 4.645e-01
3.400e+00 5.047e-01
3.410e+00 5.301e-01
3.420e+00 7.450e-01
3.430e+00 8.478e-01
3.440e+00 5.330e-01
3.450e+00 6.998e-01
3.460e+00 5.196e-01
3.470e+00 2.518e-01
3.480e+00 2.252e-01
3.490e+00 4.561e-01
3.500e+00 6.451e-01
3.510e+00 3.782e-01
3.520e+00 5.030e-01
3.530e+00 6.850e-01
3.540e+00 2.083e-01
3.550e+00 4.516e-01
3.560e+00 5.874e-01
3.570e+00 3.780e-01
3.580e+00 5.817e-01
3.590e+00 5.033e-01
3.600e+00 1.928e-01
3.610e+00 -1.767e-01
3.620e+00 -2.016e-01
3.630e+00 -2.071e-01
3.640e+00 2.553e-02
3.650e+00 5.246e-01
3.660e+00 5.389e-01
3.670e+00 7.058e-01
3.680e+00 7.022e-01
3.690e+00 7.525e-01
3.700e+00 8.443e-01
3.710e+00 5.543e-01
3.720e+00 8.753e-01
3.730e+00 9.126e-01
3.740e+00 8.386e-01
3.750e+00 6.095e-01
3.760e+00 5.657e-01
3.770e+00 4.589e-01
3.780e+00 6.104e-01
3.790e+00 5.755e-01
3.800e+00 7.477e-01
3.810e+00 7.844e-01
3.820e+00 7.860e-01
3.830e+00 3.962e-01
3.840e+00 4.891e-01
3.850e+00 4.336e-01
3.860e+00 2.277e-01
3.870e+00 5.671e-01
3.880e+00 7.811e-01
3.890e+00 7.753e-01
3.900e+00 6.027e-01
3.910e+00 6.218e-01
3.920e+00 6.567e-01
3.930e+00 5.803e-01
3.940e+00 4.451e-01
3.950e+00 4.516e-01
3.960e+00 7.885e-01
3.970e+00 9.276e-01
3.980e+00 7.177e-01
3.990e+00 3.051e-01
4.000e+00 5.695e-01
4.010e+00 4.494e-01
4.020e+00 5.953e-01
4.030e+00 8.815e-01
4.040e+00 7.373e-01
4.050e+00 4.662e-01
4.060e+00 9.222e-01
4.070e+00 1.049e+00
4.080e+00 7.461e-01
4.090e+00 5.221e-01
4.100e+00 4.829e-01
4.110e+00 5.902e-01
4.120e+00 3.859e-01
4.130e+00 1.683e-01
4.140e+00 3.645e-01
4.150e+00 5.006e-01
4.160e+00 1.133e+00
4.170e+00 9.512e-01
4.180e+00 6.129e-01
4.190e+00 6.169e-01
4.200e+00 4.188e-01
4.210e+00 3.647e-01
4.220e+00 3.155e-01
4.230e+00 2.358e-01
4.240e+00 5.229e-01
4.250e+00 8.279e-01
4.260e+00 6.548e-01
4.270e+00 5.945e-01
4.280e+00 5.754e-01
4.290e+00 4.653e-01
4.300e+00 3.358e-01
4.310e+00 8.349e-02
4.320e+00 3.317e-01
4.330e+00 4.711e-01
4.340e+00 6.779e-01
4.350e+00 7.019e-01
4.360e+00 6.363e-01
4.370e+00 9.287e-01
4.380e+00 8.036e-01
4.390e+00 6.891e-01
4.400e+00 3.281e-02
4.410e+00 -9.814e-02
4.420e+00 -2.682e-02
4.430e+00 4.191e-01
4.440e+00 5.965e-01
4.450e+00 6.599e-01
4.460e+00 7.930e-01
4.470e+00 5.367e-01
4.480e+00 5.187e-01
4.490e+00 3.580e-01
4.500e+00 2.651e-01
4.510e+00 1.092e-01
4.520e+00 5.613e-01
4.530e+00 5.035e-01
4.540e+00 8.374e-01
4.550e+00 8.371e-01
4.560e+00 8.496e-01
4.570e+00 4.374e-01
4.580e+00 5.616e-01
4.590e+00 6.242e-01
4.600e+00 4.906e-01
4.610e+00 5.033e-01
4.620e+00 6.964e-01
4.630e+00 8.894e-01
4.640e+00 8.353e-01
4.650e+00 6.719e-01
4.660e+00 5.584e-01
4.670e+00 6.478e-01
4.680e+00 3.111e-01
4.690e+00 2.198e-01
4.700e+00 2.254e-01
4.710e+00 7.169e-01
4.720e+00 9.507e-01
4.730e+00 7.963e-01
4.740e+00 7.966e-01
4.750e+00 6.380e-01
4.760e+00 7.324e-01
4.770e+00 5.300e-01
4.780e+00 9.707e-02
4.790e+00 3.777e-01
4.800e+00 4.199e-01
4.810e+00 3.654e-01
4.820e+00 2.766e-01
4.830e+00 1.241e-01
4.840e+00 1.241e-01
4.850e+00 2.791e-01
4.860e+00 3.971e-01
4.870e+00 3.394e-01
4.880e+00 6.664e-01
4.890e+00 9.104e-01
4.900e+00 1.067e+00
4.910e+00 6.012e-01
4.920e+00 5.288e-01
4.930e+00 5.461e-01
4.940e+00 6.110e-01
4.950e+00 6.154e-01
4.960e+00 2.966e-01
4.970e+00 4.905e-01
4.980e+00 6.985e-01
4.990e+00 4.050e-01
-5.000e+00 2.976e-01
-4.990e+00 4.050e-01
-4.980e+00 6.985e-01
-4.970e+00 4.905e-01
-4.960e+00 2.966e-01
-4.950e+00 6.154e-01
-4.940e+00 6.110e-01
-4.930e+00 5.461e-01
-4.920e+00 5.288e-01
-4.910e+00 6.012e-01
-4.900e+00 1.067e+00
-4.890e+00 9.104e-01
-4.880e+00 6.664e-01
-4.870e+00 3.394e-01
-4.860e+00 3.971e-01
-4.850e+00 2.791e-01
-4.840e+00 1.241e-01
-4.830e+00 1.241e-01
-4.820e+00 2.766e-01
-4.810e+00 3.654e-01
-4.800e+00 4.199e-01
-4.790e+00 3.777e-01
-4.780e+00 9.707e-02
-4.770e+00 5.300e-01
-4.760e+00 7.324e-01
-4.750e+00 6.380e-01
-4.740e+00 7.966e-01
-4.730e+00 7.963e-01
-4.720e+00 9.507e-01
-4.710e+00 7.169e-01
-4.700e+00 2.254e-01
-4.690e+00 2.198e-01
-4.680e+00 3.111e-01
-4.670e+00 6.478e-01
-4.660e+00 5.584e-01
-4.650e+00 6.719e-01
-4.640e+00 8.353e-01
-4.630e+00 8.894e-01
-4.620e+00 6.964e-01
-4.610e+00 5.033e-01
-4.600e+00 4.906e-01
-4.590e+00 6.242e-01
-4.580e+00 5.616e-01
-4.570e+00 4.374e-01
-4.560e+00 8.496e-01
-4.550e+00 8.371e-01
-4.540e+00 8.374e-01
-4.530e+00 5.035e-01
-4.520e+00 5.613e-01
-4.510e+00 1.092e-01
-4.500e+00 2.651e-01
-4.490e+00 3.580e-01
-4.480e+00 5.187e-01
-4.470e+00 5.367e-01
-4.460e+00 7.930e-01
-4.450e+00 6.599e-01
-4.440e+00 5.965e-01
-4.430e+00 4.191e-01
-4.420e+00 -2.682e-02
-4.410e+00 -9.814e-02
-4.400e+00 3.281e-02
-4.390e+00 6.891e-01
-4.380e+00 8.036e-01
-4.370e+00 9.287e-01
-4.360e+00 6.363e-01
-4.350e+00 7.019e-01
-4.340e+00 6.779e-01
-4.330e+00 4.711e-01
-4.320e+00 3.317e-01
-4.310e+00 8.349e-02
-4.300e+00 3.358e-01
-4.290e+00 4.653e-01
-4.280e+00 5.754e-01
-4.270e+00 5.945e-01
-4.260e+00 6.548e-01
-4.250e+00 8.279e-01
-4.240e+00 5.229e-01
-4.230e+00 2.358e-01
-4.220e+00 3.155e-01
-4.210e+00 3.647e-01
-4.200e+00 4.188e-01
-4.190e+00 6.169e-01
-4.180e+00 6.129e-01
-4.170e+00 9.512e-01
-4.160e+00 1.133e+00
-4.150e+00 5.006e-01
-4.140e+00 3.645e-01
-4.130e+00 1.683e-01
-4.120e+00 3.859e-01
-4.110e+00 5.902e-01
-4.100e+00 4.829e-01
-4.090e+00 5.221e-01
-4.080e+00 7.461e-01
-4.070e+00 1.049e+00
-4.060e+00 9.222e-01
-4.050e+00 4.662e-01
-4.040e+00 7.373e-01
-4.030e+00 8.815e-01
-4.020e+00 5.953e-01
-4.010e+00 4.494e-01
-4.000e+00 5.695e-01
-3.990e+00 3.051e-01
-3.980e+00 7.177e-01
-3.970e+00 9.276e-01
-3.960e+00 7.885e-01
-3.950e+00 4.516e-01
-3.940e+00 4.451e-01
-3.930e+00 5.803e-01
-3.920e+00 6.567e-01
-3.910e+00 6.218e-01
-3.900e+00 6.027e-01
-3.890e+00 7.753e-01
-3.880e+00 7.811e-01
-3.870e+00 5.671e-01
-3.860e+00 2.277e-01
-3.850e+00 4.336e-01
-3.840e+00 4.891e-01
-3.830e+00 3.962e-01
-3.820e+00 7.860e-01
-3.810e+00 7.844e-01
-3.800e+00 7.477e-01
-3.790e+00 5.755e-01
-3.780e+00 6.104e-01
-3.770e+00 4.589e-01
-3.760e+00 5.657e-01
-3.750e+00 6.095e-01
-3.740e+00 8.386e-01
-3.730e+00 9.126e-01
-3.720e+00 8.753e-01
-3.710e+00 5.543e-01
-3.700e+00 8.443e-01
-3.690e+00 7.525e-01
-3.680e+00 7.022e-01
-3.670e+00 7.058e-01
-3.660e+00 5.389e-01
-3.650e+00 5.246e-01
-3.640e+00 2.553e-02
-3.630e+00 -2.071e-01
-3.620e+00 -2.016e-01
-3.610e+00 -1.767e-01
-3.600e+00 1.928e-01
-3.590e+00 5.033e-01
-3.580e+00 5.817e-01
-3.570e+00 3.780e-01
-3.560e+00 5.874e-01
-3.550e+00 4.516e-01
-3.540e+00 2.083e-01
-3.530e+00 6.850e-01
-3.520e+00 5.030e-01
-3.510e+00 3.782e-01
-3.500e+00 6.451e-01
-3.490e+00 4.561e-01
-3.480e+00 2.252e-01
-3.470e+00 2.518e-01
-3.460e+00 5.196e-01
-3.450e+00 6.998e-01
-3.440e+00 5.330e-01
-3.430e+00 8.478e-01
-3.420e+00 7.450e-01
-3.410e+00 5.301e-01
-3.400e+00 5.047e-01
-3.390e+00 4.645e-01
-3.380e+00 5.854e-01
-3.370e+00 1.296e-01
-3.360e+00 -1.324e-01
-3.350e+00 -1.126e-01
-3.340e+00 -1.204e-01
-3.330e+00 4.005e-01
-3.320e+00 4.717e-01
-3.310e+00 4.250e-01
-3.300e+00 2.230e-01
-3.290e+00 5.019e-01
-3.280e+00 3.636e-01
-3.270e+00 4.793e-01
-3.260e+00 6.762e-01
-3.250e+00 4.435e-01
-3.240e+00 8.257e-01
-3.230e+00 1.002e+00
-3.220e+00 7.452e-01
-3.210e+00 5.323e-01
-3.200e+00 1.104e-01
-3.190e+00 3.800e-01
-3.180e+00 4.696e-01
-3.170e+00 6.688e-01
-3.160e+00 5.924e-01
-3.150e+00 5.291e-01
-3.140e+00 5.351e-01
-3.130e+00 3.788e-01
-3.120e+00 1.130e-01
-3.110e+00 1.318e-01
-3.100e+00 2.130e-01
-3.090e+00 5.651e-01
-3.080e+00 3.395e-01
-3.070e+00 5.507e-01
-3.060e+00 5.612e-01
-3.050e+00 6.361e-01
-3.040e+00 4.814e-01
-3.030e+00 5.741e-01
-3.020e+00 7.785e-01
-3.010e+00 7.618e-01
-3.000e+00 6.496e-01
-2.990e+00 9.045e-01
-2.980e+00 6.952e-01
-2.970e+00 1.066e+00
-2.960e+00 9.783e-01
-2.950e+00 1.169e+00
-2.940e+00 9.131e-01
-2.930e+00 7.755e-01
-2.920e+00 4.130e-01
-2.910e+00 7.490e-01
-2.900e+00 7.933e-01
-2.890e+00 8.999e-01
-2.880e+00 6.860e-01
-2.870e+00 8.548e-01
-2.860e+00 4.122e-01
-2.850e+00 2.323e-01
-2.840e+00 3.712e-01
-2.830e+00 5.703e-01
-2.820e+00 8.940e-01
-2.810e+00 9.841e-01
-2.800e+00 1.040e+00
-2.790e+00 8.080e-01
-2.780e+00 5.048e-01
-2.770e+00 5.116e-01
-2.760e+00 2.939e-01
-2.750e+00 5.695e-01
-2.740e+00 6.587e-01
-2.730e+00 6.201e-01
-2.720e+00 3.228e-01
-2.710e+00 6.184e-01
-2.700e+00 5.020e-01
-2.690e+00 1.158e-01
-2.680e+00 5.066e-01
-2.670e+00 6.507e-01
-2.660e+00 1.073e+00
-2.650e+00 4.572e-01
-2.640e+00 5.124e-01
-2.630e+00 2.981e-01
-2.620e+00 2.714e-03
-2.610e+00 3.557e-01
-2.600e+00 2.527e-01
-2.590e+00 3.393e-01
-2.580e+00 2.406e-01
-2.570e+00 2.834e-01
-2.560e+00 1.790e-01
-2.550e+00 -1.165e-01
-2.540e+00 1.484e-01
-2.530e+00 7.895e-01
-2.520e+00 9.916e-01
-2.510e+00 1.215e+00
-2.500e+00 4.919e-01
-2.490e+00 7.608e-01
-2.480e+00 8.037e-01
-2.470e+00 5.621e-01
-2.460e+00 5.206e-01
-2.450e+00 1.059e+00
-2.440e+00 1.155e+00
-2.430e+00 1.048e+00
-2.420e+00 4.576e-01
-2.410e+00 5.660e-01
-2.400e+00 7.950e-01
-2.390e+00 6.697e-01
-2.380e+00 6.915e-01
-2.370e+00 3.381e-01
-2.360e+00 3.377e-01
-2.350e+00 5.508e-01
-2.340e+00 2.867e-01
-2.330e+00 4.472e-02
-2.320e+00 1.611e-01
-2.310e+00 5.139e-01
-2.300e+00 4.348e-01
-2.290e+00 -2.604e-01
-2.280e+00 1.691e-01
-2.270e+00 7.646e-01
-2.260e+00 1.124e+00
-2.250e+00 1.344e+00
-2.240e+00 7.962e-01
-2.230e+00 7.845e-01
-2.220e+00 1.010e+00
-2.210e+00 1.239e+00
-2.200e+00 7.022e-01
-2.190e+00 2.326e-01
-2.180e+00 6.083e-01
-2.170e+00 4.361e-01
-2.160e+00 1.306e-01
-2.150e+00 -1.864e-01
-2.140e+00 -5.953e-01
-2.130e+00 -4.546e-02
-2.120e+00 6.761e-01
-2.110e+00 7.264e-01
-2.100e+00 5.398e-01
-2.090e+00 4.524e-01
-2.080e+00 6.749e-01
-2.070e+00 7.161e-01
-2.060e+00 5.496e-01
-2.050e+00 3.364e-01
-2.040e+00 5.582e-01
-2.030e+00 1.131e+00
-2.020e+00 1.085e+00
-2.010e+00 6.054e-01
-2.000e+00 6.707e-01
-1.990e+00 7.507e-01
-1.980e+00 9.010e-01
-1.970e+00 4.307e-01
-1.960e+00 1.163e-01
-1.950e+00 4.893e-01
-1.940e+00 3.428e-01
-1.930e+00 3.582e-01
-1.920e+00 7.265e-01
-1.910e+00 5.838e-01
-1.900e+00 1.012e+00
-1.890e+00 1.032e+00
-1.880e+00 4.110e-01
-1.870e+00 5.472e-01
-1.860e+00 3.328e-01
-1.850e+00 7.944e-02
-1.840e+00 -1.709e-01
-1.830e+00 3.004e-02
-1.820e+00 3.144e-01
-1.810e+00 4.055e-01
-1.800e+00 4.114e-01
-1.790e+00 5.144e-01
-1.780e+00 6.058e-01
-1.770e+00 6.085e-01
-1.760e+00 8.725e-01
-1.750e+00 5.491e-01
-1.740e+00 5.647e-01
-1.730e+00 4.810e-01
-1.720e+00 5.123e-01
-1.710e+00 9.698e-01
-1.700e+00 7.564e-01
-1.690e+00 3.686e-01
-1.680e+00 7.475e-01
-1.670e+00 9.893e-01
-1.660e+00 1.051e+00
-1.650e+00 5.328e-01
-1.640e+00 7.702e-01
-1.630e+00 2.005e-01
-1.620e+00 2.836e-01
-1.610e+00 1.890e-01
-1.600e+00 -2.651e-01
-1.590e+00 1.250e-01
-1.580e+00 4.926e-01
-1.570e+00 1.315e-01
-1.560e+00 2.109e-01
-1.550e+00 6.727e-01
-1.540e+00 6.256e-01
-1.530e+00 2.927e-01
-1.520e+00 9.849e-01
-1.510e+00 1.243e+00
-1.500e+00 7.850e-01
-1.490e+00 8.927e-01
-1.480e+00 9.854e-01
-1.470e+00 3.917e-01
-1.460e+00 3.244e-01
-1.450e+00 -9.303e-02
-1.440e+00 9.492e-02
-1.430e+00 2.400e-01
-1.420e+00 3.647e-01
-1.410e+00 6.643e-01
-1.400e+00 5.504e-01
-1.390e+00 1.641e-01
-1.380e+00 1.174e-01
-1.370e+00 1.041e-01
-1.360e+00 3.350e-01
-1.350e+00 4.449e-01
-1.340e+00 6.701e-01
-1.330e+00 2.535e-01
-1.320e+00 1.087e+00
-1.310e+00 8.244e-01
-1.300e+00 5.630e-01
-1.290e+00 8.120e-01
-1.280e+00 4.478e-01
-1.270e+00 2.396e-01
-1.260e+00 6.391e-01
-1.250e+00 -2.299e-01
-1.240e+00 -4.583e-01
-1.230e+00 -2.810e-01
-1.220e+00 9.125e-01
-1.210e+00 5.568e-01
-1.200e+00 6.545e-01
-1.190e+00 1.176e+00
-1.180e+00 9.067e-01
-1.170e+00 5.069e-01
-1.160e+00 3.094e-01
-1.150e+00 5.261e-01
-1.140e+00 8.615e-01
-1.130e+00 8.877e-02
-1.120e+00 2.134e-01
-1.110e+00 7.452e-02
-1.100e+00 4.197e-02
-1.090e+00 5.115e-01
-1.080e+00 6.965e-01
-1.070e+00 1.039e+00
-1.060e+00 1.189e+00
-1.050e+00 7.307e-01
-1.040e+00 6.986e-01
-1.030e+00 5.067e-02
-1.020e+00 6.745e-01
-1.010e+00 9.048e-01
-1.000e+00 1.198e+00
-9.900e-01 1.410e+00
-9.800e-01 1.507e+00
-9.700e-01 9.217e-01
-9.600e-01 7.353e-01
-9.500e-01 8.945e-01
-9.400e-01 2.201e-01
-9.300e-01 8.633e-01
-9.200e-01 7.720e-01
-9.100e-01 8.933e-01
-9.000e-01 1.059e+00
-8.900e-01 9.207e-01
-8.800e-01 9.193e-01
-8.700e-01 -9.484e-02
-8.600e-01 5.419e-01
-8.500e-01 4.465e-01
-8.400e-01 5.815e-01
-8.300e-01 -9.817e-02
-8.200e-01 -6.425e-01
-8.100e-01 -3.234e-01
-8.000e-01 3.100e-01
-7.900e-01 3.972e-01
-7.800e-01 5.407e-01
-7.700e-01 -6.886e-01
-7.600e-01 8.072e-02
-7.500e-01 3.194e-01
-7.400e-01 9.437e-01
-7.300e-01 8.976e-01
-7.200e-01 8.091e-01
-7.100e-01 5.175e-01
-7.000e-01 1.286e+00
-6.900e-01 6.134e-01
-6.800e-01 5.312e-01
-6.700e-01 1.161e+00
-6.600e-01 1.634e+00
-6.500e-01 1.279e+00
-6.400e-01 8.945e-01
-6.300e-01 6.706e-01
-6.200e-01 -7.285e-02
-6.100e-01 1.005e+00
-6.000e-01 4.321e-01
-5.900e-01 -1.608e-01
-5.800e-01 -1.917e-01
-5.700e-01 4.103e-02
-5.600e-01 -1.045e+00
-5.500e-01 -1.439e+00
-5.400e-01 -4.224e-01
-5.300e-01 9.552e-01
-5.200e-01 1.738e+00
-5.100e-01 3.595e-02
-5.000e-01 1.123e-02
-4.900e-01 1.226e+00
-4.800e-01 1.878e+00
-4.700e-01 2.477e+00
-4.600e-01 1.686e+00
-4.500e-01 2.135e+00
-4.400e-01 8.825e-01
-4.300e-01 8.667e-01
-4.200e-01 2.327e+00
-4.100e-01 2.413e+00
-4.000e-01 2.161e+00
-3.900e-01 1.385e+00
-3.800e-01 4.998e-01
-3.700e-01 3.401e-01
-3.600e-01 1.206e+00
-3.500e-01 8.254e-01
-3.400e-01 7.631e-01
-3.300e-01 -6.580e-01
-3.200e-01 -5.658e-02
-3.100e-01 1.566e+00
-3.000e-01 2.608e-01
-2.900e-01 -1.057e+00
-2.800e-01 1.195e-01
-2.700e-01 2.436e+00
-2.600e-01 1.197e+00
-2.500e-01 1.933e-01
-2.400e-01 -3.780e-01
-2.300e-01 -8.126e-01
-2.200e-01 1.999e+00
-2.100e-01 3.077e+00
-2.000e-01 4.521e+00
-1.900e-01 3.698e+00
-1.800e-01 2.858e+00
-1.700e-01 2.748e+00
-1.600e-01 7.094e-01
-1.500e-01 2.373e+00
-1.400e-01 4.112e+00
-1.300e-01 4.473e+00
-1.200e-01 1.763e+00
-1.100e-01 3.682e+00
-1.000e-01 2.781e+00
-9.000e-02 5.914e-01
-8.000e-02 1.157e+00
-7.000e-02 2.502e+00
-6.000e-02 7.039e-01
-5.000e-02 6.379e+00
-4.000e-02 9.095e+00
-3.000e-02 1.125e+01
-2.000e-02 3.334e+01
-1.000e-02 5.494e+01
