2.433648402895150387e+00
2.447043887184177091e+00
2.294216366163323251e+00
2.314047554753916103e+00
2.549635187076490173e+00
2.482251143563441342e+00
2.730880852560120697e+00
2.080530013311788995e+00
2.482593147960737490e+00
2.791178554887157492e+00
2.629930534101601491e+00
3.010797653747025571e+00
2.848805387418822832e+00
2.825007799701876543e+00
2.725022660939756314e+00
3.007541514425793761e+00
3.433064102147326935e+00
3.262516550677710292e+00
3.049267085426397017e+00
2.942856169168204694e+00
2.858144653525324763e+00
3.016652354821157456e+00
2.676153753352829678e+00
2.301436165816745039e+00
2.060088882889658635e+00
2.454771960440346845e+00
2.427845454991905960e+00
2.198198284839004479e+00
2.203277455894550041e+00
2.421864548477554280e+00
2.860159767689308019e+00
2.144988530268241433e+00
2.957673679878958239e+00
3.289505942362869639e+00
3.234924175894898557e+00
3.129581204564052754e+00
3.539708762288792165e+00
3.188664141058812795e+00
3.168319048541138105e+00
3.391999881364513580e+00
3.278978524193230548e+00
3.146530311931834412e+00
3.179587338755904380e+00
2.733596904216174739e+00
2.870788365839897160e+00
2.792922874399252464e+00
2.669490778064487646e+00
2.940657421042948805e+00
3.157930348879039339e+00
3.421935832416682643e+00
3.478616751015112918e+00
2.929963823836287951e+00
2.568957235516630355e+00
2.692570394604748785e+00
2.839848781360094776e+00
2.819254192331777542e+00
2.380647799045505053e+00
2.569434702477666921e+00
2.946588722822901296e+00
2.582172081652630347e+00
2.799566180384640113e+00
2.461066699187620443e+00
2.396016563705788194e+00
2.245671704117751410e+00
2.615891031167882907e+00
2.938148599202804245e+00
2.680496845203236056e+00
2.636648777938374266e+00
2.796035697128017361e+00
2.937831487029712196e+00
2.873810951916095924e+00
2.785907119443085111e+00
2.809136431550469659e+00
2.641448913827974199e+00
2.634055437395465660e+00
2.498305812711997920e+00
2.347060948836848571e+00
2.387838631250998489e+00
2.421232254896623193e+00
2.410117408272159700e+00
2.325860345727626566e+00
1.927288510713934810e+00
2.096321211906729598e+00
2.367909663252473429e+00
2.340792345450770195e+00
2.593944646274825683e+00
2.933936462379733712e+00
2.446280408457311317e+00
2.609808200583285220e+00
2.750027035321333635e+00
2.911467139266450843e+00
3.117934708687315926e+00
3.056141443868860996e+00
2.734867651574091063e+00
2.606299345889770969e+00
2.322352120079893556e+00
1.895512562622312158e+00
2.404301185844464506e+00
2.178222732652657090e+00
1.391543972484346359e+00
1.468269944857870213e+00
1.484380044317394454e+00
1.146729342362098780e+00
1.453785805523043040e+00
1.374946648945317484e+00
2.240701883861633270e+00
2.655444588714700238e+00
2.531552184704012110e+00
2.688856848913514952e+00
2.466567579781560049e+00
3.315307121958813497e+00
3.081782281029191939e+00
2.677653166821043484e+00
2.853902720128779436e+00
3.128743283341912651e+00
2.555306366236293147e+00
2.396839309897425885e+00
2.464423777978989705e+00
2.889882385781535223e+00
2.947080069456536666e+00
3.286644613818486160e+00
2.713016295706486058e+00
3.067544481555287472e+00
2.670084736493230526e+00
2.701719122250763938e+00
2.901629884655736902e+00
2.748888791158061728e+00
2.342236230555354126e+00
2.341090882796314165e+00
2.250660607102223487e+00
2.526581472627242864e+00
2.501595337890937909e+00
2.652179188064922144e+00
2.730370056204877383e+00
2.971851019039204012e+00
2.540888063335121405e+00
2.780623137636896836e+00
2.186630639119836683e+00
1.823002009285845659e+00
1.835843910751303820e+00
1.993319075530961326e+00
1.829543821985998076e+00
1.506211611867132039e+00
1.354083371381281431e+00
1.972060620663664166e+00
2.012882878867751746e+00
1.703712584531612340e+00
1.694014757802663196e+00
1.727790604612035263e+00
1.981160044809434639e+00
1.620995237179792214e+00
1.304989923792283513e+00
1.766713903667972208e+00
1.855053113553199129e+00
1.968191131009263017e+00
1.357312064213088476e+00
1.346053869368663447e+00
1.687182194998977369e+00
1.602628973240681542e+00
1.795451433611810588e+00
1.617264979075104803e+00
2.138485906761066424e+00
2.483155229208924730e+00
2.609542059146249038e+00
2.504407145921384803e+00
2.822168236843259237e+00
2.876932639088882304e+00
3.202265303381271799e+00
2.925394728156739621e+00
3.253716611449732454e+00
3.193619367556724598e+00
3.225983803070486822e+00
2.893952897150172898e+00
3.176495128487266228e+00
2.945372848220563888e+00
2.415254782603800887e+00
2.134876131274919597e+00
1.687903004510029392e+00
1.950900229299876498e+00
2.096128713992575054e+00
2.070657766242828934e+00
1.965279335661151094e+00
2.108866280418168593e+00
1.813598075916593499e+00
1.803478607544940715e+00
1.641153533447950341e+00
1.265825902706331441e+00
1.723686537262628660e+00
1.595576067057196123e+00
1.489210221916839938e+00
1.260024673769323256e+00
1.317013481752434378e+00
1.344418908944645441e+00
1.159903288348568262e+00
1.133851900378544109e+00
8.707820377470835149e-01
1.065336156142826507e+00
7.375550580351536434e-01
7.184370908156348934e-01
6.332675362563817689e-01
8.402459443759582314e-01
1.510485271217721026e+00
1.580115508032475358e+00
1.376293940404986538e+00
1.335587045532596218e+00
1.198234900208444698e+00
7.374418192140990147e-01
8.302268286422052057e-01
9.814638201893209901e-01
1.236702356880943210e+00
1.165718269968420095e+00
1.208371045171813929e+00
1.270634499448876742e+00
1.567158670583159275e+00
1.211640188039150967e+00
1.146699987239660379e+00
1.350077404857042085e+00
1.690022951360954817e+00
2.264722738203397423e+00
2.886030715032407379e+00
2.883107828675984141e+00
2.937798131880917651e+00
3.355335596985556723e+00
3.072063778101311815e+00
2.977609250794531981e+00
2.517115580375177686e+00
2.757516278553233224e+00
2.792923424810052513e+00
2.166433914339957134e+00
2.140859082345060838e+00
2.222241994458205916e+00
2.434794704510825802e+00
2.861444349328127856e+00
2.485695844019374157e+00
2.411275619681571225e+00
2.807742208833024833e+00
2.383310278148118577e+00
2.679320801105931515e+00
2.469226241099795160e+00
3.060761122229266551e+00
2.664264403946764670e+00
2.545138462526771228e+00
2.407732458040318768e+00
2.398793005310683846e+00
2.508151940475937813e+00
2.198035316474657552e+00
3.134650510698528070e+00
2.819135840557249750e+00
2.988188705931207334e+00
3.135582810757094663e+00
2.828113617877634489e+00
2.555985070277715376e+00
2.401382645544620331e+00
2.714801720742785474e+00
2.502145782230141613e+00
2.124810239191973871e+00
2.033103807345618907e+00
2.004264678118456988e+00
2.073897745848396035e+00
2.617909049818721634e+00
2.615975892108774126e+00
2.692883659875865643e+00
2.198398313754577060e+00
2.266789178613514810e+00
2.567518504041155669e+00
2.667827128086532884e+00
2.742386595846395103e+00
2.657915963568192819e+00
2.068389654722397886e+00
2.707165660127094586e+00
2.572337427551361522e+00
2.531786059301956993e+00
2.832484268951923401e+00
2.513098311322692791e+00
2.156371616908514977e+00
2.047278662469188326e+00
2.204085942901120809e+00
2.156526202876590137e+00
2.038762952358026403e+00
2.134808266643511310e+00
2.390084940010981818e+00
2.404899628694307179e+00
2.694281557428296114e+00
2.355623261515986666e+00
2.602237259802764768e+00
2.336678749358256812e+00
2.497390469960117265e+00
1.953887052272235803e+00
1.983592696972735325e+00
1.482897566600294592e+00
1.428982248446563741e+00
1.587811440974170818e+00
1.323716377277873946e+00
1.445474917377577384e+00
1.563576621421550294e+00
1.532752583805053082e+00
1.703976461162951761e+00
1.928082931933325028e+00
1.882185810658784986e+00
2.147567591767725492e+00
2.310893485285631765e+00
2.271328166270697224e+00
2.015962458703795424e+00
2.319723594708534620e+00
1.730888719050644342e+00
1.702619468895222310e+00
1.108698405077320759e+00
9.810770386754654737e-01
8.265171310138310634e-01
7.184430284218822349e-01
7.207817458840747316e-01
1.503606418003810230e+00
1.399754939453613733e+00
1.050311693608425134e+00
9.471176747620614345e-01
1.387029242556834463e+00
1.715440962152312121e+00
1.697614863435842780e+00
1.392649806738583074e+00
1.229196278411402776e+00
1.154427988495881019e+00
1.467117896205284655e+00
1.096217344912127079e+00
1.264427606833161688e+00
1.163348829394169170e+00
9.946400943532202055e-01
9.972153427215471044e-01
1.112699581873147325e+00
1.296308071717903854e+00
1.310067726309683822e+00
1.151550915367441696e+00
7.336639238336241098e-01
6.778469135277919166e-01
5.431111164745010544e-01
5.089676973803587412e-01
5.581575890098195991e-01
7.300791395512132853e-01
6.468867064465486649e-01
6.594846993540862679e-01
7.837388921334209613e-01
8.627475350029898404e-01
6.868818682643268447e-01
6.446529906348760219e-01
4.756454856435882728e-01
4.322961881063129286e-01
6.747920109805726208e-01
6.758784471852432585e-01
8.138276664737187360e-01
8.555014640585796304e-01
6.728918962508144697e-01
8.214790930537090308e-01
1.122335303930319883e+00
1.008937436299815360e+00
1.022170512180867963e+00
1.198750897731414300e+00
8.101191418292323920e-01
1.211673169188262067e+00
1.503526591366945331e+00
1.304289959482789474e+00
7.576361211773804394e-01
1.042141208603567737e+00
9.585455350348530690e-01
8.867802553270524024e-01
5.812550226361187233e-01
5.936695252787842492e-01
9.705866185088373177e-01
7.866128270819557899e-01
8.533584683111496982e-01
9.359577076686717012e-01
1.323982825579298694e+00
1.706083093010959839e+00
1.414687974135041770e+00
2.004482884543186128e+00
1.578983688678757158e+00
1.768978895194245116e+00
1.844337365427086040e+00
2.117072719133707093e+00
1.812782386281893476e+00
1.742541738210498181e+00
1.695271726150235025e+00
1.510542477395634631e+00
1.589331351163790096e+00
1.481566266757267103e+00
1.621427692770809115e+00
1.952958335550609714e+00
1.960644911241337551e+00
2.300508588483150429e+00
2.482508945625061081e+00
2.139018357646490731e+00
2.353893188532977909e+00
2.689930938060653975e+00
2.600309778562200691e+00
2.593949728416154343e+00
2.590884559026434442e+00
2.640137688886441847e+00
2.714809999345242364e+00
2.669581444728184927e+00
2.587125081022533024e+00
2.485618894520695399e+00
2.550713399260890135e+00
2.550435258959417695e+00
2.225315351888371929e+00
2.287557617815121791e+00
2.178614097529240290e+00
2.475290584340692490e+00
2.319601708378697502e+00
2.268745631590770362e+00
2.758088563816222472e+00
2.688254254060997717e+00
2.488124995903485015e+00
1.520568021959135985e+00
2.195683898028591763e+00
2.074001699006720045e+00
2.270442942934889352e+00
2.012651261542761638e+00
2.416346251484287944e+00
2.755999996580938749e+00
2.294880421539017501e+00
2.320771471787349327e+00
2.197067727320121122e+00
1.521873893027959834e+00
1.449929245854118420e+00
1.211919512929540588e+00
9.717177792097307920e-01
1.146440922514542882e+00
1.713014366700095437e+00
1.640919372650244679e+00
1.264159438285604065e+00
1.502762128194452318e+00
1.590183331282208234e+00
1.222287492999556857e+00
1.699728341196277581e+00
2.137318857007627138e+00
2.443845386194735791e+00
2.252393651637102145e+00
2.234586026726430585e+00
2.349859280738392453e+00
1.773215002842581267e+00
1.323954802864166780e+00
1.091965291939612559e+00
1.640183224904970372e+00
1.997658432381147264e+00
2.308229364906827286e+00
2.017282804666612694e+00
1.996920434086133511e+00
2.078501075507982243e+00
2.097754503780937974e+00
2.047658721287320738e+00
1.882664526954136663e+00
2.130323941825847722e+00
2.106259716108474400e+00
1.940668350107852103e+00
2.172327931238737797e+00
2.140136000448348064e+00
2.138881799688707286e+00
2.398878769880412598e+00
2.640970007629173999e+00
2.945277597411756876e+00
2.929581511713415409e+00
2.395633110853136127e+00
2.666136752624203687e+00
2.225830794345882158e+00
1.574698528045560320e+00
2.222109379345299285e+00
2.081434463759989306e+00
2.202403845140641803e+00
1.788178013752854012e+00
2.102184928903405137e+00
1.944939276393634842e+00
1.969236033480008530e+00
1.880060024976581756e+00
1.894392113081987628e+00
1.702504130435696039e+00
1.735572879496768861e+00
1.897951474564233409e+00
1.930949686949764654e+00
1.564698875169401759e+00
1.644965482557600778e+00
1.472346562521509972e+00
1.896342293741132723e+00
1.963578531370241631e+00
2.084236492591506451e+00
2.381308730117266403e+00
2.440432099344380212e+00
2.667586319161839192e+00
2.614203485687466078e+00
1.776580207728483796e+00
1.896603117976408015e+00
2.235421971456448720e+00
2.320601500837292441e+00
1.991208571810580752e+00
2.388484402968473752e+00
2.361802457509459607e+00
2.358464451740463819e+00
2.295687621300191772e+00
2.399232656147441300e+00
2.777971164408320703e+00
2.644100366408328462e+00
2.975971160061208654e+00
2.775614754794593964e+00
2.347607026279801890e+00
2.746875325063396822e+00
2.908203550519918412e+00
2.760076406613468869e+00
2.990375028537770596e+00
2.676226102456390699e+00
2.821142833424739926e+00
2.461569099139121253e+00
1.940707464215761124e+00
2.431138146885972962e+00
2.472969332607820370e+00
2.507904832730155853e+00
2.565232733770163254e+00
2.536687289297920866e+00
2.495367189427966537e+00
2.170136074095519341e+00
2.450725734113221144e+00
2.112494866187363929e+00
2.039457257328732176e+00
1.704449116627350325e+00
2.137439022739305639e+00
2.311533963486302135e+00
1.873160519857647088e+00
1.612088450663452077e+00
1.934059375805840419e+00
1.521660790994567192e+00
1.948740301024717736e+00
1.917313953195865395e+00
1.945760423616417212e+00
2.384347392142835087e+00
2.262237599232457264e+00
2.644483494965112591e+00
2.282853143974699517e+00
2.300714352086735470e+00
1.663528697460985750e+00
1.204953561418811159e+00
1.770783194638540170e+00
1.343259154868336580e+00
1.630291353971484059e+00
1.281602815822973751e+00
1.945904484923911992e+00
2.107453944283672609e+00
2.387975289408014401e+00
2.549389548589195531e+00
2.623424751038780922e+00
2.275134268745503174e+00
2.022617317981505458e+00
2.178668557428973696e+00
2.044315615957619237e+00
2.113219895498153367e+00
1.822507290504197686e+00
1.604397178987739370e+00
2.029432688599495105e+00
2.582872572249977239e+00
2.512595348960823038e+00
2.565125593636997881e+00
2.200167568554451059e+00
2.293268235240285335e+00
2.548351945452106637e+00
2.722504583464872674e+00
3.109474700423237259e+00
2.874965787401918327e+00
2.848642260728218023e+00
2.902215933096631506e+00
2.589476283090573983e+00
2.671464311218502363e+00
2.653544754227479707e+00
2.801827863248820272e+00
2.722852785017488397e+00
2.558233396602102694e+00
2.879186413149934953e+00
2.637652346405089610e+00
2.883564800277969020e+00
2.931982228950685609e+00
2.430539333392105483e+00
2.472656635586259810e+00
2.302480105188470461e+00
2.839906174097369451e+00
2.729818883742944458e+00
2.833346490018666675e+00
2.932173442416512010e+00
2.767515275161604116e+00
2.993817504433907484e+00
2.859544662959868866e+00
2.925227391525739851e+00
2.674448268152734620e+00
2.489156315089416260e+00
2.613985295442474488e+00
2.682025366304699343e+00
2.662587458480664360e+00
2.839199249354257493e+00
2.981519407789582576e+00
2.904607384728380204e+00
2.727645402613759096e+00
2.432881198573914272e+00
2.936130427527845477e+00
2.673391446887250389e+00
2.423304819827854839e+00
2.652170114155164793e+00
2.801018168599656910e+00
2.891522634599987818e+00
2.846832544340763160e+00
3.443020802598950159e+00
3.625834723976581131e+00
3.125775373499942500e+00
3.336211035548932280e+00
3.032767181248356980e+00
3.021445157015240746e+00
2.850993613353025147e+00
2.741198469452084563e+00
3.094716772882441624e+00
2.623033892304852177e+00
2.773556619656903699e+00
2.823623834813407285e+00
2.629968705262547779e+00
2.167720360993299344e+00
3.133724436797757029e+00
2.765691066329716286e+00
2.540048224756321193e+00
2.193287882912412723e+00
2.411757450432947092e+00
2.287493401862482845e+00
2.249747949318828599e+00
2.449330227818721895e+00
2.187791092834878270e+00
1.782093918566474144e+00
2.300173892026533995e+00
1.783513633272991283e+00
1.310723412050833314e+00
1.184921692614299804e+00
1.376101335211580512e+00
1.125227739670807026e+00
1.493265696813268262e+00
2.293085080854134539e+00
2.339553375793730350e+00
2.323007609571105636e+00
2.168112123127229562e+00
2.090858664994425631e+00
1.939398050170508370e+00
2.443080227875598975e+00
1.971855947450367408e+00
1.780567707926291376e+00
1.882586176799279754e+00
2.404915373315786642e+00
2.279054808053696757e+00
2.266706331029455512e+00
2.103150009322206415e+00
2.340342837461381720e+00
2.444194032365950786e+00
1.875564445489159793e+00
1.841317187758467977e+00
1.762299446776567136e+00
1.666339436303966526e+00
1.754976762697451509e+00
1.860933240298084712e+00
1.844294865326941091e+00
1.779390143795022583e+00
2.047909928973715044e+00
2.238026252673502192e+00
2.120354573550389254e+00
2.058237808034773852e+00
1.637393656318764545e+00
2.156619920031760618e+00
1.551527442183600281e+00
1.815933800547054444e+00
1.667990444030800434e+00
1.707928410694175225e+00
1.623865082408222360e+00
1.312697259329460353e+00
1.057843009574295223e+00
9.749433917846715980e-01
1.008698848122558722e+00
8.040351832542089738e-01
9.462257970153797881e-01
9.680185608008369247e-01
1.067526016060857952e+00
1.232316408563140175e+00
1.167762349352704287e+00
9.538800401642504312e-01
8.119208280359787588e-01
7.043123152413536259e-01
9.182590046631207148e-01
1.108601928380990920e+00
7.985335897695193808e-01
9.982709190826772883e-01
1.117565363825383740e+00
1.089964821523254690e+00
1.184997812342208245e+00
1.498742927553615933e+00
1.183318665354041288e+00
1.041388009360643352e+00
1.035991774802355048e+00
9.550121500190329460e-01
1.026828043061861706e+00
1.235747787186908253e+00
8.963964736477775253e-01
6.963807507548300801e-01
7.901962341383900190e-01
7.162340925023384930e-01
8.737800445429414475e-01
6.503261316798282232e-01
6.170471699557386058e-01
9.542984050915425120e-01
8.430680709156433972e-01
7.931864955325378386e-01
8.423552580358721897e-01
7.018688807832437204e-01
7.608597759527820914e-01
9.463145840272735310e-01
8.754228825655054891e-01
9.274586098105379595e-01
1.087386261189924763e+00
1.532521448639752926e+00
2.000561274113287435e+00
2.508032530302901186e+00
2.016923556862003863e+00
1.868150797839443600e+00
1.868016622906026658e+00
2.013838639913953621e+00
1.837017683903845011e+00
1.529994163593390910e+00
1.507333857649387099e+00
1.288486768992895160e+00
1.388253793853697404e+00
1.391146181842323859e+00
1.770309894205009060e+00
2.212288966905514354e+00
2.188143371854915475e+00
2.244800868183594034e+00
2.829335616159963873e+00
2.963749587044153699e+00
2.864812506464433195e+00
3.084602265057134751e+00
2.317614174786028602e+00
2.338291702734861310e+00
2.351518628669687860e+00
3.021937060348418136e+00
2.555131525251874258e+00
2.966222780938315040e+00
2.791345475481240346e+00
2.413633878487516871e+00
2.531255668437640161e+00
2.961972565331599139e+00
2.544137303661800686e+00
3.070972152221478790e+00
3.118062174189656588e+00
3.061251031487707941e+00
3.498698426589258670e+00
3.259174728728256643e+00
3.011775588962635197e+00
2.865813484117928134e+00
3.492155421586721875e+00
3.251049906673292522e+00
3.179368009999994804e+00
2.720564058365899651e+00
2.963257290899638630e+00
3.060121087202947177e+00
2.617469037775368879e+00
2.570928806398619759e+00
2.553474378838018310e+00
2.450104160656493946e+00
2.674888214475509507e+00
2.542936185151504880e+00
2.320144355756236010e+00
2.201627814804565819e+00
2.259247510546900539e+00
1.910032252574509926e+00
1.672007238982403887e+00
1.572426028222638772e+00
1.848921857296498716e+00
1.578775725046941192e+00
1.601253841372048736e+00
1.320299287134809596e+00
1.175314443313425272e+00
1.553034704867451099e+00
1.641876507842864985e+00
1.915441016950527597e+00
1.711565303682525352e+00
1.625891252997018643e+00
1.958601962871023616e+00
1.665016915731752700e+00
1.319073826042594932e+00
1.208407848173426169e+00
1.501152168715963686e+00
1.192954833439019202e+00
6.832523685862768037e-01
3.945907688842389405e-01
1.203524715200992690e+00
1.024330263772137872e+00
9.303458262716237659e-01
7.862175325204978638e-01
1.020128676918260480e+00
1.206644816990270597e+00
1.521684643584241048e+00
1.618534058410964205e+00
1.438571790952508200e+00
1.750280011654626433e+00
1.601916918333825546e+00
1.459349411995532586e+00
1.498733032897688222e+00
1.233822632434491640e+00
1.252675244020291290e+00
1.111732562998377194e+00
1.375731506686270533e+00
1.451356604392290084e+00
1.697796132387025425e+00
1.981256532842635254e+00
1.730587364269016604e+00
1.426156168244778533e+00
1.317613976944483234e+00
1.196816336920097479e+00
9.928315799980043099e-01
1.154335710253455272e+00
1.372300093709560853e+00
1.407231528631400774e+00
1.684682118758400460e+00
1.614633029771669559e+00
1.642397995687127743e+00
1.807608191051056412e+00
1.702821818609185467e+00
1.892305457027600113e+00
1.601343682752030206e+00
1.534016196455694869e+00
1.539548900642415230e+00
1.416300945258446520e+00
1.497408662834479820e+00
1.892449258659537836e+00
1.798948856569576593e+00
1.449105544437677917e+00
1.393168658277446514e+00
1.234083884519745711e+00
1.360377699348289005e+00
1.304874130956210632e+00
1.039262571142394620e+00
1.038883912120080133e+00
9.796615049560948307e-01
6.891211822359425421e-01
6.154145202204822640e-01
7.390465295696463377e-01
6.774796952744017720e-01
4.760251401901730572e-01
4.969252769401634739e-01
5.374419321982799591e-01
5.552714425309424051e-01
4.518244615372106199e-01
1.060361672550114154e+00
5.944955366946402808e-01
3.792899691066272672e-01
7.175830736558816980e-01
9.105465788220531431e-01
8.372669915373489591e-01
7.149371945050928545e-01
1.193155477940816001e+00
1.146302775329156365e+00
1.036241623921301036e+00
9.175878893728375285e-01
8.272197829269266611e-01
1.188321709848846552e+00
1.351192545046776106e+00
1.439297001227180406e+00
1.324086711098322322e+00
1.554196620418253572e+00
1.033984362806979362e+00
1.256841996011242468e+00
1.454360900590441652e+00
1.525007060471433862e+00
1.661695800333315320e+00
2.023116748155613376e+00
2.198613020192017764e+00
2.262414232583528140e+00
2.009785946736013518e+00
2.112552435576238175e+00
2.046976606150683331e+00
1.998937218378481706e+00
2.102670595585249824e+00
2.227046819705054581e+00
1.870051295116332835e+00
1.815947527579886200e+00
1.847955374338525969e+00
2.004294319693220139e+00
1.952464278466350178e+00
2.075128534622245891e+00
2.540257330867964569e+00
2.448131856615316959e+00
2.460746089591400398e+00
2.060004523609040739e+00
1.877966902147348849e+00
1.505871988496598757e+00
2.336051259233969724e+00
2.275471472572264009e+00
2.591648291157945927e+00
2.756122283081738900e+00
2.688268874225948402e+00
3.267425704952639620e+00
3.313767490231063650e+00
3.142975566360193262e+00
3.211188284030682016e+00
3.151286153966736503e+00
2.768328768225932102e+00
2.477100599660222002e+00
2.226466196731206271e+00
2.357421898264393523e+00
2.100288226691491733e+00
1.685121121065692673e+00
2.288888597298105232e+00
2.487886304546971239e+00
2.294951101012502104e+00
2.462561297402387606e+00
2.728234191970147826e+00
3.080948225390831130e+00
3.377477214487603963e+00
3.426388147163104581e+00
3.492409022736185253e+00
2.838231554631720499e+00
3.148177141349591146e+00
3.510837318809832741e+00
3.440599871484066430e+00
2.964876187841348987e+00
3.195140144246178870e+00
2.881243636341591419e+00
3.163103483778792580e+00
3.229802645509372461e+00
2.493200759500425967e+00
2.189324560748056037e+00
2.057324339232928345e+00
2.205064906263667801e+00
1.740986799182149936e+00
2.274779551020015944e+00
2.539916106694561471e+00
2.665293998817046095e+00
2.575677142530443220e+00
3.115970986829055267e+00
2.462262688216822148e+00
2.086872618159732351e+00
2.096095249275295558e+00
1.860238773957630043e+00
1.491250267986046207e+00
1.769406121958325695e+00
1.741681386220103489e+00
1.319243740097699291e+00
1.460868188213662267e+00
1.362796130122928773e+00
1.452371409853912443e+00
1.617136933170170821e+00
1.683881155622187320e+00
1.681064410780729546e+00
1.822837897792578321e+00
1.915946031400497462e+00
2.102352704877122225e+00
2.121531476806006289e+00
2.079457397089241155e+00
2.195957835891878762e+00
2.149001868855235031e+00
2.415020707654194076e+00
2.672591956699790217e+00
2.852681110901813977e+00
2.921368668614059860e+00
2.514524663386170200e+00
2.233249318303638820e+00
2.335519391982260995e+00
2.663505990008750768e+00
2.304309848918123294e+00
1.953976136182369983e+00
2.252871819050255464e+00
1.681769310081281832e+00
1.656997266682183279e+00
1.479165615166610381e+00
1.728220991143161189e+00
1.894699171472100430e+00
1.897892897549218416e+00
1.582527517640123671e+00
1.502827668402024086e+00
1.483133816212121925e+00
1.180141757397678015e+00
1.548362844240409597e+00
1.292986094225635707e+00
1.146601599210516298e+00
1.418360620635034985e+00
1.751229057980367099e+00
1.635771777932522486e+00
2.002019707505092061e+00
2.278915501269134225e+00
2.270964383333413661e+00
1.893902514109831348e+00
2.152216983747874401e+00
2.162686754402610045e+00
2.292012369476295941e+00
2.465200535105274593e+00
2.478051441655376497e+00
2.484980830669855756e+00
2.471937267313774278e+00
2.410183901234858261e+00
2.525623116514686295e+00
2.669037441342970496e+00
2.943796160082545299e+00
2.865727302889663708e+00
2.542772274062560456e+00
2.300402600127487762e+00
2.359127714200155879e+00
2.462740339521715338e+00
